EAST_POINT_(AUT)	2009	1	1	1	-5	-0.8	3.23344914618431	-999.9	5.8	17.974537037037	4.88884817070708	330
EAST_POINT_(AUT)	2009	1	2	2	-10.7	-4.3	4.01366582629831	-999.9	0	12.037037037037	3.45894778385078	330
EAST_POINT_(AUT)	2009	1	3	3	-11.2	-6.6	3.42312038513154	-999.9	0	4.62962962962964	2.98565616730041	330
EAST_POINT_(AUT)	2009	1	4	4	-10.8	-0.7	5.10475328724357	-999.9	1.2	9.44444444444444	3.72367526723885	330
EAST_POINT_(AUT)	2009	1	5	5	-5.8	0.3	3.99415546083454	-999.9	0	6.81712962962964	4.34454495551934	330
EAST_POINT_(AUT)	2009	1	6	6	-9.2	-4.3	3.6055823744723	-999.9	0	8.87731481481481	2.689238021853	330
EAST_POINT_(AUT)	2009	1	7	7	-11.7	-2.2	5.05852499850342	-999.9	5.9	4.52546296296297	2.91783461142749	330
EAST_POINT_(AUT)	2009	1	8	8	-3.6	5.9	5.09884557310678	-999.9	7.2	8.05555555555556	6.11073743249582	330
EAST_POINT_(AUT)	2009	1	9	9	-6.3	-2.5	3.25168726070961	-999.9	0	6.43518518518519	3.69911008320491	330
EAST_POINT_(AUT)	2009	1	10	10	-9.1	-2.6	4.28978080721416	-999.9	0.6	8.48379629629631	3.44155289740214	330
EAST_POINT_(AUT)	2009	1	11	11	-12.8	-3.6	5.14972202087911	-999.9	1.4	4.03935185185186	2.95722763478136	330
EAST_POINT_(AUT)	2009	1	12	12	-11.8	-3.3	4.99638776007447	-999.9	0	4.375	2.87542802214081	330
EAST_POINT_(AUT)	2009	1	13	13	-13.3	0.2	6.35786009308408	-999.9	0	5.32407407407408	3.20111968864228	330
EAST_POINT_(AUT)	2009	1	14	14	-14.9	1.2	7.01278007265183	-999.9	13.3	8.13657407407408	3.38464564738455	330
EAST_POINT_(AUT)	2009	1	15	15	-18.9	-14.8	3.57547140041977	-999.9	0	6.74768518518519	1.35986063636744	330
EAST_POINT_(AUT)	2009	1	16	16	-21.7	-15.3	4.5146223082617	-999.9	0.7	6.34259259259258	1.06195044343269	330
EAST_POINT_(AUT)	2009	1	17	17	-22.6	-18.9	3.4701106698869	-999.9	0	5.71759259259258	0.822498373982318	330
EAST_POINT_(AUT)	2009	1	18	18	-22.6	-3.1	8.05539334194614	-999.9	0.6	4.36342592592592	1.70076552914362	330
EAST_POINT_(AUT)	2009	1	19	19	-3.2	5.1	5.31552780603804	-999.9	3	9.54861111111111	6.31755348022043	330
EAST_POINT_(AUT)	2009	1	20	20	-7.1	-3	3.7795757607961	-999.9	0	4.95370370370369	3.63639732165179	330
EAST_POINT_(AUT)	2009	1	21	21	-10.6	-6	4.0511157964846	-999.9	0	4.14351851851853	2.6986797684186	330
EAST_POINT_(AUT)	2009	1	22	22	-11.9	-3.9	5.4073086221279	-999.9	0.6	5.41666666666667	2.77684172717831	330
EAST_POINT_(AUT)	2009	1	23	23	-14.5	-6.9	5.33548847238652	-999.9	0	8.69212962962964	2.12549825316213	330
EAST_POINT_(AUT)	2009	1	24	24	-14.8	1.6	7.93608605096707	-999.9	0.7	11.712962962963	3.32297783198738	330
EAST_POINT_(AUT)	2009	1	25	25	-18	-11.8	4.94172117728897	-999.9	0	9.30555555555556	1.37898010618698	330
EAST_POINT_(AUT)	2009	1	26	26	-21.1	-17.9	3.59609651630833	-999.9	0	7.28009259259258	0.960188298351242	330
EAST_POINT_(AUT)	2009	1	27	27	-20.9	-12.8	5.79620841720198	-999.9	0	6.31944444444445	1.21081608195411	330
EAST_POINT_(AUT)	2009	1	28	28	-18.3	-5	7.52556038619017	-999.9	3.9	5.16203703703703	1.88913692286959	330
EAST_POINT_(AUT)	2009	1	29	29	-5.8	3.7	6.44537326560343	-999.9	5.2	12.7314814814815	5.07177463505179	330
EAST_POINT_(AUT)	2009	1	30	30	-11	-3.1	5.95703484602403	-999.9	0	2.58101851851852	3.15100950592532	330
EAST_POINT_(AUT)	2009	1	31	31	-7.4	-1.5	5.21825687678431	-999.9	0	3.62268518518519	3.86195609229415	330
EAST_POINT_(AUT)	2009	2	1	32	-9.2	-2.8	5.50960358788659	-999.9	2.1	5.68287037037036	3.59694797097534	330
EAST_POINT_(AUT)	2009	2	2	33	-4	2.8	5.75783779889955	-999.9	0	5.30092592592592	5.28029159054252	330
EAST_POINT_(AUT)	2009	2	3	34	-4.5	1	5.25049585431022	-999.9	11.5	7.77777777777778	5.17829495481437	330
EAST_POINT_(AUT)	2009	2	4	35	-10.1	-3.5	5.83230406218086	-999.9	0	7.36111111111111	3.60154817457545	330
EAST_POINT_(AUT)	2009	2	5	36	-11.1	-7.2	4.54653797829983	-999.9	0	6.72453703703703	2.80009381469028	330
EAST_POINT_(AUT)	2009	2	6	37	-13.2	-8.7	4.9529304281703	-999.9	0	5.33564814814814	2.17391929344565	330
EAST_POINT_(AUT)	2009	2	7	38	-13.4	-1.5	8.16883513051729	-999.9	0	5.76388888888889	2.67474470432624	330
EAST_POINT_(AUT)	2009	2	8	39	-6.5	3.7	7.67073278698023	-999.9	2.8	8.58796296296297	5.44152924606739	330
EAST_POINT_(AUT)	2009	2	9	40	-12.2	-6.3	5.91736890972096	-999.9	0	13.5185185185185	2.70092234972091	330
EAST_POINT_(AUT)	2009	2	10	41	-12.7	-9	4.75315028869625	-999.9	0	7.88194444444445	2.18013979004654	330
EAST_POINT_(AUT)	2009	2	11	42	-8.7	-0.8	7.04499960558331	-999.9	0	4.46759259259258	3.69841359431737	330
EAST_POINT_(AUT)	2009	2	12	43	-1.1	1.3	3.93881081248199	-999.9	13.5	3.71527777777778	6.17710347900193	330
EAST_POINT_(AUT)	2009	2	13	44	-12.9	0.2	9.33446192698394	-999.9	1.4	12.8703703703704	3.44096604135173	330
EAST_POINT_(AUT)	2009	2	14	45	-13.6	-6.5	6.97069154321145	-999.9	0	4.22453703703703	2.40269613233328	330
EAST_POINT_(AUT)	2009	2	15	46	-11.9	0.1	9.19234302087233	-999.9	2.3	7.55787037037036	3.77120355807285	330
EAST_POINT_(AUT)	2009	2	16	47	-6.6	-1.6	6.01869615636241	-999.9	0	3.42592592592592	4.08957617946132	330
EAST_POINT_(AUT)	2009	2	17	48	-11.1	-4.4	7.06686348872524	-999.9	0	3.47222222222222	3.13456528052405	330
EAST_POINT_(AUT)	2009	2	18	49	-11.4	-5.4	6.78303617336719	-999.9	0	7.66203703703703	2.88706527965858	330
EAST_POINT_(AUT)	2009	2	19	50	-12	1.2	10.2042094268561	-999.9	2.5	4.44444444444444	3.88671908539352	330
EAST_POINT_(AUT)	2009	2	20	51	-2.9	2.8	6.80073506711136	-999.9	0	6.20370370370369	5.39492493930502	330
EAST_POINT_(AUT)	2009	2	21	52	-5.8	-0.3	6.77494076936752	-999.9	0	7.91666666666667	3.79666684919087	330
EAST_POINT_(AUT)	2009	2	22	53	-7.4	-1.6	7.05539341740935	-999.9	0	4.47916666666667	3.37440017366565	330
EAST_POINT_(AUT)	2009	2	23	54	-4.3	2.1	7.51545721128904	-999.9	2.6	9.72222222222222	5.31014096271127	330
EAST_POINT_(AUT)	2009	2	24	55	-6.6	-3.5	5.30368092375003	-999.9	0.6	10.9722222222222	4.06905153092347	330
EAST_POINT_(AUT)	2009	2	25	56	-10.4	-3.6	7.96439871721745	-999.9	0	6.13425925925925	3.22840371596676	330
EAST_POINT_(AUT)	2009	2	26	57	-7.5	-0.3	8.30874971794176	-999.9	0	4.08564814814814	4.0402416115791	330
EAST_POINT_(AUT)	2009	2	27	58	-1.1	3.5	6.73265314269627	-999.9	0	5.625	6.02706690626356	330
EAST_POINT_(AUT)	2009	2	28	59	-7.9	3.9	10.9307868006939	-999.9	4.4	8.125	5.05825897039273	330
EAST_POINT_(AUT)	2009	3	1	60	-9.5	-2.3	8.65452506246209	-999.9	1.9	6.94444444444445	3.52561381587317	330
EAST_POINT_(AUT)	2009	3	2	61	-2.3	7.1	10.0223444696165	-999.9	39.3	3.33333333333333	7.27873847708952	330
EAST_POINT_(AUT)	2009	3	3	62	-6.6	6.5	11.9902910830763	-999.9	3.1	5.55555555555556	5.98392380326679	330
EAST_POINT_(AUT)	2009	3	4	63	-13.1	-6.6	8.5585112247806	-999.9	0	5.625	2.46512843752259	330
EAST_POINT_(AUT)	2009	3	5	64	-13.2	-6.1	9.06307482809927	-999.9	0	7.06018518518519	2.5313268790741	330
EAST_POINT_(AUT)	2009	3	6	65	-12.5	1.3	12.8010861218473	-999.9	4.3	4.29398148148147	3.55992246682859	330
EAST_POINT_(AUT)	2009	3	7	66	-1.2	4.4	8.26070184596624	-999.9	3.7	6.95601851851853	6.38638622220512	330
EAST_POINT_(AUT)	2009	3	8	67	-2.2	0.8	6.12424834710432	-999.9	3.2	2.87037037037036	5.48002721202481	330
EAST_POINT_(AUT)	2009	3	9	68	-11.2	-1.1	11.3808455227992	-999.9	0	4.90740740740742	3.60520998532578	330
EAST_POINT_(AUT)	2009	3	10	69	-10.8	-3.5	9.79824563830979	-999.9	0.6	3.41435185185186	3.31626412029079	330
EAST_POINT_(AUT)	2009	3	11	70	-6.3	2	10.5791155669478	-999.9	2.2	6.51620370370369	4.70545239551748	330
EAST_POINT_(AUT)	2009	3	12	71	-11.1	3.7	14.3025680445541	-999.9	4.4	11.8402777777778	3.49591313719561	330
EAST_POINT_(AUT)	2009	3	13	72	-12.7	-8.4	7.8043867726373	-999.9	0	10.0925925925926	1.76632145348519	330
EAST_POINT_(AUT)	2009	3	14	73	-8.5	2.2	12.4613630734713	-999.9	0.6	6.59722222222222	3.53811280260746	330
EAST_POINT_(AUT)	2009	3	15	74	-8.7	0	11.3723267898979	-999.9	0.7	5.04629629629631	3.35006774385107	330
EAST_POINT_(AUT)	2009	3	16	75	-8.8	-5.4	7.19434772469034	-999.9	0.06	6.34057971014492	2.80921312729727	330
EAST_POINT_(AUT)	2009	3	17	76	-8.7	-2.7	9.67019877245799	-999.9	0	3.66898148148147	3.33209136598149	330
EAST_POINT_(AUT)	2009	3	18	77	-3.2	3.5	10.3383186617103	-999.9	1.2	6.875	5.04927758020008	330
EAST_POINT_(AUT)	2009	3	19	78	-3.2	3.1	10.1409789029031	-999.9	1.2	6.85185185185186	5.67419164204551	330
EAST_POINT_(AUT)	2009	3	20	79	-5.6	-3	6.58926838229041	-999.9	0.7	5.18518518518519	3.36608936925956	330
EAST_POINT_(AUT)	2009	3	21	80	-8.4	-1.8	10.6171206526601	-999.9	0	5.56712962962964	3.51378276841691	330
EAST_POINT_(AUT)	2009	3	22	81	-10.2	0.8	13.8598424225605	-999.9	0	3.57638888888889	3.56216984946707	330
EAST_POINT_(AUT)	2009	3	23	82	-3	-0.7	6.40760212086646	-999.9	2.5	5.42824074074075	5.13579081477983	330
EAST_POINT_(AUT)	2009	3	24	83	-3.6	-1.4	6.33511889425021	-999.9	0	12.0023148148148	4.75531181770031	330
EAST_POINT_(AUT)	2009	3	25	84	-4.2	-1.7	6.82601227253429	-999.9	0	11.3310185185185	4.4198380298856	330
EAST_POINT_(AUT)	2009	3	26	85	-4.6	0	9.35774358000864	-999.9	0	6.35416666666667	4.9148826088873	330
EAST_POINT_(AUT)	2009	3	27	86	-3.7	-1.1	7.10911180559471	-999.9	0	2.43055555555556	5.11235942437061	330
EAST_POINT_(AUT)	2009	3	28	87	-2.1	6.5	13.0633753316341	-999.9	0	3.56481481481481	6.49858842077285	330
EAST_POINT_(AUT)	2009	3	29	88	-1.6	3.3	9.96145104261377	-999.9	0	3.49537037037036	6.06202095513023	330
EAST_POINT_(AUT)	2009	3	30	89	-1.5	1	7.18709979693106	-999.9	12.8	7.97453703703703	5.71982907800693	330
EAST_POINT_(AUT)	2009	3	31	90	-4.8	0.4	10.4685141122138	-999.9	0	9.94212962962964	4.96880102634894	330
EAST_POINT_(AUT)	2009	4	1	91	-5.5	1.6	12.352439643835	-999.9	0	2.73148148148148	4.78436197810945	330
EAST_POINT_(AUT)	2009	4	2	92	-1.1	5.1	11.654671287393	-999.9	0	5.57870370370369	6.52755427731262	330
EAST_POINT_(AUT)	2009	4	3	93	1.1	7.8	12.2310172861276	-999.9	1.2	5.13888888888889	8.29768951363594	330
EAST_POINT_(AUT)	2009	4	4	94	1.6	8.9	12.886885109732	-999.9	12.6	7.82407407407408	8.8971028325873	330
EAST_POINT_(AUT)	2009	4	5	95	0.8	3.6	8.05503152448159	-999.9	1.6	4.59490740740742	7.07084770540522	330
EAST_POINT_(AUT)	2009	4	6	96	-0.7	2.4	8.5528558854595	-999.9	0	4.45601851851853	6.53420898990624	330
EAST_POINT_(AUT)	2009	4	7	97	-0.5	6	12.4959558991166	-999.9	7.6	7.76620370370369	7.4574590235406	330
EAST_POINT_(AUT)	2009	4	8	98	0.6	6.7	12.2123910798993	-999.9	1.4	5.20833333333333	7.33777711363732	330
EAST_POINT_(AUT)	2009	4	9	99	0.3	6.6	12.5189989900743	-999.9	0	5.08101851851853	6.72901360446703	330
EAST_POINT_(AUT)	2009	4	10	100	-1	5.4	12.7260469969334	-999.9	0	3.39120370370369	6.23193357086562	330
EAST_POINT_(AUT)	2009	4	11	101	-1.5	5.3	13.2282677176928	-999.9	8.8	2.7662037037037	6.2992385053467	330
EAST_POINT_(AUT)	2009	4	12	102	-0.3	5.3	12.1039863373188	-999.9	13.2	5.35879629629631	7.34604528629499	330
EAST_POINT_(AUT)	2009	4	13	103	-0.5	3.9	10.8165234237492	-999.9	0.6	7.22222222222222	6.57975175855093	330
EAST_POINT_(AUT)	2009	4	14	104	-0.8	1.8	8.38139269031566	-999.9	0	8.44907407407408	5.87614818070203	330
EAST_POINT_(AUT)	2009	4	15	105	-1.8	2	10.2124714530815	-999.9	0	6.58564814814814	5.06172157474512	330
EAST_POINT_(AUT)	2009	4	16	106	-4.5	-0.5	10.5589361250024	-999.9	0	7.30324074074075	4.03584207983876	330
EAST_POINT_(AUT)	2009	4	17	107	-3.9	2.2	13.1385656672775	-999.9	0	4.38657407407408	4.29882299403526	330
EAST_POINT_(AUT)	2009	4	18	108	-4.4	0.4	11.7419031741361	-999.9	0	4.71064814814814	4.53034460623383	330
EAST_POINT_(AUT)	2009	4	19	109	-5	0.9	13.1135687988203	-999.9	0	4.43287037037036	4.41367900482802	330
EAST_POINT_(AUT)	2009	4	20	110	-2.9	3.1	13.3195617960242	-999.9	0	4.28240740740742	5.03596217741817	330
EAST_POINT_(AUT)	2009	4	21	111	-1.8	9.5	18.4083805326775	-999.9	2.1	4.6875	6.53273185867371	330
EAST_POINT_(AUT)	2009	4	22	112	4.4	8.2	10.7491241056002	-999.9	2.3	9.61805555555556	9.56728019567583	330
EAST_POINT_(AUT)	2009	4	23	113	3.7	8.8	12.5375995409471	-999.9	4.5	9.29398148148147	8.84424148360179	330
EAST_POINT_(AUT)	2009	4	24	114	1.4	9.1	15.5083664248432	-999.9	0.7	6.28472222222222	7.66708861610058	330
EAST_POINT_(AUT)	2009	4	25	115	1.6	16.1	21.4209973781191	-999.9	0	5.67129629629631	8.06250661332226	330
EAST_POINT_(AUT)	2009	4	26	116	1.2	10.8	17.5416388905113	-999.9	0	7.95138888888889	8.12678859259093	330
EAST_POINT_(AUT)	2009	4	27	117	0.2	9.3	17.1861356894396	-999.9	0	4.54861111111111	6.18421209163252	330
EAST_POINT_(AUT)	2009	4	28	118	3.7	22.8	25.0519539148184	-999.9	6.6	6.84027777777778	11.8078390507465	330
EAST_POINT_(AUT)	2009	4	29	119	-0.1	4.3	12.0965992739114	-999.9	0	8.15972222222222	5.69379795670466	330
EAST_POINT_(AUT)	2009	4	30	120	1.2	5.5	12.0289616424712	-999.9	0	5.18518518518519	5.70943171625491	330
EAST_POINT_(AUT)	2009	5	1	121	3.2	7.8	12.5133897995734	-999.9	1.4	7.85879629629631	8.04653111091795	330
EAST_POINT_(AUT)	2009	5	2	122	3.2	12.6	17.9890233693348	-999.9	2.1	4.83796296296297	10.4134027630518	330
EAST_POINT_(AUT)	2009	5	3	123	2.4	12.3	18.5632743113623	-999.9	0.7	4.13194444444444	8.90942520641449	330
EAST_POINT_(AUT)	2009	5	4	124	3.9	15.6	20.2894013418157	-999.9	1.5	4.64120370370369	9.9245861165655	330
EAST_POINT_(AUT)	2009	5	5	125	2.4	6.4	11.9259194555506	-999.9	1.6	3.29861111111111	6.84664492462956	330
EAST_POINT_(AUT)	2009	5	6	126	3.2	10.2	15.8578020354967	-999.9	9	5.30092592592592	9.60872270000057	330
EAST_POINT_(AUT)	2009	5	7	127	3.2	6	10.0797988880301	-999.9	3.9	5.35024154589372	8.48961582542374	330
EAST_POINT_(AUT)	2009	5	8	128	4.3	14.8	19.6152308838815	-999.9	4.1	6.25	11.9426939663839	330
EAST_POINT_(AUT)	2009	5	9	129	4.6	14.1	18.7470873051995	-999.9	1.7	3.29861111111111	11.4278749965899	330
EAST_POINT_(AUT)	2009	5	10	130	1.8	13	20.450399193375	-999.9	18.5	8.19444444444445	10.2579020389134	330
EAST_POINT_(AUT)	2009	5	11	131	1.9	5.1	10.9808599439868	-999.9	0	5.11574074074075	7.0838639312651	330
EAST_POINT_(AUT)	2009	5	12	132	0.8	7.6	16.0780159830032	-999.9	0	2.25694444444444	7.61763807217187	330
EAST_POINT_(AUT)	2009	5	13	133	0.6	15.1	23.5790841069754	-999.9	0	3.28703703703703	8.3449871457333	330
EAST_POINT_(AUT)	2009	5	14	134	5.3	17.1	21.3598105820211	-999.9	0	6.33101851851853	9.1710677850078	330
EAST_POINT_(AUT)	2009	5	15	135	6.1	14.6	18.2023761420058	-999.9	0	8.36805555555556	11.2757059816555	330
EAST_POINT_(AUT)	2009	5	16	136	6.2	9.2	10.8565158560112	-999.9	0	4.20138888888889	8.3551125145037	330
EAST_POINT_(AUT)	2009	5	17	137	7.9	13.5	14.8896433648209	-999.9	3.5	8.00925925925925	12.2948679365085	330
EAST_POINT_(AUT)	2009	5	18	138	3.6	10.3	16.3469809474748	-999.9	20.5	5.89120370370369	9.85490086129972	330
EAST_POINT_(AUT)	2009	5	19	139	3.6	6.8	11.3379532943416	-999.9	5.9	5.06944444444445	8.60591512133949	330
EAST_POINT_(AUT)	2009	5	20	140	3.6	9.6	15.5791827534871	-999.9	0	5.03472222222222	8.48252307366226	330
EAST_POINT_(AUT)	2009	5	21	141	6.1	27.7	29.6589210492326	-999.9	0	5.98379629629631	13.0326724063977	330
EAST_POINT_(AUT)	2009	5	22	142	4.1	21.3	26.5523136489913	-999.9	0	4.66435185185186	11.0216846725254	330
EAST_POINT_(AUT)	2009	5	23	143	4.5	9	13.6239961820534	-999.9	0	4.46759259259258	7.29760231484049	330
EAST_POINT_(AUT)	2009	5	24	144	6.6	14.9	18.5587205255638	-999.9	0	6.12268518518519	11.3040390689508	330
EAST_POINT_(AUT)	2009	5	25	145	5.6	13.4	18.0433765003992	-999.9	1.3	6.27314814814814	9.95511627764292	330
EAST_POINT_(AUT)	2009	5	26	146	2	8.9	17.0179618181085	-999.9	0	9.53703703703703	6.82197682254903	330
EAST_POINT_(AUT)	2009	5	27	147	1.4	10	19.0500378752961	-999.9	0	3.88888888888889	7.08976497954234	330
EAST_POINT_(AUT)	2009	5	28	148	5.2	11.7	16.6042093569628	-999.9	0.6	1.97916666666667	10.3127584739092	330
EAST_POINT_(AUT)	2009	5	29	149	6.5	12.5	15.9920260722112	-999.9	0.6	6.09953703703703	10.5760691392723	330
EAST_POINT_(AUT)	2009	5	30	150	8.9	15.9	17.3138961263004	-999.9	5.5	5.55555555555556	14.1439866642	330
EAST_POINT_(AUT)	2009	5	31	151	10.4	16.1	15.6585974619591	-999.9	0	4.23611111111111	13.0857437099181	330
EAST_POINT_(AUT)	2009	6	1	152	9.6	14.3	14.2490482842075	-999.9	12	8.33333333333333	11.5175480265876	330
EAST_POINT_(AUT)	2009	6	2	153	9.9	15.4	15.4451364777142	-999.9	0.6	4.47916666666667	11.4025901628802	330
EAST_POINT_(AUT)	2009	6	3	154	7.8	14.6	17.2064167385737	-999.9	0	3.81944444444444	9.57174550377028	330
EAST_POINT_(AUT)	2009	6	4	155	7.8	18.9	22.0229381431922	-999.9	0	3.00925925925925	11.6085590058593	330
EAST_POINT_(AUT)	2009	6	5	156	6	18.3	23.2218296663967	-999.9	0	4.76851851851853	10.9865979234893	330
EAST_POINT_(AUT)	2009	6	6	157	9.9	17	17.6707745896002	-999.9	0	4.10879629629631	12.9338258068193	330
EAST_POINT_(AUT)	2009	6	7	158	8.2	15	17.3187252254855	-999.9	1.3	3.47222222222222	12.120208902364	330
EAST_POINT_(AUT)	2009	6	8	159	9	14.1	15.0187648185896	-999.9	0	5.81018518518519	10.8116149190348	330
EAST_POINT_(AUT)	2009	6	9	160	6.7	10.4	12.8082663096679	-999.9	0	6.74768518518519	9.56944906880829	330
EAST_POINT_(AUT)	2009	6	10	161	6.6	13.5	17.5108474620226	-999.9	0	4.76851851851853	10.5191547054966	330
EAST_POINT_(AUT)	2009	6	11	162	9.3	13	12.8359927322763	-999.9	4.4	7.39583333333333	12.4488341232175	330
EAST_POINT_(AUT)	2009	6	12	163	10	15.2	15.2310263688029	-999.9	43	6.74768518518519	14.648340917269	330
EAST_POINT_(AUT)	2009	6	13	164	8.5	12	12.5058552567456	-999.9	0	5.35879629629631	12.3904162422141	330
EAST_POINT_(AUT)	2009	6	14	165	8.1	11.3	11.9662832834227	-999.9	0	1.90972222222222	11.9627616266099	330
EAST_POINT_(AUT)	2009	6	15	166	9.4	15.4	16.3952453890762	-999.9	0	2.80092592592592	12.9030747166595	330
EAST_POINT_(AUT)	2009	6	16	167	9.5	18.6	20.2010589070609	-999.9	0	4.60648148148147	12.6269981390558	330
EAST_POINT_(AUT)	2009	6	17	168	9.9	19	20.2087037784611	-999.9	0	6.30787037037036	12.0879179280041	330
EAST_POINT_(AUT)	2009	6	18	169	11.6	24.5	24.0674543799393	-999.9	0	6.13425925925925	14.1974988817973	330
EAST_POINT_(AUT)	2009	6	19	170	12.6	21.7	20.2174691104653	-999.9	0	4.53703703703703	14.8425468032192	330
EAST_POINT_(AUT)	2009	6	20	171	13.2	19.9	17.3487248975427	-999.9	0	5.16203703703703	17.0858380091449	330
EAST_POINT_(AUT)	2009	6	21	172	13.8	16.6	11.214671093388	-999.9	0	6.22685185185186	16.2661563167364	330
EAST_POINT_(AUT)	2009	6	22	173	11.4	14.7	12.1729315064595	-999.9	2.5	5.99537037037036	14.6565777523303	330
EAST_POINT_(AUT)	2009	6	23	174	11.5	17.1	15.8531742896175	-999.9	0.7	1.70138888888889	16.0577872613489	330
EAST_POINT_(AUT)	2009	6	24	175	12.7	21.1	19.4088235992137	-999.9	0	2.11805555555556	18.9529531348911	330
EAST_POINT_(AUT)	2009	6	25	176	15.5	23.5	18.9319457651775	-999.9	0	3.32175925925925	22.0109329427098	330
EAST_POINT_(AUT)	2009	6	26	177	15.4	24	19.6174931137992	-999.9	0	3.73842592592592	21.7483868731455	330
EAST_POINT_(AUT)	2009	6	27	178	15.4	22.1	17.3033040334108	-999.9	0	3.62268518518519	21.2890325315031	330
EAST_POINT_(AUT)	2009	6	28	179	13.2	20.8	18.414040933451	-999.9	0	3.92361111111111	18.5547274052139	330
EAST_POINT_(AUT)	2009	6	29	180	11.9	15.8	13.1788823478208	-999.9	28.9	6.73611111111111	15.500498124461	330
EAST_POINT_(AUT)	2009	6	30	181	11.5	15.5	13.3331731150932	-999.9	2.4	4.66435185185186	15.2901384162699	330
EAST_POINT_(AUT)	2009	7	1	182	10.9	16.8	16.174840997554	-999.9	0	4.21296296296297	14.9756205625954	330
EAST_POINT_(AUT)	2009	7	2	183	12.6	18.4	16.0173887625782	-999.9	0	3.28703703703703	16.6488138271168	330
EAST_POINT_(AUT)	2009	7	3	184	13.8	19.6	15.9958969005894	-999.9	24.4	4.49074074074075	18.5150054619211	330
EAST_POINT_(AUT)	2009	7	4	185	13.9	20.5	17.0387047093505	-999.9	0	4.52546296296297	19.3905395736747	330
EAST_POINT_(AUT)	2009	7	5	186	12.9	19.7	17.2680044996147	-999.9	5.2	3.21759259259258	17.9721596798444	330
EAST_POINT_(AUT)	2009	7	6	187	10.3	14	12.7164143325161	-999.9	1.3	8.19444444444445	13.2873627483758	330
EAST_POINT_(AUT)	2009	7	7	188	6.6	13.7	17.5841773030938	-999.9	0	6.74768518518519	10.3034130418623	330
EAST_POINT_(AUT)	2009	7	8	189	5.5	15.5	20.8293081363274	-999.9	0	2.63888888888889	10.2941734474555	330
EAST_POINT_(AUT)	2009	7	9	190	7.8	19.4	22.3892024481899	-999.9	0	1.99074074074074	13.0639373014493	330
EAST_POINT_(AUT)	2009	7	10	191	12.2	23.2	21.7567235966266	-999.9	0	5.26620370370369	16.1491072783091	330
EAST_POINT_(AUT)	2009	7	11	192	13.5	23.8	21.0066084265284	-999.9	0	4.71064814814814	16.6183206395989	330
EAST_POINT_(AUT)	2009	7	12	193	14.3	19.9	15.4534011138085	-999.9	1.8	6.28472222222222	18.1750515437301	330
EAST_POINT_(AUT)	2009	7	13	194	14.4	20.2	15.6887830858836	-999.9	8.4	5.30092592592592	19.1335674562481	330
EAST_POINT_(AUT)	2009	7	14	195	11.8	21.9	20.6506393725451	-999.9	0	4.31712962962964	16.1015526207596	330
EAST_POINT_(AUT)	2009	7	15	196	11	20.4	19.8694818095942	-999.9	0	2.91666666666667	15.259285625531	330
EAST_POINT_(AUT)	2009	7	16	197	13.7	20.8	17.2208154802152	-999.9	0.6	3.35648148148147	16.6055572482982	330
EAST_POINT_(AUT)	2009	7	17	198	16.1	20.9	14.1188421865591	-999.9	3.8	4.52546296296297	19.9486790256558	330
EAST_POINT_(AUT)	2009	7	18	199	17.6	20.6	11.1287116288547	-999.9	0	5.99537037037036	21.5435201928219	330
EAST_POINT_(AUT)	2009	7	19	200	17	23.8	16.7030678954849	-999.9	0.7	4.20138888888889	22.210148245504	330
EAST_POINT_(AUT)	2009	7	20	201	15.9	24.1	18.2834366945438	-999.9	0	3.25231481481481	19.1828938346662	330
EAST_POINT_(AUT)	2009	7	21	202	17.4	23.1	15.1931871169232	-999.9	0.6	2.96296296296297	20.279626254618	330
EAST_POINT_(AUT)	2009	7	22	203	15.7	19.3	12.0330172833516	-999.9	24.9	4.18981481481481	19.9039933888445	330
EAST_POINT_(AUT)	2009	7	23	204	13.4	19.4	15.4796758216594	-999.9	0	5.84490740740742	17.6032427020397	330
EAST_POINT_(AUT)	2009	7	24	205	14.3	19.3	14.0794318040409	-999.9	7.7	4.34027777777778	17.4163795658567	330
EAST_POINT_(AUT)	2009	7	25	206	14.2	20.1	15.2366955482159	-999.9	3.7	7.60416666666667	18.3561585464592	330
EAST_POINT_(AUT)	2009	7	26	207	14.7	19.9	14.2489117803272	-999.9	0	2.96296296296297	18.8196315480713	330
EAST_POINT_(AUT)	2009	7	27	208	16.9	25.1	17.821841994872	-999.9	0.8	4.86111111111111	23.6705835266737	330
EAST_POINT_(AUT)	2009	7	28	209	17.4	25.9	18.0705330088926	-999.9	0	3.80787037037036	22.7315057948204	330
EAST_POINT_(AUT)	2009	7	29	210	16.9	26.5	19.1233050443236	-999.9	0	3.91203703703703	21.8300652879068	330
EAST_POINT_(AUT)	2009	7	30	211	17.5	23.7	15.3016692442386	-999.9	5.6	5.68287037037036	23.5111823923496	330
EAST_POINT_(AUT)	2009	7	31	212	18.1	25.4	16.5298763860178	-999.9	2.4	3.92361111111111	24.8814375861869	330
EAST_POINT_(AUT)	2009	8	1	213	17.2	22.7	14.2824954754013	-999.9	17.2	3.41435185185186	22.4110197731873	330
EAST_POINT_(AUT)	2009	8	2	214	16.1	24.8	17.8791181315241	-999.9	0	3.32175925925925	21.2781777833914	330
EAST_POINT_(AUT)	2009	8	3	215	17.5	25	16.5207489856802	-999.9	0.7	4.12037037037036	24.6509942945675	330
EAST_POINT_(AUT)	2009	8	4	216	17.9	24.5	15.4217048711522	-999.9	0.6	3.76157407407408	22.9308148114993	330
EAST_POINT_(AUT)	2009	8	5	217	18.4	25.2	15.5748777407359	-999.9	0	5.63657407407408	23.3734716718726	330
EAST_POINT_(AUT)	2009	8	6	218	17.2	24.3	15.8327861915881	-999.9	0	3.26388888888889	22.0862645876425	330
EAST_POINT_(AUT)	2009	8	7	219	14.5	22.2	16.4013459579316	-999.9	12.1	2.55787037037037	18.8589608454023	330
EAST_POINT_(AUT)	2009	8	8	220	14.2	20.1	14.2795267320245	-999.9	1.1	8.36805555555556	16.0164871753765	330
EAST_POINT_(AUT)	2009	8	9	221	15.3	22.9	16.1174289931657	-999.9	0	4.43287037037036	18.0192259921069	330
EAST_POINT_(AUT)	2009	8	10	222	15	18.2	10.399497419415	-999.9	3.3	5.64814814814814	16.9435877389485	330
EAST_POINT_(AUT)	2009	8	11	223	16.7	21	11.9857982759985	-999.9	0	4.87268518518519	19.4857623304955	330
EAST_POINT_(AUT)	2009	8	12	224	13.6	21.3	15.9448413585411	-999.9	0	4.53703703703703	16.2394498393221	330
EAST_POINT_(AUT)	2009	8	13	225	14.4	22.3	16.0537674290644	-999.9	0	4.08564814814814	19.1777038456063	330
EAST_POINT_(AUT)	2009	8	14	226	17.5	24.9	15.4423747746873	-999.9	0	4.62962962962964	22.0249580940951	330
EAST_POINT_(AUT)	2009	8	15	227	18.4	30.3	19.4604325890499	-999.9	0	3.87731481481481	24.6292156397824	330
EAST_POINT_(AUT)	2009	8	16	228	18	23.5	13.1457950929535	-999.9	0	4.21296296296297	21.6032239009886	330
EAST_POINT_(AUT)	2009	8	17	229	18.8	24.2	12.9411947451153	-999.9	0.6	2.56944444444444	24.128781684018	330
EAST_POINT_(AUT)	2009	8	18	230	20.6	27.9	14.9470721142141	-999.9	0	4.0625	26.7574767951713	330
EAST_POINT_(AUT)	2009	8	19	231	21	29.5	16.0201417240099	-999.9	0	5.24305555555556	27.8095933038365	330
EAST_POINT_(AUT)	2009	8	20	232	17	23.8	14.2304384902081	-999.9	0	4.50231481481481	21.1472698193083	330
EAST_POINT_(AUT)	2009	8	21	233	18.6	24.8	13.4930805802967	-999.9	0	4.65277777777778	22.4599875698465	330
EAST_POINT_(AUT)	2009	8	22	234	21.4	29.5	15.3127608067996	-999.9	0	5.91435185185186	29.3573080649171	330
EAST_POINT_(AUT)	2009	8	23	235	18.4	22.7	11.0760520628257	-999.9	54.7	9.28240740740742	23.9477026181143	330
EAST_POINT_(AUT)	2009	8	24	236	13.6	19.9	13.3077501719209	-999.9	0.7	3.58796296296297	16.2798327375701	330
EAST_POINT_(AUT)	2009	8	25	237	13.6	22.1	15.3416139989402	-999.9	0	2.56944444444444	16.5769289932236	330
EAST_POINT_(AUT)	2009	8	26	238	16.2	21.9	12.4672209709572	-999.9	0	8.19444444444445	19.9895007027428	330
EAST_POINT_(AUT)	2009	8	27	239	13.7	18.3	11.1128385954925	-999.9	3.3	10.6134259259259	12.0940218195057	330
EAST_POINT_(AUT)	2009	8	28	240	9	16.9	14.4482927703732	-999.9	0	8.69212962962964	10.0060347638217	330
EAST_POINT_(AUT)	2009	8	29	241	8.6	17.9	15.5504950279897	-999.9	40.9	4.25925925925925	11.9867457030305	330
EAST_POINT_(AUT)	2009	8	30	242	14.2	20.3	12.4913712099178	-999.9	22.4	8.92361111111111	18.918769203285	330
EAST_POINT_(AUT)	2009	8	31	243	14.1	20.8	12.9827769287325	-999.9	1.3	4.53703703703703	18.2139527564164	330
EAST_POINT_(AUT)	2009	9	1	244	9.4	16.7	13.4375169651209	-999.9	1.5	6.73611111111111	11.6861611768795	330
EAST_POINT_(AUT)	2009	9	2	245	11.8	22.1	15.8250791216785	-999.9	0	4.80324074074075	15.0285996545507	330
EAST_POINT_(AUT)	2009	9	3	246	15.1	24.8	15.2238675809099	-999.9	0	6.41203703703703	18.2242382529236	330
EAST_POINT_(AUT)	2009	9	4	247	15.4	22.9	13.2685569308645	-999.9	0	4.375	19.3326259164299	330
EAST_POINT_(AUT)	2009	9	5	248	13.8	18	9.84042001974665	-999.9	0	4.74537037037036	14.5488595572362	330
EAST_POINT_(AUT)	2009	9	6	249	6.9	16.4	14.665222794255	-999.9	0	6.59722222222222	9.95145364084658	330
EAST_POINT_(AUT)	2009	9	7	250	8.8	20	15.7766811326685	-999.9	0	6.15740740740742	11.4403898735766	330
EAST_POINT_(AUT)	2009	9	8	251	12.5	18.8	11.7219150179616	-999.9	0	5.08101851851853	15.3212342037103	330
EAST_POINT_(AUT)	2009	9	9	252	11.4	15.1	8.89800607971293	-999.9	0	8.47222222222222	10.5682715313499	330
EAST_POINT_(AUT)	2009	9	10	253	9.3	16.7	12.4627289085088	-999.9	0	5.23148148148147	10.3443728209578	330
EAST_POINT_(AUT)	2009	9	11	254	10.6	20.7	14.4180121101808	-999.9	0	5.28935185185186	12.6327484420656	330
EAST_POINT_(AUT)	2009	9	12	255	9.5	20.7	15.0329133030046	-999.9	0	3.14814814814814	14.524877748893	330
EAST_POINT_(AUT)	2009	9	13	256	14.3	19.1	9.74285712650473	-999.9	7	3.99305555555556	18.1412059530249	330
EAST_POINT_(AUT)	2009	9	14	257	8.2	16.3	12.5280090004329	-999.9	3.5	5.71759259259258	13.4588542571345	330
EAST_POINT_(AUT)	2009	9	15	258	10.1	17.1	11.5266953108395	-999.9	0	5.63657407407408	13.8132404384401	330
EAST_POINT_(AUT)	2009	9	16	259	3.5	12.7	13.0770129338256	-999.9	0.7	5.92592592592592	8.72145133776505	330
EAST_POINT_(AUT)	2009	9	17	260	3.9	14.9	14.148573188922	-999.9	0	2.97453703703703	9.45908306064888	330
EAST_POINT_(AUT)	2009	9	18	261	7.3	19.2	14.5590995276076	-999.9	3.2	4.46759259259258	12.4723494735157	330
EAST_POINT_(AUT)	2009	9	19	262	7.9	12.8	9.24159979405712	-999.9	6.6	10.3587962962963	11.2018361249671	330
EAST_POINT_(AUT)	2009	9	20	263	10.4	17.2	10.7680070127025	-999.9	0	5.61342592592592	12.1062248408284	330
EAST_POINT_(AUT)	2009	9	21	264	10	17.9	11.478105311362	-999.9	0	3.29861111111111	13.3143959494827	330
EAST_POINT_(AUT)	2009	9	22	265	12.1	20.3	11.5633533909394	-999.9	0	5.17361111111111	15.8086683009352	330
EAST_POINT_(AUT)	2009	9	23	266	14.4	20.5	9.86068002414677	-999.9	0	7.14120370370369	18.3394508231808	330
EAST_POINT_(AUT)	2009	9	24	267	11.8	18.4	10.1396820233988	-999.9	11.1	5.60185185185186	16.2336868958216	330
EAST_POINT_(AUT)	2009	9	25	268	9.3	13.7	8.18342282678525	-999.9	0.7	9.12037037037036	11.1433680364896	330
EAST_POINT_(AUT)	2009	9	26	269	5.6	12	9.75441791397564	-999.9	0	6.08796296296297	8.50573971148428	330
EAST_POINT_(AUT)	2009	9	27	270	7.7	14.6	10.0088846486163	-999.9	0	5.59027777777778	11.436009889679	330
EAST_POINT_(AUT)	2009	9	28	271	14.2	17.7	7.04356685692711	-999.9	9.4	6.40046296296297	17.7911427898263	330
EAST_POINT_(AUT)	2009	9	29	272	12.1	18.3	9.26190606513716	-999.9	0	6.84027777777778	16.5479777722462	330
EAST_POINT_(AUT)	2009	9	30	273	12.5	19.2	9.5112376253572	-999.9	3.6	4.60648148148147	16.0679872304852	330
EAST_POINT_(AUT)	2009	10	1	274	9.1	17.7	10.6437331238484	-999.9	0	5.01157407407408	13.6794487564891	330
EAST_POINT_(AUT)	2009	10	2	275	8	14.6	9.20900553915833	-999.9	0	2.74305555555556	11.4168681782482	330
EAST_POINT_(AUT)	2009	10	3	276	10.6	14.2	6.7164511955126	-999.9	0	4.28240740740742	12.0476888110733	330
EAST_POINT_(AUT)	2009	10	4	277	11.8	14.4	5.63606458395387	-999.9	10.5	5.74074074074075	13.3006551117318	330
EAST_POINT_(AUT)	2009	10	5	278	10.4	15.5	7.7934353204327	-999.9	5.8	4.88425925925925	13.9470465774997	330
EAST_POINT_(AUT)	2009	10	6	279	8.1	11.4	6.18885612505512	-999.9	11.8	5.56712962962964	11.4401383376345	330
EAST_POINT_(AUT)	2009	10	7	280	8.1	14.1	8.23748826667596	-999.9	11.9	4.90740740740742	12.0182113398999	330
EAST_POINT_(AUT)	2009	10	8	281	8.9	11.9	5.7491419727508	-999.9	18.1	12.3032407407407	11.5078683883906	330
EAST_POINT_(AUT)	2009	10	9	282	7.2	10.8	6.21549414444986	-999.9	0.6	6.06481481481481	9.78380534658509	330
EAST_POINT_(AUT)	2009	10	10	283	8.3	12.1	6.30170976969805	-999.9	11.6	6.14583333333333	11.9173888089049	330
EAST_POINT_(AUT)	2009	10	11	284	3.7	11.6	8.96569560915555	-999.9	3.6	9.23611111111111	7.55478068416702	330
EAST_POINT_(AUT)	2009	10	12	285	3.7	9.6	7.64475381610418	-999.9	1.2	10.8449074074074	7.11209731470128	330
EAST_POINT_(AUT)	2009	10	13	286	3.7	9.5	7.47796430796353	-999.9	1.33	4.79166666666667	7.38550446461651	330
EAST_POINT_(AUT)	2009	10	14	287	3.6	7.9	6.35187672597067	-999.9	2.6	10.9953703703704	6.73002185842446	330
EAST_POINT_(AUT)	2009	10	15	288	0.7	7.7	7.9943588360031	-999.9	3.1	6.57407407407408	6.91006407815501	330
EAST_POINT_(AUT)	2009	10	16	289	-0.6	7.8	8.63796157658388	-999.9	2.2	8.04398148148147	6.31340929993639	330
EAST_POINT_(AUT)	2009	10	17	290	5.9	9.2	5.33995735486929	-999.9	0	9.16666666666667	8.12358096974468	330
EAST_POINT_(AUT)	2009	10	18	291	6.2	9.6	5.34568929782628	-999.9	4.3	7.66203703703703	8.42076961447126	330
EAST_POINT_(AUT)	2009	10	19	292	6.2	8.2	4.04332895049128	-999.9	27.4	12.9282407407407	9.63397909809463	330
EAST_POINT_(AUT)	2009	10	20	293	5.9	8.3	4.36785433794653	-999.9	0	4.73379629629631	8.25556790543192	330
EAST_POINT_(AUT)	2009	10	21	294	5.8	9.8	5.56047545651732	-999.9	0	8.14814814814814	8.54953958385921	330
EAST_POINT_(AUT)	2009	10	22	295	3.7	8	5.68484926774185	-999.9	21.2	5.63657407407408	7.36742592563242	330
EAST_POINT_(AUT)	2009	10	23	296	3.2	6.8	5.12890534737266	-999.9	7.5	11.7939814814815	7.38080481450661	330
EAST_POINT_(AUT)	2009	10	24	297	2.8	9.6	6.95032541065979	-999.9	11.2	5.67129629629631	7.04973279111248	330
EAST_POINT_(AUT)	2009	10	25	298	7.4	16.4	7.88388812069364	-999.9	9.9	8.32175925925925	12.7707953008723	330
EAST_POINT_(AUT)	2009	10	26	299	3.5	7.7	5.31014592243567	-999.9	0	12.2916666666667	6.48130470069919	330
EAST_POINT_(AUT)	2009	10	27	300	2.4	4.6	3.78924592710878	-999.9	0	9.03935185185186	5.44432399541108	330
EAST_POINT_(AUT)	2009	10	28	301	2.5	6	4.71232441599714	-999.9	0	7.47685185185186	6.15578264722926	330
EAST_POINT_(AUT)	2009	10	29	302	2.7	4.8	3.59893266036306	-999.9	0	6.49305555555556	6.32918839450809	330
EAST_POINT_(AUT)	2009	10	30	303	3.4	8.2	5.36480646386834	-999.9	0	3.99305555555556	6.76089351832549	330
EAST_POINT_(AUT)	2009	10	31	304	7.3	15	6.69974041736527	-999.9	0	8.62268518518519	11.1466315372394	330
EAST_POINT_(AUT)	2009	11	1	305	6.7	14.1	6.47620980571883	-999.9	4.3	5.75231481481481	11.2809823999904	330
EAST_POINT_(AUT)	2009	11	2	306	5.2	7.6	3.63680431750418	-999.9	0	7.30324074074075	7.10746702309354	330
EAST_POINT_(AUT)	2009	11	3	307	5.5	7.3	3.10584890167913	-999.9	12	6.66666666666667	8.7405352808049	330
EAST_POINT_(AUT)	2009	11	4	308	0.1	6.8	5.90929263934257	-999.9	0.6	7.91666666666667	6.14745334665909	330
EAST_POINT_(AUT)	2009	11	5	309	-1	5.2	5.60629709241638	-999.9	0.24	4.00462962962964	5.14345698387793	330
EAST_POINT_(AUT)	2009	11	6	310	1.8	5.5	4.27164754748907	-999.9	19.4	15.3472222222222	7.14783465429248	330
EAST_POINT_(AUT)	2009	11	7	311	-1.8	2.8	4.69811828429392	-999.9	0.04	10.0578703703704	4.55030247205987	330
EAST_POINT_(AUT)	2009	11	8	312	1.7	9.2	5.91788486448895	-999.9	1.5	6.65509259259258	7.61566941686222	330
EAST_POINT_(AUT)	2009	11	9	313	7.8	13.8	5.22212170475165	-999.9	0	7.92824074074075	6.83878106664236	330
EAST_POINT_(AUT)	2009	11	10	314	3.9	13.2	6.41500968305584	-999.9	0	6.59722222222222	9.17208552662523	330
EAST_POINT_(AUT)	2009	11	11	315	1.1	7.3	5.16879853465131	-999.9	0	7.66203703703703	6.44064913578284	330
EAST_POINT_(AUT)	2009	11	12	316	0.1	11.7	6.97780201270362	-999.9	0	4.09722222222222	6.32992448990254	330
EAST_POINT_(AUT)	2009	11	13	317	1.2	8.6	5.50128283689673	-999.9	0	2.56944444444444	7.28600020617941	330
EAST_POINT_(AUT)	2009	11	14	318	4.7	9	4.14007365590428	-999.9	0	5.34722222222222	8.85911586266015	330
EAST_POINT_(AUT)	2009	11	15	319	7.7	13.5	4.74772518405588	-999.9	13	6.15740740740742	12.4645373698695	330
EAST_POINT_(AUT)	2009	11	16	320	5.8	12.4	5.00170531053504	-999.9	0.7	7.47685185185186	10.4303280874762	330
EAST_POINT_(AUT)	2009	11	17	321	2.8	6.1	3.49348873663243	-999.9	0	11.6319444444444	6.76081923838307	330
EAST_POINT_(AUT)	2009	11	18	322	-0.5	10.1	6.18583250597679	-999.9	0	6.51620370370369	5.53627368855111	330
EAST_POINT_(AUT)	2009	11	19	323	1.5	8.5	4.96739442172176	-999.9	0	4.76851851851853	6.96832660281559	330
EAST_POINT_(AUT)	2009	11	20	324	5.7	11	4.27216975793372	-999.9	6	5.68287037037036	9.56510796757946	330
EAST_POINT_(AUT)	2009	11	21	325	6.1	11.3	4.18354771273356	-999.9	0	7.53472222222222	9.94509733479071	330
EAST_POINT_(AUT)	2009	11	22	326	-0.2	6.6	4.73082153507976	-999.9	0	7.77777777777778	6.00241099152966	330
EAST_POINT_(AUT)	2009	11	23	327	-2	5.3	4.84835242483979	-999.9	0	2.46527777777778	5.81654680940442	330
EAST_POINT_(AUT)	2009	11	24	328	1.4	7.4	4.34886193589062	-999.9	0.12	2.95138888888889	7.76723163995552	330
EAST_POINT_(AUT)	2009	11	25	329	6.5	9.1	2.83318875738265	-999.9	3	3.75	10.4356627649695	330
EAST_POINT_(AUT)	2009	11	26	330	5.8	11.3	4.07929940274437	-999.9	1.92	4.22453703703703	11.1869524287534	330
EAST_POINT_(AUT)	2009	11	27	331	5.9	12.9	4.55722152697956	-999.9	24.4	6.84027777777778	11.8423575094196	330
EAST_POINT_(AUT)	2009	11	28	332	3.9	12	4.85597968178064	-999.9	0	6.49305555555556	10.1793460064759	330
EAST_POINT_(AUT)	2009	11	29	333	1	4.5	3.16295309596713	-999.9	3.6	9.80324074074075	6.20360532608158	330
EAST_POINT_(AUT)	2009	11	30	334	-0.5	10.2	5.48177065016728	-999.9	5.4	4.87268518518519	7.73185992028889	330
EAST_POINT_(AUT)	2009	12	1	335	0.2	5.3	3.75262175915993	-999.9	5.1	10.0231481481481	6.92902691663144	330
EAST_POINT_(AUT)	2009	12	2	336	-1.3	3.2	3.49648524110153	-999.9	0	8.70370370370369	5.17390585281761	330
EAST_POINT_(AUT)	2009	12	3	337	-0.4	11.8	5.71268790876827	-999.9	19.7	5.30092592592592	8.72999168832295	330
EAST_POINT_(AUT)	2009	12	4	338	2.3	7.5	3.7022100993342	-999.9	1.6	4.94212962962964	8.27196640323453	330
EAST_POINT_(AUT)	2009	12	5	339	0.9	6.1	3.67644139656695	-999.9	6.5	2.5462962962963	7.15614825709434	330
EAST_POINT_(AUT)	2009	12	6	340	-1.8	3.6	3.72186980350682	-999.9	8.2	13.4606481481481	6.40319728083544	330
EAST_POINT_(AUT)	2009	12	7	341	-4.8	0.1	3.52351539447947	-999.9	0.7	8.50694444444445	4.49261451092971	330
EAST_POINT_(AUT)	2009	12	8	342	-4.8	-0.7	3.20452015399246	-999.9	1.4	7.28009259259258	4.28417514061275	330
EAST_POINT_(AUT)	2009	12	9	343	-2.8	1.1	3.10870013720843	-999.9	22.7	7.41898148148147	4.30121788149711	330
EAST_POINT_(AUT)	2009	12	10	344	-0.2	7.8	4.43049917917258	-999.9	2	9.80324074074075	7.04399068932793	330
EAST_POINT_(AUT)	2009	12	11	345	-7.6	-0.2	4.242025888719	-999.9	0.6	9.54861111111111	3.45155904169074	330
EAST_POINT_(AUT)	2009	12	12	346	-7.6	-5.2	2.4060477474926	-999.9	1.4	15.1851851851852	3.69162193555808	330
EAST_POINT_(AUT)	2009	12	13	347	-8.2	1.2	4.74457784425471	-999.9	0.6	11.7592592592593	3.8924330517642	330
EAST_POINT_(AUT)	2009	12	14	348	0.4	3.5	2.71609915821525	-999.9	8.6	5.34722222222222	6.62797818927127	330
EAST_POINT_(AUT)	2009	12	15	349	0.9	3.2	2.33323177811625	-999.9	1.4	3.66898148148147	6.82422806305145	330
EAST_POINT_(AUT)	2009	12	16	350	-11.5	3.5	5.94522853837422	-999.9	9.2	6.97916666666667	4.51627838505617	330
EAST_POINT_(AUT)	2009	12	17	351	-15.3	-6	4.67298679468826	-999.9	0	6.95601851851853	2.32171554120751	330
EAST_POINT_(AUT)	2009	12	18	352	-10.2	-4.7	3.58894597582301	-999.9	1.3	9.56018518518519	2.98521915774395	330
EAST_POINT_(AUT)	2009	12	19	353	-10.2	-3	4.10286779508627	-999.9	0	3.29861111111111	3.17924771419573	330
EAST_POINT_(AUT)	2009	12	20	354	-3	1.9	3.38344239583851	-999.9	0	5.46296296296297	4.98408608175455	330
EAST_POINT_(AUT)	2009	12	21	355	1.8	2.7	1.45019207333723	-999.9	1.3	7.00231481481481	7.14257095945504	330
EAST_POINT_(AUT)	2009	12	22	356	2.7	3.9	1.67549239809765	-999.9	0	8.4375	7.55464845798371	330
EAST_POINT_(AUT)	2009	12	23	357	2.7	4.1	1.8116202199973	-999.9	0.7	8.00925925925925	7.52666226822861	330
EAST_POINT_(AUT)	2009	12	24	358	-1.3	2.8	3.10491355192137	-999.9	0.6	9.18981481481481	6.01303281656497	330
EAST_POINT_(AUT)	2009	12	25	359	-1.3	0.9	2.27890186245985	-999.9	0	8.15972222222222	5.48437122996323	330
EAST_POINT_(AUT)	2009	12	26	360	-1	0.8	2.06637109744943	-999.9	0	5.90277777777778	5.36699826903097	330
EAST_POINT_(AUT)	2009	12	27	361	-2.6	4.1	3.99822181193076	-999.9	2.5	4.62962962962964	5.99406425878402	330
EAST_POINT_(AUT)	2009	12	28	362	0.2	7.7	4.24439151472168	-999.9	1	6.07638888888889	7.80066718309046	330
EAST_POINT_(AUT)	2009	12	29	363	-5.6	3.6	4.71878243236911	-999.9	3.1	8.79629629629631	5.48945931344275	330
EAST_POINT_(AUT)	2009	12	30	364	-7.9	-5.3	2.51922874458155	-999.9	0	15.8912037037037	3.37297091643664	330
EAST_POINT_(AUT)	2009	12	31	365	-6.8	-4.1	2.57928210544531	-999.9	0	6.93287037037036	3.32712315866444	330
