EAST_POINT_(AUT)	2014	1	1	1	-15.9	-13	2.68683123704805	-999.9	0.6	7.34953703703703	1.76136715109119	330
EAST_POINT_(AUT)	2014	1	2	2	-21.1	-13.8	4.28659698154322	-999.9	1	6.96759259259258	1.39111317946483	330
EAST_POINT_(AUT)	2014	1	3	3	-13.8	-9.4	3.34787778180816	-999.9	1.5	14.1898148148148	2.33819365289763	330
EAST_POINT_(AUT)	2014	1	4	4	-17.1	-6.3	5.27868745063572	-999.9	0	8.81944444444445	2.28707042103502	330
EAST_POINT_(AUT)	2014	1	5	5	-8.6	-4.3	3.35346883617869	-999.9	0	3.63425925925925	3.16594867994578	330
EAST_POINT_(AUT)	2014	1	6	6	-7.9	6.5	6.18099835623823	-999.9	2.7	7.62731481481481	5.13251329126226	330
EAST_POINT_(AUT)	2014	1	7	7	-13.8	6.4	7.3762866013632	-999.9	0.6	9.08564814814814	3.50759213431319	330
EAST_POINT_(AUT)	2014	1	8	8	-14	-9.1	3.66191362504295	-999.9	0	8.39646464646464	1.34159438815961	330
EAST_POINT_(AUT)	2014	1	9	9	-13.3	-7.8	3.91199522481265	-999.9	0	8.58695652173914	1.80494342532586	330
EAST_POINT_(AUT)	2014	1	10	10	-16.3	-1.9	6.38498188642427	-999.9	0	5.70601851851853	2.03842752646234	330
EAST_POINT_(AUT)	2014	1	11	11	-4.3	5.6	5.34204411733243	-999.9	11.4	5.30092592592592	5.98323242488449	330
EAST_POINT_(AUT)	2014	1	12	12	1.7	7.6	4.16267666757015	-999.9	3.1	7.28009259259258	8.0356896681356	330
EAST_POINT_(AUT)	2014	1	13	13	-3.3	2.7	4.23857339538939	-999.9	0	7.31481481481481	4.53632988557593	330
EAST_POINT_(AUT)	2014	1	14	14	-0.3	5.2	4.09881791708644	-999.9	10.7	7.15277777777778	6.87773489929368	330
EAST_POINT_(AUT)	2014	1	15	15	-0.3	7.3	4.86797317435717	-999.9	3.9	6.53935185185186	7.6953815968365	330
EAST_POINT_(AUT)	2014	1	16	16	-0.3	2	2.70642099772654	-999.9	20.1	3.55324074074075	6.47052274244127	330
EAST_POINT_(AUT)	2014	1	17	17	-0.4	2.2	2.90890231731804	-999.9	0.5	2.90509259259258	6.50145606263854	330
EAST_POINT_(AUT)	2014	1	18	18	-1.5	3.3	3.99659430071987	-999.9	1.7	3.09027777777778	6.35062021337939	330
EAST_POINT_(AUT)	2014	1	19	19	-3.3	0.2	3.45176618836172	-999.9	1.7	5.71759259259258	5.34782777053515	330
EAST_POINT_(AUT)	2014	1	20	20	-7.5	1	5.44202571498703	-999.9	1.7	6.65509259259258	4.29399336034647	330
EAST_POINT_(AUT)	2014	1	21	21	-14.2	-7.5	4.88914753431852	-999.9	0	5.76388888888889	1.95129767178769	330
EAST_POINT_(AUT)	2014	1	22	22	-10.9	-4.2	4.94849989623231	-999.9	3.9	11.7361111111111	3.20231269669002	330
EAST_POINT_(AUT)	2014	1	23	23	-13.5	-5.7	5.40523638004902	-999.9	0	9.00462962962964	2.48329119908487	330
EAST_POINT_(AUT)	2014	1	24	24	-17.3	-10.4	5.147649750707	-999.9	0	4.375	1.60294901462101	330
EAST_POINT_(AUT)	2014	1	25	25	-17.2	1.9	8.67359374589432	-999.9	0	8.04398148148147	2.85037741946566	330
EAST_POINT_(AUT)	2014	1	26	26	-14.8	3.8	8.66987472652523	-999.9	14.3	9.6875	3.28804050664744	330
EAST_POINT_(AUT)	2014	1	27	27	-15.1	3.6	8.80688422287511	-999.9	1.6	7.58101851851853	3.06430904016757	330
EAST_POINT_(AUT)	2014	1	28	28	-13.8	-3.2	6.7184015437888	-999.9	0	7.52314814814814	1.92324983847053	330
EAST_POINT_(AUT)	2014	1	29	29	-13.5	-8	4.90419370411697	-999.9	3.1	3.22916666666667	1.9230039475103	330
EAST_POINT_(AUT)	2014	1	30	30	-12.6	-7.3	4.87926639057769	-999.9	0	5.21739130434783	2.04541323336244	330
EAST_POINT_(AUT)	2014	1	31	31	-7.8	1.1	6.40906168607307	-999.9	0	6.60879629629631	3.84200987566474	330
EAST_POINT_(AUT)	2014	2	1	32	-7.1	-1.7	5.0608940532486	-999.9	0	5.3125	3.22263958821396	330
EAST_POINT_(AUT)	2014	2	2	33	-4.6	2.3	5.80002032472619	-999.9	6.3	5.49768518518519	5.38379871296301	330
EAST_POINT_(AUT)	2014	2	3	34	-7	-3.8	4.0049210976591	-999.9	0	4.36342592592592	3.59050657359922	330
EAST_POINT_(AUT)	2014	2	4	35	-9.8	-2.2	6.25856815264214	-999.9	0	3.95833333333333	3.08823909468005	330
EAST_POINT_(AUT)	2014	2	5	36	-10.6	-5.9	4.9911135303523	-999.9	2.3	4.46759259259258	2.58086938258916	330
EAST_POINT_(AUT)	2014	2	6	37	-17.3	-10.5	6.08850163685263	-999.9	0.2	7.34953703703703	1.79751144285822	330
EAST_POINT_(AUT)	2014	2	7	38	-13.3	-5	6.82221962533142	-999.9	0	4.35185185185186	2.23828748616145	330
EAST_POINT_(AUT)	2014	2	8	39	-13.3	-4.7	7.04345904888302	-999.9	0	5.21990740740742	2.10893835579321	330
EAST_POINT_(AUT)	2014	2	9	40	-18.8	-9.4	7.46907063455102	-999.9	0	4.15509259259258	1.54849535065225	330
EAST_POINT_(AUT)	2014	2	10	41	-16.8	-6.8	7.8141309397183	-999.9	0.2	3.25231481481481	2.05792024671697	330
EAST_POINT_(AUT)	2014	2	11	42	-17	-10.3	6.48791018084164	-999.9	0	3.73842592592592	1.63111457031548	330
EAST_POINT_(AUT)	2014	2	12	43	-16.5	-10.9	6.01663289876975	-999.9	0	5.11574074074075	1.76919363006365	330
EAST_POINT_(AUT)	2014	2	13	44	-13.8	0.1	9.61526019377668	-999.9	2.4	5.60185185185186	3.02587626211826	330
EAST_POINT_(AUT)	2014	2	14	45	-4.3	5.4	8.14765363034751	-999.9	26.6	9.66435185185186	6.0950738074279	330
EAST_POINT_(AUT)	2014	2	15	46	-5.8	-3.2	4.27880281693751	-999.9	0.8	8.125	3.46787894001923	330
EAST_POINT_(AUT)	2014	2	16	47	-9.6	2.4	9.32412399178969	-999.9	8.8	12.1296296296296	4.36154897837102	330
EAST_POINT_(AUT)	2014	2	17	48	-10.7	-7.1	5.18012871455654	-999.9	0.4	9.84953703703703	2.78303939587678	330
EAST_POINT_(AUT)	2014	2	18	49	-10.7	-3.5	7.43044384105346	-999.9	0	4.91898148148147	3.03074196753123	330
EAST_POINT_(AUT)	2014	2	19	50	-4.6	-1.1	5.25443979004385	-999.9	5.3	6.22685185185186	4.78966612835969	330
EAST_POINT_(AUT)	2014	2	20	51	-3.6	-0.7	4.8508453344302	-999.9	6.8	7.31481481481481	5.13638651869623	330
EAST_POINT_(AUT)	2014	2	21	52	-5.9	-0.8	6.52392930100808	-999.9	0	4.87268518518519	4.035105708794	330
EAST_POINT_(AUT)	2014	2	22	53	-0.8	6.6	7.96935363223665	-999.9	11.2	6.40046296296297	6.08402912286944	330
EAST_POINT_(AUT)	2014	2	23	54	-1.5	4.1	7.03006649740078	-999.9	0	5.98379629629631	4.50024417559022	330
EAST_POINT_(AUT)	2014	2	24	55	-6.3	1.5	8.41286350812024	-999.9	0.2	5.11574074074075	4.57410346148595	330
EAST_POINT_(AUT)	2014	2	25	56	-12.4	-6.1	7.66599995049699	-999.9	0.2	7.46527777777778	2.22078652864013	330
EAST_POINT_(AUT)	2014	2	26	57	-14.6	-6.3	8.92089597180093	-999.9	0	4.10879629629631	1.88410957401286	330
EAST_POINT_(AUT)	2014	2	27	58	-10.8	-3.1	8.7106925948478	-999.9	2.7	2.97453703703703	3.02236762710168	330
EAST_POINT_(AUT)	2014	2	28	59	-12.1	-4.4	8.82989994872548	-999.9	0	6.36574074074075	2.35620771658883	330
EAST_POINT_(AUT)	2014	3	1	60	-15.2	-3.7	10.9376975960121	-999.9	0	4.29398148148147	1.89682506129305	330
EAST_POINT_(AUT)	2014	3	2	61	-12.9	-0.7	11.4178757840379	-999.9	2.7	5.74074074074075	3.24462413506178	330
EAST_POINT_(AUT)	2014	3	3	62	-16.9	-10.3	8.51071497833214	-999.9	0	4.93055555555556	1.6570398246572	330
EAST_POINT_(AUT)	2014	3	4	63	-18.5	-11.3	9.00757308362765	-999.9	0	5.43981481481481	1.30793195083308	330
EAST_POINT_(AUT)	2014	3	5	64	-20.6	-12.7	9.56004500979328	-999.9	0	3.36805555555556	1.24865939775741	330
EAST_POINT_(AUT)	2014	3	6	65	-17.5	-8.1	10.5650413946326	-999.9	0	5.05787037037036	1.7155491491613	330
EAST_POINT_(AUT)	2014	3	7	66	-14.5	-1.2	12.7305965334065	-999.9	0	5.46296296296297	2.0730925260919	330
EAST_POINT_(AUT)	2014	3	8	67	-5.6	4.7	11.3477766326742	-999.9	0.5	4.96527777777778	5.27457554419041	330
EAST_POINT_(AUT)	2014	3	9	68	-14.9	-4.7	11.4370475708859	-999.9	0	4.81481481481481	2.35067857560861	330
EAST_POINT_(AUT)	2014	3	10	69	-14.9	-6.1	10.7579179809551	-999.9	0	3.06712962962964	2.23903663749663	330
EAST_POINT_(AUT)	2014	3	11	70	-10.2	-0.8	11.2583369381173	-999.9	1.5	3.55324074074075	3.50554396135073	330
EAST_POINT_(AUT)	2014	3	12	71	-3.7	4	10.3164084257833	-999.9	3.7	3.58695652173914	5.34191411541254	330
EAST_POINT_(AUT)	2014	3	13	72	-9.4	5.9	14.721439272745	-999.9	29.2	6.44675925925925	5.25899565540888	330
EAST_POINT_(AUT)	2014	3	14	73	-11.8	-6.5	8.77024237529411	-999.9	0.2	5.83333333333333	2.51663698529619	330
EAST_POINT_(AUT)	2014	3	15	74	-6.6	2.6	11.6945527788634	-999.9	10.6	9.18981481481481	4.71588773003863	330
EAST_POINT_(AUT)	2014	3	16	75	-10.4	3.4	14.4941085469016	-999.9	0	7.60416666666667	3.43601069899388	330
EAST_POINT_(AUT)	2014	3	17	76	-13.2	-6.4	10.2947127305895	-999.9	0	7.01388888888889	1.53220396275421	330
EAST_POINT_(AUT)	2014	3	18	77	-10.9	-7	7.88759887918875	-999.9	0	6.78240740740742	2.18805596938693	330
EAST_POINT_(AUT)	2014	3	19	78	-9.5	-1.5	11.4275886225342	-999.9	0	2.43055555555556	3.0790332806435	330
EAST_POINT_(AUT)	2014	3	20	79	-3.6	3	10.4983848862469	-999.9	3.9	7.12962962962964	5.12432631310507	330
EAST_POINT_(AUT)	2014	3	21	80	0.3	4.6	8.56976697022835	-999.9	0	6.35416666666667	6.08497417881435	330
EAST_POINT_(AUT)	2014	3	22	81	-1.6	0.8	6.47392361532504	-999.9	4.1	6.27314814814814	4.80644586634902	330
EAST_POINT_(AUT)	2014	3	23	82	-7	2.1	12.7453660965027	-999.9	20.5	6.68981481481481	4.23167407949339	330
EAST_POINT_(AUT)	2014	3	24	83	-9.7	-7	7.0181930720214	-999.9	0	9.79166666666667	2.46025807729851	330
EAST_POINT_(AUT)	2014	3	25	84	-8.4	-4.3	8.74156092545568	-999.9	0	7.39583333333333	2.48910821525167	330
EAST_POINT_(AUT)	2014	3	26	85	-5.3	-2.1	7.80489767792742	-999.9	10.5	12.8703703703704	4.10906048586856	330
EAST_POINT_(AUT)	2014	3	27	86	-5.6	-3	7.10911180559471	-999.9	0.9	16.0185185185185	3.74655219094294	330
EAST_POINT_(AUT)	2014	3	28	87	-6.8	2.8	13.8019927804909	-999.9	8	5.67129629629631	3.98917716180317	330
EAST_POINT_(AUT)	2014	3	29	88	-3	4.9	12.6484733636175	-999.9	0.8	4.66435185185186	6.14435684433972	330
EAST_POINT_(AUT)	2014	3	30	89	-2.2	0.8	7.87307336363988	-999.9	24.4	4.34027777777778	5.50675905208347	330
EAST_POINT_(AUT)	2014	3	31	90	-2.3	0.9	8.21217811330764	-999.9	11.2	5.78703703703703	5.38768085545854	330
EAST_POINT_(AUT)	2014	4	1	91	-3.2	-2.1	4.86205546387627	-999.9	5.2	1.59722222222222	4.89706736595869	330
EAST_POINT_(AUT)	2014	4	2	92	-2.8	-0.1	7.69105764368272	-999.9	0.3	6.16898148148147	5.22979127406377	330
EAST_POINT_(AUT)	2014	4	3	93	-3.5	1.3	10.352513304313	-999.9	0	2.33796296296296	5.33138152656212	330
EAST_POINT_(AUT)	2014	4	4	94	-4.6	1.3	11.5854400014908	-999.9	0	3.44907407407408	4.93883152641362	330
EAST_POINT_(AUT)	2014	4	5	95	-3.7	2.9	12.3668814188569	-999.9	6.5	5.75231481481481	5.54417941792817	330
EAST_POINT_(AUT)	2014	4	6	96	0.4	4	9.21682958699659	-999.9	0	7.70833333333333	5.96527872095838	330
EAST_POINT_(AUT)	2014	4	7	97	-0.7	5.1	11.8039348082909	-999.9	0	6.38888888888889	5.18928314650926	330
EAST_POINT_(AUT)	2014	4	8	98	0	5.2	11.2755427961359	-999.9	20.4	7.56944444444445	6.3442014436257	330
EAST_POINT_(AUT)	2014	4	9	99	-1.9	7.7	15.4537878587241	-999.9	0.2	5.64814814814814	6.58158429958444	330
EAST_POINT_(AUT)	2014	4	10	100	-2.7	4.6	13.5914241506107	-999.9	0	8.29861111111111	4.54709898010644	330
EAST_POINT_(AUT)	2014	4	11	101	0.5	6.9	12.8333047162343	-999.9	0	7.31481481481481	6.23144559604986	330
EAST_POINT_(AUT)	2014	4	12	102	-0.5	3.7	10.4823596551779	-999.9	0.8	3.20601851851853	6.1481524889723	330
EAST_POINT_(AUT)	2014	4	13	103	-1.3	2.2	9.64706887205787	-999.9	0	5.26620370370369	5.11246105252415	330
EAST_POINT_(AUT)	2014	4	14	104	-0.2	7.8	14.7019353440053	-999.9	24.1	7.80092592592592	7.76550474278459	330
EAST_POINT_(AUT)	2014	4	15	105	4.2	10.9	13.5605235916808	-999.9	0.2	7.61574074074075	9.42946844821438	330
EAST_POINT_(AUT)	2014	4	16	106	-2.8	8.4	17.6684795570322	-999.9	7.9	8.81944444444445	6.83522240061206	330
EAST_POINT_(AUT)	2014	4	17	107	-3.3	0.2	9.95215338158624	-999.9	0	5.28935185185186	3.58305897441484	330
EAST_POINT_(AUT)	2014	4	18	108	-2.2	2.5	11.618947920214	-999.9	0	3.27546296296297	4.61855811549648	330
EAST_POINT_(AUT)	2014	4	19	109	-1.6	3.7	12.4289038419227	-999.9	0	3.93518518518519	6.10846186303006	330
EAST_POINT_(AUT)	2014	4	20	110	-1.4	2.7	11.0104796928217	-999.9	0	6.37731481481481	5.04431690497231	330
EAST_POINT_(AUT)	2014	4	21	111	0.3	9.3	16.4284888120615	-999.9	0	5.32407407407408	5.65146273798781	330
EAST_POINT_(AUT)	2014	4	22	112	1.2	7.4	13.7302082250578	-999.9	0.3	3.14814814814814	6.80577211929694	330
EAST_POINT_(AUT)	2014	4	23	113	2.1	7.5	12.9010834941348	-999.9	0	4.28240740740742	7.91924714877273	330
EAST_POINT_(AUT)	2014	4	24	114	-0.2	3.6	10.8946301012726	-999.9	20.3	9.22453703703703	6.39184144910198	330
EAST_POINT_(AUT)	2014	4	25	115	-0.4	1.2	7.11566802484641	-999.9	0.8	8.18287037037036	6.03385213486141	330
EAST_POINT_(AUT)	2014	4	26	116	0	3	9.80607424898432	-999.9	0	6.57407407407408	6.31225090794895	330
EAST_POINT_(AUT)	2014	4	27	117	0.3	2.6	8.64015350044511	-999.9	1.5	5.84490740740742	6.69697048924607	330
EAST_POINT_(AUT)	2014	4	28	118	0.6	3.5	9.76166544818452	-999.9	0.2	10.3587962962963	6.52674645611809	330
EAST_POINT_(AUT)	2014	4	29	119	-0.7	3.1	11.2416162010918	-999.9	0	8.98148148148147	5.96013048527776	330
EAST_POINT_(AUT)	2014	4	30	120	-1.1	2.5	11.0063967183756	-999.9	0	4.46759259259258	5.54202283959624	330
EAST_POINT_(AUT)	2014	5	1	121	-0.3	9.6	18.3575049830537	-999.9	15.7	3.86473429951692	6.70656197894529	330
EAST_POINT_(AUT)	2014	5	2	122	2.5	7.9	13.6345415297362	-999.9	7.5	4.89583333333333	8.31349908065742	330
EAST_POINT_(AUT)	2014	5	3	123	0.1	6.1	14.4514894515762	-999.9	0.2	3.04398148148147	7.40058398465324	330
EAST_POINT_(AUT)	2014	5	4	124	0.9	4.4	11.0971210705325	-999.9	7.7	2.84722222222222	7.10353171932068	330
EAST_POINT_(AUT)	2014	5	5	125	0.8	3.8	10.3281492119939	-999.9	5.1	6.85185185185186	7.11239533224991	330
EAST_POINT_(AUT)	2014	5	6	126	0.6	4.4	11.6838445513979	-999.9	0.2	7.04861111111111	6.55022371361303	330
EAST_POINT_(AUT)	2014	5	7	127	-1.8	5.9	16.7154554369187	-999.9	0	3.95833333333333	6.03887662074736	330
EAST_POINT_(AUT)	2014	5	8	128	-1.9	8.5	19.5216015622523	-999.9	0	2.66203703703704	6.17783645341978	330
EAST_POINT_(AUT)	2014	5	9	129	-0.4	12.2	21.5902301457774	-999.9	0.2	2.51157407407408	7.07210716490031	330
EAST_POINT_(AUT)	2014	5	10	130	4.7	8.6	12.0677160297509	-999.9	9.7	7.61574074074075	9.06669218871848	330
EAST_POINT_(AUT)	2014	5	11	131	1.3	10.5	18.6189539096503	-999.9	1.5	5.01157407407408	9.01110797549661	330
EAST_POINT_(AUT)	2014	5	12	132	1.4	4.9	11.5348518745683	-999.9	0	4.59490740740742	6.57820497196043	330
EAST_POINT_(AUT)	2014	5	13	133	0.3	6.5	15.4183810711664	-999.9	0	5.11574074074075	6.5054896241213	330
EAST_POINT_(AUT)	2014	5	14	134	0.5	12.3	21.3598105820211	-999.9	0	3.19444444444444	5.61920284734673	330
EAST_POINT_(AUT)	2014	5	15	135	6.7	15.5	18.5208092044424	-999.9	0	5.30092592592592	8.364100164337	330
EAST_POINT_(AUT)	2014	5	16	136	8.6	20.5	21.622371475925	-999.9	0	5.59027777777778	11.7560949547159	330
EAST_POINT_(AUT)	2014	5	17	137	6.7	19.8	22.7732980462684	-999.9	0	5.78703703703703	11.0858229183145	330
EAST_POINT_(AUT)	2014	5	18	138	6.3	12.4	15.5978619621376	-999.9	0	3.75	9.54790074196953	330
EAST_POINT_(AUT)	2014	5	19	139	5.8	10.7	14.0300014036093	-999.9	10.4	3.4375	10.3295201091758	330
EAST_POINT_(AUT)	2014	5	20	140	5.7	12.8	16.9472103918437	-999.9	1.6	2.22222222222222	11.0424156167756	330
EAST_POINT_(AUT)	2014	5	21	141	5.7	13.4	17.7081762124997	-999.9	0	3.77314814814814	10.8124390097663	330
EAST_POINT_(AUT)	2014	5	22	142	4.6	8.5	12.6435913181853	-999.9	9.8	5.83333333333333	9.47758828038032	330
EAST_POINT_(AUT)	2014	5	23	143	4.4	6.3	8.85268592939583	-999.9	0.4	5.30092592592592	8.8015402896487	330
EAST_POINT_(AUT)	2014	5	24	144	4.2	6	8.64261641541196	-999.9	0.2	6.26157407407408	8.29991221586862	330
EAST_POINT_(AUT)	2014	5	25	145	3.2	7	12.5939599637449	-999.9	0	7.29166666666667	7.93968573351472	330
EAST_POINT_(AUT)	2014	5	26	146	2.8	6.9	13.1182205415231	-999.9	4.3	4.24768518518519	8.1305962499803	330
EAST_POINT_(AUT)	2014	5	27	147	4.6	8	11.9780487519284	-999.9	2.8	5.33564814814814	8.82826272753385	330
EAST_POINT_(AUT)	2014	5	28	148	3.9	7.8	12.8615652632916	-999.9	0	6.14583333333333	7.89200530324865	330
EAST_POINT_(AUT)	2014	5	29	149	2.4	16.8	24.7747402599155	-999.9	0	3.54166666666667	8.47309977013688	330
EAST_POINT_(AUT)	2014	5	30	150	7.6	21.1	24.0443295586546	-999.9	0	3.86574074074075	9.51878869505145	330
EAST_POINT_(AUT)	2014	5	31	151	6.6	13.7	17.4761034276396	-999.9	0	3.72685185185186	9.2621383534477	330
EAST_POINT_(AUT)	2014	6	1	152	4.4	9.4	14.696771139299	-999.9	0	3.68055555555556	8.87160521772969	330
EAST_POINT_(AUT)	2014	6	2	153	8.6	18.9	21.1363025939937	-999.9	0	7.14120370370369	10.3635621592697	330
EAST_POINT_(AUT)	2014	6	3	154	8.5	21.7	23.9730309752543	-999.9	0	4.69907407407408	12.0980815654398	330
EAST_POINT_(AUT)	2014	6	4	155	9.7	16.6	17.3635417225319	-999.9	0	3.77314814814814	13.85757729285	330
EAST_POINT_(AUT)	2014	6	5	156	11.5	18.7	17.7668373960215	-999.9	0	3.95833333333333	15.8531537664636	330
EAST_POINT_(AUT)	2014	6	6	157	10.5	14.8	13.7518346062368	-999.9	16.1	6.44675925925925	14.0320667737169	330
EAST_POINT_(AUT)	2014	6	7	158	7.3	11	12.7750417330544	-999.9	0.2	6.36574074074075	11.1629912877207	330
EAST_POINT_(AUT)	2014	6	8	159	4.9	12.4	18.2129275627516	-999.9	0	5.92592592592592	9.80860522749826	330
EAST_POINT_(AUT)	2014	6	9	160	4.7	16.5	22.8733876592642	-999.9	0	3.27546296296297	10.347009785799	330
EAST_POINT_(AUT)	2014	6	10	161	9.1	14.1	14.906223261167	-999.9	0	4.07407407407408	11.6173430921764	330
EAST_POINT_(AUT)	2014	6	11	162	7.9	13.6	15.9318433784515	-999.9	0	5.47453703703703	10.7133678040824	330
EAST_POINT_(AUT)	2014	6	12	163	5.8	11.7	16.2238343723665	-999.9	0	3.34490740740742	10.126331901639	330
EAST_POINT_(AUT)	2014	6	13	164	9.6	15.4	16.0987950842425	-999.9	0	3.65740740740742	12.6364276028011	330
EAST_POINT_(AUT)	2014	6	14	165	9.5	13.8	13.8713432474362	-999.9	0.9	5.64814814814814	12.5227251885104	330
EAST_POINT_(AUT)	2014	6	15	166	9.3	13.4	13.5529621154006	-999.9	15.3	3.86574074074075	12.9589751387414	330
EAST_POINT_(AUT)	2014	6	16	167	9	11.4	10.3743061429293	-999.9	3.2	6.99074074074075	11.7768167259689	330
EAST_POINT_(AUT)	2014	6	17	168	9.3	17.8	19.5311234335521	-999.9	0	4.10879629629631	11.8585366028118	330
EAST_POINT_(AUT)	2014	6	18	169	9.9	13.3	12.3559106940503	-999.9	11.8	6.88657407407408	12.3144979653911	330
EAST_POINT_(AUT)	2014	6	19	170	9.5	13.1	12.7161997832367	-999.9	0.2	5.625	12.6044913646018	330
EAST_POINT_(AUT)	2014	6	20	171	8.7	14.1	15.5749635493756	-999.9	1.2	5.52083333333333	11.4871333148896	330
EAST_POINT_(AUT)	2014	6	21	172	8.8	12.5	12.891646473196	-999.9	1.1	6.50462962962964	11.2505577877858	330
EAST_POINT_(AUT)	2014	6	22	173	8.8	16	17.9806114646327	-999.9	0	3.55324074074075	12.4573102306498	330
EAST_POINT_(AUT)	2014	6	23	174	8.6	19.9	22.5196399447237	-999.9	0	3.61111111111111	12.9075971489314	330
EAST_POINT_(AUT)	2014	6	24	175	12.9	21.9	20.0900410697527	-999.9	0	6.67824074074075	15.2226758235369	330
EAST_POINT_(AUT)	2014	6	25	176	10.5	17.2	17.3255751060847	-999.9	4.5	5.32407407407408	14.9490444835136	330
EAST_POINT_(AUT)	2014	6	26	177	10.1	12.7	10.7865101679156	-999.9	9.4	3.88888888888889	13.1619878041003	330
EAST_POINT_(AUT)	2014	6	27	178	11	15.7	14.4924084770575	-999.9	0	5.77546296296297	14.2454062038661	330
EAST_POINT_(AUT)	2014	6	28	179	10.4	21.9	22.6512007066324	-999.9	0	2.08333333333333	14.0752616889906	330
EAST_POINT_(AUT)	2014	6	29	180	13.6	25.2	22.7287353607004	-999.9	0	3.91203703703703	16.2291420339455	330
EAST_POINT_(AUT)	2014	6	30	181	15.5	26.8	22.4100457947022	-999.9	0	2.93981481481481	18.4015312244783	330
EAST_POINT_(AUT)	2014	7	1	182	17.2	27.3	21.1628766791636	-999.9	0	4.90740740740742	21.0776914222644	330
EAST_POINT_(AUT)	2014	7	2	183	17.4	26.6	20.1730531834204	-999.9	0	7.26851851851853	21.7468705892731	330
EAST_POINT_(AUT)	2014	7	3	184	17.3	26.1	19.7031623374563	-999.9	0	7.32638888888889	22.1124442418798	330
EAST_POINT_(AUT)	2014	7	4	185	17.5	25.8	19.1074906096714	-999.9	0	6.60879629629631	23.0681883937881	330
EAST_POINT_(AUT)	2014	7	5	186	11.3	20.8	20.4103052268722	-999.9	1.1	10.7986111111111	15.7081202329549	330
EAST_POINT_(AUT)	2014	7	6	187	11.7	20.2	19.2740628443112	-999.9	7.6	8.49537037037036	14.9996295773995	330
EAST_POINT_(AUT)	2014	7	7	188	15.8	24.2	19.1263686723137	-999.9	2.1	4.88425925925925	18.4198822491976	330
EAST_POINT_(AUT)	2014	7	8	189	14.8	23.7	19.6503299951906	-999.9	1	5.65972222222222	19.4065877086414	330
EAST_POINT_(AUT)	2014	7	9	190	15.2	23.4	18.8242011493767	-999.9	0	6.41203703703703	19.1630687509075	330
EAST_POINT_(AUT)	2014	7	10	191	15.4	24.6	19.8971587722105	-999.9	0	4.87268518518519	19.8285190223705	330
EAST_POINT_(AUT)	2014	7	11	192	13.3	19.4	16.1659877438744	-999.9	0	2.71990740740741	15.9880515498579	330
EAST_POINT_(AUT)	2014	7	12	193	12.7	24	21.9517569571082	-999.9	0	3.47222222222222	16.1142294547569	330
EAST_POINT_(AUT)	2014	7	13	194	15.4	24.9	20.0787681214773	-999.9	0	5.10416666666667	17.1636572578721	330
EAST_POINT_(AUT)	2014	7	14	195	16.1	20.5	13.6301035080937	-999.9	0	6.51620370370369	18.1075427762178	330
EAST_POINT_(AUT)	2014	7	15	196	17.3	21.2	12.7983775517164	-999.9	0.2	5.72916666666667	20.8957997963219	330
EAST_POINT_(AUT)	2014	7	16	197	18	25.5	17.6992625115999	-999.9	0	6.35416666666667	22.859889077867	330
EAST_POINT_(AUT)	2014	7	17	198	17.8	22.1	13.3632684543813	-999.9	6.6	5.21990740740742	21.8534343838064	330
EAST_POINT_(AUT)	2014	7	18	199	17.2	23.2	15.7383749172655	-999.9	0	4.29398148148147	18.4313711234276	330
EAST_POINT_(AUT)	2014	7	19	200	14.4	22	17.658287614839	-999.9	0	3.24074074074075	17.2422897629709	330
EAST_POINT_(AUT)	2014	7	20	201	14	24	20.1906781607132	-999.9	0	3.22916666666667	17.5394625838724	330
EAST_POINT_(AUT)	2014	7	21	202	17.2	23.5	15.9728249984098	-999.9	0	4.15509259259258	18.1792319499317	330
EAST_POINT_(AUT)	2014	7	22	203	17.5	24.9	17.251988102556	-999.9	0	5.10416666666667	19.2652550713055	330
EAST_POINT_(AUT)	2014	7	23	204	19.2	27.5	18.2064504018605	-999.9	0	7.00231481481481	21.8559198396429	330
EAST_POINT_(AUT)	2014	7	24	205	18	21	10.9058809802227	-999.9	6.2	4.55314009661836	20.8601449794424	330
EAST_POINT_(AUT)	2014	7	25	206	15.8	21.2	14.5767821693611	-999.9	0	3.59953703703703	17.3203358757815	330
EAST_POINT_(AUT)	2014	7	26	207	16.4	24.8	18.1100508120481	-999.9	0	4.6875	18.7196115420953	330
EAST_POINT_(AUT)	2014	7	27	208	18.8	24.4	14.7278609863184	-999.9	0	6.23842592592592	20.4556221143008	330
EAST_POINT_(AUT)	2014	7	28	209	19.2	23.8	13.2935329294192	-999.9	3	7.30324074074075	23.0344572145783	330
EAST_POINT_(AUT)	2014	7	29	210	18.5	24.8	15.491647661102	-999.9	0	6.52777777777778	22.2970766348621	330
EAST_POINT_(AUT)	2014	7	30	211	17.3	23.3	15.0528450314886	-999.9	0	3.68055555555556	20.8775513530342	330
EAST_POINT_(AUT)	2014	7	31	212	17.4	23.3	14.8605259899188	-999.9	2.8	5.05787037037036	20.7862922406003	330
EAST_POINT_(AUT)	2014	8	1	213	15.4	23.6	17.4393252133835	-999.9	0	2.92824074074075	17.3451082947937	330
EAST_POINT_(AUT)	2014	8	2	214	17.9	25.9	17.1447620139754	-999.9	0	3.68055555555556	21.7795217933414	330
EAST_POINT_(AUT)	2014	8	3	215	18.2	23.8	14.2755587092904	-999.9	0	3.87731481481481	19.8728855103062	330
EAST_POINT_(AUT)	2014	8	4	216	17.7	24.5	15.6536232213226	-999.9	0	2.34953703703704	21.0840871370172	330
EAST_POINT_(AUT)	2014	8	5	217	18.9	23.2	12.3852397418385	-999.9	1.9	3.28703703703703	22.0158069757434	330
EAST_POINT_(AUT)	2014	8	6	218	17.5	25	16.2726695153841	-999.9	9	3.05555555555556	21.1536477265506	330
EAST_POINT_(AUT)	2014	8	7	219	15.9	21.5	13.9871148297089	-999.9	20.5	3.66898148148147	18.7655303639337	330
EAST_POINT_(AUT)	2014	8	8	220	14.7	22.7	16.6277237836256	-999.9	3.4	4.65277777777778	17.6107284953839	330
EAST_POINT_(AUT)	2014	8	9	221	14.2	22.7	17.0450559951558	-999.9	5.8	4.10879629629631	18.0331068994762	330
EAST_POINT_(AUT)	2014	8	10	222	17.1	20.6	10.876054733586	-999.9	3	8.42592592592592	18.3895169110584	330
EAST_POINT_(AUT)	2014	8	11	223	17	21.1	11.703739983471	-999.9	2.3	7.51157407407408	17.6492213516119	330
EAST_POINT_(AUT)	2014	8	12	224	13.9	21.4	15.7364030965751	-999.9	0	4.62962962962964	15.708523029373	330
EAST_POINT_(AUT)	2014	8	13	225	13	23	18.0618994987206	-999.9	0	2.85879629629631	16.61248116563	330
EAST_POINT_(AUT)	2014	8	14	226	17.6	23.9	14.2484788837073	-999.9	0	5.40509259259258	19.9177202284091	330
EAST_POINT_(AUT)	2014	8	15	227	16.6	21.4	12.3594637487156	-999.9	1.7	6.49305555555556	18.6333808477512	330
EAST_POINT_(AUT)	2014	8	16	228	16.2	23.3	14.9360131789154	-999.9	0.3	4.24768518518519	18.0577146725904	330
EAST_POINT_(AUT)	2014	8	17	229	15.5	21.3	13.411936531948	-999.9	0.8	3.4375	17.4954491223075	330
EAST_POINT_(AUT)	2014	8	18	230	14.3	20.4	13.6634262595885	-999.9	27.3	4.03935185185186	18.1158987544985	330
EAST_POINT_(AUT)	2014	8	19	231	16	19.2	9.82951025495082	-999.9	4.1	6.71296296296297	18.2871735471241	330
EAST_POINT_(AUT)	2014	8	20	232	16.8	19.5	8.96696982217081	-999.9	0	6.95601851851853	17.6444932767116	330
EAST_POINT_(AUT)	2014	8	21	233	16.7	20.2	10.1379300745042	-999.9	0	5.9375	18.1400225530304	330
EAST_POINT_(AUT)	2014	8	22	234	15.8	19.9	10.8943899848923	-999.9	0.2	7.73148148148147	17.0402593066988	330
EAST_POINT_(AUT)	2014	8	23	235	12.9	19.3	13.5126568360834	-999.9	0.4	6.29629629629631	14.8124817986198	330
EAST_POINT_(AUT)	2014	8	24	236	12.4	19.8	14.4228213579835	-999.9	0	2.1412037037037	15.4937794110628	330
EAST_POINT_(AUT)	2014	8	25	237	15.2	24	15.6100007793413	-999.9	0	4.82638888888889	18.8464353609319	330
EAST_POINT_(AUT)	2014	8	26	238	17.3	25	14.4903071673749	-999.9	0	5.21990740740742	20.4555086651041	330
EAST_POINT_(AUT)	2014	8	27	239	17.8	27.7	16.302855833643	-999.9	0	5.74074074074075	21.3558657711865	330
EAST_POINT_(AUT)	2014	8	28	240	15.8	20	10.5348324511279	-999.9	0	4.14351851851853	19.0566041894149	330
EAST_POINT_(AUT)	2014	8	29	241	8	16.1	14.5126009558539	-999.9	0.5	11.1689814814815	10.9971793360416	330
EAST_POINT_(AUT)	2014	8	30	242	7.6	20.9	18.4446754392551	-999.9	0	5.30092592592592	11.9666312711963	330
EAST_POINT_(AUT)	2014	8	31	243	14.4	21.2	13.0793044803006	-999.9	38.1	7.36111111111111	16.3705617019312	330
EAST_POINT_(AUT)	2014	9	1	244	15.1	19	9.82177314664857	-999.9	2.4	3.58796296296297	18.5829297202052	330
EAST_POINT_(AUT)	2014	9	2	245	16.1	20.4	10.2249573578609	-999.9	0	4.89583333333333	19.4713275820068	330
EAST_POINT_(AUT)	2014	9	3	246	16	21.9	11.8731276345461	-999.9	5.5	5.64814814814814	20.2604693578903	330
EAST_POINT_(AUT)	2014	9	4	247	16.2	24	13.531326141539	-999.9	0	4.42129629629631	17.6582383931182	330
EAST_POINT_(AUT)	2014	9	5	248	17.2	21.6	10.0719909972696	-999.9	0	3.84259259259258	18.1800319300121	330
EAST_POINT_(AUT)	2014	9	6	249	14.6	23.9	14.510030883669	-999.9	3.6	7.14120370370369	19.2192654334615	330
EAST_POINT_(AUT)	2014	9	7	250	12.4	18	11.1557982135278	-999.9	5.6	5.3125	13.7658941729821	330
EAST_POINT_(AUT)	2014	9	8	251	7.4	16.2	13.8538228456136	-999.9	0	6.92129629629631	7.97339115887447	330
EAST_POINT_(AUT)	2014	9	9	252	6.6	17.4	15.202104510265	-999.9	0	2.73148148148148	9.77495415807183	330
EAST_POINT_(AUT)	2014	9	10	253	13.1	20.5	12.4627289085088	-999.9	0	3.25231481481481	14.8791588294704	330
EAST_POINT_(AUT)	2014	9	11	254	13.4	20.3	11.9170632518646	-999.9	0.2	4.76851851851853	17.0922934773646	330
EAST_POINT_(AUT)	2014	9	12	255	13	18.4	10.4383299705449	-999.9	0	8.50694444444445	13.7818584598317	330
EAST_POINT_(AUT)	2014	9	13	256	12.2	16	8.66877066150432	-999.9	0	5.15046296296297	9.32890161019793	330
EAST_POINT_(AUT)	2014	9	14	257	13.6	19	10.2290765146852	-999.9	0.8	6.33101851851853	15.1034370389719	330
EAST_POINT_(AUT)	2014	9	15	258	9.8	15.7	10.5823421540298	-999.9	0.9	4.96527777777778	11.3415123597546	330
EAST_POINT_(AUT)	2014	9	16	259	8.7	16.8	12.2703556028105	-999.9	0	3.73842592592592	10.5746925491714	330
EAST_POINT_(AUT)	2014	9	17	260	10.7	17.9	11.4467593176268	-999.9	0	3.49537037037036	12.6484906028884	330
EAST_POINT_(AUT)	2014	9	18	261	8.7	19	13.5450198738707	-999.9	5.5	6.08796296296297	12.211708338088	330
EAST_POINT_(AUT)	2014	9	19	262	5.1	11.2	10.311314542342	-999.9	0.8	9.78009259259258	6.46058811290824	330
EAST_POINT_(AUT)	2014	9	20	263	5.4	16.1	13.5074311397905	-999.9	0	7.75462962962964	7.54325138254054	330
EAST_POINT_(AUT)	2014	9	21	264	14.1	21.6	11.1837458996028	-999.9	13.9	7.76620370370369	15.9334146689525	330
EAST_POINT_(AUT)	2014	9	22	265	12.4	23.7	13.5742578316385	-999.9	53.2	7.75462962962964	18.4984547854017	330
EAST_POINT_(AUT)	2014	9	23	266	9.2	13.2	7.98494528302212	-999.9	2.5	5.61342592592592	9.6719149334609	330
EAST_POINT_(AUT)	2014	9	24	267	7.1	11.6	8.37256687324894	-999.9	0	7.75462962962964	7.91957658442434	330
EAST_POINT_(AUT)	2014	9	25	268	9.2	19.7	12.6416366190932	-999.9	0	6.14583333333333	11.3833649973433	330
EAST_POINT_(AUT)	2014	9	26	269	11.9	17.1	8.79251348778591	-999.9	0	3.22916666666667	14.0150774148116	330
EAST_POINT_(AUT)	2014	9	27	270	7.4	17.2	11.9281797918439	-999.9	0	5.60185185185186	11.7592924034101	330
EAST_POINT_(AUT)	2014	9	28	271	9.3	25.6	15.2003091632885	-999.9	0	6.12268518518519	14.382078451208	330
EAST_POINT_(AUT)	2014	9	29	272	8.6	16.1	10.1867385303835	-999.9	0	10.1273148148148	11.2465175051369	330
EAST_POINT_(AUT)	2014	9	30	273	10.1	15.7	8.69548167565149	-999.9	0	3.65740740740742	12.2936993389171	330
EAST_POINT_(AUT)	2014	10	1	274	10.6	12.7	5.25962036724227	-999.9	0.2	6.71296296296297	11.3204975521307	330
EAST_POINT_(AUT)	2014	10	2	275	10.6	15.5	7.93485155576353	-999.9	0	7.52314814814814	11.2762310762335	330
EAST_POINT_(AUT)	2014	10	3	276	10.9	14.1	6.33233091447393	-999.9	0	5.27777777777778	10.7567286791599	330
EAST_POINT_(AUT)	2014	10	4	277	11.4	16.7	8.04687438533757	-999.9	0	4.29398148148147	12.8087299886051	330
EAST_POINT_(AUT)	2014	10	5	278	12.5	17.6	7.79343532043271	-999.9	3.9	5.91435185185186	14.3166615083009	330
EAST_POINT_(AUT)	2014	10	6	279	7.7	15.2	9.33005165831849	-999.9	0	3.41435185185186	11.5010003270137	330
EAST_POINT_(AUT)	2014	10	7	280	7.6	16.4	9.97609370699016	-999.9	0	4.15509259259258	11.4002016381354	330
EAST_POINT_(AUT)	2014	10	8	281	13.3	17.6	6.88298200196769	-999.9	2.5	6.22685185185186	15.7869062086333	330
EAST_POINT_(AUT)	2014	10	9	282	9.2	17.8	9.60668690943592	-999.9	3.4	4.62560386473431	12.5910177850431	330
EAST_POINT_(AUT)	2014	10	10	283	7.8	15.2	8.7939189599099	-999.9	0	5.99537037037036	9.33817647479642	330
EAST_POINT_(AUT)	2014	10	11	284	6.3	12.7	8.06975652259719	-999.9	0	2.75462962962963	9.91537529449863	330
EAST_POINT_(AUT)	2014	10	12	285	4.7	12	8.50352374252877	-999.9	0.8	7.65046296296297	8.55048706455753	330
EAST_POINT_(AUT)	2014	10	13	286	4.8	16.9	10.8009530016412	-999.9	0	4.22453703703703	9.39380999451356	330
EAST_POINT_(AUT)	2014	10	14	287	8.3	18.2	9.63796689967974	-999.9	0	5.10416666666667	13.002679907072	330
EAST_POINT_(AUT)	2014	10	15	288	14.9	21.6	7.82117529012316	-999.9	0	6.20833333333333	14.4687655629811	330
EAST_POINT_(AUT)	2014	10	16	289	11.7	13.4	3.88593995397444	-999.9	0.9	5.89120370370369	12.9088504333433	330
EAST_POINT_(AUT)	2014	10	17	290	13	17.6	6.30463189366848	-999.9	2.4	7.16435185185186	16.1382858670353	330
EAST_POINT_(AUT)	2014	10	18	291	13.3	16.9	5.50066890713195	-999.9	0	5.3125	15.5874985629494	330
EAST_POINT_(AUT)	2014	10	19	292	8.3	18	8.90450833337374	-999.9	10.2	4.84953703703703	13.8131416350167	330
EAST_POINT_(AUT)	2014	10	20	293	3.7	8.8	6.3671871320644	-999.9	11.9	8.39120370370369	7.65382415654066	330
EAST_POINT_(AUT)	2014	10	21	294	2.3	11.4	8.3869224756915	-999.9	0	4.60648148148147	6.69013119891675	330
EAST_POINT_(AUT)	2014	10	22	295	8.2	11.4	4.90410449427312	-999.9	0	6.78240740740742	9.1490694281924	330
EAST_POINT_(AUT)	2014	10	23	296	10.9	12.9	3.82286033562915	-999.9	0	8.32175925925925	11.2902923312595	330
EAST_POINT_(AUT)	2014	10	24	297	11	13.4	4.12910857695188	-999.9	4.9	7.82407407407408	13.0792832422491	330
EAST_POINT_(AUT)	2014	10	25	298	8.5	11.4	4.47525922910098	-999.9	0.4	5.77546296296297	11.7692081584931	330
EAST_POINT_(AUT)	2014	10	26	299	6.1	11.3	5.90858492710301	-999.9	9.6	4.46759259259258	10.1333623103665	330
EAST_POINT_(AUT)	2014	10	27	300	6.1	9.8	4.91408103753475	-999.9	9	13.5648148148148	9.67217400527142	330
EAST_POINT_(AUT)	2014	10	28	301	3.2	8.1	5.57569744177748	-999.9	0.4	9.0625	7.51131857292054	330
EAST_POINT_(AUT)	2014	10	29	302	3.6	14.9	8.34840087682197	-999.9	0	6.31944444444445	10.2533215580535	330
EAST_POINT_(AUT)	2014	10	30	303	7.4	15.1	6.79483324911409	-999.9	16.5	6.26157407407408	10.8398625735575	330
EAST_POINT_(AUT)	2014	10	31	304	5.4	9.9	5.12175583060703	-999.9	0	4.81481481481481	6.57855174826185	330
EAST_POINT_(AUT)	2014	11	1	305	6.1	8.3	3.53115182159458	-999.9	9.7	9.50231481481481	8.1805953964853	330
EAST_POINT_(AUT)	2014	11	2	306	7.5	15.6	6.68123615417704	-999.9	15.5	11.1342592592593	12.8687932334389	330
EAST_POINT_(AUT)	2014	11	3	307	2	13.5	7.85042178982572	-999.9	16.4	7.95138888888889	9.35534807907536	330
EAST_POINT_(AUT)	2014	11	4	308	2.1	6.6	4.8428871945197	-999.9	2.3	9.21296296296297	7.06366536702579	330
EAST_POINT_(AUT)	2014	11	5	309	2.5	11.9	6.90310040946192	-999.9	0	5.58080808080808	8.71566621698742	330
EAST_POINT_(AUT)	2014	11	6	310	5.2	10	4.86536210968296	-999.9	0	3.85416666666667	7.47282098883503	330
EAST_POINT_(AUT)	2014	11	7	311	3.2	13.5	7.03013465076275	-999.9	25.5	6.12268518518519	10.1462090302193	330
EAST_POINT_(AUT)	2014	11	8	312	-0.9	3.7	4.63462708804061	-999.9	4.6	9.72222222222222	5.79176813890395	330
EAST_POINT_(AUT)	2014	11	9	313	-1.1	10	7.10285343602068	-999.9	0	4.61805555555556	6.88771678404615	330
EAST_POINT_(AUT)	2014	11	10	314	2.9	8.6	5.02219151315922	-999.9	0	4.43287037037036	6.75703456083785	330
EAST_POINT_(AUT)	2014	11	11	315	2.9	9	5.12694522611886	-999.9	0	4.34027777777778	7.50074806547752	330
EAST_POINT_(AUT)	2014	11	12	316	7.8	10.1	3.10708808870844	-999.9	0.9	4.66435185185186	10.3361556729755	330
EAST_POINT_(AUT)	2014	11	13	317	0.7	9.6	6.03313602709571	-999.9	5.4	5.11574074074075	7.7138611238157	330
EAST_POINT_(AUT)	2014	11	14	318	0.5	5.3	4.37415792311492	-999.9	15	4.45652173913044	6.3649821285434	330
EAST_POINT_(AUT)	2014	11	15	319	-2.9	2.1	4.40815216812482	-999.9	8.6	9.78009259259258	4.48601614192575	330
EAST_POINT_(AUT)	2014	11	16	320	-3.2	3.5	5.03945456539379	-999.9	0	4.98842592592592	4.41617186099719	330
EAST_POINT_(AUT)	2014	11	17	321	1.5	10.2	5.67233672417246	-999.9	25.4	4.38657407407408	8.42435622719993	330
EAST_POINT_(AUT)	2014	11	18	322	-2.5	14.3	7.7875323658771	-999.9	61.6	6.63194444444445	8.24172488832614	330
EAST_POINT_(AUT)	2014	11	19	323	-3.5	0.9	3.93827431933239	-999.9	0	7.51157407407408	2.96757759235306	330
EAST_POINT_(AUT)	2014	11	20	324	-5.6	6.4	6.42837479515832	-999.9	4.7	5.76388888888889	4.62805935998533	330
EAST_POINT_(AUT)	2014	11	21	325	-3.6	1.2	4.01942262957312	-999.9	0.7	8.18287037037036	4.3763864211553	330
EAST_POINT_(AUT)	2014	11	22	326	-6.3	1.2	4.96835638249726	-999.9	1.3	8.41435185185186	3.65527416696662	330
EAST_POINT_(AUT)	2014	11	23	327	0.1	5.3	4.0919886719058	-999.9	1.3	5.40509259259258	6.18764804047471	330
EAST_POINT_(AUT)	2014	11	24	328	0.6	11.9	5.96814294892827	-999.9	2.6	6.84027777777778	7.95742052183142	330
EAST_POINT_(AUT)	2014	11	25	329	7.2	15.9	5.18260920528184	-999.9	0.2	6.40046296296297	11.5544848659029	330
EAST_POINT_(AUT)	2014	11	26	330	0.6	7.7	4.63482575297334	-999.9	14.4	5.9375	5.45004554415922	330
EAST_POINT_(AUT)	2014	11	27	331	-1.5	4.1	4.07610284914067	-999.9	22.1	12.5810185185185	6.27562140341357	330
EAST_POINT_(AUT)	2014	11	28	332	-1.9	-0.3	2.15821319190251	-999.9	1.4	6.21527777777778	4.80744761824127	330
EAST_POINT_(AUT)	2014	11	29	333	-7.8	-0.7	4.50492851504233	-999.9	2.7	5.48611111111111	3.59310037149818	330
EAST_POINT_(AUT)	2014	11	30	334	-8.8	8.9	7.05043000915896	-999.9	0.2	7.12962962962964	4.82988699880259	330
EAST_POINT_(AUT)	2014	12	1	335	0.4	11.9	5.63506103754869	-999.9	0	6.88657407407408	8.366846627156	330
EAST_POINT_(AUT)	2014	12	2	336	-6.3	0.4	4.26641250743822	-999.9	0	9.71064814814814	3.29385609094955	330
EAST_POINT_(AUT)	2014	12	3	337	-3.9	9.6	6.00934956267483	-999.9	14.8	9.54861111111111	6.29186862706685	330
EAST_POINT_(AUT)	2014	12	4	338	-6.1	10.8	6.67425417284504	-999.9	4.6	9.20138888888889	5.40662870594666	330
EAST_POINT_(AUT)	2014	12	5	339	-8.9	-3	3.91608384447317	-999.9	0	5.69444444444445	2.89358843140308	330
EAST_POINT_(AUT)	2014	12	6	340	-3	8.2	5.36010513550265	-999.9	12.8	7.10648148148147	6.09141985063381	330
EAST_POINT_(AUT)	2014	12	7	341	-8.3	7.8	6.38691404254576	-999.9	5	11.3425925925926	5.04175660200523	330
EAST_POINT_(AUT)	2014	12	8	342	-9.4	-4.6	3.46730221984177	-999.9	0	6.09953703703703	2.6921038964209	330
EAST_POINT_(AUT)	2014	12	9	343	-4.7	3.5	4.50768391416979	-999.9	0	5.37037037037036	4.65116088179453	330
EAST_POINT_(AUT)	2014	12	10	344	3.3	5.9	2.52577314250724	-999.9	8.6	10.7060185185185	7.55373321988692	330
EAST_POINT_(AUT)	2014	12	11	345	3.4	9.6	3.88287401518107	-999.9	5.8	7.08333333333333	8.8981817644188	330
EAST_POINT_(AUT)	2014	12	12	346	5.3	10.1	3.40266535622127	-999.9	4.4	3.48379629629631	10.0349298726829	330
EAST_POINT_(AUT)	2014	12	13	347	2.9	8.7	3.72689919794033	-999.9	2.4	2.47685185185185	8.8871790940089	330
EAST_POINT_(AUT)	2014	12	14	348	1.9	3	1.61793517364685	-999.9	25	8.02083333333333	6.90222171691466	330
EAST_POINT_(AUT)	2014	12	15	349	-0.8	2.9	2.95933974440852	-999.9	0.2	10.7523148148148	6.00047001685681	330
EAST_POINT_(AUT)	2014	12	16	350	-1.6	1.2	2.56863230333185	-999.9	0	3.95202020202019	5.03986587459355	330
EAST_POINT_(AUT)	2014	12	17	351	-1.6	2.8	3.21424826186275	-999.9	0	3.34490740740742	5.59026708104583	330
EAST_POINT_(AUT)	2014	12	18	352	1.1	7	3.71716279836503	-999.9	6.1	7.46376811594203	7.33529991230147	330
EAST_POINT_(AUT)	2014	12	19	353	-0.9	2.5	2.81942621451429	-999.9	1.6	7.54629629629631	6.1729106607188	330
EAST_POINT_(AUT)	2014	12	20	354	-0.7	1.8	2.41674456845608	-999.9	0.2	8.81313131313131	5.37586383939342	330
EAST_POINT_(AUT)	2014	12	21	355	-2.6	-0.6	2.16181870427561	-999.9	0	3.11342592592592	4.23597194308599	330
EAST_POINT_(AUT)	2014	12	22	356	-2.7	-1.7	1.52950830227751	-999.9	0	2.53787878787879	4.11227493854324	330
EAST_POINT_(AUT)	2014	12	23	357	-2.6	-0.2	2.37196765390006	-999.9	0.9	1.58564814814815	4.61040895392303	330
EAST_POINT_(AUT)	2014	12	24	358	-0.3	6.8	4.0858908325264	-999.9	3	5.61342592592592	6.74799860119214	330
EAST_POINT_(AUT)	2014	12	25	359	5.2	12.3	4.09395870104703	-999.9	22.2	10.1041666666667	10.7565621978102	330
EAST_POINT_(AUT)	2014	12	26	360	2.3	6.1	3.00236759787843	-999.9	0	7.23379629629631	4.99443692362153	330
EAST_POINT_(AUT)	2014	12	27	361	-1.2	3.2	3.24008065342205	-999.9	6.6	8.41435185185186	4.52235660355205	330
EAST_POINT_(AUT)	2014	12	28	362	-2.1	5.7	4.3284470313787	-999.9	5.7	5.3125	6.085455251647	330
EAST_POINT_(AUT)	2014	12	29	363	-7.5	0.9	4.50895273932025	-999.9	0	10.2777777777778	3.27514766812041	330
EAST_POINT_(AUT)	2014	12	30	364	-15	-7.3	4.33537123332592	-999.9	0.9	9.61805555555556	2.00437036530909	330
EAST_POINT_(AUT)	2014	12	31	365	-16.1	-12.8	2.85150365741333	-999.9	0.4	6.41534391534392	1.51152154198382	330
