EAST_POINT_(AUT)	2002	1	1	1	-10.2	-5.8	3.30954071321601	-999.9	0	6.58564814814814	2.4861409332084	330
EAST_POINT_(AUT)	2002	1	2	2	-9.6	-4.1	3.72076780358764	-999.9	0	6.99275362318842	3.13831943300468	330
EAST_POINT_(AUT)	2002	1	3	3	-9.1	-2	4.25277524515851	-999.9	0	5.67129629629631	2.88031623559604	330
EAST_POINT_(AUT)	2002	1	4	4	-13	-4.7	4.62757127696314	-999.9	0	9.59490740740742	2.41832920731425	330
EAST_POINT_(AUT)	2002	1	5	5	-11.9	-7	3.57979442220535	-999.9	0.7	4.35185185185186	2.19737393688255	330
EAST_POINT_(AUT)	2002	1	6	6	-8.7	2.1	5.35290159725216	-999.9	0.7	4.50231481481481	3.97911388459944	330
EAST_POINT_(AUT)	2002	1	7	7	-1.6	2.6	3.36346368579886	-999.9	10.6	8.31018518518519	6.12010379109219	330
EAST_POINT_(AUT)	2002	1	8	8	-8.4	-1.4	4.37682392956275	-999.9	1.3	10.6597222222222	3.79503416469564	330
EAST_POINT_(AUT)	2002	1	9	9	-6.8	1.8	4.89177188747558	-999.9	0	5.40509259259258	4.48284990513736	330
EAST_POINT_(AUT)	2002	1	10	10	-0.7	2.1	2.81551236618845	-999.9	1.1	5.9375	6.37332626553568	330
EAST_POINT_(AUT)	2002	1	11	11	-1	2.8	3.30964696972685	-999.9	0.7	4.00462962962964	6.05656213391894	330
EAST_POINT_(AUT)	2002	1	12	12	-5.8	0.1	4.16267666757015	-999.9	0	6.75925925925925	4.44666156524161	330
EAST_POINT_(AUT)	2002	1	13	13	-8.1	4.1	6.04399363035807	-999.9	4.9	7.87037037037036	4.6540400221037	330
EAST_POINT_(AUT)	2002	1	14	14	-5	2.1	4.65700233380277	-999.9	0	14.1550925925926	4.8585265122766	330
EAST_POINT_(AUT)	2002	1	15	15	-6.8	-1.8	3.94844763185324	-999.9	0	4.67592592592592	3.54658172349847	330
EAST_POINT_(AUT)	2002	1	16	16	-5.6	-1.5	3.61346094061069	-999.9	0	11.2731481481481	4.51451697311604	330
EAST_POINT_(AUT)	2002	1	17	17	-9.8	-2.3	4.94052493270381	-999.9	0.6	3.79629629629631	3.51762885442513	330
EAST_POINT_(AUT)	2002	1	18	18	-5.7	-1.8	3.60248141961816	-999.9	0.7	5.40509259259258	4.30056060429066	330
EAST_POINT_(AUT)	2002	1	19	19	-9.7	-3.9	4.44346071534595	-999.9	0.6	5.82175925925925	3.26770112037516	330
EAST_POINT_(AUT)	2002	1	20	20	-6.5	-2.8	3.59047567495133	-999.9	2	4.36868686868686	3.71267944500508	330
EAST_POINT_(AUT)	2002	1	21	21	-6.2	0.1	4.7409569970015	-999.9	0.7	4.52546296296297	4.12238625716435	330
EAST_POINT_(AUT)	2002	1	22	22	-6.5	-0.6	4.64367877544489	-999.9	3.5	14.6527777777778	4.69690188992742	330
EAST_POINT_(AUT)	2002	1	23	23	-6.8	2	5.74127997491723	-999.9	0	8.56481481481481	4.55051455474599	330
EAST_POINT_(AUT)	2002	1	24	24	-4.2	2.2	4.95763365300488	-999.9	0	5.17361111111111	5.3373045295275	330
EAST_POINT_(AUT)	2002	1	25	25	-9.7	-3.7	4.8613626319602	-999.9	0	6.85185185185186	3.2215942145875	330
EAST_POINT_(AUT)	2002	1	26	26	-7.9	-3.9	4.0205581320578	-999.9	0	6.86342592592592	3.47286971016586	330
EAST_POINT_(AUT)	2002	1	27	27	-10.6	-6.9	3.91743993088393	-999.9	0	7.37268518518519	2.57960870811429	330
EAST_POINT_(AUT)	2002	1	28	28	-7	1.2	5.90908110125956	-999.9	0	6.55092592592592	4.38260649622558	330
EAST_POINT_(AUT)	2002	1	29	29	-4.2	-0.2	4.18231044345765	-999.9	0	4.91898148148147	4.75333396475956	330
EAST_POINT_(AUT)	2002	1	30	30	-9.4	-4.1	4.87926639057769	-999.9	0.6	7.01388888888889	3.28154731156319	330
EAST_POINT_(AUT)	2002	1	31	31	-14.2	-8.8	4.99225002927633	-999.9	0	10.5671296296296	2.11330822380406	330
EAST_POINT_(AUT)	2002	2	1	32	-13.7	-3.1	7.09060509554191	-999.9	6	4.76851851851853	2.84764678007756	330
EAST_POINT_(AUT)	2002	2	2	33	-8.9	-1.9	5.84189827162691	-999.9	2.5	11.1342592592593	3.94664647217272	330
EAST_POINT_(AUT)	2002	2	3	34	-15.1	-8.2	5.88089628823376	-999.9	0.9	8.56481481481481	2.15931282425559	330
EAST_POINT_(AUT)	2002	2	4	35	-13.3	-3.4	7.14308448855234	-999.9	3.8	5.60606060606061	2.57715431743535	330
EAST_POINT_(AUT)	2002	2	5	36	-7.5	-4	4.30707606686382	-999.9	1.9	16.0416666666667	3.48450968361602	330
EAST_POINT_(AUT)	2002	2	6	37	-13.3	-7.2	5.76661408339033	-999.9	0	10.0462962962963	2.30759958451937	330
EAST_POINT_(AUT)	2002	2	7	38	-15.5	-8.4	6.30980335339264	-999.9	0	6.08796296296297	2.0517137054394	330
EAST_POINT_(AUT)	2002	2	8	39	-9.5	-3.4	5.93200742304851	-999.9	2.3	5.48611111111111	3.52804126890029	330
EAST_POINT_(AUT)	2002	2	9	40	-13.4	-8.7	5.28143049485233	-999.9	0.7	8.78472222222222	2.44560507589293	330
EAST_POINT_(AUT)	2002	2	10	41	-9.3	-1.7	6.81220141956531	-999.9	0.7	7.36111111111111	3.15040160171801	330
EAST_POINT_(AUT)	2002	2	11	42	-14.8	5.7	11.3486540693896	-999.9	19.1	13.7268518518519	4.17493031635137	330
EAST_POINT_(AUT)	2002	2	12	43	-14.6	-1.9	9.06069186168722	-999.9	0	7.47685185185186	2.57538982975988	330
EAST_POINT_(AUT)	2002	2	13	44	-12.6	1.3	9.61526019377668	-999.9	0	8.96990740740742	3.68354248946523	330
EAST_POINT_(AUT)	2002	2	14	45	-14.9	-6.2	7.71625048639317	-999.9	0	7.99768518518519	1.97782272785073	330
EAST_POINT_(AUT)	2002	2	15	46	-6.3	1.8	7.55228044328543	-999.9	0	8.51851851851853	4.35102135134022	330
EAST_POINT_(AUT)	2002	2	16	47	0.3	3.7	4.96314399623625	-999.9	8.8	5.85648148148147	6.77861405720926	330
EAST_POINT_(AUT)	2002	2	17	48	-3.8	2.5	6.85266616901065	-999.9	0	4.35185185185186	5.76678695083586	330
EAST_POINT_(AUT)	2002	2	18	49	-6.3	-3.5	4.6336958474811	-999.9	0	10.8217592592593	3.95508715196022	330
EAST_POINT_(AUT)	2002	2	19	50	-7.8	-4.3	5.25443979004385	-999.9	0.9	9.79166666666667	3.67670943944297	330
EAST_POINT_(AUT)	2002	2	20	51	-8.4	-2.6	6.86013126092545	-999.9	0	4.49074074074075	3.76043082233116	330
EAST_POINT_(AUT)	2002	2	21	52	-5.2	0.5	6.89702159489018	-999.9	3.2	6.43518518518519	4.95152596932539	330
EAST_POINT_(AUT)	2002	2	22	53	-2.1	3.6	6.99430661033293	-999.9	4.1	6.82367149758453	6.38474585879439	330
EAST_POINT_(AUT)	2002	2	23	54	-5.2	-1.9	5.39662684595324	-999.9	0	6.34259259259258	4.2125032399015	330
EAST_POINT_(AUT)	2002	2	24	55	-4.5	-3.1	3.56418763658932	-999.9	0.7	4.91898148148147	4.11895561920381	330
EAST_POINT_(AUT)	2002	2	25	56	-4.4	-2	4.73155789268366	-999.9	0	2.55787037037037	4.27361997573659	330
EAST_POINT_(AUT)	2002	2	26	57	-2.4	1.9	6.42101458822912	-999.9	0.8	6.18055555555556	5.8249178012249	330
EAST_POINT_(AUT)	2002	2	27	58	1.3	5.2	6.19925681950889	-999.9	2.1	8.78472222222222	7.66479341834882	330
EAST_POINT_(AUT)	2002	2	28	59	-5.4	6.1	10.7909415516747	-999.9	5.2	9.86111111111111	5.33885345964178	330
EAST_POINT_(AUT)	2002	3	1	60	-6.9	-1	7.83435050075971	-999.9	0	4.39814814814814	3.28681532700885	330
EAST_POINT_(AUT)	2002	3	2	61	-6.8	-0.3	8.33416466566628	-999.9	0	5.03472222222222	3.61043690161018	330
EAST_POINT_(AUT)	2002	3	3	62	-2.3	5	8.95066923966102	-999.9	6.7	9.15509259259258	6.22749471115173	330
EAST_POINT_(AUT)	2002	3	4	63	-4.8	5	10.5088352642323	-999.9	0	5.63657407407408	5.20855013950872	330
EAST_POINT_(AUT)	2002	3	5	64	-9.5	-4.8	7.37386734292709	-999.9	0	7.90509259259258	2.40179272769598	330
EAST_POINT_(AUT)	2002	3	6	65	-9.5	-1.4	9.80730734582495	-999.9	0.8	5.01157407407408	2.50808671204735	330
EAST_POINT_(AUT)	2002	3	7	66	-5.2	-0.4	7.64792380722377	-999.9	0	3.87731481481481	4.29042029387895	330
EAST_POINT_(AUT)	2002	3	8	67	-7.2	-2.4	7.74662949334845	-999.9	0	5.82175925925925	3.13935107424614	330
EAST_POINT_(AUT)	2002	3	9	68	-6.2	-1.1	8.08721389412657	-999.9	5.4	6.875	4.21806445896597	330
EAST_POINT_(AUT)	2002	3	10	69	-1.2	6	9.73090294588518	-999.9	5.1	8.25231481481481	7.21187741383442	330
EAST_POINT_(AUT)	2002	3	11	70	-8.1	0	10.4508791239629	-999.9	0	7.82407407407408	2.57841639028393	330
EAST_POINT_(AUT)	2002	3	12	71	-7.1	1.2	10.710807427716	-999.9	0.6	5.12731481481481	3.29180512202617	330
EAST_POINT_(AUT)	2002	3	13	72	-3.2	1.4	8.07204310216519	-999.9	2.4	4.57175925925925	5.19930067969389	330
EAST_POINT_(AUT)	2002	3	14	73	-4	7.9	13.1415666387856	-999.9	1.4	8.64583333333333	6.15539507417171	330
EAST_POINT_(AUT)	2002	3	15	74	-6.1	-3.9	5.71874912530065	-999.9	0	8.84259259259258	2.94041754283333	330
EAST_POINT_(AUT)	2002	3	16	75	-5.7	-3.7	5.51781282243123	-999.9	1.6	7.97453703703703	3.83118318325856	330
EAST_POINT_(AUT)	2002	3	17	76	-5.2	-3.1	5.72096674562935	-999.9	0	11.9212962962963	3.56774572443889	330
EAST_POINT_(AUT)	2002	3	18	77	-5	-2.6	6.18754163082708	-999.9	0	7.45370370370369	3.78858910377986	330
EAST_POINT_(AUT)	2002	3	19	78	-5.8	-2.9	6.88031946028885	-999.9	0	6.97916666666667	3.47749589948819	330
EAST_POINT_(AUT)	2002	3	20	79	-7.5	-1.2	10.2570104399057	-999.9	0	3.85416666666667	3.92072426692162	330
EAST_POINT_(AUT)	2002	3	21	80	-2.3	0	6.26756292582095	-999.9	3.2	7.19907407407408	5.358027700847	330
EAST_POINT_(AUT)	2002	3	22	81	-11.7	-0.2	14.1713384488467	-999.9	0	6.71296296296297	3.76706283636025	330
EAST_POINT_(AUT)	2002	3	23	82	-12.4	-2.2	13.4937203169408	-999.9	0.6	9.64120370370369	2.50027442327636	330
EAST_POINT_(AUT)	2002	3	24	83	-7.3	0.9	12.2306730193757	-999.9	0.7	8.49537037037036	3.10165799657478	330
EAST_POINT_(AUT)	2002	3	25	84	-9.5	-2.6	11.340223286321	-999.9	0	9.25925925925925	2.32452446679132	330
EAST_POINT_(AUT)	2002	3	26	85	-3.6	-0.1	8.16255737288813	-999.9	0	5.87962962962964	4.35696638446226	330
EAST_POINT_(AUT)	2002	3	27	86	-2.1	5.4	12.0742260459617	-999.9	8.7	8.11342592592592	6.59709732557698	330
EAST_POINT_(AUT)	2002	3	28	87	-1.5	5.2	11.5303789489224	-999.9	2.5	3.11342592592592	7.03825531323653	330
EAST_POINT_(AUT)	2002	3	29	88	-2.2	2.2	9.43954156452699	-999.9	0	3.34490740740742	5.61328264583333	330
EAST_POINT_(AUT)	2002	3	30	89	-2.4	3.3	10.8522827073195	-999.9	5.6	6.06481481481481	5.7965974381835	330
EAST_POINT_(AUT)	2002	3	31	90	0.5	4.6	9.29555445487292	-999.9	0	3.26388888888889	7.28134295910783	330
EAST_POINT_(AUT)	2002	4	1	91	0.9	5.4	9.83399137510211	-999.9	11.1	6.14583333333333	7.52392245937185	330
EAST_POINT_(AUT)	2002	4	2	92	1.9	9.3	12.7326864411091	-999.9	0	10.3935185185185	6.46227562054447	330
EAST_POINT_(AUT)	2002	4	3	93	0	5.8	11.3799191190802	-999.9	1.7	5.91435185185186	6.60362788336295	330
EAST_POINT_(AUT)	2002	4	4	94	1.3	6.5	10.8764758137229	-999.9	4.4	6.25	6.9686979268418	330
EAST_POINT_(AUT)	2002	4	5	95	-2.6	2.3	10.6558051082819	-999.9	0	5.50925925925925	4.75345778479349	330
EAST_POINT_(AUT)	2002	4	6	96	-1.7	0.5	7.20512712507595	-999.9	0	7.41898148148147	4.99387799940044	330
EAST_POINT_(AUT)	2002	4	7	97	-4.7	0.7	11.3896318215391	-999.9	0	9.32870370370369	4.35363686927689	330
EAST_POINT_(AUT)	2002	4	8	98	-5	4.6	15.320445786695	-999.9	0.6	4.96527777777778	4.77362091431542	330
EAST_POINT_(AUT)	2002	4	9	99	0.9	4.4	9.33111091735247	-999.9	3	9.21296296296297	6.56021089288663	330
EAST_POINT_(AUT)	2002	4	10	100	-0.8	7	14.0491754813206	-999.9	11.3	6.81712962962964	7.40058398465324	330
EAST_POINT_(AUT)	2002	4	11	101	-0.8	2.6	9.35379780653169	-999.9	0	4.87268518518519	5.1176448855782	330
EAST_POINT_(AUT)	2002	4	12	102	0.2	8.5	14.7357911441606	-999.9	0.6	7.74305555555556	6.16408062999625	330
EAST_POINT_(AUT)	2002	4	13	103	2.9	13.3	16.6294553931199	-999.9	2.6	6.84027777777778	10.1042306690376	330
EAST_POINT_(AUT)	2002	4	14	104	0.4	4.2	10.1326096765924	-999.9	9.5	5.71759259259258	7.12144802041145	330
EAST_POINT_(AUT)	2002	4	15	105	0.4	4.3	10.3459734781729	-999.9	6	5.19675925925925	7.1267815151461	330
EAST_POINT_(AUT)	2002	4	16	106	1.3	11.7	17.025772917518	-999.9	1.4	2.71990740740741	9.5826572847587	330
EAST_POINT_(AUT)	2002	4	17	107	-2.1	12.4	20.256622730032	-999.9	0	7.28009259259258	7.41404214539484	330
EAST_POINT_(AUT)	2002	4	18	108	-2.9	2.1	11.9840297440832	-999.9	0	3.05555555555556	4.7095717636164	330
EAST_POINT_(AUT)	2002	4	19	109	0.5	4.6	10.9316777693314	-999.9	5.4	4.73379629629631	6.72953923782065	330
EAST_POINT_(AUT)	2002	4	20	110	0.3	8.4	15.4759323044347	-999.9	5.2	7.61574074074075	6.91665151895093	330
EAST_POINT_(AUT)	2002	4	21	111	-1.2	1.6	9.16337325694276	-999.9	0	9.95370370370369	4.2786529957605	330
EAST_POINT_(AUT)	2002	4	22	112	-0.1	3.1	9.86407278060804	-999.9	0	6.51620370370369	5.67390138046337	330
EAST_POINT_(AUT)	2002	4	23	113	-0.5	2	8.7780754693535	-999.9	0.7	6.50462962962964	6.27046324359232	330
EAST_POINT_(AUT)	2002	4	24	114	-0.4	1.4	7.49819867979528	-999.9	0	6.88657407407408	5.84963126652919	330
EAST_POINT_(AUT)	2002	4	25	115	0.2	2.7	8.89458503105802	-999.9	0.6	3.71527777777778	6.33504910535915	330
EAST_POINT_(AUT)	2002	4	26	116	0.1	2.8	9.30285885945466	-999.9	3.3	6.48148148148147	6.46898851514407	330
EAST_POINT_(AUT)	2002	4	27	117	0.3	7.4	15.1805223148656	-999.9	0.7	9.12037037037036	6.50907478520722	330
EAST_POINT_(AUT)	2002	4	28	118	0.3	3.7	10.5697418148703	-999.9	0	7.71990740740742	4.84693057423982	330
EAST_POINT_(AUT)	2002	4	29	119	0.1	2	7.94902304728854	-999.9	8.5	10.3472222222222	6.39090207609854	330
EAST_POINT_(AUT)	2002	4	30	120	-0.6	0.9	7.10459853200342	-999.9	0.7	6.78240740740742	6.15721258880513	330
EAST_POINT_(AUT)	2002	5	1	121	0.7	8.2	15.9781571832251	-999.9	6.4	4.34027777777778	7.38825710305053	330
EAST_POINT_(AUT)	2002	5	2	122	1.6	8.8	15.7438124449407	-999.9	3.6	5.49768518518519	8.04329185319171	330
EAST_POINT_(AUT)	2002	5	3	123	1.2	7.7	15.0415871164949	-999.9	1.5	5.02314814814814	8.1249678542612	330
EAST_POINT_(AUT)	2002	5	4	124	1.1	7.5	15.0060465407968	-999.9	0.7	10.3240740740741	6.88224146895196	330
EAST_POINT_(AUT)	2002	5	5	125	0.8	5.4	12.7891238202358	-999.9	0	6.71296296296297	5.10407130232019	330
EAST_POINT_(AUT)	2002	5	6	126	2.2	12.3	19.0482314233772	-999.9	0.7	8.22916666666667	7.61208816187658	330
EAST_POINT_(AUT)	2002	5	7	127	4.6	14.8	19.2385766231359	-999.9	1.6	7.35507246376811	8.40598094096438	330
EAST_POINT_(AUT)	2002	5	8	128	1.2	10.6	18.5593474246499	-999.9	0.7	7.44212962962964	7.46845602798813	330
EAST_POINT_(AUT)	2002	5	9	129	2.4	5.7	11.0491525372332	-999.9	0	4.88425925925925	5.9500214305699	330
EAST_POINT_(AUT)	2002	5	10	130	4.6	11.5	16.0515628618866	-999.9	9	6.65509259259258	10.1449006493692	330
EAST_POINT_(AUT)	2002	5	11	131	3.2	10	16.0072165243552	-999.9	0	8.49537037037036	7.51192668350282	330
EAST_POINT_(AUT)	2002	5	12	132	-1.5	5.5	16.3127439609792	-999.9	0	7.26851851851853	5.36972564531871	330
EAST_POINT_(AUT)	2002	5	13	133	-2.3	6.5	18.3689472310156	-999.9	0	2.77777777777778	5.7240634767144	330
EAST_POINT_(AUT)	2002	5	14	134	1.4	4.8	11.4655753273913	-999.9	14.6	7.70833333333333	6.48070129687589	330
EAST_POINT_(AUT)	2002	5	15	135	3.6	10	15.7945991594908	-999.9	0.6	5.67129629629631	9.06308457457809	330
EAST_POINT_(AUT)	2002	5	16	136	2.8	12	19.0118227785832	-999.9	1.2	6.45833333333333	8.80171938912224	330
EAST_POINT_(AUT)	2002	5	17	137	2.4	12.3	19.7973873067093	-999.9	4.8	5.72916666666667	9.49534485248429	330
EAST_POINT_(AUT)	2002	5	18	138	3.1	7.9	13.8363256125904	-999.9	5.4	3.53009259259258	8.57565950712674	330
EAST_POINT_(AUT)	2002	5	19	139	3.3	8.5	14.4531112730129	-999.9	0.7	6.07638888888889	8.86344859513056	330
EAST_POINT_(AUT)	2002	5	20	140	3.6	11.4	17.7630013186543	-999.9	0	3.51851851851853	8.91414881093969	330
EAST_POINT_(AUT)	2002	5	21	141	2.6	11.3	18.8229677729739	-999.9	0	3.13657407407408	8.68539114615611	330
EAST_POINT_(AUT)	2002	5	22	142	1.7	15	23.3487678195899	-999.9	0	3.31018518518519	8.4121296686909	330
EAST_POINT_(AUT)	2002	5	23	143	7.5	21.5	24.0304705070712	-999.9	0	7.61574074074075	8.8345411599527	330
EAST_POINT_(AUT)	2002	5	24	144	7.2	19.8	22.8662137121045	-999.9	5.2	7.93981481481481	9.98196165871643	330
EAST_POINT_(AUT)	2002	5	25	145	0.2	8.7	18.835622286756	-999.9	1.4	6.36574074074075	6.94059076140577	330
EAST_POINT_(AUT)	2002	5	26	146	1	14.2	23.5380220397205	-999.9	0	6.81712962962964	7.90520513722466	330
EAST_POINT_(AUT)	2002	5	27	147	7	16.3	19.8101649687525	-999.9	0	4.25925925925925	11.7059006700132	330
EAST_POINT_(AUT)	2002	5	28	148	7.5	14	16.6042093569628	-999.9	0	3.63425925925925	11.233592037361	330
EAST_POINT_(AUT)	2002	5	29	149	8	21	23.5396250063082	-999.9	0.7	4.84953703703703	12.1155474546967	330
EAST_POINT_(AUT)	2002	5	30	150	9.1	20.2	21.8025492929571	-999.9	10.4	5.97222222222222	15.0859288472258	330
EAST_POINT_(AUT)	2002	5	31	151	10.8	18	17.598744254568	-999.9	2.7	6.67824074074075	15.7159524957951	330
EAST_POINT_(AUT)	2002	6	1	152	10.5	23.6	23.7888022950471	-999.9	2.1	7.29166666666667	15.1404379107554	330
EAST_POINT_(AUT)	2002	6	2	153	7.5	14.8	17.7939282696047	-999.9	1.6	5.87962962962964	11.3525353649368	330
EAST_POINT_(AUT)	2002	6	3	154	4.4	11.7	17.8277859466485	-999.9	0	7.32638888888889	8.74856465798608	330
EAST_POINT_(AUT)	2002	6	4	155	3.4	10.7	17.8597427736633	-999.9	0	5.84490740740742	7.17930521837408	330
EAST_POINT_(AUT)	2002	6	5	156	7.8	12.6	14.5065619877504	-999.9	1.2	6.70138888888889	10.0847453572952	330
EAST_POINT_(AUT)	2002	6	6	157	5.8	12.8	17.545891225524	-999.9	7.7	4.35185185185186	11.3315867314625	330
EAST_POINT_(AUT)	2002	6	7	158	6.2	12.4	16.5370222322271	-999.9	0	3.28703703703703	10.1650998620473	330
EAST_POINT_(AUT)	2002	6	8	159	6.2	10.6	13.9500404481448	-999.9	0	4.03935185185186	8.72112785279304	330
EAST_POINT_(AUT)	2002	6	9	160	7.4	9.9	10.5283300522337	-999.9	8.2	8.20601851851853	10.175721929871	330
EAST_POINT_(AUT)	2002	6	10	161	6.6	8.7	9.66033677481988	-999.9	6.9	6.43518518518519	10.2152244058906	330
EAST_POINT_(AUT)	2002	6	11	162	6.7	10.5	13.0082956463817	-999.9	0	3.96990740740742	9.93876341977841	330
EAST_POINT_(AUT)	2002	6	12	163	6.6	11.6	14.935250128187	-999.9	0	3.29861111111111	10.2610830791027	330
EAST_POINT_(AUT)	2002	6	13	164	4.6	14.1	20.6035083640446	-999.9	0	5.34722222222222	10.0808068298934	330
EAST_POINT_(AUT)	2002	6	14	165	4.2	13	19.8438358931075	-999.9	0	4.00462962962964	8.93834226651756	330
EAST_POINT_(AUT)	2002	6	15	166	5.5	10.5	14.9667428923827	-999.9	4	5.83333333333333	9.34004366819945	330
EAST_POINT_(AUT)	2002	6	16	167	8.4	9.8	7.92350719710316	-999.9	3.6	5.67632850241547	10.9695994495608	330
EAST_POINT_(AUT)	2002	6	17	168	8.1	12.4	13.8915910454515	-999.9	0	3.37962962962964	11.6251874895224	330
EAST_POINT_(AUT)	2002	6	18	169	6.4	10.8	14.0559965008567	-999.9	0	3.42592592592592	10.3595012879722	330
EAST_POINT_(AUT)	2002	6	19	170	6	12.7	17.3477635239001	-999.9	0	1.58564814814815	10.6778590209933	330
EAST_POINT_(AUT)	2002	6	20	171	7.2	19.6	23.6015758678129	-999.9	0.6	4.75694444444445	12.0458897606507	330
EAST_POINT_(AUT)	2002	6	21	172	11.7	23.4	22.9245308292433	-999.9	0	6.58564814814814	14.9193699472854	330
EAST_POINT_(AUT)	2002	6	22	173	5.9	18.4	23.6915358128231	-999.9	0	5.16203703703703	11.5216595106722	330
EAST_POINT_(AUT)	2002	6	23	174	4.9	18.1	24.3393617959537	-999.9	1.5	3.93518518518519	10.1385916012075	330
EAST_POINT_(AUT)	2002	6	24	175	10.1	17.9	18.7028103991469	-999.9	16.9	7.66203703703703	14.7254143047518	330
EAST_POINT_(AUT)	2002	6	25	176	9.9	14	13.5532105922732	-999.9	0	9.08564814814814	12.5736655226578	330
EAST_POINT_(AUT)	2002	6	26	177	10.6	23.8	24.3041954367617	-999.9	0.4	4.0079365079365	14.9832789157656	330
EAST_POINT_(AUT)	2002	6	27	178	12.2	20.5	19.2588647660775	-999.9	20	6.82870370370369	17.2677199023111	330
EAST_POINT_(AUT)	2002	6	28	179	12.1	17.6	15.6647566599754	-999.9	4.6	2.2337962962963	16.4796240124732	330
EAST_POINT_(AUT)	2002	6	29	180	12.3	15.8	12.4847629161429	-999.9	0.6	4.98842592592592	15.0635510848651	330
EAST_POINT_(AUT)	2002	6	30	181	12.4	16.6	13.6624368464377	-999.9	1.3	4.50231481481481	15.2514987343046	330
EAST_POINT_(AUT)	2002	7	1	182	13.2	21.8	19.5282461185223	-999.9	0	6.48148148148147	16.3398482927337	330
EAST_POINT_(AUT)	2002	7	2	183	13	18.1	15.0197535916642	-999.9	0	4.43287037037036	16.3925948666527	330
EAST_POINT_(AUT)	2002	7	3	184	12.6	23.5	21.9284456358736	-999.9	0.7	6.34259259259258	19.0110939739121	330
EAST_POINT_(AUT)	2002	7	4	185	14.9	21.1	16.5143107851175	-999.9	5.3	3.33333333333333	19.46181525329	330
EAST_POINT_(AUT)	2002	7	5	186	14.5	20.4	16.084727312379	-999.9	1.2	7.36111111111111	19.4522003484924	330
EAST_POINT_(AUT)	2002	7	6	187	14.6	18.3	12.7164143325161	-999.9	0.7	3.34490740740742	18.5087781188539	330
EAST_POINT_(AUT)	2002	7	7	188	14	19.3	15.1925549064692	-999.9	0	3.95833333333333	17.6003896422815	330
EAST_POINT_(AUT)	2002	7	8	189	14.7	20.2	15.4474283487881	-999.9	0	3.11342592592592	18.5235146544354	330
EAST_POINT_(AUT)	2002	7	9	190	15.1	21.5	16.6302820805244	-999.9	10.7	5.38647342995169	19.8772113629162	330
EAST_POINT_(AUT)	2002	7	10	191	11.8	19.9	18.6697998125462	-999.9	0	3.66898148148147	15.8639253042279	330
EAST_POINT_(AUT)	2002	7	11	192	10.6	18	17.8054595699835	-999.9	1.9	7.26851851851853	13.0644247952205	330
EAST_POINT_(AUT)	2002	7	12	193	12.7	19	16.3908070799546	-999.9	0.6	5.28935185185186	13.9140002311022	330
EAST_POINT_(AUT)	2002	7	13	194	14.1	24.8	21.3092002449492	-999.9	0	4.66435185185186	17.781343932607	330
EAST_POINT_(AUT)	2002	7	14	195	15.9	21.6	15.513516198901	-999.9	0	3.77314814814814	19.019412858635	330
EAST_POINT_(AUT)	2002	7	15	196	15.6	22.4	16.8996251066193	-999.9	0	5.96064814814814	19.2217066367281	330
EAST_POINT_(AUT)	2002	7	16	197	15	19.7	14.0111398500682	-999.9	0	4.97685185185186	17.0600386618775	330
EAST_POINT_(AUT)	2002	7	17	198	13.9	19.7	15.5200266268832	-999.9	0	3.73842592592592	15.2153205674143	330
EAST_POINT_(AUT)	2002	7	18	199	14.9	20.2	14.7918398601672	-999.9	0	6.84027777777778	18.3208515831225	330
EAST_POINT_(AUT)	2002	7	19	200	14.8	17.6	10.7181740648858	-999.9	0	4.86111111111111	15.0459693916796	330
EAST_POINT_(AUT)	2002	7	20	201	13.4	16.9	11.9449662873667	-999.9	7.7	5.87962962962964	15.6374776852143	330
EAST_POINT_(AUT)	2002	7	21	202	13.4	20	16.3487076021261	-999.9	0	4.07407407407408	15.4927966665903	330
EAST_POINT_(AUT)	2002	7	22	203	15.8	23.5	17.598216355714	-999.9	0	7.10648148148147	18.3973109266873	330
EAST_POINT_(AUT)	2002	7	23	204	16.7	27.1	20.379940222574	-999.9	3.6	7.69675925925925	21.6475913231141	330
EAST_POINT_(AUT)	2002	7	24	205	12.8	17.7	13.9379263854472	-999.9	0	7.03703703703703	12.7055364622401	330
EAST_POINT_(AUT)	2002	7	25	206	9.1	18.2	18.922803525153	-999.9	0	5.24305555555556	11.6670650117291	330
EAST_POINT_(AUT)	2002	7	26	207	8.3	19.1	20.5348674340382	-999.9	0	3.31018518518519	11.1817570798191	330
EAST_POINT_(AUT)	2002	7	27	208	13	19.3	15.6212555636978	-999.9	0	3.81944444444444	13.7825085723066	330
EAST_POINT_(AUT)	2002	7	28	209	12.1	20.3	17.7487767215557	-999.9	0	2.5	14.61454374604	330
EAST_POINT_(AUT)	2002	7	29	210	15.7	22.2	15.7356256257981	-999.9	0	5.20833333333333	19.0010844658618	330
EAST_POINT_(AUT)	2002	7	30	211	16.9	21.4	13.0361461964995	-999.9	2	4.88425925925925	20.9708262829642	330
EAST_POINT_(AUT)	2002	7	31	212	15.6	23.1	16.7547830015329	-999.9	0	5.57870370370369	21.0733807130674	330
EAST_POINT_(AUT)	2002	8	1	213	14.7	19.7	13.6178251168646	-999.9	0	6.70138888888889	16.1314184006227	330
EAST_POINT_(AUT)	2002	8	2	214	12.2	19.3	16.1516033958806	-999.9	0	5.03472222222222	14.5161850109551	330
EAST_POINT_(AUT)	2002	8	3	215	16.3	19.5	10.7913080489385	-999.9	1.5	6.53935185185186	18.0012406976103	330
EAST_POINT_(AUT)	2002	8	4	216	16.1	22.7	15.4217048711522	-999.9	0	4.12037037037036	20.0084021707702	330
EAST_POINT_(AUT)	2002	8	5	217	18.5	25.6	15.9147332688926	-999.9	0	7.05314009661836	22.8427498176283	330
EAST_POINT_(AUT)	2002	8	6	218	17.4	20.8	10.9563937420637	-999.9	28	4.22705314009661	21.4473994220846	330
EAST_POINT_(AUT)	2002	8	7	219	14.6	21.2	15.1846957511764	-999.9	0.7	7.04861111111111	17.4606886652226	330
EAST_POINT_(AUT)	2002	8	8	220	11.2	20.4	17.831247235071	-999.9	0	3.03240740740742	14.6363396721942	330
EAST_POINT_(AUT)	2002	8	9	221	10.4	18.6	16.7415589189072	-999.9	0	3.51851851851853	13.034229217225	330
EAST_POINT_(AUT)	2002	8	10	222	11.6	24.1	20.5538114789968	-999.9	0	3.48379629629631	16.9973583517474	330
EAST_POINT_(AUT)	2002	8	11	223	16.9	25.4	16.8516410260171	-999.9	0	5.33564814814814	19.4864526418345	330
EAST_POINT_(AUT)	2002	8	12	224	18.3	26.3	16.252487232598	-999.9	0	4.72222222222222	21.179080638085	330
EAST_POINT_(AUT)	2002	8	13	225	18.6	27.7	17.2299539838827	-999.9	0	4.10879629629631	23.9849423202789	330
EAST_POINT_(AUT)	2002	8	14	226	17.1	27.4	18.2186771867667	-999.9	0	2.56944444444444	22.4070166963569	330
EAST_POINT_(AUT)	2002	8	15	227	20.1	28.5	16.3500337086098	-999.9	0	4.78009259259258	24.1516417628625	330
EAST_POINT_(AUT)	2002	8	16	228	20.4	27.6	15.0408285924233	-999.9	0	5.33564814814814	24.2577343924037	330
EAST_POINT_(AUT)	2002	8	17	229	18	28.5	18.0456338980514	-999.9	0	3.66898148148147	25.0518922462839	330
EAST_POINT_(AUT)	2002	8	18	230	18.5	28.6	17.581478206877	-999.9	0	3.10185185185186	22.6938637046443	330
EAST_POINT_(AUT)	2002	8	19	231	19.1	27.4	15.8305475700179	-999.9	0	4.30555555555556	25.3032490246747	330
EAST_POINT_(AUT)	2002	8	20	232	16.3	23.4	14.5409573443203	-999.9	0.6	3.34490740740742	20.5907422466297	330
EAST_POINT_(AUT)	2002	8	21	233	11.8	21.8	17.1362294732149	-999.9	0	5.28935185185186	14.2788700117134	330
EAST_POINT_(AUT)	2002	8	22	234	15.2	25.5	17.2675054433782	-999.9	1	5.35879629629631	17.29684231309	330
EAST_POINT_(AUT)	2002	8	23	235	8.7	19.9	17.8755647700168	-999.9	0.7	5.9375	12.2121006306054	330
EAST_POINT_(AUT)	2002	8	24	236	10.3	22.1	18.2127433701924	-999.9	0	4.86111111111111	13.0583298099831	330
EAST_POINT_(AUT)	2002	8	25	237	13.6	18.6	11.7664808095979	-999.9	5.3	7.41898148148147	16.6496888434098	330
EAST_POINT_(AUT)	2002	8	26	238	14.2	22.6	15.134632234648	-999.9	0	5.10416666666667	16.4772423161004	330
EAST_POINT_(AUT)	2002	8	27	239	16	20.9	11.4694906266713	-999.9	0	6.00694444444445	15.9838902063539	330
EAST_POINT_(AUT)	2002	8	28	240	13.3	19.7	13.0044795079871	-999.9	0	6.03009259259258	14.6845206119036	330
EAST_POINT_(AUT)	2002	8	29	241	10.1	21.1	16.912160324958	-999.9	0	3.66898148148147	13.945938916406	330
EAST_POINT_(AUT)	2002	8	30	242	13.7	21.5	14.1251314613985	-999.9	0	7.1875	16.5864327292055	330
EAST_POINT_(AUT)	2002	8	31	243	6.5	16.4	15.7814822437903	-999.9	0	7.48842592592592	7.70328600382902	330
EAST_POINT_(AUT)	2002	9	1	244	8.2	21.2	17.9320223570597	-999.9	0	5.34722222222222	10.5377592040455	330
EAST_POINT_(AUT)	2002	9	2	245	12.1	21.7	15.2778729533826	-999.9	0	5.63657407407408	13.7092759182255	330
EAST_POINT_(AUT)	2002	9	3	246	14.3	22.9	14.3346916782123	-999.9	0	4.90740740740742	17.4739734556487	330
EAST_POINT_(AUT)	2002	9	4	247	16.7	22.4	11.5672597576509	-999.9	0	6.73611111111111	19.0277428403535	330
EAST_POINT_(AUT)	2002	9	5	248	12.1	19.2	12.7943481734609	-999.9	28.1	6.31944444444445	15.9457669348459	330
EAST_POINT_(AUT)	2002	9	6	249	11	17	11.6547372687352	-999.9	0.6	6.43518518518519	12.6724160342891	330
EAST_POINT_(AUT)	2002	9	7	250	10.1	18.9	13.9845331480912	-999.9	0	2.51157407407408	12.7717487136455	330
EAST_POINT_(AUT)	2002	9	8	251	14.5	22.4	13.126285299653	-999.9	0	6.89814814814814	17.1777816710426	330
EAST_POINT_(AUT)	2002	9	9	252	14.9	19	9.36663861363028	-999.9	0	5.9375	15.709507082265	330
EAST_POINT_(AUT)	2002	9	10	253	16.3	24.3	12.9581284871168	-999.9	0.7	5.59027777777778	20.8077934248857	330
EAST_POINT_(AUT)	2002	9	11	254	13	20.8	12.6704488618073	-999.9	38.1	5.32407407407408	17.9299930634371	330
EAST_POINT_(AUT)	2002	9	12	255	8	13.2	10.2432037937417	-999.9	17.4	15.8912037037037	10.9352118924852	330
EAST_POINT_(AUT)	2002	9	13	256	7.3	17.2	13.992113279869	-999.9	0.6	7.06018518518519	11.005261440138	330
EAST_POINT_(AUT)	2002	9	14	257	9	14.4	10.2290765146852	-999.9	0.6	6.94444444444445	9.92269221413893	330
EAST_POINT_(AUT)	2002	9	15	258	12.8	21.4	12.7762975923879	-999.9	2	7.76620370370369	16.5761690919478	330
EAST_POINT_(AUT)	2002	9	16	259	10.9	15.6	9.34681331521827	-999.9	22.2	7.28009259259258	14.9259264191254	330
EAST_POINT_(AUT)	2002	9	17	260	9.7	15.6	10.3619694835817	-999.9	0	3.26388888888889	12.2047488660379	330
EAST_POINT_(AUT)	2002	9	18	261	6.6	15.1	12.3046849107735	-999.9	0	5.04629629629631	10.8503415093423	330
EAST_POINT_(AUT)	2002	9	19	262	8.4	17.9	12.8679960871005	-999.9	0	4.13194444444444	12.721294042543	330
EAST_POINT_(AUT)	2002	9	20	263	14.9	21.2	10.3645666367603	-999.9	3.4	7.84722222222222	16.9084044210388	330
EAST_POINT_(AUT)	2002	9	21	264	16.5	22.6	10.0860606866836	-999.9	0	4.69907407407408	20.7453926454004	330
EAST_POINT_(AUT)	2002	9	22	265	16.7	22.3	9.55588436517568	-999.9	0	4.87268518518519	20.4651414435018	330
EAST_POINT_(AUT)	2002	9	23	266	16.7	22.9	9.94117670690591	-999.9	2.2	5.45138888888889	20.4828010197387	330
EAST_POINT_(AUT)	2002	9	24	267	13	19.2	9.82761677328581	-999.9	64.5	5.45138888888889	18.0888343618287	330
EAST_POINT_(AUT)	2002	9	25	268	11.2	16	8.54730638028677	-999.9	0.7	6.14583333333333	13.0509059425451	330
EAST_POINT_(AUT)	2002	9	26	269	9.9	16.1	9.60079543263075	-999.9	0	3.09027777777778	12.7190047404872	330
EAST_POINT_(AUT)	2002	9	27	270	11	18.3	10.2949103432965	-999.9	4.8	4.90740740740742	14.1133202619919	330
EAST_POINT_(AUT)	2002	9	28	271	10.5	18.8	10.846700917322	-999.9	18.7	8.90046296296297	15.5477429956103	330
EAST_POINT_(AUT)	2002	9	29	272	7.7	11.8	7.53175970349774	-999.9	0	11.2847222222222	7.33953048865518	330
EAST_POINT_(AUT)	2002	9	30	273	5.3	12.8	10.0630646406526	-999.9	0	6.97916666666667	7.35974007841391	330
EAST_POINT_(AUT)	2002	10	1	274	11.7	20.2	10.5816700109611	-999.9	6.8	5.98379629629631	16.5284964866578	330
EAST_POINT_(AUT)	2002	10	2	275	13.7	24.6	11.8346117635539	-999.9	1	6.07638888888889	18.4762939066507	330
EAST_POINT_(AUT)	2002	10	3	276	7.6	14	8.95526826068346	-999.9	1.5	9.25925925925925	9.40738821845573	330
EAST_POINT_(AUT)	2002	10	4	277	5	12.1	9.31361886125208	-999.9	0	5.24305555555556	6.90010103837862	330
EAST_POINT_(AUT)	2002	10	5	278	11.6	18.9	9.32406467878773	-999.9	0.9	10	15.0328241943046	330
EAST_POINT_(AUT)	2002	10	6	279	3.4	13.2	10.6651373904545	-999.9	0	7.90509259259258	7.42534461063145	330
EAST_POINT_(AUT)	2002	10	7	280	5.7	14.1	9.74672755960039	-999.9	4.3	6.93287037037036	9.97605554750373	330
EAST_POINT_(AUT)	2002	10	8	281	8.1	13.4	7.64153032537939	-999.9	0	8.77314814814814	9.12018108966647	330
EAST_POINT_(AUT)	2002	10	9	282	5.5	9.1	6.21549414444986	-999.9	0	6.72453703703703	6.40972909864594	330
EAST_POINT_(AUT)	2002	10	10	283	4.3	10.4	7.98420201218431	-999.9	0	3.07870370370369	6.61313718174382	330
EAST_POINT_(AUT)	2002	10	11	284	6.5	12.9	8.06975652259719	-999.9	0	2.52314814814815	9.34968364503984	330
EAST_POINT_(AUT)	2002	10	12	285	7.9	12.9	7.03756632318686	-999.9	0	3.02083333333333	10.4947960680921	330
EAST_POINT_(AUT)	2002	10	13	286	7.6	13.1	7.28200102817841	-999.9	0.7	3.78472222222222	9.90383721458463	330
EAST_POINT_(AUT)	2002	10	14	287	6.7	14.3	8.44451340190987	-999.9	15.5	10.3472222222222	10.5863197527239	330
EAST_POINT_(AUT)	2002	10	15	288	2.7	8.7	7.40133809516597	-999.9	0	8.39120370370369	6.36545926001072	330
EAST_POINT_(AUT)	2002	10	16	289	6.3	9.9	5.6548732535451	-999.9	6.6	5.15700483091786	7.88408198427203	330
EAST_POINT_(AUT)	2002	10	17	290	7.7	13.1	6.83089640019926	-999.9	8.8	10.3472222222222	10.8905274432087	330
EAST_POINT_(AUT)	2002	10	18	291	5.2	14.4	8.79342711470984	-999.9	1.5	5.11574074074075	11.3641072897548	330
EAST_POINT_(AUT)	2002	10	19	292	2.1	10.6	8.33553617099667	-999.9	6.8	5.89120370370369	7.42925387190365	330
EAST_POINT_(AUT)	2002	10	20	293	1.7	11.7	8.91584533230919	-999.9	4	8.31018518518519	8.64374413824837	330
EAST_POINT_(AUT)	2002	10	21	294	1.4	4.3	4.73457424636422	-999.9	0.6	6.25	5.6337101971084	330
EAST_POINT_(AUT)	2002	10	22	295	2	8.1	6.77095057565714	-999.9	2.3	6.64351851851853	6.43629153675197	330
EAST_POINT_(AUT)	2002	10	23	296	1.9	8.8	7.10064792485565	-999.9	4.3	6.88657407407408	7.74685678372492	330
EAST_POINT_(AUT)	2002	10	24	297	3.2	7.7	5.65401477496151	-999.9	0.6	7.62731481481481	6.59520750988812	330
EAST_POINT_(AUT)	2002	10	25	298	4	7.6	4.98620865586727	-999.9	0	7.59259259259258	6.24765217247087	330
EAST_POINT_(AUT)	2002	10	26	299	4	7.9	5.11698464728903	-999.9	0	5.69444444444445	6.74167392635251	330
EAST_POINT_(AUT)	2002	10	27	300	4.5	7.9	4.71065079304218	-999.9	29.2	13.75	8.71199392756499	330
EAST_POINT_(AUT)	2002	10	28	301	4.3	7.1	4.21483109048064	-999.9	1.4	14.5833333333333	7.39251710569577	330
EAST_POINT_(AUT)	2002	10	29	302	2.5	5.5	4.30154727873387	-999.9	1.4	16.9791666666667	6.18403676774667	330
EAST_POINT_(AUT)	2002	10	30	303	2.5	5.5	4.24125190795444	-999.9	2	11.8518518518519	6.94640563729827	330
EAST_POINT_(AUT)	2002	10	31	304	1.6	5.2	4.58103768055729	-999.9	0	8.54166666666667	5.84972060985431	330
EAST_POINT_(AUT)	2002	11	1	305	0.5	4.8	4.93672889052273	-999.9	1.3	4.14351851851853	5.61948969054652	330
EAST_POINT_(AUT)	2002	11	2	306	-4.5	6	7.60692199195571	-999.9	2.9	5.98379629629631	5.3166157666068	330
EAST_POINT_(AUT)	2002	11	3	307	-2.6	1.9	4.91077829881921	-999.9	1.6	14.1087962962963	4.6822482987431	330
EAST_POINT_(AUT)	2002	11	4	308	-3.6	2.6	5.6845218610388	-999.9	0	7.45370370370369	4.18957636726485	330
EAST_POINT_(AUT)	2002	11	5	309	-2.8	4.8	6.20707595529953	-999.9	0	3.32175925925925	4.37665149717621	330
EAST_POINT_(AUT)	2002	11	6	310	1.2	3.1	3.06105653297883	-999.9	0	6.04166666666667	4.97356236905622	330
EAST_POINT_(AUT)	2002	11	7	311	0	3.9	4.32590855276181	-999.9	6.8	10.3703703703704	6.0402029398662	330
EAST_POINT_(AUT)	2002	11	8	312	-2.2	6.9	6.51863367637791	-999.9	0.6	9.22453703703703	5.50995944006818	330
EAST_POINT_(AUT)	2002	11	9	313	5.1	7.7	3.43762134956764	-999.9	0	5.23148148148147	8.57159718517959	330
EAST_POINT_(AUT)	2002	11	10	314	6.3	12.4	5.19542116774728	-999.9	0.6	5.90277777777778	11.0380640619048	330
EAST_POINT_(AUT)	2002	11	11	315	10.3	15.3	4.641718109658	-999.9	6.8	7.88194444444445	14.2727429260161	330
EAST_POINT_(AUT)	2002	11	12	316	5.8	15.3	6.31468150301659	-999.9	0.8	4.93055555555556	11.4699410803818	330
EAST_POINT_(AUT)	2002	11	13	317	4.8	7.4	3.26087978126095	-999.9	31.1	5.83333333333333	9.14844485692301	330
EAST_POINT_(AUT)	2002	11	14	318	3.4	5.9	3.15677656798541	-999.9	28.7	10.3587962962963	8.27518753635849	330
EAST_POINT_(AUT)	2002	11	15	319	3.4	9	4.66514975127538	-999.9	0	7.29166666666667	8.09310911303852	330
EAST_POINT_(AUT)	2002	11	16	320	-0.3	5.2	4.56591137428904	-999.9	0	8.62268518518519	5.29221345833502	330
EAST_POINT_(AUT)	2002	11	17	321	0.1	4.1	3.84620451290937	-999.9	24.3	10.2777777777778	6.0686247814407	330
EAST_POINT_(AUT)	2002	11	18	322	-0.8	12.1	6.82401666782225	-999.9	29.3	11.7028985507246	8.12981933917344	330
EAST_POINT_(AUT)	2002	11	19	323	-0.7	1.7	2.90860834711344	-999.9	1.6	9.62962962962964	4.78099962536361	330
EAST_POINT_(AUT)	2002	11	20	324	-0.7	7.3	5.24874604116874	-999.9	0.7	4.375	6.69616567866737	330
EAST_POINT_(AUT)	2002	11	21	325	4.2	7.3	3.23015900836959	-999.9	0	3.27546296296297	8.98751198868725	330
EAST_POINT_(AUT)	2002	11	22	326	6.4	8.2	2.43398759948367	-999.9	16.5	3.22916666666667	10.2179126085224	330
EAST_POINT_(AUT)	2002	11	23	327	1.7	10.2	5.23169254811381	-999.9	9.5	6.26157407407408	9.18714473538925	330
EAST_POINT_(AUT)	2002	11	24	328	-1.1	3.7	3.88974036536511	-999.9	0.6	13.5416666666667	5.3317499658366	330
EAST_POINT_(AUT)	2002	11	25	329	-0.8	4.7	4.12069224684197	-999.9	0.7	11.8518518518519	5.94568631684629	330
EAST_POINT_(AUT)	2002	11	26	330	-2.7	2.3	3.88945937084864	-999.9	0	4.50231481481481	4.56442844552546	330
EAST_POINT_(AUT)	2002	11	27	331	-4	-0.1	3.40160141654459	-999.9	0	4.07407407407408	3.99927993283969	330
EAST_POINT_(AUT)	2002	11	28	332	-7.7	-0.7	4.51422676600836	-999.9	1.2	7.98611111111111	3.63336374879799	330
EAST_POINT_(AUT)	2002	11	29	333	-7.8	0.2	4.78193560028048	-999.9	0.7	5.59027777777778	3.84461617364709	330
EAST_POINT_(AUT)	2002	11	30	334	-0.7	4.8	3.93016077809212	-999.9	2.7	6.52777777777778	6.65763836316877	330
EAST_POINT_(AUT)	2002	12	1	335	-0.1	4.7	3.64057785553119	-999.9	7.8	3.92361111111111	6.91021862997552	330
EAST_POINT_(AUT)	2002	12	2	336	-5.2	0	3.75860869691765	-999.9	0	7.74305555555556	3.82430418624832	330
EAST_POINT_(AUT)	2002	12	3	337	-3.6	-0.8	2.73677818240755	-999.9	13.6	9.40972222222222	4.67829221300866	330
EAST_POINT_(AUT)	2002	12	4	338	-10.9	-2.6	4.67733456400241	-999.9	0.7	10.8217592592593	3.42308615481861	330
EAST_POINT_(AUT)	2002	12	5	339	-12	-6.9	3.64091939060502	-999.9	0	4.52546296296297	2.48420481400116	330
EAST_POINT_(AUT)	2002	12	6	340	-9	-1.9	4.26769595491041	-999.9	0.6	5.13888888888889	3.27274729498862	330
EAST_POINT_(AUT)	2002	12	7	341	-9.1	3.7	5.69486086640371	-999.9	0	7.5	4.15464259184761	330
EAST_POINT_(AUT)	2002	12	8	342	-3.9	4.7	4.64109335807103	-999.9	1	7.31481481481481	5.32569060594443	330
EAST_POINT_(AUT)	2002	12	9	343	-15.8	-3.9	5.43025231653116	-999.9	0	11.1458333333333	2.26211786031485	330
EAST_POINT_(AUT)	2002	12	10	344	-9.3	-0.7	4.59363931974394	-999.9	0.6	4.50231481481481	3.1910413670124	330
EAST_POINT_(AUT)	2002	12	11	345	-4.4	-0.1	3.23364010546598	-999.9	0	5.24305555555556	3.86925483627127	330
EAST_POINT_(AUT)	2002	12	12	346	-2.6	1.6	3.18290199120628	-999.9	0	4.01620370370369	5.00085984273874	330
EAST_POINT_(AUT)	2002	12	13	347	-2.1	2.2	3.20898640716422	-999.9	0	2.52314814814815	5.77525688070156	330
EAST_POINT_(AUT)	2002	12	14	348	-1.8	6.6	4.47099739731108	-999.9	17	6.26157407407408	6.70130202170455	330
EAST_POINT_(AUT)	2002	12	15	349	0.5	6.5	3.76850928793434	-999.9	0.8	6.68981481481481	7.7738506778169	330
EAST_POINT_(AUT)	2002	12	16	350	-2.4	0.7	2.70273690121511	-999.9	0.6	10.2314814814815	4.95741704604623	330
EAST_POINT_(AUT)	2002	12	17	351	-3.4	-1.2	2.27281674238023	-999.9	0.8	13.5185185185185	3.95783074262924	330
EAST_POINT_(AUT)	2002	12	18	352	-2.5	0.6	2.69442700853805	-999.9	0	16.3541666666667	4.02734693675705	330
EAST_POINT_(AUT)	2002	12	19	353	-0.2	2	2.26794550678899	-999.9	0	14.0972222222222	4.6072451023232	330
EAST_POINT_(AUT)	2002	12	20	354	-1.2	2.6	2.97956281187797	-999.9	3.4	4.81481481481481	5.38867560568508	330
EAST_POINT_(AUT)	2002	12	21	355	0.2	7.6	4.15834130484461	-999.9	12.3	8.58796296296297	7.62433682005581	330
EAST_POINT_(AUT)	2002	12	22	356	-1.1	5	3.77760684098922	-999.9	0	5.04629629629631	5.61192449180723	330
EAST_POINT_(AUT)	2002	12	23	357	-2.1	2.5	3.283840519326	-999.9	0	3.53009259259258	5.59675834557635	330
EAST_POINT_(AUT)	2002	12	24	358	-3.3	-0.2	2.69984251172155	-999.9	0	6.71296296296297	4.24799521184988	330
EAST_POINT_(AUT)	2002	12	25	359	-5.1	-0.6	3.25927150562636	-999.9	0	4.93055555555556	3.96934798644477	330
EAST_POINT_(AUT)	2002	12	26	360	-3.5	-0.2	2.79787969231815	-999.9	8.5	15	5.19809676920523	330
EAST_POINT_(AUT)	2002	12	27	361	-4.3	-2.9	1.82765197707529	-999.9	0	17.1759259259259	3.93402304434004	330
EAST_POINT_(AUT)	2002	12	28	362	-8.5	-2.4	3.82780427772847	-999.9	0	6.13425925925925	3.10961970396115	330
EAST_POINT_(AUT)	2002	12	29	363	-7.3	-0.6	4.02692407718019	-999.9	0	5.69444444444445	4.00812569697779	330
EAST_POINT_(AUT)	2002	12	30	364	-5	-2	2.7060857626538	-999.9	0	13.7152777777778	4.13348728136584	330
EAST_POINT_(AUT)	2002	12	31	365	-4	-1.1	2.67310465359305	-999.9	0	5.49768518518519	4.35041012126259	330
