EAST_POINT_(AUT)	2013	1	1	1	-11.5	-3.6	4.43460492978059	-999.9	1.6	7.03703703703703	2.99113941136177	330
EAST_POINT_(AUT)	2013	1	2	2	-14	-4.2	4.96665806558643	-999.9	1.3	9.74537037037036	2.84144443082629	330
EAST_POINT_(AUT)	2013	1	3	3	-11.2	-4.1	4.25277524515851	-999.9	0	9.81481481481481	2.96232577732987	330
EAST_POINT_(AUT)	2013	1	4	4	-12.7	-2	5.25419224908777	-999.9	0	5.71759259259258	2.91731156330815	330
EAST_POINT_(AUT)	2013	1	5	5	-8.4	-2.7	3.86097931427945	-999.9	1.6	9.22453703703703	3.65098632907812	330
EAST_POINT_(AUT)	2013	1	6	6	-13.6	-5.1	4.74883242798272	-999.9	1.3	5.11574074074075	2.45228085131147	330
EAST_POINT_(AUT)	2013	1	7	7	-13.2	-5.1	4.67094342775149	-999.9	0	9.76851851851853	2.36469391008044	330
EAST_POINT_(AUT)	2013	1	8	8	-14.1	0.2	6.25573113528274	-999.9	0	6.44675925925925	2.8163315382366	330
EAST_POINT_(AUT)	2013	1	9	9	-2.7	1.5	3.41854748218169	-999.9	0	4.60648148148147	4.84455125530072	330
EAST_POINT_(AUT)	2013	1	10	10	-2.1	1.6	3.2365273812812	-999.9	3.5	10.4861111111111	5.51215374402855	330
EAST_POINT_(AUT)	2013	1	11	11	-4.4	-2	2.63024070111929	-999.9	0	12.4537037037037	3.97860885684414	330
EAST_POINT_(AUT)	2013	1	12	12	-3	-1.7	1.95397205843496	-999.9	0	6.09953703703703	4.46259226598794	330
EAST_POINT_(AUT)	2013	1	13	13	-4.3	1.1	4.02106378776717	-999.9	0	2.69675925925926	5.13458038428844	330
EAST_POINT_(AUT)	2013	1	14	14	0.1	8.4	5.03519538367244	-999.9	0	6.28472222222222	8.01885407518796	330
EAST_POINT_(AUT)	2013	1	15	15	-4.5	0.3	3.86867278965642	-999.9	0	8.31018518518519	3.88745796103332	330
EAST_POINT_(AUT)	2013	1	16	16	-6.1	-2.9	3.19232004866791	-999.9	2.2	5.28935185185186	3.18377680698383	330
EAST_POINT_(AUT)	2013	1	17	17	-8.9	1.9	5.92862991924458	-999.9	0.5	7.33796296296297	4.17102851384478	330
EAST_POINT_(AUT)	2013	1	18	18	-17	-8.7	5.25543286033875	-999.9	1.8	7.95138888888889	1.83100861326474	330
EAST_POINT_(AUT)	2013	1	19	19	-16.8	-1.4	7.24048584033666	-999.9	0.7	6.36574074074075	2.3871736499922	330
EAST_POINT_(AUT)	2013	1	20	20	-3.6	4	5.14585948354835	-999.9	3.1	7.28009259259258	5.52151217403174	330
EAST_POINT_(AUT)	2013	1	21	21	-12.4	0.6	6.81031841104	-999.9	0.2	7.30324074074075	2.14932230757298	330
EAST_POINT_(AUT)	2013	1	22	22	-13.2	-8.9	3.9643354124657	-999.9	0	6.48148148148147	1.82156927934882	330
EAST_POINT_(AUT)	2013	1	23	23	-20.1	-12.3	5.40523638004902	-999.9	0.49	7.18599033816425	1.05595612346079	330
EAST_POINT_(AUT)	2013	1	24	24	-21.6	-16	4.6374416446712	-999.9	0.2	6.82870370370369	0.953652482225717	330
EAST_POINT_(AUT)	2013	1	25	25	-19.4	-10	6.08480016667952	-999.9	0.2	7.48842592592592	1.61199465395179	330
EAST_POINT_(AUT)	2013	1	26	26	-15	-10	4.49512064538541	-999.9	0.2	5.85648148148147	1.8568274579993	330
EAST_POINT_(AUT)	2013	1	27	27	-10.9	-6.6	4.22314226331597	-999.9	0.2	9.31712962962964	2.76405468315822	330
EAST_POINT_(AUT)	2013	1	28	28	-9.6	-6.4	3.69137369955429	-999.9	0.2	7.87037037037036	2.64599432654498	330
EAST_POINT_(AUT)	2013	1	29	29	-10.5	-3.5	5.5326766695286	-999.9	0	4.98842592592592	2.92540946763576	330
EAST_POINT_(AUT)	2013	1	30	30	-7.6	5.8	7.75834332195434	-999.9	3.8	5.65972222222222	5.17774669253717	330
EAST_POINT_(AUT)	2013	1	31	31	2	8.4	5.43487344005396	-999.9	2.93	9.21296296296297	8.53558721282102	330
EAST_POINT_(AUT)	2013	2	1	32	-7.6	2.1	6.78291278517008	-999.9	0.04	8.63526570048308	2.88037329773229	330
EAST_POINT_(AUT)	2013	2	2	33	-12.6	-7.5	4.98643380471728	-999.9	0.21	6.06481481481481	1.95784051179237	330
EAST_POINT_(AUT)	2013	2	3	34	-10.8	-0.6	7.15021434522343	-999.9	8.83	6.15740740740742	3.31200844463957	330
EAST_POINT_(AUT)	2013	2	4	35	-9.9	0	7.14308448855234	-999.9	14.43	1.67824074074074	4.13176318593807	330
EAST_POINT_(AUT)	2013	2	5	36	-15.1	-9.8	5.30012917639024	-999.9	0.08	3.14814814814814	1.82835152130867	330
EAST_POINT_(AUT)	2013	2	6	37	-14.2	-6.1	6.64505347512955	-999.9	0	2.39583333333333	2.01203952289716	330
EAST_POINT_(AUT)	2013	2	7	38	-18.6	-6.6	8.20308616178821	-999.9	0.2	11.9565217391304	1.80102694976811	330
EAST_POINT_(AUT)	2013	2	8	39	-17.4	-10.5	6.30901142217093	-999.9	0	5.24305555555556	1.61945611605446	330
EAST_POINT_(AUT)	2013	2	9	40	-10.6	-4.9	5.81620985036099	-999.9	4.1	14.3981481481481	3.12317204006781	330
EAST_POINT_(AUT)	2013	2	10	41	-5.5	-4.2	2.81742497763439	-999.9	1.1	13.599537037037	3.88395249095374	330
EAST_POINT_(AUT)	2013	2	11	42	-8.9	-3.2	5.98418285215297	-999.9	0.4	5.04629629629631	3.2514123652116	330
EAST_POINT_(AUT)	2013	2	12	43	-3.2	3.5	6.5810759356759	-999.9	6.2	7.59259259259258	6.04045128813247	330
EAST_POINT_(AUT)	2013	2	13	44	-2.9	-1.4	3.15863374174077	-999.9	0.6	6.58564814814814	5.00362398579773	330
EAST_POINT_(AUT)	2013	2	14	45	-6.9	-1.8	5.90788154653557	-999.9	0	2.34953703703704	4.20882270575336	330
EAST_POINT_(AUT)	2013	2	15	46	-7.9	1	7.91645235621721	-999.9	0	2.2337962962963	4.11175288361487	330
EAST_POINT_(AUT)	2013	2	16	47	-1.7	2.2	5.31556851800794	-999.9	0	5.59027777777778	5.45452549200765	330
EAST_POINT_(AUT)	2013	2	17	48	-0.9	2.6	5.10767579367362	-999.9	21.6	8.31018518518519	6.30493849903234	330
EAST_POINT_(AUT)	2013	2	18	49	-5	1.3	6.95054377122166	-999.9	3	12.0601851851852	5.01340411858706	330
EAST_POINT_(AUT)	2013	2	19	50	-3.8	-1.9	3.87141027326043	-999.9	0	10.8449074074074	4.10985587977024	330
EAST_POINT_(AUT)	2013	2	20	51	-8	1	8.54554338634794	-999.9	1.4	5.59027777777778	4.13151142702484	330
EAST_POINT_(AUT)	2013	2	21	52	-1	0.9	3.98199727441651	-999.9	0.9	5.32407407407408	5.84936802831	330
EAST_POINT_(AUT)	2013	2	22	53	-4.4	-1	5.40190195325618	-999.9	0.2	10.1736111111111	4.32242220181621	330
EAST_POINT_(AUT)	2013	2	23	54	-9.2	-3.8	6.90338825676689	-999.9	0	3.65740740740742	2.85108555911576	330
EAST_POINT_(AUT)	2013	2	24	55	-11.8	-5.1	7.79711505755577	-999.9	0	2.39583333333333	2.7081947234564	330
EAST_POINT_(AUT)	2013	2	25	56	-8.3	-1.6	7.90562006357857	-999.9	0	5.24305555555556	3.56874205978931	330
EAST_POINT_(AUT)	2013	2	26	57	-9	-2	8.19253770485831	-999.9	0	3.51851851851853	3.35431109050235	330
EAST_POINT_(AUT)	2013	2	27	58	-9.9	-4.1	7.55999175251414	-999.9	0	2.21064814814815	3.46019431593997	330
EAST_POINT_(AUT)	2013	2	28	59	-7.1	-0.2	8.35862738390674	-999.9	0	2.93981481481481	4.3173359344654	330
EAST_POINT_(AUT)	2013	3	1	60	-3.3	-0.4	5.49257493456033	-999.9	0	6.81712962962964	5.01117890592901	330
EAST_POINT_(AUT)	2013	3	2	61	-0.6	0.8	3.86784815834765	-999.9	0.2	4.97685185185186	6.02769897450564	330
EAST_POINT_(AUT)	2013	3	3	62	-0.8	1.2	4.68499440323094	-999.9	7.4	2.10648148148148	6.11829215524758	330
EAST_POINT_(AUT)	2013	3	4	63	-0.6	2.8	6.1898625423779	-999.9	2	2.92824074074075	6.31890751198304	330
EAST_POINT_(AUT)	2013	3	5	64	-1.4	1.8	6.0844507556711	-999.9	1	5.53240740740742	5.7005461683965	330
EAST_POINT_(AUT)	2013	3	6	65	-1.8	0.1	4.74989573652167	-999.9	0	5.9375	4.94304772127508	330
EAST_POINT_(AUT)	2013	3	7	66	-3.9	0.7	7.48689685079123	-999.9	0	4.73379629629631	4.71826305583263	330
EAST_POINT_(AUT)	2013	3	8	67	-3.8	0.2	7.0716728635696	-999.9	0	5.97222222222222	4.67167388997106	330
EAST_POINT_(AUT)	2013	3	9	68	-1.7	-0.1	4.52974582048802	-999.9	0	4.38657407407408	5.09871540629585	330
EAST_POINT_(AUT)	2013	3	10	69	-3.7	0.8	7.69295424975984	-999.9	0	2.95138888888889	4.73477159168087	330
EAST_POINT_(AUT)	2013	3	11	70	-3.1	1.5	7.87570120360795	-999.9	0	5.49768518518519	5.32432167713723	330
EAST_POINT_(AUT)	2013	3	12	71	-1.3	3.5	8.14523809156962	-999.9	0	7.00231481481481	6.1555352318748	330
EAST_POINT_(AUT)	2013	3	13	72	1.9	5.7	7.33662556309702	-999.9	0	8.57638888888889	7.3393080693474	330
EAST_POINT_(AUT)	2013	3	14	73	-2.4	5.8	10.9088906171648	-999.9	19.9	5.28935185185186	6.14900351073718	330
EAST_POINT_(AUT)	2013	3	15	74	-3.3	-0.8	6.0962070508606	-999.9	2.5	3.56481481481481	4.84123360291121	330
EAST_POINT_(AUT)	2013	3	16	75	-8.8	-2.5	9.79314626571397	-999.9	0.8	6.30787037037036	3.36221574799439	330
EAST_POINT_(AUT)	2013	3	17	76	-9.6	-1.6	11.1661837287916	-999.9	0.6	5.53240740740742	2.97643920130387	330
EAST_POINT_(AUT)	2013	3	18	77	-10.7	-6.4	8.28221958884509	-999.9	0	11.9560185185185	2.52789682539702	330
EAST_POINT_(AUT)	2013	3	19	78	-7.2	-4.3	6.88031946028885	-999.9	0.24	5.77294685990339	3.00863371861769	330
EAST_POINT_(AUT)	2013	3	20	79	-4.3	2.2	10.4185481010854	-999.9	3.6	8.40277777777778	4.87588943509399	330
EAST_POINT_(AUT)	2013	3	21	80	-3	2.8	9.95288031653076	-999.9	2	5	4.99633519084813	330
EAST_POINT_(AUT)	2013	3	22	81	-2.7	-1.1	5.28593649710016	-999.9	3	12.1759259259259	5.24482623502428	330
EAST_POINT_(AUT)	2013	3	23	82	-3.3	1.6	9.35254181220338	-999.9	0.5	4.79166666666667	4.98615569558852	330
EAST_POINT_(AUT)	2013	3	24	83	-3.5	0.5	8.54227257438355	-999.9	0.7	3.25231481481481	5.05103416653661	330
EAST_POINT_(AUT)	2013	3	25	84	-4.5	1.3	10.3970721370927	-999.9	0.2	4.82638888888889	5.11865567773549	330
EAST_POINT_(AUT)	2013	3	26	85	-2.8	0.8	8.27834411179443	-999.9	3.2	5.38194444444445	5.57742379789377	330
EAST_POINT_(AUT)	2013	3	27	86	-0.8	1.1	6.07722717206962	-999.9	0.2	6.72453703703703	5.93147407417132	330
EAST_POINT_(AUT)	2013	3	28	87	-1.8	1.6	8.21382863442839	-999.9	0	5.85648148148147	5.50409283219448	330
EAST_POINT_(AUT)	2013	3	29	88	-3.5	0.8	9.33165754639769	-999.9	0	6.58564814814814	4.78355901478644	330
EAST_POINT_(AUT)	2013	3	30	89	-4.9	1	11.0410322089409	-999.9	0	4.69907407407408	4.52813575952188	330
EAST_POINT_(AUT)	2013	3	31	90	-5	3.7	13.5407586506535	-999.9	0	3.17129629629631	4.29896591488775	330
EAST_POINT_(AUT)	2013	4	1	91	-1.7	3.5	10.5712230880824	-999.9	0.8	7.55787037037036	6.07839741876408	330
EAST_POINT_(AUT)	2013	4	2	92	-2.2	4.1	11.7482846088149	-999.9	0.9	6.07638888888889	5.0199532875903	330
EAST_POINT_(AUT)	2013	4	3	93	-4.6	-1.3	8.58385056689216	-999.9	0	5.77546296296297	3.053892726914	330
EAST_POINT_(AUT)	2013	4	4	94	-2.5	3.5	11.6832091610057	-999.9	0	6.01851851851853	3.94306513750176	330
EAST_POINT_(AUT)	2013	4	5	95	-0.3	4.9	10.9771576283604	-999.9	9.2	6.41203703703703	5.79372042338559	330
EAST_POINT_(AUT)	2013	4	6	96	-2.2	0.4	7.83279898625916	-999.9	2.4	10.2893518518519	4.99094547051224	330
EAST_POINT_(AUT)	2013	4	7	97	-2.5	0.4	8.3466423476264	-999.9	0	6.82870370370369	3.95074487625719	330
EAST_POINT_(AUT)	2013	4	8	98	-1.1	4.3	11.4903343400213	-999.9	0.2	5.21990740740742	6.23713135319179	330
EAST_POINT_(AUT)	2013	4	9	99	-0.9	2.4	9.06058626519094	-999.9	0	2.53472222222222	6.22981633406169	330
EAST_POINT_(AUT)	2013	4	10	100	-0.8	2.8	9.54453524770001	-999.9	0	1.70138888888889	6.16085176204264	330
EAST_POINT_(AUT)	2013	4	11	101	-0.3	2.7	8.7863631005237	-999.9	0	7.16435185185186	5.2461419947625	330
EAST_POINT_(AUT)	2013	4	12	102	-0.4	2.2	8.24747647184539	-999.9	2.1	6.27314814814814	5.64169172186141	330
EAST_POINT_(AUT)	2013	4	13	103	-0.2	1.5	6.72335150900602	-999.9	3.2	6.13425925925925	6.17693419403543	330
EAST_POINT_(AUT)	2013	4	14	104	-0.4	1.5	7.16483701343491	-999.9	1.28	2.66203703703704	6.14047970345168	330
EAST_POINT_(AUT)	2013	4	15	105	-3.4	2.7	12.9390971823469	-999.9	0.2	4.14351851851853	5.16413486105406	330
EAST_POINT_(AUT)	2013	4	16	106	-3.5	7.5	17.5100146559811	-999.9	2	5.54398148148147	5.80095773784705	330
EAST_POINT_(AUT)	2013	4	17	107	1	8.1	14.1746457169875	-999.9	3.4	9.45601851851853	6.79055058723856	330
EAST_POINT_(AUT)	2013	4	18	108	0	2.3	8.12796442519603	-999.9	0	5.45138888888889	4.9421390827853	330
EAST_POINT_(AUT)	2013	4	19	109	1.2	12.3	17.9869025876668	-999.9	0	7.53472222222222	8.45116098103907	330
EAST_POINT_(AUT)	2013	4	20	110	3.9	12	15.4759323044347	-999.9	2	7.63888888888889	10.2915522014327	330
EAST_POINT_(AUT)	2013	4	21	111	-1.2	6.6	15.2940907552	-999.9	0	5.30092592592592	5.3928472886626	330
EAST_POINT_(AUT)	2013	4	22	112	-0.9	3.1	11.0283686362225	-999.9	0	4.25925925925925	5.09776894371638	330
EAST_POINT_(AUT)	2013	4	23	113	-0.2	5.9	13.7117922179205	-999.9	2.6	5.79861111111111	5.85729511829046	330
EAST_POINT_(AUT)	2013	4	24	114	2.5	8.5	13.6897751919311	-999.9	1.4	7.76620370370369	8.59833643839283	330
EAST_POINT_(AUT)	2013	4	25	115	3.6	10.6	14.8834874961892	-999.9	6.4	7.65046296296297	9.50487675001671	330
EAST_POINT_(AUT)	2013	4	26	116	1.5	3.6	8.20435034135034	-999.9	13.5	6.86342592592592	7.05630568729798	330
EAST_POINT_(AUT)	2013	4	27	117	1	2.4	6.74095701874662	-999.9	0	7.34953703703703	6.66358866584354	330
EAST_POINT_(AUT)	2013	4	28	118	1.1	5.1	11.464494654624	-999.9	0	5.70601851851853	6.86398575011645	330
EAST_POINT_(AUT)	2013	4	29	119	1.5	5.1	10.9417857356863	-999.9	0.2	3.39120370370369	7.63887695708644	330
EAST_POINT_(AUT)	2013	4	30	120	2.9	8.1	13.2280425754006	-999.9	0.2	1.73611111111111	8.55676206440499	330
EAST_POINT_(AUT)	2013	5	1	121	2.3	8.2	14.1717036902597	-999.9	0	4.35185185185186	8.47218883052825	330
EAST_POINT_(AUT)	2013	5	2	122	2.3	5.9	11.1325565415467	-999.9	0	7.19907407407408	7.49922055880585	330
EAST_POINT_(AUT)	2013	5	3	123	2.1	6.5	12.3755162075748	-999.9	0	4.67592592592592	7.48356862760281	330
EAST_POINT_(AUT)	2013	5	4	124	2.3	6.8	12.5829525520302	-999.9	0.2	2.56944444444444	7.17746643355796	330
EAST_POINT_(AUT)	2013	5	5	125	0.9	12.2	20.0447709510558	-999.9	0	4.73379629629631	7.58125499708564	330
EAST_POINT_(AUT)	2013	5	6	126	4.3	15.7	20.237012390758	-999.9	0	6.30787037037036	9.09789072400319	330
EAST_POINT_(AUT)	2013	5	7	127	6.2	23.6	25.1273955065732	-999.9	0	7.54629629629631	10.9013598843801	330
EAST_POINT_(AUT)	2013	5	8	128	5.9	13.9	17.12157719989	-999.9	0	3.44907407407408	9.90971860524412	330
EAST_POINT_(AUT)	2013	5	9	129	6.9	16.3	18.6481573940344	-999.9	1	6.03009259259258	12.4916438757981	330
EAST_POINT_(AUT)	2013	5	10	130	7.7	12.4	13.2477372990212	-999.9	7	4.95370370370369	12.2878621338544	330
EAST_POINT_(AUT)	2013	5	11	131	6.4	12.8	15.5292810593057	-999.9	6.5	4.50231481481481	11.6976386881792	330
EAST_POINT_(AUT)	2013	5	12	132	7.9	13	13.923970283733	-999.9	15.5	7.53472222222222	12.5835381305584	330
EAST_POINT_(AUT)	2013	5	13	133	5.8	14.9	18.6794302996764	-999.9	3.5	5.04629629629631	10.6056008531247	330
EAST_POINT_(AUT)	2013	5	14	134	4.8	7.3	9.83164973246232	-999.9	13.3	5.84490740740742	8.38410450281317	330
EAST_POINT_(AUT)	2013	5	15	135	3.6	11	16.9837849290623	-999.9	5.2	7.98611111111111	9.07545755555942	330
EAST_POINT_(AUT)	2013	5	16	136	4.8	8.5	12.0567624892664	-999.9	0.3	5.49768518518519	8.86959018461591	330
EAST_POINT_(AUT)	2013	5	17	137	3.5	8.9	14.621339526469	-999.9	0.7	7.14120370370369	9.16822311776079	330
EAST_POINT_(AUT)	2013	5	18	138	2	3.9	8.70516396396283	-999.9	7.6	11.3310185185185	6.84724643650606	330
EAST_POINT_(AUT)	2013	5	19	139	-0.5	6.4	16.6488492079993	-999.9	0.02	8.00925925925925	5.94654333879058	330
EAST_POINT_(AUT)	2013	5	20	140	-0.2	10.1	20.4120986722967	-999.9	0	3.56481481481481	6.85516886332513	330
EAST_POINT_(AUT)	2013	5	21	141	3.8	10	15.8900153637034	-999.9	0.6	3.53009259259258	9.44611555092851	330
EAST_POINT_(AUT)	2013	5	22	142	4.5	8.7	13.1208747946459	-999.9	0	2.15277777777778	9.29407215619051	330
EAST_POINT_(AUT)	2013	5	23	143	7	12.4	14.9243400645499	-999.9	0	6.96759259259258	10.8601333453694	330
EAST_POINT_(AUT)	2013	5	24	144	9.4	16.8	17.5236610984694	-999.9	0	6.82870370370369	14.0196094420956	330
EAST_POINT_(AUT)	2013	5	25	145	9.5	14.6	14.5900102864118	-999.9	12.4	6.14583333333333	13.8084883392402	330
EAST_POINT_(AUT)	2013	5	26	146	7.4	14.3	17.0179618181085	-999.9	0.6	6.85185185185186	11.4558658469678	330
EAST_POINT_(AUT)	2013	5	27	147	5.7	12	16.3048531839676	-999.9	0.6	4.58333333333333	10.1234550493904	330
EAST_POINT_(AUT)	2013	5	28	148	3.4	8.7	14.9933768575954	-999.9	0.2	5.35879629629631	7.85615807265482	330
EAST_POINT_(AUT)	2013	5	29	149	3.4	14.3	21.5546568326803	-999.9	0	4.65277777777778	8.93077655629542	330
EAST_POINT_(AUT)	2013	5	30	150	9	13.5	13.8820001431733	-999.9	7.5	5.64814814814814	12.9238051458383	330
EAST_POINT_(AUT)	2013	5	31	151	10.3	23.7	24.0086550109338	-999.9	2.1	3.63425925925925	16.7389742646425	330
EAST_POINT_(AUT)	2013	6	1	152	8.5	12.9	13.7867933940572	-999.9	0.6	5.50925925925925	11.4066660058938	330
EAST_POINT_(AUT)	2013	6	2	153	8.8	16.9	18.7435960002017	-999.9	0	3.73842592592592	13.5884281806866	330
EAST_POINT_(AUT)	2013	6	3	154	11.7	19.6	18.5459688744799	-999.9	2.8	6.43518518518519	16.3487016164002	330
EAST_POINT_(AUT)	2013	6	4	155	7	18.5	22.4162359741813	-999.9	2	5.61342592592592	13.2771139784041	330
EAST_POINT_(AUT)	2013	6	5	156	8.7	12.7	13.2426187208965	-999.9	0	5.74074074074075	9.75407211075014	330
EAST_POINT_(AUT)	2013	6	6	157	7.6	13.6	16.2443387650129	-999.9	0.04	5.11574074074075	8.75886409774612	330
EAST_POINT_(AUT)	2013	6	7	158	8.9	16.6	18.4292146367096	-999.9	0.19	4.01620370370369	11.28585608318	330
EAST_POINT_(AUT)	2013	6	8	159	8.5	10.8	10.0858625804234	-999.9	40.1	6.78240740740742	11.3031985907994	330
EAST_POINT_(AUT)	2013	6	9	160	8	11.2	11.9114457192073	-999.9	0.2	6.22685185185186	11.1525157223769	330
EAST_POINT_(AUT)	2013	6	10	161	8.5	16.7	19.0892798904327	-999.9	0.11	3.04398148148147	12.4327793535321	330
EAST_POINT_(AUT)	2013	6	11	162	11.5	19.5	18.8744190917188	-999.9	0.58	3.42592592592592	13.6729469941149	330
EAST_POINT_(AUT)	2013	6	12	163	9.9	12.7	11.1765177930894	-999.9	9.9	4.05092592592592	12.4868494451988	330
EAST_POINT_(AUT)	2013	6	13	164	8.8	10.8	9.45353798329108	-999.9	0.2	9.71064814814814	10.9991582599321	330
EAST_POINT_(AUT)	2013	6	14	165	9	12.8	13.0399548905549	-999.9	0	1.6087962962963	11.586790028076	330
EAST_POINT_(AUT)	2013	6	15	166	8.6	15.9	18.0843842443629	-999.9	0.23	3.66898148148147	12.1114764060934	330
EAST_POINT_(AUT)	2013	6	16	167	11.3	15.7	14.0468769211014	-999.9	3.4	5.46296296296297	9.83307377405335	330
EAST_POINT_(AUT)	2013	6	17	168	11.5	18.6	17.8503582310213	-999.9	0.5	3.63425925925925	15.3721024519921	330
EAST_POINT_(AUT)	2013	6	18	169	11	19	18.9531018153228	-999.9	0	2.90509259259258	15.5873759477541	330
EAST_POINT_(AUT)	2013	6	19	170	8.3	16.1	18.7177392689995	-999.9	0	2.61574074074074	12.6690693587422	330
EAST_POINT_(AUT)	2013	6	20	171	8.4	20	22.8275421648158	-999.9	0	3.80787037037036	11.848734038342	330
EAST_POINT_(AUT)	2013	6	21	172	10.4	22.7	23.5049905575871	-999.9	0	5.46296296296297	14.2724437763718	330
EAST_POINT_(AUT)	2013	6	22	173	10.2	23.8	24.7119867606241	-999.9	0	3.24074074074075	14.6314036550507	330
EAST_POINT_(AUT)	2013	6	23	174	14.7	22	18.1002115512302	-999.9	29	4.0625	17.2386839276988	330
EAST_POINT_(AUT)	2013	6	24	175	14.6	22.9	19.2929489898659	-999.9	0.2	4.03935185185186	20.0634379081543	330
EAST_POINT_(AUT)	2013	6	25	176	14.8	22.3	18.3307776649586	-999.9	0	3.14814814814814	19.6974446803798	330
EAST_POINT_(AUT)	2013	6	26	177	11.5	15.7	13.7094151635724	-999.9	0	6.30787037037036	14.6407317288561	330
EAST_POINT_(AUT)	2013	6	27	178	11.4	15.9	14.1807073436135	-999.9	0	3.68055555555556	14.1919779007205	330
EAST_POINT_(AUT)	2013	6	28	179	11.4	15.7	13.8508535032706	-999.9	8	4.25925925925925	14.5820906137873	330
EAST_POINT_(AUT)	2013	6	29	180	13.7	19.1	15.5075488289727	-999.9	2.4	6.09953703703703	18.0167940598447	330
EAST_POINT_(AUT)	2013	6	30	181	16.2	21.5	15.347634819251	-999.9	0.2	7.52314814814814	20.3170817735687	330
EAST_POINT_(AUT)	2013	7	1	182	13.6	22.5	19.8659353426906	-999.9	17.4	4.38657407407408	19.506355562812	330
EAST_POINT_(AUT)	2013	7	2	183	11.3	16.6	15.3114265236069	-999.9	0	3.71527777777778	12.4918591831409	330
EAST_POINT_(AUT)	2013	7	3	184	12.9	18.6	15.8574016799586	-999.9	0.01	3.35648148148147	15.657654292727	330
EAST_POINT_(AUT)	2013	7	4	185	16.3	25.9	20.549451067119	-999.9	0	4.69907407407408	21.188774759346	330
EAST_POINT_(AUT)	2013	7	5	186	19.4	27.7	19.0777319723088	-999.9	0	3.95833333333333	23.449513301684	330
EAST_POINT_(AUT)	2013	7	6	187	19.4	26.4	17.4909270251253	-999.9	0	3.87731481481481	21.4622771712946	330
EAST_POINT_(AUT)	2013	7	7	188	16.8	26.8	20.8685790977404	-999.9	0	4.82638888888889	20.7509222556737	330
EAST_POINT_(AUT)	2013	7	8	189	13.1	21.1	18.630299566847	-999.9	0	2.71990740740741	14.6509840989853	330
EAST_POINT_(AUT)	2013	7	9	190	11.7	18.9	17.6390778482759	-999.9	0	2.78935185185186	12.7346275588909	330
EAST_POINT_(AUT)	2013	7	10	191	13.8	21.2	17.844854517566	-999.9	0	5.02314814814814	15.4195291364609	330
EAST_POINT_(AUT)	2013	7	11	192	16.8	21.6	14.3402904075155	-999.9	4.2	6.30787037037036	20.9708262829642	330
EAST_POINT_(AUT)	2013	7	12	193	12.2	19.5	17.6437743152258	-999.9	0	3.79629629629631	15.7656732656596	330
EAST_POINT_(AUT)	2013	7	13	194	11.8	21.7	20.4971207216319	-999.9	0	2.24537037037037	15.0872589529595	330
EAST_POINT_(AUT)	2013	7	14	195	16	24.1	18.4933387595674	-999.9	0	2.61574074074074	19.1838944415761	330
EAST_POINT_(AUT)	2013	7	15	196	19	28.4	19.8694818095942	-999.9	0	2.69675925925926	22.5366536131078	330
EAST_POINT_(AUT)	2013	7	16	197	10.9	20.5	20.0244296703251	-999.9	0	5.75231481481481	13.6997791728484	330
EAST_POINT_(AUT)	2013	7	17	198	11.1	22.5	21.7585971201336	-999.9	0	5.47453703703703	13.5905388340187	330
EAST_POINT_(AUT)	2013	7	18	199	11.5	21.4	20.2163086222505	-999.9	8.5	6.38888888888889	15.5875793661116	330
EAST_POINT_(AUT)	2013	7	19	200	11.2	19.7	18.6745976235493	-999.9	0.7	5.81018518518519	15.072333225788	330
EAST_POINT_(AUT)	2013	7	20	201	19.1	28.2	19.2606794006974	-999.9	0	5.25462962962964	24.1551728062146	330
EAST_POINT_(AUT)	2013	7	21	202	12.3	22.1	19.9216128809824	-999.9	0	6.36574074074075	15.2037592254215	330
EAST_POINT_(AUT)	2013	7	22	203	13	22.3	19.3403693802725	-999.9	0	2.77777777777778	14.810408983465	330
EAST_POINT_(AUT)	2013	7	23	204	15.6	21.5	15.3501365081207	-999.9	21.2	6.09953703703703	17.4650078458716	330
EAST_POINT_(AUT)	2013	7	24	205	19.2	24.2	14.0794318040409	-999.9	0	5.75231481481481	23.9153252557069	330
EAST_POINT_(AUT)	2013	7	25	206	15.7	20.3	13.4537607347304	-999.9	11.5	4.28240740740742	19.3495687589276	330
EAST_POINT_(AUT)	2013	7	26	207	16.9	24.5	17.2260943641357	-999.9	20.3	5.76388888888889	23.0334218472667	330
EAST_POINT_(AUT)	2013	7	27	208	16.1	22.4	15.6212555636978	-999.9	0	7.22222222222222	20.3525651983001	330
EAST_POINT_(AUT)	2013	7	28	209	15.5	17.6	8.98196063211606	-999.9	0	5.25462962962964	17.4098525134812	330
EAST_POINT_(AUT)	2013	7	29	210	16	21.7	14.7354961747845	-999.9	19.5	4.59490740740742	20.2714048810922	330
EAST_POINT_(AUT)	2013	7	30	211	18.1	22.6	13.0361461964995	-999.9	4.01	3.125	23.3331896014843	330
EAST_POINT_(AUT)	2013	7	31	212	15.8	24	17.5192335376992	-999.9	0.98	2.43055555555556	21.018500820214	330
EAST_POINT_(AUT)	2013	8	1	213	15.8	24.6	18.066086549327	-999.9	0.04	3.31196581196581	19.9299247132999	330
EAST_POINT_(AUT)	2013	8	2	214	16.2	21.9	14.4718447672557	-999.9	2.19	3.14	19.5621812265259	330
EAST_POINT_(AUT)	2013	8	3	215	16.6	24.3	16.7395763875851	-999.9	4.2	5.64	20.5532568358945	330
EAST_POINT_(AUT)	2013	8	4	216	15.3	22.5	16.1074454088645	-999.9	0.2	0	16.22443220767	330
EAST_POINT_(AUT)	2013	8	5	217	13.7	21.5	16.680823658	-999.9	7.09	0	19.6006169510612	330
EAST_POINT_(AUT)	2013	8	6	218	14	21	15.7208923075775	-999.9	1	0	15.6621587322055	330
EAST_POINT_(AUT)	2013	8	7	219	13.5	22.9	18.1216631600282	-999.9	1.47	3.23	18.9906695465446	330
EAST_POINT_(AUT)	2013	8	8	220	19.5	23.3	11.4598677634892	-999.9	0.2	3.62847222222222	18.9507956071863	330
EAST_POINT_(AUT)	2013	8	9	221	18.5	21.7	10.4583689449819	-999.9	7.2	5.42824074074075	21.1032681799585	330
EAST_POINT_(AUT)	2013	8	10	222	14.7	24.5	18.1991204839763	-999.9	3.5	7.07175925925925	19.5048677861999	330
EAST_POINT_(AUT)	2013	8	11	223	13.2	22.7	17.8153573871221	-999.9	0	5.38194444444445	14.4366260441441	330
EAST_POINT_(AUT)	2013	8	12	224	15.3	23.6	16.5544168288247	-999.9	0	3.4375	17.2123409267636	330
EAST_POINT_(AUT)	2013	8	13	225	16.4	24.1	15.8492524869929	-999.9	0	5.08101851851853	18.5755397241316	330
EAST_POINT_(AUT)	2013	8	14	226	15.9	23.2	15.337679501264	-999.9	0.4	4.53703703703703	20.7453926454004	330
EAST_POINT_(AUT)	2013	8	15	227	14.4	22.5	16.0554143753108	-999.9	0	5.65972222222222	15.9571612929654	330
EAST_POINT_(AUT)	2013	8	16	228	14.7	22.9	16.0513823518698	-999.9	0	3.90046296296297	17.194638641649	330
EAST_POINT_(AUT)	2013	8	17	229	12.3	21.8	17.1648216570258	-999.9	0	3.59953703703703	16.0540850260597	330
EAST_POINT_(AUT)	2013	8	18	230	14.2	24.7	17.9262458930379	-999.9	0	3.69212962962964	16.614887770628	330
EAST_POINT_(AUT)	2013	8	19	231	15.7	27.2	18.6339879848299	-999.9	0	5.15046296296297	20.5775914939735	330
EAST_POINT_(AUT)	2013	8	20	232	15.8	19	9.76200026811276	-999.9	0	5.50925925925925	16.4697546730893	330
EAST_POINT_(AUT)	2013	8	21	233	17.7	25.8	15.4226065258934	-999.9	0	5.70601851851853	21.7015964190458	330
EAST_POINT_(AUT)	2013	8	22	234	18.7	26.7	15.2179440387549	-999.9	0	6.48148148148147	21.803901316681	330
EAST_POINT_(AUT)	2013	8	23	235	16	20.5	11.3307072157911	-999.9	0	6.55092592592592	17.7204038636067	330
EAST_POINT_(AUT)	2013	8	24	236	14.4	18.5	10.7355992877049	-999.9	0	6.44675925925925	12.4308000687933	330
EAST_POINT_(AUT)	2013	8	25	237	9.6	20.9	17.6888993341122	-999.9	0	2.26851851851852	12.1309873033866	330
EAST_POINT_(AUT)	2013	8	26	238	15.4	22.3	13.716925332537	-999.9	0	4.67592592592592	16.9461271087995	330
EAST_POINT_(AUT)	2013	8	27	239	15.2	21.6	13.1079892876244	-999.9	0	3.77314814814814	18.8589608454023	330
EAST_POINT_(AUT)	2013	8	28	240	16.1	22.8	13.3057815484326	-999.9	0	3.66898148148147	20.5410085109476	330
EAST_POINT_(AUT)	2013	8	29	241	15.4	19.2	9.94018672797409	-999.9	17.4	9.47916666666667	16.8203555012613	330
EAST_POINT_(AUT)	2013	8	30	242	14.3	15.6	5.76656077169326	-999.9	6.6	12.9398148148148	15.7728550208166	330
EAST_POINT_(AUT)	2013	8	31	243	13.2	20	13.0793044803006	-999.9	0	3.06712962962964	16.3824894509516	330
EAST_POINT_(AUT)	2013	9	1	244	15.8	20.1	10.3131616095483	-999.9	9.2	4.98842592592592	19.8762638478587	330
EAST_POINT_(AUT)	2013	9	2	245	15.3	17.4	7.14557077377723	-999.9	0	7.62731481481481	16.7605342748144	330
EAST_POINT_(AUT)	2013	9	3	246	16.5	19.4	8.32411611326551	-999.9	19.1	7.39583333333333	19.5740617476524	330
EAST_POINT_(AUT)	2013	9	4	247	16.1	23.3	13.0004776414749	-999.9	0	4.72222222222222	21.3643094007721	330
EAST_POINT_(AUT)	2013	9	5	248	8.4	17.7	14.6430135733148	-999.9	3.1	3.68055555555556	12.7961257570904	330
EAST_POINT_(AUT)	2013	9	6	249	7.5	17	14.665222794255	-999.9	0	4.43287037037036	10.8077771402334	330
EAST_POINT_(AUT)	2013	9	7	250	11.6	20.5	14.0637662645794	-999.9	0	6.51620370370369	14.0240137752307	330
EAST_POINT_(AUT)	2013	9	8	251	9.3	16.6	12.6179767787093	-999.9	19.2	7.00231481481481	13.5084602071381	330
EAST_POINT_(AUT)	2013	9	9	252	9.2	17.3	13.1654086968755	-999.9	0.4	7.84722222222222	10.427702018841	330
EAST_POINT_(AUT)	2013	9	10	253	11.6	17.7	11.3151992510109	-999.9	0	5.77546296296297	13.8124413471353	330
EAST_POINT_(AUT)	2013	9	11	254	15	20.2	10.3453781744852	-999.9	8.2	5.6400966183575	18.9944123030902	330
EAST_POINT_(AUT)	2013	9	12	255	17.2	24.5	12.1365590018571	-999.9	1.8	4.09722222222222	22.5534716697627	330
EAST_POINT_(AUT)	2013	9	13	256	17.4	19.6	6.59594545555047	-999.9	6.7	5.92592592592592	20.4565283800383	330
EAST_POINT_(AUT)	2013	9	14	257	16.7	20	7.9964369488199	-999.9	3	5.53240740740742	20.4261139297386	330
EAST_POINT_(AUT)	2013	9	15	258	11.9	16.8	9.64392520461722	-999.9	0	3.83101851851853	14.6041689567913	330
EAST_POINT_(AUT)	2013	9	16	259	10.1	18.8	12.7166953137339	-999.9	3.9	5.74074074074075	14.4364276968734	330
EAST_POINT_(AUT)	2013	9	17	260	7.6	13.7	10.5361324283367	-999.9	0	6.86342592592592	8.96814797820626	330
EAST_POINT_(AUT)	2013	9	18	261	9.7	18	12.1590622086785	-999.9	0	4.36342592592592	12.0456078438268	330
EAST_POINT_(AUT)	2013	9	19	262	12	19	11.0458244698759	-999.9	0	3.51851851851853	14.1514917530493	330
EAST_POINT_(AUT)	2013	9	20	263	10.4	15.4	9.2334898374155	-999.9	0	7.15277777777778	12.1194089179097	330
EAST_POINT_(AUT)	2013	9	21	264	11.8	19	10.9577883467882	-999.9	0	6.86342592592592	14.8368709819607	330
EAST_POINT_(AUT)	2013	9	22	265	16	21.5	9.47017963515089	-999.9	0	7.82407407407408	19.2282178685389	330
EAST_POINT_(AUT)	2013	9	23	266	8.5	19.4	13.1812075298903	-999.9	11.9	6.51620370370369	14.8123490849343	330
EAST_POINT_(AUT)	2013	9	24	267	8.3	13.4	8.91327808309765	-999.9	1.6	2.7662037037037	11.4722313696063	330
EAST_POINT_(AUT)	2013	9	25	268	9.6	15	9.06578745356972	-999.9	5.7	4.65277777777778	12.7287607847599	330
EAST_POINT_(AUT)	2013	9	26	269	12.4	13.6	4.22378685631645	-999.9	4.5	11.1921296296296	13.834267225121	330
EAST_POINT_(AUT)	2013	9	27	270	10.4	12.7	5.77863224616655	-999.9	0	8.98148148148147	11.8859191498902	330
EAST_POINT_(AUT)	2013	9	28	271	8.3	18.1	11.7861416668224	-999.9	0	3.95833333333333	12.4546800955436	330
EAST_POINT_(AUT)	2013	9	29	272	12.3	20.1	10.3884757092586	-999.9	0	3.55324074074075	13.4435312793041	330
EAST_POINT_(AUT)	2013	9	30	273	9.6	18	10.6497465865337	-999.9	0	3.28703703703703	12.8785412565192	330
EAST_POINT_(AUT)	2013	10	1	274	12.5	16.2	6.98144969622001	-999.9	6.6	3.54166666666667	14.67279757031	330
EAST_POINT_(AUT)	2013	10	2	275	10.9	19	10.2019520002674	-999.9	0.4	5.15046296296297	14.7669877399776	330
EAST_POINT_(AUT)	2013	10	3	276	13.4	16.1	5.81661735859227	-999.9	0	9.71064814814814	12.5778489128718	330
EAST_POINT_(AUT)	2013	10	4	277	11.3	13.6	5.30094386324621	-999.9	0	12.0833333333333	10.0594210139381	330
EAST_POINT_(AUT)	2013	10	5	278	7.3	14.1	8.99908396032752	-999.9	0.2	5.81018518518519	10.0662885469662	330
EAST_POINT_(AUT)	2013	10	6	279	4.7	12.1	9.26764258559135	-999.9	0	7.8125	8.3014437519976	330
EAST_POINT_(AUT)	2013	10	7	280	4.6	14.7	10.6875921105629	-999.9	0	6.57407407407408	9.85820171081745	330
EAST_POINT_(AUT)	2013	10	8	281	10.6	17.2	8.52735560008254	-999.9	4.7	9.61805555555556	13.2813955211306	330
EAST_POINT_(AUT)	2013	10	9	282	6.7	13	8.22232589079626	-999.9	0	5.64814814814814	9.12388098155329	330
EAST_POINT_(AUT)	2013	10	10	283	10	19.8	10.119979600182	-999.9	0	4.86111111111111	12.4961622081679	330
EAST_POINT_(AUT)	2013	10	11	284	8	14.2	7.94266580003605	-999.9	0	5.70601851851853	11.1613471459328	330
EAST_POINT_(AUT)	2013	10	12	285	5.7	9.3	5.97157304421061	-999.9	0	6.80555555555556	6.99250991884905	330
EAST_POINT_(AUT)	2013	10	13	286	5.7	10.2	6.58681776366819	-999.9	0.06	4.21296296296297	7.56269754008461	330
EAST_POINT_(AUT)	2013	10	14	287	2.9	14.9	10.6110523260346	-999.9	2.1	3.86574074074075	9.62253008229053	330
EAST_POINT_(AUT)	2013	10	15	288	10.7	13.2	4.77754319703806	-999.9	0.5	5.41666666666667	12.7108861013375	330
EAST_POINT_(AUT)	2013	10	16	289	10.08	13.53	10.33	-999.9	3	4.09	9.65907984666217	330
EAST_POINT_(AUT)	2013	10	17	290	12.2	16.58	6.21	-999.9	16.79	6.73	15.8686661089002	330
EAST_POINT_(AUT)	2013	10	18	291	12.31	14.17	7.34	-999.9	4.47	4.03	14.1211270284329	330
EAST_POINT_(AUT)	2013	10	19	292	11.55	12.75	7.69	-999.9	0.66	8.17	11.8782117261469	330
EAST_POINT_(AUT)	2013	10	20	293	11.16	14.14	9.23	-999.9	4.84	5.3	12.586464401478	330
EAST_POINT_(AUT)	2013	10	21	294	9.08	10.95	5.36	-999.9	0.44	10.34	9.57325155106798	330
EAST_POINT_(AUT)	2013	10	22	295	9.42	12.31	7.96	-999.9	0.92	5.27	10.310115975625	330
EAST_POINT_(AUT)	2013	10	23	296	8.29	12.34	6.6	-999.9	11.93	5.89	9.87220794762795	330
EAST_POINT_(AUT)	2013	10	24	297	5.3	5.6	1.45986033750911	-999.9	1.6	6.38888888888889	4.65525215573324	330
EAST_POINT_(AUT)	2013	10	25	298	3	10.2	7.05156390594962	-999.9	0.52	6.27777777777778	5.87251597407387	330
EAST_POINT_(AUT)	2013	10	26	299	3	8.6	6.13162835550886	-999.9	0.81	5.83333333333333	6.11258866040386	330
EAST_POINT_(AUT)	2013	10	27	300	4.7	9.6	5.6550896227502	-999.9	4.3	4.16666666666667	8.89368833546205	330
EAST_POINT_(AUT)	2013	10	28	301	4.6	8.4	4.9101296266302	-999.9	1.7	5.83333333333333	7.36155447201074	330
EAST_POINT_(AUT)	2013	10	29	302	-0.5	6.4	6.52361944626757	-999.9	5.6	6.11111111111111	4.33859801998161	330
EAST_POINT_(AUT)	2013	10	30	303	-1.6	6.9	7.13909076487057	-999.9	0.17	5.77	6.27947436856808	330
EAST_POINT_(AUT)	2013	10	31	304	1.3	9.4	6.87155652083593	-999.9	32.3	7.37	6.68980344935624	330
EAST_POINT_(AUT)	2013	11	1	305	9.4	16.1	6.16229452373316	-999.9	0.7	9.77777777777778	13.8324399380038	330
EAST_POINT_(AUT)	2013	11	2	306	7.4	15.8	6.80383786942043	-999.9	1.36	4.61805555555556	10.6744696980745	330
EAST_POINT_(AUT)	2013	11	3	307	3.5	7.6	4.68744299759427	-999.9	1.4	7.69444444444444	6.22479270021351	330
EAST_POINT_(AUT)	2013	11	4	308	3.2	4.7	2.79604222541094	-999.9	1.6	8.66	6.66856810065571	330
EAST_POINT_(AUT)	2013	11	5	309	-0.4	5.8	5.60629709241638	-999.9	0.03	4.05092592592592	4.71912946388437	330
EAST_POINT_(AUT)	2013	11	6	310	2.5	9.8	6.00006534245447	-999.9	0.19	5.20833333333333	7.00609347726765	330
EAST_POINT_(AUT)	2013	11	7	311	6.3	13.2	5.75399627388003	-999.9	10.4	7.74305555555556	10.8116150084955	330
EAST_POINT_(AUT)	2013	11	8	312	0.8	6.5	5.15909241676325	-999.9	5.6	7.22222222222222	6.07149405133842	330
EAST_POINT_(AUT)	2013	11	9	313	0.2	4	4.15588156265923	-999.9	7.7	7.97453703703703	5.99127956363803	330
EAST_POINT_(AUT)	2013	11	10	314	-0.5	6.2	5.44494181634831	-999.9	1.39	4.08564814814814	6.0178983715339	330
EAST_POINT_(AUT)	2013	11	11	315	3.8	7.2	3.82765881009245	-999.9	11.99	6.84027777777778	8.05786957655099	330
EAST_POINT_(AUT)	2013	11	12	316	-2.7	6.3	6.14625964444494	-999.9	7.37	5.49768518518519	6.3620668539946	330
EAST_POINT_(AUT)	2013	11	13	317	-3.4	1	4.24203700027749	-999.9	0.3	6.8840579710145	4.30263854458617	330
EAST_POINT_(AUT)	2013	11	14	318	-4.7	4.2	5.95619411609856	-999.9	3.6	4.71064814814814	4.13348977990702	330
EAST_POINT_(AUT)	2013	11	15	319	2.9	8.5	4.66514975127538	-999.9	0	4.52546296296297	6.87132357206455	330
EAST_POINT_(AUT)	2013	11	16	320	2.5	8.8	4.88670820734499	-999.9	1.1	2.12962962962963	8.18580432232565	330
EAST_POINT_(AUT)	2013	11	17	321	2.8	6.7	3.79782265597622	-999.9	0.2	1.86342592592593	8.36200505754502	330
EAST_POINT_(AUT)	2013	11	18	322	6.6	11.7	4.29072135531785	-999.9	11.5	9.74537037037036	10.0919672653489	330
EAST_POINT_(AUT)	2013	11	19	323	-0.1	12	6.53088911935891	-999.9	6.9	5.98379629629631	8.1385268524743	330
EAST_POINT_(AUT)	2013	11	20	324	-0.7	1.3	2.62437302058437	-999.9	2.6	14.7337962962963	4.96317389042766	330
EAST_POINT_(AUT)	2013	11	21	325	0	3.9	3.62305859717154	-999.9	0.2	16.400462962963	5.21022884397261	330
EAST_POINT_(AUT)	2013	11	22	326	0.6	5.5	4.0158746528107	-999.9	0	7.82407407407408	6.03992417564924	330
EAST_POINT_(AUT)	2013	11	23	327	-1.9	4.1	4.39550092852891	-999.9	0.5	4.86111111111111	5.54635045858984	330
EAST_POINT_(AUT)	2013	11	24	328	-6.7	-1.9	3.88974036536511	-999.9	0	8.09027777777778	2.68877785438367	330
EAST_POINT_(AUT)	2013	11	25	329	-6.5	-2.7	3.42515819021804	-999.9	0.6	6.99074074074075	3.20896604707792	330
EAST_POINT_(AUT)	2013	11	26	330	-6.6	4.1	5.68978853584315	-999.9	1.3	5.16203703703703	4.28624255698016	330
EAST_POINT_(AUT)	2013	11	27	331	-0.4	12.5	6.18651364770822	-999.9	21.5	7.26851851851853	8.59291913563699	330
EAST_POINT_(AUT)	2013	11	28	332	-3.6	13.1	6.97256524863803	-999.9	2.2	9.79166666666667	7.1885166164087	330
EAST_POINT_(AUT)	2013	11	29	333	-6.6	-2.5	3.42334491304635	-999.9	0.6	5.75231481481481	3.14165780232628	330
EAST_POINT_(AUT)	2013	11	30	334	-8.1	-1.8	4.20629034515123	-999.9	0.5	7.09490740740742	3.20311568248371	330
EAST_POINT_(AUT)	2013	12	1	335	-6.7	3.7	5.35878550588335	-999.9	0.2	6.04166666666667	4.31308815853989	330
EAST_POINT_(AUT)	2013	12	2	336	3.4	5.1	2.14906674164027	-999.9	1.4	4.375	7.49747214572191	330
EAST_POINT_(AUT)	2013	12	3	337	4.2	5.8	2.06880984691364	-999.9	17.2	4.34027777777778	8.53793395703806	330
EAST_POINT_(AUT)	2013	12	4	338	-0.9	4.8	3.87611646029961	-999.9	16.4	17.7083333333333	6.94106450302473	330
EAST_POINT_(AUT)	2013	12	5	339	-0.8	2.4	2.88403791102695	-999.9	0	7.87037037037036	5.52526990219738	330
EAST_POINT_(AUT)	2013	12	6	340	2.3	8.6	4.02007885162699	-999.9	11.1	7.63285024154589	8.55413285498285	330
EAST_POINT_(AUT)	2013	12	7	341	-2.5	3.1	3.76679640090451	-999.9	0	6.37731481481481	4.55545660401022	330
EAST_POINT_(AUT)	2013	12	8	342	-6	-2.2	3.08505476039103	-999.9	0	12.1064814814815	3.23199299910315	330
EAST_POINT_(AUT)	2013	12	9	343	-4.9	-1.9	2.72651038495952	-999.9	3.1	5.89120370370369	3.25077830412462	330
EAST_POINT_(AUT)	2013	12	10	344	-3.7	1.9	3.70682156080573	-999.9	3.2	5.18518518518519	5.02926366990197	330
EAST_POINT_(AUT)	2013	12	11	345	-9.4	-3.6	3.75553186781452	-999.9	0	9.23611111111111	2.74560641363771	330
EAST_POINT_(AUT)	2013	12	12	346	-16	-7.4	4.55457487787656	-999.9	1.3	7.52314814814814	2.11533070077415	330
EAST_POINT_(AUT)	2013	12	13	347	-16.9	-7.5	4.74457784425471	-999.9	0.6	7.54629629629631	2.02802457247332	330
EAST_POINT_(AUT)	2013	12	14	348	-16.1	-11	3.4837731051823	-999.9	1.4	7.08333333333333	1.94893030867541	330
EAST_POINT_(AUT)	2013	12	15	349	-13.2	-0.4	5.50426012045165	-999.9	12.2	8.85416666666667	3.47385552250805	330
EAST_POINT_(AUT)	2013	12	16	350	-10.3	-1.4	4.57949856879654	-999.9	0	7.51157407407408	3.47616621677257	330
EAST_POINT_(AUT)	2013	12	17	351	-11.1	-6.2	3.39196310334342	-999.9	0.4	6.25	2.83088945500541	330
EAST_POINT_(AUT)	2013	12	18	352	-6.4	-0.1	3.84110209727908	-999.9	8.7	10.0810185185185	4.35272884035388	330
EAST_POINT_(AUT)	2013	12	19	353	-8.6	-3.7	3.3846932469203	-999.9	0	8.63425925925925	3.7501916201244	330
EAST_POINT_(AUT)	2013	12	20	354	-7.6	-2.2	3.55187461881607	-999.9	2.5	6.08796296296297	3.91774145493182	330
EAST_POINT_(AUT)	2013	12	21	355	-2.4	2.6	3.41813549693246	-999.9	8.1	5.70601851851853	6.12558468434803	330
EAST_POINT_(AUT)	2013	12	22	356	-4.7	0.5	3.48781555748384	-999.9	6.4	10.5092592592593	5.02541096823935	330
EAST_POINT_(AUT)	2013	12	23	357	-4.3	-0.3	3.06219707376587	-999.9	12.2	5.42824074074075	4.97321308380596	330
EAST_POINT_(AUT)	2013	12	24	358	-3.5	0.2	2.9495682284332	-999.9	1.7	5.10416666666667	5.35435278880964	330
EAST_POINT_(AUT)	2013	12	25	359	-8.2	-3.4	3.36616113654913	-999.9	0	10.6018518518519	3.29849200746493	330
EAST_POINT_(AUT)	2013	12	26	360	-11.7	-1.7	4.87048338484793	-999.9	3	5.37037037037036	3.06656080676327	330
EAST_POINT_(AUT)	2013	12	27	361	-6.7	-1.1	3.65530395415059	-999.9	1	7.02546296296297	4.45826376218387	330
EAST_POINT_(AUT)	2013	12	28	362	-10.8	-0.3	5.0220317663609	-999.9	0	6.55092592592592	3.48740865059287	330
EAST_POINT_(AUT)	2013	12	29	363	-7.7	-0.9	4.05686444538144	-999.9	1.9	7.52314814814814	3.74009929917729	330
EAST_POINT_(AUT)	2013	12	30	364	-9.3	0.9	4.98977559880681	-999.9	11.5	10.4513888888889	4.24386702997795	330
EAST_POINT_(AUT)	2013	12	31	365	-14	-8.9	3.54488418633884	-999.9	0	5.86805555555556	2.20801337582751	330
