EAST_POINT_(AUT)	2011	1	1	1	0.8	3	2.340198680928	-999.9	0	7.12962962962964	6.55437526045152	330
EAST_POINT_(AUT)	2011	1	2	2	0.6	3	2.45785831811927	-999.9	0	6.00694444444445	6.60082634233672	330
EAST_POINT_(AUT)	2011	1	3	3	-3.4	3.3	4.13124221360552	-999.9	19.2	4.34027777777778	6.07024260229567	330
EAST_POINT_(AUT)	2011	1	4	4	-7.4	-3.4	3.2125068785918	-999.9	0.6	6.79398148148147	3.79939632180098	330
EAST_POINT_(AUT)	2011	1	5	5	-9.8	-3.4	4.09119362537755	-999.9	0	4.59490740740742	2.9495919825069	330
EAST_POINT_(AUT)	2011	1	6	6	-10.1	-1.1	4.88650825486741	-999.9	0	3.32175925925925	3.03714844280355	330
EAST_POINT_(AUT)	2011	1	7	7	-1.4	2.2	3.11396228516766	-999.9	1.2	6.79398148148147	5.61000824580701	330
EAST_POINT_(AUT)	2011	1	8	8	-1.6	1.3	2.81714405433537	-999.9	3.7	5.30092592592592	5.86495029968953	330
EAST_POINT_(AUT)	2011	1	9	9	-1	2.3	3.03021847122847	-999.9	3	9.05092592592592	6.27378507861089	330
EAST_POINT_(AUT)	2011	1	10	10	0.9	2.7	2.25743199482194	-999.9	5.3	12.5694444444444	6.76388160266794	330
EAST_POINT_(AUT)	2011	1	11	11	-0.1	3	2.98930838238936	-999.9	0	7.75462962962964	6.38064550017955	330
EAST_POINT_(AUT)	2011	1	12	12	-0.2	1.7	2.3622370313189	-999.9	4.2	6.88657407407408	6.03742096228335	330
EAST_POINT_(AUT)	2011	1	13	13	0.7	2.1	2.0474254646321	-999.9	1.8	12.037037037037	6.63492735013667	330
EAST_POINT_(AUT)	2011	1	14	14	-3.6	1.1	3.78901400203549	-999.9	2	7.62731481481481	5.38629287138689	330
EAST_POINT_(AUT)	2011	1	15	15	-7.3	-2	4.0651756448617	-999.9	0	3.59953703703703	3.58564081147573	330
EAST_POINT_(AUT)	2011	1	16	16	-8.4	-0.1	5.14127083429267	-999.9	2	6.68981481481481	4.19784279549451	330
EAST_POINT_(AUT)	2011	1	17	17	-10.5	-5.4	4.07406122870708	-999.9	0.6	6.99074074074075	3.04001891889216	330
EAST_POINT_(AUT)	2011	1	18	18	-11.5	1.4	6.55185535838657	-999.9	0	5.87962962962964	3.49451476719428	330
EAST_POINT_(AUT)	2011	1	19	19	-1.2	2.5	3.54901806664216	-999.9	19.9	9.87268518518519	6.38946807963159	330
EAST_POINT_(AUT)	2011	1	20	20	-7.3	-1.1	4.64779507587132	-999.9	0	7.98611111111111	4.08894031791972	330
EAST_POINT_(AUT)	2011	1	21	21	-9.2	5.4	7.2172569802808	-999.9	1.4	6.86342592592592	4.8020089160723	330
EAST_POINT_(AUT)	2011	1	22	22	-10.8	-1.9	5.70336501726124	-999.9	1.2	10.2893518518519	2.72231338264618	330
EAST_POINT_(AUT)	2011	1	23	23	-11.5	-5.9	4.57995702890421	-999.9	0	5.90277777777778	2.61578434632301	330
EAST_POINT_(AUT)	2011	1	24	24	-19	-9.8	5.9439939385292	-999.9	0.6	9.76851851851853	1.83813845355	330
EAST_POINT_(AUT)	2011	1	25	25	-17.9	-8.8	5.98691495984803	-999.9	0.6	5	1.87046783780422	330
EAST_POINT_(AUT)	2011	1	26	26	-10.8	-0.5	6.45171185113955	-999.9	0	2.74305555555556	3.71534044825662	330
EAST_POINT_(AUT)	2011	1	27	27	-2	0	2.88015911836002	-999.9	5	12.2569444444444	5.66063344534742	330
EAST_POINT_(AUT)	2011	1	28	28	-8.7	-1	5.72609286460783	-999.9	0	6.96759259259258	3.65632157573301	330
EAST_POINT_(AUT)	2011	1	29	29	-3.5	-1.1	3.23960373923617	-999.9	1.4	4.62962962962964	4.7139665286119	330
EAST_POINT_(AUT)	2011	1	30	30	-8.1	-2.3	5.1042341831161	-999.9	1.4	3.94675925925925	3.85926110021122	330
EAST_POINT_(AUT)	2011	1	31	31	-13.6	-4.9	6.3366405851185	-999.9	0.6	8.15972222222222	2.75286316413862	330
EAST_POINT_(AUT)	2011	2	1	32	-15.5	-6.9	6.38674521693432	-999.9	0	5.45138888888889	2.00001066902783	330
EAST_POINT_(AUT)	2011	2	2	33	-7.1	-4	3.8876379863378	-999.9	3.3	6.55092592592592	3.45199492638472	330
EAST_POINT_(AUT)	2011	2	3	34	-10.8	-4.1	5.79503917938066	-999.9	0	8.25231481481481	3.04643947250237	330
EAST_POINT_(AUT)	2011	2	4	35	-8.7	-1.3	6.1756695500779	-999.9	0	5.28935185185186	3.52991301660664	330
EAST_POINT_(AUT)	2011	2	5	36	-10.1	-0.7	7.05850044596808	-999.9	0	4.87268518518519	3.40045114695663	330
EAST_POINT_(AUT)	2011	2	6	37	-3.2	0.5	4.49114247670511	-999.9	8.2	10.2546296296296	5.35841721685296	330
EAST_POINT_(AUT)	2011	2	7	38	-6.7	-1.6	5.34775790360142	-999.9	0	3.76157407407408	4.11143792627141	330
EAST_POINT_(AUT)	2011	2	8	39	-1.6	-0.9	2.00948971774754	-999.9	6.4	4.60648148148147	5.43513231452123	330
EAST_POINT_(AUT)	2011	2	9	40	-11.5	-1.3	7.78041434019399	-999.9	2.2	9.62962962962964	3.49173179207706	330
EAST_POINT_(AUT)	2011	2	10	41	-10.8	-4.5	6.20227415357702	-999.9	1.6	4.45601851851853	2.68819582409828	330
EAST_POINT_(AUT)	2011	2	11	42	-13.4	-6.9	6.39034206387539	-999.9	0	5.72916666666667	2.30469981713674	330
EAST_POINT_(AUT)	2011	2	12	43	-14.1	-0.9	9.23733015491423	-999.9	0.7	6.25	2.96043950653221	330
EAST_POINT_(AUT)	2011	2	13	44	-11.3	-2.5	7.65059085331658	-999.9	0	8.51851851851853	2.76176092743286	330
EAST_POINT_(AUT)	2011	2	14	45	-9	0.8	8.18954415649919	-999.9	1.5	6.77083333333333	4.31625014783793	330
EAST_POINT_(AUT)	2011	2	15	46	-7.6	1.4	7.96080257637602	-999.9	0.6	13.3796296296296	4.56007171162871	330
EAST_POINT_(AUT)	2011	2	16	47	-9.6	-3.2	6.80937738570443	-999.9	0	12.9976851851852	3.47269463555506	330
EAST_POINT_(AUT)	2011	2	17	48	-5.7	-0.1	6.46075562308676	-999.9	0	6.86342592592592	4.21317050721545	330
EAST_POINT_(AUT)	2011	2	18	49	-4.1	0.1	5.67509522479098	-999.9	7	3.86574074074075	5.00082895588172	330
EAST_POINT_(AUT)	2011	2	19	50	-1.2	-0.1	2.94570152973135	-999.9	4.3	4.91898148148147	5.83240146734348	330
EAST_POINT_(AUT)	2011	2	20	51	-2.1	0.2	4.31998607336099	-999.9	0.7	9.40972222222222	5.59644314588317	330
EAST_POINT_(AUT)	2011	2	21	52	-7.7	-2.1	6.83625370026668	-999.9	1.9	5.68287037037036	4.12936707142609	330
EAST_POINT_(AUT)	2011	2	22	53	-7.4	-1.6	7.05539341740935	-999.9	0	10.9375	4.15338989327885	330
EAST_POINT_(AUT)	2011	2	23	54	-4.4	-2.6	3.98567306836487	-999.9	0	11.3657407407407	4.18288363989076	330
EAST_POINT_(AUT)	2011	2	24	55	-3.6	-1.2	4.66661703877037	-999.9	0	5.91435185185186	4.38324776149897	330
EAST_POINT_(AUT)	2011	2	25	56	-2.5	4.5	8.08067346210284	-999.9	24.9	7.38425925925925	6.38903145693311	330
EAST_POINT_(AUT)	2011	2	26	57	-12.4	-1.4	10.2698895146427	-999.9	0.7	12.9282407407407	3.13274373858056	330
EAST_POINT_(AUT)	2011	2	27	58	-14.5	-8.9	7.42850360470025	-999.9	0	4.93055555555556	1.89227850311826	330
EAST_POINT_(AUT)	2011	2	28	59	-14.2	0.7	12.2829746135886	-999.9	5.6	6.41203703703703	3.12154688005706	330
EAST_POINT_(AUT)	2011	3	1	60	-7.9	2.4	10.3513168900875	-999.9	0	11.1342592592593	4.39034274613814	330
EAST_POINT_(AUT)	2011	3	2	61	-10.8	1.2	11.323899899656	-999.9	1.2	6.78240740740742	3.49414075044519	330
EAST_POINT_(AUT)	2011	3	3	62	-10.9	0.4	11.1361045682242	-999.9	0	10.9259259259259	3.85769089847084	330
EAST_POINT_(AUT)	2011	3	4	63	-14.5	-8.1	8.49242134595538	-999.9	0	6.13425925925925	2.19062371463896	330
EAST_POINT_(AUT)	2011	3	5	64	-9.4	0.5	10.701976392851	-999.9	0	6.81712962962964	3.75014815606731	330
EAST_POINT_(AUT)	2011	3	6	65	0.2	3.5	6.25985460466045	-999.9	0	6.41203703703703	6.67461212205264	330
EAST_POINT_(AUT)	2011	3	7	66	1.6	6.1	7.40507038461022	-999.9	13	7.69675925925925	7.83387089933039	330
EAST_POINT_(AUT)	2011	3	8	67	-4.7	4.8	10.898179806151	-999.9	0.7	8.59953703703703	5.63358019540334	330
EAST_POINT_(AUT)	2011	3	9	68	-6.1	-3.7	5.54778296235018	-999.9	0	7.38425925925925	3.4322473935626	330
EAST_POINT_(AUT)	2011	3	10	69	-5.3	-0.8	7.69295424975984	-999.9	0	4.21296296296297	4.21806633325656	330
EAST_POINT_(AUT)	2011	3	11	70	-0.9	4.1	8.21098610879455	-999.9	0	6.14583333333333	6.60739823978256	330
EAST_POINT_(AUT)	2011	3	12	71	0.5	6.3	8.95358913946977	-999.9	1.5	8.36805555555556	7.82029018506458	330
EAST_POINT_(AUT)	2011	3	13	72	-1.5	7.1	11.0370696198689	-999.9	0	6.48148148148147	6.70076926098429	330
EAST_POINT_(AUT)	2011	3	14	73	-4.6	-1	7.22811263182253	-999.9	0	11.3078703703704	4.36119869756254	330
EAST_POINT_(AUT)	2011	3	15	74	-4.7	-1.2	7.21312945743714	-999.9	0	4.80324074074075	3.630214994384	330
EAST_POINT_(AUT)	2011	3	16	75	-2.5	3.1	9.23306684485075	-999.9	5.1	6.86342592592592	5.40225404503105	330
EAST_POINT_(AUT)	2011	3	17	76	0.3	5.6	9.08861508320432	-999.9	0.7	5.27777777777778	7.18025286347833	330
EAST_POINT_(AUT)	2011	3	18	77	-1.7	7	11.7807282858665	-999.9	3	8.42592592592592	7.03833322014859	330
EAST_POINT_(AUT)	2011	3	19	78	-3.1	-1.6	4.94829102555634	-999.9	0.6	10.5902777777778	4.4368589131807	330
EAST_POINT_(AUT)	2011	3	20	79	-4	-1.2	6.83800695993711	-999.9	0	7.08333333333333	3.78204668142789	330
EAST_POINT_(AUT)	2011	3	21	80	-6.9	-0.9	10.1230273478182	-999.9	0.6	3.25231481481481	3.82356040507296	330
EAST_POINT_(AUT)	2011	3	22	81	-2.2	0.1	6.33761522075554	-999.9	0	5.26620370370369	4.89949006159493	330
EAST_POINT_(AUT)	2011	3	23	82	-1.9	-0.4	5.17460552619603	-999.9	0	6.21527777777778	4.77935133787839	330
EAST_POINT_(AUT)	2011	3	24	83	-2.5	-0.4	6.18946450720168	-999.9	0	6.19212962962964	4.72789631831444	330
EAST_POINT_(AUT)	2011	3	25	84	-4.2	-0.6	8.19121472704115	-999.9	0	7.21064814814814	4.64701462777312	330
EAST_POINT_(AUT)	2011	3	26	85	-5.9	-0.9	9.75612209740928	-999.9	0.7	7.59259259259258	3.6130818260785	330
EAST_POINT_(AUT)	2011	3	27	86	-5.6	-2.6	7.63641105779355	-999.9	0.7	7.40740740740742	3.72123098084933	330
EAST_POINT_(AUT)	2011	3	28	87	-6.6	0.7	12.0355962253766	-999.9	0.6	8.28703703703703	4.30088183232952	330
EAST_POINT_(AUT)	2011	3	29	88	-0.4	2.7	7.92328744530584	-999.9	0	7.73148148148147	6.01312181855818	330
EAST_POINT_(AUT)	2011	3	30	89	-2.8	2.7	10.6601917281211	-999.9	0	5.16203703703703	5.31114492848287	330
EAST_POINT_(AUT)	2011	3	31	90	-2.8	2.6	10.6679322997905	-999.9	0	2.67361111111111	5.433006762406	330
EAST_POINT_(AUT)	2011	4	1	91	-1.3	3.1	9.72411092775254	-999.9	3.6	5.79861111111111	5.95830335211584	330
EAST_POINT_(AUT)	2011	4	2	92	-0.5	2.8	8.5027841483635	-999.9	1.4	8.94675925925925	6.60439353726613	330
EAST_POINT_(AUT)	2011	4	3	93	-2.2	0.1	7.16620283789861	-999.9	0.7	7.76620370370369	5.3361016518623	330
EAST_POINT_(AUT)	2011	4	4	94	-2.5	1.6	9.65780550322906	-999.9	0	4.56018518518519	5.23512102866584	330
EAST_POINT_(AUT)	2011	4	5	95	0.4	8.5	13.7003208535053	-999.9	3.8	10.162037037037	8.31883910457979	330
EAST_POINT_(AUT)	2011	4	6	96	-0.4	4.9	11.1832553706845	-999.9	0.7	6.67824074074075	6.06228350551127	330
EAST_POINT_(AUT)	2011	4	7	97	-2.1	0.4	7.74966286692694	-999.9	0	8.85416666666667	4.88557042219048	330
EAST_POINT_(AUT)	2011	4	8	98	-4.2	1.3	11.5962382777547	-999.9	0	5.57870370370369	4.66601885801658	330
EAST_POINT_(AUT)	2011	4	9	99	-4.6	3	13.7501085214907	-999.9	0	2.53472222222222	4.96486362100064	330
EAST_POINT_(AUT)	2011	4	10	100	-0.1	5.7	12.1148358079006	-999.9	0	2.67361111111111	6.40997526132421	330
EAST_POINT_(AUT)	2011	4	11	101	1.4	7	12.0044573470547	-999.9	8.2	8.05555555555556	7.75570129051663	330
EAST_POINT_(AUT)	2011	4	12	102	-0.6	13.1	18.9319214932073	-999.9	1.4	9.21296296296297	8.47273540502231	330
EAST_POINT_(AUT)	2011	4	13	103	-0.4	7.5	14.4935543190324	-999.9	0	3.88888888888889	6.04538720701456	330
EAST_POINT_(AUT)	2011	4	14	104	0.3	8.7	15.0650007634344	-999.9	2.9	8.17129629629631	8.22366594533248	330
EAST_POINT_(AUT)	2011	4	15	105	-7.4	0.3	14.537322325348	-999.9	0	9.39814814814814	3.6731930020184	330
EAST_POINT_(AUT)	2011	4	16	106	-7.3	1.3	15.4824395363761	-999.9	0	3.98148148148147	3.62611305653724	330
EAST_POINT_(AUT)	2011	4	17	107	-0.3	6.1	13.4577676386535	-999.9	0.6	10.2893518518519	6.87129997210203	330
EAST_POINT_(AUT)	2011	4	18	108	2.3	9.3	14.179695217807	-999.9	0	5.56712962962964	8.04978531919348	330
EAST_POINT_(AUT)	2011	4	19	109	-1.5	6.7	15.4597269608809	-999.9	5	3.99305555555556	6.49525385895012	330
EAST_POINT_(AUT)	2011	4	20	110	-1.7	1.8	10.1729833589871	-999.9	13.7	3.75	5.62070049673987	330
EAST_POINT_(AUT)	2011	4	21	111	0	1.9	7.54836969028749	-999.9	2.5	5.05787037037036	6.54848232806139	330
EAST_POINT_(AUT)	2011	4	22	112	0.4	3.5	9.70872334304166	-999.9	0	7.73148148148147	6.06973938455992	330
EAST_POINT_(AUT)	2011	4	23	113	3.1	11.9	16.4691294089501	-999.9	0	6.65509259259258	6.63681152347335	330
EAST_POINT_(AUT)	2011	4	24	114	1.2	13.9	19.9169370931346	-999.9	1.3	6.28472222222222	9.34211811520638	330
EAST_POINT_(AUT)	2011	4	25	115	2.1	10.4	16.206705227901	-999.9	0	3.20601851851853	7.7177391808124	330
EAST_POINT_(AUT)	2011	4	26	116	2.4	8.5	13.9829713375141	-999.9	0	4.56018518518519	8.82510575105374	330
EAST_POINT_(AUT)	2011	4	27	117	1.7	4.3	9.18637593607015	-999.9	6.4	6.07638888888889	7.34834182185481	330
EAST_POINT_(AUT)	2011	4	28	118	2.6	15.3	20.4280438283439	-999.9	6.1	7.84722222222222	11.5129020205029	330
EAST_POINT_(AUT)	2011	4	29	119	5.7	13.8	16.4126786035294	-999.9	0.7	6.31944444444445	12.1649676607544	330
EAST_POINT_(AUT)	2011	4	30	120	2.3	8.3	14.2091970640068	-999.9	0	6.52777777777778	8.9381033064702	330
EAST_POINT_(AUT)	2011	5	1	121	2.1	4.1	8.25108488982871	-999.9	0	8.61111111111111	7.56667391439082	330
EAST_POINT_(AUT)	2011	5	2	122	2.2	5.7	10.9768487816096	-999.9	0	6.28472222222222	7.36843126151433	330
EAST_POINT_(AUT)	2011	5	3	123	3.7	7.1	10.8786860500603	-999.9	0	7.11805555555556	8.68894062709456	330
EAST_POINT_(AUT)	2011	5	4	124	3.9	8	12.0106975391777	-999.9	0	7.59259259259258	9.30844008751748	330
EAST_POINT_(AUT)	2011	5	5	125	5.5	13.2	16.5465417264768	-999.9	0	7.66203703703703	11.4081377340742	330
EAST_POINT_(AUT)	2011	5	6	126	4.3	12	16.6318030873596	-999.9	4.9	5.59027777777778	9.73182955881036	330
EAST_POINT_(AUT)	2011	5	7	127	4.1	11.7	16.6065588025572	-999.9	1.5	6.81712962962964	8.4608897449796	330
EAST_POINT_(AUT)	2011	5	8	128	5.2	12.4	16.2429543258182	-999.9	0.7	3.78472222222222	9.85623320327984	330
EAST_POINT_(AUT)	2011	5	9	129	4.8	6.7	8.38395231890988	-999.9	9.7	7.96296296296297	9.16888299060579	330
EAST_POINT_(AUT)	2011	5	10	130	4.5	7.1	9.85324887789835	-999.9	11.4	10.6712962962963	9.09556279834085	330
EAST_POINT_(AUT)	2011	5	11	131	4.2	6	8.23564495799013	-999.9	2.3	11.0069444444444	8.50943170050304	330
EAST_POINT_(AUT)	2011	5	12	132	4	5.9	8.49874502936656	-999.9	1.2	9.87268518518519	8.65474194618951	330
EAST_POINT_(AUT)	2011	5	13	133	4.2	5.9	8.07360301762733	-999.9	0	4.76851851851853	8.82187303723858	330
EAST_POINT_(AUT)	2011	5	14	134	4.2	7.2	10.7700326719185	-999.9	0	2.24537037037037	9.1400483655181	330
EAST_POINT_(AUT)	2011	5	15	135	3.7	10.4	16.160545751344	-999.9	4.1	5.28935185185186	10.1253105343206	330
EAST_POINT_(AUT)	2011	5	16	136	3.7	6.5	10.4883907613625	-999.9	7.5	5.34722222222222	8.54618950482487	330
EAST_POINT_(AUT)	2011	5	17	137	3.1	10.7	17.3459095859587	-999.9	8.6	5.625	9.99148405563174	330
EAST_POINT_(AUT)	2011	5	18	138	2.6	8.2	14.944939752323	-999.9	0	2.68518518518519	9.00405649432941	330
EAST_POINT_(AUT)	2011	5	19	139	7.6	20.8	23.0274919983	-999.9	0	3.85416666666667	14.9921374653236	330
EAST_POINT_(AUT)	2011	5	20	140	8.7	18	19.3959261099632	-999.9	0	5.43981481481481	14.9464216784582	330
EAST_POINT_(AUT)	2011	5	21	141	4.5	13.4	19.0380943895209	-999.9	4.9	9.47916666666667	11.3784167236427	330
EAST_POINT_(AUT)	2011	5	22	142	3.8	6.4	10.3234490819458	-999.9	0	5.02314814814814	8.22272082679279	330
EAST_POINT_(AUT)	2011	5	23	143	3.6	9.9	16.1201296755345	-999.9	0	6.84027777777778	8.5503918340454	330
EAST_POINT_(AUT)	2011	5	24	144	5.9	12.4	16.4234980756852	-999.9	4.1	8.95833333333333	11.0072059753757	330
EAST_POINT_(AUT)	2011	5	25	145	4.8	10.6	15.5591012449879	-999.9	2.3	3.49537037037036	10.1272758531063	330
EAST_POINT_(AUT)	2011	5	26	146	4.9	13	18.4384966612864	-999.9	0	3.92361111111111	10.6339445445947	330
EAST_POINT_(AUT)	2011	5	27	147	6.7	20.6	24.2188779155464	-999.9	0	5.64814814814814	14.8215665691444	330
EAST_POINT_(AUT)	2011	5	28	148	6.3	12.6	16.3467641621776	-999.9	0	2.98611111111111	11.8924892059267	330
EAST_POINT_(AUT)	2011	5	29	149	10.7	18.9	18.6954012292378	-999.9	1.2	6.45833333333333	15.9159790274861	330
EAST_POINT_(AUT)	2011	5	30	150	9.3	19.4	20.7972769186958	-999.9	5.89	5.34722222222222	15.1737864489969	330
EAST_POINT_(AUT)	2011	5	31	151	6.3	11.1	14.3693145124763	-999.9	0.09	5.5	9.80561759170534	330
EAST_POINT_(AUT)	2011	6	1	152	2.3	9.8	17.9997950788723	-999.9	2.3	8.09523809523808	9.74577382541058	330
EAST_POINT_(AUT)	2011	6	2	153	9.1	16.2	17.5484830206232	-999.9	0	7.46527777777778	13.7801776591274	330
EAST_POINT_(AUT)	2011	6	3	154	6.5	11	13.9972344769402	-999.9	0	4.73379629629631	11.3270864659231	330
EAST_POINT_(AUT)	2011	6	4	155	5.7	13.5	18.4612486151548	-999.9	0	2.41898148148148	11.4925924349875	330
EAST_POINT_(AUT)	2011	6	5	156	5.5	10.9	15.386532529862	-999.9	0	4.40972222222222	10.6853187702426	330
EAST_POINT_(AUT)	2011	6	6	157	8.7	12.2	12.4068186675296	-999.9	0	2.68518518518519	12.4719913594559	330
EAST_POINT_(AUT)	2011	6	7	158	8.1	11.4	12.0647530101871	-999.9	0.9	6.70138888888889	12.1041428224507	330
EAST_POINT_(AUT)	2011	6	8	159	8.3	13.6	15.3104185492624	-999.9	0	3.25231481481481	12.6619646806063	330
EAST_POINT_(AUT)	2011	6	9	160	8.8	15.6	17.3637667466897	-999.9	0	6.46990740740742	13.5300790915472	330
EAST_POINT_(AUT)	2011	6	10	161	7.9	13	15.0545475438484	-999.9	0	6.80555555555556	12.1957803072022	330
EAST_POINT_(AUT)	2011	6	11	162	8.2	12.9	14.4669682874222	-999.9	0	5.94907407407408	10.3737462451938	330
EAST_POINT_(AUT)	2011	6	12	163	8.3	16.8	19.4731837115959	-999.9	0	3.63425925925925	11.4073954893233	330
EAST_POINT_(AUT)	2011	6	13	164	9.9	13	11.7695598737747	-999.9	1.8	3.78472222222222	12.0005501931426	330
EAST_POINT_(AUT)	2011	6	14	165	9.4	12.7	12.1518181194099	-999.9	0	7.15277777777778	12.5102172319198	330
EAST_POINT_(AUT)	2011	6	15	166	8.8	11	9.92781410155036	-999.9	2.1	9.46759259259258	11.5171137446117	330
EAST_POINT_(AUT)	2011	6	16	167	7.5	10.6	11.7905560131189	-999.9	0	5.78703703703703	11.3539222760288	330
EAST_POINT_(AUT)	2011	6	17	168	7.3	11.5	13.7291107069096	-999.9	0	2.93981481481481	11.5522197504388	330
EAST_POINT_(AUT)	2011	6	18	169	10.2	18	18.7146885283042	-999.9	3.5	7.24537037037036	15.1712440327461	330
EAST_POINT_(AUT)	2011	6	19	170	9	17.1	19.0742996748551	-999.9	5.9	5.65972222222222	14.9845218328472	330
EAST_POINT_(AUT)	2011	6	20	171	7.7	11	12.1755090817778	-999.9	2.5	7.54629629629631	11.8324888781617	330
EAST_POINT_(AUT)	2011	6	21	172	7.5	10	10.5968681244605	-999.9	0.6	8.87731481481481	11.0171837488585	330
EAST_POINT_(AUT)	2011	6	22	173	7.8	12.3	14.2149214876938	-999.9	0	7.95138888888889	11.7138079685102	330
EAST_POINT_(AUT)	2011	6	23	174	8.8	14.7	16.2722731797079	-999.9	0	3.63425925925925	12.7331061426035	330
EAST_POINT_(AUT)	2011	6	24	175	7.6	14.1	17.0732519072582	-999.9	0	4.34027777777778	12.241410933617	330
EAST_POINT_(AUT)	2011	6	25	176	9	13.5	14.1989593238831	-999.9	0	7.25694444444445	12.4644414605506	330
EAST_POINT_(AUT)	2011	6	26	177	11.3	18.3	17.6987788715865	-999.9	0	4.52546296296297	16.1695078969505	330
EAST_POINT_(AUT)	2011	6	27	178	9.4	16.6	17.9373336152378	-999.9	0	3.85416666666667	14.7843478300083	330
EAST_POINT_(AUT)	2011	6	28	179	9.8	18.8	20.0384240486584	-999.9	0.2	2.24537037037037	14.8045298096988	330
EAST_POINT_(AUT)	2011	6	29	180	12	23.4	22.5319460691715	-999.9	13.3	5.06944444444445	18.0215903362872	330
EAST_POINT_(AUT)	2011	6	30	181	13.1	19.4	16.732999458386	-999.9	0.4	4.84953703703703	18.3365649882796	330
EAST_POINT_(AUT)	2011	7	1	182	12	18	16.3113399660364	-999.9	0	4.73379629629631	16.9927366167278	330
EAST_POINT_(AUT)	2011	7	2	183	12	16.9	14.7223032749909	-999.9	0	3.4375	16.1909026418523	330
EAST_POINT_(AUT)	2011	7	3	184	14	22.6	19.4779759437858	-999.9	0	5.85648148148147	18.5914664169816	330
EAST_POINT_(AUT)	2011	7	4	185	14.2	18.8	14.2247133836665	-999.9	0.7	5.82175925925925	18.4381039554811	330
EAST_POINT_(AUT)	2011	7	5	186	14.4	20.9	16.8827960906068	-999.9	0	3.96990740740742	19.842344879208	330
EAST_POINT_(AUT)	2011	7	6	187	15.3	27.1	22.709355632613	-999.9	0	4.54861111111111	20.9189702414504	330
EAST_POINT_(AUT)	2011	7	7	188	12.2	21.7	20.3401748734054	-999.9	0	4.76851851851853	18.1575314057139	330
EAST_POINT_(AUT)	2011	7	8	189	12.9	22.5	20.4084706516817	-999.9	0	2.47685185185185	17.7928254378012	330
EAST_POINT_(AUT)	2011	7	9	190	13.6	17.1	12.2982594504793	-999.9	19.4	5.67129629629631	17.3548204727325	330
EAST_POINT_(AUT)	2011	7	10	191	13	20.8	18.3208008185134	-999.9	0.2	4.87268518518519	17.8494450263147	330
EAST_POINT_(AUT)	2011	7	11	192	13.5	23.1	20.2802331826772	-999.9	0.2	5.87962962962964	18.3802997373756	330
EAST_POINT_(AUT)	2011	7	12	193	16	20.5	13.8527603420579	-999.9	9	6.31642512077294	19.8404867229847	330
EAST_POINT_(AUT)	2011	7	13	194	13.2	18.3	14.7116149577124	-999.9	0.2	6.33101851851853	15.7402606223289	330
EAST_POINT_(AUT)	2011	7	14	195	13	15	9.1894139105165	-999.9	0	10.0578703703704	12.5721066725401	330
EAST_POINT_(AUT)	2011	7	15	196	12.1	14.1	9.16510852835647	-999.9	5.8	11.5277777777778	12.5817007813679	330
EAST_POINT_(AUT)	2011	7	16	197	10.8	15	13.2449152633958	-999.9	0	8.59953703703703	12.542685654642	330
EAST_POINT_(AUT)	2011	7	17	198	10.6	28.3	27.1122211565291	-999.9	0.7	5.26620370370369	16.956289574134	330
EAST_POINT_(AUT)	2011	7	18	199	16.1	21.4	14.7918398601672	-999.9	4.9	4.36342592592592	18.9830989438691	330
EAST_POINT_(AUT)	2011	7	19	200	14	20.9	16.8254363291737	-999.9	0	1.75925925925926	18.2474189075536	330
EAST_POINT_(AUT)	2011	7	20	201	14	20.5	16.2782451444613	-999.9	2.3	4.40972222222222	16.5229425356201	330
EAST_POINT_(AUT)	2011	7	21	202	16.8	20.9	12.8855626578697	-999.9	13.7	4.82638888888889	19.0838056767019	330
EAST_POINT_(AUT)	2011	7	22	203	14.6	18.7	12.8414841027462	-999.9	27.4	5.15046296296297	16.5585229259964	330
EAST_POINT_(AUT)	2011	7	23	204	12.6	22.3	19.6821303317399	-999.9	1.3	4.59490740740742	17.527896658104	330
EAST_POINT_(AUT)	2011	7	24	205	12.3	18.6	15.8041230033509	-999.9	0	6.92129629629631	14.4461610243257	330
EAST_POINT_(AUT)	2011	7	25	206	13.3	22.4	18.922803525153	-999.9	0	3.69212962962964	15.5473060743898	330
EAST_POINT_(AUT)	2011	7	26	207	14.4	20	14.7867945684646	-999.9	0	4.52546296296297	13.6275595649026	330
EAST_POINT_(AUT)	2011	7	27	208	16.1	19	10.5985062860438	-999.9	0.3	4.39814814814814	17.2936714851717	330
EAST_POINT_(AUT)	2011	7	28	209	11.8	19.3	16.9743100845368	-999.9	0	5	14.9246012965047	330
EAST_POINT_(AUT)	2011	7	29	210	12.2	21.5	18.8221318120167	-999.9	0	3.99305555555556	16.2465390875798	330
EAST_POINT_(AUT)	2011	7	30	211	15.1	18.6	11.4968002968728	-999.9	10.6	5.86805555555556	17.1164578885013	330
EAST_POINT_(AUT)	2011	7	31	212	13.4	19.7	15.3560122714167	-999.9	0	2.77777777777778	16.9593933245259	330
EAST_POINT_(AUT)	2011	8	1	213	14.1	22.4	17.545340324896	-999.9	0	3.58796296296297	18.045952494666	330
EAST_POINT_(AUT)	2011	8	2	214	15.2	19.9	13.1412112418553	-999.9	0.3	6.55092592592592	17.7314859531507	330
EAST_POINT_(AUT)	2011	8	3	215	13.6	18.1	12.7969171376825	-999.9	0	6.29629629629631	15.7278840200563	330
EAST_POINT_(AUT)	2011	8	4	216	13.6	18.1	12.7340536947085	-999.9	0	4.56018518518519	15.2139502798527	330
EAST_POINT_(AUT)	2011	8	5	217	13.1	17.7	12.8099992913326	-999.9	0	4.96527777777778	14.8661494644115	330
EAST_POINT_(AUT)	2011	8	6	218	13.7	18.5	13.0181356123073	-999.9	0	2.98611111111111	15.4555042642963	330
EAST_POINT_(AUT)	2011	8	7	219	14	18.9	13.0837478805589	-999.9	6	4.02777777777778	16.6555445015227	330
EAST_POINT_(AUT)	2011	8	8	220	13.3	17.1	11.4598677634892	-999.9	25.9	6.57407407407408	16.3745491842402	330
EAST_POINT_(AUT)	2011	8	9	221	12.4	17.9	13.7110373586563	-999.9	2.1	2.32638888888889	16.114406302231	330
EAST_POINT_(AUT)	2011	8	10	222	14.1	18.2	11.7714317969837	-999.9	2.8	4.02777777777778	16.2092778290291	330
EAST_POINT_(AUT)	2011	8	11	223	14	18.4	12.1243670213765	-999.9	4.18	3.99305555555556	16.4943269163267	330
EAST_POINT_(AUT)	2011	8	12	224	15	21.3	14.4226516712786	-999.9	0.54	4.07407407407408	18.1953372194435	330
EAST_POINT_(AUT)	2011	8	13	225	12.3	19.1	14.8942238865032	-999.9	0.26	3.14814814814814	15.9159199213974	330
EAST_POINT_(AUT)	2011	8	14	226	15.5	24.8	17.3116994096933	-999.9	1.08	4.57175925925925	19.9863014116479	330
EAST_POINT_(AUT)	2011	8	15	227	16.9	21.7	12.3594637487156	-999.9	0	3.96990740740742	19.1537026371485	330
EAST_POINT_(AUT)	2011	8	16	228	15.6	21.5	13.6154349504385	-999.9	10.76	5.20833333333333	19.5629605337227	330
EAST_POINT_(AUT)	2011	8	17	229	13.5	20.6	14.8390694412251	-999.9	3.17	5.9375	16.8045808707738	330
EAST_POINT_(AUT)	2011	8	18	230	14.8	23.2	16.0337217592837	-999.9	0.19	5.25462962962964	17.6497736693056	330
EAST_POINT_(AUT)	2011	8	19	231	16.8	24.2	14.9476441674992	-999.9	1.23	5.28935185185186	20.7232703494955	330
EAST_POINT_(AUT)	2011	8	20	232	18	24.3	13.6972726548275	-999.9	2.57	4.75694444444445	21.1085681590466	330
EAST_POINT_(AUT)	2011	8	21	233	17.7	23.4	12.9375695367579	-999.9	1.12	4.94212962962964	20.6382702088285	330
EAST_POINT_(AUT)	2011	8	22	234	18.5	23	11.4134580290662	-999.9	7.54	7.85879629629631	21.3668422883708	330
EAST_POINT_(AUT)	2011	8	23	235	13.2	20.4	14.332336920962	-999.9	0	5.28935185185186	15.3834014363863	330
EAST_POINT_(AUT)	2011	8	24	236	12.3	21.2	15.8171913219246	-999.9	0.18	5.07246376811595	14.3985797817472	330
EAST_POINT_(AUT)	2011	8	25	237	16.4	23.4	13.9222878471783	-999.9	0	6.13425925925925	18.6852722370265	330
EAST_POINT_(AUT)	2011	8	26	238	15.3	25.2	16.430463936776	-999.9	2.99	5.24305555555556	20.3892458559943	330
EAST_POINT_(AUT)	2011	8	27	239	15.5	24.8	15.8011088585858	-999.9	0.18	3.55324074074075	20.5409262278285	330
EAST_POINT_(AUT)	2011	8	28	240	17.5	22	10.9045875719483	-999.9	7.57	4.97685185185186	20.7436668817825	330
EAST_POINT_(AUT)	2011	8	29	241	15.3	25.4	16.2055371716991	-999.9	2.13	8.22916666666667	18.1491504850394	330
EAST_POINT_(AUT)	2011	8	30	242	14.3	22.1	14.1251314613985	-999.9	0.42	2.62731481481481	16.5340618366014	330
EAST_POINT_(AUT)	2011	8	31	243	13.5	21	13.7360171825274	-999.9	0.93	4.47916666666667	16.4733737080133	330
EAST_POINT_(AUT)	2011	9	1	244	15.3	19.2	9.82177314664857	-999.9	0	3.81642512077294	15.7499561804755	330
EAST_POINT_(AUT)	2011	9	2	245	13.3	20.6	13.3225913803858	-999.9	1.29	2.73148148148148	15.7986735311323	330
EAST_POINT_(AUT)	2011	9	3	246	14.4	21.2	12.7465773858692	-999.9	0.67	4.90740740740742	16.7201414049412	330
EAST_POINT_(AUT)	2011	9	4	247	17.4	21.2	9.44462804282485	-999.9	0.35	3.21759259259258	18.5636374703317	330
EAST_POINT_(AUT)	2011	9	5	248	18.3	24.6	12.0520039515238	-999.9	0.18	6.64351851851853	21.1783970850385	330
EAST_POINT_(AUT)	2011	9	6	249	12.4	22.1	14.8187895242913	-999.9	4.78	9.20138888888889	17.266474949723	330
EAST_POINT_(AUT)	2011	9	7	250	12.3	15.9	8.9445374552155	-999.9	0.04	4.79166666666667	11.2202590073593	330
EAST_POINT_(AUT)	2011	9	8	251	13.7	18.8	10.5466220245459	-999.9	10.11	3.29861111111111	16.468018619495	330
EAST_POINT_(AUT)	2011	9	9	252	13.7	21.8	13.1654086968755	-999.9	0.14	4.93055555555556	15.083085234748	330
EAST_POINT_(AUT)	2011	9	10	253	11.2	16	10.0373231657238	-999.9	3.58	9.21296296296297	11.9693031534974	330
EAST_POINT_(AUT)	2011	9	11	254	7.9	17.1	13.7606393528276	-999.9	0	5.21990740740742	9.87751466648897	330
EAST_POINT_(AUT)	2011	9	12	255	12.9	24.4	15.2329165065797	-999.9	0.17	6.28472222222222	15.9867883677358	330
EAST_POINT_(AUT)	2011	9	13	256	12.1	20.6	12.9650793190273	-999.9	0.13	4.14351851851853	16.0036572614731	330
EAST_POINT_(AUT)	2011	9	14	257	16.9	24.5	12.1351833770345	-999.9	1.38	5.52083333333333	20.8986168955688	330
EAST_POINT_(AUT)	2011	9	15	258	17	22.4	10.1240125152334	-999.9	2.2	5.13888888888889	20.7689893185933	330
EAST_POINT_(AUT)	2011	9	16	259	8.9	18.1	13.0770129338256	-999.9	4.96	8.73842592592592	12.7396242181284	330
EAST_POINT_(AUT)	2011	9	17	260	6.4	14.1	11.8375456196628	-999.9	0.05	7.63888888888889	8.70578738507513	330
EAST_POINT_(AUT)	2011	9	18	261	6.7	16.8	13.4128701784759	-999.9	0	1.80555555555556	10.1853268325782	330
EAST_POINT_(AUT)	2011	9	19	262	9.1	15	10.1408678516608	-999.9	3.49	3.34490740740742	10.3061643079445	330
EAST_POINT_(AUT)	2011	9	20	263	11.1	15.6	8.75965759147523	-999.9	0.93	6.21527777777778	12.1359284454607	330
EAST_POINT_(AUT)	2011	9	21	264	13.2	19	9.83491602819207	-999.9	0.23	4.08730158730158	14.5353266788032	330
EAST_POINT_(AUT)	2011	9	22	265	9.2	19.8	13.1470951137399	-999.9	0.3	3.80787037037036	13.8976519263681	330
EAST_POINT_(AUT)	2011	9	23	266	15.6	18.4	6.68068453236643	-999.9	0.3	2.15277777777778	18.3358643034486	330
EAST_POINT_(AUT)	2011	9	24	267	14.5	15.9	4.66999468155386	-999.9	0	2.04861111111111	16.5479777722462	330
EAST_POINT_(AUT)	2011	9	25	268	15.3	23.1	10.8957205054346	-999.9	0	5.77546296296297	17.8526608125723	330
EAST_POINT_(AUT)	2011	9	26	269	10.2	19	11.4380688779038	-999.9	0	5	13.9807847155137	330
EAST_POINT_(AUT)	2011	9	27	270	10.3	15.1	8.34798687148433	-999.9	0	6.71296296296297	9.89125547534332	330
EAST_POINT_(AUT)	2011	9	28	271	5.1	14.9	11.7861416668224	-999.9	0	3.76157407407408	8.25026115344389	330
EAST_POINT_(AUT)	2011	9	29	272	11.4	18.5	9.91137028799714	-999.9	0	6.42361111111111	13.7967895116506	330
EAST_POINT_(AUT)	2011	9	30	273	16.3	22.3	9.00067863938946	-999.9	0	6.37731481481481	18.7603258592707	330
EAST_POINT_(AUT)	2011	10	1	274	14.2	17.8	6.88645955989119	-999.9	25.5	4.69907407407408	16.9164179412457	330
EAST_POINT_(AUT)	2011	10	2	275	13.5	15.4	4.94103086622425	-999.9	4.2	8.10185185185186	15.7902745048099	330
EAST_POINT_(AUT)	2011	10	3	276	12	14.3	5.36849472803845	-999.9	2.4	5.47453703703703	14.05436377754	330
EAST_POINT_(AUT)	2011	10	4	277	12.6	14.6	4.94315564068908	-999.9	2.9	6.15740740740742	12.6469338165152	330
EAST_POINT_(AUT)	2011	10	5	278	4.4	13.6	10.4673744639785	-999.9	51.9	17.662037037037	10.3409587192919	330
EAST_POINT_(AUT)	2011	10	6	279	3.7	6.7	5.9008427854635	-999.9	7.14	17.3611111111111	7.17344666888427	330
EAST_POINT_(AUT)	2011	10	7	280	2.6	6.9	6.97354185066173	-999.9	0.48	8.53009259259258	5.55787163532049	330
EAST_POINT_(AUT)	2011	10	8	281	6.9	18.1	11.1083976392617	-999.9	0.2	5.08101851851853	10.7506651342449	330
EAST_POINT_(AUT)	2011	10	9	282	12	23.4	11.0605528925556	-999.9	0	6.23842592592592	13.6920028130889	330
EAST_POINT_(AUT)	2011	10	10	283	10.1	21	10.672836297847	-999.9	0	9.53703703703703	11.743948561184	330
EAST_POINT_(AUT)	2011	10	11	284	9	10.8	4.27963466973963	-999.9	0	8.80787037037036	8.64931670231142	330
EAST_POINT_(AUT)	2011	10	12	285	4.4	12.4	8.90189550630685	-999.9	0.31	3.17632850241547	7.9693860019177	330
EAST_POINT_(AUT)	2011	10	13	286	9.9	14.1	6.36347051812058	-999.9	0	4.58333333333333	12.0280048163549	330
EAST_POINT_(AUT)	2011	10	14	287	12.8	15.3	4.84326059819736	-999.9	6.5	4.97685185185186	15.1375899865333	330
EAST_POINT_(AUT)	2011	10	15	288	13.4	18	6.48057489418947	-999.9	0.6	7.04861111111111	15.3488266658764	330
EAST_POINT_(AUT)	2011	10	16	289	10	17.3	8.05254304293088	-999.9	2.32	6.62037037037036	12.1917222354156	330
EAST_POINT_(AUT)	2011	10	17	290	7.3	14.6	7.94222614446286	-999.9	5.62	6.08796296296297	11.087456433148	330
EAST_POINT_(AUT)	2011	10	18	291	9.9	13.6	5.57654378664644	-999.9	4.05	4.92063492063492	11.7330200433111	330
EAST_POINT_(AUT)	2011	10	19	292	8.9	12.9	5.71813063892054	-999.9	0.11	4.27	12.1968276393928	330
EAST_POINT_(AUT)	2011	10	20	293	10.2	16.5	7.07673284316185	-999.9	34.48	8.24	13.784541851011	330
EAST_POINT_(AUT)	2011	10	21	294	10.1	16.7	7.14256004869242	-999.9	0.47	7.4	13.7052498710586	330
EAST_POINT_(AUT)	2011	10	22	295	8	14.3	6.88105455244061	-999.9	0.15	4.36	12.5602263711464	330
EAST_POINT_(AUT)	2011	10	23	296	6.6	12.4	6.51009656784039	-999.9	2.13	3.82	12.4910744612039	330
EAST_POINT_(AUT)	2011	10	24	297	5.2	12.7	7.29930168754553	-999.9	0.44	0	10.2593069319125	330
EAST_POINT_(AUT)	2011	10	25	298	8.6	11.4	4.39742269616748	-999.9	10.2	5.84	11.6153197115118	330
EAST_POINT_(AUT)	2011	10	26	299	6.6	8.9	3.92957632365448	-999.9	8.08	9.16666666666667	9.24466009896325	330
EAST_POINT_(AUT)	2011	10	27	300	4.3	8.1	4.98004480836084	-999.9	0.79	8.85	8.22931629974004	330
EAST_POINT_(AUT)	2011	10	28	301	3	7.6	5.40231713374318	-999.9	5.9	8.51	7.89069129498579	330
EAST_POINT_(AUT)	2011	10	29	302	1.8	7.7	6.03239927524636	-999.9	0.2	7.77	7.46906983375209	330
EAST_POINT_(AUT)	2011	10	30	303	3.2	6.5	4.44826252838115	-999.9	23.8	14.6	8.08302361646094	330
EAST_POINT_(AUT)	2011	10	31	304	0.3	5	5.23433534155385	-999.9	1.5	10.75	7.01211969424337	330
EAST_POINT_(AUT)	2011	11	1	305	0	9.8	7.4527763354604	-999.9	0.07	3.75	6.71430619928095	330
EAST_POINT_(AUT)	2011	11	2	306	2.6	10.5	6.5982362095915	-999.9	0.01	5.22	8.15413754625189	330
EAST_POINT_(AUT)	2011	11	3	307	6.3	11	5.01872038694952	-999.9	0.12	7.22222222222222	8.1653209406868	330
EAST_POINT_(AUT)	2011	11	4	308	1.8	8.7	5.99684248424889	-999.9	1.4	9.24768518518519	6.89553424394072	330
EAST_POINT_(AUT)	2011	11	5	309	0.3	4.4	4.55902729195656	-999.9	0.3	11.7013888888889	4.93556212392208	330
EAST_POINT_(AUT)	2011	11	6	310	-0.2	9.8	7.02254530932616	-999.9	0	5.89120370370369	4.6867544489555	330
EAST_POINT_(AUT)	2011	11	7	311	3.5	10.7	5.87775228732226	-999.9	0.3	4.23611111111111	7.19196713233947	330
EAST_POINT_(AUT)	2011	11	8	312	2.5	11.7	6.55435248444875	-999.9	0	5.86805555555556	7.55916263733567	330
EAST_POINT_(AUT)	2011	11	9	313	3.5	9.7	5.30844361395562	-999.9	0	2.80092592592592	8.0339281034205	330
EAST_POINT_(AUT)	2011	11	10	314	8	12.3	4.36204427887323	-999.9	0	5.74074074074075	9.91293503370681	330
EAST_POINT_(AUT)	2011	11	11	315	4.2	14.3	6.59712095987671	-999.9	24.4	10.6481481481481	11.0326132061082	330
EAST_POINT_(AUT)	2011	11	12	316	2.5	5.7	3.66492116595802	-999.9	0	7.24537037037036	6.02199749626228	330
EAST_POINT_(AUT)	2011	11	13	317	3.7	8.8	4.56702303450281	-999.9	0	3.90046296296297	7.5219994189802	330
EAST_POINT_(AUT)	2011	11	14	318	8.2	12.1	3.94281266969198	-999.9	0	7.36111111111111	11.0531308175208	330
EAST_POINT_(AUT)	2011	11	15	319	7.9	13.5	4.66514975127538	-999.9	0	6.14583333333333	11.8265432821844	330
EAST_POINT_(AUT)	2011	11	16	320	7.6	11.2	3.69400418467803	-999.9	3.5	5.45138888888889	9.01006033841672	330
EAST_POINT_(AUT)	2011	11	17	321	2.8	10	5.16022484773909	-999.9	8.4	6.33101851851853	8.2699220144201	330
EAST_POINT_(AUT)	2011	11	18	322	-0.5	3.5	3.79992670197426	-999.9	5	10.775462962963	5.34902706736802	330
EAST_POINT_(AUT)	2011	11	19	323	-1.5	7.9	5.75630175180649	-999.9	0	6.41203703703703	5.40731665421295	330
EAST_POINT_(AUT)	2011	11	20	324	5.1	12.1	4.90975234905987	-999.9	0.2	7.66203703703703	8.96639145773048	330
EAST_POINT_(AUT)	2011	11	21	325	-2.6	5.2	5.12377860539244	-999.9	0.2	7.74305555555556	4.45529791665798	330
EAST_POINT_(AUT)	2011	11	22	326	-3.6	0.5	3.6734491891292	-999.9	0	4.53703703703703	3.75368083033936	330
EAST_POINT_(AUT)	2011	11	23	327	-3.4	2	4.1699383174609	-999.9	8.5	5.71759259259258	4.54927314452791	330
EAST_POINT_(AUT)	2011	11	24	328	-3	2.3	4.08731331333969	-999.9	0	10.1157407407407	4.7368952284897	330
EAST_POINT_(AUT)	2011	11	25	329	-3.1	7.1	5.6116286219773	-999.9	0	5.30092592592592	5.84821604935701	330
EAST_POINT_(AUT)	2011	11	26	330	2.4	8.2	4.18907594453473	-999.9	0	7.23379629629631	7.05953613947229	330
EAST_POINT_(AUT)	2011	11	27	331	0.9	4.4	3.22244224509656	-999.9	0	5.01157407407408	5.36180038429494	330
EAST_POINT_(AUT)	2011	11	28	332	4.3	13.2	5.09013563284097	-999.9	2.2	9.74537037037036	9.57665735760987	330
EAST_POINT_(AUT)	2011	11	29	333	4.4	7.8	3.11744060668727	-999.9	0	5.67129629629631	7.4267091108096	330
EAST_POINT_(AUT)	2011	11	30	334	7.6	13	3.89426814702023	-999.9	7.9	8.24879227053139	11.8079490915649	330
EAST_POINT_(AUT)	2011	12	1	335	2.3	9.3	4.39641543986141	-999.9	0.2	7.32638888888889	7.90700389215121	330
EAST_POINT_(AUT)	2011	12	2	336	0	3.1	2.90205934650424	-999.9	0	5.06944444444445	5.01151925571692	330
EAST_POINT_(AUT)	2011	12	3	337	-1.2	3.4	3.5078377635268	-999.9	0	5.30092592592592	4.88732329476339	330
EAST_POINT_(AUT)	2011	12	4	338	-2.5	5.6	4.62063750427733	-999.9	0	4.67592592592592	5.2526232748923	330
EAST_POINT_(AUT)	2011	12	5	339	4.8	10.2	3.74647514464011	-999.9	0	5.15046296296297	8.91848659624916	330
EAST_POINT_(AUT)	2011	12	6	340	4.5	9.9	3.72186980350682	-999.9	3.6	4.13043478260869	9.67592139408565	330
EAST_POINT_(AUT)	2011	12	7	341	4.5	6	1.9495023489892	-999.9	4.7	5.70601851851853	8.50200735698854	330
EAST_POINT_(AUT)	2011	12	8	342	-1.1	12.4	5.81484259657658	-999.9	18.7	9.51388888888889	8.05550593891784	330
EAST_POINT_(AUT)	2011	12	9	343	-2.3	5.7	4.45237281436677	-999.9	0	5.86805555555556	4.4982837154241	330
EAST_POINT_(AUT)	2011	12	10	344	-1.3	6.8	4.45810380249911	-999.9	10.8	7.58101851851853	6.25988803569321	330
EAST_POINT_(AUT)	2011	12	11	345	-6.2	-0.8	3.62371751142007	-999.9	0.3	9.52546296296297	3.44391411635787	330
EAST_POINT_(AUT)	2011	12	12	346	-4.5	5	4.78696688722511	-999.9	0	4.90740740740742	4.36727939489448	330
EAST_POINT_(AUT)	2011	12	13	347	-2.4	4.8	4.15240684147987	-999.9	0	3.94675925925925	5.82067960822399	330
EAST_POINT_(AUT)	2011	12	14	348	-1.3	1.8	2.71609915821525	-999.9	0	8.20601851851853	4.42739155891756	330
EAST_POINT_(AUT)	2011	12	15	349	-2.2	6.1	4.43233942559219	-999.9	9.1	7.00757575757575	5.44866850659102	330
EAST_POINT_(AUT)	2011	12	16	350	0.2	9.3	4.63066773873807	-999.9	5.9	9.97685185185186	7.66367144533506	330
EAST_POINT_(AUT)	2011	12	17	351	-3.5	0.3	2.98706640740062	-999.9	0	6.57407407407408	3.7400310818654	330
EAST_POINT_(AUT)	2011	12	18	352	-3.4	-1.4	2.1642158535747	-999.9	0	7.51157407407408	3.74634727951991	330
EAST_POINT_(AUT)	2011	12	19	353	-3.7	0.8	3.2436017927564	-999.9	3.7	5.11574074074075	3.62326906410816	330
EAST_POINT_(AUT)	2011	12	20	354	-4.6	1.4	3.74400458626705	-999.9	1	12.2453703703704	4.32242035008775	330
EAST_POINT_(AUT)	2011	12	21	355	-9.8	4.4	5.7603443284327	-999.9	9.8	7.34953703703703	3.80649990116275	330
EAST_POINT_(AUT)	2011	12	22	356	1.1	7	3.71516275763814	-999.9	13.9	6.81712962962964	7.43409935651274	330
EAST_POINT_(AUT)	2011	12	23	357	-2.3	1.8	3.10023824754562	-999.9	5.1	6.05324074074075	5.33700587199859	330
EAST_POINT_(AUT)	2011	12	24	358	-7.8	-2.3	3.59615936415971	-999.9	0	10.474537037037	3.17922020173314	330
EAST_POINT_(AUT)	2011	12	25	359	-9.2	-3	3.82569310013246	-999.9	0.4	5.26620370370369	2.82286874842884	330
EAST_POINT_(AUT)	2011	12	26	360	-3.1	1.7	3.37436987199066	-999.9	2.9	6.49305555555556	4.8943568980124	330
EAST_POINT_(AUT)	2011	12	27	361	-4.3	3.3	4.25830023892288	-999.9	0	5.70601851851853	4.84304178064047	330
EAST_POINT_(AUT)	2011	12	28	362	3	7.1	3.13817193610101	-999.9	13.8	10.0115740740741	8.01687712259055	330
EAST_POINT_(AUT)	2011	12	29	363	-7.9	5	5.58767187857472	-999.9	0.3	9.12037037037036	4.00370085705058	330
EAST_POINT_(AUT)	2011	12	30	364	-9	-4.9	3.16353655660002	-999.9	0	6.41203703703703	2.69361886766255	330
EAST_POINT_(AUT)	2011	12	31	365	-8	6.2	5.91508697999602	-999.9	24.5	4.73379629629631	4.87120109741934	330
