EAST_POINT_(AUT)	2008	1	1	1	-7.7	-1.7	3.86471102616573	-999.9	1.5	5.96064814814814	4.2031076581649	330
EAST_POINT_(AUT)	2008	1	2	2	-6.9	-0.1	4.13719246430716	-999.9	6.3	11.8402777777778	4.53458571258824	330
EAST_POINT_(AUT)	2008	1	3	3	-8.3	-6.4	2.19998722189833	-999.9	0.6	10.7638888888889	3.18172046632702	330
EAST_POINT_(AUT)	2008	1	4	4	-11.4	-6.1	3.69787464415399	-999.9	0	6.50462962962964	2.54403698435582	330
EAST_POINT_(AUT)	2008	1	5	5	-8.6	-2	4.15462944646462	-999.9	0.9	4.31712962962964	3.66618656495999	330
EAST_POINT_(AUT)	2008	1	6	6	-2.5	0.5	2.82122947547445	-999.9	0	3.39120370370369	5.1185820276493	330
EAST_POINT_(AUT)	2008	1	7	7	-0.5	5.9	4.15195495695672	-999.9	0	5.45138888888889	7.04143791058536	330
EAST_POINT_(AUT)	2008	1	8	8	0.8	5.9	3.73590531024594	-999.9	1.5	2.77777777777778	7.74851447206023	330
EAST_POINT_(AUT)	2008	1	9	9	0.6	7.4	4.34983048826082	-999.9	0.6	6.40046296296297	8.16823788805284	330
EAST_POINT_(AUT)	2008	1	10	10	0.4	5.4	3.7623963327967	-999.9	0	6.08796296296297	5.73762994920711	330
EAST_POINT_(AUT)	2008	1	11	11	-1.2	1.9	2.9893176747412	-999.9	19.9	5.08101851851853	5.18089921527368	330
EAST_POINT_(AUT)	2008	1	12	12	0.3	6.5	4.26721104689728	-999.9	1.2	4.78009259259258	7.50708707377288	330
EAST_POINT_(AUT)	2008	1	13	13	-3.1	0.7	3.37316637496606	-999.9	0	7.63888888888889	4.54975504811756	330
EAST_POINT_(AUT)	2008	1	14	14	-3.7	-0.2	3.26974197738611	-999.9	1.4	7.69675925925925	4.53697114636972	330
EAST_POINT_(AUT)	2008	1	15	15	-0.6	0.6	1.93434752402909	-999.9	0.7	7.75462962962964	5.96619062083333	330
EAST_POINT_(AUT)	2008	1	16	16	-2.9	-0.5	2.76464833186578	-999.9	0.6	12.5115740740741	5.09916853527295	330
EAST_POINT_(AUT)	2008	1	17	17	-9.9	-2.3	4.97338935006285	-999.9	0.9	6.79398148148147	3.12155066315622	330
EAST_POINT_(AUT)	2008	1	18	18	-8.7	3.9	6.47527624473181	-999.9	4.9	8.29861111111111	4.61484793676408	330
EAST_POINT_(AUT)	2008	1	19	19	-5.1	0.3	4.28754027574676	-999.9	0	6.26157407407408	3.63483608402189	330
EAST_POINT_(AUT)	2008	1	20	20	-15.3	-2.3	6.73018822260891	-999.9	3.2	7.34953703703703	2.73507031565131	330
EAST_POINT_(AUT)	2008	1	21	21	-19.7	-15.3	3.96211365885857	-999.9	0.6	8.77314814814814	1.3397590013444	330
EAST_POINT_(AUT)	2008	1	22	22	-18.1	0.7	8.28934855651846	-999.9	0.6	7.22222222222222	2.68615823990429	330
EAST_POINT_(AUT)	2008	1	23	23	-10.2	0.7	6.38978776901296	-999.9	0.7	5.20833333333333	3.72887533419305	330
EAST_POINT_(AUT)	2008	1	24	24	-13.9	-5.6	5.645855866458	-999.9	0	4.51388888888889	2.15458569961224	330
EAST_POINT_(AUT)	2008	1	25	25	-14.8	-9.3	4.6544734230404	-999.9	0	7.1875	1.95009974367289	330
EAST_POINT_(AUT)	2008	1	26	26	-16.8	-12.1	4.35825498219603	-999.9	2.7	5.91435185185186	1.8047546886832	330
EAST_POINT_(AUT)	2008	1	27	27	-17.9	-6	7.0255912413127	-999.9	0.7	3.69212962962964	2.02513445464646	330
EAST_POINT_(AUT)	2008	1	28	28	-6	0.8	5.3811608079354	-999.9	24.9	3.96990740740742	4.7307276646464	330
EAST_POINT_(AUT)	2008	1	29	29	-1.5	2.2	4.02250151239447	-999.9	4.9	4.22453703703703	6.29184406732931	330
EAST_POINT_(AUT)	2008	1	30	30	-1.4	5.4	5.52688904108785	-999.9	2.4	5.52083333333333	7.03262748157527	330
EAST_POINT_(AUT)	2008	1	31	31	-4.3	4	6.18940379969544	-999.9	0	6.50462962962964	4.03514629557496	330
EAST_POINT_(AUT)	2008	2	1	32	-5.7	-2.6	3.83461865312238	-999.9	0	5.34722222222222	3.3052736270025	330
EAST_POINT_(AUT)	2008	2	2	33	-4.6	4.5	6.66096720690822	-999.9	10.4	10.3819444444444	5.42285160957907	330
EAST_POINT_(AUT)	2008	2	3	34	-5.6	-3.8	3.00377594215313	-999.9	0	7.37268518518519	3.64522094580538	330
EAST_POINT_(AUT)	2008	2	4	35	-6.3	-4.6	2.96009500840365	-999.9	1.3	6.29629629629631	3.50554396135073	330
EAST_POINT_(AUT)	2008	2	5	36	-11.8	-1.9	7.24402308675952	-999.9	4.6	5.03472222222222	3.23503118033733	330
EAST_POINT_(AUT)	2008	2	6	37	-3.3	-0.1	4.17681646469215	-999.9	0.7	5.20833333333333	5.39274334022667	330
EAST_POINT_(AUT)	2008	2	7	38	-6	-3.2	3.96260548227561	-999.9	0	8.62268518518519	3.86385707709382	330
EAST_POINT_(AUT)	2008	2	8	39	-6.5	-1.7	5.26227220291365	-999.9	0	3.40277777777778	3.89312540686826	330
EAST_POINT_(AUT)	2008	2	9	40	-7.1	-2.5	5.22514375645164	-999.9	2.5	2.60416666666667	4.04782766936189	330
EAST_POINT_(AUT)	2008	2	10	41	-2.5	-0.9	3.12577808768347	-999.9	9.8	7.08333333333333	5.02690396789973	330
EAST_POINT_(AUT)	2008	2	11	42	-7	-1.5	5.87850687617127	-999.9	4.2	9.59490740740742	4.41555006813319	330
EAST_POINT_(AUT)	2008	2	12	43	-9.3	-5	5.27245389284386	-999.9	0	8.51851851851853	3.23570709712583	330
EAST_POINT_(AUT)	2008	2	13	44	-12	4.1	10.3487157138755	-999.9	22.7	6.25	4.18512270069049	330
EAST_POINT_(AUT)	2008	2	14	45	-5.4	5.3	8.55774388518909	-999.9	9.4	9.84953703703703	5.77574317031479	330
EAST_POINT_(AUT)	2008	2	15	46	-7.9	0.3	7.59913339445498	-999.9	1.3	6.75925925925925	4.04747280592495	330
EAST_POINT_(AUT)	2008	2	16	47	-16	-4.4	9.16787752556963	-999.9	0.6	9.59490740740742	2.33420186292702	330
EAST_POINT_(AUT)	2008	2	17	48	-18.2	-2.5	10.8183835906805	-999.9	0	5.35879629629631	2.03268759204517	330
EAST_POINT_(AUT)	2008	2	18	49	-2.7	6.2	8.2616658983453	-999.9	33.1	8.53009259259258	6.88034964576166	330
EAST_POINT_(AUT)	2008	2	19	50	-0.5	7.2	7.79404221132651	-999.9	0.7	6.13425925925925	6.83174286505016	330
EAST_POINT_(AUT)	2008	2	20	51	-8.7	-0.3	8.25627119230555	-999.9	3.3	6.72453703703703	3.27725557333741	330
EAST_POINT_(AUT)	2008	2	21	52	-12.3	-8.5	5.63174168723246	-999.9	0	5.87962962962964	1.83871111897571	330
EAST_POINT_(AUT)	2008	2	22	53	-13.2	-3.8	8.98253329645033	-999.9	0.7	6.16898148148147	1.94213167419184	330
EAST_POINT_(AUT)	2008	2	23	54	-11.7	-4.7	7.8603704825127	-999.9	1.9	5.69444444444445	3.10080918194161	330
EAST_POINT_(AUT)	2008	2	24	55	-10.4	-1.9	8.78285056500883	-999.9	0.6	4.61805555555556	3.14126875397018	330
EAST_POINT_(AUT)	2008	2	25	56	-5.8	1.7	8.36487732842001	-999.9	0	4.40972222222222	4.04532427417173	330
EAST_POINT_(AUT)	2008	2	26	57	-4.6	0.7	7.12916545631614	-999.9	2.3	2.91666666666667	4.89701316041951	330
EAST_POINT_(AUT)	2008	2	27	58	-4.4	7	10.599661802397	-999.9	4.1	7.32638888888889	6.48630699215843	330
EAST_POINT_(AUT)	2008	2	28	59	-11.2	-4.3	8.35926618971929	-999.9	1.3	5.97222222222222	3.05623675238738	330
EAST_POINT_(AUT)	2008	2	29	60	-17.9	-11.2	8.34927022728863	-999.9	1.5	5.42824074074075	1.53344731035436	330
EAST_POINT_(AUT)	2008	3	1	61	-12	-0.6	11.0380634468904	-999.9	3.7	6.49305555555556	3.30276275411453	330
EAST_POINT_(AUT)	2008	3	2	62	-7.3	1.9	10.0490265472661	-999.9	2.7	13.7962962962963	4.83834450246968	330
EAST_POINT_(AUT)	2008	3	3	63	-9.2	-1.8	9.13259815138552	-999.9	0	10.4050925925926	3.19798048243436	330
EAST_POINT_(AUT)	2008	3	4	64	-6.6	8.6	13.2619097916691	-999.9	0	9.24768518518519	5.58902794834122	330
EAST_POINT_(AUT)	2008	3	5	65	-8.4	5.5	12.8485317674506	-999.9	5.1	7.82407407407408	4.78977377861231	330
EAST_POINT_(AUT)	2008	3	6	66	-5.6	5.6	11.6834663846318	-999.9	0.6	6.29629629629631	5.22712971666667	330
EAST_POINT_(AUT)	2008	3	7	67	-5.3	2.6	9.93908536830668	-999.9	0.7	5.10416666666667	4.7881763497428	330
EAST_POINT_(AUT)	2008	3	8	68	-1	7.3	10.3179765359427	-999.9	32.1	5.09259259259258	7.69119221905007	330
EAST_POINT_(AUT)	2008	3	9	69	-8.4	4.5	13.0263976947042	-999.9	25.2	6.03009259259258	4.93898124794679	330
EAST_POINT_(AUT)	2008	3	10	70	-11.3	-6.1	8.37443481026062	-999.9	4.7	6.57407407407408	2.552049499306	330
EAST_POINT_(AUT)	2008	3	11	71	-10.4	-2.8	10.2502488902621	-999.9	0.9	3.17129629629631	2.95740340195209	330
EAST_POINT_(AUT)	2008	3	12	72	-3.7	0.8	7.9846556164504	-999.9	0	4.93055555555556	4.54913921078729	330
EAST_POINT_(AUT)	2008	3	13	73	-11	-1.4	11.8047168722822	-999.9	0	10.5324074074074	3.45700653642052	330
EAST_POINT_(AUT)	2008	3	14	74	-10.9	-7.2	7.41716227352468	-999.9	0	5.39351851851853	2.51071471220203	330
EAST_POINT_(AUT)	2008	3	15	75	-10.1	-4.7	9.06769638885032	-999.9	0	4.87268518518519	2.87911916620543	330
EAST_POINT_(AUT)	2008	3	16	76	-8.1	-2.7	9.1749917722563	-999.9	0	6.04166666666667	3.69837586980177	330
EAST_POINT_(AUT)	2008	3	17	77	-6.4	-2.7	7.68357436160402	-999.9	0	11.1689814814815	3.541868987336	330
EAST_POINT_(AUT)	2008	3	18	78	-9.5	-5.4	8.18186565966718	-999.9	0	12.5462962962963	2.74033789871027	330
EAST_POINT_(AUT)	2008	3	19	79	-8.8	-3.4	9.49727675190061	-999.9	0	6.35416666666667	3.35205518430452	330
EAST_POINT_(AUT)	2008	3	20	80	-3.9	3.5	11.2435435285238	-999.9	5	4.78009259259258	5.63811509256789	330
EAST_POINT_(AUT)	2008	3	21	81	-5.6	3.3	12.4683898838254	-999.9	0.7	7.92824074074075	4.8590071935097	330
EAST_POINT_(AUT)	2008	3	22	82	-7.2	-4	7.5589396432487	-999.9	0	5.56712962962964	3.09954405212267	330
EAST_POINT_(AUT)	2008	3	23	83	-9.5	-5.4	8.64948930076862	-999.9	0	6.99074074074075	2.28701604418958	330
EAST_POINT_(AUT)	2008	3	24	84	-10.5	-4.2	10.8373542330831	-999.9	0	4.64120370370369	2.34295666841717	330
EAST_POINT_(AUT)	2008	3	25	85	-12.8	-4.5	12.5715265863712	-999.9	0	4.95370370370369	2.50823179198181	330
EAST_POINT_(AUT)	2008	3	26	86	-13	1.8	16.9635629815572	-999.9	0.7	6.22685185185186	3.47897681149568	330
EAST_POINT_(AUT)	2008	3	27	87	-2.4	1.6	8.91034476921899	-999.9	0	6.67824074074075	4.35685067161559	330
EAST_POINT_(AUT)	2008	3	28	88	-3.4	0	8.29894962672032	-999.9	0	4.17824074074075	4.77397798209345	330
EAST_POINT_(AUT)	2008	3	29	89	-7.9	-1.8	11.2281563106405	-999.9	0	5.23148148148147	3.40023679610969	330
EAST_POINT_(AUT)	2008	3	30	90	-6.5	-2.3	9.4095448829372	-999.9	0.7	5.55555555555556	3.90225641827857	330
EAST_POINT_(AUT)	2008	3	31	91	-5.9	1.4	12.5269782137347	-999.9	0	3.71527777777778	4.09177479614617	330
EAST_POINT_(AUT)	2008	4	1	92	-0.8	3	9.12552827927542	-999.9	10.5	6.06481481481481	6.53212218263278	330
EAST_POINT_(AUT)	2008	4	2	93	-2.3	7.5	14.7945220055044	-999.9	0.6	8.20601851851853	5.69066854467106	330
EAST_POINT_(AUT)	2008	4	3	94	-3.7	3.3	12.6211503085804	-999.9	0	12.6851851851852	3.55879236061952	330
EAST_POINT_(AUT)	2008	4	4	95	1.2	7.3	11.8909674435817	-999.9	0	6.05324074074075	5.43279970503632	330
EAST_POINT_(AUT)	2008	4	5	96	0	1.7	6.33460360615014	-999.9	3	5.45138888888889	6.22851500207437	330
EAST_POINT_(AUT)	2008	4	6	97	-1.8	2.1	9.6807810134156	-999.9	0	4.05092592592592	5.78617112222312	330
EAST_POINT_(AUT)	2008	4	7	98	-1.8	2.7	10.4907834030085	-999.9	0	3.49537037037036	5.6958331643267	330
EAST_POINT_(AUT)	2008	4	8	99	-1.6	2.1	9.59547854148847	-999.9	0.6	3.09027777777778	5.94849066593646	330
EAST_POINT_(AUT)	2008	4	9	100	0.4	7.8	13.6863105267533	-999.9	1.2	2.65046296296296	7.50264799050548	330
EAST_POINT_(AUT)	2008	4	10	101	1.1	8.4	13.7081064238159	-999.9	2.6	5.27777777777778	7.3001060080505	330
EAST_POINT_(AUT)	2008	4	11	102	0.3	4.5	10.4840015241798	-999.9	0.18	5.78703703703703	6.28797908521846	330
EAST_POINT_(AUT)	2008	4	12	103	-0.2	1.7	7.10896953759208	-999.9	4.1	3.39646464646464	6.30248808140433	330
EAST_POINT_(AUT)	2008	4	13	104	-1	2.9	10.2666975199896	-999.9	1.3	2.62731481481481	6.57597385756627	330
EAST_POINT_(AUT)	2008	4	14	105	-1.1	2.5	9.94167778917176	-999.9	0	6.73611111111111	5.72765370169922	330
EAST_POINT_(AUT)	2008	4	15	106	-1.8	3	11.5685935638752	-999.9	0.9	5.76388888888889	4.95458453671286	330
EAST_POINT_(AUT)	2008	4	16	107	-1.5	10	18.0427242616518	-999.9	0	4.23611111111111	5.29724040337514	330
EAST_POINT_(AUT)	2008	4	17	108	1.6	12.5	17.6970805391249	-999.9	0	7.10648148148147	6.52932696815091	330
EAST_POINT_(AUT)	2008	4	18	109	0.1	10.1	17.075196775695	-999.9	1.4	3.96990740740742	8.27785753327553	330
EAST_POINT_(AUT)	2008	4	19	110	0.1	2.8	8.93649695774578	-999.9	0	5.65972222222222	6.40629347226603	330
EAST_POINT_(AUT)	2008	4	20	111	-0.8	4	11.9996440549468	-999.9	1.4	2.5462962962963	5.61140901771281	330
EAST_POINT_(AUT)	2008	4	21	112	1	8.1	14.6954223875941	-999.9	1.5	1.74768518518519	7.13132050693271	330
EAST_POINT_(AUT)	2008	4	22	113	0.4	9.8	17.0241352353731	-999.9	0.8	2.1412037037037	7.41772491214476	330
EAST_POINT_(AUT)	2008	4	23	114	0	5	12.4990699557104	-999.9	0	4.66435185185186	6.0115137259514	330
EAST_POINT_(AUT)	2008	4	24	115	0.1	2.8	9.24505973947614	-999.9	3.3	4.18981481481481	5.85058741039241	330
EAST_POINT_(AUT)	2008	4	25	116	0.6	2.8	8.39881779647921	-999.9	0.9	7.31481481481481	6.4380962945048	330
EAST_POINT_(AUT)	2008	4	26	117	1.2	4.2	9.8693948071263	-999.9	0	6.50462962962964	6.81169081826468	330
EAST_POINT_(AUT)	2008	4	27	118	1.2	4	9.59348376456126	-999.9	0	4.87268518518519	6.85284733196304	330
EAST_POINT_(AUT)	2008	4	28	119	1.4	5.4	11.5355785786379	-999.9	0	4.0625	7.70936408314876	330
EAST_POINT_(AUT)	2008	4	29	120	4	9.9	14.0926393492615	-999.9	0	4.67592592592592	9.40637921427332	330
EAST_POINT_(AUT)	2008	4	30	121	3.2	7	11.3752311887417	-999.9	13.7	4.45601851851853	8.50575592007086	330
EAST_POINT_(AUT)	2008	5	1	122	2.1	4.9	9.81962661074786	-999.9	15.2	2.84722222222222	7.88556281773481	330
EAST_POINT_(AUT)	2008	5	2	123	1.1	5.3	12.0929934869857	-999.9	1.4	2.88194444444444	7.5432228162578	330
EAST_POINT_(AUT)	2008	5	3	124	0.3	5.7	13.7862206818068	-999.9	0	4.20138888888889	7.44665800505615	330
EAST_POINT_(AUT)	2008	5	4	125	-0.1	7.2	16.1136962041471	-999.9	1.3	2.40740740740741	7.55756123745006	330
EAST_POINT_(AUT)	2008	5	5	126	4.3	10.7	15.1654607877059	-999.9	0.6	3.15972222222222	9.09199800862753	330
EAST_POINT_(AUT)	2008	5	6	127	3.9	11	16.0536366331403	-999.9	0.7	1.80555555555556	8.64954390706265	330
EAST_POINT_(AUT)	2008	5	7	128	3.2	11.9	17.8578643623422	-999.9	1.7	1.5625	9.6172716641816	330
EAST_POINT_(AUT)	2008	5	8	129	2.6	11.2	17.8398839125511	-999.9	12.7	4.25925925925925	9.30456952680706	330
EAST_POINT_(AUT)	2008	5	9	130	4.2	8.5	12.6735257014398	-999.9	0	5.61342592592592	9.46455569062767	330
EAST_POINT_(AUT)	2008	5	10	131	4.2	6.8	9.8996100751145	-999.9	0	5.57870370370369	8.57565950712674	330
EAST_POINT_(AUT)	2008	5	11	132	3.9	4.9	6.16662619425896	-999.9	5.1	12.1296296296296	7.79523427768407	330
EAST_POINT_(AUT)	2008	5	12	133	3.1	5.9	10.3631337897619	-999.9	0	8.66898148148147	7.84649824016721	330
EAST_POINT_(AUT)	2008	5	13	134	2.9	5.4	9.83320413170229	-999.9	0	8.53009259259258	7.53480014116502	330
EAST_POINT_(AUT)	2008	5	14	135	2.9	6.5	11.8478075368324	-999.9	0	7.15277777777778	7.70682692371011	330
EAST_POINT_(AUT)	2008	5	15	136	2.1	6.9	13.7346629074624	-999.9	8.5	4.25925925925925	7.92052180847068	330
EAST_POINT_(AUT)	2008	5	16	137	2.5	6.6	12.7423385563031	-999.9	20.8	4.13194444444444	8.51924799235366	330
EAST_POINT_(AUT)	2008	5	17	138	1.6	4.7	11.1210880813428	-999.9	12.1	4.58333333333333	7.71692602823133	330
EAST_POINT_(AUT)	2008	5	18	139	4.1	10.9	16.530261379562	-999.9	0	5.57870370370369	9.81207036999785	330
EAST_POINT_(AUT)	2008	5	19	140	5.4	11	15.0531685310435	-999.9	9.3	5.24305555555556	10.6053738670346	330
EAST_POINT_(AUT)	2008	5	20	141	5	14.5	19.6722653877186	-999.9	0	5.65972222222222	10.3554287212172	330
EAST_POINT_(AUT)	2008	5	21	142	4.9	6.9	9.05558354113496	-999.9	9.4	8.64583333333333	8.9528213779837	330
EAST_POINT_(AUT)	2008	5	22	143	6.5	13.6	17.1155117213188	-999.9	0	4.73379629629631	10.9328874372762	330
EAST_POINT_(AUT)	2008	5	23	144	5.6	8.6	11.1591519813904	-999.9	3.4	6.55092592592592	9.93960246282831	330
EAST_POINT_(AUT)	2008	5	24	145	5.6	8.3	10.6172747382867	-999.9	0	5.40509259259258	9.33931055677404	330
EAST_POINT_(AUT)	2008	5	25	146	6.7	13.1	16.3920283262503	-999.9	0	4.51388888888889	9.87910155497045	330
EAST_POINT_(AUT)	2008	5	26	147	7.4	16.8	19.9190793589176	-999.9	0	8.10185185185186	10.4006620895646	330
EAST_POINT_(AUT)	2008	5	27	148	8.3	16	18.0744284126071	-999.9	9.1	8.69212962962964	12.7225755174605	330
EAST_POINT_(AUT)	2008	5	28	149	6.5	11.6	14.7458418293703	-999.9	0.7	7.34953703703703	9.21176402718692	330
EAST_POINT_(AUT)	2008	5	29	150	5.9	17.2	22.0009038330754	-999.9	0	6.35416666666667	10.3944648719473	330
EAST_POINT_(AUT)	2008	5	30	151	6	12.5	16.7234732567547	-999.9	0	6.28472222222222	9.21426602731381	330
EAST_POINT_(AUT)	2008	5	31	152	7.2	15.7	19.1645921191192	-999.9	7.1	5.02314814814814	10.50757729778	330
EAST_POINT_(AUT)	2008	6	1	153	8.4	14.1	15.7253312749281	-999.9	1.8	6.80555555555556	12.8621831880558	330
EAST_POINT_(AUT)	2008	6	2	154	8.4	17.1	19.464637549897	-999.9	0	5.02314814814814	14.3407672640517	330
EAST_POINT_(AUT)	2008	6	3	155	8.3	18.2	20.8008358914363	-999.9	1.5	4.59490740740742	13.315766548569	330
EAST_POINT_(AUT)	2008	6	4	156	9.2	13.3	13.4086143007483	-999.9	1.3	2.59259259259259	12.8901931688661	330
EAST_POINT_(AUT)	2008	6	5	157	9.1	12.6	12.4081535338668	-999.9	1.3	4.58333333333333	10.9485346451735	330
EAST_POINT_(AUT)	2008	6	6	158	9.5	13.6	13.4492700621074	-999.9	0	3.59953703703703	11.2973375766024	330
EAST_POINT_(AUT)	2008	6	7	159	10.6	16.9	16.6941105139348	-999.9	0	4.0625	12.7201173763775	330
EAST_POINT_(AUT)	2008	6	8	160	10.1	12.6	10.5293581063751	-999.9	5.2	7.11805555555556	12.9364181759237	330
EAST_POINT_(AUT)	2008	6	9	161	9.4	14.7	15.3483413093833	-999.9	0.7	5.17361111111111	13.9266105662654	330
EAST_POINT_(AUT)	2008	6	10	162	8.9	14.2	15.3640560405575	-999.9	0	4.42129629629631	12.4745007231781	330
EAST_POINT_(AUT)	2008	6	11	163	10.7	16.4	15.9478701753908	-999.9	0	6.86342592592592	14.2106968850179	330
EAST_POINT_(AUT)	2008	6	12	164	11.8	15.3	12.5068962444625	-999.9	0	8.17129629629631	13.8002090795359	330
EAST_POINT_(AUT)	2008	6	13	165	9.1	12.4	12.152783444887	-999.9	0.7	11.8634259259259	10.9247088988518	330
EAST_POINT_(AUT)	2008	6	14	166	8.9	11.2	10.151705905561	-999.9	0	10.0578703703704	11.1966420537857	330
EAST_POINT_(AUT)	2008	6	15	167	8.9	12	11.7914002500801	-999.9	0	5.32407407407408	11.9939337690168	330
EAST_POINT_(AUT)	2008	6	16	168	8.9	13.6	14.524327571141	-999.9	0	2.98611111111111	12.6717153185463	330
EAST_POINT_(AUT)	2008	6	17	169	10.7	14.2	12.5370940739698	-999.9	0	2.55787037037037	13.6490396036014	330
EAST_POINT_(AUT)	2008	6	18	170	11.6	17.1	15.7185753418905	-999.9	0.7	4.97685185185186	15.3110436760344	330
EAST_POINT_(AUT)	2008	6	19	171	11.1	15.2	13.5720666525495	-999.9	6.5	5.39351851851853	14.4606326491582	330
EAST_POINT_(AUT)	2008	6	20	172	11	17	16.417429799303	-999.9	0	3.78472222222222	15.4208925462115	330
EAST_POINT_(AUT)	2008	6	21	173	11.1	19.7	19.6520355800928	-999.9	0	4.16666666666667	15.8616178677399	330
EAST_POINT_(AUT)	2008	6	22	174	13	21.3	19.3009832940932	-999.9	0	4.75694444444445	16.9441463505777	330
EAST_POINT_(AUT)	2008	6	23	175	14.7	22.9	19.1770894724754	-999.9	0	5.65972222222222	20.0362024720799	330
EAST_POINT_(AUT)	2008	6	24	176	15.1	21.9	17.4549622764833	-999.9	10.3	4.30555555555556	20.1001428681909	330
EAST_POINT_(AUT)	2008	6	25	177	15	19.4	14.0324270992653	-999.9	0	6.13425925925925	15.671693499638	330
EAST_POINT_(AUT)	2008	6	26	178	15.1	21.8	17.3037071862235	-999.9	0.9	3.24074074074075	18.7547875609671	330
EAST_POINT_(AUT)	2008	6	27	179	13.8	17.5	12.8484638492689	-999.9	6.2	3.59953703703703	17.3336530601998	330
EAST_POINT_(AUT)	2008	6	28	180	12.5	16.1	12.6620334431505	-999.9	0	5.40509259259258	14.8918078041554	330
EAST_POINT_(AUT)	2008	6	29	181	12.1	14.4	10.1104674317728	-999.9	21.1	6.5625	14.3955959855691	330
EAST_POINT_(AUT)	2008	6	30	182	13.3	19.6	16.7142126763053	-999.9	1.4	6.67824074074075	18.3124609983739	330
EAST_POINT_(AUT)	2008	7	1	183	16.2	23.9	18.4553605196043	-999.9	0	4.83796296296297	21.9497612132964	330
EAST_POINT_(AUT)	2008	7	2	184	15.9	25.1	20.1458574470716	-999.9	0	4.86111111111111	21.0864824880456	330
EAST_POINT_(AUT)	2008	7	3	185	16.9	25.9	19.896691948015	-999.9	0	6.21527777777778	21.8808260392808	330
EAST_POINT_(AUT)	2008	7	4	186	13.5	19	15.5296547642904	-999.9	0.6	4.18981481481481	16.1423798332338	330
EAST_POINT_(AUT)	2008	7	5	187	13.2	20.9	18.3442371164768	-999.9	0	3.49537037037036	16.1682909154727	330
EAST_POINT_(AUT)	2008	7	6	188	15.3	26.3	21.8865552053125	-999.9	0.6	3.77314814814814	20.3699285308085	330
EAST_POINT_(AUT)	2008	7	7	189	16.5	24	18.03812327367	-999.9	0	5.11574074074075	19.5122890449838	330
EAST_POINT_(AUT)	2008	7	8	190	18.4	24.5	16.2352165518378	-999.9	0.6	3.71527777777778	21.7148306484893	330
EAST_POINT_(AUT)	2008	7	9	191	18.4	25.8	17.8440815020235	-999.9	0	5.09259259259258	23.9498547909958	330
EAST_POINT_(AUT)	2008	7	10	192	18.5	25	16.6867908252109	-999.9	0	6.89814814814814	24.3897095706496	330
EAST_POINT_(AUT)	2008	7	11	193	12.8	21.4	19.149424127234	-999.9	0	4.22453703703703	17.1145682848949	330
EAST_POINT_(AUT)	2008	7	12	194	12.1	21.1	19.5420689716328	-999.9	0.7	2.70833333333333	16.27185035191	330
EAST_POINT_(AUT)	2008	7	13	195	13.5	23.7	20.7512617570129	-999.9	0.8	5.625	17.1422458938945	330
EAST_POINT_(AUT)	2008	7	14	196	17.2	23.7	16.5214616710691	-999.9	5.9	7.68518518518519	22.0853158690583	330
EAST_POINT_(AUT)	2008	7	15	197	18	24.6	16.6021080391453	-999.9	0	4.32870370370369	24.0892992397041	330
EAST_POINT_(AUT)	2008	7	16	198	17.8	25.5	17.8808474802204	-999.9	0	3.81944444444444	22.3622410088558	330
EAST_POINT_(AUT)	2008	7	17	199	17.9	25	17.1188756545419	-999.9	0	4.30555555555556	21.8006600186414	330
EAST_POINT_(AUT)	2008	7	18	200	17.9	23.8	15.5570453343724	-999.9	0	2.61574074074074	22.1191544711703	330
EAST_POINT_(AUT)	2008	7	19	201	14.9	21	15.767856372754	-999.9	25.6	3.32175925925925	19.0732696958818	330
EAST_POINT_(AUT)	2008	7	20	202	14.1	23.2	19.19492803405	-999.9	0	3.02083333333333	19.027165162277	330
EAST_POINT_(AUT)	2008	7	21	203	17.8	19	6.94649520570495	-999.9	7.2	5.43981481481481	20.8511045966772	330
EAST_POINT_(AUT)	2008	7	22	204	16.7	20.2	11.8214179609426	-999.9	0	5.50925925925925	20.3496127264841	330
EAST_POINT_(AUT)	2008	7	23	205	15.1	20.8	15.0308779994774	-999.9	0	4.22453703703703	19.5654274019322	330
EAST_POINT_(AUT)	2008	7	24	206	16.2	22.6	15.8671542223052	-999.9	0	4.76851851851853	21.3843921457737	330
EAST_POINT_(AUT)	2008	7	25	207	19.5	25.3	15.0465096182522	-999.9	0.7	6.41203703703703	25.4905960328161	330
EAST_POINT_(AUT)	2008	7	26	208	18.1	24.8	16.1072825956535	-999.9	4	5.72916666666667	24.3326264381293	330
EAST_POINT_(AUT)	2008	7	27	209	17.5	24.8	16.7440152845341	-999.9	0	4.65277777777778	22.1513567058259	330
EAST_POINT_(AUT)	2008	7	28	210	18.1	23.1	13.7989641716669	-999.9	2.5	4.09722222222222	22.7193550060788	330
EAST_POINT_(AUT)	2008	7	29	211	17	22.7	14.6693884439367	-999.9	0	3.28703703703703	21.5531990371945	330
EAST_POINT_(AUT)	2008	7	30	212	15.9	23.9	17.3014400718598	-999.9	3.3	2.61574074074074	21.2809890358226	330
EAST_POINT_(AUT)	2008	7	31	213	15.6	23.8	17.4363761833838	-999.9	0	2.98611111111111	20.7017757609279	330
EAST_POINT_(AUT)	2008	8	1	214	17.9	24	14.9684010877903	-999.9	0	5.03472222222222	22.1202903638278	330
EAST_POINT_(AUT)	2008	8	2	215	14.5	20.5	14.7739365734533	-999.9	1.3	5.32407407407408	18.2808850586908	330
EAST_POINT_(AUT)	2008	8	3	216	13.5	19.3	14.4541781513487	-999.9	8	6.66666666666667	17.6266512694626	330
EAST_POINT_(AUT)	2008	8	4	217	11.3	17.2	14.5048309249744	-999.9	26.7	7.41898148148147	15.8668666484751	330
EAST_POINT_(AUT)	2008	8	5	218	10.1	15.2	13.4161291902785	-999.9	0.6	6.85185185185186	14.30238679913	330
EAST_POINT_(AUT)	2008	8	6	219	9.6	15.9	14.8325518946663	-999.9	0	4.08564814814814	14.161430372867	330
EAST_POINT_(AUT)	2008	8	7	220	11	18	15.5505522270661	-999.9	0	2.40740740740741	15.4587201844989	330
EAST_POINT_(AUT)	2008	8	8	221	13.6	20.3	15.1297893862657	-999.9	0	3.39120370370369	17.5333662636425	330
EAST_POINT_(AUT)	2008	8	9	222	13.2	18.3	13.1258215897926	-999.9	7.1	3.28703703703703	17.3473292164026	330
EAST_POINT_(AUT)	2008	8	10	223	14.9	18.1	10.3373523416416	-999.9	0	2.63888888888889	18.0376170297019	330
EAST_POINT_(AUT)	2008	8	11	224	14.7	21.4	14.8700146204334	-999.9	0.6	2.33796296296296	18.8981395764437	330
EAST_POINT_(AUT)	2008	8	12	225	16	18.8	9.55518645477801	-999.9	2.4	3.71527777777778	18.9805400901882	330
EAST_POINT_(AUT)	2008	8	13	226	14.9	21.4	14.4693567956519	-999.9	22.5	3.98148148148147	19.2707944409675	330
EAST_POINT_(AUT)	2008	8	14	227	15.1	20.8	13.4650621732045	-999.9	8.9	3.53009259259258	19.1078070787625	330
EAST_POINT_(AUT)	2008	8	15	228	15	21.3	14.0658291662155	-999.9	0.6	4.30555555555556	18.9997442469249	330
EAST_POINT_(AUT)	2008	8	16	229	16.3	21.7	12.9378337208101	-999.9	11	5.04629629629631	20.7200988805285	330
EAST_POINT_(AUT)	2008	8	17	230	16.2	25.9	17.2252455423904	-999.9	5.8	5.24305555555556	22.392682416127	330
EAST_POINT_(AUT)	2008	8	18	231	12.3	22.5	17.544440130445	-999.9	0	4.50231481481481	15.5967994784026	330
EAST_POINT_(AUT)	2008	8	19	232	14.1	25.5	18.42029124761	-999.9	59.1	5.21990740740742	21.3813389890008	330
EAST_POINT_(AUT)	2008	8	20	233	12.4	16.5	10.9694578793064	-999.9	1.5	7.16435185185186	14.8094263072233	330
EAST_POINT_(AUT)	2008	8	21	234	14.8	20.3	12.614442200183	-999.9	0	7.25694444444445	15.7444818292459	330
EAST_POINT_(AUT)	2008	8	22	235	12.7	24.8	18.5744916751573	-999.9	0	3.27546296296297	18.7652154552738	330
EAST_POINT_(AUT)	2008	8	23	236	16.9	25.5	15.5437170273655	-999.9	0	5.33564814814814	21.1612342472678	330
EAST_POINT_(AUT)	2008	8	24	237	16.3	23.7	14.3102284175204	-999.9	0	5.96064814814814	17.9894654573948	330
EAST_POINT_(AUT)	2008	8	25	238	18.2	24.7	13.3093203504468	-999.9	24.7	4.96527777777778	24.9334320291942	330
EAST_POINT_(AUT)	2008	8	26	239	15.9	19.6	9.96349725932757	-999.9	5.9	5.21990740740742	19.4315156868235	330
EAST_POINT_(AUT)	2008	8	27	240	17.2	20.7	9.6139038386413	-999.9	0	9.16666666666667	19.1573585035587	330
EAST_POINT_(AUT)	2008	8	28	241	15.5	19.7	10.4469158168606	-999.9	3	9.45601851851853	17.8325200611459	330
EAST_POINT_(AUT)	2008	8	29	242	16	20.6	10.8438322598094	-999.9	0	6.99074074074075	19.1897720091987	330
EAST_POINT_(AUT)	2008	8	30	243	15.6	21.2	11.8653591946751	-999.9	0.6	4.30555555555556	19.8771676516095	330
EAST_POINT_(AUT)	2008	8	31	244	16.2	20.9	10.7785724417646	-999.9	15.1	5.99537037037036	20.4415902918826	330
EAST_POINT_(AUT)	2008	9	1	245	15.9	19.7	9.60886005116664	-999.9	5.6	8.44907407407408	18.749408949243	330
EAST_POINT_(AUT)	2008	9	2	246	12.9	20	13.0202464148809	-999.9	0	5.43981481481481	16.7262186648955	330
EAST_POINT_(AUT)	2008	9	3	247	11.9	19.5	13.352079127904	-999.9	6.8	2.93981481481481	17.1471092261469	330
EAST_POINT_(AUT)	2008	9	4	248	17	20.3	8.71953208741025	-999.9	1.9	4.56018518518519	20.5699082835427	330
EAST_POINT_(AUT)	2008	9	5	249	15.7	20.2	10.0897070127182	-999.9	0	4.59490740740742	17.5277218119693	330
EAST_POINT_(AUT)	2008	9	6	250	17.6	23.6	11.5431928731582	-999.9	0	7.10648148148147	21.897072720336	330
EAST_POINT_(AUT)	2008	9	7	251	16.1	19.9	9.10043341213586	-999.9	80.1	7.19907407407408	20.6360862712347	330
EAST_POINT_(AUT)	2008	9	8	252	13.2	19.1	11.2320275467693	-999.9	0.6	5.27777777777778	17.5728910304256	330
EAST_POINT_(AUT)	2008	9	9	253	13.3	21.9	13.430284312625	-999.9	0.6	6.36574074074075	16.9568911251878	330
EAST_POINT_(AUT)	2008	9	10	254	14.3	17.3	7.85493209883648	-999.9	1.3	9.74537037037036	14.9367263252921	330
EAST_POINT_(AUT)	2008	9	11	255	8.8	18	13.6195770993055	-999.9	0	5.71759259259258	11.2291102627315	330
EAST_POINT_(AUT)	2008	9	12	256	10.4	18.9	12.9601266998493	-999.9	0	4.66435185185186	13.1057257564258	330
EAST_POINT_(AUT)	2008	9	13	257	14.3	16	5.73715552360783	-999.9	1.36	3.54166666666667	15.666382449882	330
EAST_POINT_(AUT)	2008	9	14	258	13.3	18.5	9.930901418151	-999.9	0	4.54861111111111	16.8691192372733	330
EAST_POINT_(AUT)	2008	9	15	259	14	20.5	10.9875574639497	-999.9	0	10.1041666666667	18.4148194559486	330
EAST_POINT_(AUT)	2008	9	16	260	9.1	15.2	10.5319731747823	-999.9	0	5.86805555555556	11.2719641033202	330
EAST_POINT_(AUT)	2008	9	17	261	8.4	18.5	13.4075360649744	-999.9	0	4.21296296296297	13.2186548035661	330
EAST_POINT_(AUT)	2008	9	18	262	9.9	15.7	10.0505341528106	-999.9	0	7.43055555555556	12.0032036479191	330
EAST_POINT_(AUT)	2008	9	19	263	6.8	13.2	10.4422891475726	-999.9	0	5.11574074074075	7.38208298723466	330
EAST_POINT_(AUT)	2008	9	20	264	10	17.6	11.2534888189221	-999.9	0	7.23379629629631	11.7827760855391	330
EAST_POINT_(AUT)	2008	9	21	265	10	15.1	9.11558640411777	-999.9	0	5.60185185185186	12.0482604044538	330
EAST_POINT_(AUT)	2008	9	22	266	4.5	14.3	12.4932839848001	-999.9	0.02	5.39351851851853	7.8504961656194	330
EAST_POINT_(AUT)	2008	9	23	267	4	13.3	12.0313536410903	-999.9	0.5	4.75694444444445	7.65767788154496	330
EAST_POINT_(AUT)	2008	9	24	268	2.8	13.5	12.7561690980289	-999.9	0	4.97685185185186	7.58891617769784	330
EAST_POINT_(AUT)	2008	9	25	269	3.2	17.5	14.5746536836605	-999.9	0	4.87268518518519	10.1307232029848	330
EAST_POINT_(AUT)	2008	9	26	270	12.1	17.9	9.17261509905614	-999.9	0	5.39351851851853	13.504303281052	330
EAST_POINT_(AUT)	2008	9	27	271	13.3	17.3	7.52672212860882	-999.9	2.4	5.70601851851853	16.2328319311504	330
EAST_POINT_(AUT)	2008	9	28	272	15.8	19.5	7.15190842677052	-999.9	0.7	6.97916666666667	19.1654148287173	330
EAST_POINT_(AUT)	2008	9	29	273	11.6	19.1	10.0587996930225	-999.9	0	9.18981481481481	16.1763615540864	330
EAST_POINT_(AUT)	2008	9	30	274	10.5	13.4	6.17815847126462	-999.9	0	4.98842592592592	13.6180483798828	330
EAST_POINT_(AUT)	2008	10	1	275	7.8	15	9.61439055514958	-999.9	0	4.17824074074075	11.848044719972	330
EAST_POINT_(AUT)	2008	10	2	276	11.4	16	7.58895157152241	-999.9	4.6	7.62731481481481	14.2837929148657	330
EAST_POINT_(AUT)	2008	10	3	277	7.3	15.7	10.1261124537582	-999.9	4	7.00231481481481	10.4451335645139	330
EAST_POINT_(AUT)	2008	10	4	278	6.9	12.4	8.08981570381092	-999.9	2.9	5.94907407407408	9.52590277674495	330
EAST_POINT_(AUT)	2008	10	5	279	5.7	12.3	8.7485987246379	-999.9	0.7	5.10416666666667	10.0863972645207	330
EAST_POINT_(AUT)	2008	10	6	280	6.6	12	7.81140059553422	-999.9	0	6.05324074074075	9.34659857132311	330
EAST_POINT_(AUT)	2008	10	7	281	7.9	10.3	5.13997096399781	-999.9	0.7	9.69907407407408	8.66050885705605	330
EAST_POINT_(AUT)	2008	10	8	282	2	10.5	9.54654804799494	-999.9	0	8.18287037037036	6.95075888955154	330
EAST_POINT_(AUT)	2008	10	9	283	8.5	14.6	7.98075380551801	-999.9	2.3	6.15740740740742	12.3087835811844	330
EAST_POINT_(AUT)	2008	10	10	284	10.4	15	6.83851374980097	-999.9	0	6.77083333333333	12.6743230097101	330
EAST_POINT_(AUT)	2008	10	11	285	9.1	13.3	6.44725034338603	-999.9	0	6.33101851851853	11.1633264421879	330
EAST_POINT_(AUT)	2008	10	12	286	4	13.5	9.56629280172114	-999.9	0	3.54166666666667	9.32551295387246	330
EAST_POINT_(AUT)	2008	10	13	287	8.7	11.6	5.21410116040539	-999.9	2.6	6.48148148148147	10.5741444608501	330
EAST_POINT_(AUT)	2008	10	14	288	7.6	13.2	7.14729087839189	-999.9	0	5.45138888888889	10.3787148647245	330
EAST_POINT_(AUT)	2008	10	15	289	6.4	12.9	7.5952381135415	-999.9	0	5.18518518518519	10.3667197765951	330
EAST_POINT_(AUT)	2008	10	16	290	10.1	14.1	5.87657428273154	-999.9	5.9	4.45601851851853	13.3241872084371	330
EAST_POINT_(AUT)	2008	10	17	291	8.3	12.8	6.14729865285706	-999.9	8.2	7.22222222222222	11.4699410803818	330
EAST_POINT_(AUT)	2008	10	18	292	5.5	9.6	5.78669048392134	-999.9	0	6.57407407407408	7.01859925719338	330
EAST_POINT_(AUT)	2008	10	19	293	2.8	9.6	7.34905905202654	-999.9	0	4.20138888888889	6.25232351085721	330
EAST_POINT_(AUT)	2008	10	20	294	4.6	10.9	6.97537451022616	-999.9	0	5.26620370370369	8.45656168056504	330
EAST_POINT_(AUT)	2008	10	21	295	7.4	10.3	4.66659033164513	-999.9	0	11.7476851851852	9.44601366531247	330
EAST_POINT_(AUT)	2008	10	22	296	5.4	8.1	4.43988741899555	-999.9	0.6	12.0717592592593	7.95914133488268	330
EAST_POINT_(AUT)	2008	10	23	297	4.6	7.9	4.83977359009505	-999.9	0	10.2777777777778	6.75501912771934	330
EAST_POINT_(AUT)	2008	10	24	298	2.8	10.5	7.2892486708249	-999.9	0	6.19212962962964	7.57200199094061	330
EAST_POINT_(AUT)	2008	10	25	299	3.8	12.9	7.81306767845185	-999.9	0	4.32870370370369	8.61966576249084	330
EAST_POINT_(AUT)	2008	10	26	300	9.6	13.5	5.04305576400807	-999.9	0	9.1087962962963	11.7716314657567	330
EAST_POINT_(AUT)	2008	10	27	301	11.5	14.3	4.2130943618903	-999.9	8.6	9.0625	14.1299734173882	330
EAST_POINT_(AUT)	2008	10	28	302	10.3	14.9	5.32433114168214	-999.9	2.9	9.57175925925925	13.5741292500026	330
EAST_POINT_(AUT)	2008	10	29	303	6.1	14.3	7.009120959979	-999.9	3.8	7.63888888888889	10.8813204939324	330
EAST_POINT_(AUT)	2008	10	30	304	3.8	8.8	5.39662180735376	-999.9	0	5.72916666666667	7.22639243172341	330
EAST_POINT_(AUT)	2008	10	31	305	2.4	7.5	5.37422379523341	-999.9	0.7	6.93287037037036	6.81866636671531	330
EAST_POINT_(AUT)	2008	11	1	306	1.3	7.6	5.88994852829016	-999.9	0	8.70370370370369	5.87606135056547	330
EAST_POINT_(AUT)	2008	11	2	307	-1.4	3.5	5.12236340281016	-999.9	4.2	10.2893518518519	4.88455427306664	330
EAST_POINT_(AUT)	2008	11	3	308	-0.3	7	6.1657970419126	-999.9	0	6.29629629629631	5.13848854462942	330
EAST_POINT_(AUT)	2008	11	4	309	3.7	9.5	5.42032645164463	-999.9	0	4.42129629629631	7.77700552955476	330
EAST_POINT_(AUT)	2008	11	5	310	9.2	13.9	4.81256055400015	-999.9	0	7.03703703703703	12.2516397391176	330
EAST_POINT_(AUT)	2008	11	6	311	10.4	17.3	5.75180176318316	-999.9	0	5.03472222222222	14.5969114356798	330
EAST_POINT_(AUT)	2008	11	7	312	9.4	13.7	4.47925828870665	-999.9	4.6	3.33333333333333	13.7145220960272	330
EAST_POINT_(AUT)	2008	11	8	313	9.5	13.1	4.04352690945517	-999.9	0.6	2.63888888888889	13.4447907889085	330
EAST_POINT_(AUT)	2008	11	9	314	10.6	14.5	4.15267222694763	-999.9	0	5.13888888888889	14.648340917269	330
EAST_POINT_(AUT)	2008	11	10	315	7.3	11.6	4.3029801189971	-999.9	1.2	4.46759259259258	10.4270404524813	330
EAST_POINT_(AUT)	2008	11	11	316	2.9	9.5	5.26144300357333	-999.9	6.4	7.43055555555556	8.34701057540836	330
EAST_POINT_(AUT)	2008	11	12	317	0.8	7	5.03372139213609	-999.9	3	7.43055555555556	6.58342558753046	330
EAST_POINT_(AUT)	2008	11	13	318	-0.4	5.9	5.00946503950078	-999.9	0.7	3.69212962962964	5.76585091799114	330
EAST_POINT_(AUT)	2008	11	14	319	4.6	9.5	4.36233414831479	-999.9	0	6.77083333333333	7.91791686635496	330
EAST_POINT_(AUT)	2008	11	15	320	9	12.8	3.79393057569519	-999.9	4.3	7.77777777777778	12.6723696964315	330
EAST_POINT_(AUT)	2008	11	16	321	8.2	15.1	5.04987425471958	-999.9	8.1	9.38657407407408	13.5293751232781	330
EAST_POINT_(AUT)	2008	11	17	322	1.8	8.3	4.84236802121601	-999.9	0.6	6.58564814814814	6.43629153675197	330
EAST_POINT_(AUT)	2008	11	18	323	1.1	6.6	4.40168709848718	-999.9	4.8	4.25925925925925	6.56314809598776	330
EAST_POINT_(AUT)	2008	11	19	324	2.8	6.1	3.36998598900232	-999.9	17	13.1481481481481	8.02274483136593	330
EAST_POINT_(AUT)	2008	11	20	325	-3.1	2.9	4.49243348948445	-999.9	0.6	9.05092592592592	5.42792918599253	330
EAST_POINT_(AUT)	2008	11	21	326	-5.1	-1	3.67231127511101	-999.9	0.1	5.3125	3.77271891758886	330
EAST_POINT_(AUT)	2008	11	22	327	-5.5	11.6	7.41820417391012	-999.9	21.6	10.2314814814815	6.95022475209558	330
EAST_POINT_(AUT)	2008	11	23	328	-6.2	-3.3	3.02252256394241	-999.9	0	6.18055555555556	3.15906161181275	330
EAST_POINT_(AUT)	2008	11	24	329	-6.6	-1	4.1567704486562	-999.9	0	4.72222222222222	3.28627744290135	330
EAST_POINT_(AUT)	2008	11	25	330	-7.3	2.9	5.55367170400383	-999.9	0	4.40972222222222	4.00028746667952	330
EAST_POINT_(AUT)	2008	11	26	331	2.8	6.1	3.12814381451799	-999.9	5.3	9.47916666666667	7.12388721625244	330
EAST_POINT_(AUT)	2008	11	27	332	1	5.9	3.7758419311657	-999.9	0.6	4.18981481481481	7.88227716656075	330
EAST_POINT_(AUT)	2008	11	28	333	-0.7	6.9	4.65961229983304	-999.9	0	4.24768518518519	7.23130001780532	330
EAST_POINT_(AUT)	2008	11	29	334	0.3	8.5	4.7975891138639	-999.9	0	7.11805555555556	7.14767328021143	330
EAST_POINT_(AUT)	2008	11	30	335	-1.3	4.7	4.06925987295156	-999.9	0.05	3.99305555555556	5.69512784022202	330
EAST_POINT_(AUT)	2008	12	1	336	2.9	11.6	4.86046879288417	-999.9	15.4	6.96759259259258	9.60603593221637	330
EAST_POINT_(AUT)	2008	12	2	337	3.9	10.1	4.07148239309015	-999.9	0	6.12268518518519	8.27878741006676	330
EAST_POINT_(AUT)	2008	12	3	338	-0.9	4.6	3.80662379439166	-999.9	0.27	3.72685185185186	5.92093228226023	330
EAST_POINT_(AUT)	2008	12	4	339	-1	7.8	4.78156070659805	-999.9	0.6	6.36574074074075	6.60336559639996	330
EAST_POINT_(AUT)	2008	12	5	340	-2.7	5.7	4.64097775706772	-999.9	0	5.90277777777778	5.62545521096669	330
EAST_POINT_(AUT)	2008	12	6	341	-5.1	-0.1	3.55854050423882	-999.9	0.11	3.93518518518519	3.4630025200337	330
EAST_POINT_(AUT)	2008	12	7	342	-0.1	4.3	3.31901695788532	-999.9	23.4	9.27083333333333	6.27388709022472	330
EAST_POINT_(AUT)	2008	12	8	343	-6.1	1.9	4.45150532428577	-999.9	1.9	14.224537037037	5.04733684506413	330
EAST_POINT_(AUT)	2008	12	9	344	-8.9	5.2	5.88079394303286	-999.9	3	8.51851851851853	4.33693947053981	330
EAST_POINT_(AUT)	2008	12	10	345	1	11.4	5.02801159898536	-999.9	18.8	9.94212962962964	9.04127238657587	330
EAST_POINT_(AUT)	2008	12	11	346	-0.8	1.1	2.14042993913214	-999.9	1.5	8.17129629629631	5.17122827201375	330
EAST_POINT_(AUT)	2008	12	12	347	0.4	13.9	5.68498889183491	-999.9	31.8	6.67824074074075	10.0844430523946	330
EAST_POINT_(AUT)	2008	12	13	348	-3.9	6.3	4.92603482188971	-999.9	1.4	9.76851851851853	6.1358385903655	330
EAST_POINT_(AUT)	2008	12	14	349	-5.7	1.6	4.15615353951764	-999.9	0	7.88194444444445	4.11548708001102	330
EAST_POINT_(AUT)	2008	12	15	350	1.6	10	4.44838497449153	-999.9	0	8.15972222222222	8.35464296071614	330
EAST_POINT_(AUT)	2008	12	16	351	-4.2	11.5	6.07080594595985	-999.9	3.4	9.69907407407408	6.46137594157255	330
EAST_POINT_(AUT)	2008	12	17	352	-4.5	0.2	3.31727621343789	-999.9	4.8	6.65509259259258	4.4986910737903	330
EAST_POINT_(AUT)	2008	12	18	353	-7.1	0.5	4.21481891894964	-999.9	1.6	5.90277777777778	4.50859274827598	330
EAST_POINT_(AUT)	2008	12	19	354	-11.1	-5.5	3.61667401275223	-999.9	0	11.0532407407407	2.86443624150421	330
EAST_POINT_(AUT)	2008	12	20	355	-8.6	-6.7	2.10687838491306	-999.9	0	8.42592592592592	2.6551854108819	330
EAST_POINT_(AUT)	2008	12	21	356	-8.3	-2.6	3.65133335386431	-999.9	0.8	5.92592592592592	3.02465741696767	330
EAST_POINT_(AUT)	2008	12	22	357	-7.1	2.3	4.69389252266535	-999.9	1.3	16.8402777777778	4.75852582327113	330
EAST_POINT_(AUT)	2008	12	23	358	-12	-4.1	4.30964095378344	-999.9	0	10.4050925925926	2.86343911064803	330
EAST_POINT_(AUT)	2008	12	24	359	-12	3.2	5.98976733435239	-999.9	3.7	5.49768518518519	4.11463667767375	330
EAST_POINT_(AUT)	2008	12	25	360	-5	7.6	5.46682486271022	-999.9	11	12.2569444444444	5.82334967290794	330
EAST_POINT_(AUT)	2008	12	26	361	-10.4	-4.9	3.62236846181016	-999.9	0	9.43287037037036	2.63939782195234	330
EAST_POINT_(AUT)	2008	12	27	362	-10.4	-0.4	4.9008409014117	-999.9	0	4.42129629629631	3.17101486614485	330
EAST_POINT_(AUT)	2008	12	28	363	-4.7	4.7	4.76968603879638	-999.9	1.8	10.6018518518519	5.93294566666667	330
EAST_POINT_(AUT)	2008	12	29	364	-1.2	8.5	4.86587193836903	-999.9	0	7.84722222222222	6.60466586704321	330
EAST_POINT_(AUT)	2008	12	30	365	-3.7	-1.1	2.53105505911133	-999.9	0	6.77083333333333	4.34893662442265	330
EAST_POINT_(AUT)	2008	12	31	366	-3.7	-2.1	1.99573758680545	-999.9	0	5.97222222222222	4.0891929542812	330
