EAST_POINT_(AUT)	2018	1	1	1	-10.9	-7.2	3.03488508880885	-999.9	0	7.34953703703703	2.63811643260593	330
EAST_POINT_(AUT)	2018	1	2	2	-15.3	-8.4	4.16750154131355	-999.9	0	4.67592592592592	1.88998152258356	330
EAST_POINT_(AUT)	2018	1	3	3	-16.4	-2.5	5.95046160208589	-999.9	0	4.14351851851853	1.97040341672782	330
EAST_POINT_(AUT)	2018	1	4	4	-3	8.2	5.37555218056703	-999.9	3.1	10.8449074074074	6.28254739655451	330
EAST_POINT_(AUT)	2018	1	5	5	-10.4	8.5	7.03057667663003	-999.9	0.3	12.1643518518519	4.22705009064583	330
EAST_POINT_(AUT)	2018	1	6	6	-17.2	-10.3	4.27860237021549	-999.9	0	8.125	1.32008895538053	330
EAST_POINT_(AUT)	2018	1	7	7	-17.6	-12.2	3.81380933846592	-999.9	0.2	8.00925925925925	1.43630304971114	330
EAST_POINT_(AUT)	2018	1	8	8	-13.6	-2.9	5.4113041536241	-999.9	3	4.97685185185186	2.4616891085524	330
EAST_POINT_(AUT)	2018	1	9	9	-5.8	2.5	4.80569293278755	-999.9	0.7	6.45833333333333	4.75365357251974	330
EAST_POINT_(AUT)	2018	1	10	10	-8.4	-5.5	2.8653483124136	-999.9	0	11.5740740740741	2.82087645196157	330
EAST_POINT_(AUT)	2018	1	11	11	-6.4	8	6.44274761844253	-999.9	0.2	6.46990740740742	5.40332917360548	330
EAST_POINT_(AUT)	2018	1	12	12	5	10.4	3.98238783682706	-999.9	0	8.72685185185186	9.40170029263626	330
EAST_POINT_(AUT)	2018	1	13	13	-1.6	11.4	6.23901110707639	-999.9	1.5	8.27546296296297	8.29009078185687	330
EAST_POINT_(AUT)	2018	1	14	14	-4.6	-1.5	3.07721703622044	-999.9	0	6.12268518518519	4.13256498866352	330
EAST_POINT_(AUT)	2018	1	15	15	-5.6	-2.2	3.25597332867017	-999.9	0.2	9.50231481481481	3.55318828014052	330
EAST_POINT_(AUT)	2018	1	16	16	-3.5	-0.7	2.98614197276121	-999.9	1.4	7.01388888888889	4.71406351732749	330
EAST_POINT_(AUT)	2018	1	17	17	-4.6	0	3.8692017851933	-999.9	10.2	2.95138888888889	4.65347566573329	330
EAST_POINT_(AUT)	2018	1	18	18	-2.7	0.4	3.2118133057931	-999.9	2.2	5.39351851851853	5.17528779675165	330
EAST_POINT_(AUT)	2018	1	19	19	-9.2	-1.6	5.08644255771558	-999.9	0	6.06481481481481	3.11451190146732	330
EAST_POINT_(AUT)	2018	1	20	20	-8.6	4	6.6257706581331	-999.9	0.5	6.96759259259258	4.37046484297978	330
EAST_POINT_(AUT)	2018	1	21	21	-8.2	1.6	5.91301225606942	-999.9	0	9.90740740740742	3.51983108239517	330
EAST_POINT_(AUT)	2018	1	22	22	-14	-7.9	4.72172926298097	-999.9	0	9.02777777777778	1.90813191166931	330
EAST_POINT_(AUT)	2018	1	23	23	-11.6	6.2	8.1653986177043	-999.9	6.2	5.67129629629631	4.30144975057014	330
EAST_POINT_(AUT)	2018	1	24	24	-5.8	8.2	7.33243905663911	-999.9	2.1	8.57638888888889	5.66449462592378	330
EAST_POINT_(AUT)	2018	1	25	25	-10.3	-5.8	4.21006353628591	-999.9	0.2	7.89351851851853	2.50585706427459	330
EAST_POINT_(AUT)	2018	1	26	26	-10.6	-8.2	3.11431093758373	-999.9	0	9.02777777777778	2.32155957579307	330
EAST_POINT_(AUT)	2018	1	27	27	-13	3.5	8.27262724370843	-999.9	0	5.92592592592592	3.38483686030306	330
EAST_POINT_(AUT)	2018	1	28	28	0.6	7.3	5.34134248666123	-999.9	1.6	4.83796296296297	7.38885185623446	330
EAST_POINT_(AUT)	2018	1	29	29	-6	0.6	5.37227503623936	-999.9	0	7.53472222222222	3.86522276465176	330
EAST_POINT_(AUT)	2018	1	30	30	-5.4	-0.4	4.73916246384307	-999.9	7.6	11.5740740740741	4.43013122485038	330
EAST_POINT_(AUT)	2018	1	31	31	-11.4	-1.1	6.89474265163842	-999.9	0.8	7.68518518518519	3.33633391473235	330
EAST_POINT_(AUT)	2018	2	1	32	-10.5	3.6	8.17786472081711	-999.9	3.9	5.39351851851853	4.20461803764173	330
EAST_POINT_(AUT)	2018	2	2	33	-11.2	5.8	9.10394092116656	-999.9	9.6	6.70138888888889	4.72089877549165	330
EAST_POINT_(AUT)	2018	2	3	34	-17.5	-10.7	5.83812556577531	-999.9	0	8.18287037037036	1.50366140954206	330
EAST_POINT_(AUT)	2018	2	4	35	-17.3	4.1	10.502074055026	-999.9	0.7	7.8125	3.07769926140815	330
EAST_POINT_(AUT)	2018	2	5	36	-4.8	8.8	8.49020103652634	-999.9	14.4	10.7986111111111	6.50097147708827	330
EAST_POINT_(AUT)	2018	2	6	37	-8.1	-3	5.27279708849752	-999.9	0	6.43518518518519	2.76227048823555	330
EAST_POINT_(AUT)	2018	2	7	38	-4.7	1.3	5.80045785165797	-999.9	5.7	3.11342592592592	4.53460160266966	330
EAST_POINT_(AUT)	2018	2	8	39	-3.1	6.6	7.48036234603749	-999.9	14.8	8.71693121693122	4.83095244827226	330
EAST_POINT_(AUT)	2018	2	9	40	-10.6	-4.5	6.01682745340335	-999.9	0	3.62268518518519	2.53986499340003	330
EAST_POINT_(AUT)	2018	2	10	41	-5	5.2	7.89188540146928	-999.9	7.4	4.65277777777778	5.69025086952263	330
EAST_POINT_(AUT)	2018	2	11	42	-1.4	2.1	4.68922908091878	-999.9	7.3	4.21296296296297	5.86800017827491	330
EAST_POINT_(AUT)	2018	2	12	43	-6.2	7	9.23733015491423	-999.9	4.5	7.23379629629631	5.30989518150762	330
EAST_POINT_(AUT)	2018	2	13	44	-13.9	-6.1	7.20279313844352	-999.9	0	10.0694444444444	1.99735331997915	330
EAST_POINT_(AUT)	2018	2	14	45	-10.3	2.6	9.39596837140491	-999.9	0	6.77083333333333	3.45347657449168	330
EAST_POINT_(AUT)	2018	2	15	46	-1	3.4	5.56624012042594	-999.9	0	3.125	5.53341080149325	330
EAST_POINT_(AUT)	2018	2	16	47	-2.2	6.6	7.98470275112334	-999.9	0.3	4.67592592592592	6.24991030232004	330
EAST_POINT_(AUT)	2018	2	17	48	-14.1	-2.1	9.45757782580952	-999.9	0.4	8.36805555555556	2.6992574706789	330
EAST_POINT_(AUT)	2018	2	18	49	-8.3	-2.4	6.72627336646286	-999.9	0	3.83101851851853	3.3388115491266	330
EAST_POINT_(AUT)	2018	2	19	50	-7.6	0.6	8.04265285940275	-999.9	0	4.375	3.99320162315505	330
EAST_POINT_(AUT)	2018	2	20	51	-2.2	4.5	7.37319687068791	-999.9	0	5.49768518518519	6.02706690626356	330
EAST_POINT_(AUT)	2018	2	21	52	-2.2	11.2	10.5749070104751	-999.9	0.6	7.12962962962964	7.77247467186375	330
EAST_POINT_(AUT)	2018	2	22	53	-8.1	1.2	8.93405687815409	-999.9	0	9.12037037037036	3.62569271572959	330
EAST_POINT_(AUT)	2018	2	23	54	-7.8	-2.7	6.70888747277461	-999.9	0.9	5.23148148148147	2.97263033008285	330
EAST_POINT_(AUT)	2018	2	24	55	-3.2	3.4	7.73870887894036	-999.9	1.2	7.71990740740742	5.32446742747998	330
EAST_POINT_(AUT)	2018	2	25	56	-7.6	-3.2	6.40655967232008	-999.9	0	5.25462962962964	3.09225315780648	330
EAST_POINT_(AUT)	2018	2	26	57	-4.1	2.9	8.19253770485831	-999.9	6.6	5.15046296296297	5.34393905524076	330
EAST_POINT_(AUT)	2018	2	27	58	-4	1.3	7.22678708455484	-999.9	0	5.26620370370369	4.88052304886995	330
EAST_POINT_(AUT)	2018	2	28	59	-4.3	-0.3	6.36415012452831	-999.9	0.5	3.81944444444444	4.59298480285467	330
EAST_POINT_(AUT)	2018	3	1	60	-4.6	0.7	7.42531575741767	-999.9	0	2.93981481481481	4.55905961348934	330
EAST_POINT_(AUT)	2018	3	2	61	-0.9	3.3	6.69930952621984	-999.9	0	5.24305555555556	5.9545524501956	330
EAST_POINT_(AUT)	2018	3	3	62	0.7	2.4	4.3193514182756	-999.9	0	9.97685185185186	6.07926562635076	330
EAST_POINT_(AUT)	2018	3	4	63	0.2	1.4	3.6773263126193	-999.9	0	9.46759259259258	5.73934362572538	330
EAST_POINT_(AUT)	2018	3	5	64	-0.4	1.3	4.43476745785917	-999.9	0	10.5092592592593	5.53407998787235	330
EAST_POINT_(AUT)	2018	3	6	65	-0.7	0.6	3.92897216773405	-999.9	0	11.3310185185185	5.2095934002136	330
EAST_POINT_(AUT)	2018	3	7	66	-0.6	0.7	3.98010573900132	-999.9	0	6.57407407407408	5.18021480244908	330
EAST_POINT_(AUT)	2018	3	8	67	-0.5	1.4	4.87381417551384	-999.9	0	9.45601851851853	5.27951761181306	330
EAST_POINT_(AUT)	2018	3	9	68	0.2	3	5.99229047167276	-999.9	2	8.92361111111111	6.13093077331692	330
EAST_POINT_(AUT)	2018	3	10	69	0.2	3.3	6.38510053476205	-999.9	0	6.03009259259258	5.95442870316656	330
EAST_POINT_(AUT)	2018	3	11	70	-1.4	1.7	6.46533692740499	-999.9	0.5	3.62268518518519	5.79395520893463	330
EAST_POINT_(AUT)	2018	3	12	71	-0.7	1.2	5.12459991893428	-999.9	0	6.52777777777778	5.74201845037892	330
EAST_POINT_(AUT)	2018	3	13	72	0.3	2.6	5.7077964155711	-999.9	1.3	9.24768518518519	5.98167704550106	330
EAST_POINT_(AUT)	2018	3	14	73	1.1	4.2	6.70740465366384	-999.9	1.2	10.9259259259259	6.06346042300406	330
EAST_POINT_(AUT)	2018	3	15	74	0.4	2.9	6.0962070508606	-999.9	4.5	4.89583333333333	6.14322165506183	330
EAST_POINT_(AUT)	2018	3	16	75	-2.9	2.6	9.15025739770816	-999.9	0	5.72916666666667	4.69296839622772	330
EAST_POINT_(AUT)	2018	3	17	76	-7.5	-2.8	8.55871776031692	-999.9	0.2	7.58101851851853	3.23517338175365	330
EAST_POINT_(AUT)	2018	3	18	77	-10	-5.6	8.37797097318717	-999.9	0	7.95138888888889	2.70731876341491	330
EAST_POINT_(AUT)	2018	3	19	78	-9.3	-3.7	9.56100660015	-999.9	0	6.09953703703703	2.79598451297051	330
EAST_POINT_(AUT)	2018	3	20	79	-4.4	-1.8	6.58926838229041	-999.9	0	5.72916666666667	3.59105647290761	330
EAST_POINT_(AUT)	2018	3	21	80	-5.2	0.7	10.0383143325924	-999.9	0	4.86111111111111	4.04208587306731	330
EAST_POINT_(AUT)	2018	3	22	81	-1.6	1.4	7.23806664250399	-999.9	5.1	9.32870370370369	5.45839464447331	330
EAST_POINT_(AUT)	2018	3	23	82	-0.5	1.4	5.82382637494761	-999.9	1.3	6.53935185185186	5.92918200904772	330
EAST_POINT_(AUT)	2018	3	24	83	-1	0.4	5.05367660790368	-999.9	0.4	9.23611111111111	5.59972768004353	330
EAST_POINT_(AUT)	2018	3	25	84	-3.9	-0.4	8.076646640946	-999.9	0	11.5625	4.07210982054264	330
EAST_POINT_(AUT)	2018	3	26	85	-3.8	0.3	8.8345443046734	-999.9	0	4.62962962962964	4.14039427772387	330
EAST_POINT_(AUT)	2018	3	27	86	-3.9	1.5	10.2453205376145	-999.9	0	3.94675925925925	4.59192579521649	330
EAST_POINT_(AUT)	2018	3	28	87	0	6.2	11.0917998484	-999.9	5.7	4.18981481481481	6.57332837307569	330
EAST_POINT_(AUT)	2018	3	29	88	-0.9	1.9	7.53014918745746	-999.9	0.2	6.49305555555556	5.81515927810449	330
EAST_POINT_(AUT)	2018	3	30	89	-0.3	6.8	12.1119158647413	-999.9	3.8	4.95370370370369	7.15294330841682	330
EAST_POINT_(AUT)	2018	3	31	90	-1.9	2.4	9.51957585498434	-999.9	0.2	5.96064814814814	5.16703253363638	330
EAST_POINT_(AUT)	2018	4	1	91	-1.2	5.9	12.352439643835	-999.9	2	5.03472222222222	5.93239979427087	330
EAST_POINT_(AUT)	2018	4	2	92	-4.4	0.9	10.7756163129709	-999.9	0	5.43981481481481	3.86242519789834	330
EAST_POINT_(AUT)	2018	4	3	93	-4.8	0.9	11.2813898262902	-999.9	0	3.40277777777778	3.89640559990077	330
EAST_POINT_(AUT)	2018	4	4	94	0	7.6	13.1490180867783	-999.9	13.4	5.92592592592592	7.36279922457622	330
EAST_POINT_(AUT)	2018	4	5	95	-5.9	8.6	18.3304121463649	-999.9	0.4	8.10185185185186	5.07593162735402	330
EAST_POINT_(AUT)	2018	4	6	96	-7.1	1.7	14.4102542501519	-999.9	0.3	7.30324074074075	2.70334896561916	330
EAST_POINT_(AUT)	2018	4	7	97	-1.9	4.3	12.2041812870239	-999.9	3	3.91203703703703	6.16651778331732	330
EAST_POINT_(AUT)	2018	4	8	98	-2.3	2.3	10.605098380192	-999.9	6.6	3.78472222222222	5.8383254125	330
EAST_POINT_(AUT)	2018	4	9	99	-4.1	-0.6	9.33111091735247	-999.9	0.4	10.3703703703704	3.86214736715246	330
EAST_POINT_(AUT)	2018	4	10	100	-3.4	1.2	10.7890312642453	-999.9	0	4.31712962962964	4.08998857261272	330
EAST_POINT_(AUT)	2018	4	11	101	-2.4	2	10.6408141410119	-999.9	0	2.36111111111111	5.00549690381754	330
EAST_POINT_(AUT)	2018	4	12	102	-2	5.5	14.0076422980776	-999.9	0	3.79629629629631	5.6050245738854	330
EAST_POINT_(AUT)	2018	4	13	103	1.4	5.6	10.567834470064	-999.9	4.4	7.23379629629631	7.15614825709434	330
EAST_POINT_(AUT)	2018	4	14	104	-3.3	5.4	15.3316586467187	-999.9	0	9.66435185185186	4.68241568920391	330
EAST_POINT_(AUT)	2018	4	15	105	-4.8	-2.7	7.59186898280702	-999.9	0	9.23611111111111	3.13944788049071	330
EAST_POINT_(AUT)	2018	4	16	106	-3.3	0.9	10.8196898613812	-999.9	0	3.07870370370369	4.60129707234958	330
EAST_POINT_(AUT)	2018	4	17	107	0.4	6.2	12.8114131059278	-999.9	14.1	8.19444444444445	6.83222710029487	330
EAST_POINT_(AUT)	2018	4	18	108	2.3	6.4	10.8520004839568	-999.9	0.3	4.08564814814814	7.51170757068254	330
EAST_POINT_(AUT)	2018	4	19	109	1.2	6.4	12.3110916679562	-999.9	3.9	3.75	6.98694074091509	330
EAST_POINT_(AUT)	2018	4	20	110	0.1	2.2	7.87995902612048	-999.9	5.2	7.24537037037036	6.35338195856936	330
EAST_POINT_(AUT)	2018	4	21	111	0.2	2.9	8.99825390808734	-999.9	0	5.68287037037036	5.74918274295589	330
EAST_POINT_(AUT)	2018	4	22	112	-1.6	4.2	13.279914398286	-999.9	0	4.20138888888889	4.97779817674523	330
EAST_POINT_(AUT)	2018	4	23	113	-0.6	7.5	15.8005358448363	-999.9	0	4.09722222222222	4.90547720286586	330
EAST_POINT_(AUT)	2018	4	24	114	1.6	19.7	23.7771599123388	-999.9	0	6.48148148148147	5.83521753203817	330
EAST_POINT_(AUT)	2018	4	25	115	4.2	15.4	18.8262880058378	-999.9	0	6.29629629629631	7.07595618933884	330
EAST_POINT_(AUT)	2018	4	26	116	5.3	10.1	12.4038118126062	-999.9	2.1	8.24074074074075	9.54681540473027	330
EAST_POINT_(AUT)	2018	4	27	117	5.1	15.6	18.4608710917015	-999.9	0	5.33564814814814	10.4631375580828	330
EAST_POINT_(AUT)	2018	4	28	118	5.9	12.1	14.2731807391748	-999.9	2.3	6.21527777777778	10.7300054709235	330
EAST_POINT_(AUT)	2018	4	29	119	2.3	10.4	16.4126786035294	-999.9	9.8	4.86111111111111	9.35997496476437	330
EAST_POINT_(AUT)	2018	4	30	120	2.6	8	13.4800279333317	-999.9	12.7	2.68518518518519	8.46100688310564	330
EAST_POINT_(AUT)	2018	5	1	121	4.4	6.8	9.03861063609843	-999.9	2.7	3.75	8.73054197498764	330
EAST_POINT_(AUT)	2018	5	2	122	5.2	13.4	16.8015978426327	-999.9	3.4	4.87268518518519	9.87592874736029	330
EAST_POINT_(AUT)	2018	5	3	123	2.5	5.9	10.8786860500604	-999.9	0.9	5.10416666666667	7.52099381933055	330
EAST_POINT_(AUT)	2018	5	4	124	3.3	7.4	12.0106975391777	-999.9	6.5	3.68055555555556	8.60261421913639	330
EAST_POINT_(AUT)	2018	5	5	125	5.1	13.5	17.2822991875094	-999.9	17.2	8.02083333333333	8.83687321662065	330
EAST_POINT_(AUT)	2018	5	6	126	5.5	14.2	17.6788331990303	-999.9	1.6	2.98611111111111	8.62890533546231	330
EAST_POINT_(AUT)	2018	5	7	127	1	7.8	15.7082320347065	-999.9	5.7	5.12731481481481	7.18617690708819	330
EAST_POINT_(AUT)	2018	5	8	128	1.3	13.7	21.3161917097844	-999.9	0	5.78703703703703	7.49135522943691	330
EAST_POINT_(AUT)	2018	5	9	129	2.7	7.6	13.4638740178495	-999.9	0	3.62268518518519	6.81070271968373	330
EAST_POINT_(AUT)	2018	5	10	130	2.8	11.1	17.6048295562652	-999.9	1.7	4.82638888888889	7.32305904070209	330
EAST_POINT_(AUT)	2018	5	11	131	3.3	13.6	19.7006236943417	-999.9	0	6.51620370370369	8.69689177020796	330
EAST_POINT_(AUT)	2018	5	12	132	2.6	6.3	11.8598408655002	-999.9	0	5.61342592592592	5.49184378175226	330
EAST_POINT_(AUT)	2018	5	13	133	4	9.4	14.389304743571	-999.9	0	5.09259259259258	6.7261058900004	330
EAST_POINT_(AUT)	2018	5	14	134	5.6	15	19.0642761492921	-999.9	0	6.40046296296297	7.86718053281023	330
EAST_POINT_(AUT)	2018	5	15	135	6.1	17.8	21.3555889293542	-999.9	0.9	5.71759259259258	11.5234424052143	330
EAST_POINT_(AUT)	2018	5	16	136	2.7	6.1	11.557643707495	-999.9	0	7.41898148148147	5.05797643971867	330
EAST_POINT_(AUT)	2018	5	17	137	-0.1	12.7	22.5110248307195	-999.9	0	6.36574074074075	7.98937803396728	330
EAST_POINT_(AUT)	2018	5	18	138	-0.9	8.5	19.3626181979483	-999.9	0	3.98148148148147	5.84258589333966	330
EAST_POINT_(AUT)	2018	5	19	139	3.5	12.3	18.8018684839525	-999.9	0	4.61805555555556	6.41030529677591	330
EAST_POINT_(AUT)	2018	5	20	140	5.1	17.9	22.7548528575475	-999.9	11.2	6.00694444444445	12.0913774415297	330
EAST_POINT_(AUT)	2018	5	21	141	2.2	16.3	23.9628256938443	-999.9	0	5.11574074074075	7.67242663299079	330
EAST_POINT_(AUT)	2018	5	22	142	4.6	12	17.4162241670021	-999.9	0	5.64814814814814	6.50920092023891	330
EAST_POINT_(AUT)	2018	5	23	143	4.1	12.5	18.6139224150831	-999.9	6	7.37268518518519	9.72944599196865	330
EAST_POINT_(AUT)	2018	5	24	144	4.4	7.5	11.3420049511696	-999.9	0.7	6.67824074074075	7.06643244979259	330
EAST_POINT_(AUT)	2018	5	25	145	7.2	15.8	18.9460960920319	-999.9	2.6	5.13888888888889	11.7621286661265	330
EAST_POINT_(AUT)	2018	5	26	146	5.3	8.7	11.9459985605807	-999.9	0.6	6.09953703703703	8.93689861177839	330
EAST_POINT_(AUT)	2018	5	27	147	5.5	9.2	12.4953227960473	-999.9	0	4.24768518518519	8.17261854366737	330
EAST_POINT_(AUT)	2018	5	28	148	6.4	12.5	16.0851990593172	-999.9	0.4	7.03703703703703	8.91137402583823	330
EAST_POINT_(AUT)	2018	5	29	149	8.2	15.2	17.2733623693631	-999.9	13.4	7.47685185185186	12.2121017800678	330
EAST_POINT_(AUT)	2018	5	30	150	4.2	8.7	13.8820001431733	-999.9	0	6.5625	6.73135097517708	330
EAST_POINT_(AUT)	2018	5	31	151	6.6	20.3	24.2759210001689	-999.9	0	3.4375	11.024176851358	330
EAST_POINT_(AUT)	2018	6	1	152	10.3	21.8	22.2887569958071	-999.9	0	4.98842592592592	11.8278012134159	330
EAST_POINT_(AUT)	2018	6	2	153	5.7	11	15.1617154001941	-999.9	28.7	7.89351851851853	9.97680478837463	330
EAST_POINT_(AUT)	2018	6	3	154	3.8	6.5	10.8422112044299	-999.9	0	11.2847222222222	6.92174678576553	330
EAST_POINT_(AUT)	2018	6	4	155	4.9	9.1	13.5468528931542	-999.9	0	4.80324074074075	7.46138814679435	330
EAST_POINT_(AUT)	2018	6	5	156	5.8	8	9.8209888923097	-999.9	3	4.75694444444445	7.63099594748874	330
EAST_POINT_(AUT)	2018	6	6	157	4.5	8.4	13.0966046074212	-999.9	5	4.08564814814814	7.8451425023574	330
EAST_POINT_(AUT)	2018	6	7	158	3.2	15.1	22.9105199856479	-999.9	0	3.72685185185186	8.74271357540889	330
EAST_POINT_(AUT)	2018	6	8	159	9.7	15.1	15.4541815018572	-999.9	6	6.36574074074075	11.5838527918469	330
EAST_POINT_(AUT)	2018	6	9	160	9.7	17.3	18.3567706967716	-999.9	0	3.21759259259258	11.477313891637	330
EAST_POINT_(AUT)	2018	6	10	161	7	10.7	12.8228180995715	-999.9	0	4.51388888888889	8.83059156287544	330
EAST_POINT_(AUT)	2018	6	11	162	2.2	10.8	19.5694142286778	-999.9	0	5.3125	7.1606669820175	330
EAST_POINT_(AUT)	2018	6	12	163	2.8	14.6	22.9439666030955	-999.9	0	5.67129629629631	8.34013841800716	330
EAST_POINT_(AUT)	2018	6	13	164	9.1	15.3	16.6446711966543	-999.9	0	6.09848484848486	10.1282872655357	330
EAST_POINT_(AUT)	2018	6	14	165	7.3	9.9	10.786261988777	-999.9	16.1	5.56712962962964	9.15338606581661	330
EAST_POINT_(AUT)	2018	6	15	166	7.3	14.4	17.8349325141839	-999.9	1.3	6.30787037037036	10.5557621018489	330
EAST_POINT_(AUT)	2018	6	16	167	8.4	17.8	20.5313433428003	-999.9	0.4	4.52546296296297	12.1087045113916	330
EAST_POINT_(AUT)	2018	6	17	168	8.7	12.2	12.5329060477668	-999.9	0	4.65277777777778	9.77893359998227	330
EAST_POINT_(AUT)	2018	6	18	169	9.2	14.3	15.1328382539106	-999.9	8.7	9.28240740740742	12.1772270204161	330
EAST_POINT_(AUT)	2018	6	19	170	11.7	16.9	15.2829701158347	-999.9	10.4	6.44675925925925	14.4622364251893	330
EAST_POINT_(AUT)	2018	6	20	171	11.9	20.2	19.3094189422154	-999.9	0	5.92592592592592	12.1016281225368	330
EAST_POINT_(AUT)	2018	6	21	172	7.4	16.8	20.5480896634577	-999.9	2.9	3.87731481481481	11.2865787922532	330
EAST_POINT_(AUT)	2018	6	22	173	8.4	18	20.7622217385995	-999.9	0.2	3.51851851851853	10.0424586703109	330
EAST_POINT_(AUT)	2018	6	23	174	12.2	21.8	20.7566774821428	-999.9	0	6.71296296296297	12.7426961472242	330
EAST_POINT_(AUT)	2018	6	24	175	10.8	14.9	13.5597442443753	-999.9	7	3.62268518518519	13.3892391281067	330
EAST_POINT_(AUT)	2018	6	25	176	8.3	11.4	11.7850411985514	-999.9	26	10.3819444444444	11.2120451939954	330
EAST_POINT_(AUT)	2018	6	26	177	8.8	13.1	13.8716624106478	-999.9	0	8.4375	9.28470651025673	330
EAST_POINT_(AUT)	2018	6	27	178	12.8	27.5	25.6301002436529	-999.9	0	6.07638888888889	12.9742590927942	330
EAST_POINT_(AUT)	2018	6	28	179	14.2	20.1	16.2243876319561	-999.9	0.2	7.14120370370369	15.3525345625225	330
EAST_POINT_(AUT)	2018	6	29	180	14.1	20.6	17.0138639515789	-999.9	10.9	6.55092592592592	18.1339294328431	330
EAST_POINT_(AUT)	2018	6	30	181	14.1	18	13.1654535692516	-999.9	0.2	3.17129629629631	14.6953774561541	330
EAST_POINT_(AUT)	2018	7	1	182	12.4	18.8	16.8462794780764	-999.9	0	5.78703703703703	15.4361748133744	330
EAST_POINT_(AUT)	2018	7	2	183	13.2	17.9	14.4187180250986	-999.9	0	3.18287037037036	15.3154353745911	330
EAST_POINT_(AUT)	2018	7	3	184	15.8	29.2	24.3134729805039	-999.9	1.5	6.48148148148147	21.3811502280016	330
EAST_POINT_(AUT)	2018	7	4	185	16.2	22.5	16.6469579825774	-999.9	0	3.77314814814814	17.435489409291	330
EAST_POINT_(AUT)	2018	7	5	186	14.7	22.4	18.3752416605562	-999.9	0	3.66161616161617	16.0460682822356	330
EAST_POINT_(AUT)	2018	7	6	187	14.5	23.1	19.3871081705086	-999.9	6.7	6.81712962962964	18.8015293700397	330
EAST_POINT_(AUT)	2018	7	7	188	14.1	20	16.0294597600668	-999.9	0	8.39120370370369	12.9949987024965	330
EAST_POINT_(AUT)	2018	7	8	189	14	25.4	22.239615290724	-999.9	0	5.67129629629631	13.6443522060661	330
EAST_POINT_(AUT)	2018	7	9	190	16.3	27.7	22.1953528908891	-999.9	0	7.34953703703703	15.9727777878486	330
EAST_POINT_(AUT)	2018	7	10	191	17	26	19.6796969556769	-999.9	0	6.07638888888889	18.5284152815914	330
EAST_POINT_(AUT)	2018	7	11	192	15.5	18.3	10.9525777133481	-999.9	0	4.05092592592592	15.1188665678668	330
EAST_POINT_(AUT)	2018	7	12	193	10.6	17.9	17.6437743152258	-999.9	0	6.67824074074075	12.3143795303592	330
EAST_POINT_(AUT)	2018	7	13	194	10.8	18.3	17.8404536453132	-999.9	0	2.12962962962963	13.4315644308168	330
EAST_POINT_(AUT)	2018	7	14	195	14.9	21	16.0486214503714	-999.9	0.3	3.62268518518519	16.0339800023778	330
EAST_POINT_(AUT)	2018	7	15	196	16.1	20.1	12.961420781423	-999.9	0.2	2.93981481481481	18.4550107863754	330
EAST_POINT_(AUT)	2018	7	16	197	15.5	21.2	15.4298593326524	-999.9	0	1.62037037037037	18.6021956507936	330
EAST_POINT_(AUT)	2018	7	17	198	16.1	16.5	4.07575866852787	-999.9	0	1.2037037037037	17.5781204297581	330
EAST_POINT_(AUT)	2018	7	18	199	17.96	21.01	12.38	-999.9	5.75	6.65	21.0404701317642	330
EAST_POINT_(AUT)	2018	7	19	200	17.67	18.76	23.23	-999.9	2.59	3.22	16.6719391272062	330
EAST_POINT_(AUT)	2018	7	20	201	17.31	21.31	27.74	-999.9	0.18	5.03	18.2550531213299	330
EAST_POINT_(AUT)	2018	7	21	202	17.43	20.83	13.49	-999.9	1.16	5.45	20.5933038280992	330
EAST_POINT_(AUT)	2018	7	22	203	18.44	22.39	21.25	-999.9	0.9	5.02	21.538966898074	330
EAST_POINT_(AUT)	2018	7	23	204	22.7	26.9	12.9512259836885	-999.9	0	3.36419753086419	23.5617452660773	330
EAST_POINT_(AUT)	2018	7	24	205	20.6	26.5	15.2941777128119	-999.9	0	4.71014492753622	23.338327794247	330
EAST_POINT_(AUT)	2018	7	25	206	21.1	27.8	16.2368652065185	-999.9	0	5.11574074074075	24.6226897810754	330
EAST_POINT_(AUT)	2018	7	26	207	21.9	25.9	12.4971223433344	-999.9	1.1	6.50462962962964	25.4402934587446	330
EAST_POINT_(AUT)	2018	7	27	208	21.7	26	12.9056502278416	-999.9	0	5.64814814814814	24.3256243507371	330
EAST_POINT_(AUT)	2018	7	28	209	20.8	26.5	14.7978604589639	-999.9	0	5.01157407407408	24.4367329365262	330
EAST_POINT_(AUT)	2018	7	29	210	21.6	24.6	10.690252508393	-999.9	4.6	3.63425925925925	24.2640337355496	330
EAST_POINT_(AUT)	2018	7	30	211	18.7	24.7	15.0528450314886	-999.9	0	4.20138888888889	19.8208304230995	330
EAST_POINT_(AUT)	2018	7	31	212	18.1	27.4	18.657336740577	-999.9	0	2.75462962962963	20.0203983629829	330
EAST_POINT_(AUT)	2018	8	1	213	18.2	27.6	18.6718210819779	-999.9	0	3.33333333333333	20.8080106924745	330
EAST_POINT_(AUT)	2018	8	2	214	21	28.6	16.7106469440911	-999.9	0	5.87962962962964	24.2560719205179	330
EAST_POINT_(AUT)	2018	8	3	215	22	25.1	10.6213555685286	-999.9	0	4.20138888888889	24.0476212483602	330
EAST_POINT_(AUT)	2018	8	4	216	21.3	25.4	12.1549268140659	-999.9	2.7	2.99768518518519	24.0957000546145	330
EAST_POINT_(AUT)	2018	8	5	217	17.4	24.4	15.8022602463368	-999.9	3.3	4.60648148148147	21.7158599296202	330
EAST_POINT_(AUT)	2018	8	6	218	16.4	24.8	17.2213746819393	-999.9	0	3.44907407407408	19.602803626782	330
EAST_POINT_(AUT)	2018	8	7	219	22.5	26	11.0577851890495	-999.9	0	4.50231481481481	25.1304188237784	330
EAST_POINT_(AUT)	2018	8	8	220	19.5	24.2	12.7449089426689	-999.9	0	3.75	21.1005955111669	330
EAST_POINT_(AUT)	2018	8	9	221	20	24.8	12.8088337284877	-999.9	37	4.66435185185186	23.9491460281639	330
EAST_POINT_(AUT)	2018	8	10	222	16.3	25.6	17.7287794204147	-999.9	0	4.60648148148147	20.1026817634199	330
EAST_POINT_(AUT)	2018	8	11	223	15.3	23.8	16.8516410260171	-999.9	0	4.40972222222222	14.8794286028055	330
EAST_POINT_(AUT)	2018	8	12	224	16.8	24.4	15.8409650647766	-999.9	0	2.73148148148148	18.9429474715563	330
EAST_POINT_(AUT)	2018	8	13	225	18.8	26.6	15.9518377164348	-999.9	0	3.44907407407408	20.6496450267562	330
EAST_POINT_(AUT)	2018	8	14	226	20.2	26.3	14.020488511555	-999.9	0	5.17361111111111	22.3431159114503	330
EAST_POINT_(AUT)	2018	8	15	227	21.8	26.7	12.4875445141306	-999.9	0	5.26620370370369	25.0922846525739	330
EAST_POINT_(AUT)	2018	8	16	228	17	23.1	13.8442818167457	-999.9	1.6	5.09259259259258	20.2100248151048	330
EAST_POINT_(AUT)	2018	8	17	229	15.7	20	11.5481314999224	-999.9	0	5.35879629629631	13.7785560991254	330
EAST_POINT_(AUT)	2018	8	18	230	16.9	20.1	9.89622791927025	-999.9	53	5.34722222222222	18.1400225530304	330
EAST_POINT_(AUT)	2018	8	19	231	19	21.1	7.96281339433466	-999.9	0	8.56481481481481	18.2783437547495	330
EAST_POINT_(AUT)	2018	8	20	232	14.3	22.1	15.2409180336822	-999.9	0	2.80092592592592	15.4236303964912	330
EAST_POINT_(AUT)	2018	8	21	233	14.7	20.8	13.3838230689439	-999.9	0	2.40740740740741	15.6287706248124	330
EAST_POINT_(AUT)	2018	8	22	234	18.6	22.8	11.0264480184012	-999.9	2.3	6.01851851851853	20.2551110967316	330
EAST_POINT_(AUT)	2018	8	23	235	17.2	24.6	14.5300336657395	-999.9	0	5.59027777777778	19.3788197657658	330
EAST_POINT_(AUT)	2018	8	24	236	16.6	23.4	13.8257538589503	-999.9	0	4.54861111111111	17.2949292706221	330
EAST_POINT_(AUT)	2018	8	25	237	17	24.8	14.6963298208264	-999.9	0	4.79166666666667	18.9445025671734	330
EAST_POINT_(AUT)	2018	8	26	238	16.2	22.5	13.10697599214	-999.9	0	4.52546296296297	15.8849289352586	330
EAST_POINT_(AUT)	2018	8	27	239	17.5	22.9	12.0404569907054	-999.9	0.3	3.64583333333333	19.5901408286619	330
EAST_POINT_(AUT)	2018	8	28	240	18.2	24.9	13.3057815484326	-999.9	0	4.32870370370369	20.9530949883891	330
EAST_POINT_(AUT)	2018	8	29	241	18.4	24.6	12.6969260220872	-999.9	0	6.34259259259258	19.590553737224	330
EAST_POINT_(AUT)	2018	8	30	242	17	24.9	14.2153888108218	-999.9	0	7.91666666666667	19.9682502495698	330
EAST_POINT_(AUT)	2018	8	31	243	16.2	19.8	9.51659186151064	-999.9	0	7.10648148148147	14.8769776758734	330
EAST_POINT_(AUT)	2018	9	1	244	16.3	21.7	11.5572491383483	-999.9	0	5.24305555555556	16.1329962445996	330
EAST_POINT_(AUT)	2018	9	2	245	16.4	22.9	12.5714090004696	-999.9	0	5.69444444444445	17.2354765727577	330
EAST_POINT_(AUT)	2018	9	3	246	18.3	23.5	11.1465585712557	-999.9	0	5.94907407407408	19.823477850039	330
EAST_POINT_(AUT)	2018	9	4	247	13.2	21.6	14.042120758308	-999.9	13.5	6.14583333333333	15.0979679385816	330
EAST_POINT_(AUT)	2018	9	5	248	13.3	21.9	14.0811529646585	-999.9	0	2.70833333333333	14.7846578032919	330
EAST_POINT_(AUT)	2018	9	6	249	17	27	15.0462011154114	-999.9	0	6.60879629629631	19.9217263129608	330
EAST_POINT_(AUT)	2018	9	7	250	11.6	19	12.8239700921682	-999.9	0	3.36805555555556	11.4837104029062	330
EAST_POINT_(AUT)	2018	9	8	251	12.3	17.6	10.7514299229722	-999.9	0	6.21527777777778	11.4783010983691	330
EAST_POINT_(AUT)	2018	9	9	252	12.1	17.6	10.8485871177515	-999.9	0.6	5.15046296296297	10.4831672750314	330
EAST_POINT_(AUT)	2018	9	10	253	12.1	17	10.1413396554294	-999.9	0	3.17129629629631	9.54600147228665	330
EAST_POINT_(AUT)	2018	9	11	254	14.3	19	9.83543625595382	-999.9	0.5	5.92592592592592	14.3619613602333	330
EAST_POINT_(AUT)	2018	9	12	255	11.8	18.8	11.8845614763349	-999.9	3.1	6.71497584541064	14.7681584562968	330
EAST_POINT_(AUT)	2018	9	13	256	11.6	21.2	13.7784806845663	-999.9	0	2.39130434782609	15.8064579908714	330
EAST_POINT_(AUT)	2018	9	14	257	13.5	21.6	12.5280090004329	-999.9	0	2.32638888888889	16.8979545621906	330
EAST_POINT_(AUT)	2018	9	15	258	17.5	26.1	12.7762975923879	-999.9	0	4.79166666666667	19.4505748368084	330
EAST_POINT_(AUT)	2018	9	16	259	10.9	21	13.7017275150188	-999.9	0	4.32870370370369	14.0198101187912	330
EAST_POINT_(AUT)	2018	9	17	260	16.3	25.4	12.8687688252987	-999.9	0	6.08796296296297	17.9238927132846	330
EAST_POINT_(AUT)	2018	9	18	261	14.1	20.7	10.8425891577533	-999.9	6.8	7.83564814814814	17.2346297008148	330
EAST_POINT_(AUT)	2018	9	19	262	11.5	14.8	7.58413556731344	-999.9	0.2	9.17824074074075	11.6167883906164	330
EAST_POINT_(AUT)	2018	9	20	263	8.3	14	9.85866935334211	-999.9	0.5	5.01157407407408	9.1712109534931	330
EAST_POINT_(AUT)	2018	9	21	264	5.8	15.9	12.9782861770652	-999.9	0	5.13888888888889	8.75009943739823	330
EAST_POINT_(AUT)	2018	9	22	265	11.4	20.7	12.3145443321365	-999.9	1.7	11.7708333333333	12.9231088498995	330
EAST_POINT_(AUT)	2018	9	23	266	6.2	17.3	13.3015863529385	-999.9	1.1	6.12268518518519	8.65718943900237	330
EAST_POINT_(AUT)	2018	9	24	267	7.9	11.2	7.16983791782065	-999.9	0	7.65046296296297	6.50261836698333	330
EAST_POINT_(AUT)	2018	9	25	268	7.6	12.2	8.36734293310728	-999.9	0	4.81481481481481	6.80208800246675	330
EAST_POINT_(AUT)	2018	9	26	269	11.3	17.7	9.75441791397563	-999.9	3.1	8.87731481481481	14.0427069415042	330
EAST_POINT_(AUT)	2018	9	27	270	11.7	19.1	10.3651835846412	-999.9	3.2	7.32638888888889	14.075630438239	330
EAST_POINT_(AUT)	2018	9	28	271	11.5	16	7.98665410555115	-999.9	14.4	5.68287037037036	13.7300696122808	330
EAST_POINT_(AUT)	2018	9	29	272	11.4	15.5	7.53175970349774	-999.9	0	5.26620370370369	12.9848646165263	330
EAST_POINT_(AUT)	2018	9	30	273	8.9	13.8	8.13387831081472	-999.9	0	3.62268518518519	9.08083577867531	330
EAST_POINT_(AUT)	2018	10	1	274	9.3	14.4	8.19652634550293	-999.9	0	5.59027777777778	10.4690568011947	330
EAST_POINT_(AUT)	2018	10	2	275	4.9	12.3	9.75116771833959	-999.9	0.2	3.27546296296297	7.76495110077701	330
EAST_POINT_(AUT)	2018	10	3	276	10.1	15.8	8.4513490864494	-999.9	28.5	8.97727272727272	12.6970715539737	330
EAST_POINT_(AUT)	2018	10	4	277	15	17.7	5.74342784223001	-999.9	0	7.03703703703703	16.3337556025647	330
EAST_POINT_(AUT)	2018	10	5	278	7.2	14.7	9.4509285331069	-999.9	2.1	6.36574074074075	9.25327592365246	330
EAST_POINT_(AUT)	2018	10	6	279	4.8	11.4	8.75236426762875	-999.9	0	4.40972222222222	7.2031054053873	330
EAST_POINT_(AUT)	2018	10	7	280	8	12.6	7.21270383352262	-999.9	0	4.81481481481481	9.87459568541936	330
EAST_POINT_(AUT)	2018	10	8	281	4	11.2	8.90653244617837	-999.9	0	4.49074074074075	6.89194127433178	330
EAST_POINT_(AUT)	2018	10	9	282	7.7	14.4	8.47933537063828	-999.9	3.1	5.16203703703703	11.5483180722406	330
EAST_POINT_(AUT)	2018	10	10	283	7.6	11	5.96082068866375	-999.9	3.6	7.30324074074075	9.32209254465473	330
EAST_POINT_(AUT)	2018	10	11	284	5.8	8.8	5.52498460125116	-999.9	2.3	6.16898148148147	7.21415437938387	330
EAST_POINT_(AUT)	2018	10	12	285	8.7	13.3	6.75019648402871	-999.9	5.9	5.42824074074075	11.9221733117208	330
EAST_POINT_(AUT)	2018	10	13	286	5.5	11.6	7.66892178914099	-999.9	2.6	6.68981481481481	8.81679577126156	330
EAST_POINT_(AUT)	2018	10	14	287	4.5	7.8	5.5644827839708	-999.9	0	8.34490740740742	6.5756909845842	330
EAST_POINT_(AUT)	2018	10	15	288	4.3	12.5	8.65249873265358	-999.9	3.1	5.83333333333333	7.71573077616221	330
EAST_POINT_(AUT)	2018	10	16	289	7.2	13.4	7.42108608749215	-999.9	17	8.59477124183006	9.36004464648141	330
EAST_POINT_(AUT)	2018	10	17	290	2.5	9.4	7.72156557778231	-999.9	0.5	5.99673202614378	7.15448591462681	330
EAST_POINT_(AUT)	2018	10	18	291	1.8	7	6.61098126467157	-999.9	10	10.5324074074074	7.00415976185264	330
EAST_POINT_(AUT)	2018	10	19	292	-2	7.7	8.90450833337374	-999.9	0	9.47916666666667	4.52208375799198	330
EAST_POINT_(AUT)	2018	10	20	293	7.1	14.4	7.61770159119216	-999.9	15.8	8.20601851851853	10.6158257603426	330
EAST_POINT_(AUT)	2018	10	21	294	5	10.9	6.75317397756299	-999.9	0	5.75231481481481	8.36727610712682	330
EAST_POINT_(AUT)	2018	10	22	295	-0.2	5.4	6.48752044766043	-999.9	0	6.42361111111111	4.30653518792279	330
EAST_POINT_(AUT)	2018	10	23	296	-1.5	6.9	7.83453232886633	-999.9	0	3.84259259259258	4.70671070213731	330
EAST_POINT_(AUT)	2018	10	24	297	6.9	12.3	6.19366286542783	-999.9	15	9.29398148148147	10.1672934814315	330
EAST_POINT_(AUT)	2018	10	25	298	2.2	9.2	6.95293577720391	-999.9	4.1	5.43981481481481	7.83899580460936	330
EAST_POINT_(AUT)	2018	10	26	299	-0.7	2.8	4.84747784227016	-999.9	0	6.23188405797103	4.4636681644786	330
EAST_POINT_(AUT)	2018	10	27	300	-2	6.2	7.31557350352676	-999.9	3.8	4.14351851851853	4.19746547382982	330
EAST_POINT_(AUT)	2018	10	28	301	5.2	12.9	6.98950664092439	-999.9	29.2	9.12037037037036	10.6051262666961	330
EAST_POINT_(AUT)	2018	10	29	302	4.5	13.7	7.53282688678652	-999.9	2.5	3.51851851851853	10.5415462358359	330
EAST_POINT_(AUT)	2018	10	30	303	5.5	13.4	6.88251214308518	-999.9	0.8	3.91203703703703	10.5350457337283	330
EAST_POINT_(AUT)	2018	10	31	304	5.9	8	3.49882532209978	-999.9	1.2	7.00483091787439	8.65623086028687	330
EAST_POINT_(AUT)	2018	11	1	305	6	10.5	5.05023173825528	-999.9	0	3.76157407407408	9.60118587531369	330
EAST_POINT_(AUT)	2018	11	2	306	6	9.4	4.32866295701195	-999.9	16.6	3.71527777777778	9.7315073655772	330
EAST_POINT_(AUT)	2018	11	3	307	4.2	17.3	8.37875938644874	-999.9	9.3	6.67824074074075	11.9934175842998	330
EAST_POINT_(AUT)	2018	11	4	308	4.5	8.5	4.56591783435517	-999.9	0	12.7199074074074	6.06712620987682	330
EAST_POINT_(AUT)	2018	11	5	309	3	7.2	4.6142902465345	-999.9	0	4.45601851851853	6.36277592810832	330
EAST_POINT_(AUT)	2018	11	6	310	7	11.3	4.60499091500317	-999.9	32.3	6.18055555555556	10.1649916305106	330
EAST_POINT_(AUT)	2018	11	7	311	3.7	15.7	7.58814557397721	-999.9	3	6.64351851851853	9.85820171081745	330
EAST_POINT_(AUT)	2018	11	8	312	6	10.8	4.73430789159116	-999.9	0	7.16435185185186	6.8210196162247	330
EAST_POINT_(AUT)	2018	11	9	313	4	6.2	3.16215172570631	-999.9	0	6.70138888888889	6.20839314995665	330
EAST_POINT_(AUT)	2018	11	10	314	1.8	11.7	6.6187113176843	-999.9	12.2	8.83101851851853	8.32298779590589	330
EAST_POINT_(AUT)	2018	11	11	315	-0.4	2.7	3.65489249443903	-999.9	0	9.36342592592592	3.94924883816252	330
EAST_POINT_(AUT)	2018	11	12	316	-1.3	1.1	3.17391483258693	-999.9	0	10.4861111111111	4.40225875047289	330
EAST_POINT_(AUT)	2018	11	13	317	-2.5	8	6.55303916433738	-999.9	18	6.42361111111111	5.55118650093767	330
EAST_POINT_(AUT)	2018	11	14	318	-6.8	9	7.93601323443634	-999.9	0.4	13.7152777777778	5.4383586124166	330
EAST_POINT_(AUT)	2018	11	15	319	-2.4	-0.4	2.78796022477678	-999.9	0.2	13.900462962963	3.81161000647317	330
EAST_POINT_(AUT)	2018	11	16	320	-2.7	4.7	5.29617092240284	-999.9	12.7	8.10185185185186	5.31686180624295	330
EAST_POINT_(AUT)	2018	11	17	321	-0.5	4.7	4.38534786552466	-999.9	0.7	9.4212962962963	6.11324702248071	330
EAST_POINT_(AUT)	2018	11	18	322	-4.9	1.4	4.768870162952	-999.9	0	6.68981481481481	3.82098899985909	330
EAST_POINT_(AUT)	2018	11	19	323	-5.9	5.6	6.36690757433592	-999.9	1	2.71990740740741	4.7912636526471	330
EAST_POINT_(AUT)	2018	11	20	324	2.4	6.1	3.56953322433992	-999.9	11.5	5.42824074074075	7.6573626040915	330
EAST_POINT_(AUT)	2018	11	21	325	-1.3	5	4.60482711250932	-999.9	5.8	7.70833333333333	6.19952988840918	330
EAST_POINT_(AUT)	2018	11	22	326	-10.6	0.5	6.04426640812446	-999.9	3.2	9.1087962962963	3.73111805855321	330
EAST_POINT_(AUT)	2018	11	23	327	-5.7	-1.1	3.84867879274635	-999.9	0.4	15.462962962963	3.62701657692288	330
EAST_POINT_(AUT)	2018	11	24	328	-6.8	3.4	5.67022223847048	-999.9	0	7.32638888888889	3.91583624453645	330
EAST_POINT_(AUT)	2018	11	25	329	1.2	3.6	2.72203971060608	-999.9	0	5.09259259259258	5.60721189571197	330
EAST_POINT_(AUT)	2018	11	26	330	2.3	6.2	3.43507750626332	-999.9	0	7.36111111111111	7.26557686539275	330
EAST_POINT_(AUT)	2018	11	27	331	2.7	7.7	3.85155516326716	-999.9	2.2	7.77777777777778	7.79529343894235	330
EAST_POINT_(AUT)	2018	11	28	332	2.5	8.8	4.28257153652471	-999.9	7.1	10.2777777777778	8.06317054970654	330
EAST_POINT_(AUT)	2018	11	29	333	2.7	6.6	3.33880482980805	-999.9	5.9	19.4560185185185	7.6850716264357	330
EAST_POINT_(AUT)	2018	11	30	334	2.6	5.9	3.04428944829368	-999.9	0	11.5972222222222	6.78839272164807	330
EAST_POINT_(AUT)	2018	12	1	335	1.3	4	2.73043339164839	-999.9	0.2	5.83333333333333	5.69991665173174	330
EAST_POINT_(AUT)	2018	12	2	336	1	3.2	2.44476310557576	-999.9	0	3.54166666666667	5.77389677060453	330
EAST_POINT_(AUT)	2018	12	3	337	2.3	6.3	3.27107558101569	-999.9	0.4	3.70370370370369	7.22525663259884	330
EAST_POINT_(AUT)	2018	12	4	338	-0.7	2.5	2.9042525446039	-999.9	3.6	9.17874396135267	5.41122007632162	330
EAST_POINT_(AUT)	2018	12	5	339	-5.1	0.9	3.94913155142384	-999.9	0	7.37268518518519	3.75151752471969	330
EAST_POINT_(AUT)	2018	12	6	340	-3.5	-2.2	1.82614800445438	-999.9	0	2	3.62257460926476	330
EAST_POINT_(AUT)	2018	12	7	341	-4.2	0.8	3.55928804150232	-999.9	2	1.76587301587302	4.47813171574319	330
EAST_POINT_(AUT)	2018	12	8	342	-8	1.4	4.85215879847492	-999.9	1	8.78472222222222	3.9891418933812	330
EAST_POINT_(AUT)	2018	12	9	343	-10.3	-4.2	3.88786741730741	-999.9	0.2	6.92129629629631	2.72849621053165	330
EAST_POINT_(AUT)	2018	12	10	344	-8.4	-0.1	4.51280650906653	-999.9	0.5	6.22685185185186	3.68055542973765	330
EAST_POINT_(AUT)	2018	12	11	345	-4.6	0.3	3.45187845137615	-999.9	0.2	5.66666666666667	4.1119192129019	330
EAST_POINT_(AUT)	2018	12	12	346	-8	-0.8	4.16739694409384	-999.9	3	7.31481481481481	3.51443159677431	330
EAST_POINT_(AUT)	2018	12	13	347	-7.4	-2	3.59608981156987	-999.9	0	9.23611111111111	3.39415214558884	330
EAST_POINT_(AUT)	2018	12	14	348	-5.3	4.5	4.82922913253826	-999.9	0.6	5.33730158730158	4.56673271849577	330
EAST_POINT_(AUT)	2018	12	15	349	3.3	6.2	2.61994976206343	-999.9	2.1	7.32638888888889	7.42609403087188	330
EAST_POINT_(AUT)	2018	12	16	350	0.8	4.5	2.9527303385392	-999.9	0	4.32870370370369	6.0044713047055	330
EAST_POINT_(AUT)	2018	12	17	351	2.1	3.9	2.05584009592174	-999.9	6.8	7.47685185185186	6.6728144985682	330
EAST_POINT_(AUT)	2018	12	18	352	-1	3.2	3.13624672942269	-999.9	3.8	14.0046296296296	6.41859229306603	330
EAST_POINT_(AUT)	2018	12	19	353	-1.7	0.5	2.26794550678899	-999.9	0.2	14.766081871345	4.9625507850899	330
EAST_POINT_(AUT)	2018	12	20	354	-0.5	1.8	2.31805995703929	-999.9	0	3.91666666666667	5.43307706510618	330
EAST_POINT_(AUT)	2018	12	21	355	-0.1	5.5	3.61741458896218	-999.9	0.4	4.36868686868686	6.57265199356822	330
EAST_POINT_(AUT)	2018	12	22	356	3.26	7.29	1.48	-999.9	15.22	10.97	8.82440003410387	330
EAST_POINT_(AUT)	2018	12	23	357	-2.05	4.63	1.99	-999.9	1.42	10.45	5.02542405637145	330
EAST_POINT_(AUT)	2018	12	24	358	-6.8	-4	2.56588152786856	-999.9	0.16	3.84615384615383	2.97338686376996	330
EAST_POINT_(AUT)	2018	12	25	359	-8.4	-2.5	3.73198843065935	-999.9	0.68	6.04166666666667	3.29086963970324	330
EAST_POINT_(AUT)	2018	12	26	360	-7.6	-2.8	3.37436987199066	-999.9	0.17	5.50925925925925	2.97267409070324	330
EAST_POINT_(AUT)	2018	12	27	361	-8	-4.6	2.84818989480845	-999.9	1.15	12.8914141414141	2.656389104545	330
EAST_POINT_(AUT)	2018	12	28	362	-6.32	-2.07	2.65	-999.9	2.61	7.23	3.5654597759194	330
EAST_POINT_(AUT)	2018	12	29	363	1.4	3	1.96786830789653	-999.9	0	7.58333333333333	6.3882641071337	330
EAST_POINT_(AUT)	2018	12	30	364	-4.5	0.7	3.56272745730737	-999.9	0	11.8055555555556	3.88961796613344	330
EAST_POINT_(AUT)	2018	12	31	365	-8.1	-5.2	2.67310465359305	-999.9	0	3.61111111111111	2.39972075882991	330
