EAST_POINT_(AUT)	2007	1	1	1	-5.2	4.3	4.86298793901739	-999.9	19.2	5.91435185185186	4.35479215102396	330
EAST_POINT_(AUT)	2007	1	2	2	-2.5	6.1	4.65265070518739	-999.9	4.4	10.8333333333333	6.68526567357968	330
EAST_POINT_(AUT)	2007	1	3	3	-4.3	2.3	4.10029614331539	-999.9	0	7.68518518518519	4.40060164104917	330
EAST_POINT_(AUT)	2007	1	4	4	-1	4.2	3.66282139593231	-999.9	0	4.83796296296297	5.69177702410461	330
EAST_POINT_(AUT)	2007	1	5	5	1.9	7.7	3.89470029787902	-999.9	2.6	5.98379629629631	8.09203072292777	330
EAST_POINT_(AUT)	2007	1	6	6	3.5	11.9	4.72081547297655	-999.9	18.3	5.86805555555556	10.452685498408	330
EAST_POINT_(AUT)	2007	1	7	7	3.8	5.9	2.37832798050308	-999.9	0	11.3078703703704	6.86913949786566	330
EAST_POINT_(AUT)	2007	1	8	8	-0.9	10.2	5.51152200375804	-999.9	16.7	6.71296296296297	7.54239555149738	330
EAST_POINT_(AUT)	2007	1	9	9	-0.2	5.7	4.05175313727608	-999.9	0	6.42361111111111	5.80962635880019	330
EAST_POINT_(AUT)	2007	1	10	10	-1.3	2.1	3.10254351909988	-999.9	2.6	4.01620370370369	4.97819126833462	330
EAST_POINT_(AUT)	2007	1	11	11	-5.1	0.8	4.12397362283254	-999.9	1.3	7.54629629629631	4.43557445978937	330
EAST_POINT_(AUT)	2007	1	12	12	-8.1	2.8	5.65796063939836	-999.9	2.9	5.49768518518519	4.56570263627069	330
EAST_POINT_(AUT)	2007	1	13	13	-1.4	3.9	3.98365773021362	-999.9	1.6	8.17129629629631	5.8907690613063	330
EAST_POINT_(AUT)	2007	1	14	14	-6.6	-2.1	3.70752030408048	-999.9	0	4.52546296296297	3.37776951681566	330
EAST_POINT_(AUT)	2007	1	15	15	-5.1	-1.6	3.30350830043474	-999.9	7.1	5.08101851851853	3.76437340667462	330
EAST_POINT_(AUT)	2007	1	16	16	-5.7	-1	3.86883639958844	-999.9	2.7	8.41435185185186	4.61240252948974	330
EAST_POINT_(AUT)	2007	1	17	17	-13.8	-8.8	4.03392171554085	-999.9	1.4	13.5300925925926	2.37011213350868	330
EAST_POINT_(AUT)	2007	1	18	18	-13.9	-0.3	6.72727064612501	-999.9	0	7.8125	3.05178878675019	330
EAST_POINT_(AUT)	2007	1	19	19	-11.7	7.3	8.04237183499684	-999.9	8.4	9.7337962962963	4.70980526544858	330
EAST_POINT_(AUT)	2007	1	20	20	-3.6	-2.3	2.12825078816754	-999.9	0	8.87731481481481	4.07527525075763	330
EAST_POINT_(AUT)	2007	1	21	21	-10.6	-6.9	3.63326105247991	-999.9	2.6	11.5162037037037	2.84310295817704	330
EAST_POINT_(AUT)	2007	1	22	22	-8.7	-6.6	2.77042126136467	-999.9	2	10.8449074074074	2.83602506589332	330
EAST_POINT_(AUT)	2007	1	23	23	-11.9	-3.7	5.5420994663284	-999.9	0	3.59953703703703	2.67029073193212	330
EAST_POINT_(AUT)	2007	1	24	24	-4.8	-2.4	3.03591819537804	-999.9	0.7	7.93981481481481	3.49276921334477	330
EAST_POINT_(AUT)	2007	1	25	25	-9.1	-5.9	3.55023729831638	-999.9	0.7	6.00694444444445	2.54210068901634	330
EAST_POINT_(AUT)	2007	1	26	26	-14.7	-4.7	6.35706058120735	-999.9	3.1	9.16666666666667	2.498181473771	330
EAST_POINT_(AUT)	2007	1	27	27	-10.7	-6.9	3.97002537012517	-999.9	0.7	16.2384259259259	2.6375774431281	330
EAST_POINT_(AUT)	2007	1	28	28	-13.5	-5	6.01620307515903	-999.9	0	4.65277777777778	2.16377831769386	330
EAST_POINT_(AUT)	2007	1	29	29	-11.1	-4.6	5.33142064077336	-999.9	0.6	6.67824074074075	2.64259238158954	330
EAST_POINT_(AUT)	2007	1	30	30	-14.5	-11.1	3.90801348307748	-999.9	0	6.5625	1.62354204395489	330
EAST_POINT_(AUT)	2007	1	31	31	-18.3	-10.7	5.92251602403211	-999.9	0	3.92361111111111	1.34501366535244	330
EAST_POINT_(AUT)	2007	2	1	32	-16.7	-1.2	8.57425143673832	-999.9	0	4.25925925925925	2.17378885873888	330
EAST_POINT_(AUT)	2007	2	2	33	-13.7	0.1	8.20246740526738	-999.9	0	5.39351851851853	3.44616314013199	330
EAST_POINT_(AUT)	2007	2	3	34	-1.3	0.7	3.1661681294661	-999.9	6.4	5.97222222222222	5.75986287732806	330
EAST_POINT_(AUT)	2007	2	4	35	-11	-5.2	5.46741684488235	-999.9	0	6.57407407407408	2.2804551517746	330
EAST_POINT_(AUT)	2007	2	5	36	-13.5	-10.7	3.85236594790797	-999.9	0	5.97222222222222	1.53432184720597	330
EAST_POINT_(AUT)	2007	2	6	37	-21.8	-13.9	6.56250302226778	-999.9	0	5.84490740740742	0.96845559382061	330
EAST_POINT_(AUT)	2007	2	7	38	-16.5	-11	5.55351558457543	-999.9	0	5.24305555555556	1.50917800253678	330
EAST_POINT_(AUT)	2007	2	8	39	-17.4	-10.9	6.12341151614792	-999.9	0	4.86111111111111	1.27932040217494	330
EAST_POINT_(AUT)	2007	2	9	40	-16.7	-9.2	6.67165025582878	-999.9	0	5.42824074074075	1.43902907597764	330
EAST_POINT_(AUT)	2007	2	10	41	-14.8	-8.2	6.34822998531255	-999.9	0.8	4.75694444444445	1.94411587355993	330
EAST_POINT_(AUT)	2007	2	11	42	-12.4	-10.1	3.80129299651237	-999.9	0	6.36574074074075	1.97004758542556	330
EAST_POINT_(AUT)	2007	2	12	43	-14.8	-4.3	8.23861389720972	-999.9	0	6.12268518518519	2.14550420488947	330
EAST_POINT_(AUT)	2007	2	13	44	-13.4	-7.1	6.47327288786328	-999.9	0	8.46064814814814	2.26896397503731	330
EAST_POINT_(AUT)	2007	2	14	45	-14	2.3	10.5618621092608	-999.9	0.7	4.58333333333333	3.38386403178477	330
EAST_POINT_(AUT)	2007	2	15	46	-5.4	2.3	7.36344354815863	-999.9	0	11.4699074074074	4.57949061301402	330
EAST_POINT_(AUT)	2007	2	16	47	-14.3	-8.4	6.53797751897953	-999.9	0	6.99074074074075	1.71945567855398	330
EAST_POINT_(AUT)	2007	2	17	48	-12.3	-5.6	7.06686348872524	-999.9	1.3	7.48842592592592	2.30219285457131	330
EAST_POINT_(AUT)	2007	2	18	49	-9.1	-1.1	7.83237552123303	-999.9	0	3.65740740740742	3.39467148813159	330
EAST_POINT_(AUT)	2007	2	19	50	-3.7	-2.3	3.3231995129511	-999.9	2	9.32870370370369	4.39112446495827	330
EAST_POINT_(AUT)	2007	2	20	51	-13.6	-7.2	7.20623491857273	-999.9	0	6.70138888888889	2.10470280959191	330
EAST_POINT_(AUT)	2007	2	21	52	-11.5	-5.6	7.01697878950226	-999.9	0	2.73148148148148	2.75539415748675	330
EAST_POINT_(AUT)	2007	2	22	53	-11.7	-5.9	7.05539341740935	-999.9	0.6	5.41666666666667	2.5229574443508	330
EAST_POINT_(AUT)	2007	2	23	54	-12	-4.3	8.24348367300383	-999.9	0	4.01620370370369	2.69491519285397	330
EAST_POINT_(AUT)	2007	2	24	55	-7.8	-1.1	7.79711505755577	-999.9	1.3	6.73611111111111	3.94443735672378	330
EAST_POINT_(AUT)	2007	2	25	56	-6.7	-2.2	6.47895247491113	-999.9	1	11.8518518518519	4.03425028910271	330
EAST_POINT_(AUT)	2007	2	26	57	-3.6	-1.8	4.15437485897088	-999.9	0	6.08796296296297	4.62861999000892	330
EAST_POINT_(AUT)	2007	2	27	58	-4.3	-1.1	5.61542090039535	-999.9	0	3.93518518518519	4.63491172538274	330
EAST_POINT_(AUT)	2007	2	28	59	-5.4	-1.9	5.95311733099491	-999.9	0.6	1.875	4.3173359344654	330
EAST_POINT_(AUT)	2007	3	1	60	-4.9	-1.7	5.76968337497473	-999.9	0.6	1.80555555555556	4.51661515530138	330
EAST_POINT_(AUT)	2007	3	2	61	-8.2	0.7	9.75215065828692	-999.9	5.4	3.32175925925925	4.3469278345256	330
EAST_POINT_(AUT)	2007	3	3	62	-4	6.7	10.8364234499641	-999.9	1.2	6.58564814814814	5.70122755246285	330
EAST_POINT_(AUT)	2007	3	4	63	-1.6	3.2	7.3546526252386	-999.9	1.2	5.80808080808081	5.93297072203494	330
EAST_POINT_(AUT)	2007	3	5	64	-5.4	0.3	8.12051960486643	-999.9	0.7	3.44907407407408	4.49619851289305	330
EAST_POINT_(AUT)	2007	3	6	65	-9.1	-5.1	6.89187309469055	-999.9	0.6	8.29861111111111	3.16604294822458	330
EAST_POINT_(AUT)	2007	3	7	66	-16.5	-13.5	6.0462146505634	-999.9	0.9	9.46759259259258	1.44132519301908	330
EAST_POINT_(AUT)	2007	3	8	67	-17.4	-11.2	8.8041617141263	-999.9	0.7	5.625	1.34351951645471	330
EAST_POINT_(AUT)	2007	3	9	68	-19	-7.5	12.1440280534207	-999.9	0.8	6.46990740740742	1.63909253262046	330
EAST_POINT_(AUT)	2007	3	10	69	-11.5	2.4	13.5205479568091	-999.9	0	4.89583333333333	3.25444459082902	330
EAST_POINT_(AUT)	2007	3	11	70	-2.1	4.7	9.5755730019248	-999.9	3.6	5.04629629629631	6.16887403844951	330
EAST_POINT_(AUT)	2007	3	12	71	-2.9	-0.6	5.63828575838179	-999.9	0	6.26157407407408	4.72547435703406	330
EAST_POINT_(AUT)	2007	3	13	72	-4.9	1.7	9.66888787909563	-999.9	0	3.91203703703703	4.82973600170331	330
EAST_POINT_(AUT)	2007	3	14	73	-2.2	5.3	10.4328819342892	-999.9	1.6	8.11342592592592	6.31749935958358	330
EAST_POINT_(AUT)	2007	3	15	74	2.9	6.7	7.51590882186465	-999.9	4.5	6.45833333333333	8.502391711546	330
EAST_POINT_(AUT)	2007	3	16	75	-5.9	0.5	9.87056364646097	-999.9	1.3	10.0925925925926	4.15883708209682	330
EAST_POINT_(AUT)	2007	3	17	76	-5.8	4.6	12.7314082797101	-999.9	8.5	6.96759259259258	5.54467336698137	330
EAST_POINT_(AUT)	2007	3	18	77	1	4.5	7.47216640875388	-999.9	2.3	7.41898148148147	7.01970461545017	330
EAST_POINT_(AUT)	2007	3	19	78	-5.2	1.4	10.3796228218489	-999.9	0	6.92129629629631	3.45575525795193	330
EAST_POINT_(AUT)	2007	3	20	79	-2.7	2.5	9.31863271235132	-999.9	2.7	7.5	5.59548920763683	330
EAST_POINT_(AUT)	2007	3	21	80	-7.2	-1.6	9.77977354061413	-999.9	0	11.4583333333333	3.35006774385107	330
EAST_POINT_(AUT)	2007	3	22	81	-8.6	8.3	17.1792936155755	-999.9	0.6	9.02777777777778	4.81646756454951	330
EAST_POINT_(AUT)	2007	3	23	82	0.4	8.9	12.3180250037571	-999.9	0	5.625	7.79261720486459	330
EAST_POINT_(AUT)	2007	3	24	83	-4.9	-2.5	6.61681588387037	-999.9	0	6.41203703703703	3.81124605937027	330
EAST_POINT_(AUT)	2007	3	25	84	-6.4	-2.6	8.41567312744969	-999.9	0	6.36574074074075	3.43122060027273	330
EAST_POINT_(AUT)	2007	3	26	85	-4.9	0.5	10.138859494535	-999.9	0	4.07407407407408	3.97852311702403	330
EAST_POINT_(AUT)	2007	3	27	86	-2.8	4.7	12.0742260459617	-999.9	0.7	3.02083333333333	6.23782804465629	330
EAST_POINT_(AUT)	2007	3	28	87	-0.9	2.6	8.33374488459499	-999.9	4.8	11.8981481481481	6.16027973693333	330
EAST_POINT_(AUT)	2007	3	29	88	-3.2	-0.3	7.663436511811	-999.9	0.7	15.2777777777778	4.73444110154457	330
EAST_POINT_(AUT)	2007	3	30	89	-2.4	2.3	9.85445475727437	-999.9	0.7	6.65509259259258	5.0496497431895	330
EAST_POINT_(AUT)	2007	3	31	90	-5.2	-2.2	7.95140726723238	-999.9	0.6	11.5856481481481	3.71781408242963	330
EAST_POINT_(AUT)	2007	4	1	91	-4	-1.3	7.61737696450357	-999.9	0	8.71527777777778	3.48352415197318	330
EAST_POINT_(AUT)	2007	4	2	92	-4	-0.3	9.00336892523029	-999.9	0	5.26620370370369	3.70864518129592	330
EAST_POINT_(AUT)	2007	4	3	93	-4.3	0.7	10.5659896462255	-999.9	0	5.99537037037036	4.25920364248801	330
EAST_POINT_(AUT)	2007	4	4	94	-3.2	0.4	9.04977490216659	-999.9	0.6	6.55092592592592	5.14832847633869	330
EAST_POINT_(AUT)	2007	4	5	95	-1.4	3.8	10.9771576283604	-999.9	4.1	5.25462962962964	6.47888774791775	330
EAST_POINT_(AUT)	2007	4	6	96	0.3	3.6	8.8244424941612	-999.9	0	6.84027777777778	6.14358049629423	330
EAST_POINT_(AUT)	2007	4	7	97	-1.2	2.3	9.16952476257285	-999.9	17.5	6.11111111111111	5.78257440538185	330
EAST_POINT_(AUT)	2007	4	8	98	-1.4	0	5.85059187483311	-999.9	2.1	11.3773148148148	5.66958025971347	330
EAST_POINT_(AUT)	2007	4	9	99	-1.5	0.8	7.56420425782701	-999.9	1.9	7.29166666666667	5.22871759620914	330
EAST_POINT_(AUT)	2007	4	10	100	-2.3	0.1	7.79308039629123	-999.9	0	4.07407407407408	4.8357683700424	330
EAST_POINT_(AUT)	2007	4	11	101	-6.2	0.8	13.4213913305056	-999.9	0	4.07407407407408	4.05607207099105	330
EAST_POINT_(AUT)	2007	4	12	102	-3.4	1.9	11.7753099128628	-999.9	0	3.50241545893719	4.69991146173569	330
EAST_POINT_(AUT)	2007	4	13	103	-1.6	1.5	9.07908754460186	-999.9	2.2	6.65509259259258	5.51932556143487	330
EAST_POINT_(AUT)	2007	4	14	104	-0.3	0.1	3.28745268300027	-999.9	0	9.09722222222222	5.76558801748786	330
EAST_POINT_(AUT)	2007	4	15	105	-1.1	1.4	8.28340816188109	-999.9	0	4.66435185185186	5.71611434181952	330
EAST_POINT_(AUT)	2007	4	16	106	-0.9	1.9	8.83423977851611	-999.9	0	4.69907407407408	5.67196794157114	330
EAST_POINT_(AUT)	2007	4	17	107	0.6	2.8	7.89031567804774	-999.9	0.7	8.77314814814814	6.38027773775127	330
EAST_POINT_(AUT)	2007	4	18	108	0.6	2	6.34135248144902	-999.9	0	12.0601851851852	6.14078262661686	330
EAST_POINT_(AUT)	2007	4	19	109	0.2	2.1	7.44169204172266	-999.9	0	9.65277777777778	5.99638771331173	330
EAST_POINT_(AUT)	2007	4	20	110	-0.6	3.8	11.4061912743889	-999.9	0	4.44444444444444	6.30314792987076	330
EAST_POINT_(AUT)	2007	4	21	111	-0.5	3.4	10.8145552850844	-999.9	0	3.69212962962964	5.83918831168731	330
EAST_POINT_(AUT)	2007	4	22	112	-1.8	5.5	14.8985056118712	-999.9	0	5	5.7420432930488	330
EAST_POINT_(AUT)	2007	4	23	113	2.4	23	25.1978169235409	-999.9	0	7.51157407407408	8.85298083227934	330
EAST_POINT_(AUT)	2007	4	24	114	4.9	14.8	17.5848346289995	-999.9	0	7.75462962962964	9.13918950669012	330
EAST_POINT_(AUT)	2007	4	25	115	0.3	4.3	11.2508590160731	-999.9	0	5.625	5.28073476089833	330
EAST_POINT_(AUT)	2007	4	26	116	-0.2	6.6	14.7634890501403	-999.9	0	5.41666666666667	5.02774296878932	330
EAST_POINT_(AUT)	2007	4	27	117	-2.5	8.8	19.1512339638442	-999.9	7.6	4.375	4.9601917196885	330
EAST_POINT_(AUT)	2007	4	28	118	2.7	6.5	11.1742071665782	-999.9	0.6	5.64814814814814	8.28141898590045	330
EAST_POINT_(AUT)	2007	4	29	119	1.1	4.5	10.6335043780818	-999.9	0	4.53703703703703	7.10725549706826	330
EAST_POINT_(AUT)	2007	4	30	120	1.6	5.3	11.1582162586887	-999.9	4.5	2.60416666666667	7.23171823409763	330
EAST_POINT_(AUT)	2007	5	1	121	1.1	7.3	14.5275340565216	-999.9	6.1	5.34722222222222	8.20440675013709	330
EAST_POINT_(AUT)	2007	5	2	122	1.7	7.8	14.4913410201046	-999.9	0	3.99305555555556	7.52688444912899	330
EAST_POINT_(AUT)	2007	5	3	123	3.2	5.6	9.13992444977571	-999.9	1.2	6.59722222222222	7.1406726207793	330
EAST_POINT_(AUT)	2007	5	4	124	1.7	4.4	9.74671313602623	-999.9	0	8.40277777777778	7.16422523848822	330
EAST_POINT_(AUT)	2007	5	5	125	2.2	4.4	8.84449858234789	-999.9	2	6.64351851851853	7.21125534625717	330
EAST_POINT_(AUT)	2007	5	6	126	1.1	9.8	17.6788331990303	-999.9	0	6.15079365079364	7.6842401375954	330
EAST_POINT_(AUT)	2007	5	7	127	-0.7	16.3	24.8368956220469	-999.9	0	5.63657407407408	5.74249240821616	330
EAST_POINT_(AUT)	2007	5	8	128	6.3	24	25.4674468264605	-999.9	0	6.25	8.36070318012614	330
EAST_POINT_(AUT)	2007	5	9	129	8	19.2	20.3554641912765	-999.9	0	6.26157407407408	8.75055750416277	330
EAST_POINT_(AUT)	2007	5	10	130	6.8	10.3	11.4321206908483	-999.9	0	4.38657407407408	9.20013471783815	330
EAST_POINT_(AUT)	2007	5	11	131	5	19.9	23.6948791153468	-999.9	6.7	7.71990740740742	12.0846450155387	330
EAST_POINT_(AUT)	2007	5	12	132	4.4	6.6	9.14511855878955	-999.9	0	6.82870370370369	7.94826440876489	330
EAST_POINT_(AUT)	2007	5	13	133	1.1	6.6	14.5219278673631	-999.9	0	3.125	6.8639308872045	330
EAST_POINT_(AUT)	2007	5	14	134	2.7	7.7	13.90405239215	-999.9	0	4.35185185185186	7.18825254436185	330
EAST_POINT_(AUT)	2007	5	15	135	-0.6	17	26.1923795630469	-999.9	0	5.84490740740742	8.07573514113529	330
EAST_POINT_(AUT)	2007	5	16	136	4.2	6.1	8.63985878377	-999.9	10.1	4.73379629629631	6.61452486960588	330
EAST_POINT_(AUT)	2007	5	17	137	0.7	5.3	13.494885313155	-999.9	2.4	7.55787037037036	7.21196776128521	330
EAST_POINT_(AUT)	2007	5	18	138	3	8.2	14.401304292636	-999.9	0	4.38657407407408	8.51741627725473	330
EAST_POINT_(AUT)	2007	5	19	139	4.4	12	17.4729595131619	-999.9	15.5	6.63194444444445	10.6963680658079	330
EAST_POINT_(AUT)	2007	5	20	140	7.7	12	13.1887390201272	-999.9	5.9	5.59027777777778	12.236614426043	330
EAST_POINT_(AUT)	2007	5	21	141	3.9	6.7	10.6784320397015	-999.9	0.6	7.25694444444445	8.19264014496308	330
EAST_POINT_(AUT)	2007	5	22	142	2.6	4.9	9.70961621239702	-999.9	0.6	10.8101851851852	7.17822586206406	330
EAST_POINT_(AUT)	2007	5	23	143	2.6	6	11.8423451571353	-999.9	0	4.62962962962964	6.80229623976717	330
EAST_POINT_(AUT)	2007	5	24	144	-0.3	10.9	21.5584730345199	-999.9	0	6.53935185185186	7.60745156318001	330
EAST_POINT_(AUT)	2007	5	25	145	6.1	13.4	17.455485800725	-999.9	0.6	7.03703703703703	10.8116150084955	330
EAST_POINT_(AUT)	2007	5	26	146	6.9	16.4	19.9684705538895	-999.9	0	4.67592592592592	12.4997160471443	330
EAST_POINT_(AUT)	2007	5	27	147	6.3	8.5	9.63513842184921	-999.9	0	6.16898148148147	7.71173651812472	330
EAST_POINT_(AUT)	2007	5	28	148	4.3	11.6	17.5963646118689	-999.9	6.9	6.27314814814814	9.74398597004373	330
EAST_POINT_(AUT)	2007	5	29	149	6.3	9.2	11.1180049461329	-999.9	0.6	6.51620370370369	10.5153581106502	330
EAST_POINT_(AUT)	2007	5	30	150	5.1	9.1	13.0880752502273	-999.9	0	4.66435185185186	9.12923996904358	330
EAST_POINT_(AUT)	2007	5	31	151	4.2	9.1	14.518223303235	-999.9	0	3.07870370370369	9.22683756705183	330
EAST_POINT_(AUT)	2007	6	1	152	3.7	20.3	26.7787914584936	-999.9	0	4.78009259259258	12.0045355386644	330
EAST_POINT_(AUT)	2007	6	2	153	6.7	9.3	10.6193290844365	-999.9	0	4.75694444444445	8.39302338276453	330
EAST_POINT_(AUT)	2007	6	3	154	6.2	10.3	13.3606599081035	-999.9	0	3.49537037037036	8.37813404863967	330
EAST_POINT_(AUT)	2007	6	4	155	6.1	12.7	16.9818788140955	-999.9	2.2	5.82070707070708	10.0337065443446	330
EAST_POINT_(AUT)	2007	6	5	156	9.4	17.6	18.9605445254989	-999.9	0.7	8.06712962962964	14.6363264010103	330
EAST_POINT_(AUT)	2007	6	6	157	10.9	18.2	17.9179302932438	-999.9	21.5	6.57407407407408	15.4268330600323	330
EAST_POINT_(AUT)	2007	6	7	158	7.7	12.9	15.1447858716463	-999.9	3.2	5.94907407407408	12.0392496228282	330
EAST_POINT_(AUT)	2007	6	8	159	5.9	15.9	21.0304772621716	-999.9	0	2.36111111111111	11.275845097944	330
EAST_POINT_(AUT)	2007	6	9	160	9	18.7	20.7384051149652	-999.9	0	3.61111111111111	14.5105391786639	330
EAST_POINT_(AUT)	2007	6	10	161	9	18.1	20.1095946075349	-999.9	0	2.8125	14.5690592548831	330
EAST_POINT_(AUT)	2007	6	11	162	11.1	14.6	12.4842547643744	-999.9	0	6.03009259259258	14.3602857594338	330
EAST_POINT_(AUT)	2007	6	12	163	10.1	14.5	14.0105065156306	-999.9	0	3.86574074074075	13.2134949754348	330
EAST_POINT_(AUT)	2007	6	13	164	9	12.1	11.7695598737747	-999.9	0	4.15509259259258	12.0848796464629	330
EAST_POINT_(AUT)	2007	6	14	165	9.4	13.4	13.3787114298762	-999.9	0	1.875	12.3161016984383	330
EAST_POINT_(AUT)	2007	6	15	166	6.2	16.1	21.0600740206971	-999.9	0	4.02173913043478	12.3977815877955	330
EAST_POINT_(AUT)	2007	6	16	167	9.9	19.7	20.9636295549654	-999.9	0	6.50462962962964	15.8385118729275	330
EAST_POINT_(AUT)	2007	6	17	168	11.9	18.9	17.7242057086996	-999.9	11	5.92592592592592	15.6859469730349	330
EAST_POINT_(AUT)	2007	6	18	169	10.2	11.3	7.02799825042834	-999.9	1.4	8.4375	12.6371136667274	330
EAST_POINT_(AUT)	2007	6	19	170	8.6	11	10.3827336454067	-999.9	0	9.02777777777778	11.3894509723813	330
EAST_POINT_(AUT)	2007	6	20	171	8.3	13.9	15.8607665358204	-999.9	0	3.15972222222222	11.9739860911791	330
EAST_POINT_(AUT)	2007	6	21	172	11.1	14.2	11.8001729401961	-999.9	10.8	4.08564814814814	13.8047522068922	330
EAST_POINT_(AUT)	2007	6	22	173	11.3	15.4	13.5684468192882	-999.9	2.2	2.73148148148148	14.8692456629068	330
EAST_POINT_(AUT)	2007	6	23	174	11.1	17.3	16.6808457163627	-999.9	0	3.125	15.5544273024776	330
EAST_POINT_(AUT)	2007	6	24	175	10	16.8	17.4628058750069	-999.9	5.2	2.58101851851852	14.9335590091996	330
EAST_POINT_(AUT)	2007	6	25	176	13.5	20	17.0650253001627	-999.9	1.9	4.57175925925925	16.0637287631776	330
EAST_POINT_(AUT)	2007	6	26	177	12.9	20.5	18.4417053710349	-999.9	0	4.59490740740742	17.4572323835553	330
EAST_POINT_(AUT)	2007	6	27	178	14.4	18.5	13.5357886864365	-999.9	11.1	4.69907407407408	16.035182400806	330
EAST_POINT_(AUT)	2007	6	28	179	11.3	15.8	14.169305529098	-999.9	0.9	5.01157407407408	14.634216049404	330
EAST_POINT_(AUT)	2007	6	29	180	11.8	16.9	15.0706285381174	-999.9	0	4.32870370370369	14.67279757031	330
EAST_POINT_(AUT)	2007	6	30	181	9.9	18.6	19.6636053170463	-999.9	15.5	2.80092592592592	14.6395198514293	330
EAST_POINT_(AUT)	2007	7	1	182	10.6	17.3	17.2365925527013	-999.9	0.6	2.99768518518519	13.7891935950946	330
EAST_POINT_(AUT)	2007	7	2	183	10.1	16.7	17.0863653158177	-999.9	0	3.34490740740742	13.6794487564891	330
EAST_POINT_(AUT)	2007	7	3	184	10.8	16.7	16.133203255058	-999.9	0	3.56481481481481	12.9907581716196	330
EAST_POINT_(AUT)	2007	7	4	185	10.3	20.1	20.7624044342753	-999.9	0	4.34027777777778	14.7269775981824	330
EAST_POINT_(AUT)	2007	7	5	186	14	19.7	15.8097544469372	-999.9	7.4	7.16435185185186	16.8023205437241	330
EAST_POINT_(AUT)	2007	7	6	187	12.8	18.7	16.0579393641976	-999.9	0	3.61111111111111	17.3473292164026	330
EAST_POINT_(AUT)	2007	7	7	188	14	19.3	15.1925549064692	-999.9	0	4.07004830917875	18.1166548289438	330
EAST_POINT_(AUT)	2007	7	8	189	11.3	19.4	18.7463773226947	-999.9	13.3	4.43287037037036	16.1983204159245	330
EAST_POINT_(AUT)	2007	7	9	190	10.5	15.6	14.8454961530679	-999.9	0	5.23148148148147	13.3448014302629	330
EAST_POINT_(AUT)	2007	7	10	191	11.2	17.2	16.068405278004	-999.9	0	4.72222222222222	14.870195091001	330
EAST_POINT_(AUT)	2007	7	11	192	12.6	21	18.9704210733655	-999.9	0.7	5.23148148148147	18.1127145944548	330
EAST_POINT_(AUT)	2007	7	12	193	15.4	20.1	14.1572529879691	-999.9	0	7.52314814814814	19.866358732031	330
EAST_POINT_(AUT)	2007	7	13	194	16.3	21	14.1229099714928	-999.9	0	3.09027777777778	21.3006813409843	330
EAST_POINT_(AUT)	2007	7	14	195	13.3	23.8	21.055592418611	-999.9	0	4.12037037037036	18.2898439453686	330
EAST_POINT_(AUT)	2007	7	15	196	16.2	22.8	16.6492464487322	-999.9	0	6.23842592592592	20.5979088115319	330
EAST_POINT_(AUT)	2007	7	16	197	16.3	25.3	19.3885706576177	-999.9	0	4.61805555555556	22.5076405057874	330
EAST_POINT_(AUT)	2007	7	17	198	15.1	24.1	19.333020878585	-999.9	0	3.28703703703703	19.0659128360212	330
EAST_POINT_(AUT)	2007	7	18	199	15.2	23.5	18.5107198392455	-999.9	1.8	4.24768518518519	18.4533450072388	330
EAST_POINT_(AUT)	2007	7	19	200	17.7	21.7	12.8106682821775	-999.9	12.1	3.57638888888889	22.2668914608497	330
EAST_POINT_(AUT)	2007	7	20	201	18.3	21.5	11.4215723553564	-999.9	6.9	5.50925925925925	22.8267529721843	330
EAST_POINT_(AUT)	2007	7	21	202	17.6	19.4	8.53783409184961	-999.9	20.6	4.54106280193236	21.04843823015	330
EAST_POINT_(AUT)	2007	7	22	203	16.8	20.5	12.198997776267	-999.9	0	3.91203703703703	19.1624935062476	330
EAST_POINT_(AUT)	2007	7	23	204	13.1	23.7	20.5749680176458	-999.9	0	3.98148148148147	17.3360776222055	330
EAST_POINT_(AUT)	2007	7	24	205	18.2	26.2	17.8092290647131	-999.9	0	4.74537037037036	24.230546310496	330
EAST_POINT_(AUT)	2007	7	25	206	18.3	24.4	15.4927924001914	-999.9	0	3.4375	22.2327106685674	330
EAST_POINT_(AUT)	2007	7	26	207	18.7	30.2	21.1899018929954	-999.9	0	4.84953703703703	24.4297219928224	330
EAST_POINT_(AUT)	2007	7	27	208	22.4	28.6	15.4967814241284	-999.9	0	4.23611111111111	23.6633557565123	330
EAST_POINT_(AUT)	2007	7	28	209	20.3	27.7	16.8607682745497	-999.9	0	4.91898148148147	24.5199126848589	330
EAST_POINT_(AUT)	2007	7	29	210	20	24.6	13.2375085015867	-999.9	5.3	4.67592592592592	25.392365828853	330
EAST_POINT_(AUT)	2007	7	30	211	20.5	25.5	13.7413046306265	-999.9	6.4	4.27083333333333	27.1171107855772	330
EAST_POINT_(AUT)	2007	7	31	212	19.8	25	13.9511448410896	-999.9	0.6	2.95138888888889	25.8079533867152	330
EAST_POINT_(AUT)	2007	8	1	213	13.5	23	18.77087653083	-999.9	0.6	4.64120370370369	17.0253135432368	330
EAST_POINT_(AUT)	2007	8	2	214	14.4	23.8	18.5844791642416	-999.9	0	4.91161616161617	17.7400406724607	330
EAST_POINT_(AUT)	2007	8	3	215	19.6	25.5	14.6529513185676	-999.9	8.1	5.78703703703703	23.0602009704223	330
EAST_POINT_(AUT)	2007	8	4	216	17.9	25.3	16.3296275653108	-999.9	13.2	6.17149758454106	23.6991417754671	330
EAST_POINT_(AUT)	2007	8	5	217	17.9	22.5	12.8099992913326	-999.9	0.7	4.84299516908214	20.5452323211218	330
EAST_POINT_(AUT)	2007	8	6	218	12.5	22.7	18.977030628984	-999.9	0	4.45652173913044	15.7964631456782	330
EAST_POINT_(AUT)	2007	8	7	219	15	22.3	15.9696558420408	-999.9	2.8	4.13194444444444	19.5233690901694	330
EAST_POINT_(AUT)	2007	8	8	220	16.6	23.3	15.2168657585279	-999.9	5.4	5.77294685990339	21.5888896758011	330
EAST_POINT_(AUT)	2007	8	9	221	14.1	18.8	12.6747061190044	-999.9	1.7	11.087962962963	16.4042585873084	330
EAST_POINT_(AUT)	2007	8	10	222	15.7	22.7	15.3810641093495	-999.9	0	5.64814814814814	16.5030071015071	330
EAST_POINT_(AUT)	2007	8	11	223	15.3	25.5	18.4600478418581	-999.9	0	3.37121212121211	19.2630762455978	330
EAST_POINT_(AUT)	2007	8	12	224	16.9	20.5	10.9024998766609	-999.9	0	4.16666666666667	16.7175614251774	330
EAST_POINT_(AUT)	2007	8	13	225	14.5	22.3	15.9518377164348	-999.9	50.1	5.45138888888889	19.7532120404191	330
EAST_POINT_(AUT)	2007	8	14	226	15.1	21.8	14.6938509347641	-999.9	0	3.06712962962964	19.8863115610825	330
EAST_POINT_(AUT)	2007	8	15	227	15.9	21.1	12.8641377286677	-999.9	1.8	3.19444444444444	18.9864381436679	330
EAST_POINT_(AUT)	2007	8	16	228	15.9	23.8	15.7550236498756	-999.9	0	5.38194444444445	19.1227525963742	330
EAST_POINT_(AUT)	2007	8	17	229	10.9	19.9	16.7070105759529	-999.9	2.9	3.95833333333333	15.9201748326416	330
EAST_POINT_(AUT)	2007	8	18	230	12.6	17.1	11.7354826758911	-999.9	41.7	7.82407407407408	16.3733038575541	330
EAST_POINT_(AUT)	2007	8	19	231	8.7	16.4	15.2476267954825	-999.9	10.6	5.41666666666667	12.7867809256994	330
EAST_POINT_(AUT)	2007	8	20	232	8.7	16.9	15.6268251306447	-999.9	0.8	6.13425925925925	12.6463428438921	330
EAST_POINT_(AUT)	2007	8	21	233	9.9	21.5	18.4562839772276	-999.9	26.9	4.28030303030303	15.2382570478742	330
EAST_POINT_(AUT)	2007	8	22	234	8.1	18.6	17.4343451197991	-999.9	0	3.11342592592592	13.4157640366884	330
EAST_POINT_(AUT)	2007	8	23	235	7.5	19	18.1133876156393	-999.9	0	2.77777777777778	12.2742742513441	330
EAST_POINT_(AUT)	2007	8	24	236	16	17.5	6.49351718177921	-999.9	16.8	7.59661835748792	17.4470029954002	330
EAST_POINT_(AUT)	2007	8	25	237	17.1	22.7	12.452472811444	-999.9	0.7	4.35185185185186	22.6517608284453	330
EAST_POINT_(AUT)	2007	8	26	238	18.2	27.7	16.0951130646683	-999.9	0	4.83796296296297	25.459758110776	330
EAST_POINT_(AUT)	2007	8	27	239	10.5	20.1	16.0539426542739	-999.9	0	4.81481481481481	15.1273702584198	330
EAST_POINT_(AUT)	2007	8	28	240	10.5	22.2	17.5831191287881	-999.9	0	2.44212962962963	15.8476001453203	330
EAST_POINT_(AUT)	2007	8	29	241	14.6	24.4	15.9630466310602	-999.9	0	4.84953703703703	18.4262140058962	330
EAST_POINT_(AUT)	2007	8	30	242	16.4	25	14.8318191982703	-999.9	0	5.57870370370369	21.194833850589	330
EAST_POINT_(AUT)	2007	8	31	243	17.5	23.2	11.9747821570751	-999.9	10	3.51851851851853	22.8819676280994	330
EAST_POINT_(AUT)	2007	9	1	244	15.1	18.7	9.4364544063913	-999.9	12.7	9.20138888888889	17.6319653260844	330
EAST_POINT_(AUT)	2007	9	2	245	9.9	17.8	13.8592849278908	-999.9	0	6.53935185185186	12.3379447137266	330
EAST_POINT_(AUT)	2007	9	3	246	13.9	21.8	13.7389225802324	-999.9	0	7.80092592592592	16.4997072743111	330
EAST_POINT_(AUT)	2007	9	4	247	12.9	17.8	10.7248468821095	-999.9	0	7.47685185185186	13.8780006816958	330
EAST_POINT_(AUT)	2007	9	5	248	10.4	13.6	8.58942278298055	-999.9	2.1	10.2314814814815	11.4706094712067	330
EAST_POINT_(AUT)	2007	9	6	249	12.5	17.4	10.532340780788	-999.9	1	4.90740740740742	12.4342317056913	330
EAST_POINT_(AUT)	2007	9	7	250	12.3	20	13.0813329385352	-999.9	5.3	5.37439613526569	16.672859423412	330
EAST_POINT_(AUT)	2007	9	8	251	16.7	24.5	13.0429429630706	-999.9	0	5.64814814814814	22.0594988508531	330
EAST_POINT_(AUT)	2007	9	9	252	12.7	17.4	10.0286105220994	-999.9	0	7.74305555555556	13.6991926568897	330
EAST_POINT_(AUT)	2007	9	10	253	10.1	16.4	11.4991982954158	-999.9	0	3.20601851851853	12.0825885524684	330
EAST_POINT_(AUT)	2007	9	11	254	13.1	18.3	10.3453781744852	-999.9	22.4	4.54861111111111	16.1994665491579	330
EAST_POINT_(AUT)	2007	9	12	255	13.1	22.7	13.9177732940598	-999.9	0	8.50694444444445	16.8858158688737	330
EAST_POINT_(AUT)	2007	9	13	256	8.6	16.8	12.7342285862533	-999.9	0	7.16435185185186	9.89125547534332	330
EAST_POINT_(AUT)	2007	9	14	257	6.2	16.8	14.3315274523793	-999.9	0	4.61805555555556	8.70806243911107	330
EAST_POINT_(AUT)	2007	9	15	258	13.7	18.9	9.93476194913912	-999.9	9.7	8.63425925925925	16.7316309702779	330
EAST_POINT_(AUT)	2007	9	16	259	6.1	14.9	12.7895709551244	-999.9	0	5.81018518518519	10.6713077688019	330
EAST_POINT_(AUT)	2007	9	17	260	7.1	17.3	13.6243687342646	-999.9	0	2.52314814814815	11.1887323008695	330
EAST_POINT_(AUT)	2007	9	18	261	7.8	18.9	14.061204472561	-999.9	0	2.97453703703703	12.14235978009	330
EAST_POINT_(AUT)	2007	9	19	262	10.9	19.1	11.9551779182455	-999.9	0	5.19675925925925	13.9323319111963	330
EAST_POINT_(AUT)	2007	9	20	263	13.6	22.9	12.5928012099945	-999.9	0	5.83333333333333	17.3420635626459	330
EAST_POINT_(AUT)	2007	9	21	264	9.3	17.4	11.6224896702313	-999.9	0	2.4537037037037	12.7597679045013	330
EAST_POINT_(AUT)	2007	9	22	265	9.9	19	12.1814102119167	-999.9	0	5.70601851851853	15.2998504060166	330
EAST_POINT_(AUT)	2007	9	23	266	11.3	19.8	11.6399579570685	-999.9	0	6.71296296296297	15.0358129306068	330
EAST_POINT_(AUT)	2007	9	24	267	9.9	12.7	6.60436981486368	-999.9	0.8	11.9675925925926	9.42815954072211	330
EAST_POINT_(AUT)	2007	9	25	268	10	19.3	11.8973469655876	-999.9	4.3	7.17592592592592	13.0077651794957	330
EAST_POINT_(AUT)	2007	9	26	269	13.6	22.2	11.3073437974799	-999.9	2.4	4.93055555555556	17.3062452273975	330
EAST_POINT_(AUT)	2007	9	27	270	12.4	15.2	6.37588028984576	-999.9	0	5.01157407407408	13.8884934924226	330
EAST_POINT_(AUT)	2007	9	28	271	15	19.7	8.16220593641572	-999.9	18.5	7.84722222222222	19.6123933739615	330
EAST_POINT_(AUT)	2007	9	29	272	10.3	15	8.06405453739894	-999.9	0	8.63425925925925	12.9507866720644	330
EAST_POINT_(AUT)	2007	9	30	273	3	11.5	10.7129503852524	-999.9	0.6	8.57638888888889	7.23982752664147	330
EAST_POINT_(AUT)	2007	10	1	274	2.7	14.9	12.6772386615431	-999.9	0	5.01157407407408	8.17403955560467	330
EAST_POINT_(AUT)	2007	10	2	275	10.1	17.7	9.88206173244849	-999.9	0	4.66435185185186	13.4740720944736	330
EAST_POINT_(AUT)	2007	10	3	276	12.1	19.5	9.62951630400278	-999.9	0	4.61805555555556	15.7627896213112	330
EAST_POINT_(AUT)	2007	10	4	277	13.6	21.7	9.94790883234807	-999.9	0	5.75231481481481	17.2844589967211	330
EAST_POINT_(AUT)	2007	10	5	278	12	21.6	10.6925050468309	-999.9	0	5.50925925925925	12.9102115072274	330
EAST_POINT_(AUT)	2007	10	6	279	10.6	15.1	7.22702693838448	-999.9	0.2	8.48379629629631	10.3951786815147	330
EAST_POINT_(AUT)	2007	10	7	280	7.7	10.7	5.82478381331119	-999.9	0.6	12.2453703703704	8.48543123179121	330
EAST_POINT_(AUT)	2007	10	8	281	8.4	10.4	4.69415476401911	-999.9	0	10.6018518518519	9.33572516992576	330
EAST_POINT_(AUT)	2007	10	9	282	4.2	12.4	9.38061555030524	-999.9	0.7	7.91666666666667	9.10646828250173	330
EAST_POINT_(AUT)	2007	10	10	283	3.6	14	10.4251729586016	-999.9	0	2.46527777777778	9.48662445815684	330
EAST_POINT_(AUT)	2007	10	11	284	8.7	15.1	8.06975652259719	-999.9	0	3.95833333333333	12.1471188530433	330
EAST_POINT_(AUT)	2007	10	12	285	11	15.2	6.45003607685517	-999.9	5.5	9.87268518518519	13.4835470027892	330
EAST_POINT_(AUT)	2007	10	13	286	9.7	17.1	8.44666462855979	-999.9	0	4.76851851851853	14.1553675190561	330
EAST_POINT_(AUT)	2007	10	14	287	7.1	12.3	6.985049770894	-999.9	6.2	3.09027777777778	10.0797343335325	330
EAST_POINT_(AUT)	2007	10	15	288	5.9	10	6.11824052806736	-999.9	4.8	7.16435185185186	9.55099131471814	330
EAST_POINT_(AUT)	2007	10	16	289	7.1	11	5.88577869159763	-999.9	1.4	10.5092592592593	9.17307945384441	330
EAST_POINT_(AUT)	2007	10	17	290	3.5	10.4	7.72156557778231	-999.9	0	8.21759259259258	7.39851128038878	330
EAST_POINT_(AUT)	2007	10	18	291	1.2	12.3	9.65885716910418	-999.9	0	6.20370370370369	6.95856356706886	330
EAST_POINT_(AUT)	2007	10	19	292	0.9	14.6	10.5824045784918	-999.9	2.5	4.44444444444444	8.14220781704666	330
EAST_POINT_(AUT)	2007	10	20	293	13	17.2	5.77812817058059	-999.9	10.1	8.14814814814814	16.858335617598	330
EAST_POINT_(AUT)	2007	10	21	294	12.6	16.7	5.62955233434194	-999.9	0	7.48842592592592	13.7284751383381	330
EAST_POINT_(AUT)	2007	10	22	295	10.9	15.8	6.06851970120891	-999.9	0	4.54861111111111	12.8626692585699	330
EAST_POINT_(AUT)	2007	10	23	296	12.6	17.2	5.79765475301619	-999.9	0.77	7.24537037037036	15.4164224632814	330
EAST_POINT_(AUT)	2007	10	24	297	8.5	17.1	7.81627638612251	-999.9	0.7	6.48148148148147	12.924624226765	330
EAST_POINT_(AUT)	2007	10	25	298	7.5	10.7	4.70104260396641	-999.9	0	5.11574074074075	9.43903589557421	330
EAST_POINT_(AUT)	2007	10	26	299	4.3	11.3	6.85536890784153	-999.9	0	4.53703703703703	7.77915124227894	330
EAST_POINT_(AUT)	2007	10	27	300	7.7	15	6.90244384526915	-999.9	0	6.85185185185186	11.4758548334807	330
EAST_POINT_(AUT)	2007	10	28	301	4.1	19.5	9.88465508589209	-999.9	0.9	8.19444444444445	11.0828399986098	330
EAST_POINT_(AUT)	2007	10	29	302	2.2	6	4.84123173605281	-999.9	0	8.54166666666667	6.11111072045285	330
EAST_POINT_(AUT)	2007	10	30	303	1.1	6.3	5.58386760477542	-999.9	0.6	5.20833333333333	6.57134262856167	330
EAST_POINT_(AUT)	2007	10	31	304	2.2	10	6.74310488571985	-999.9	0	6.68981481481481	6.35111675683028	330
EAST_POINT_(AUT)	2007	11	1	305	8	15.8	6.64893904249445	-999.9	1.1	9.71064814814814	11.9197975309374	330
EAST_POINT_(AUT)	2007	11	2	306	5.2	8	3.92819762543246	-999.9	0	7.40740740740742	7.09187866591281	330
EAST_POINT_(AUT)	2007	11	3	307	5.3	15.2	7.28386131803304	-999.9	21	8.44907407407408	9.90604344237929	330
EAST_POINT_(AUT)	2007	11	4	308	2	16.4	8.66321997944744	-999.9	0.7	11.6782407407407	9.66842594741098	330
EAST_POINT_(AUT)	2007	11	5	309	0.4	9.8	6.90310040946192	-999.9	0	3.31018518518519	7.27804525572183	330
EAST_POINT_(AUT)	2007	11	6	310	5.3	9.2	4.38557814004039	-999.9	0	5.27777777777778	8.28814770632654	330
EAST_POINT_(AUT)	2007	11	7	311	3.9	11.5	6.03881641765871	-999.9	12.9	7.09490740740742	9.19941862123249	330
EAST_POINT_(AUT)	2007	11	8	312	3.7	8.4	4.68473262084306	-999.9	0	4.73379629629631	7.99799442702572	330
EAST_POINT_(AUT)	2007	11	9	313	4.2	6.2	3.01499337197935	-999.9	2.6	7.01388888888889	7.22896870192517	330
EAST_POINT_(AUT)	2007	11	10	314	2.3	5.1	3.51993673352175	-999.9	6	10.2083333333333	6.45471129387624	330
EAST_POINT_(AUT)	2007	11	11	315	2.5	5.2	3.41095226954946	-999.9	7.9	17.6388888888889	7.45535772386663	330
EAST_POINT_(AUT)	2007	11	12	316	0.8	3.4	3.30351529609873	-999.9	0.7	12.9976851851852	5.79196688699267	330
EAST_POINT_(AUT)	2007	11	13	317	-1.7	5	5.23462428122388	-999.9	8.1	5.39351851851853	5.88303814967098	330
EAST_POINT_(AUT)	2007	11	14	318	0.9	9.3	5.78646702994243	-999.9	0	7.24537037037036	7.25966635356091	330
EAST_POINT_(AUT)	2007	11	15	319	9.3	12.7	3.63505540059482	-999.9	2	8.33333333333333	12.4658375944754	330
EAST_POINT_(AUT)	2007	11	16	320	5.6	15.2	6.03228357344465	-999.9	2.3	10.1041666666667	12.051339476884	330
EAST_POINT_(AUT)	2007	11	17	321	-0.9	6	5.05157636709469	-999.9	0.6	7.54629629629631	5.56427774817512	330
EAST_POINT_(AUT)	2007	11	18	322	-1.3	3.4	4.1190223906824	-999.9	0.7	7.21064814814814	5.05346459656838	330
EAST_POINT_(AUT)	2007	11	19	323	-0.8	1.7	2.96858596334496	-999.9	0	7.00231481481481	4.45749327245493	330
EAST_POINT_(AUT)	2007	11	20	324	1.1	4.4	3.37106818225802	-999.9	0	4.97685185185186	5.38437921951234	330
EAST_POINT_(AUT)	2007	11	21	325	2.3	5	3.01456697217984	-999.9	0	4.83796296296297	6.51136079929488	330
EAST_POINT_(AUT)	2007	11	22	326	2.1	8.1	4.44383304308353	-999.9	0	4.6875	7.29274837745056	330
EAST_POINT_(AUT)	2007	11	23	327	0.3	11.8	6.0852954837328	-999.9	0.7	9.16666666666667	8.64413781915982	330
EAST_POINT_(AUT)	2007	11	24	328	-5.9	0.8	4.59554895017699	-999.9	0.6	9.69907407407408	4.20673460487315	330
EAST_POINT_(AUT)	2007	11	25	329	-7.2	3.3	5.69355454125623	-999.9	0	5.94907407407408	4.09961949740127	330
EAST_POINT_(AUT)	2007	11	26	330	2.3	7.8	4.07929940274437	-999.9	2.2	6.16898148148147	7.00603750374031	330
EAST_POINT_(AUT)	2007	11	27	331	3.1	14.2	5.73868794499506	-999.9	15.7	6.26157407407408	10.8628890907227	330
EAST_POINT_(AUT)	2007	11	28	332	-2	3.2	3.89077416339364	-999.9	1.8	8.79629629629631	5.34721199056558	330
EAST_POINT_(AUT)	2007	11	29	333	-4.6	8	6.00128154932236	-999.9	2.7	6.93287037037036	5.63152742779315	330
EAST_POINT_(AUT)	2007	11	30	334	-4.5	5.1	5.1923575293603	-999.9	0.6	7.55787037037036	5.14612395484574	330
EAST_POINT_(AUT)	2007	12	1	335	-5.8	-1.7	3.36466346759953	-999.9	4.4	9.0625	4.02042525495456	330
EAST_POINT_(AUT)	2007	12	2	336	-2.1	0.6	2.70836582180925	-999.9	0	15.6481481481481	4.77427847714299	330
EAST_POINT_(AUT)	2007	12	3	337	0.3	2.8	2.58601230864205	-999.9	1.8	8.76157407407408	5.33873185316922	330
EAST_POINT_(AUT)	2007	12	4	338	0.8	2.9	2.35271345803363	-999.9	10.9	15.8680555555556	6.69220776033573	330
EAST_POINT_(AUT)	2007	12	5	339	-3.3	1.5	3.53221064042917	-999.9	0	8.57638888888889	4.98615569558852	330
EAST_POINT_(AUT)	2007	12	6	340	-7.1	-0.3	4.17656027338421	-999.9	2.5	4.64120370370369	4.00005651277114	330
EAST_POINT_(AUT)	2007	12	7	341	-8.9	0.1	4.77528600738077	-999.9	0.7	4.82638888888889	3.68618258915477	330
EAST_POINT_(AUT)	2007	12	8	342	-2.6	2.9	3.71152528619911	-999.9	3	6.68981481481481	5.66681512597995	330
EAST_POINT_(AUT)	2007	12	9	343	-10.5	-2.5	4.45237281436677	-999.9	1.3	9.24768518518519	3.12659078984203	330
EAST_POINT_(AUT)	2007	12	10	344	-12	-7.4	3.35959234306383	-999.9	0	5	2.41347654910751	330
EAST_POINT_(AUT)	2007	12	11	345	-7.6	-3.9	2.9995652718821	-999.9	1.3	4.90740740740742	3.48284881150753	330
EAST_POINT_(AUT)	2007	12	12	346	-6.1	0.6	4.02009227783472	-999.9	4.1	8.20601851851853	4.68594666740491	330
EAST_POINT_(AUT)	2007	12	13	347	-9.7	-5.5	3.17145311122234	-999.9	0	11.0763888888889	3.05911985252908	330
EAST_POINT_(AUT)	2007	12	14	348	-10.1	-2.6	4.22469543775078	-999.9	2.6	2.85879629629631	3.38861386091623	330
EAST_POINT_(AUT)	2007	12	15	349	-7.8	-2.6	3.50829122025919	-999.9	1.4	11.1226851851852	3.78972486417138	330
EAST_POINT_(AUT)	2007	12	16	350	-8.8	1.8	4.99776529500331	-999.9	4.6	6.59722222222222	4.13941484438883	330
EAST_POINT_(AUT)	2007	12	17	351	-8.7	5.4	5.75390431938722	-999.9	1.2	12.8240740740741	4.58880002819958	330
EAST_POINT_(AUT)	2007	12	18	352	-8.4	-3.7	3.31768007997012	-999.9	0.8	10.3587962962963	3.40399986512667	330
EAST_POINT_(AUT)	2007	12	19	353	-8.6	-4.9	2.94118360841717	-999.9	0.06	4.58333333333333	3.18616243893454	330
EAST_POINT_(AUT)	2007	12	20	354	-5.6	-3.7	2.10686906925017	-999.9	0	7.41898148148147	3.27149101228299	330
EAST_POINT_(AUT)	2007	12	21	355	-5.3	-4.3	1.5286366654892	-999.9	0	9.25925925925925	3.32928898170624	330
EAST_POINT_(AUT)	2007	12	22	356	-6.8	-2.9	3.02053687649559	-999.9	0	4.28240740740742	3.16371404826314	330
EAST_POINT_(AUT)	2007	12	23	357	-4.3	3.4	4.24862601534507	-999.9	0	6.82870370370369	5.01565528606045	330
EAST_POINT_(AUT)	2007	12	24	358	-0.7	7.5	4.39101085512323	-999.9	1.6	8.66898148148147	7.00465708274245	330
EAST_POINT_(AUT)	2007	12	25	359	-2.3	2	3.18602009527623	-999.9	0	8.48379629629631	4.3300320648331	330
EAST_POINT_(AUT)	2007	12	26	360	-5.5	0.4	3.74108927415894	-999.9	0	4.30555555555556	3.85177156438159	330
EAST_POINT_(AUT)	2007	12	27	361	-3.8	0.2	3.08929568917634	-999.9	2.8	7.60416666666667	4.80393337150095	330
EAST_POINT_(AUT)	2007	12	28	362	-3.1	-1	2.24592088294926	-999.9	0.6	10.2662037037037	4.70090799123262	330
EAST_POINT_(AUT)	2007	12	29	363	-4	0.9	3.44376953881892	-999.9	12.7	4.6875	4.91163449254707	330
EAST_POINT_(AUT)	2007	12	30	364	-2.1	1.2	2.83816669177858	-999.9	0	7.95138888888889	5.33622322469755	330
EAST_POINT_(AUT)	2007	12	31	365	-3.1	-0.2	2.67310465359305	-999.9	5	7.88194444444445	5.09691026754254	330
