EAST_POINT_(AUT)	2022	1	1	1	2	6.2	3.23344914618431	-999.9	5.6	5.57870370370369	7.92079465786121	330
EAST_POINT_(AUT)	2022	1	2	2	-1.9	6.9	4.70644036158358	-999.9	7.4	7.44212962962964	7.15627244973237	330
EAST_POINT_(AUT)	2022	1	3	3	-4.8	-0.1	3.4601281675239	-999.9	0	8.68055555555556	3.82298121064895	330
EAST_POINT_(AUT)	2022	1	4	4	-10.6	-3.8	4.18859651392914	-999.9	0.4	7.89351851851853	2.57334935110284	330
EAST_POINT_(AUT)	2022	1	5	5	-9.6	5.1	6.20038581991134	-999.9	0	6.99275362318842	4.53741916518633	330
EAST_POINT_(AUT)	2022	1	6	6	-0.5	8.6	4.91358052992446	-999.9	21.6	7.26851851851853	7.71514875588298	330
EAST_POINT_(AUT)	2022	1	7	7	-1.1	1.1	2.43429629630769	-999.9	9.8	10.2314814814815	5.48797474166667	330
EAST_POINT_(AUT)	2022	1	8	8	-6.4	-0.5	4.01824175286582	-999.9	1.1	15.787037037037	4.39740923074788	330
EAST_POINT_(AUT)	2022	1	9	9	-8.2	4.3	5.89755470107526	-999.9	3.5	7.19907407407408	4.77753157683374	330
EAST_POINT_(AUT)	2022	1	10	10	-11.2	4.3	6.6243652850799	-999.9	1	9.52546296296297	3.58720300308179	330
EAST_POINT_(AUT)	2022	1	11	11	-16.9	-11.2	4.05347315228967	-999.9	1.2	7.33796296296297	1.63336448849508	330
EAST_POINT_(AUT)	2022	1	12	12	-18.5	1.1	7.58708078962739	-999.9	1.5	7.88194444444445	2.65163519777007	330
EAST_POINT_(AUT)	2022	1	13	13	-6.5	0.6	4.61076785795182	-999.9	1.9	3.69212962962964	4.39317543388165	330
EAST_POINT_(AUT)	2022	1	14	14	-1.9	3.5	4.06138500590659	-999.9	11.7	5.60185185185186	6.13226375118817	330
EAST_POINT_(AUT)	2022	1	15	15	-9.6	-1.1	5.14814585967887	-999.9	11.7	19.2708333333333	3.83698772728047	330
EAST_POINT_(AUT)	2022	1	16	16	-14.5	-7.3	4.78848007300187	-999.9	0	12.0023148148148	2.3721439087808	330
EAST_POINT_(AUT)	2022	1	17	17	-14.9	5.3	8.10808230130482	-999.9	8.2	8.03240740740742	3.56223169840258	330
EAST_POINT_(AUT)	2022	1	18	18	-9.8	5.6	7.15862819246258	-999.9	4.3	8.18287037037036	4.98375180227227	330
EAST_POINT_(AUT)	2022	1	19	19	-14.8	1.5	7.4490544759838	-999.9	2.6	6.64351851851853	3.19955740475324	330
EAST_POINT_(AUT)	2022	1	20	20	-6.6	3.3	5.87311796575813	-999.9	1.5	6.33101851851853	4.89366617180536	330
EAST_POINT_(AUT)	2022	1	21	21	-8.8	-5.6	3.37886414632538	-999.9	0	6.875	2.54052982314675	330
EAST_POINT_(AUT)	2022	1	22	22	-11.3	-4.3	5.05807406213782	-999.9	0.2	3.39120370370369	2.63326270044933	330
EAST_POINT_(AUT)	2022	1	23	23	-5.5	-0.1	4.49742852098541	-999.9	0.5	4.21296296296297	4.03020557445397	330
EAST_POINT_(AUT)	2022	1	24	24	-10.8	-3.2	5.40245602313616	-999.9	0.7	4.42129629629631	2.9208645539108	330
EAST_POINT_(AUT)	2022	1	25	25	-10.8	2.2	7.15573204166244	-999.9	0	6.00694444444445	3.68241617565764	330
EAST_POINT_(AUT)	2022	1	26	26	-9.4	-3.8	4.75718853636878	-999.9	0	6.65509259259258	3.01364562195752	330
EAST_POINT_(AUT)	2022	1	27	27	-11.8	-7.6	4.17374708731278	-999.9	0	5.71759259259258	2.04396666035809	330
EAST_POINT_(AUT)	2022	1	28	28	-8.1	-0.1	5.83657429271682	-999.9	1.7	6.59722222222222	3.50400176115509	330
EAST_POINT_(AUT)	2022	1	29	29	-3.8	1.9	4.99256466355452	-999.9	11.1	12.5115740740741	5.47950251273129	330
EAST_POINT_(AUT)	2022	1	30	30	-9.9	4.4	8.01465096282298	-999.9	0	7.62731481481481	3.99689809036758	330
EAST_POINT_(AUT)	2022	1	31	31	-13.2	-7	5.34927953265531	-999.9	0	4.44444444444444	1.74492832976877	330
EAST_POINT_(AUT)	2022	2	1	32	-11.8	-6	5.24498635357475	-999.9	0	4.91898148148147	2.17257467165205	330
EAST_POINT_(AUT)	2022	2	2	33	-12	0.3	7.74386058774729	-999.9	0	4.65277777777778	3.15146031601193	330
EAST_POINT_(AUT)	2022	2	3	34	-3	5	6.33233625893219	-999.9	4.8	7.04861111111111	6.27631618596312	330
EAST_POINT_(AUT)	2022	2	4	35	-3.3	-1.8	2.78044186619727	-999.9	20.9	12.5578703703704	4.83619894799244	330
EAST_POINT_(AUT)	2022	2	5	36	-9.8	-1.8	6.51168694329135	-999.9	1.5	11.7476851851852	3.65890125500767	330
EAST_POINT_(AUT)	2022	2	6	37	-14.2	-8	5.81368926515552	-999.9	0.2	8.57638888888889	1.92044819077307	330
EAST_POINT_(AUT)	2022	2	7	38	-9.2	-0.3	7.0645036446408	-999.9	0	5.53240740740742	3.29857289152374	330
EAST_POINT_(AUT)	2022	2	8	39	-0.8	2.1	4.09011733758091	-999.9	9.8	6.97916666666667	6.23129149549925	330
EAST_POINT_(AUT)	2022	2	9	40	-2.6	1.2	4.74891545677791	-999.9	1.11	8.53009259259258	5.42413336462943	330
EAST_POINT_(AUT)	2022	2	10	41	-0.8	0.7	3.02639989946131	-999.9	0.18	3.93518518518519	5.46601100909351	330
EAST_POINT_(AUT)	2022	2	11	42	-1	5.1	6.19059432128035	-999.9	1.3	5.17361111111111	5.88661342745885	330
EAST_POINT_(AUT)	2022	2	12	43	0.5	6.6	6.27949064948752	-999.9	0.44	6.06481481481481	6.50230367345716	330
EAST_POINT_(AUT)	2022	2	13	44	-7.4	5.1	9.11819020532734	-999.9	0.44	7.88194444444445	4.42039734362587	330
EAST_POINT_(AUT)	2022	2	14	45	-9.7	-5.1	5.61081057532862	-999.9	7.18	11.6550925925926	3.1758447129266	330
EAST_POINT_(AUT)	2022	2	15	46	-12.8	-9.2	5.03485362885696	-999.9	0.99	9.0625	2.00669473241137	330
EAST_POINT_(AUT)	2022	2	16	47	-11.7	0.2	9.28519219757005	-999.9	0.22	8.36805555555556	2.7902651422664	330
EAST_POINT_(AUT)	2022	2	17	48	0.2	5	5.98149741557226	-999.9	2.25	9.61805555555556	6.51375007307148	330
EAST_POINT_(AUT)	2022	2	18	49	-6.2	8.5	10.6171309842424	-999.9	20.24	11.1458333333333	6.18599447053905	330
EAST_POINT_(AUT)	2022	2	19	50	-7.5	-2.6	6.21713700267852	-999.9	0.15	5.74074074074075	2.98303691655732	330
EAST_POINT_(AUT)	2022	2	20	51	-11.7	-2.3	8.7333799656438	-999.9	2.26	6.59722222222222	3.09811618918443	330
EAST_POINT_(AUT)	2022	2	21	52	-4.5	5.6	9.18089128696838	-999.9	0.63	6.43518518518519	4.8530890044244	330
EAST_POINT_(AUT)	2022	2	22	53	-6.5	-0.5	7.17600717004768	-999.9	0.98	7.54629629629631	3.49923803790579	330
EAST_POINT_(AUT)	2022	2	23	54	-5.9	5.4	9.98630075067133	-999.9	14.09	7.80092592592592	5.81741146385219	330
EAST_POINT_(AUT)	2022	2	24	55	-9.1	-1.8	8.13875493348942	-999.9	0	13.4974747474748	2.50823476036518	330
EAST_POINT_(AUT)	2022	2	25	56	-11.2	-8.9	4.63193499033158	-999.9	0.9	6.5625	2.14122030581199	330
EAST_POINT_(AUT)	2022	2	26	57	-13.3	-9.3	6.19297639244999	-999.9	0	6.875	1.95707251900124	330
EAST_POINT_(AUT)	2022	2	27	58	-11.1	-2.4	9.25906112665441	-999.9	0	5.04629629629631	2.89137305592189	330
EAST_POINT_(AUT)	2022	2	28	59	-12.2	-4.6	8.77237555821192	-999.9	0.5	11.2384259259259	2.46161733590475	330
EAST_POINT_(AUT)	2022	3	1	60	-13.8	-5.5	9.29214627813987	-999.9	0	4.84953703703703	2.13849244585213	330
EAST_POINT_(AUT)	2022	3	2	61	-6.8	1.8	9.5863796471082	-999.9	2.4	7.37268518518519	4.39131973138574	330
EAST_POINT_(AUT)	2022	3	3	62	-13.3	-5.4	9.3112422160153	-999.9	0	5.09259259259258	2.29046323090779	330
EAST_POINT_(AUT)	2022	3	4	63	-15.4	-9.4	8.22275161046539	-999.9	0	8.07870370370369	1.55312665164797	330
EAST_POINT_(AUT)	2022	3	5	64	-11.2	-4.4	8.86953491571834	-999.9	0	5.83333333333333	2.03939004166763	330
EAST_POINT_(AUT)	2022	3	6	65	-8.3	0.7	10.3378096420358	-999.9	16.8	4.24768518518519	3.65914725270733	330
EAST_POINT_(AUT)	2022	3	7	66	-1.1	3.5	7.48689685079123	-999.9	2.2	5.24305555555556	6.31991374807646	330
EAST_POINT_(AUT)	2022	3	8	67	-5.1	6.1	11.8331720113489	-999.9	7.8	11.8055555555556	5.41475387409456	330
EAST_POINT_(AUT)	2022	3	9	68	-5.7	-3.2	5.66218227561002	-999.9	0	7.12962962962964	3.29741766019799	330
EAST_POINT_(AUT)	2022	3	10	69	-4.6	5.6	11.5820911555226	-999.9	0	3.92361111111111	4.69614550001051	330
EAST_POINT_(AUT)	2022	3	11	70	-2.3	1.1	6.77095260340785	-999.9	0	3.35648148148147	4.66584875826335	330
EAST_POINT_(AUT)	2022	3	12	71	-0.4	8.1	10.8390851429275	-999.9	9.4	7.10648148148147	7.72187831164534	330
EAST_POINT_(AUT)	2022	3	13	72	-6.9	0.4	10.1687129155995	-999.9	0.2	11.7476851851852	3.56395432103489	330
EAST_POINT_(AUT)	2022	3	14	73	-7.5	0.6	10.8421689477338	-999.9	0	5.46296296296297	2.96212989377675	330
EAST_POINT_(AUT)	2022	3	15	74	-5.8	3.4	11.6945527788634	-999.9	0	5.63657407407408	4.35295822832257	330
EAST_POINT_(AUT)	2022	3	16	75	-5.9	0.5	9.87056364646097	-999.9	0	4.10879629629631	3.77294397916903	330
EAST_POINT_(AUT)	2022	3	17	76	-0.4	4.3	8.55871776031692	-999.9	0	6.28472222222222	6.28830907529347	330
EAST_POINT_(AUT)	2022	3	18	77	-0.4	5.2	9.45162596298519	-999.9	0	5.19675925925925	6.91404176842533	330
EAST_POINT_(AUT)	2022	3	19	78	-1.3	0.4	5.26785806725544	-999.9	0	5.08101851851853	4.76173474201089	330
EAST_POINT_(AUT)	2022	3	20	79	-1	4.6	9.67040218234468	-999.9	11.6	5.48611111111111	6.39991896800005	330
EAST_POINT_(AUT)	2022	3	21	80	-0.9	1.2	5.98886374361916	-999.9	0	5.43981481481481	5.56402982262059	330
EAST_POINT_(AUT)	2022	3	22	81	-3.2	0.4	7.92890474565024	-999.9	0.4	12.1412037037037	4.41878955323419	330
EAST_POINT_(AUT)	2022	3	23	82	-1.2	0.6	5.66849634577691	-999.9	0	11.1689814814815	4.8641066175177	330
EAST_POINT_(AUT)	2022	3	24	83	-2.2	0.1	6.47749889406881	-999.9	0	4.46759259259258	4.79092717969061	330
EAST_POINT_(AUT)	2022	3	25	84	-0.9	1.9	7.22397236776023	-999.9	31.6	5.33564814814814	5.83902450086005	330
EAST_POINT_(AUT)	2022	3	26	85	0.4	5.9	10.2323071795912	-999.9	0.3	3.61111111111111	7.0928811555857	330
EAST_POINT_(AUT)	2022	3	27	86	0.6	8	11.9934610856997	-999.9	2	5.04629629629631	7.40362339841802	330
EAST_POINT_(AUT)	2022	3	28	87	-0.4	3.4	8.68356336412569	-999.9	1.9	5.02314814814814	6.55733153010859	330
EAST_POINT_(AUT)	2022	3	29	88	-2.4	1.1	8.41896273193484	-999.9	4	8.29861111111111	5.64014456402873	330
EAST_POINT_(AUT)	2022	3	30	89	-2.5	1.8	9.42579301727976	-999.9	0.7	9.18981481481481	5.29826823406845	330
EAST_POINT_(AUT)	2022	3	31	90	-0.4	4.6	10.2652226416346	-999.9	1.1	4.91898148148147	5.26839925878994	330
EAST_POINT_(AUT)	2022	4	1	91	-0.1	5.9	11.3553151352473	-999.9	6	6.58564814814814	7.40349506618326	330
EAST_POINT_(AUT)	2022	4	2	92	-0.6	2.1	7.69105764368272	-999.9	1.8	9.53703703703703	6.04013075625206	330
EAST_POINT_(AUT)	2022	4	3	93	-2.2	1.8	9.45050843940764	-999.9	0	6.99074074074075	4.91476282096888	330
EAST_POINT_(AUT)	2022	4	4	94	-1.6	0.8	7.38911026578457	-999.9	10.2	9.83796296296297	5.48704853682945	330
EAST_POINT_(AUT)	2022	4	5	95	-4.6	0.1	10.4360741873671	-999.9	0	9.08564814814814	4.230039625583	330
EAST_POINT_(AUT)	2022	4	6	96	-3.9	1.8	11.5975895666549	-999.9	0	4.98842592592592	4.37555615327409	330
EAST_POINT_(AUT)	2022	4	7	97	-1.1	2.2	8.90368476572226	-999.9	0	4.84953703703703	5.75853598983985	330
EAST_POINT_(AUT)	2022	4	8	98	-0.3	5.6	12.0105194721304	-999.9	0.3	5.76388888888889	6.45209602600029	330
EAST_POINT_(AUT)	2022	4	9	99	0.1	7.8	13.8402741336382	-999.9	0.4	4.98842592592592	7.77684315591697	330
EAST_POINT_(AUT)	2022	4	10	100	0.4	2.1	6.55885449561633	-999.9	11.1	3.90046296296297	6.58487041447861	330
EAST_POINT_(AUT)	2022	4	11	101	0.9	3.7	8.48843319456707	-999.9	0	8.31018518518519	6.50586522542673	330
EAST_POINT_(AUT)	2022	4	12	102	0.9	8.5	14.1007173571976	-999.9	0.5	4.16666666666667	6.83105113692487	330
EAST_POINT_(AUT)	2022	4	13	103	-0.5	3.1	9.78391356345449	-999.9	0.4	4.31712962962964	6.55372638055679	330
EAST_POINT_(AUT)	2022	4	14	104	-1.4	3.4	11.3880701488702	-999.9	0	2.30324074074074	6.32580093907189	330
EAST_POINT_(AUT)	2022	4	15	105	1.9	5.1	9.37160653216338	-999.9	12.6	4.93055555555556	7.21200432705329	330
EAST_POINT_(AUT)	2022	4	16	106	2.7	14.3	17.9812202885803	-999.9	0	6.49305555555556	8.46472701392904	330
EAST_POINT_(AUT)	2022	4	17	107	2	6.6	11.4093776201965	-999.9	4.2	7.59259259259258	7.46618922995394	330
EAST_POINT_(AUT)	2022	4	18	108	-1.4	3.5	11.8635841771755	-999.9	0	6.65509259259258	5.40789937375236	330
EAST_POINT_(AUT)	2022	4	19	109	0	7.2	14.4864223035088	-999.9	2.3	8.10185185185186	6.59466705176794	330
EAST_POINT_(AUT)	2022	4	20	110	3.9	11.5	14.9906722160238	-999.9	11.8	8.81944444444445	8.24517682352338	330
EAST_POINT_(AUT)	2022	4	21	111	1.6	4.8	9.79605806703048	-999.9	0	6.33101851851853	5.75472307816001	330
EAST_POINT_(AUT)	2022	4	22	112	2.3	9.6	14.8985056118712	-999.9	7	5.05787037037036	8.27547321778036	330
EAST_POINT_(AUT)	2022	4	23	113	-0.6	3.1	10.6789897106227	-999.9	0	9.57175925925925	5.21938431850601	330
EAST_POINT_(AUT)	2022	4	24	114	0	2.4	8.65817405243421	-999.9	1.4	13.0787037037037	6.09121430970829	330
EAST_POINT_(AUT)	2022	4	25	115	0.9	5.5	12.0652021487204	-999.9	0	5.77546296296297	7.15721567853885	330
EAST_POINT_(AUT)	2022	4	26	116	1.9	11.9	17.9033602224641	-999.9	0	5.28935185185186	8.501087684	330
EAST_POINT_(AUT)	2022	4	27	117	3.1	5.5	8.82598451281436	-999.9	18.9	5.21990740740742	7.9215294483543	330
EAST_POINT_(AUT)	2022	4	28	118	2.9	7.1	11.7476112282539	-999.9	5.8	5.85648148148147	7.9465935119589	330
EAST_POINT_(AUT)	2022	4	29	119	2.2	4	7.73701089199399	-999.9	3.2	7.75462962962964	7.20894175803296	330
EAST_POINT_(AUT)	2022	4	30	120	1.5	3.2	7.56342270455234	-999.9	0	8.20601851851853	7.15109462905705	330
EAST_POINT_(AUT)	2022	5	1	121	1.6	2.7	6.11916832768456	-999.9	0.2	9.74537037037036	6.9629873166787	330
EAST_POINT_(AUT)	2022	5	2	122	2	4.2	8.70271977493268	-999.9	0	7.02546296296297	6.53499992775163	330
EAST_POINT_(AUT)	2022	5	3	123	0.6	5.9	13.5823500731391	-999.9	0	3.68055555555556	6.72617437475269	330
EAST_POINT_(AUT)	2022	5	4	124	1.2	10.6	18.1861273888182	-999.9	1.9	4.07407407407408	8.05909354945234	330
EAST_POINT_(AUT)	2022	5	5	125	0.2	6.6	15.085227468502	-999.9	2.4	5.65972222222222	7.00465708274245	330
EAST_POINT_(AUT)	2022	5	6	126	2.2	6.2	11.9873715788624	-999.9	0	5.625	6.66155028513445	330
EAST_POINT_(AUT)	2022	5	7	127	-1.6	4.5	14.8777675492796	-999.9	0	5.55555555555556	4.96715726074719	330
EAST_POINT_(AUT)	2022	5	8	128	-1.8	6.3	17.2282547254341	-999.9	0	3.4375	5.83294873875226	330
EAST_POINT_(AUT)	2022	5	9	129	-0.7	8.6	18.5486998454497	-999.9	0	3.75	6.25560614092345	330
EAST_POINT_(AUT)	2022	5	10	130	1.6	10	17.7105652189955	-999.9	0	2.71990740740741	6.72230394344919	330
EAST_POINT_(AUT)	2022	5	11	131	1.1	13.4	21.5285073133152	-999.9	0	4.22453703703703	7.80463676630853	330
EAST_POINT_(AUT)	2022	5	12	132	5.9	13.4	16.8852941787626	-999.9	0	4.96527777777778	9.68718518127537	330
EAST_POINT_(AUT)	2022	5	13	133	8.9	16.4	16.957958267898	-999.9	0	5.09259259259258	10.3942185758788	330
EAST_POINT_(AUT)	2022	5	14	134	3.8	17.4	22.9311506547826	-999.9	0	5.47453703703703	11.7854313012408	330
EAST_POINT_(AUT)	2022	5	15	135	3.6	13.3	19.4448451447742	-999.9	0	3.59953703703703	10.4009810812951	330
EAST_POINT_(AUT)	2022	5	16	136	6.4	12.6	15.6072248920951	-999.9	0	6.26157407407408	10.7698064321007	330
EAST_POINT_(AUT)	2022	5	17	137	7.1	13.4	15.7928516890712	-999.9	2.4	7.1875	11.8392932072738	330
EAST_POINT_(AUT)	2022	5	18	138	5.4	13	17.4103279279257	-999.9	0	5.34722222222222	9.60026987326005	330
EAST_POINT_(AUT)	2022	5	19	139	5.5	12.3	16.5277650613272	-999.9	0	6.13425925925925	7.34212880349287	330
EAST_POINT_(AUT)	2022	5	20	140	6.3	12.8	16.2153275187016	-999.9	0	3.66898148148147	8.56193135278442	330
EAST_POINT_(AUT)	2022	5	21	141	7.4	16.5	19.2508171303507	-999.9	0	6.88657407407408	9.34348921373721	330
EAST_POINT_(AUT)	2022	5	22	142	8.6	18.5	20.1444652580049	-999.9	0	8.14814814814814	13.3481225293601	330
EAST_POINT_(AUT)	2022	5	23	143	6.6	13.9	17.3524054392136	-999.9	0.5	7.84722222222222	10.855288626722	330
EAST_POINT_(AUT)	2022	5	24	144	4.5	9.6	14.547691194637	-999.9	0	6.90972222222222	7.66889922503568	330
EAST_POINT_(AUT)	2022	5	25	145	3.7	15.4	22.0985328314514	-999.9	0	4.18981481481481	7.92832613728448	330
EAST_POINT_(AUT)	2022	5	26	146	9.2	15.7	16.5173236193815	-999.9	1.9	4.46759259259258	9.84719694191412	330
EAST_POINT_(AUT)	2022	5	27	147	8.6	11.3	10.6740319872391	-999.9	22.5	5.46296296296297	11.9592826682549	330
EAST_POINT_(AUT)	2022	5	28	148	9.5	16.6	17.3536445093771	-999.9	2.3	7.97453703703703	14.4921467806634	330
EAST_POINT_(AUT)	2022	5	29	149	10	18.9	19.4770360136372	-999.9	0	5.11574074074075	13.46248688096	330
EAST_POINT_(AUT)	2022	5	30	150	7.7	15.5	18.2765024505085	-999.9	4.2	6.18055555555556	11.5259129448695	330
EAST_POINT_(AUT)	2022	5	31	151	7.1	8.8	8.55145259650595	-999.9	0	11.1226851851852	8.59948278148493	330
EAST_POINT_(AUT)	2022	6	1	152	5.8	8.4	10.5979923853004	-999.9	0	11.4930555555556	8.22180280152423	330
EAST_POINT_(AUT)	2022	6	2	153	6.1	10.5	13.8145500343723	-999.9	0	9.98842592592592	8.94156241823107	330
EAST_POINT_(AUT)	2022	6	3	154	5.6	9.4	12.8625708283054	-999.9	0	5.64814814814814	8.44566799751804	330
EAST_POINT_(AUT)	2022	6	4	155	5.5	10.7	15.0735463739306	-999.9	0	4.54861111111111	8.97902787986485	330
EAST_POINT_(AUT)	2022	6	5	156	8.2	12.4	13.5696462045401	-999.9	3.4	4.52546296296297	10.7970632229108	330
EAST_POINT_(AUT)	2022	6	6	157	6.3	12.1	15.9713052226616	-999.9	0	3.99305555555556	10.4765622552006	330
EAST_POINT_(AUT)	2022	6	7	158	5.8	14.6	19.7016591651105	-999.9	0	4.36342592592592	11.0062734565421	330
EAST_POINT_(AUT)	2022	6	8	159	6	17.2	22.2565651154818	-999.9	8.8	4.17824074074075	11.4916266396295	330
EAST_POINT_(AUT)	2022	6	9	160	11.7	15.9	13.6462754111563	-999.9	15.1	8.20601851851853	14.8060317982432	330
EAST_POINT_(AUT)	2022	6	10	161	13	22.9	20.9749153510873	-999.9	0	7.58101851851853	16.2937826905443	330
EAST_POINT_(AUT)	2022	6	11	162	12.2	21.1	19.9078153461259	-999.9	0	6.34259259259258	13.8942072774811	330
EAST_POINT_(AUT)	2022	6	12	163	12.6	19.7	17.7974045544833	-999.9	0	3.27546296296297	15.317713735937	330
EAST_POINT_(AUT)	2022	6	13	164	12.6	18.8	16.6446711966543	-999.9	6.1	3.61111111111111	16.2143900558821	330
EAST_POINT_(AUT)	2022	6	14	165	10.7	13.7	11.586303968174	-999.9	23.2	8.42592592592592	13.7273022756151	330
EAST_POINT_(AUT)	2022	6	15	166	10.3	15.7	15.5538954680563	-999.9	0	5.92592592592592	13.1325290325424	330
EAST_POINT_(AUT)	2022	6	16	167	10.2	23.4	24.3299045150143	-999.9	0	3.85416666666667	14.5510009424299	330
EAST_POINT_(AUT)	2022	6	17	168	11.9	14.7	11.2097719513699	-999.9	2.5	7.92824074074075	13.3732722582318	330
EAST_POINT_(AUT)	2022	6	18	169	12.7	21.5	19.8781808841803	-999.9	11.1	6.13425925925925	17.718227986078	330
EAST_POINT_(AUT)	2022	6	19	170	12.4	19.2	17.4767449542472	-999.9	5.6	6.11111111111111	16.1983502683032	330
EAST_POINT_(AUT)	2022	6	20	171	11.7	17.4	16.001753899917	-999.9	0	4.34027777777778	14.8637084643303	330
EAST_POINT_(AUT)	2022	6	21	172	10.7	14.3	12.7162417493526	-999.9	0	3.51851851851853	13.2185279146384	330
EAST_POINT_(AUT)	2022	6	22	173	11	18.7	18.5944600192878	-999.9	0	4.80324074074075	14.2469139701789	330
EAST_POINT_(AUT)	2022	6	23	174	12.9	20	17.850541502914	-999.9	0.2	4.43287037037036	15.6268427902076	330
EAST_POINT_(AUT)	2022	6	24	175	15.8	18.2	10.37445259837	-999.9	14.8	6.74768518518519	18.8870750782649	330
EAST_POINT_(AUT)	2022	6	25	176	15	22.4	18.2081623913961	-999.9	0.2	4.25925925925925	20.1819670308267	330
EAST_POINT_(AUT)	2022	6	26	177	15.3	20.6	15.4004076930736	-999.9	0	3.31018518518519	19.5136213276111	330
EAST_POINT_(AUT)	2022	6	27	178	15.7	22.2	17.0430891499157	-999.9	0	7.84722222222222	19.2665132466081	330
EAST_POINT_(AUT)	2022	6	28	179	15.1	21.4	16.7653483962516	-999.9	4	5.64814814814814	19.8303819383459	330
EAST_POINT_(AUT)	2022	6	29	180	14.3	21.6	18.030497394516	-999.9	0	3.06712962962964	17.9497595516686	330
EAST_POINT_(AUT)	2022	6	30	181	13.4	22.2	19.7762916568678	-999.9	0	3.26388888888889	16.9332997604351	330
EAST_POINT_(AUT)	2022	7	1	182	13.2	20.4	17.8681776850673	-999.9	0	4.10879629629631	16.3838827993146	330
EAST_POINT_(AUT)	2022	7	2	183	16.9	22.3	15.4551989409571	-999.9	3.9	5.76388888888889	20.6213401594804	330
EAST_POINT_(AUT)	2022	7	3	184	15	22.5	18.18968721844	-999.9	0	4.08564814814814	18.2477421698598	330
EAST_POINT_(AUT)	2022	7	4	185	11.8	19.8	18.7589964896828	-999.9	0	5.92592592592592	13.2395417352891	330
EAST_POINT_(AUT)	2022	7	5	186	11.6	22.1	21.4576593471837	-999.9	0	4.86111111111111	13.7495499367867	330
EAST_POINT_(AUT)	2022	7	6	187	13.9	18.1	13.5484138156079	-999.9	28.2	7.07175925925925	16.711047759405	330
EAST_POINT_(AUT)	2022	7	7	188	11.8	18	16.4319356135046	-999.9	0	8.88888888888889	13.6160678399833	330
EAST_POINT_(AUT)	2022	7	8	189	14.7	21.7	17.4270494980261	-999.9	0	4.66435185185186	16.7264200388252	330
EAST_POINT_(AUT)	2022	7	9	190	12	17.8	15.8315568764735	-999.9	0	5.74074074074075	12.9497948691564	330
EAST_POINT_(AUT)	2022	7	10	191	13	18.9	15.933939271522	-999.9	0	5.48611111111111	13.6457076378573	330
EAST_POINT_(AUT)	2022	7	11	192	14.6	23.5	19.5268563343419	-999.9	0	6.82870370370369	15.9491444355444	330
EAST_POINT_(AUT)	2022	7	12	193	15.8	21.5	15.590767380719	-999.9	0	7.16435185185186	16.5641893020107	330
EAST_POINT_(AUT)	2022	7	13	194	16	23.1	17.3581899306774	-999.9	0	5.40509259259258	19.6766327667045	330
EAST_POINT_(AUT)	2022	7	14	195	15	19	12.9957937825124	-999.9	0	3.125	16.0661728777343	330
EAST_POINT_(AUT)	2022	7	15	196	12.6	17.5	14.3456639833977	-999.9	7.6	3.42592592592592	15.4518335482084	330
EAST_POINT_(AUT)	2022	7	16	197	15.3	24.8	19.9198627432286	-999.9	0	4.22453703703703	18.1602284477721	330
EAST_POINT_(AUT)	2022	7	17	198	16.8	25.8	19.333020878585	-999.9	0	6.13425925925925	19.3413863231237	330
EAST_POINT_(AUT)	2022	7	18	199	17.6	28.4	21.11524570223	-999.9	0	5.19675925925925	21.7218988867563	330
EAST_POINT_(AUT)	2022	7	19	200	18.1	22.4	13.2823835765154	-999.9	11.7	6.84027777777778	22.2444167346686	330
EAST_POINT_(AUT)	2022	7	20	201	18.3	21	10.491384124088	-999.9	0	6.24183006535947	17.7530109239662	330
EAST_POINT_(AUT)	2022	7	21	202	17	24.5	17.4277808613085	-999.9	0	4.38888888888889	17.6540226320631	330
EAST_POINT_(AUT)	2022	7	22	203	18.9	26.5	17.4835687746693	-999.9	0	5.56712962962964	24.6202866640977	330
EAST_POINT_(AUT)	2022	7	23	204	18.9	28.8	19.8840036171555	-999.9	0	3.03240740740742	23.2809709895634	330
EAST_POINT_(AUT)	2022	7	24	205	19.4	29.3	19.8115166469098	-999.9	0	4.02777777777778	23.9991050780444	330
EAST_POINT_(AUT)	2022	7	25	206	20.1	27.1	16.5963965795067	-999.9	0	7.00231481481481	24.7779940448667	330
EAST_POINT_(AUT)	2022	7	26	207	16.6	24	16.9979240996922	-999.9	0	4.40972222222222	20.0304907969445	330
EAST_POINT_(AUT)	2022	7	27	208	15	24.7	19.3834701557129	-999.9	0	3.07870370370369	19.0255347387414	330
EAST_POINT_(AUT)	2022	7	28	209	13.8	22.7	18.4908341449829	-999.9	0	2.36111111111111	17.0517093781876	330
EAST_POINT_(AUT)	2022	7	29	210	19	21.3	9.36033202748651	-999.9	1.6	5.79861111111111	21.319812909417	330
EAST_POINT_(AUT)	2022	7	30	211	17.7	24.4	15.9067101235688	-999.9	0	4.84953703703703	21.0798251538641	330
EAST_POINT_(AUT)	2022	7	31	212	18.3	24.7	15.477405561838	-999.9	0	4.93055555555556	20.4703047812834	330
EAST_POINT_(AUT)	2022	8	1	213	17.9	26.1	17.4393252133835	-999.9	0	4.34027777777778	21.4924565386356	330
EAST_POINT_(AUT)	2022	8	2	214	19	24.6	14.3443370415331	-999.9	0	5.10416666666667	23.4827445642142	330
EAST_POINT_(AUT)	2022	8	3	215	15.5	23.2	16.7395763875851	-999.9	0	3.4375	20.2401718331922	330
EAST_POINT_(AUT)	2022	8	4	216	18.6	26.6	16.9787382596113	-999.9	0	4.64120370370369	21.7867271854885	330
EAST_POINT_(AUT)	2022	8	5	217	19.1	26.5	16.2474814479391	-999.9	0	4.47916666666667	24.1429281883071	330
EAST_POINT_(AUT)	2022	8	6	218	19.2	24.8	14.0611935466787	-999.9	0	3.20601851851853	18.6717790206983	330
EAST_POINT_(AUT)	2022	8	7	219	18.9	32.9	22.1155703780991	-999.9	3.7	2.26851851851852	26.8878356028872	330
EAST_POINT_(AUT)	2022	8	8	220	13.7	20.8	15.6645160609668	-999.9	14.5	0	14.7054188567019	330
EAST_POINT_(AUT)	2022	8	9	221	15.1	19.2	11.8380698391934	-999.9	41.1	8.05	18.2076817978482	330
EAST_POINT_(AUT)	2022	8	10	222	16.6	22.1	13.6338561375064	-999.9	1.1	5.27	18.6606859623763	330
EAST_POINT_(AUT)	2022	8	11	223	16.6	22.2	13.6781307181361	-999.9	3.8	4.04320987654322	19.2622168167207	330
EAST_POINT_(AUT)	2022	8	12	224	18.3	21.8	10.7500098509266	-999.9	0	2.55787037037037	20.5225345873197	330
EAST_POINT_(AUT)	2022	8	13	225	17.8	22.9	12.8987762553647	-999.9	0	4.24768518518519	21.4079758483752	330
EAST_POINT_(AUT)	2022	8	14	226	18.1	22.1	11.3534597342026	-999.9	0	3.02083333333333	21.1820117179434	330
EAST_POINT_(AUT)	2022	8	15	227	16.9	22.9	13.8183005537862	-999.9	0.5	4.61805555555556	19.1616397394273	330
EAST_POINT_(AUT)	2022	8	16	228	16.1	23.6	15.350981400042	-999.9	0	3.70370370370369	19.5552779546939	330
EAST_POINT_(AUT)	2022	8	17	229	18.5	20.9	8.62746316341021	-999.9	9.8	9.45601851851853	19.674368522329	330
EAST_POINT_(AUT)	2022	8	18	230	17.9	24.1	13.7749662838391	-999.9	0	5.52083333333333	21.5896531067463	330
EAST_POINT_(AUT)	2022	8	19	231	17.5	23.9	13.9010267140369	-999.9	1.6	4.89583333333333	21.0314038064399	330
EAST_POINT_(AUT)	2022	8	20	232	16	24.7	16.0962034376638	-999.9	0	3.63425925925925	20.4889000390637	330
EAST_POINT_(AUT)	2022	8	21	233	16.5	25.6	16.3469210589761	-999.9	0	5.01157407407408	21.0945558992501	330
EAST_POINT_(AUT)	2022	8	22	234	18.7	24.3	12.7322454632587	-999.9	0	6.62037037037036	22.0045047727527	330
EAST_POINT_(AUT)	2022	8	23	235	18.6	21.2	8.61266261095901	-999.9	3.1	5.24305555555556	21.6990258236437	330
EAST_POINT_(AUT)	2022	8	24	236	17.5	24	13.5173339342589	-999.9	0.4	3.33333333333333	22.7234671955689	330
EAST_POINT_(AUT)	2022	8	25	237	15.3	24	15.5210541819228	-999.9	0	2.75462962962963	20.5163726713942	330
EAST_POINT_(AUT)	2022	8	26	238	13.9	22.3	15.134632234648	-999.9	1	3.32175925925925	17.3949772101335	330
EAST_POINT_(AUT)	2022	8	27	239	11.9	20.6	15.2828980886875	-999.9	1.2	5.26620370370369	15.0459693916796	330
EAST_POINT_(AUT)	2022	8	28	240	11.9	21.9	16.2555993849839	-999.9	0	3.50694444444444	14.8691676527875	330
EAST_POINT_(AUT)	2022	8	29	241	16.1	24.2	14.5126009558539	-999.9	0	4.87268518518519	19.471292653766	330
EAST_POINT_(AUT)	2022	8	30	242	18.6	26.3	14.0342936609129	-999.9	0	6.52777777777778	23.7758390535377	330
EAST_POINT_(AUT)	2022	8	31	243	19.9	24.9	11.2154110650981	-999.9	2.2	7.22222222222222	23.3484338939979	330
EAST_POINT_(AUT)	2022	9	1	244	16.2	24	13.8900847905423	-999.9	0	3.81944444444444	19.6465127272375	330
EAST_POINT_(AUT)	2022	9	2	245	10.3	20.8	15.9779819882017	-999.9	0	5.41666666666667	12.6558839608214	330
EAST_POINT_(AUT)	2022	9	3	246	9.9	21.1	16.3586756646321	-999.9	0	2.73148148148148	12.8991473501245	330
EAST_POINT_(AUT)	2022	9	4	247	13.3	22.7	14.8544640583647	-999.9	0	3.68055555555556	15.6713374821301	330
EAST_POINT_(AUT)	2022	9	5	248	16.5	19.4	8.17688687818975	-999.9	0	6.13425925925925	16.1030547681392	330
EAST_POINT_(AUT)	2022	9	6	249	16.5	20.7	9.75105279250763	-999.9	0	6.04166666666667	15.8063700371004	330
EAST_POINT_(AUT)	2022	9	7	250	13.1	20.4	12.7370269195824	-999.9	0	3.39120370370369	12.3979650494081	330
EAST_POINT_(AUT)	2022	9	8	251	12.7	21.2	13.6156304866035	-999.9	0	2.70833333333333	14.3214410003554	330
EAST_POINT_(AUT)	2022	9	9	252	16.9	21	9.36663861363028	-999.9	0	4.60648148148147	16.2892702822966	330
EAST_POINT_(AUT)	2022	9	10	253	17.3	21	8.81248012329617	-999.9	0	8.125	14.8926867799241	330
EAST_POINT_(AUT)	2022	9	11	254	17.4	20.9	8.48747916623593	-999.9	0	8.40277777777778	16.8008617136043	330
EAST_POINT_(AUT)	2022	9	12	255	16.6	21.4	9.84135187524673	-999.9	0	5.37037037037036	18.5414549432236	330
EAST_POINT_(AUT)	2022	9	13	256	12.7	20.6	12.4991149136742	-999.9	0	2.7662037037037	16.7223095408653	330
EAST_POINT_(AUT)	2022	9	14	257	17	23.1	10.8718753594874	-999.9	0	6.40046296296297	20.0339452184582	330
EAST_POINT_(AUT)	2022	9	15	258	9.8	17	11.6902027018983	-999.9	3.1	6.68981481481481	10.9975822160772	330
EAST_POINT_(AUT)	2022	9	16	259	10.4	13	6.95186473971702	-999.9	2.3	12.337962962963	11.0616447117618	330
EAST_POINT_(AUT)	2022	9	17	260	11.3	16.2	9.44309465878825	-999.9	0	10.6134259259259	10.4361731043346	330
EAST_POINT_(AUT)	2022	9	18	261	8.1	15.6	11.5582388779129	-999.9	0	6.60879629629631	8.87136031397881	330
EAST_POINT_(AUT)	2022	9	19	262	7.3	16.3	12.5247876741272	-999.9	0	4.30555555555556	9.12568225590863	330
EAST_POINT_(AUT)	2022	9	20	263	9.9	15.5	9.77180713721745	-999.9	0	5.625	10.2352991440509	330
EAST_POINT_(AUT)	2022	9	21	264	13.7	19.7	10.0030464298386	-999.9	18.5	6.12268518518519	17.6560619095639	330
EAST_POINT_(AUT)	2022	9	22	265	12.9	19.6	10.4523579380451	-999.9	0	5.12731481481481	16.5867752689637	330
EAST_POINT_(AUT)	2022	9	23	266	11.9	18.9	10.5630897256674	-999.9	65.4	9.91898148148147	16.5643014465599	330
EAST_POINT_(AUT)	2022	9	24	267	10.7	16.6	9.58690389921412	-999.9	19.7	19.9305555555556	14.0804882406871	330
EAST_POINT_(AUT)	2022	9	25	268	9.1	20.1	12.9391275944275	-999.9	0	5.94907407407408	11.0330707824566	330
EAST_POINT_(AUT)	2022	9	26	269	14.7	18.1	7.10969270232615	-999.9	3.8	6.70138888888889	17.1272684977735	330
EAST_POINT_(AUT)	2022	9	27	270	15.3	18	6.26099015361325	-999.9	7.7	5.41666666666667	18.0578815221536	330
EAST_POINT_(AUT)	2022	9	28	271	11.1	17	9.14501926891999	-999.9	2.9	3.21759259259258	15.4677035816943	330
EAST_POINT_(AUT)	2022	9	29	272	7.9	15.7	10.3884757092586	-999.9	0	4.31712962962964	12.397262506282	330
EAST_POINT_(AUT)	2022	9	30	273	7.1	16.5	11.2658394428606	-999.9	0	4.0625	9.87264482634785	330
EAST_POINT_(AUT)	2022	10	1	274	9.9	16.3	9.18194607985492	-999.9	0	5.81018518518519	11.9195060034011	330
EAST_POINT_(AUT)	2022	10	2	275	7.9	10.6	5.89009973361402	-999.9	0	8.53009259259258	7.42414379144096	330
EAST_POINT_(AUT)	2022	10	3	276	4.5	12	9.69436226432045	-999.9	0	4.10879629629631	6.84276374775633	330
EAST_POINT_(AUT)	2022	10	4	277	7	15.8	10.3688507476738	-999.9	0	4.49074074074075	9.6994940115906	330
EAST_POINT_(AUT)	2022	10	5	278	10.4	17.2	8.99908396032752	-999.9	0	4.39814814814814	13.4264238420092	330
EAST_POINT_(AUT)	2022	10	6	279	12.5	15	5.38670783648329	-999.9	4.6	3.31018518518519	14.7334208531783	330
EAST_POINT_(AUT)	2022	10	7	280	12.5	15.5	5.82478381331119	-999.9	0	2.87037037037036	15.3406450568123	330
EAST_POINT_(AUT)	2022	10	8	281	5.3	15.1	10.3909545205414	-999.9	0	5.82175925925925	11.0791626847312	330
EAST_POINT_(AUT)	2022	10	9	282	3.9	12.7	9.71775056340596	-999.9	0	4.75694444444445	7.55360472728639	330
EAST_POINT_(AUT)	2022	10	10	283	4.4	10.7	8.11403494821911	-999.9	0	5.39351851851853	7.03588777194364	330
EAST_POINT_(AUT)	2022	10	11	284	4.1	13.9	9.98581422939248	-999.9	0	4.76851851851853	7.42070655889738	330
EAST_POINT_(AUT)	2022	10	12	285	6.7	8.2	3.85463382514813	-999.9	0	4.79166666666667	8.26770901920789	330
EAST_POINT_(AUT)	2022	10	13	286	12.6	14.9	4.70905008064453	-999.9	0	4.59876543209878	13.2003691793995	330
EAST_POINT_(AUT)	2022	10	14	287	11.7	16.9	6.985049770894	-999.9	0	5.50925925925925	13.9167489598357	330
EAST_POINT_(AUT)	2022	10	15	288	13.3	16.4	5.3200469508699	-999.9	0	6.16898148148147	15.2037821534431	330
EAST_POINT_(AUT)	2022	10	16	289	10.8	15.1	6.18024728714028	-999.9	0	3.11342592592592	14.0926254700295	330
EAST_POINT_(AUT)	2022	10	17	290	12	14	4.1571511626333	-999.9	0.2	2.92824074074075	14.4796157415103	330
EAST_POINT_(AUT)	2022	10	18	291	12	18.4	7.33422520950926	-999.9	0	5.05787037037036	14.4162513780049	330
EAST_POINT_(AUT)	2022	10	19	292	11.9	16.8	6.32881087208397	-999.9	6.8	7.88194444444445	14.7145243779154	330
EAST_POINT_(AUT)	2022	10	20	293	8.8	16.4	7.77265375995492	-999.9	18.6	4.83796296296297	11.4745337185274	330
EAST_POINT_(AUT)	2022	10	21	294	7.5	14.7	7.46016066479515	-999.9	0	4.6875	9.75719549904481	330
EAST_POINT_(AUT)	2022	10	22	295	9.6	16	6.93545108709589	-999.9	0	4.90740740740742	11.6321618040885	330
EAST_POINT_(AUT)	2022	10	23	296	9.4	15	6.3968688596871	-999.9	0	2.91666666666667	11.9136774322615	330
EAST_POINT_(AUT)	2022	10	24	297	11.2	20.4	8.08434047738718	-999.9	5.2	2.93981481481481	13.6290529398716	330
EAST_POINT_(AUT)	2022	10	25	298	13.6	17.2	4.98620865586727	-999.9	13.2	4.40821256038647	16.316405639475	330
EAST_POINT_(AUT)	2022	10	26	299	15	18	4.48789241957579	-999.9	2.9	3.35648148148147	18.2182287805435	330
EAST_POINT_(AUT)	2022	10	27	300	10.8	20.1	7.79081562055976	-999.9	11.2	7.28835978835978	16.6607335041052	330
EAST_POINT_(AUT)	2022	10	28	301	2.6	10.1	6.89813661199315	-999.9	0	6.88657407407408	6.56042938011633	330
EAST_POINT_(AUT)	2022	10	29	302	2.7	12.9	7.93166127428684	-999.9	0	4.65277777777778	7.01319041990316	330
EAST_POINT_(AUT)	2022	10	30	303	6.1	12.9	6.38539689911663	-999.9	0	5.24305555555556	8.40521793501587	330
EAST_POINT_(AUT)	2022	10	31	304	6.9	16.9	7.63506280092881	-999.9	0	4.31712962962964	10.5150683353599	330
EAST_POINT_(AUT)	2022	11	1	305	10.8	14.7	4.70150988464382	-999.9	0	4.03935185185186	13.5615793920075	330
EAST_POINT_(AUT)	2022	11	2	306	5.9	12.6	6.07647498601417	-999.9	0	10.5092592592593	8.4104683525907	330
EAST_POINT_(AUT)	2022	11	3	307	5.2	9.8	4.96504268977299	-999.9	0	7.83564814814814	6.13362842757602	330
EAST_POINT_(AUT)	2022	11	4	308	9.7	18.4	6.73376138071655	-999.9	0	4.62962962962964	11.3349578776359	330
EAST_POINT_(AUT)	2022	11	5	309	11.2	19.3	6.40800398463912	-999.9	0	6.36574074074075	13.7964525866453	330
EAST_POINT_(AUT)	2022	11	6	310	13	18.8	5.34821117014769	-999.9	0	6.44675925925925	15.7883468130215	330
EAST_POINT_(AUT)	2022	11	7	311	9.4	17.5	6.23429775075046	-999.9	12.4	6.74768518518519	13.8338007875919	330
EAST_POINT_(AUT)	2022	11	8	312	4.2	9.5	4.97477925443319	-999.9	0.5	15.9606481481481	6.22673602614718	330
EAST_POINT_(AUT)	2022	11	9	313	1.2	5.7	4.52249005796903	-999.9	1	11.3194444444444	5.24615211413594	330
EAST_POINT_(AUT)	2022	11	10	314	4.8	12	5.64445597712511	-999.9	0	5.45138888888889	7.81258095326885	330
EAST_POINT_(AUT)	2022	11	11	315	7.9	11.2	3.77094961863558	-999.9	0	5.25462962962964	9.59744742934437	330
EAST_POINT_(AUT)	2022	11	12	316	6.4	16.2	6.41361204042654	-999.9	33.3	7.8125	12.9126011535142	330
EAST_POINT_(AUT)	2022	11	13	317	5.8	8.5	3.3229973586854	-999.9	8.2	6.12268518518519	8.88603894755884	330
EAST_POINT_(AUT)	2022	11	14	318	2.5	11.4	5.95619411609856	-999.9	3	11.7476851851852	8.58435005113028	330
EAST_POINT_(AUT)	2022	11	15	319	0.3	5.1	4.31908940817967	-999.9	5.9	7.82407407407408	6.29320751532475	330
EAST_POINT_(AUT)	2022	11	16	320	0.3	11.3	6.45717379011314	-999.9	10.8	4.54861111111111	8.25045110855016	330
EAST_POINT_(AUT)	2022	11	17	321	0.3	12.5	6.71710740744328	-999.9	0.2	7.85879629629631	7.95617983683023	330
EAST_POINT_(AUT)	2022	11	18	322	-3	2.7	4.5361003284801	-999.9	0	6.01851851851853	3.83103140395825	330
EAST_POINT_(AUT)	2022	11	19	323	-3.3	4.5	5.24356826788004	-999.9	0	3.66898148148147	4.05180848635763	330
EAST_POINT_(AUT)	2022	11	20	324	-1.3	7.2	5.41028358244531	-999.9	0.2	7.60416666666667	5.28731102344606	330
EAST_POINT_(AUT)	2022	11	21	325	-3.8	1.2	4.10230604293748	-999.9	0.7	9.95370370370369	3.9490178305764	330
EAST_POINT_(AUT)	2022	11	22	326	-2.3	2.1	3.80547126527767	-999.9	1.5	7.63888888888889	4.37179329199211	330
EAST_POINT_(AUT)	2022	11	23	327	-3.1	1.9	4.01252501681698	-999.9	0	8.33333333333333	3.62545750838826	330
EAST_POINT_(AUT)	2022	11	24	328	-2.5	1.5	3.55083090158142	-999.9	0	13.275462962963	3.59282681995579	330
EAST_POINT_(AUT)	2022	11	25	329	-3.4	6.9	5.6390695123767	-999.9	4.6	5.96064814814814	4.83924719054417	330
EAST_POINT_(AUT)	2022	11	26	330	3.5	7.9	3.64863630604428	-999.9	10.7	11.5740740740741	8.75298552068904	330
EAST_POINT_(AUT)	2022	11	27	331	3.3	6.9	3.26815292887232	-999.9	0	6.34259259259258	7.42507647300914	330
EAST_POINT_(AUT)	2022	11	28	332	1.7	7.5	4.10911549590295	-999.9	21.5	9.23611111111111	7.85900627294625	330
EAST_POINT_(AUT)	2022	11	29	333	-1.4	1.7	2.976730905377	-999.9	0	9.88425925925925	4.19105394509431	330
EAST_POINT_(AUT)	2022	11	30	334	-3.4	7.9	5.63336893036302	-999.9	0	5.94907407407408	4.90764768705668	330
EAST_POINT_(AUT)	2022	12	1	335	0	10.8	5.46086678329678	-999.9	17.9	10.2083333333333	7.11254535133659	330
EAST_POINT_(AUT)	2022	12	2	336	-3.8	1.2	3.68561905568128	-999.9	0	6.81712962962964	3.44899496039152	330
EAST_POINT_(AUT)	2022	12	3	337	-3.1	9.3	5.7593228695588	-999.9	2.4	8.03240740740742	5.84189387480827	330
EAST_POINT_(AUT)	2022	12	4	338	0.1	9.9	5.08244195305682	-999.9	11.2	8.86574074074075	7.16909033416962	330
EAST_POINT_(AUT)	2022	12	5	339	-3.2	2.6	3.88275486522601	-999.9	0	3.44907407407408	3.58802926415658	330
EAST_POINT_(AUT)	2022	12	6	340	0.9	5.9	3.58137088823901	-999.9	0	3.32175925925925	5.69311905420846	330
EAST_POINT_(AUT)	2022	12	7	341	5.6	8.5	2.71067301424964	-999.9	0	6.55092592592592	8.99840019140125	330
EAST_POINT_(AUT)	2022	12	8	342	6.2	7.4	1.73365110992088	-999.9	18.5	8.78472222222222	9.17885390308548	330
EAST_POINT_(AUT)	2022	12	9	343	3.5	6.2	2.58659486417237	-999.9	17.7	5.90277777777778	8.33358929055048	330
EAST_POINT_(AUT)	2022	12	10	344	-4	3.7	4.34663356691412	-999.9	0.2	12.8587962962963	5.16932233118317	330
EAST_POINT_(AUT)	2022	12	11	345	-4.7	-3.2	1.90986682218744	-999.9	0	7.74305555555556	3.30966161442123	330
EAST_POINT_(AUT)	2022	12	12	346	-4.4	0.2	3.33102227244039	-999.9	0	3.85416666666667	3.5519920456142	330
EAST_POINT_(AUT)	2022	12	13	347	-1.1	4.2	3.56263708623174	-999.9	30.6	12.5694444444444	6.47753783917289	330
EAST_POINT_(AUT)	2022	12	14	348	-3.4	3.9	4.16798554467729	-999.9	7.9	7.31481481481481	5.37880391765404	330
EAST_POINT_(AUT)	2022	12	15	349	2.4	4	1.94604982829302	-999.9	0	15.3240740740741	6.62967259032296	330
EAST_POINT_(AUT)	2022	12	16	350	2.6	4	1.81629732006077	-999.9	0	8.68055555555556	6.23290893360234	330
EAST_POINT_(AUT)	2022	12	17	351	3.1	4.5	1.81308054304137	-999.9	0	9.71064814814814	6.2218002563192	330
EAST_POINT_(AUT)	2022	12	18	352	3	4.3	1.74484660344732	-999.9	5.7	9.91898148148147	7.0645265580886	330
EAST_POINT_(AUT)	2022	12	19	353	3	3.9	1.4505828201087	-999.9	3.7	10.4050925925926	7.23955941621122	330
EAST_POINT_(AUT)	2022	12	20	354	2.5	5	2.41674456845608	-999.9	0	12.3958333333333	6.99788008112551	330
EAST_POINT_(AUT)	2022	12	21	355	-1.2	3.1	3.16984845644632	-999.9	0.2	4.52546296296297	4.60997451292884	330
EAST_POINT_(AUT)	2022	12	22	356	-3.7	1.6	3.52119254340059	-999.9	0	4.89583333333333	4.05587595874116	330
EAST_POINT_(AUT)	2022	12	23	357	-3.6	6.7	4.91384840174624	-999.9	3.2	9.56018518518519	5.24401241706461	330
EAST_POINT_(AUT)	2022	12	24	358	0.8	9.2	4.4442371724708	-999.9	4.3	8.99305555555556	6.36968565841446	330
EAST_POINT_(AUT)	2022	12	25	359	-4.9	2.5	4.17955594479898	-999.9	0	6.16898148148147	3.877365913818	330
EAST_POINT_(AUT)	2022	12	26	360	-5.5	-0.5	3.44395182908238	-999.9	0.2	4.89583333333333	2.967752032132	330
EAST_POINT_(AUT)	2022	12	27	361	-4.8	-0.6	3.16558608284812	-999.9	2.3	4.38657407407408	3.74567979254913	330
EAST_POINT_(AUT)	2022	12	28	362	-9	-3.4	3.6675734439245	-999.9	0.5	6.01851851851853	3.01400709675805	330
EAST_POINT_(AUT)	2022	12	29	363	-3.8	-1.3	2.45983538487066	-999.9	0.4	3.93518518518519	3.82936703672465	330
EAST_POINT_(AUT)	2022	12	30	364	-2.3	4.7	4.13361428146779	-999.9	0.2	5.34722222222222	5.9210842397027	330
EAST_POINT_(AUT)	2022	12	31	365	3.7	11.1	4.27004864783117	-999.9	0	5.15046296296297	9.21961796021615	330
