EAST_POINT_(AUT)	2023	1	1	1	0.5	7.1	4.05334301517297	-999.9	29.6	6.50462962962964	7.80913117392382	330
EAST_POINT_(AUT)	2023	1	2	2	-2	1.2	2.83809032319224	-999.9	0.2	7.70833333333333	4.72695942308123	330
EAST_POINT_(AUT)	2023	1	3	3	-2.4	3.1	3.74304115024213	-999.9	0	4.25925925925925	5.07817107377616	330
EAST_POINT_(AUT)	2023	1	4	4	-2.8	3.3	3.9671533470014	-999.9	1.1	4.375	5.76022416651808	330
EAST_POINT_(AUT)	2023	1	5	5	-4.8	-1.1	3.11071991108018	-999.9	0	6.58564814814814	3.54369172137052	330
EAST_POINT_(AUT)	2023	1	6	6	-1.7	1.4	2.86786186454785	-999.9	0	4.36342592592592	4.32499128245262	330
EAST_POINT_(AUT)	2023	1	7	7	-1.3	2	2.98139190435039	-999.9	0.7	2.7662037037037	5.34214188100797	330
EAST_POINT_(AUT)	2023	1	8	8	-8.8	-0.7	4.7081746607695	-999.9	1.1	9.59490740740742	3.44120412219171	330
EAST_POINT_(AUT)	2023	1	9	9	-4.8	-0.3	3.53853282064516	-999.9	0	4.22453703703703	3.69100747175128	330
EAST_POINT_(AUT)	2023	1	10	10	-5.4	0.2	3.98173577329286	-999.9	3	9.54861111111111	4.75608216753866	330
EAST_POINT_(AUT)	2023	1	11	11	-8.1	-3.9	3.4794813917009	-999.9	0	7.59259259259258	2.83633823632162	330
EAST_POINT_(AUT)	2023	1	12	12	-9.1	-2.1	4.53414801054702	-999.9	0.9	2.84722222222222	3.13664414415025	330
EAST_POINT_(AUT)	2023	1	13	13	-2.8	7	5.41697860735741	-999.9	14.1	8.31018518518519	6.19951668849138	330
EAST_POINT_(AUT)	2023	1	14	14	-0.6	6.8	4.75437179769551	-999.9	37.8	8.83101851851853	7.48043491241169	330
EAST_POINT_(AUT)	2023	1	15	15	-1.2	1.9	3.10901077433357	-999.9	10.6	12.4189814814815	5.87589789049331	330
EAST_POINT_(AUT)	2023	1	16	16	1.8	7.7	4.33468399329214	-999.9	11.8	10.0810185185185	8.04641345327991	330
EAST_POINT_(AUT)	2023	1	17	17	1.1	8.6	4.94052493270381	-999.9	3.3	3.26388888888889	8.61270472133446	330
EAST_POINT_(AUT)	2023	1	18	18	-0.7	4	3.95474399248782	-999.9	0	3.41435185185186	6.42657022540102	330
EAST_POINT_(AUT)	2023	1	19	19	-0.5	1.3	2.47538982063783	-999.9	0.9	8.02083333333333	6.00489385672726	330
EAST_POINT_(AUT)	2023	1	20	20	-1.2	0.6	2.50430591508128	-999.9	0.9	9.95370370370369	5.4646136073347	330
EAST_POINT_(AUT)	2023	1	21	21	-2.7	-0.2	2.98652218821847	-999.9	0.2	11.6782407407407	4.60348295148849	330
EAST_POINT_(AUT)	2023	1	22	22	-3.5	0.3	3.72673028325044	-999.9	0	5.19675925925925	4.11994908105732	330
EAST_POINT_(AUT)	2023	1	23	23	0.1	3	3.29584203746517	-999.9	35.6	6.77083333333333	6.60739823978256	330
EAST_POINT_(AUT)	2023	1	24	24	-2.7	1.1	3.82011328902169	-999.9	1.8	10.4861111111111	5.12649912275334	330
EAST_POINT_(AUT)	2023	1	25	25	-8.9	-0.9	5.61341804838122	-999.9	0	6.30787037037036	3.04812022412762	330
EAST_POINT_(AUT)	2023	1	26	26	-3.7	7.4	6.69757891695094	-999.9	12	9.4212962962963	6.06798504518294	330
EAST_POINT_(AUT)	2023	1	27	27	-6.9	3	6.4079495088529	-999.9	0	5.91435185185186	3.53636358585098	330
EAST_POINT_(AUT)	2023	1	28	28	-7.5	2.3	6.45990397422001	-999.9	0	5.3125	3.79472393287402	330
EAST_POINT_(AUT)	2023	1	29	29	-4.4	2.1	5.33142064077336	-999.9	0.4	6.09953703703703	3.80206092930127	330
EAST_POINT_(AUT)	2023	1	30	30	-2.9	4.3	5.68699495661168	-999.9	1.4	5.47453703703703	5.37522409393849	330
EAST_POINT_(AUT)	2023	1	31	31	-7.2	-2.4	4.70673846544005	-999.9	3.8	5.56712962962964	3.6159877099479	330
EAST_POINT_(AUT)	2023	2	1	32	-12.5	-6.3	5.42283275421284	-999.9	1	5.97222222222222	2.0890265376113	330
EAST_POINT_(AUT)	2023	2	2	33	-12.6	-1.7	7.28984373764337	-999.9	0	5.21990740740742	2.31815680254621	330
EAST_POINT_(AUT)	2023	2	3	34	-26.1	0.5	11.5467508113678	-999.9	1.8	9.6875	2.02319790719526	330
EAST_POINT_(AUT)	2023	2	4	35	-26.9	-12.1	8.73371563445472	-999.9	1.1	12.337962962963	1.064377776756	330
EAST_POINT_(AUT)	2023	2	5	36	-17.6	1.2	9.98222706070459	-999.9	3.8	7.48842592592592	3.01935426576416	330
EAST_POINT_(AUT)	2023	2	6	37	-5.2	-0.9	4.8416144059846	-999.9	0	4.65277777777778	4.45265353265969	330
EAST_POINT_(AUT)	2023	2	7	38	-5.1	-3.1	3.34889590207781	-999.9	0	10.9259259259259	3.23765984831257	330
EAST_POINT_(AUT)	2023	2	8	39	-4.2	-0.6	4.55709433311546	-999.9	0	6.30787037037036	4.10232532668665	330
EAST_POINT_(AUT)	2023	2	9	40	-9.4	-4.1	5.60842058362639	-999.9	0	9.57175925925925	2.50999087267428	330
EAST_POINT_(AUT)	2023	2	10	41	-7.3	1.1	7.1617693043111	-999.9	12.6	5.47453703703703	4.30560342414943	330
EAST_POINT_(AUT)	2023	2	11	42	-8.7	-1.8	6.58403260441517	-999.9	0	10.0462962962963	3.32035527090245	330
EAST_POINT_(AUT)	2023	2	12	43	-9.6	1	8.27775242580893	-999.9	0.8	4.88425925925925	3.08139524350129	330
EAST_POINT_(AUT)	2023	2	13	44	-3.6	-0.7	4.39190198979467	-999.9	0	5.53240740740742	4.47287887225492	330
EAST_POINT_(AUT)	2023	2	14	45	-4.4	-2	4.05277330568155	-999.9	0.2	12.1527777777778	3.94021699890608	330
EAST_POINT_(AUT)	2023	2	15	46	-5.7	0.9	6.81722404042577	-999.9	1.8	5.45138888888889	3.67558055930001	330
EAST_POINT_(AUT)	2023	2	16	47	-0.5	9.6	8.55417447295036	-999.9	1.8	6.82870370370369	7.0603267736631	330
EAST_POINT_(AUT)	2023	2	17	48	-5.1	-0.5	5.85555704953083	-999.9	6.3	4.13194444444444	4.29458372938974	330
EAST_POINT_(AUT)	2023	2	18	49	-10.8	-4.8	6.78303617336719	-999.9	0.2	4.42129629629631	2.7956163769508	330
EAST_POINT_(AUT)	2023	2	19	50	-7.4	-0.5	7.37763122649719	-999.9	2.9	4.24768518518519	3.41813568460214	330
EAST_POINT_(AUT)	2023	2	20	51	-0.6	5.7	7.14971455636996	-999.9	13.7	8.47222222222222	6.90222171691466	330
EAST_POINT_(AUT)	2023	2	21	52	-5.9	3.1	8.66653335177592	-999.9	0	6.49305555555556	4.52037092227406	330
EAST_POINT_(AUT)	2023	2	22	53	-6.9	-0.9	7.17600717004768	-999.9	0	6.31944444444445	3.38061032805598	330
EAST_POINT_(AUT)	2023	2	23	54	-9.9	-6.9	5.14548180573485	-999.9	0	7.66203703703703	2.18704709744381	330
EAST_POINT_(AUT)	2023	2	24	55	-11.5	-7.4	6.09941902304439	-999.9	1.2	7.17592592592592	2.07645718419607	330
EAST_POINT_(AUT)	2023	2	25	56	-15.1	-10.5	6.55054528335741	-999.9	0.5	7.43055555555556	1.61970841457129	330
EAST_POINT_(AUT)	2023	2	26	57	-15.1	-9	7.64776168634329	-999.9	0.6	4.32870370370369	1.53635003206678	330
EAST_POINT_(AUT)	2023	2	27	58	-13.8	-6.9	8.24578240737573	-999.9	0.2	5.09259259259258	1.94905701682959	330
EAST_POINT_(AUT)	2023	2	28	59	-13.2	-5.5	8.82989994872548	-999.9	0	3.72685185185186	2.00922272357287	330
EAST_POINT_(AUT)	2023	3	1	60	-7.9	-2.9	7.21210421871841	-999.9	0	2.46527777777778	2.65906376194544	330
EAST_POINT_(AUT)	2023	3	2	61	-8.9	-2.4	8.33416466566628	-999.9	0	2.89351851851853	3.17543060399727	330
EAST_POINT_(AUT)	2023	3	3	62	-6.3	-2	6.86955027642685	-999.9	1.2	10.5902777777778	3.75710059473229	330
EAST_POINT_(AUT)	2023	3	4	63	-9.3	-3.8	7.87268529220665	-999.9	0	5.45138888888889	2.65119575970032	330
EAST_POINT_(AUT)	2023	3	5	64	-5.9	-2.4	6.36327091335633	-999.9	1.8	8.20601851851853	3.22840679846756	330
EAST_POINT_(AUT)	2023	3	6	65	-3.4	0	6.35399303905202	-999.9	1.8	5.86805555555556	5.0901354643513	330
EAST_POINT_(AUT)	2023	3	7	66	-2.7	0.2	5.94459035992652	-999.9	1.6	5.91435185185186	5.11883877803219	330
EAST_POINT_(AUT)	2023	3	8	67	-0.9	0.6	4.33049753590797	-999.9	0	9.95370370370369	5.41632066782674	330
EAST_POINT_(AUT)	2023	3	9	68	-4.6	0	7.68055772355806	-999.9	0	9.44444444444444	4.54761665569571	330
EAST_POINT_(AUT)	2023	3	10	69	-4.9	-0.3	7.77796184969546	-999.9	0	6.67824074074075	4.37787749939586	330
EAST_POINT_(AUT)	2023	3	11	70	-6.8	0.4	9.85318333055346	-999.9	0	6.11111111111111	4.28574372034861	330
EAST_POINT_(AUT)	2023	3	12	71	-2.1	0.4	5.87831925597664	-999.9	0	6.00694444444445	5.16027370520912	330
EAST_POINT_(AUT)	2023	3	13	72	-4.7	0.4	8.49942692697808	-999.9	0	2.73148148148148	4.66410013117204	330
EAST_POINT_(AUT)	2023	3	14	73	-4.6	0.6	8.6871102396217	-999.9	3.7	4.93055555555556	4.65624886881566	330
EAST_POINT_(AUT)	2023	3	15	74	-1.1	1.2	5.8472763894317	-999.9	5.2	8.71527777777778	5.63358019540334	330
EAST_POINT_(AUT)	2023	3	16	75	-1	-0.2	3.48977124427298	-999.9	0.5	10.1736111111111	5.55691326403872	330
EAST_POINT_(AUT)	2023	3	17	76	-3.1	0.2	7.17161135062173	-999.9	0	6.31944444444445	5.37226922172203	330
EAST_POINT_(AUT)	2023	3	18	77	-1.6	1.6	7.14475765236006	-999.9	3.5	4.05092592592592	5.93550297083333	330
EAST_POINT_(AUT)	2023	3	19	78	-2.6	5.8	11.7097937988749	-999.9	0.8	6.11111111111111	5.12346040747692	330
EAST_POINT_(AUT)	2023	3	20	79	-4.6	2.1	10.577619103793	-999.9	0	8.73842592592592	2.82309723634483	330
EAST_POINT_(AUT)	2023	3	21	80	-2.7	1.1	8.05613217991698	-999.9	0	4.30555555555556	4.00952543153696	330
EAST_POINT_(AUT)	2023	3	22	81	-6.1	0.3	10.5718729942003	-999.9	0	4.60648148148147	3.94248618330901	330
EAST_POINT_(AUT)	2023	3	23	82	-6.3	-0.6	10.0871631758689	-999.9	1.2	4.02173913043478	3.86161812587483	330
EAST_POINT_(AUT)	2023	3	24	83	-1.9	-0.5	5.05367660790368	-999.9	5.9	8.125	5.40722690579575	330
EAST_POINT_(AUT)	2023	3	25	84	-5.1	0.2	9.93882388992541	-999.9	0	6.95601851851853	4.49047006486244	330
EAST_POINT_(AUT)	2023	3	26	85	-5.3	0.6	10.5978612789505	-999.9	5.8	3.04398148148147	4.85931478843281	330
EAST_POINT_(AUT)	2023	3	27	86	-4.1	3.1	11.8302771406514	-999.9	3.2	2.41898148148148	5.65185934889407	330
EAST_POINT_(AUT)	2023	3	28	87	-4	0.1	9.01982492047702	-999.9	0.6	4.0625	5.09796219959297	330
EAST_POINT_(AUT)	2023	3	29	88	-3	0.5	8.41896273193484	-999.9	0.6	3.09027777777778	5.43534073719503	330
EAST_POINT_(AUT)	2023	3	30	89	-4.7	2.9	12.5311366847857	-999.9	1.9	6.45833333333333	5.22564444177433	330
EAST_POINT_(AUT)	2023	3	31	90	-5.8	1.5	12.4035157108054	-999.9	0.2	6.29629629629631	4.68151161089644	330
EAST_POINT_(AUT)	2023	4	1	91	-1.6	1.8	8.5479706967077	-999.9	4.3	5.75231481481481	5.74692154364191	330
EAST_POINT_(AUT)	2023	4	2	92	-3.6	3.9	12.8184294061379	-999.9	0	7.07175925925925	4.97922079979648	330
EAST_POINT_(AUT)	2023	4	3	93	-4.9	2.6	12.9406416303913	-999.9	0	7.75462962962964	3.65714090119028	330
EAST_POINT_(AUT)	2023	4	4	94	-0.9	5.9	12.4377259365655	-999.9	0.3	3.95833333333333	6.28086871978222	330
EAST_POINT_(AUT)	2023	4	5	95	-2.7	0.2	8.19760952297196	-999.9	0	6.27314814814814	3.80947656447829	330
EAST_POINT_(AUT)	2023	4	6	96	-2.3	1.2	9.08791653065082	-999.9	0.8	4.60648148148147	5.34608685357869	330
EAST_POINT_(AUT)	2023	4	7	97	-1.5	8.4	15.4216343888079	-999.9	0.3	7.73148148148147	6.06531206730769	330
EAST_POINT_(AUT)	2023	4	8	98	-3.7	0	9.51122921144467	-999.9	0	9.25925925925925	3.26165331569476	330
EAST_POINT_(AUT)	2023	4	9	99	-5.4	1.2	12.8136039792844	-999.9	0	5.74074074074075	3.36123691723862	330
EAST_POINT_(AUT)	2023	4	10	100	1.1	9.7	14.7520631006636	-999.9	0	5.60185185185186	4.58280626595355	330
EAST_POINT_(AUT)	2023	4	11	101	0.7	13.5	18.1490335797651	-999.9	0.6	5.34722222222222	6.66860802177016	330
EAST_POINT_(AUT)	2023	4	12	102	0.5	6.4	12.4239706601407	-999.9	2.2	7.10648148148147	7.20214737353112	330
EAST_POINT_(AUT)	2023	4	13	103	2.1	12.2	16.3878524000859	-999.9	0	5.48611111111111	7.611140963691	330
EAST_POINT_(AUT)	2023	4	14	104	0.8	12.6	17.8554384353196	-999.9	0	7.29166666666667	7.0710343971799	330
EAST_POINT_(AUT)	2023	4	15	105	0.7	5.6	11.5967714266335	-999.9	0	3.93518518518519	5.98881958188383	330
EAST_POINT_(AUT)	2023	4	16	106	0.9	6.2	12.1542482293946	-999.9	0	2.91666666666667	5.84845908981999	330
EAST_POINT_(AUT)	2023	4	17	107	3	7.1	10.7714697686002	-999.9	0	2.31481481481481	7.41730731111644	330
EAST_POINT_(AUT)	2023	4	18	108	1.2	5.2	10.7188420608598	-999.9	5.9	6.57407407407408	7.24406728452562	330
EAST_POINT_(AUT)	2023	4	19	109	1.3	6.7	12.5456097247881	-999.9	0.3	3.46064814814814	7.53179601927538	330
EAST_POINT_(AUT)	2023	4	20	110	1.4	4.5	9.57403826291126	-999.9	0.2	7.62731481481481	6.96892155740687	330
EAST_POINT_(AUT)	2023	4	21	111	0.5	4.6	11.0883848290649	-999.9	0	6.45833333333333	6.70326632374418	330
EAST_POINT_(AUT)	2023	4	22	112	0.5	5.2	11.9544667326606	-999.9	0	5.39351851851853	6.72644213584323	330
EAST_POINT_(AUT)	2023	4	23	113	-1	5.2	13.8237270728719	-999.9	0	3.99305555555556	6.50294792756342	330
EAST_POINT_(AUT)	2023	4	24	114	-2.2	3.2	12.9872610786513	-999.9	0	2.16435185185185	6.1519240880996	330
EAST_POINT_(AUT)	2023	4	25	115	-0.9	4.4	12.9507112891304	-999.9	0	2.33796296296296	6.62120824987813	330
EAST_POINT_(AUT)	2023	4	26	116	-1.5	2.7	11.602703523198	-999.9	0	2.51157407407408	6.19122746959591	330
EAST_POINT_(AUT)	2023	4	27	117	-1.7	4.2	13.8383256372262	-999.9	0	1.89814814814815	6.34780392348721	330
EAST_POINT_(AUT)	2023	4	28	118	-0.5	6.9	15.5933985942424	-999.9	0	3.98148148148147	7.12826514320993	330
EAST_POINT_(AUT)	2023	4	29	119	1.9	6.4	12.233288350116	-999.9	0	3.40277777777778	7.20446143263706	330
EAST_POINT_(AUT)	2023	4	30	120	1.7	6.8	13.1002324034047	-999.9	0	3.59953703703703	6.6891629288034	330
EAST_POINT_(AUT)	2023	5	1	121	3.3	9	13.9294344931374	-999.9	6.8	6.65509259259258	6.6072101744444	330
EAST_POINT_(AUT)	2023	5	2	122	3.2	5.5	8.89831093283515	-999.9	14.5	6.45833333333333	7.3931957598287	330
EAST_POINT_(AUT)	2023	5	3	123	2.5	3.9	6.98073260621246	-999.9	0.7	4.96527777777778	7.02854663263254	330
EAST_POINT_(AUT)	2023	5	4	124	3.1	5.6	9.37877908799801	-999.9	0	8.66898148148147	7.6434590859724	330
EAST_POINT_(AUT)	2023	5	5	125	1.8	5.5	11.4699820508037	-999.9	0	7.95138888888889	6.6946386109434	330
EAST_POINT_(AUT)	2023	5	6	126	-1.2	8.3	18.4737803048829	-999.9	0	5.43981481481481	6.14416769548504	330
EAST_POINT_(AUT)	2023	5	7	127	0.1	17.5	25.1273955065732	-999.9	0	4.42129629629631	7.77599936854914	330
EAST_POINT_(AUT)	2023	5	8	128	1.4	8.1	15.6688158412618	-999.9	1.6	4.84953703703703	7.82478856029751	330
EAST_POINT_(AUT)	2023	5	9	129	2.3	6.4	12.3158368647764	-999.9	0	8.05555555555556	6.45818416631957	330
EAST_POINT_(AUT)	2023	5	10	130	-0.7	6.9	16.8461077702573	-999.9	0	3.92361111111111	5.09768322809951	330
EAST_POINT_(AUT)	2023	5	11	131	1.1	13.8	21.875763707312	-999.9	0	3.69212962962964	5.69117538572222	330
EAST_POINT_(AUT)	2023	5	12	132	4.3	12.4	17.5477124510183	-999.9	0	8.33333333333333	8.53203941177531	330
EAST_POINT_(AUT)	2023	5	13	133	5.1	10.3	14.1203220586595	-999.9	3.1	5.67129629629631	9.32254659513043	330
EAST_POINT_(AUT)	2023	5	14	134	3.5	9.2	14.8454655411329	-999.9	0	7.66203703703703	7.35821716928387	330
EAST_POINT_(AUT)	2023	5	15	135	3.5	17.1	23.0243869743387	-999.9	0	4.73379629629631	7.03905626619861	330
EAST_POINT_(AUT)	2023	5	16	136	5.1	13.7	18.3814204581118	-999.9	5.1	3.98148148148147	9.28638201363652	330
EAST_POINT_(AUT)	2023	5	17	137	3.4	6.5	11.0782491730725	-999.9	0	6.14583333333333	7.8845392677222	330
EAST_POINT_(AUT)	2023	5	18	138	3.3	9.4	15.5978619621376	-999.9	0	7.10648148148147	6.50335371964937	330
EAST_POINT_(AUT)	2023	5	19	139	4.5	15.7	21.2113683473356	-999.9	0	7.99768518518519	7.57130899156684	330
EAST_POINT_(AUT)	2023	5	20	140	6.2	19.1	22.8435660706265	-999.9	0	7.36111111111111	10.7206464624063	330
EAST_POINT_(AUT)	2023	5	21	141	7.4	14.2	16.6411344224009	-999.9	4.8	7.60416666666667	11.6942072439098	330
EAST_POINT_(AUT)	2023	5	22	142	4.1	7.5	11.8053156739729	-999.9	0	6.86342592592592	7.49023648348731	330
EAST_POINT_(AUT)	2023	5	23	143	4.1	8.5	13.4717679831389	-999.9	0	4.54861111111111	7.07858893809501	330
EAST_POINT_(AUT)	2023	5	24	144	5	12.1	17.1647767791103	-999.9	0	7.44212962962964	8.93369982161245	330
EAST_POINT_(AUT)	2023	5	25	145	4.7	6.6	8.90527449235591	-999.9	25.1	6.46990740740742	8.74915321529469	330
EAST_POINT_(AUT)	2023	5	26	146	4.4	8.2	12.629169668059	-999.9	5	5.27777777777778	9.24371038530016	330
EAST_POINT_(AUT)	2023	5	27	147	5	13	18.3734880548721	-999.9	0	5.68287037037036	9.83183580974948	330
EAST_POINT_(AUT)	2023	5	28	148	7.3	29.6	30.754874121893	-999.9	0	6.70138888888889	13.952492788824	330
EAST_POINT_(AUT)	2023	5	29	149	1.4	7.9	16.645028468549	-999.9	0	8.51851851851853	6.57368029346146	330
EAST_POINT_(AUT)	2023	5	30	150	2	17.1	25.4292915636168	-999.9	0	4.71064814814814	7.67173054624493	330
EAST_POINT_(AUT)	2023	5	31	151	11.2	25.2	24.5402763916555	-999.9	0	4.24768518518519	11.3316468219119	330
EAST_POINT_(AUT)	2023	6	1	152	10.3	23.5	23.879426631962	-999.9	0	2.87037037037036	13.967029637017	330
EAST_POINT_(AUT)	2023	6	2	153	7.1	14.8	18.2749319326039	-999.9	9.3	4.90740740740742	11.5813348538631	330
EAST_POINT_(AUT)	2023	6	3	154	6.5	7.6	6.92041794342714	-999.9	13.2	10.7407407407407	9.78343885725521	330
EAST_POINT_(AUT)	2023	6	4	155	7.4	9.5	9.57907154448595	-999.9	0	6.26157407407408	10.4195542617975	330
EAST_POINT_(AUT)	2023	6	5	156	8	9.9	9.12684510270897	-999.9	19.5	5.83333333333333	10.6291507304627	330
EAST_POINT_(AUT)	2023	6	6	157	8.1	11	11.2934182273442	-999.9	15	7.8125	11.2175303880231	330
EAST_POINT_(AUT)	2023	6	7	158	8.3	13.3	14.8506843632132	-999.9	0	5.41666666666667	11.8513583143794	330
EAST_POINT_(AUT)	2023	6	8	159	8.4	14.9	16.9553128257359	-999.9	0	3.22916666666667	12.9541465891251	330
EAST_POINT_(AUT)	2023	6	9	160	7.4	10.4	11.5332077249359	-999.9	0	3.84259259259258	10.9201642827779	330
EAST_POINT_(AUT)	2023	6	10	161	7	9.3	10.1098924959372	-999.9	0	5.47453703703703	10.4188357595492	330
EAST_POINT_(AUT)	2023	6	11	162	8.2	15	17.4013545921679	-999.9	3.9	5.84490740740742	12.7487911650986	330
EAST_POINT_(AUT)	2023	6	12	163	11.6	16.3	14.4802622423773	-999.9	0	4.01620370370369	12.9226184535262	330
EAST_POINT_(AUT)	2023	6	13	164	11.6	23	22.5700125894671	-999.9	0	3.69212962962964	15.7959330640528	330
EAST_POINT_(AUT)	2023	6	14	165	10.6	14.9	13.8713432474362	-999.9	4.5	5.46296296296297	13.2702557930072	330
EAST_POINT_(AUT)	2023	6	15	166	10.3	18.1	18.6934558810946	-999.9	0	5.12731481481481	15.0395594997823	330
EAST_POINT_(AUT)	2023	6	16	167	9.3	13.4	13.5595528223894	-999.9	0	2.82407407407408	13.0266460271943	330
EAST_POINT_(AUT)	2023	6	17	168	10	13.1	11.7950180210201	-999.9	0	4.25925925925925	12.7158147741909	330
EAST_POINT_(AUT)	2023	6	18	169	9.7	12.3	10.8049304596164	-999.9	18.9	4.87268518518519	12.4493629192404	330
EAST_POINT_(AUT)	2023	6	19	170	7.4	11.3	13.2354403655913	-999.9	1.2	5.72916666666667	11.1649457501175	330
EAST_POINT_(AUT)	2023	6	20	171	6.7	12.1	15.5749635493756	-999.9	0	5.78703703703703	10.2880480863083	330
EAST_POINT_(AUT)	2023	6	21	172	5.5	21.1	26.470968090619	-999.9	0	3.22916666666667	10.6641143807878	330
EAST_POINT_(AUT)	2023	6	22	173	14	26.8	23.9741486195102	-999.9	0	4.88425925925925	13.566740666441	330
EAST_POINT_(AUT)	2023	6	23	174	14.4	24.9	21.7078529162111	-999.9	0	5.71759259259258	12.9434108189846	330
EAST_POINT_(AUT)	2023	6	24	175	15.2	27.4	23.3904989074364	-999.9	0	5.34722222222222	18.4511526512648	330
EAST_POINT_(AUT)	2023	6	25	176	10.2	22.2	23.1868034813648	-999.9	3.4	5.24305555555556	17.4573305896293	330
EAST_POINT_(AUT)	2023	6	26	177	10.4	16	15.8302690702417	-999.9	0	5.05787037037036	13.8512293417309	330
EAST_POINT_(AUT)	2023	6	27	178	12.3	18.8	17.0430891499157	-999.9	0	6.49305555555556	15.9625765481245	330
EAST_POINT_(AUT)	2023	6	28	179	15.1	19.4	13.8508535032706	-999.9	8.4	6.49305555555556	19.1748748125871	330
EAST_POINT_(AUT)	2023	6	29	180	15.5	21.4	16.2095994480039	-999.9	0	6.64351851851853	19.4079071235314	330
EAST_POINT_(AUT)	2023	6	30	181	15.5	21.2	15.9162572571817	-999.9	0	6.14583333333333	19.9302914849768	330
EAST_POINT_(AUT)	2023	7	1	182	14.8	20.7	16.174840997554	-999.9	0	5.49768518518519	19.0806870885372	330
EAST_POINT_(AUT)	2023	7	2	183	14.8	23	19.0451608965006	-999.9	11.4	5.67129629629631	20.4449770725031	330
EAST_POINT_(AUT)	2023	7	3	184	16	18.4	10.2896409438569	-999.9	31	6.71296296296297	19.3248645878198	330
EAST_POINT_(AUT)	2023	7	4	185	15	20.6	15.6949025008106	-999.9	3.7	3.47222222222222	20.0027800795471	330
EAST_POINT_(AUT)	2023	7	5	186	14.6	20.2	15.6704587409521	-999.9	0.5	2.7662037037037	19.0886202571494	330
EAST_POINT_(AUT)	2023	7	6	187	13.7	18.6	14.6339594689469	-999.9	0.3	4.45601851851853	17.4034023839243	330
EAST_POINT_(AUT)	2023	7	7	188	13.7	21.3	18.1928054764671	-999.9	0	2.33796296296296	18.5737138811412	330
EAST_POINT_(AUT)	2023	7	8	189	18	25.3	17.7965686729155	-999.9	0	2.95138888888889	22.8183916268121	330
EAST_POINT_(AUT)	2023	7	9	190	17.7	25.4	18.2412666261108	-999.9	0	2.59259259259259	23.2190201413515	330
EAST_POINT_(AUT)	2023	7	10	191	16.9	22.2	15.1020215829117	-999.9	0	3.64583333333333	20.9076151269882	330
EAST_POINT_(AUT)	2023	7	11	192	16.6	20.2	12.4190557905547	-999.9	14.1	6.5625	19.1954117900621	330
EAST_POINT_(AUT)	2023	7	12	193	17	21.8	14.3070693610115	-999.9	1.2	3.87731481481481	21.8650461781379	330
EAST_POINT_(AUT)	2023	7	13	194	15.4	20.3	14.4202670004213	-999.9	0	2.62731481481481	20.0690667262681	330
EAST_POINT_(AUT)	2023	7	14	195	16.3	23.9	17.9134655070262	-999.9	0	2.90509259259258	21.9792900400407	330
EAST_POINT_(AUT)	2023	7	15	196	19	24.7	15.4724839912399	-999.9	0	4.39814814814814	23.329704818511	330
EAST_POINT_(AUT)	2023	7	16	197	18.9	26.3	17.5808714670747	-999.9	0	5.04629629629631	24.391038439362	330
EAST_POINT_(AUT)	2023	7	17	198	18.6	24.2	15.2500925288053	-999.9	0	6.09953703703703	23.0004589506475	330
EAST_POINT_(AUT)	2023	7	18	199	19.1	26.6	17.5960380851916	-999.9	0	4.375	25.563125993899	330
EAST_POINT_(AUT)	2023	7	19	200	19	22.6	12.1532670361672	-999.9	21.1	4.57175925925925	23.9156527200764	330
EAST_POINT_(AUT)	2023	7	20	201	17.5	23.4	15.5087541700746	-999.9	0	2.66203703703704	22.5695987204583	330
EAST_POINT_(AUT)	2023	7	21	202	18.5	24.3	15.3258812268606	-999.9	6.3	4.51388888888889	23.4909647975319	330
EAST_POINT_(AUT)	2023	7	22	203	17.6	20.7	11.1661674679271	-999.9	46.7	5.49768518518519	21.6782309866949	330
EAST_POINT_(AUT)	2023	7	23	204	19.9	25	14.2715559422271	-999.9	2.1	4.17824074074075	26.1021081983443	330
EAST_POINT_(AUT)	2023	7	24	205	19.7	25.3	14.9002700618343	-999.9	0	3.13657407407408	23.9354849752401	330
EAST_POINT_(AUT)	2023	7	25	206	18.6	25.9	16.9483027797439	-999.9	0	3.81944444444444	21.1961294666215	330
EAST_POINT_(AUT)	2023	7	26	207	18.9	25.3	15.807748321087	-999.9	0	4.29398148148147	22.625490144096	330
EAST_POINT_(AUT)	2023	7	27	208	18.6	27.4	18.4623508082009	-999.9	12.3	6.14583333333333	23.3792515615575	330
EAST_POINT_(AUT)	2023	7	28	209	18.2	23.9	14.7978604589639	-999.9	0	3.28703703703703	23.1815648779907	330
EAST_POINT_(AUT)	2023	7	29	210	16.5	23.9	16.7897100464313	-999.9	0	6.12268518518519	18.9067638230109	330
EAST_POINT_(AUT)	2023	7	30	211	14.5	22.6	17.4898254359989	-999.9	1.8	3.29861111111111	17.8994623325335	330
EAST_POINT_(AUT)	2023	7	31	212	13.8	23.7	19.2497801162912	-999.9	0	3.66898148148147	17.8904070729233	330
EAST_POINT_(AUT)	2023	8	1	213	13.9	21.6	16.8992765468467	-999.9	1.5	2.44212962962963	16.1152161822371	330
EAST_POINT_(AUT)	2023	8	2	214	12.2	21.8	18.7811457962241	-999.9	0	4.03935185185186	14.120723084265	330
EAST_POINT_(AUT)	2023	8	3	215	15	23.6	17.6908347819298	-999.9	0	4.13194444444444	16.4281635332805	330
EAST_POINT_(AUT)	2023	8	4	216	15.6	23	16.3296275653108	-999.9	0	5.87962962962964	17.2055509752772	330
EAST_POINT_(AUT)	2023	8	5	217	17.5	20.7	10.6842779852151	-999.9	12.4	7.76620370370369	19.6009958302231	330
EAST_POINT_(AUT)	2023	8	6	218	16.8	21.2	12.4639159276711	-999.9	4.8	3.92361111111111	19.4147510362361	330
EAST_POINT_(AUT)	2023	8	7	219	16.9	19.5	9.53061225055684	-999.9	1	7.32638888888889	17.7231852685304	330
EAST_POINT_(AUT)	2023	8	8	220	17.6	21.9	12.1905145111145	-999.9	0	5.02314814814814	19.1881334081137	330
EAST_POINT_(AUT)	2023	8	9	221	18	19.6	7.39518360114754	-999.9	9.7	7.63888888888889	20.0271239933884	330
EAST_POINT_(AUT)	2023	8	10	222	15.5	20	12.3322868873981	-999.9	0	6.21527777777778	18.4791201332592	330
EAST_POINT_(AUT)	2023	8	11	223	15.4	19.2	11.2674213346424	-999.9	17.5	3.96990740740742	18.6461406514473	330
EAST_POINT_(AUT)	2023	8	12	224	15.1	19.5	12.0531671225935	-999.9	0.5	5.03472222222222	17.5804108578998	330
EAST_POINT_(AUT)	2023	8	13	225	15.5	22.7	15.3260299399863	-999.9	1.1	3.54166666666667	19.3604928139013	330
EAST_POINT_(AUT)	2023	8	14	226	15.8	23.4	15.6496642481142	-999.9	4.8	4.08564814814814	21.4229100685023	330
EAST_POINT_(AUT)	2023	8	15	227	16.1	18.9	9.43969636292529	-999.9	0	4.28240740740742	18.0800881518676	330
EAST_POINT_(AUT)	2023	8	16	228	15.7	19.2	10.4867167076928	-999.9	0	4.93055555555556	16.8334740220072	330
EAST_POINT_(AUT)	2023	8	17	229	15.7	21.8	13.7544240743297	-999.9	0	2.56944444444444	19.1264059478555	330
EAST_POINT_(AUT)	2023	8	18	230	17.2	20.8	10.4965348048254	-999.9	3.8	4.67592592592592	20.8120247850561	330
EAST_POINT_(AUT)	2023	8	19	231	17.5	24	14.0092075418186	-999.9	0	5.43981481481481	21.7259814940737	330
EAST_POINT_(AUT)	2023	8	20	232	16.6	22.6	13.3671693830421	-999.9	0	4.58333333333333	19.2281353176089	330
EAST_POINT_(AUT)	2023	8	21	233	16.2	19.4	9.69371525158321	-999.9	1.3	4.97685185185186	18.9284619678579	330
EAST_POINT_(AUT)	2023	8	22	234	15.3	20.2	11.9099250719553	-999.9	0	4.52546296296297	15.466770274637	330
EAST_POINT_(AUT)	2023	8	23	235	13.1	19.4	13.4066735775126	-999.9	5.4	4.80324074074075	13.0177981460133	330
EAST_POINT_(AUT)	2023	8	24	236	9.4	19	16.4274434558879	-999.9	0	3.34490740740742	12.4787696390086	330
EAST_POINT_(AUT)	2023	8	25	237	11.4	21.7	16.8880770226757	-999.9	0.6	4.44444444444444	15.01433337431	330
EAST_POINT_(AUT)	2023	8	26	238	17.8	19	5.7203532967572	-999.9	18.4	7.66203703703703	19.7177961515075	330
EAST_POINT_(AUT)	2023	8	27	239	12.5	18.9	13.1079892876244	-999.9	0.7	4.22453703703703	16.6695570109713	330
EAST_POINT_(AUT)	2023	8	28	240	13.3	20.9	14.1713029971653	-999.9	0	4.22453703703703	15.8256732472336	330
EAST_POINT_(AUT)	2023	8	29	241	14.9	18.5	9.67506730390261	-999.9	0	4.4871794871795	17.2354293759498	330
EAST_POINT_(AUT)	2023	8	30	242	17.9	20.5	8.15514845157727	-999.9	32.32	5.48611111111111	21.8660478388893	330
EAST_POINT_(AUT)	2023	8	31	243	13.4	19.9	12.7875360788099	-999.9	0	7.35449735449736	15.2000223595721	330
EAST_POINT_(AUT)	2023	9	1	244	10.1	18.3	14.2417881647245	-999.9	0	4.32870370370369	10.8528713147078	330
EAST_POINT_(AUT)	2023	9	2	245	12.4	21.5	14.874691726551	-999.9	0	4.38657407407408	15.1833049975647	330
EAST_POINT_(AUT)	2023	9	3	246	15.8	22.2	12.3659964534231	-999.9	0	5.87962962962964	17.7416995738332	330
EAST_POINT_(AUT)	2023	9	4	247	15.8	21.2	11.2587438988489	-999.9	0	3.29861111111111	18.9775285058717	330
EAST_POINT_(AUT)	2023	9	5	248	17.2	20.2	8.31667284800456	-999.9	0	8.91203703703703	18.7204209159434	330
EAST_POINT_(AUT)	2023	9	6	249	17.6	21	8.77336749041315	-999.9	0	6.09953703703703	21.1393187540559	330
EAST_POINT_(AUT)	2023	9	7	250	17.8	21.7	9.30976975073671	-999.9	0.4	4.01620370370369	22.1156280821612	330
EAST_POINT_(AUT)	2023	9	8	251	17.8	21.8	9.34024545710282	-999.9	0	3.25231481481481	22.0769812877844	330
EAST_POINT_(AUT)	2023	9	9	252	19.2	25.1	11.2361581145508	-999.9	0	5.27777777777778	24.252940530746	330
EAST_POINT_(AUT)	2023	9	10	253	18.1	21	7.80182648708797	-999.9	0.4	3.56481481481481	20.6499676562312	330
EAST_POINT_(AUT)	2023	9	11	254	18.1	21.1	7.857878808502	-999.9	4.7	3.32175925925925	21.9668325067672	330
EAST_POINT_(AUT)	2023	9	12	255	16.7	20.8	9.09548935373705	-999.9	0	3.44907407407408	20.6059958419348	330
EAST_POINT_(AUT)	2023	9	13	256	17.6	23.2	10.523488449752	-999.9	0	2.93981481481481	22.5811529791761	330
EAST_POINT_(AUT)	2023	9	14	257	18.9	22.9	8.80378733076831	-999.9	22.8	5.65972222222222	23.5048331523937	330
EAST_POINT_(AUT)	2023	9	15	258	16.8	19.8	7.54599339637353	-999.9	0	4.28240740740742	18.6530566985334	330
EAST_POINT_(AUT)	2023	9	16	259	17	23.7	11.159687693925	-999.9	3.7	10.625	20.8965909452055	330
EAST_POINT_(AUT)	2023	9	17	260	15.4	19	8.09408113610422	-999.9	3.4	9.1087962962963	17.4367087444899	330
EAST_POINT_(AUT)	2023	9	18	261	14.4	20	9.98745987973469	-999.9	0	2.60416666666667	17.5762680894316	330
EAST_POINT_(AUT)	2023	9	19	262	14	20.4	10.5618283360653	-999.9	17	6.06481481481481	18.3397397999955	330
EAST_POINT_(AUT)	2023	9	20	263	12.8	18	9.41634897190846	-999.9	0	8.27546296296297	15.3419248042376	330
EAST_POINT_(AUT)	2023	9	21	264	10.8	14.6	7.96064867472623	-999.9	2.3	9.98842592592592	11.9985229461773	330
EAST_POINT_(AUT)	2023	9	22	265	8.8	15.7	10.607216120273	-999.9	0	5.625	9.93405872247365	330
EAST_POINT_(AUT)	2023	9	23	266	10.7	21.7	13.2415337376513	-999.9	0	5.19675925925925	15.1230096855438	330
EAST_POINT_(AUT)	2023	9	24	267	10.6	20.6	12.481085783165	-999.9	0	2.89351851851853	13.9162824806454	330
EAST_POINT_(AUT)	2023	9	25	268	10.6	15.7	8.81036175510952	-999.9	0	7.67361111111111	12.1690222951871	330
EAST_POINT_(AUT)	2023	9	26	269	10.9	16.3	8.96000498516393	-999.9	0	5.75231481481481	11.5327526302071	330
EAST_POINT_(AUT)	2023	9	27	270	9.8	15.6	9.17645914688723	-999.9	0	3.4375	12.5453066339448	330
EAST_POINT_(AUT)	2023	9	28	271	9.1	17.3	10.7811613389496	-999.9	0	3.32175925925925	13.5719194924935	330
EAST_POINT_(AUT)	2023	9	29	272	9.1	17.5	10.7806307288938	-999.9	0	2.1412037037037	13.3349351184566	330
EAST_POINT_(AUT)	2023	9	30	273	9.5	19.2	11.4442015514754	-999.9	0	2.00231481481481	14.508088897865	330
EAST_POINT_(AUT)	2023	10	1	274	9.2	17.7	10.5816700109611	-999.9	0	2.85879629629631	14.4874385163472	330
EAST_POINT_(AUT)	2023	10	2	275	10.1	17.4	9.68505734442603	-999.9	0	4.13194444444444	12.6835883826218	330
EAST_POINT_(AUT)	2023	10	3	276	12	22.2	11.3054720028912	-999.9	0	6.64351851851853	15.6951522307616	330
EAST_POINT_(AUT)	2023	10	4	277	10.2	15.5	8.04687438533758	-999.9	0	4.27083333333333	10.4325266288734	330
EAST_POINT_(AUT)	2023	10	5	278	12.9	18.9	8.45316746020776	-999.9	0	4.71064814814814	14.9872148062334	330
EAST_POINT_(AUT)	2023	10	6	279	14.8	20.7	8.27521759864283	-999.9	0	5.03472222222222	17.1827857085051	330
EAST_POINT_(AUT)	2023	10	7	280	14.7	20.1	7.81476753648257	-999.9	0	4.58333333333333	17.4674177527313	330
EAST_POINT_(AUT)	2023	10	8	281	10.8	17.8	8.7819594237261	-999.9	22.3	8.27546296296297	14.6940685979647	330
EAST_POINT_(AUT)	2023	10	9	282	8.4	17.1	9.66237831458964	-999.9	3	3.24074074074075	12.0712279859547	330
EAST_POINT_(AUT)	2023	10	10	283	8.4	17.4	9.69812670725059	-999.9	1.2	4.22453703703703	12.9535130755881	330
EAST_POINT_(AUT)	2023	10	11	284	8.4	16.7	9.18987259987352	-999.9	8.6	3.91203703703703	11.5782928000247	330
EAST_POINT_(AUT)	2023	10	12	285	10.2	16.1	7.64475381610419	-999.9	0.1	2.25694444444444	13.9376234219664	330
EAST_POINT_(AUT)	2023	10	13	286	10.6	16.4	7.47796430796353	-999.9	18.3	3.99305555555556	13.393436233388	330
EAST_POINT_(AUT)	2023	10	14	287	8.9	12.6	5.89208081823693	-999.9	15.2	8.80787037037036	11.8803737022216	330
EAST_POINT_(AUT)	2023	10	15	288	8.1	15.1	7.9943588360031	-999.9	0	5.98379629629631	10.7887573822081	330
EAST_POINT_(AUT)	2023	10	16	289	9.1	12.4	5.41412894387036	-999.9	15	13.2060185185185	11.5749891904501	330
EAST_POINT_(AUT)	2023	10	17	290	7.3	10.5	5.25842650061531	-999.9	0.3	8.76157407407408	8.83059156287544	330
EAST_POINT_(AUT)	2023	10	18	291	5.9	11.9	7.10133302344099	-999.9	0	4.00462962962964	8.34397873769268	330
EAST_POINT_(AUT)	2023	10	19	292	9.7	15.9	7.11901523427439	-999.9	0	4.38657407407408	11.1621754685698	330
EAST_POINT_(AUT)	2023	10	20	293	10.9	16.4	6.61216786646504	-999.9	0	5.71759259259258	13.0052961863804	330
EAST_POINT_(AUT)	2023	10	21	294	12.5	14.9	4.30712576801733	-999.9	25.2	4.71064814814814	15.43148059168	330
EAST_POINT_(AUT)	2023	10	22	295	8.7	14.8	6.77095057565714	-999.9	8.5	8.56481481481481	13.1036922240617	330
EAST_POINT_(AUT)	2023	10	23	296	6.3	9.3	4.68202859010813	-999.9	8.4	11.9791666666667	8.77091554408343	330
EAST_POINT_(AUT)	2023	10	24	297	6.2	12.3	6.58287486606888	-999.9	0	4.00462962962964	8.26833339791405	330
EAST_POINT_(AUT)	2023	10	25	298	9.4	15.3	6.38329923583342	-999.9	0	5.57870370370369	12.0764641578023	330
EAST_POINT_(AUT)	2023	10	26	299	7.9	15	6.90416218486524	-999.9	0	3.24074074074075	11.8254877571543	330
EAST_POINT_(AUT)	2023	10	27	300	11.2	13.1	3.52142345460481	-999.9	1	5.3125	13.0852283709956	330
EAST_POINT_(AUT)	2023	10	28	301	8.9	20.3	8.50459398507271	-999.9	0	7.34953703703703	14.3492489571459	330
EAST_POINT_(AUT)	2023	10	29	302	3.8	9	5.66325014910903	-999.9	0	9.17824074074075	6.56934493485994	330
EAST_POINT_(AUT)	2023	10	30	303	2.5	5.5	4.24125190795444	-999.9	7.2	3.42592592592592	6.5175731481755	330
EAST_POINT_(AUT)	2023	10	31	304	0.9	7.1	6.01185446130881	-999.9	3.3	5.12731481481481	6.56862463497583	330
EAST_POINT_(AUT)	2023	11	1	305	0.5	5.5	5.323411668186	-999.9	4.3	3.06712962962964	5.78796884975617	330
EAST_POINT_(AUT)	2023	11	2	306	0	6.1	5.79801361197968	-999.9	1.9	7.25694444444445	5.44583327312636	330
EAST_POINT_(AUT)	2023	11	3	307	0.5	9.1	6.78880441284393	-999.9	0	5.26620370370369	5.68745931593677	330
EAST_POINT_(AUT)	2023	11	4	308	6.9	13.5	5.86502765173671	-999.9	0	6.25	9.55369526620378	330
EAST_POINT_(AUT)	2023	11	5	309	3	8.9	5.46897917321509	-999.9	0	5.05787037037036	7.46457025482061	330
EAST_POINT_(AUT)	2023	11	6	310	-0.8	5.4	5.52955770612389	-999.9	0	5.76086956521739	4.43957582850727	330
EAST_POINT_(AUT)	2023	11	7	311	-0.8	10.9	7.4926934022802	-999.9	6.6	6.93287037037036	6.29293609989685	330
EAST_POINT_(AUT)	2023	11	8	312	0.8	11.4	7.03540029143173	-999.9	9.4	7.71990740740742	8.47078227492871	330
EAST_POINT_(AUT)	2023	11	9	313	4.7	7.2	3.37086506572857	-999.9	0.4	9.81481481481481	8.10722482611863	330
EAST_POINT_(AUT)	2023	11	10	314	2.2	5.7	3.9354089063266	-999.9	4.1	4.74537037037036	6.68774477084326	330
EAST_POINT_(AUT)	2023	11	11	315	1.7	6	4.30455229126017	-999.9	0.8	5.67129629629631	6.47013532588102	330
EAST_POINT_(AUT)	2023	11	12	316	2	4.4	3.17391483258693	-999.9	0.8	8.70370370370369	5.87374194562334	330
EAST_POINT_(AUT)	2023	11	13	317	0.9	3.7	3.38397487340315	-999.9	0.4	5.33564814814814	5.37427920523423	330
EAST_POINT_(AUT)	2023	11	14	318	1	4.8	3.89193553598673	-999.9	1.2	4.27083333333333	5.83840061790887	330
EAST_POINT_(AUT)	2023	11	15	319	0.3	5.2	4.36384800681654	-999.9	0	4.35185185185186	5.65674597578772	330
EAST_POINT_(AUT)	2023	11	16	320	2.9	7.7	4.26546862082293	-999.9	0	6.88657407407408	6.82471524359755	330
EAST_POINT_(AUT)	2023	11	17	321	0.7	10.7	6.08138330380605	-999.9	0	6.48148148148147	6.68354060774154	330
EAST_POINT_(AUT)	2023	11	18	322	6.4	13.2	4.95449825902088	-999.9	35.7	6.97916666666667	11.0143644695081	330
EAST_POINT_(AUT)	2023	11	19	323	1	6.7	4.48246650602464	-999.9	0	7.91666666666667	6.29954070593264	330
EAST_POINT_(AUT)	2023	11	20	324	-0.1	4.2	3.84808622109977	-999.9	0.4	6.92129629629631	5.41698395682866	330
EAST_POINT_(AUT)	2023	11	21	325	0.1	3	3.12422320338262	-999.9	0.4	8.18287037037036	4.42598092343384	330
EAST_POINT_(AUT)	2023	11	22	326	0.6	4.5	3.58273273837453	-999.9	2	4.80324074074075	5.03204102111207	330
EAST_POINT_(AUT)	2023	11	23	327	3.1	8.2	4.05245162226444	-999.9	17	8.73842592592592	8.56520255636602	330
EAST_POINT_(AUT)	2023	11	24	328	-4.1	5.4	5.47219793297087	-999.9	1.9	9.44444444444444	5.11964537075323	330
EAST_POINT_(AUT)	2023	11	25	329	-8	-2.1	4.26790596087467	-999.9	1.8	6.48148148148147	3.12397301969687	330
EAST_POINT_(AUT)	2023	11	26	330	-5.5	3.4	5.18918603169308	-999.9	0	3.48379629629631	3.99881791477294	330
EAST_POINT_(AUT)	2023	11	27	331	3.1	8.8	4.11233558702187	-999.9	8.1	10.4282407407407	7.57725767667891	330
EAST_POINT_(AUT)	2023	11	28	332	-1.6	8.5	5.42244353562062	-999.9	1.8	5.15046296296297	6.60010306399067	330
EAST_POINT_(AUT)	2023	11	29	333	-5.2	-1.3	3.33880482980805	-999.9	2.3	5.79861111111111	3.46537033493535	330
EAST_POINT_(AUT)	2023	11	30	334	-7.4	4.3	5.73220750397338	-999.9	0	5.92592592592592	3.6782712510396	330
EAST_POINT_(AUT)	2023	12	1	335	4.1	8.7	3.5639255265451	-999.9	0	6.73611111111111	7.79126407681504	330
EAST_POINT_(AUT)	2023	12	2	336	1.8	5.6	3.2130482016205	-999.9	3.5	5.96064814814814	7.55437816376739	330
EAST_POINT_(AUT)	2023	12	3	337	-0.1	2.9	2.83283455085853	-999.9	0	6.36574074074075	5.1891073604054	330
EAST_POINT_(AUT)	2023	12	4	338	1.2	3.2	2.29601323532202	-999.9	7.8	9.35185185185186	6.40570864159168	330
EAST_POINT_(AUT)	2023	12	5	339	-2.8	1.6	3.38183421745226	-999.9	0	9.47916666666667	5.01590981410368	330
EAST_POINT_(AUT)	2023	12	6	340	-3.4	1.1	3.39758674579668	-999.9	0	7.10648148148147	4.20327157981723	330
EAST_POINT_(AUT)	2023	12	7	341	-1.5	1.2	2.61553186478123	-999.9	0	11.1805555555556	4.38448723302577	330
EAST_POINT_(AUT)	2023	12	8	342	-1	2.1	2.7864543075808	-999.9	0	12.1412037037037	4.58599549840215	330
EAST_POINT_(AUT)	2023	12	9	343	-2.6	2.3	3.48453289593365	-999.9	0	6.64351851851853	5.00045612143706	330
EAST_POINT_(AUT)	2023	12	10	344	-1.8	7.8	4.85336868288189	-999.9	0.5	6.30787037037036	6.4286097854552	330
EAST_POINT_(AUT)	2023	12	11	345	4.3	12.9	4.57305769298356	-999.9	0.7	8.25231481481481	10.3782007487808	330
EAST_POINT_(AUT)	2023	12	12	346	-2.3	4.4	4.02009227783472	-999.9	0	6.04166666666667	4.81101766335325	330
EAST_POINT_(AUT)	2023	12	13	347	-3.8	4.3	4.40429255378375	-999.9	0.9	6.80555555555556	4.87692600291628	330
EAST_POINT_(AUT)	2023	12	14	348	-7.5	-1.6	3.74706114346231	-999.9	3.8	9.95370370370369	3.56187954658649	330
EAST_POINT_(AUT)	2023	12	15	349	-5.7	4.1	4.8162276053952	-999.9	0	6.35416666666667	4.31108420346363	330
EAST_POINT_(AUT)	2023	12	16	350	-3.2	3.3	3.91362854162856	-999.9	0	9.08564814814814	4.0737855375	330
EAST_POINT_(AUT)	2023	12	17	351	-3.8	5.5	4.67298679468826	-999.9	0	6.52777777777778	4.81259408842695	330
EAST_POINT_(AUT)	2023	12	18	352	5.5	11.5	3.74853181693742	-999.9	2	10.3703703703704	9.76949294421652	330
EAST_POINT_(AUT)	2023	12	19	353	6.5	11.4	3.3846932469203	-999.9	13.5	7.95138888888889	11.1478705004536	330
EAST_POINT_(AUT)	2023	12	20	354	0.7	6.9	3.80589315229969	-999.9	21.5	6.48148148148147	7.71852243232694	330
EAST_POINT_(AUT)	2023	12	21	355	-4.6	1.1	3.64957001767938	-999.9	1	17.5115740740741	4.51653546082635	330
EAST_POINT_(AUT)	2023	12	22	356	-4.3	-1.7	2.46625803222476	-999.9	0	15.787037037037	4.01374618305621	330
EAST_POINT_(AUT)	2023	12	23	357	-4.4	-0.7	2.94512683932063	-999.9	0	5.92592592592592	3.23269911876239	330
EAST_POINT_(AUT)	2023	12	24	358	-2.8	5.2	4.33713138081483	-999.9	0	4.25925925925925	4.14726908357886	330
EAST_POINT_(AUT)	2023	12	25	359	0.2	5.3	3.46975947971032	-999.9	0	3.90046296296297	6.12555423173938	330
EAST_POINT_(AUT)	2023	12	26	360	2.4	7.7	3.54576542556079	-999.9	0	5.42824074074075	7.05593259467917	330
EAST_POINT_(AUT)	2023	12	27	361	-0.1	2.6	2.53811540364802	-999.9	0	2.06018518518519	5.44973389553372	330
EAST_POINT_(AUT)	2023	12	28	362	-1.2	2.9	3.13817193610101	-999.9	0	3.28703703703703	5.22955072040951	330
EAST_POINT_(AUT)	2023	12	29	363	0.5	2.7	2.30753013115373	-999.9	25.8	7.82407407407408	5.88695646819897	330
EAST_POINT_(AUT)	2023	12	30	364	0.5	2.3	2.09612501843344	-999.9	4.2	5.01157407407408	6.41706406401278	330
EAST_POINT_(AUT)	2023	12	31	365	-1.1	1.6	2.57928210544531	-999.9	0.2	7.83564814814814	5.4414576302635	330
