EAST_POINT_(AUT)	2015	1	1	1	-13.5	-2.7	5.18505380681932	-999.9	0.9	5.33564814814814	2.51281391342583	330
EAST_POINT_(AUT)	2015	1	2	2	-9.5	-0.2	4.83829893751914	-999.9	1.6	5.9375	3.14415201648636	330
EAST_POINT_(AUT)	2015	1	3	3	-13.5	-9.1	3.34787778180816	-999.9	0	11.0763888888889	1.97112884096092	330
EAST_POINT_(AUT)	2015	1	4	4	-11.1	4.4	6.32382611433723	-999.9	8.6	6.74768518518519	4.32375411914187	330
EAST_POINT_(AUT)	2015	1	5	5	-13.6	6.3	7.21417353936164	-999.9	2.3	8.56481481481481	3.69250958867487	330
EAST_POINT_(AUT)	2015	1	6	6	-18	-13.6	3.41667539624095	-999.9	0.4	8.04398148148147	1.46213945966556	330
EAST_POINT_(AUT)	2015	1	7	7	-16.3	-8.1	4.69968796630461	-999.9	0	3.58796296296297	1.90831478868149	330
EAST_POINT_(AUT)	2015	1	8	8	-20.5	-8	5.84877699523479	-999.9	0.3	7.54629629629631	1.62257123420319	330
EAST_POINT_(AUT)	2015	1	9	9	-18	2.1	7.47850864378034	-999.9	6	8.68055555555556	2.7876188241502	330
EAST_POINT_(AUT)	2015	1	10	10	-13.3	-6	4.54610909594946	-999.9	0	5.26620370370369	2.08938814169938	330
EAST_POINT_(AUT)	2015	1	11	11	-12.5	-4.7	4.74173385734897	-999.9	0	4.75694444444445	2.08226969842127	330
EAST_POINT_(AUT)	2015	1	12	12	-4.7	-2	2.81597344473524	-999.9	7.9	3.50694444444444	4.26005240099614	330
EAST_POINT_(AUT)	2015	1	13	13	-15.1	-2.8	6.0687135438749	-999.9	0	10.462962962963	2.57715898706096	330
EAST_POINT_(AUT)	2015	1	14	14	-17.5	-4.5	6.30157279251595	-999.9	0	4.27083333333333	1.80624674865505	330
EAST_POINT_(AUT)	2015	1	15	15	-8.1	-2.5	4.17864419945824	-999.9	0	2.33796296296296	3.51091278103227	330
EAST_POINT_(AUT)	2015	1	16	16	-9.6	1.9	6.05174132664935	-999.9	2.7	4.74537037037036	4.20898449806176	330
EAST_POINT_(AUT)	2015	1	17	17	-17.5	-9.1	5.22856012721936	-999.9	0.2	11.8287037037037	1.97777083245444	330
EAST_POINT_(AUT)	2015	1	18	18	-18.1	2.3	8.23919022230478	-999.9	0	6.25	2.74999185806056	330
EAST_POINT_(AUT)	2015	1	19	19	1.8	4.8	3.19571451690056	-999.9	3.1	9.60648148148147	6.89377869579302	330
EAST_POINT_(AUT)	2015	1	20	20	-9.6	2.7	6.54641724875464	-999.9	0.9	6.63194444444445	3.77783349998637	330
EAST_POINT_(AUT)	2015	1	21	21	-12.4	-4.9	5.17280816792617	-999.9	0.2	5.96064814814814	2.50159274541754	330
EAST_POINT_(AUT)	2015	1	22	22	-6.8	-2.7	3.87104386427693	-999.9	0	6.21527777777778	3.6858705249568	330
EAST_POINT_(AUT)	2015	1	23	23	-9.1	-3.4	4.62066855868575	-999.9	0	7.91666666666667	2.9894319216816	330
EAST_POINT_(AUT)	2015	1	24	24	-4.9	6.3	6.5583328686078	-999.9	25.4	5.92592592592592	5.60389979363057	330
EAST_POINT_(AUT)	2015	1	25	25	-10.3	6	8.01265041691917	-999.9	0.4	9.82638888888889	4.51610255351469	330
EAST_POINT_(AUT)	2015	1	26	26	-13.6	-9.2	4.21679694348468	-999.9	0.2	7.11805555555556	1.99619901296878	330
EAST_POINT_(AUT)	2015	1	27	27	-9.3	-1.5	5.68785851912494	-999.9	7.3	15.3125	3.67440491509009	330
EAST_POINT_(AUT)	2015	1	28	28	-5.5	-0.1	4.79523509801364	-999.9	3.6	1.04166666666667	4.87330126539089	330
EAST_POINT_(AUT)	2015	1	29	29	-6	-4	2.95734007559622	-999.9	0	1.67824074074074	3.58639162487234	330
EAST_POINT_(AUT)	2015	1	30	30	-5.6	-3.9	2.76338283485254	-999.9	0	3.15972222222222	3.91881324165315	330
EAST_POINT_(AUT)	2015	1	31	31	-3.9	4.8	6.3366405851185	-999.9	13.3	5.48611111111111	6.15457577951688	330
EAST_POINT_(AUT)	2015	2	1	32	-16.7	-1.9	8.3784025652983	-999.9	0	11.5509259259259	2.75159631500648	330
EAST_POINT_(AUT)	2015	2	2	33	-19.4	-6.6	7.89968828793064	-999.9	14.5	6.80555555555556	1.86338234215715	330
EAST_POINT_(AUT)	2015	2	3	34	-16.3	-0.7	8.84262635575909	-999.9	4.8	2.96296296296297	3.02783722816714	330
EAST_POINT_(AUT)	2015	2	4	35	-17.9	-3.4	8.64474507369987	-999.9	0	1.38888888888889	2.35801006847602	330
EAST_POINT_(AUT)	2015	2	5	36	-8	1.4	7.05850044596808	-999.9	12	8.61111111111111	4.68873225148274	330
EAST_POINT_(AUT)	2015	2	6	37	-18.9	-7.4	7.91780662673129	-999.9	12.2	11.2268518518519	2.05142907116211	330
EAST_POINT_(AUT)	2015	2	7	38	-18.7	-6.8	8.16883513051729	-999.9	0	3.91203703703703	1.99252887212645	330
EAST_POINT_(AUT)	2015	2	8	39	-18.2	-12.5	5.73421795348871	-999.9	0	4.42129629629631	1.48898035936602	330
EAST_POINT_(AUT)	2015	2	9	40	-21.1	-13.6	6.67165025582878	-999.9	0.3	5.23148148148147	1.28554158996955	330
EAST_POINT_(AUT)	2015	2	10	41	-19.2	-6.7	8.73646398314721	-999.9	0	3.81944444444444	1.95013900990941	330
EAST_POINT_(AUT)	2015	2	11	42	-16.7	-8.3	7.26452245477997	-999.9	0	7.59259259259258	1.98938785293843	330
EAST_POINT_(AUT)	2015	2	12	43	-11.7	-5	6.5810759356759	-999.9	0	5.625	2.78240236697793	330
EAST_POINT_(AUT)	2015	2	13	44	-15.9	-8.3	7.10984997825416	-999.9	0.2	7.21064814814814	2.23810199390851	330
EAST_POINT_(AUT)	2015	2	14	45	-19.8	-13.6	6.5139217289113	-999.9	0	3.94675925925925	1.39118455173306	330
EAST_POINT_(AUT)	2015	2	15	46	-14.3	3	11.037193350559	-999.9	9.5	7.83564814814814	3.74546483026951	330
EAST_POINT_(AUT)	2015	2	16	47	-12.4	-3.5	8.02994222222357	-999.9	1.4	16.1574074074074	3.15640340702319	330
EAST_POINT_(AUT)	2015	2	17	48	-16.1	-10.6	6.40281045597584	-999.9	0	7.39583333333333	1.84673325323472	330
EAST_POINT_(AUT)	2015	2	18	49	-18.8	-6.2	9.8295532671295	-999.9	0	2.08333333333333	2.02277343388607	330
EAST_POINT_(AUT)	2015	2	19	50	-6.3	0.2	7.16059442458264	-999.9	0.7	3.83101851851853	4.43589118733883	330
EAST_POINT_(AUT)	2015	2	20	51	-10.8	0	9.3611737576837	-999.9	0	9.15509259259258	2.98952049475643	330
EAST_POINT_(AUT)	2015	2	21	52	-13.5	-4.9	8.47175492053199	-999.9	0	6.23842592592592	1.83225473054289	330
EAST_POINT_(AUT)	2015	2	22	53	-9.6	3.8	10.7240699466303	-999.9	9.9	6.48148148148147	4.68428520836558	330
EAST_POINT_(AUT)	2015	2	23	54	-18.3	-1.5	12.1764323540859	-999.9	0.5	5.06944444444445	2.5799260853484	330
EAST_POINT_(AUT)	2015	2	24	55	-22.3	-13.7	8.83376348270894	-999.9	0.2	7.31481481481481	1.32484280013732	330
EAST_POINT_(AUT)	2015	2	25	56	-13.7	1.5	11.9074929035534	-999.9	5.2	9.02777777777778	3.48840997146267	330
EAST_POINT_(AUT)	2015	2	26	57	-11.4	-6.2	7.06107949089059	-999.9	0	6.52777777777778	2.2831776767937	330
EAST_POINT_(AUT)	2015	2	27	58	-15.8	-10.6	7.15828518703816	-999.9	0	6.22685185185186	1.55132944684896	330
EAST_POINT_(AUT)	2015	2	28	59	-16.7	-5	10.8843713604432	-999.9	0	4.47916666666667	1.66664040273399	330
EAST_POINT_(AUT)	2015	3	1	60	-10.2	-3.5	8.34861421618096	-999.9	0	4.20138888888889	2.4823788103957	330
EAST_POINT_(AUT)	2015	3	2	61	-7.3	0.4	9.07090797925892	-999.9	2.5	7.46527777777778	4.46345495631235	330
EAST_POINT_(AUT)	2015	3	3	62	-14.1	-6.3	9.2521226201013	-999.9	0	12.2685185185185	2.34364251757991	330
EAST_POINT_(AUT)	2015	3	4	63	-11	2.8	12.4704202539067	-999.9	3.1	6.16898148148147	3.73445362900464	330
EAST_POINT_(AUT)	2015	3	5	64	-13.8	-1	12.1689015113422	-999.9	0	7.82407407407408	2.48103687332703	330
EAST_POINT_(AUT)	2015	3	6	65	-17.5	-9.6	9.68547271111772	-999.9	0	6.26157407407408	1.46124866922345	330
EAST_POINT_(AUT)	2015	3	7	66	-10.5	-0.8	10.8719839116675	-999.9	0	5.94907407407408	2.88022563578812	330
EAST_POINT_(AUT)	2015	3	8	67	-7.5	0.5	10.0008556723259	-999.9	0	3.51851851851853	3.33721798194403	330
EAST_POINT_(AUT)	2015	3	9	68	-13.5	-3	11.604020601213	-999.9	1.4	3.40277777777778	2.46442888496703	330
EAST_POINT_(AUT)	2015	3	10	69	-10.8	1.1	12.5100882540442	-999.9	0.2	4.12037037037036	3.52472245287102	330
EAST_POINT_(AUT)	2015	3	11	70	-3.2	7.5	12.0116371390693	-999.9	0.2	8.84259259259258	5.98625157432188	330
EAST_POINT_(AUT)	2015	3	12	71	-10.7	-3.1	10.2491998378686	-999.9	0	11.0532407407407	2.72054061508312	330
EAST_POINT_(AUT)	2015	3	13	72	-14.3	-10.1	7.71310425497741	-999.9	0	9.64120370370369	1.73428291812698	330
EAST_POINT_(AUT)	2015	3	14	73	-14	-5.9	10.8421689477338	-999.9	0	3.26388888888889	2.11724247483985	330
EAST_POINT_(AUT)	2015	3	15	74	-8.7	-4.3	8.08753257280945	-999.9	16.9	10.6597222222222	3.36903539288114	330
EAST_POINT_(AUT)	2015	3	16	75	-7.4	-5.6	5.23465686640948	-999.9	0.9	13.4490740740741	3.6099056803161	330
EAST_POINT_(AUT)	2015	3	17	76	-9	-3.1	9.58927518431575	-999.9	0	4.97685185185186	3.27413816307129	330
EAST_POINT_(AUT)	2015	3	18	77	-5.5	-1.7	7.7858191456816	-999.9	2.6	9.89583333333333	4.53216712635585	330
EAST_POINT_(AUT)	2015	3	19	78	-7.5	-2.9	8.66539811505378	-999.9	0.7	11.3773148148148	4.08177705553872	330
EAST_POINT_(AUT)	2015	3	20	79	-10.8	-4.9	9.92605160291549	-999.9	0	5.96064814814814	3.23328950218014	330
EAST_POINT_(AUT)	2015	3	21	80	-9.5	0.4	13.0032640682912	-999.9	1.3	4.52546296296297	4.07123923659886	330
EAST_POINT_(AUT)	2015	3	22	81	-12.8	0.6	15.2972846922344	-999.9	10.4	9.67592592592592	3.80657114149835	330
EAST_POINT_(AUT)	2015	3	23	82	-13.5	-4.6	12.6045289990139	-999.9	0	8.13657407407408	2.75522306449234	330
EAST_POINT_(AUT)	2015	3	24	83	-12.2	-1.2	14.1657564930868	-999.9	0	3.75	3.28515791179544	330
EAST_POINT_(AUT)	2015	3	25	84	-12.3	-1.3	14.318364138304	-999.9	0	3.15972222222222	3.31231662531437	330
EAST_POINT_(AUT)	2015	3	26	85	-7.3	3.2	14.1379640895382	-999.9	2.7	5.96064814814814	4.80615219999156	330
EAST_POINT_(AUT)	2015	3	27	86	-1.6	4	10.433323751712	-999.9	1.2	2.8125	6.23066518676205	330
EAST_POINT_(AUT)	2015	3	28	87	-5.6	-1.1	9.44957848049787	-999.9	1	5.87962962962964	4.27597783053257	330
EAST_POINT_(AUT)	2015	3	29	88	-6.6	-0.7	10.9307653312249	-999.9	0.7	6.43518518518519	3.87158754447776	330
EAST_POINT_(AUT)	2015	3	30	89	-7.5	2	14.0102367312611	-999.9	0	5.81018518518519	3.65549637848201	330
EAST_POINT_(AUT)	2015	3	31	90	-2.3	-0.3	6.49229684725912	-999.9	11.5	5.85648148148147	5.32582498941105	330
EAST_POINT_(AUT)	2015	4	1	91	-8.3	-1.3	12.2651421567073	-999.9	0.9	5.94907407407408	3.41350673312723	330
EAST_POINT_(AUT)	2015	4	2	92	-9.3	-2.5	12.205586156035	-999.9	0	6.09953703703703	2.70643192410648	330
EAST_POINT_(AUT)	2015	4	3	93	-3.6	4.2	13.1969168383553	-999.9	0.3	5.38194444444445	5.57213624770498	330
EAST_POINT_(AUT)	2015	4	4	94	-3.8	3	12.4377259365655	-999.9	16.2	6.11111111111111	5.74537947744976	330
EAST_POINT_(AUT)	2015	4	5	95	-7.6	-1.3	12.0825472867224	-999.9	0.7	9.27083333333333	3.25892640346416	330
EAST_POINT_(AUT)	2015	4	6	96	-10.1	-2.7	13.2143610063745	-999.9	0	5.60185185185186	2.40026815148233	330
EAST_POINT_(AUT)	2015	4	7	97	-8.6	3.1	16.7650841005586	-999.9	0	2.93981481481481	4.16551722855496	330
EAST_POINT_(AUT)	2015	4	8	98	-10.2	-0.8	15.1600178497613	-999.9	0	4.42129629629631	3.28294276942783	330
EAST_POINT_(AUT)	2015	4	9	99	-9	-0.8	14.2825665341239	-999.9	0	2.90509259259258	3.10858468598312	330
EAST_POINT_(AUT)	2015	4	10	100	-6.2	2.7	15.0071609068419	-999.9	21.3	7.26851851851853	4.67615726222631	330
EAST_POINT_(AUT)	2015	4	11	101	0.6	7.3	13.130640791414	-999.9	0.4	7.14120370370369	6.91237131276471	330
EAST_POINT_(AUT)	2015	4	12	102	-4.8	2.8	14.1007173571976	-999.9	0	5.10416666666667	4.46479194051342	330
EAST_POINT_(AUT)	2015	4	13	103	-4.4	5.7	16.3878524000859	-999.9	0	4.73379629629631	5.06852962611618	330
EAST_POINT_(AUT)	2015	4	14	104	0.9	8.5	14.3296740268698	-999.9	1.1	6.72453703703703	7.47805284063152	330
EAST_POINT_(AUT)	2015	4	15	105	-3.6	6.6	16.7316643274774	-999.9	0	5.9375	5.03555185297778	330
EAST_POINT_(AUT)	2015	4	16	106	-3.3	0.5	10.2915778910372	-999.9	0	7.28009259259258	4.27334350210893	330
EAST_POINT_(AUT)	2015	4	17	107	-1	8.8	16.6531378246183	-999.9	0.2	6.48148148148147	5.74866885235591	330
EAST_POINT_(AUT)	2015	4	18	108	-3.6	2.9	13.6638962078607	-999.9	0	6.29629629629631	5.141779298885	330
EAST_POINT_(AUT)	2015	4	19	109	-3.4	2.2	12.7758236007146	-999.9	0	3.91203703703703	4.79803964648278	330
EAST_POINT_(AUT)	2015	4	20	110	-3	5.3	15.6658281483206	-999.9	0	2.89351851851853	4.74690785491004	330
EAST_POINT_(AUT)	2015	4	21	111	-0.5	4	11.616695843656	-999.9	12.6	6.68981481481481	5.65161179112289	330
EAST_POINT_(AUT)	2015	4	22	112	-0.3	2.7	9.55084740126821	-999.9	41	5.59027777777778	6.37848311643904	330
EAST_POINT_(AUT)	2015	4	23	113	-1.1	4	12.5375995409471	-999.9	5.1	3.64583333333333	6.07856938449441	330
EAST_POINT_(AUT)	2015	4	24	114	-0.6	6.2	14.5738785999596	-999.9	0.7	3.50694444444444	6.75079833619462	330
EAST_POINT_(AUT)	2015	4	25	115	-1.3	5.9	15.0946113391236	-999.9	0	2.52314814814815	6.50888278814725	330
EAST_POINT_(AUT)	2015	4	26	116	-1	1.7	9.30285885945466	-999.9	8.8	3.86574074074075	6.18390866701111	330
EAST_POINT_(AUT)	2015	4	27	117	-1	3.1	11.5358465002176	-999.9	7	5.11574074074075	6.21922273090004	330
EAST_POINT_(AUT)	2015	4	28	118	-1.7	1.6	10.4131443901864	-999.9	5.9	5.33564814814814	5.87729469858405	330
EAST_POINT_(AUT)	2015	4	29	119	-1.6	2.7	11.9583478846412	-999.9	0.5	5.25462962962964	6.19656933971636	330
EAST_POINT_(AUT)	2015	4	30	120	-0.1	3.7	11.3079976754977	-999.9	0.2	6.03009259259258	6.42030087554146	330
EAST_POINT_(AUT)	2015	5	1	121	-1.2	3.9	13.1759259538318	-999.9	0	3.26388888888889	5.95587295182844	330
EAST_POINT_(AUT)	2015	5	2	122	-0.1	4.4	12.4465765951292	-999.9	0	2.61574074074074	6.21096071750213	330
EAST_POINT_(AUT)	2015	5	3	123	-1.1	8.9	18.656792657949	-999.9	0	2.37268518518519	6.55976851406398	330
EAST_POINT_(AUT)	2015	5	4	124	-1.2	11.9	21.4690066195643	-999.9	0	4.46969696969697	7.09582600750279	330
EAST_POINT_(AUT)	2015	5	5	125	5.9	13.3	16.2210041764225	-999.9	0	7.17592592592592	8.21185238392058	330
EAST_POINT_(AUT)	2015	5	6	126	1.2	8.9	16.6318030873596	-999.9	0	5.13888888888889	6.09811973699117	330
EAST_POINT_(AUT)	2015	5	7	127	0.8	7.1	15.1196983320452	-999.9	0	6.16898148148147	6.05130290206581	330
EAST_POINT_(AUT)	2015	5	8	128	-1.7	5	15.6688158412618	-999.9	0	5.92592592592592	5.21812474700546	330
EAST_POINT_(AUT)	2015	5	9	129	-1.7	8.2	19.1376935750665	-999.9	0.8	4.18981481481481	6.44024062370137	330
EAST_POINT_(AUT)	2015	5	10	130	4.1	11.4	16.5102712574229	-999.9	4.6	2.77777777777778	10.2497069583812	330
EAST_POINT_(AUT)	2015	5	11	131	3.4	6.7	11.1511159876097	-999.9	0	3.28703703703703	7.42507647300914	330
EAST_POINT_(AUT)	2015	5	12	132	3.4	14.4	20.4491067597483	-999.9	14.8	6.70138888888889	10.4860293112913	330
EAST_POINT_(AUT)	2015	5	13	133	1.5	9.9	17.9466161281079	-999.9	3.4	6.21527777777778	8.40424572980344	330
EAST_POINT_(AUT)	2015	5	14	134	1	12.4	20.9946587080126	-999.9	0	4.13194444444444	6.45509063435936	330
EAST_POINT_(AUT)	2015	5	15	135	4.5	18.5	23.3605271924064	-999.9	0	3.57638888888889	8.10065521552248	330
EAST_POINT_(AUT)	2015	5	16	136	5.9	22.1	25.2282630649009	-999.9	0	4.40972222222222	9.4090181320553	330
EAST_POINT_(AUT)	2015	5	17	137	3.7	13.4	19.5963933974746	-999.9	0	4.76851851851853	7.37226242379612	330
EAST_POINT_(AUT)	2015	5	18	138	3.2	12.6	19.3626181979483	-999.9	0	1.79398148148148	7.55150012012404	330
EAST_POINT_(AUT)	2015	5	19	139	6.3	16.8	20.5378190898755	-999.9	3.8	4.75694444444445	9.86302714072623	330
EAST_POINT_(AUT)	2015	5	20	140	6.5	14.1	17.5337916988205	-999.9	1.4	6.58564814814814	11.4260183621094	330
EAST_POINT_(AUT)	2015	5	21	141	4.9	14.2	19.4612148230293	-999.9	0	5.79861111111111	7.72174182751119	330
EAST_POINT_(AUT)	2015	5	22	142	5	9.8	14.026805170378	-999.9	5.8	3.81944444444444	8.80602762181394	330
EAST_POINT_(AUT)	2015	5	23	143	5.1	11.6	16.3740056037064	-999.9	0.2	5.41666666666667	8.12157913737099	330
EAST_POINT_(AUT)	2015	5	24	144	5.8	18.5	22.9567733287312	-999.9	0	6.00694444444445	8.76906490105339	330
EAST_POINT_(AUT)	2015	5	25	145	6.5	23.2	26.4015087307746	-999.9	0	4.09722222222222	10.7099836055256	330
EAST_POINT_(AUT)	2015	5	26	146	9.2	14.3	14.6308004707226	-999.9	7.8	7.14120370370369	11.6618807508883	330
EAST_POINT_(AUT)	2015	5	27	147	9.2	21.1	22.4088772958957	-999.9	0	6.06725146198831	14.1215621491997	330
EAST_POINT_(AUT)	2015	5	28	148	11.4	24.7	23.7512976789415	-999.9	0	7.23429951690822	16.8819602477185	330
EAST_POINT_(AUT)	2015	5	29	149	4.8	11.5	16.8991657382433	-999.9	0	4.05092592592592	9.61808681034367	330
EAST_POINT_(AUT)	2015	5	30	150	9.2	22.1	23.5039385393565	-999.9	0	6.79398148148147	14.8265039305282	330
EAST_POINT_(AUT)	2015	5	31	151	7.4	19.6	22.9084311017674	-999.9	4.2	6.49305555555556	12.6684169689417	330
EAST_POINT_(AUT)	2015	6	1	152	6.6	9.3	10.7998770473234	-999.9	0	6.01851851851853	8.20002872743892	330
EAST_POINT_(AUT)	2015	6	2	153	5.8	8.8	11.4069892645267	-999.9	1	4.83796296296297	7.38102983655823	330
EAST_POINT_(AUT)	2015	6	3	154	5.5	8	10.432922595814	-999.9	2.8	10.0462962962963	9.03000762357599	330
EAST_POINT_(AUT)	2015	6	4	155	5.6	10.5	14.6322734800015	-999.9	0	3.58796296296297	8.72597022446855	330
EAST_POINT_(AUT)	2015	6	5	156	7	14	17.5183379213701	-999.9	0	6.68981481481481	10.6181902587532	330
EAST_POINT_(AUT)	2015	6	6	157	5.1	10.2	14.9765403423363	-999.9	8.5	5.16203703703703	9.94258389225939	330
EAST_POINT_(AUT)	2015	6	7	158	3.5	9.7	16.5370222322271	-999.9	0	5.16203703703703	8.1562721862137	330
EAST_POINT_(AUT)	2015	6	8	159	3	15.6	23.6066521786157	-999.9	0.7	4.61805555555556	9.04272384063511	330
EAST_POINT_(AUT)	2015	6	9	160	9.3	17	18.4771442534121	-999.9	0	7.32638888888889	12.7466858470191	330
EAST_POINT_(AUT)	2015	6	10	161	9.7	16.4	17.2552009307847	-999.9	0.2	7.38425925925925	13.4520139181241	330
EAST_POINT_(AUT)	2015	6	11	162	9.8	19.2	20.459382758494	-999.9	0	6.65509259259258	14.1532250482745	330
EAST_POINT_(AUT)	2015	6	12	163	10.6	20	20.4781832498891	-999.9	0	4.13194444444444	14.3346378746853	330
EAST_POINT_(AUT)	2015	6	13	164	6.9	18.6	22.865057956387	-999.9	8.6	3.95833333333333	13.3265862242482	330
EAST_POINT_(AUT)	2015	6	14	165	6.8	11.2	14.0317109247693	-999.9	0	6.38888888888889	9.54845607707961	330
EAST_POINT_(AUT)	2015	6	15	166	8.4	13.3	14.8163195480711	-999.9	0	3.99305555555556	9.66111353094281	330
EAST_POINT_(AUT)	2015	6	16	167	9.8	14.2	14.0468769211014	-999.9	9.2	7.51157407407408	11.5234153460102	330
EAST_POINT_(AUT)	2015	6	17	168	6.4	14.8	19.4158945610332	-999.9	1.1	6.48148148148147	10.3790935370728	330
EAST_POINT_(AUT)	2015	6	18	169	9.3	20.7	22.6249551933553	-999.9	0	4.93055555555556	12.5198374317201	330
EAST_POINT_(AUT)	2015	6	19	170	6.6	13	16.9549330443157	-999.9	10.3	5.11574074074075	10.8369586911221	330
EAST_POINT_(AUT)	2015	6	20	171	6.8	14.8	18.9572419295861	-999.9	0	3.84259259259258	10.2148195805237	330
EAST_POINT_(AUT)	2015	6	21	172	10.2	15.1	14.8356153742447	-999.9	8.3	4.35185185185186	11.9862356722949	330
EAST_POINT_(AUT)	2015	6	22	173	9.4	12.4	11.6064347928581	-999.9	16.9	9.53703703703703	12.1595833204243	330
EAST_POINT_(AUT)	2015	6	23	174	8.8	15.5	17.340420394073	-999.9	1.3	4.17824074074075	12.3123616339536	330
EAST_POINT_(AUT)	2015	6	24	175	10.9	17.2	16.8085342944899	-999.9	7.6	5.77546296296297	13.9798907968118	330
EAST_POINT_(AUT)	2015	6	25	176	9.3	15.7	16.9332470709104	-999.9	0	4.80324074074075	11.1266049189731	330
EAST_POINT_(AUT)	2015	6	26	177	8.6	12.1	12.51492655882	-999.9	0	5.23148148148147	10.6161536897945	330
EAST_POINT_(AUT)	2015	6	27	178	8.4	14.1	15.9598595535572	-999.9	0	4.35185185185186	10.0779910955194	330
EAST_POINT_(AUT)	2015	6	28	179	10.8	15.6	14.6339958244056	-999.9	2.1	6.21527777777778	12.7339899447811	330
EAST_POINT_(AUT)	2015	6	29	180	11.4	17.5	16.4820487712369	-999.9	0.3	6.82870370370369	14.4571498418929	330
EAST_POINT_(AUT)	2015	6	30	181	12.3	19.3	17.6381301249545	-999.9	0	3.56481481481481	14.8991779936548	330
EAST_POINT_(AUT)	2015	7	1	182	12	23.9	22.9714016286288	-999.9	0	3.69212962962964	16.6901902771116	330
EAST_POINT_(AUT)	2015	7	2	183	14.3	25	21.7555270332018	-999.9	0	6.20370370370369	18.3204954322127	330
EAST_POINT_(AUT)	2015	7	3	184	12.8	21.2	19.2501555224169	-999.9	0	3.92361111111111	15.0448117361629	330
EAST_POINT_(AUT)	2015	7	4	185	14.4	21.6	17.7963466579503	-999.9	0	3.85416666666667	14.1775956725387	330
EAST_POINT_(AUT)	2015	7	5	186	14.2	22.5	19.0777319723088	-999.9	0	2.22222222222222	16.344432732682	330
EAST_POINT_(AUT)	2015	7	6	187	12.8	18.6	15.9212735651297	-999.9	0	3.93518518518519	15.6771438138096	330
EAST_POINT_(AUT)	2015	7	7	188	12.8	21.5	19.4649147543991	-999.9	0	5.24305555555556	16.8538432450272	330
EAST_POINT_(AUT)	2015	7	8	189	14.7	22.6	18.5134940293852	-999.9	2.5	6.66666666666667	18.8828149287082	330
EAST_POINT_(AUT)	2015	7	9	190	14.3	19.8	15.4166841006949	-999.9	0	3.75	15.6543644131141	330
EAST_POINT_(AUT)	2015	7	10	191	11.4	21.9	21.2565021654981	-999.9	0	2.26851851851852	14.745197648798	330
EAST_POINT_(AUT)	2015	7	11	192	11.5	19.5	18.5132353093618	-999.9	0	2.44212962962963	15.484870205575	330
EAST_POINT_(AUT)	2015	7	12	193	16	24	18.4703471227439	-999.9	8.7	4.79166666666667	19.7893902231157	330
EAST_POINT_(AUT)	2015	7	13	194	12.7	20.1	17.7211181678893	-999.9	0	2.77777777777778	14.7708060438658	330
EAST_POINT_(AUT)	2015	7	14	195	14.8	23	18.6071449953252	-999.9	0	6.00694444444445	17.6952281454148	330
EAST_POINT_(AUT)	2015	7	15	196	14.2	22.5	18.670745552781	-999.9	5	5.11574074074075	18.9740624843649	330
EAST_POINT_(AUT)	2015	7	16	197	10.5	18.8	18.6193101041994	-999.9	0	7.77777777777778	12.1051284349261	330
EAST_POINT_(AUT)	2015	7	17	198	10.2	19.3	19.4401298471184	-999.9	0	4.47916666666667	12.0567062367505	330
EAST_POINT_(AUT)	2015	7	18	199	12.6	22	19.6991818076381	-999.9	0	2.90509259259258	14.4740976612032	330
EAST_POINT_(AUT)	2015	7	19	200	14.4	17.5	11.2777545159881	-999.9	8	6.25	16.4144019411907	330
EAST_POINT_(AUT)	2015	7	20	201	15	19.7	13.8420315617711	-999.9	2.2	4.45601851851853	17.326082149782	330
EAST_POINT_(AUT)	2015	7	21	202	14	19.2	14.511527546053	-999.9	0.2	3.26388888888889	15.7186548567018	330
EAST_POINT_(AUT)	2015	7	22	203	13.9	16.7	10.6121237511635	-999.9	17.3	4.15509259259258	16.0146487062694	330
EAST_POINT_(AUT)	2015	7	23	204	13.4	18	13.553927304788	-999.9	0	4.12037037037036	15.9084581680353	330
EAST_POINT_(AUT)	2015	7	24	205	13	16.5	11.7796977867536	-999.9	0.2	5.30092592592592	13.8314083230012	330
EAST_POINT_(AUT)	2015	7	25	206	12.6	17.2	13.4537607347304	-999.9	0.6	2.41898148148148	14.2327247385145	330
EAST_POINT_(AUT)	2015	7	26	207	14.1	18.7	13.4016706754758	-999.9	0	5.70601851851853	15.0439059971332	330
EAST_POINT_(AUT)	2015	7	27	208	14.4	17.7	11.3058347330882	-999.9	0.2	5.64814814814814	16.4736231682841	330
EAST_POINT_(AUT)	2015	7	28	209	15.8	21.4	14.6674802923004	-999.9	1.5	5.21990740740742	19.7422727292655	330
EAST_POINT_(AUT)	2015	7	29	210	15.7	19.4	11.8721178279875	-999.9	1.8	4.07407407407408	18.8428611410975	330
EAST_POINT_(AUT)	2015	7	30	211	15.6	19.3	11.8207172026168	-999.9	0	3.77314814814814	18.230685831985	330
EAST_POINT_(AUT)	2015	7	31	212	17.1	22.7	14.4777872121368	-999.9	0.4	5.83333333333333	20.7851779618953	330
EAST_POINT_(AUT)	2015	8	1	213	16	24.2	17.4393252133835	-999.9	0	3.42592592592592	18.8492344051402	330
EAST_POINT_(AUT)	2015	8	2	214	16	23.6	16.7106469440911	-999.9	0	3.11342592592592	17.6036148386622	330
EAST_POINT_(AUT)	2015	8	3	215	16.1	24.6	17.5876803469806	-999.9	0	5.04629629629631	17.5575483421569	330
EAST_POINT_(AUT)	2015	8	4	216	17.8	24.7	15.7683033128563	-999.9	0	5.35879629629631	21.9696952590878	330
EAST_POINT_(AUT)	2015	8	5	217	17	24.6	16.4655782059182	-999.9	0.5	4.49074074074075	20.8118593717897	330
EAST_POINT_(AUT)	2015	8	6	218	15.6	23.2	16.3807947548036	-999.9	0	5.09259259259258	17.8218975529564	330
EAST_POINT_(AUT)	2015	8	7	219	14.8	21.6	15.4130498544273	-999.9	0	4.52546296296297	16.9362653503421	330
EAST_POINT_(AUT)	2015	8	8	220	17.1	20.3	10.5162958920819	-999.9	0	4.59490740740742	17.1325683466875	330
EAST_POINT_(AUT)	2015	8	9	221	15.9	19.6	11.245786428434	-999.9	19.7	6.37731481481481	16.6860360680621	330
EAST_POINT_(AUT)	2015	8	10	222	12.9	19	14.3582754243433	-999.9	2.9	8.83101851851853	15.5701023047347	330
EAST_POINT_(AUT)	2015	8	11	223	14.4	23.2	17.1464442768198	-999.9	0	4.88425925925925	17.194638641649	330
EAST_POINT_(AUT)	2015	8	12	224	16.6	21	12.0531671225935	-999.9	19	5.82175925925925	19.8818683343249	330
EAST_POINT_(AUT)	2015	8	13	225	18.4	23.9	13.3950631736486	-999.9	0	4.64120370370369	22.067090964672	330
EAST_POINT_(AUT)	2015	8	14	226	17.5	25	15.5463650053735	-999.9	0	4.21296296296297	20.560158611978	330
EAST_POINT_(AUT)	2015	8	15	227	17.5	23.9	14.2714794447207	-999.9	0	3.99305555555556	19.8976078751554	330
EAST_POINT_(AUT)	2015	8	16	228	18.1	27.7	17.3676528733413	-999.9	0	3.37962962962964	21.4973271612314	330
EAST_POINT_(AUT)	2015	8	17	229	19	27	15.7515206288155	-999.9	0	4.62962962962964	21.110676623709	330
EAST_POINT_(AUT)	2015	8	18	230	19.6	26.9	14.9470721142141	-999.9	0	3.49537037037036	23.3163335383474	330
EAST_POINT_(AUT)	2015	8	19	231	18.9	27	15.6386550532915	-999.9	0	2.83564814814814	24.1550336646559	330
EAST_POINT_(AUT)	2015	8	20	232	19	24.7	13.0287050948738	-999.9	0	6.35416666666667	22.9668960253862	330
EAST_POINT_(AUT)	2015	8	21	233	20.3	24.9	11.62235629539	-999.9	0	6.53935185185186	24.1845291769404	330
EAST_POINT_(AUT)	2015	8	22	234	20.8	25.8	12.0308411168618	-999.9	47.4	4.54861111111111	25.8299013222555	330
EAST_POINT_(AUT)	2015	8	23	235	20	23.2	9.55489128064131	-999.9	0.6	2.73148148148148	23.7155682243372	330
EAST_POINT_(AUT)	2015	8	24	236	20.1	24.1	10.6038691542363	-999.9	0	3.21759259259258	24.3838902635092	330
EAST_POINT_(AUT)	2015	8	25	237	19.5	23.2	10.1219095172576	-999.9	0	4.86111111111111	22.3286792038274	330
EAST_POINT_(AUT)	2015	8	26	238	17.3	22.6	12.0218184200825	-999.9	0	6.27314814814814	18.4198822491976	330
EAST_POINT_(AUT)	2015	8	27	239	17.3	20.5	9.26874811299983	-999.9	15	7.36111111111111	18.6179013734411	330
EAST_POINT_(AUT)	2015	8	28	240	15.2	20.5	11.8342549838803	-999.9	0	5.01157407407408	17.2633442724461	330
EAST_POINT_(AUT)	2015	8	29	241	15.6	21.7	12.5941152124467	-999.9	0	3.71527777777778	17.4212688138249	330
EAST_POINT_(AUT)	2015	8	30	242	16.2	23.1	13.2852503413505	-999.9	0	3.22916666666667	18.9446213248195	330
EAST_POINT_(AUT)	2015	8	31	243	16.4	23.7	13.5516327512342	-999.9	1.2	5.46296296296297	19.095307961343	330
EAST_POINT_(AUT)	2015	9	1	244	13.6	17.2	9.4364544063913	-999.9	0.3	10.787037037037	14.0390323351754	330
EAST_POINT_(AUT)	2015	9	2	245	10.1	21.3	16.5019888390152	-999.9	0.5	3.63425925925925	14.3937222355254	330
EAST_POINT_(AUT)	2015	9	3	246	14.7	22.2	13.3865838397158	-999.9	0	7.40740740740742	16.4026431827746	330
EAST_POINT_(AUT)	2015	9	4	247	8	16.4	14.042120758308	-999.9	0	6.50462962962964	9.70245011425026	330
EAST_POINT_(AUT)	2015	9	5	248	7.5	23.5	19.2065332302299	-999.9	0	4.34027777777778	12.1551074401516	330
EAST_POINT_(AUT)	2015	9	6	249	16.5	19.4	8.10262727277813	-999.9	0	5.13888888888889	16.1289578052998	330
EAST_POINT_(AUT)	2015	9	7	250	17.1	28.7	16.055936106641	-999.9	0	8.09027777777778	19.6747276845183	330
EAST_POINT_(AUT)	2015	9	8	251	15.5	21.9	11.8145798197942	-999.9	0.7	6.62037037037036	18.6572676887571	330
EAST_POINT_(AUT)	2015	9	9	252	15.6	19.6	9.25170617980351	-999.9	0	6.82870370370369	17.495739701162	330
EAST_POINT_(AUT)	2015	9	10	253	16.9	22.6	10.9379193357625	-999.9	0	5.82175925925925	18.6953867798086	330
EAST_POINT_(AUT)	2015	9	11	254	14.6	19.6	10.1444779206148	-999.9	12	5.65972222222222	16.7801081801853	330
EAST_POINT_(AUT)	2015	9	12	255	14.4	19.8	10.4383299705449	-999.9	7.8	7.1875	18.0282154001991	330
EAST_POINT_(AUT)	2015	9	13	256	14.2	18.3	9.00445938651932	-999.9	0	4.14351851851853	15.2817630409721	330
EAST_POINT_(AUT)	2015	9	14	257	15.3	21.9	11.3086695836824	-999.9	8.7	5.49768518518519	19.2401985817456	330
EAST_POINT_(AUT)	2015	9	15	258	13.7	18.4	9.44506002785108	-999.9	0	5.82175925925925	15.9683912309669	330
EAST_POINT_(AUT)	2015	9	16	259	9.9	18.4	12.5696765541005	-999.9	0.2	5.97222222222222	13.3865628700765	330
EAST_POINT_(AUT)	2015	9	17	260	11	27.1	17.1170626856914	-999.9	0	5.20833333333333	17.1312148549189	330
EAST_POINT_(AUT)	2015	9	18	261	18.1	22.3	8.64939397512811	-999.9	0	4.34027777777778	18.6591634586445	330
EAST_POINT_(AUT)	2015	9	19	262	17.4	24.2	10.8868834573097	-999.9	0	5.83333333333333	19.5374541559369	330
EAST_POINT_(AUT)	2015	9	20	263	13.5	23.1	12.7942988236596	-999.9	4.8	7.44212962962964	18.3890983490258	330
EAST_POINT_(AUT)	2015	9	21	264	13.5	16.4	6.95433581593488	-999.9	0	6.51620370370369	11.1929486782729	330
EAST_POINT_(AUT)	2015	9	22	265	12.3	17.8	9.47017963515089	-999.9	0	3.41435185185186	12.6796510650247	330
EAST_POINT_(AUT)	2015	9	23	266	13.3	20	10.3342592000847	-999.9	0	3.29861111111111	15.02355898521	330
EAST_POINT_(AUT)	2015	9	24	267	12.6	17.7	8.91327808309765	-999.9	0	6.72453703703703	11.6486201610746	330
EAST_POINT_(AUT)	2015	9	25	268	10.3	13.7	7.19363024978332	-999.9	0	7.52314814814814	8.01475833128819	330
EAST_POINT_(AUT)	2015	9	26	269	6.5	12.6	9.52305491891078	-999.9	0	7.25694444444445	7.20162450234204	330
EAST_POINT_(AUT)	2015	9	27	270	7	19.7	13.5788502600109	-999.9	0	6.5625	9.15822051210174	330
EAST_POINT_(AUT)	2015	9	28	271	12.6	22.7	11.9651819171511	-999.9	0	6.84027777777778	13.0565447617389	330
EAST_POINT_(AUT)	2015	9	29	272	16.5	22.6	9.18690964004069	-999.9	0	6.55092592592592	19.2663053132767	330
EAST_POINT_(AUT)	2015	9	30	273	17.6	23.3	8.7727763661844	-999.9	1.9	5.92171717171717	20.934226894613	330
EAST_POINT_(AUT)	2015	10	1	274	9.9	18.7	10.7667861497001	-999.9	25.6	10.0925925925926	14.7486173445	330
EAST_POINT_(AUT)	2015	10	2	275	9.4	11.9	5.66775111125966	-999.9	2.6	10.2430555555556	10.9383413515697	330
EAST_POINT_(AUT)	2015	10	3	276	8.8	11.9	6.23260293517702	-999.9	1.7	11.0185185185185	9.97770707127307	330
EAST_POINT_(AUT)	2015	10	4	277	7.9	13.9	8.56179671939416	-999.9	0.2	6.93287037037036	9.35562377502366	330
EAST_POINT_(AUT)	2015	10	5	278	6.4	15.3	10.2952963125708	-999.9	0	2.87037037037036	10.6703207603185	330
EAST_POINT_(AUT)	2015	10	6	279	7.6	15.6	9.63603591784597	-999.9	0	1.89814814814815	11.5259129448695	330
EAST_POINT_(AUT)	2015	10	7	280	7.2	15	9.39218168620643	-999.9	0	2.52645502645502	11.6760080125692	330
EAST_POINT_(AUT)	2015	10	8	281	7.2	13.4	8.26491232503687	-999.9	0	8.14814814814814	8.63240928550195	330
EAST_POINT_(AUT)	2015	10	9	282	7	13.9	8.6049619966858	-999.9	10.9	3.58796296296297	9.02466495728946	330
EAST_POINT_(AUT)	2015	10	10	283	2.9	13	10.2737096105754	-999.9	8.8	11.6782407407407	7.61655651366385	330
EAST_POINT_(AUT)	2015	10	11	284	2.8	11.6	9.46262829288194	-999.9	0	5.50925925925925	7.30941510750895	330
EAST_POINT_(AUT)	2015	10	12	285	10.6	15.4	6.89537860912102	-999.9	0	4.42129629629631	12.8192530537127	330
EAST_POINT_(AUT)	2015	10	13	286	13	16.9	6.13199362509493	-999.9	21.1	5.63657407407408	15.672981673783	330
EAST_POINT_(AUT)	2015	10	14	287	12.3	20	8.49988785360827	-999.9	0	6.06481481481481	14.8918888039512	330
EAST_POINT_(AUT)	2015	10	15	288	4.5	13.1	8.86102259101636	-999.9	0.2	5.19675925925925	8.42992253299751	330
EAST_POINT_(AUT)	2015	10	16	289	7.2	15.1	8.37693548046447	-999.9	3.7	6.15740740740742	10.4231856561405	330
EAST_POINT_(AUT)	2015	10	17	290	4	10.4	7.43653807391227	-999.9	0	5.65972222222222	7.41140694621838	330
EAST_POINT_(AUT)	2015	10	18	291	0.6	8	7.88642385424282	-999.9	1.9	8.09027777777778	6.13840324958038	330
EAST_POINT_(AUT)	2015	10	19	292	-0.4	6.6	7.56437581738131	-999.9	1.8	6.93287037037036	5.59914705442259	330
EAST_POINT_(AUT)	2015	10	20	293	1.6	12	9.09241386592394	-999.9	1.4	7.03703703703703	7.24798688833732	330
EAST_POINT_(AUT)	2015	10	21	294	2.1	7.9	6.69569911127066	-999.9	0	7.52314814814814	5.54472923503242	330
EAST_POINT_(AUT)	2015	10	22	295	0.8	13.3	9.69258755335702	-999.9	5.2	5.57870370370369	7.50429434348566	330
EAST_POINT_(AUT)	2015	10	23	296	5.3	13.1	7.54954425567092	-999.9	1.6	9.98842592592592	9.62461132831395	330
EAST_POINT_(AUT)	2015	10	24	297	0.8	7.7	7.00124422626012	-999.9	0	5.67129629629631	6.1488308881697	330
EAST_POINT_(AUT)	2015	10	25	298	7.5	13	6.16311884833103	-999.9	4	7.36111111111111	10.0056280060858	330
EAST_POINT_(AUT)	2015	10	26	299	3.7	9.4	6.18613279055689	-999.9	0	9.49074074074075	6.99400339967825	330
EAST_POINT_(AUT)	2015	10	27	300	0.8	6.4	6.04554510280913	-999.9	0.7	6.44675925925925	4.81116201368318	330
EAST_POINT_(AUT)	2015	10	28	301	1.5	8.1	6.47102573566153	-999.9	0	6.22685185185186	5.21950380260021	330
EAST_POINT_(AUT)	2015	10	29	302	6.8	15.5	7.32527105808584	-999.9	14.8	8.91203703703703	11.4026200797821	330
EAST_POINT_(AUT)	2015	10	30	303	5.2	14.3	7.38676251807284	-999.9	0	9.44444444444444	7.38514911738301	330
EAST_POINT_(AUT)	2015	10	31	304	2.8	5.9	4.25102305709806	-999.9	0	8.75	5.5515229296843	330
EAST_POINT_(AUT)	2015	11	1	305	3.2	10.8	6.56314268618685	-999.9	10	4.16666666666667	7.78834785210331	330
EAST_POINT_(AUT)	2015	11	2	306	4.8	10.3	5.50548593983741	-999.9	0	7.53472222222222	8.80928108385754	330
EAST_POINT_(AUT)	2015	11	3	307	3.5	6.5	4.00963369067996	-999.9	1.8	2.51157407407408	7.0705335933231	330
EAST_POINT_(AUT)	2015	11	4	308	4.8	7.3	3.60967499143643	-999.9	0.3	6.44675925925925	7.37155052855424	330
EAST_POINT_(AUT)	2015	11	5	309	1.9	5.4	4.21225142483836	-999.9	0	5.60185185185186	5.81490511503048	330
EAST_POINT_(AUT)	2015	11	6	310	5.2	16.5	7.46506806146728	-999.9	0	7.43055555555556	11.2976657947954	330
EAST_POINT_(AUT)	2015	11	7	311	5.9	15.6	6.82230133791095	-999.9	0	7.78935185185186	9.36945520144584	330
EAST_POINT_(AUT)	2015	11	8	312	2.1	6	4.26744746424144	-999.9	0.2	13.7037037037037	4.87380787688387	330
EAST_POINT_(AUT)	2015	11	9	313	1.5	9.7	6.10489628377302	-999.9	0	6.15740740740742	5.81909271131478	330
EAST_POINT_(AUT)	2015	11	10	314	5.6	9.5	4.15420711754032	-999.9	0	5.37037037037036	8.13668351969588	330
EAST_POINT_(AUT)	2015	11	11	315	4.7	7	3.1481663908349	-999.9	0	7.00231481481481	6.54364201411656	330
EAST_POINT_(AUT)	2015	11	12	316	3.6	7.9	4.24838508864525	-999.9	0	4.03935185185186	6.67213749611003	330
EAST_POINT_(AUT)	2015	11	13	317	5.5	10.2	4.38426748792821	-999.9	13.7	7.23379629629631	9.65112028339348	330
EAST_POINT_(AUT)	2015	11	14	318	3.7	11.5	5.57597915137486	-999.9	1.7	5.37037037037036	9.37269073175919	330
EAST_POINT_(AUT)	2015	11	15	319	2	5.9	3.8931745811263	-999.9	3.1	10.6481481481481	7.0280880161788	330
EAST_POINT_(AUT)	2015	11	16	320	1.8	5.1	3.5367397425761	-999.9	2.2	10	6.42016239410576	330
EAST_POINT_(AUT)	2015	11	17	321	0.2	2.9	3.15997945874795	-999.9	0.3	10.2199074074074	5.30715870780102	330
EAST_POINT_(AUT)	2015	11	18	322	0.4	2	2.4032846639861	-999.9	0.2	6.875	4.99791943360681	330
EAST_POINT_(AUT)	2015	11	19	323	0.7	4.9	3.8477271738744	-999.9	0	4.15509259259258	5.53446644514334	330
EAST_POINT_(AUT)	2015	11	20	324	4.5	6.9	2.87485660536406	-999.9	0	8.40277777777778	7.14341725506321	330
EAST_POINT_(AUT)	2015	11	21	325	6.1	7.5	2.170736318298	-999.9	4.4	6.79398148148147	8.75712277780858	330
EAST_POINT_(AUT)	2015	11	22	326	7.5	12.1	3.89099815231869	-999.9	36.5	8.73842592592592	11.0701205712865	330
EAST_POINT_(AUT)	2015	11	23	327	3.1	14.1	5.95153639183031	-999.9	19.8	10.0462962962963	10.1491323538753	330
EAST_POINT_(AUT)	2015	11	24	328	-3.8	3.5	4.79690839679232	-999.9	3.6	7.75462962962964	5.23737289331966	330
EAST_POINT_(AUT)	2015	11	25	329	-4	0.7	3.80923498852609	-999.9	0	8.14814814814814	3.57967696238066	330
EAST_POINT_(AUT)	2015	11	26	330	-4.1	7	5.79516394232387	-999.9	0	6.79398148148147	4.56533903139242	330
EAST_POINT_(AUT)	2015	11	27	331	6.9	11.8	3.81284508368438	-999.9	2.1	9.36342592592592	9.25677611986297	330
EAST_POINT_(AUT)	2015	11	28	332	-0.3	9.5	5.34130514134184	-999.9	5.6	7.28009259259258	7.08872426697094	330
EAST_POINT_(AUT)	2015	11	29	333	-5.3	1.2	4.31037850069449	-999.9	0.2	8.19444444444445	3.82825809360642	330
EAST_POINT_(AUT)	2015	11	30	334	-6.5	-2.6	3.30949154546983	-999.9	0.2	7.08333333333333	3.05615814007421	330
EAST_POINT_(AUT)	2015	12	1	335	-4.4	1.4	4.00187667717357	-999.9	0	4.42129629629631	3.86161187414437	330
EAST_POINT_(AUT)	2015	12	2	336	1.3	7.9	4.23445391132709	-999.9	5.2	4.58333333333333	7.3904476333668	330
EAST_POINT_(AUT)	2015	12	3	337	0.7	8.7	4.62599945021983	-999.9	18.8	9.40972222222222	8.02854047803938	330
EAST_POINT_(AUT)	2015	12	4	338	-2.8	1	3.16483583711231	-999.9	3.2	10.0347222222222	4.89754485949977	330
EAST_POINT_(AUT)	2015	12	5	339	-2.2	2.1	3.34318341417629	-999.9	0.2	7.19907407407408	4.8820897215452	330
EAST_POINT_(AUT)	2015	12	6	340	0.5	6.9	4.05185862562863	-999.9	0	4.97474747474747	6.9251748335294	330
EAST_POINT_(AUT)	2015	12	7	341	2.4	6.8	3.33890814472271	-999.9	0	5.81018518518519	6.84379588719077	330
EAST_POINT_(AUT)	2015	12	8	342	1.5	3.1	2.00184786998743	-999.9	0	5.60185185185186	5.51912221581887	330
EAST_POINT_(AUT)	2015	12	9	343	2.5	5.1	2.53824303316024	-999.9	0	5.51587301587303	6.47586060547146	330
EAST_POINT_(AUT)	2015	12	10	344	3.6	5.4	2.10157028665377	-999.9	0	6.41203703703703	7.08511296618872	330
EAST_POINT_(AUT)	2015	12	11	345	5.1	8.3	2.78953904091405	-999.9	11.3	6.5625	8.74229514029966	330
EAST_POINT_(AUT)	2015	12	12	346	5.2	9.6	3.25780405066962	-999.9	0.2	6.34259259259258	9.18084386599095	330
EAST_POINT_(AUT)	2015	12	13	347	1.2	5.3	3.13347026665308	-999.9	0	11.0763888888889	5.97050476332074	330
EAST_POINT_(AUT)	2015	12	14	348	-0.2	1.5	2.01135734007258	-999.9	0	7.07175925925925	4.89635027575979	330
EAST_POINT_(AUT)	2015	12	15	349	0	1.8	2.06409754516937	-999.9	27.6	11.0416666666667	5.41788005219878	330
EAST_POINT_(AUT)	2015	12	16	350	-0.9	1.9	2.56863230333185	-999.9	0.5	11.0300925925926	5.47839446810938	330
EAST_POINT_(AUT)	2015	12	17	351	-0.6	3.3	3.02611468443156	-999.9	1.4	4.40972222222222	4.9712440742815	330
EAST_POINT_(AUT)	2015	12	18	352	1.1	8.4	4.13472858264648	-999.9	5.4	5.46717171717172	8.48117229351803	330
EAST_POINT_(AUT)	2015	12	19	353	-4	3.6	4.21529594806004	-999.9	5.9	8.40277777777778	5.21973015498798	330
EAST_POINT_(AUT)	2015	12	20	354	-5.9	-1.6	3.1695307873183	-999.9	0.8	11.7824074074074	3.59925624698719	330
EAST_POINT_(AUT)	2015	12	21	355	-5.7	4.4	4.85808332125821	-999.9	1.7	5.09259259259258	4.59301615553299	330
EAST_POINT_(AUT)	2015	12	22	356	-1	0.8	2.05205072162569	-999.9	7.9	7.17592592592592	5.31876129310307	330
EAST_POINT_(AUT)	2015	12	23	357	0.1	3.4	2.78137861641106	-999.9	2.3	4.94212962962964	6.31547963675711	330
EAST_POINT_(AUT)	2015	12	24	358	2.3	11.5	4.65105524656675	-999.9	7.3	8.31018518518519	9.0964136089814	330
EAST_POINT_(AUT)	2015	12	25	359	2.7	9.8	4.09395870104703	-999.9	0	4.72222222222222	6.76300850575331	330
EAST_POINT_(AUT)	2015	12	26	360	0.2	3.9	2.9625993837793	-999.9	0	8.73842592592592	4.81027758411256	330
EAST_POINT_(AUT)	2015	12	27	361	-3	2.1	3.488305966416	-999.9	6	7.70833333333333	5.02798482216187	330
EAST_POINT_(AUT)	2015	12	28	362	-8	-2.8	3.53416220184747	-999.9	1	11.9444444444444	3.46209074478666	330
EAST_POINT_(AUT)	2015	12	29	363	-7.2	-3.8	2.86863635968381	-999.9	1	6.93287037037036	3.07053705194415	330
EAST_POINT_(AUT)	2015	12	30	364	-4.5	-2.1	2.42039668729531	-999.9	0	5.04629629629631	3.63415038250715	330
EAST_POINT_(AUT)	2015	12	31	365	-2.5	2.6	3.54488418633884	-999.9	1.4	5.625	5.7031305681861	330
