EAST_POINT_(AUT)	2004	1	1	1	-3.7	-2	2.05714953421816	-999.9	0.7	10.2430555555556	4.01480642252065	330
EAST_POINT_(AUT)	2004	1	2	2	-5.4	-3.6	2.12856796227278	-999.9	0	8.69212962962964	3.40189392847553	330
EAST_POINT_(AUT)	2004	1	3	3	-6.5	2.7	4.84102439920066	-999.9	0.6	4.88425925925925	4.29466043003686	330
EAST_POINT_(AUT)	2004	1	4	4	-2.9	4.9	4.48602357210474	-999.9	0.9	8.28703703703703	5.9051805376473	330
EAST_POINT_(AUT)	2004	1	5	5	-3.9	-2.6	1.84387723859511	-999.9	0	9.05092592592592	3.80061532828424	330
EAST_POINT_(AUT)	2004	1	6	6	-4.4	-2.2	2.41595658468365	-999.9	2.2	2.15277777777778	4.2037412813107	330
EAST_POINT_(AUT)	2004	1	7	7	-11	-9.5	2.01005655031209	-999.9	0	7.31481481481481	1.94934211477664	330
EAST_POINT_(AUT)	2004	1	8	8	-17.9	-7.1	5.43654077698232	-999.9	0.7	7.36111111111111	1.65847783001629	330
EAST_POINT_(AUT)	2004	1	9	9	-20.5	-7.6	5.99118502061182	-999.9	0.8	7.88194444444445	1.90889126188424	330
EAST_POINT_(AUT)	2004	1	10	10	-15.7	-9.3	4.25666553669111	-999.9	0.7	5.85648148148147	2.17006276159622	330
EAST_POINT_(AUT)	2004	1	11	11	-20.1	-9.3	5.5796004520389	-999.9	0.7	5.96064814814814	1.49872822714662	330
EAST_POINT_(AUT)	2004	1	12	12	-17.9	-7.6	5.50005319949712	-999.9	0	3.11342592592592	1.92735717260524	330
EAST_POINT_(AUT)	2004	1	13	13	-11.7	-0.1	5.89352267460551	-999.9	2.2	3.83101851851853	3.42342211106526	330
EAST_POINT_(AUT)	2004	1	14	14	-21.6	-16.5	3.94697657357673	-999.9	0.6	10	1.19284291598613	330
EAST_POINT_(AUT)	2004	1	15	15	-24.9	-15.5	5.41386978286205	-999.9	0	6.66666666666667	0.944313485047396	330
EAST_POINT_(AUT)	2004	1	16	16	-20.7	-0.9	7.94084776902491	-999.9	3	11.1111111111111	2.39109618985336	330
EAST_POINT_(AUT)	2004	1	17	17	-19.8	-0.8	7.86361901851154	-999.9	0	14.7453703703704	2.483215991256	330
EAST_POINT_(AUT)	2004	1	18	18	-3.2	-0.6	2.9414380237398	-999.9	0	5.57870370370369	4.93329646289726	330
EAST_POINT_(AUT)	2004	1	19	19	-2.7	-1.3	2.18310865097571	-999.9	6.2	4.81481481481481	5.17974553955063	330
EAST_POINT_(AUT)	2004	1	20	20	-5	-0.8	3.82542929465563	-999.9	1.7	6.52777777777778	4.86611895266914	330
EAST_POINT_(AUT)	2004	1	21	21	-3.7	-3	1.58033664796745	-999.9	0	9.28240740740742	4.20630407631067	330
EAST_POINT_(AUT)	2004	1	22	22	-7.1	0.4	5.2356681084465	-999.9	1.4	4.21296296296297	4.15056507293315	330
EAST_POINT_(AUT)	2004	1	23	23	-7.3	0.4	5.37054731757424	-999.9	0.7	6.50462962962964	4.18090778554977	330
EAST_POINT_(AUT)	2004	1	24	24	-19.5	-14.8	4.24853959011241	-999.9	0	4.84953703703703	1.20469398156078	330
EAST_POINT_(AUT)	2004	1	25	25	-20.3	-16.7	3.76565440998318	-999.9	0	10.0347222222222	1.11630223778161	330
EAST_POINT_(AUT)	2004	1	26	26	-19	-11.3	5.57839250794625	-999.9	0	14.7569444444444	1.52641476258482	330
EAST_POINT_(AUT)	2004	1	27	27	-17.6	-8.9	6.00715757196171	-999.9	0.6	11.5277777777778	2.0523168712766	330
EAST_POINT_(AUT)	2004	1	28	28	-9.9	-6.6	3.74868099184935	-999.9	0	5.06944444444445	3.10416667778505	330
EAST_POINT_(AUT)	2004	1	29	29	-10.5	-7.5	3.62206284556218	-999.9	0.9	4.54861111111111	2.83137295860798	330
EAST_POINT_(AUT)	2004	1	30	30	-13.3	-9.4	4.18560839000979	-999.9	0	3.66898148148147	2.15280570608723	330
EAST_POINT_(AUT)	2004	1	31	31	-17.1	-0.2	8.83187926206232	-999.9	1.5	4.13194444444444	2.71005880753567	330
EAST_POINT_(AUT)	2004	2	1	32	-12.5	-0.1	7.66923730624476	-999.9	0	8.83101851851853	3.55054989200793	330
EAST_POINT_(AUT)	2004	2	2	33	-2.4	-1.8	1.71037848388049	-999.9	0	6.01851851851853	4.80834478767404	330
EAST_POINT_(AUT)	2004	2	3	34	-11.7	-1.7	7.07996779287163	-999.9	0	2.97453703703703	3.30376192073434	330
EAST_POINT_(AUT)	2004	2	4	35	-9	2.6	7.73232650940971	-999.9	1.5	6.64351851851853	4.48982675465093	330
EAST_POINT_(AUT)	2004	2	5	36	-10.9	-6.5	4.82934872450634	-999.9	0	10.4513888888889	2.27320954360659	330
EAST_POINT_(AUT)	2004	2	6	37	-10	-5.1	5.16854668042202	-999.9	3.8	8.4375	2.56879284070527	330
EAST_POINT_(AUT)	2004	2	7	38	-6.4	-0.5	5.7521185236444	-999.9	3.3	3.77314814814814	4.50099618879129	330
EAST_POINT_(AUT)	2004	2	8	39	-5.7	-4.2	2.94169959045562	-999.9	1.3	2.26851851851852	4.07881449068897	330
EAST_POINT_(AUT)	2004	2	9	40	-13.2	-3.1	7.74247861508767	-999.9	0	7.47685185185186	2.86610857600658	330
EAST_POINT_(AUT)	2004	2	10	41	-11.4	1.4	8.84103552914121	-999.9	1.4	4.21296296296297	3.76994710173589	330
EAST_POINT_(AUT)	2004	2	11	42	-4	-2.4	3.17063082192311	-999.9	0	4.43287037037036	4.64945605870917	330
EAST_POINT_(AUT)	2004	2	12	43	-8.8	-6.7	3.68458186418048	-999.9	0	5.53240740740742	2.95939420850931	330
EAST_POINT_(AUT)	2004	2	13	44	-12.4	-1.4	8.55401212098801	-999.9	0	4.6875	2.90526868153938	330
EAST_POINT_(AUT)	2004	2	14	45	-7.4	1.6	7.84853592895368	-999.9	0.6	5.49768518518519	3.89909403978203	330
EAST_POINT_(AUT)	2004	2	15	46	-17.1	-14.6	4.19591948797996	-999.9	0	6.90972222222222	1.31402886745553	330
EAST_POINT_(AUT)	2004	2	16	47	-20	-13.8	6.70248194899007	-999.9	0	9.39814814814814	1.08296593665461	330
EAST_POINT_(AUT)	2004	2	17	48	-15.5	-8	7.47727204404061	-999.9	0	5.33564814814814	1.97689158480686	330
EAST_POINT_(AUT)	2004	2	18	49	-15.2	-3.2	9.59319445683147	-999.9	0.8	4.42129629629631	2.51280648760167	330
EAST_POINT_(AUT)	2004	2	19	50	-7.1	-2.2	6.21749480347464	-999.9	8.5	16.1921296296296	4.1994967409328	330
EAST_POINT_(AUT)	2004	2	20	51	-4.2	-3.3	2.70249912120168	-999.9	0	14.7800925925926	4.55751233850928	330
EAST_POINT_(AUT)	2004	2	21	52	-13.5	-3.4	9.18145722524609	-999.9	0	4.60648148148147	3.08178533022803	330
EAST_POINT_(AUT)	2004	2	22	53	-7.2	-2	6.68092475916418	-999.9	3	6.35416666666667	4.28953624660416	330
EAST_POINT_(AUT)	2004	2	23	54	-3.3	-2.5	2.65729022281522	-999.9	0.7	8.73842592592592	4.90744480364722	330
EAST_POINT_(AUT)	2004	2	24	55	-3.6	-2.7	2.85790169103031	-999.9	0.6	6.67824074074075	4.70401290946326	330
EAST_POINT_(AUT)	2004	2	25	56	-5.8	-0.9	6.76124984822208	-999.9	0	3.68055555555556	4.44717619804923	330
EAST_POINT_(AUT)	2004	2	26	57	-6.1	-4.1	4.37941152691629	-999.9	2.1	14.2476851851852	4.03051552847822	330
EAST_POINT_(AUT)	2004	2	27	58	-6.6	-3.9	5.15847660327089	-999.9	1.3	13.275462962963	4.06472261037446	330
EAST_POINT_(AUT)	2004	2	28	59	-5.1	-4.6	2.25023881551579	-999.9	0	9.15509259259258	4.03333527906735	330
EAST_POINT_(AUT)	2004	2	29	60	-8.2	-4.6	6.12015422669097	-999.9	0	5.40509259259258	3.31246523482822	330
EAST_POINT_(AUT)	2004	3	1	61	-16.1	-1.3	12.5768336911881	-999.9	0	2.71990740740741	2.64897957914437	330
EAST_POINT_(AUT)	2004	3	2	62	-10.2	2.6	11.8531850526513	-999.9	7.1	5.54398148148147	4.18657449662977	330
EAST_POINT_(AUT)	2004	3	3	63	0	2	4.7478117006165	-999.9	0	8.04398148148147	6.31480432726994	330
EAST_POINT_(AUT)	2004	3	4	64	-2.8	-1.4	4.02483696835003	-999.9	0	6.46990740740742	4.57593049333138	330
EAST_POINT_(AUT)	2004	3	5	65	-7.6	-0.5	9.18280319935051	-999.9	4.8	3.40277777777778	4.04046348631306	330
EAST_POINT_(AUT)	2004	3	6	66	-2.8	0.4	6.24507547159753	-999.9	11.4	4.42129629629631	5.48688276142705	330
EAST_POINT_(AUT)	2004	3	7	67	-3.2	-1.6	4.47293787766109	-999.9	0.6	6.90972222222222	5.00299267493986	330
EAST_POINT_(AUT)	2004	3	8	68	-4.9	-3.8	3.75622701906874	-999.9	0.7	7.03703703703703	3.79144932642021	330
EAST_POINT_(AUT)	2004	3	9	69	-6	-3.3	5.959521075079	-999.9	0	5.41666666666667	3.66688644919799	330
EAST_POINT_(AUT)	2004	3	10	70	-11.7	-1.1	11.9565743015476	-999.9	0	3.95833333333333	3.20141515511655	330
EAST_POINT_(AUT)	2004	3	11	71	-9.8	-0.2	11.5202852109606	-999.9	4.4	4.13194444444444	3.71170353696188	330
EAST_POINT_(AUT)	2004	3	12	72	-2.5	0.5	6.51944401071712	-999.9	7.9	4.78009259259258	5.55127219440833	330
EAST_POINT_(AUT)	2004	3	13	73	-4.1	-2.2	5.25166190785132	-999.9	0.7	9.83796296296297	4.72219852638129	330
EAST_POINT_(AUT)	2004	3	14	74	-5.6	-2.2	7.11011094017892	-999.9	0	6.20370370370369	4.27418061329369	330
EAST_POINT_(AUT)	2004	3	15	75	-8	1.6	12.0902618518004	-999.9	1.7	5.47453703703703	4.52013611618097	330
EAST_POINT_(AUT)	2004	3	16	76	-4.6	-3.2	4.67167714410684	-999.9	0.6	7.36111111111111	3.63755972338185	330
EAST_POINT_(AUT)	2004	3	17	77	-8	-5.9	5.78858059056041	-999.9	0	8.10185185185186	3.01782271337672	330
EAST_POINT_(AUT)	2004	3	18	78	-8.7	-4.4	8.37904733500462	-999.9	0.7	6.01851851851853	3.28548301865042	330
EAST_POINT_(AUT)	2004	3	19	79	-7.4	-0.9	10.4197882172998	-999.9	0.7	2.58101851851852	4.09081511861569	330
EAST_POINT_(AUT)	2004	3	20	80	-8.3	-0.3	11.6904798910959	-999.9	0	6.85185185185186	4.1997035414145	330
EAST_POINT_(AUT)	2004	3	21	81	-3.2	1.7	9.25152679076333	-999.9	3.8	4.50231481481481	5.63553032976555	330
EAST_POINT_(AUT)	2004	3	22	82	-1.9	0.8	6.94332942092056	-999.9	0.6	3.70370370370369	5.25825977583929	330
EAST_POINT_(AUT)	2004	3	23	83	-12.5	-7.2	9.83414193771718	-999.9	0.6	4.80324074074075	2.14973700507485	330
EAST_POINT_(AUT)	2004	3	24	84	-12.1	-0.5	14.7055742728307	-999.9	0	4.71064814814814	3.06776462978983	330
EAST_POINT_(AUT)	2004	3	25	85	-7.4	1.7	13.1634481808287	-999.9	0	4.89583333333333	4.41979976210586	330
EAST_POINT_(AUT)	2004	3	26	86	-3.1	3.5	11.3281289919824	-999.9	0	6.38888888888889	5.50853869617922	330
EAST_POINT_(AUT)	2004	3	27	87	0.7	3.5	7.45492929104252	-999.9	4.1	5.9375	6.24413892953139	330
EAST_POINT_(AUT)	2004	3	28	88	-2.7	-2	3.76558703472837	-999.9	0	9.91898148148147	4.38968109970077	330
EAST_POINT_(AUT)	2004	3	29	89	-8	-0.8	12.1985940991902	-999.9	0	2.60416666666667	3.68618258915477	330
EAST_POINT_(AUT)	2004	3	30	90	-5.5	3.5	13.7741633065064	-999.9	0	4.60648148148147	4.35067585257698	330
EAST_POINT_(AUT)	2004	3	31	91	-5.2	4.4	14.3654921309827	-999.9	0	3.83101851851853	4.92815948260282	330
EAST_POINT_(AUT)	2004	4	1	92	-2.8	1.8	10.0402640105901	-999.9	0	3.73842592592592	5.52856398787981	330
EAST_POINT_(AUT)	2004	4	2	93	-4.7	2.9	13.0285083739948	-999.9	4.6	2.43055555555556	5.11787450599072	330
EAST_POINT_(AUT)	2004	4	3	94	-2	2.5	10.1194329175037	-999.9	5.9	3.42592592592592	6.00076211291306	330
EAST_POINT_(AUT)	2004	4	4	95	0.6	6.3	11.4944898306103	-999.9	0.8	1.85185185185185	7.69499504963955	330
EAST_POINT_(AUT)	2004	4	5	96	-0.2	4.3	10.3062634528639	-999.9	0.7	5.60185185185186	6.8985984647848	330
EAST_POINT_(AUT)	2004	4	6	97	0.2	1.3	5.1413176284973	-999.9	0	4.28240740740742	5.94528796734726	330
EAST_POINT_(AUT)	2004	4	7	98	-1.1	2.5	9.38324193054142	-999.9	0	3.92361111111111	6.05587058831609	330
EAST_POINT_(AUT)	2004	4	8	99	-1.2	6.2	13.570055890833	-999.9	0	3.27546296296297	6.32984235502418	330
EAST_POINT_(AUT)	2004	4	9	100	-0.7	8.2	15.0094760740485	-999.9	2.4	4.01620370370369	6.72518215407965	330
EAST_POINT_(AUT)	2004	4	10	101	0.2	2.9	8.33677190788543	-999.9	0	4.91898148148147	6.2600936407323	330
EAST_POINT_(AUT)	2004	4	11	102	-1.7	5.9	14.1029259754376	-999.9	0	4.23611111111111	4.94116949116323	330
EAST_POINT_(AUT)	2004	4	12	103	-2.6	7.5	16.3904372577871	-999.9	0	3.00925925925925	5.68400254027075	330
EAST_POINT_(AUT)	2004	4	13	104	-1.7	5.2	13.6559842989188	-999.9	7.5	3.71527777777778	6.72311778758513	330
EAST_POINT_(AUT)	2004	4	14	105	0.9	7.1	13.0468081988045	-999.9	6.6	7.08333333333333	8.15802759069277	330
EAST_POINT_(AUT)	2004	4	15	106	0.9	8.9	14.9349900706437	-999.9	17	6.20370370370369	8.69970173872168	330
EAST_POINT_(AUT)	2004	4	16	107	0	1.4	6.29531128694583	-999.9	8.4	8.92361111111111	6.44058382426864	330
EAST_POINT_(AUT)	2004	4	17	108	-0.3	4.4	11.6208342646043	-999.9	3.7	3.54166666666667	7.13360893426216	330
EAST_POINT_(AUT)	2004	4	18	109	-0.5	4.7	12.3130995026811	-999.9	0	4.86111111111111	6.41072862941408	330
EAST_POINT_(AUT)	2004	4	19	110	-2.3	11.1	19.9084674293025	-999.9	4	7.38425925925925	7.46270295465758	330
EAST_POINT_(AUT)	2004	4	20	111	2.5	5	8.65999715662901	-999.9	0	7.97453703703703	6.71511451612444	330
EAST_POINT_(AUT)	2004	4	21	112	-0.7	4	11.9564383269167	-999.9	0	4.66435185185186	5.47252639672096	330
EAST_POINT_(AUT)	2004	4	22	113	-0.9	12	19.9432525479766	-999.9	4.1	7.56944444444445	8.04979731623515	330
EAST_POINT_(AUT)	2004	4	23	114	0.9	2.4	6.84602256257769	-999.9	0	6.36574074074075	5.97988423223313	330
EAST_POINT_(AUT)	2004	4	24	115	-5.2	2.4	15.5108156393849	-999.9	0	2.44212962962963	4.88514038382631	330
EAST_POINT_(AUT)	2004	4	25	116	-0.8	3.5	11.7419721827174	-999.9	0	10.2777777777778	5.89928508530275	330
EAST_POINT_(AUT)	2004	4	26	117	-1.8	5.6	15.5005016967849	-999.9	1.7	4.30555555555556	5.41652398481161	330
EAST_POINT_(AUT)	2004	4	27	118	0.7	6.7	14.0434222584989	-999.9	10.9	4.76851851851853	7.95092470169784	330
EAST_POINT_(AUT)	2004	4	28	119	0.6	2.1	7.06407035136072	-999.9	4.9	3.39120370370369	6.76225004981946	330
EAST_POINT_(AUT)	2004	4	29	120	0.4	6.5	14.3295070192856	-999.9	0	5.18518518518519	6.2821650447954	330
EAST_POINT_(AUT)	2004	4	30	121	2.4	17.9	22.9738765332009	-999.9	0	5.10416666666667	9.29858296754222	330
EAST_POINT_(AUT)	2004	5	1	122	3.5	11	16.0711365142696	-999.9	0	8.77314814814814	8.66040834156165	330
EAST_POINT_(AUT)	2004	5	2	123	2.8	9.3	15.0440875476667	-999.9	0	8.53009259259258	8.95538981902929	330
EAST_POINT_(AUT)	2004	5	3	124	4.3	10	14.1639953031584	-999.9	15.3	8.47222222222222	9.8549614152984	330
EAST_POINT_(AUT)	2004	5	4	125	3.9	7.1	10.6686318925614	-999.9	2.9	8.54166666666667	8.67770569782415	330
EAST_POINT_(AUT)	2004	5	5	126	2.6	14.3	20.5049424322921	-999.9	0	5.30092592592592	7.48963503755762	330
EAST_POINT_(AUT)	2004	5	6	127	2.8	14.3	20.4311670408137	-999.9	0	5.40509259259258	7.48913405384996	330
EAST_POINT_(AUT)	2004	5	7	128	4.2	14.3	19.2411302981146	-999.9	2.6	6.49305555555556	9.87592874736029	330
EAST_POINT_(AUT)	2004	5	8	129	1.2	11	19.0438975409457	-999.9	0	10.2430555555556	5.66951427610345	330
EAST_POINT_(AUT)	2004	5	9	130	3.3	17	22.62160973319	-999.9	0	7.66203703703703	5.8623764957741	330
EAST_POINT_(AUT)	2004	5	10	131	3	6.4	11.3206372267922	-999.9	3.6	5.16203703703703	6.31273485494993	330
EAST_POINT_(AUT)	2004	5	11	132	2.5	11.8	18.8056824168495	-999.9	1	6.07638888888889	9.07302398519279	330
EAST_POINT_(AUT)	2004	5	12	133	2.9	12.1	18.7847752362065	-999.9	0	4.96527777777778	6.63247373816389	330
EAST_POINT_(AUT)	2004	5	13	134	0.8	6.3	14.5849987209667	-999.9	0	6.79398148148147	5.55897674208235	330
EAST_POINT_(AUT)	2004	5	14	135	0.6	9.7	18.8368134337125	-999.9	0	5.12731481481481	6.46646611483015	330
EAST_POINT_(AUT)	2004	5	15	136	5.2	22.7	26.2250551742286	-999.9	0.7	6.88657407407408	13.4615163467145	330
EAST_POINT_(AUT)	2004	5	16	137	4.6	6.9	9.54379560087089	-999.9	0	5.84490740740742	8.08837489406976	330
EAST_POINT_(AUT)	2004	5	17	138	2.7	7.3	13.5470692047624	-999.9	0.6	4.02777777777778	7.44285905874331	330
EAST_POINT_(AUT)	2004	5	18	139	2.8	11.4	18.5897902678542	-999.9	14.5	8.84259259259258	8.47926171882041	330
EAST_POINT_(AUT)	2004	5	19	140	5.7	11.7	15.5815097433739	-999.9	0.8	5.16203703703703	10.4628260176241	330
EAST_POINT_(AUT)	2004	5	20	141	2.5	13.9	21.5498870201632	-999.9	0	4.57175925925925	7.1157463440764	330
EAST_POINT_(AUT)	2004	5	21	142	6.5	13	16.3251853934049	-999.9	0	5.63657407407408	9.26565036827464	330
EAST_POINT_(AUT)	2004	5	22	143	0.9	9.8	19.1626566095973	-999.9	0.6	3.87731481481481	6.23802130549942	330
EAST_POINT_(AUT)	2004	5	23	144	4.5	11.6	17.1672107800575	-999.9	0	4.17824074074075	8.54069586962484	330
EAST_POINT_(AUT)	2004	5	24	145	2.1	7.3	14.7344132197881	-999.9	0	4.29398148148147	6.58440407860577	330
EAST_POINT_(AUT)	2004	5	25	146	4.5	7	10.2450177039064	-999.9	0	4.65277777777778	7.12749447965021	330
EAST_POINT_(AUT)	2004	5	26	147	2	11.4	19.9190793589176	-999.9	0	4.20138888888889	7.51040761465856	330
EAST_POINT_(AUT)	2004	5	27	148	5.3	8.6	11.8324909062618	-999.9	0	2.69607843137255	9.6578866798956	330
EAST_POINT_(AUT)	2004	5	28	149	5.7	9.1	12.0399294365819	-999.9	1.3	1.36574074074074	9.79692114090258	330
EAST_POINT_(AUT)	2004	5	29	150	6	8.7	10.7543256478211	-999.9	6.4	5.03472222222222	10.1458879889295	330
EAST_POINT_(AUT)	2004	5	30	151	4.9	5.8	6.22287470043387	-999.9	6.8	9.76851851851853	8.62138082956208	330
EAST_POINT_(AUT)	2004	5	31	152	4.4	7.4	11.3854642793376	-999.9	0	9.32870370370369	8.20675292981839	330
EAST_POINT_(AUT)	2004	6	1	153	4.8	7.9	11.5969349814095	-999.9	0	3.53009259259258	8.63997689055173	330
EAST_POINT_(AUT)	2004	6	2	154	5.5	10	13.998869072835	-999.9	5.4	2.59259259259259	9.19595738771392	330
EAST_POINT_(AUT)	2004	6	3	155	6.7	9.4	10.8628822617011	-999.9	18.1	4.79166666666667	10.6329404133478	330
EAST_POINT_(AUT)	2004	6	4	156	6	10	13.244085194908	-999.9	0	9.08564814814814	9.6452445184818	330
EAST_POINT_(AUT)	2004	6	5	157	6.2	9.6	12.2296096422697	-999.9	0	5.74074074074075	9.39256833122867	330
EAST_POINT_(AUT)	2004	6	6	158	1.7	10.2	19.3649441519271	-999.9	0	3.06712962962964	7.84507035538989	330
EAST_POINT_(AUT)	2004	6	7	159	5.5	10	14.10909852976	-999.9	1.3	7.44212962962964	9.62985426975339	330
EAST_POINT_(AUT)	2004	6	8	160	6.7	12	15.3309768155994	-999.9	0.8	3.19444444444444	11.3143857371246	330
EAST_POINT_(AUT)	2004	6	9	161	9.1	25.6	27.0810491619168	-999.9	0	5.55555555555556	17.5505563427014	330
EAST_POINT_(AUT)	2004	6	10	162	7.5	14.2	17.274494562775	-999.9	0	4.60648148148147	9.47018243349334	330
EAST_POINT_(AUT)	2004	6	11	163	4.3	11.7	18.1710960341556	-999.9	0	6.40046296296297	7.71529796522578	330
EAST_POINT_(AUT)	2004	6	12	164	7.7	12.3	14.3381936188514	-999.9	0	6.62037037037036	10.079086166287	330
EAST_POINT_(AUT)	2004	6	13	165	4.8	15.9	22.288471096384	-999.9	0	4.14351851851853	9.49227658446337	330
EAST_POINT_(AUT)	2004	6	14	166	9.9	20.9	22.2009445619953	-999.9	3.4	6.5625	12.4726335240557	330
EAST_POINT_(AUT)	2004	6	15	167	11.1	17.8	17.3349237560392	-999.9	0.6	7.46527777777778	15.2860356426703	330
EAST_POINT_(AUT)	2004	6	16	168	12.4	17.6	15.2773763708343	-999.9	0	6.01851851851853	13.9751347742107	330
EAST_POINT_(AUT)	2004	6	17	169	9.1	17.1	18.9543046189404	-999.9	0	3.81944444444444	11.465429584224	330
EAST_POINT_(AUT)	2004	6	18	170	6.6	13.9	18.1089498650625	-999.9	0	3.29861111111111	10.0580409343523	330
EAST_POINT_(AUT)	2004	6	19	171	6.9	14.3	18.233494706956	-999.9	15.6	4.10879629629631	10.8496552224218	330
EAST_POINT_(AUT)	2004	6	20	172	8.9	12.5	12.716886440046	-999.9	0.6	7.38425925925925	10.599209705335	330
EAST_POINT_(AUT)	2004	6	21	173	8	14.6	17.215921903569	-999.9	0	4.34027777777778	11.2600122857109	330
EAST_POINT_(AUT)	2004	6	22	174	7.3	15.7	19.4169061579543	-999.9	3.7	3.27546296296297	12.3241222655216	330
EAST_POINT_(AUT)	2004	6	23	175	8.5	14.7	16.6752215619135	-999.9	0	3.64583333333333	12.6230747125517	330
EAST_POINT_(AUT)	2004	6	24	176	8.9	17	19.0505258357062	-999.9	0	2.08333333333333	13.138794552119	330
EAST_POINT_(AUT)	2004	6	25	177	11.1	17.3	16.6572115411451	-999.9	12.7	6.29629629629631	14.1317662687144	330
EAST_POINT_(AUT)	2004	6	26	178	12	15.6	12.6839057534708	-999.9	23.7	4.89583333333333	15.3143084136979	330
EAST_POINT_(AUT)	2004	6	27	179	12.6	16.3	12.8484638492689	-999.9	0	4.74537037037036	15.3482020777286	330
EAST_POINT_(AUT)	2004	6	28	180	11.4	17.3	16.2098207235375	-999.9	0	4.51388888888889	13.5266997245468	330
EAST_POINT_(AUT)	2004	6	29	181	10.1	19.4	20.3305342292469	-999.9	0	2.98611111111111	14.310296187545	330
EAST_POINT_(AUT)	2004	6	30	182	9.9	20.4	21.5779557800997	-999.9	4.6	3.07870370370369	15.1171919211961	330
EAST_POINT_(AUT)	2004	7	1	183	12.8	19.3	16.9564076591134	-999.9	0	3.53009259259258	16.864029665302	330
EAST_POINT_(AUT)	2004	7	2	184	13.1	18	14.7024558143872	-999.9	0.6	6.72453703703703	15.6882545173393	330
EAST_POINT_(AUT)	2004	7	3	185	13.6	17.1	12.4077673999427	-999.9	5.1	4.74537037037036	16.8058489267793	330
EAST_POINT_(AUT)	2004	7	4	186	13.1	18.6	15.5296547642904	-999.9	0	1.8287037037037	16.8691192372733	330
EAST_POINT_(AUT)	2004	7	5	187	10.1	20.1	20.9051983650599	-999.9	0	4.65277777777778	15.1567063410347	330
EAST_POINT_(AUT)	2004	7	6	188	13.7	16.3	10.6406398336477	-999.9	2.6	5.68287037037036	16.4648346395499	330
EAST_POINT_(AUT)	2004	7	7	189	14.1	17.5	12.1450743387476	-999.9	0	2.87037037037036	16.1683116029934	330
EAST_POINT_(AUT)	2004	7	8	190	10.5	19.5	19.7203411185108	-999.9	0	2.88194444444444	15.3162911486627	330
EAST_POINT_(AUT)	2004	7	9	191	14.3	18	12.6176710341262	-999.9	17.3	2.34953703703704	17.4881467071749	330
EAST_POINT_(AUT)	2004	7	10	192	15.5	17.2	8.53376352789662	-999.9	2.8	4.86111111111111	18.1884568876128	330
EAST_POINT_(AUT)	2004	7	11	193	12.5	15.8	11.8621513918707	-999.9	5.4	7.66203703703703	15.3647391646425	330
EAST_POINT_(AUT)	2004	7	12	194	12.5	19.2	16.8611304482521	-999.9	0	4.28240740740742	15.2668552236972	330
EAST_POINT_(AUT)	2004	7	13	195	15.3	23.8	18.9432236016837	-999.9	0	5.08101851851853	16.718458102457	330
EAST_POINT_(AUT)	2004	7	14	196	14.3	20.3	15.8733069332989	-999.9	0	6.08796296296297	16.2090066274433	330
EAST_POINT_(AUT)	2004	7	15	197	15.3	19.3	12.9247235793301	-999.9	0	6.75925925925925	17.9356541224156	330
EAST_POINT_(AUT)	2004	7	16	198	15.6	23.8	18.4522641211324	-999.9	0	5.76388888888889	19.9240188793717	330
EAST_POINT_(AUT)	2004	7	17	199	16.7	24.4	17.8275402484535	-999.9	0	4.69907407407408	20.8006963393456	330
EAST_POINT_(AUT)	2004	7	18	200	17.3	22.7	14.8832573519902	-999.9	0	1.74768518518519	21.0023830000145	330
EAST_POINT_(AUT)	2004	7	19	201	15.9	20.5	13.6926230894313	-999.9	23.5	4.71064814814814	20.4861485368361	330
EAST_POINT_(AUT)	2004	7	20	202	18.1	23.1	14.2282272885985	-999.9	0	4.95370370370369	23.2472399302594	330
EAST_POINT_(AUT)	2004	7	21	203	17.2	23.3	15.6617408946552	-999.9	0	4.44444444444444	22.19298656955	330
EAST_POINT_(AUT)	2004	7	22	204	17.5	24.8	17.0724944619221	-999.9	0	5.03472222222222	22.7938829821242	330
EAST_POINT_(AUT)	2004	7	23	205	18.8	25.8	16.6569676377575	-999.9	0	6.33101851851853	23.4096433861386	330
EAST_POINT_(AUT)	2004	7	24	206	18.6	25.6	16.5942670908177	-999.9	0	6.00694444444445	23.215333222127	330
EAST_POINT_(AUT)	2004	7	25	207	16.2	19.4	11.1762667677824	-999.9	0	3.76157407407408	15.5349809483951	330
EAST_POINT_(AUT)	2004	7	26	208	13.7	20.5	16.2270409924825	-999.9	0	2.40740740740741	16.3314421860627	330
EAST_POINT_(AUT)	2004	7	27	209	14	21.5	16.971835488378	-999.9	0	3.77314814814814	16.899194423556	330
EAST_POINT_(AUT)	2004	7	28	210	17.1	22.3	14.0722375157395	-999.9	0	3.20601851851853	20.3369021621732	330
EAST_POINT_(AUT)	2004	7	29	211	16.8	23.1	15.4221476142885	-999.9	0	3.25231481481481	21.7653945854831	330
EAST_POINT_(AUT)	2004	7	30	212	16.5	27.7	20.4713399655278	-999.9	0	3.93518518518519	22.1358090981834	330
EAST_POINT_(AUT)	2004	7	31	213	17.9	26.6	17.9601074381385	-999.9	0	5.68287037037036	22.8125735596394	330
EAST_POINT_(AUT)	2004	8	1	214	19.2	25.3	14.9684010877903	-999.9	0	6.70138888888889	23.5110326019592	330
EAST_POINT_(AUT)	2004	8	2	215	18.9	23.5	12.93598552251	-999.9	0	3.48379629629631	21.2454999884217	330
EAST_POINT_(AUT)	2004	8	3	216	18	26.1	17.0813391567528	-999.9	0	4.75694444444445	21.9354850339465	330
EAST_POINT_(AUT)	2004	8	4	217	18.3	22.3	11.943088779768	-999.9	0	4.15509259259258	20.8177588431926	330
EAST_POINT_(AUT)	2004	8	5	218	13.2	21.9	17.5227300301419	-999.9	0	3.93518518518519	16.1654572792257	330
EAST_POINT_(AUT)	2004	8	6	219	12.9	19.9	15.6348824999305	-999.9	4.6	4.73379629629631	16.4952371773546	330
EAST_POINT_(AUT)	2004	8	7	220	17.3	23.4	14.5164931560963	-999.9	13.6	4.42129629629631	22.7315603036377	330
EAST_POINT_(AUT)	2004	8	8	221	16.4	22.1	13.9550985877293	-999.9	0	5.12731481481481	18.8352547693427	330
EAST_POINT_(AUT)	2004	8	9	222	14.5	21.4	15.2674305888722	-999.9	1.3	4.95370370370369	17.847192603616	330
EAST_POINT_(AUT)	2004	8	10	223	13.1	22.8	17.9978321465553	-999.9	0	3.33333333333333	17.7781178378545	330
EAST_POINT_(AUT)	2004	8	11	224	15.9	25.4	17.7066252914243	-999.9	0	4.43287037037036	19.7035346977283	330
EAST_POINT_(AUT)	2004	8	12	225	18.6	25.1	14.5585066346379	-999.9	0	5	22.3951973210683	330
EAST_POINT_(AUT)	2004	8	13	226	19.4	24.7	13.0656338197305	-999.9	0	6.84027777777778	22.425166079859	330
EAST_POINT_(AUT)	2004	8	14	227	20.4	24.5	11.4199147940247	-999.9	0	6.78240740740742	24.8705539452114	330
EAST_POINT_(AUT)	2004	8	15	228	18.4	22.6	11.4847014221285	-999.9	0	5.08101851851853	19.1089941781619	330
EAST_POINT_(AUT)	2004	8	16	229	15.7	21.8	13.7508518420491	-999.9	2.4	1.14583333333333	17.348972779404	330
EAST_POINT_(AUT)	2004	8	17	230	14.5	20.8	13.8819293244983	-999.9	6	4.25925925925925	16.7591470076051	330
EAST_POINT_(AUT)	2004	8	18	231	11.9	24.5	19.4995550014174	-999.9	0	2.68518518518519	17.6270061674186	330
EAST_POINT_(AUT)	2004	8	19	232	16	23.7	15.1387295182947	-999.9	0	5.625	19.3560754546929	330
EAST_POINT_(AUT)	2004	8	20	233	18.8	25.2	13.7051320231191	-999.9	0	5.59027777777778	22.3331290537855	330
EAST_POINT_(AUT)	2004	8	21	234	19.3	22.9	10.2055862356967	-999.9	10.7	5.61342592592592	23.1045582479627	330
EAST_POINT_(AUT)	2004	8	22	235	15.9	20.5	11.4525756190664	-999.9	0	4.91898148148147	17.7756465964097	330
EAST_POINT_(AUT)	2004	8	23	236	10.5	21.7	17.7384091113707	-999.9	0	4.78009259259258	15.4861243817095	330
EAST_POINT_(AUT)	2004	8	24	237	15	19.3	10.9084974357021	-999.9	0	7.41898148148147	15.0313623875523	330
EAST_POINT_(AUT)	2004	8	25	238	16	18.8	8.73530786683288	-999.9	0	6.65509259259258	15.1145956565756	330
EAST_POINT_(AUT)	2004	8	26	239	11.9	20.5	15.1900837824407	-999.9	0	2.97453703703703	14.5991356872672	330
EAST_POINT_(AUT)	2004	8	27	240	13.2	22.5	15.6713794385395	-999.9	0	4.51388888888889	16.7571130040195	330
EAST_POINT_(AUT)	2004	8	28	241	16.6	29.1	18.022642016411	-999.9	0	5.50925925925925	23.4017099477969	330
EAST_POINT_(AUT)	2004	8	29	242	17.4	21	9.59301504361129	-999.9	9.6	5.57870370370369	18.299442730718	330
EAST_POINT_(AUT)	2004	8	30	243	16.2	22.1	12.1790351045066	-999.9	23.2	4.46759259259258	20.3285772756297	330
EAST_POINT_(AUT)	2004	8	31	244	18.4	23.5	11.2278707346521	-999.9	5.9	5.53240740740742	23.8682719165668	330
EAST_POINT_(AUT)	2004	9	1	245	16.4	19.9	9.22176587425201	-999.9	0.7	6.07638888888889	17.8805692521681	330
EAST_POINT_(AUT)	2004	9	2	246	14.6	17.2	7.87910164528651	-999.9	0.6	7.77777777777778	12.5535873893866	330
EAST_POINT_(AUT)	2004	9	3	247	8.2	16.6	14.0372406153923	-999.9	20	4.07407407407408	10.854967618777	330
EAST_POINT_(AUT)	2004	9	4	248	11.2	16.9	11.4597102797114	-999.9	1.4	9.02777777777778	13.4077720111936	330
EAST_POINT_(AUT)	2004	9	5	249	11.3	16.4	10.7413133562038	-999.9	0	6.14583333333333	10.5772794745572	330
EAST_POINT_(AUT)	2004	9	6	250	6.2	20	17.5061187567645	-999.9	0.6	5.40509259259258	10.721248786128	330
EAST_POINT_(AUT)	2004	9	7	251	12.8	23.4	15.1992868241661	-999.9	0	6.04166666666667	15.552951651418	330
EAST_POINT_(AUT)	2004	9	8	252	16.8	23.3	11.7893220738809	-999.9	0	4.82638888888889	20.4241051648385	330
EAST_POINT_(AUT)	2004	9	9	253	14.6	20.3	10.9338574827271	-999.9	3.5	3.80787037037036	16.2394498393221	330
EAST_POINT_(AUT)	2004	9	10	254	15.8	22.8	11.9986069738855	-999.9	0.7	7.62731481481481	20.802138658732	330
EAST_POINT_(AUT)	2004	9	11	255	14	17.2	8.03238835809614	-999.9	0	8.03240740740742	13.7976567376032	330
EAST_POINT_(AUT)	2004	9	12	256	7.3	18.2	14.6761801266341	-999.9	0	4.15509259259258	12.3804295224802	330
EAST_POINT_(AUT)	2004	9	13	257	11.5	15.6	8.90972071122525	-999.9	0	8.98148148148147	11.6109407836322	330
EAST_POINT_(AUT)	2004	9	14	258	10.7	14.6	8.60041291059768	-999.9	0	6.07638888888889	10.087851857462	330
EAST_POINT_(AUT)	2004	9	15	259	5.5	22.5	17.7692436244426	-999.9	0	7.06018518518519	10.9203458490734	330
EAST_POINT_(AUT)	2004	9	16	260	11.7	23.4	14.5860520044441	-999.9	0	5.3125	15.2056332532717	330
EAST_POINT_(AUT)	2004	9	17	261	16.5	21.9	9.80359060309067	-999.9	1.9	5.91435185185186	20.4402727551662	330
EAST_POINT_(AUT)	2004	9	18	262	13.2	15.5	6.32905784431357	-999.9	39.2	5.87962962962964	15.3522208441457	330
EAST_POINT_(AUT)	2004	9	19	263	10.8	13.3	6.52643071723288	-999.9	13.5	12.9282407407407	12.9048533024978	330
EAST_POINT_(AUT)	2004	9	20	264	8.8	11.1	6.19076481516168	-999.9	0.7	15.5092592592593	9.86846306087528	330
EAST_POINT_(AUT)	2004	9	21	265	8.4	11.5	7.10690272051086	-999.9	0.7	12.2337962962963	8.91295336315389	330
EAST_POINT_(AUT)	2004	9	22	266	6.9	14.9	11.2877808135065	-999.9	2.5	6.59722222222222	9.02285814804032	330
EAST_POINT_(AUT)	2004	9	23	267	10.4	13.3	6.71849528938332	-999.9	0	10.474537037037	11.2436623164685	330
EAST_POINT_(AUT)	2004	9	24	268	9.8	15.6	9.39166030096606	-999.9	0	3.88888888888889	11.4271647106451	330
EAST_POINT_(AUT)	2004	9	25	269	9.8	20.8	12.7828168918772	-999.9	0	5.53240740740742	14.5891849703798	330
EAST_POINT_(AUT)	2004	9	26	270	13.8	15.3	4.66471164857337	-999.9	0	5.67129629629631	13.153478210717	330
EAST_POINT_(AUT)	2004	9	27	271	7.3	18.6	12.6507160846192	-999.9	0	4.88425925925925	12.2365597330894	330
EAST_POINT_(AUT)	2004	9	28	272	13.7	18	7.71001656013783	-999.9	0.7	7.56944444444445	14.5790909537187	330
EAST_POINT_(AUT)	2004	9	29	273	10.9	14.5	6.96894085258926	-999.9	0	5.38194444444445	11.6544792774697	330
EAST_POINT_(AUT)	2004	9	30	274	10.3	14.8	7.69602202287928	-999.9	0	5.12731481481481	11.6820518815221	330
EAST_POINT_(AUT)	2004	10	1	275	11	15.1	7.25516744544585	-999.9	0	4.81481481481481	12.7582860554923	330
EAST_POINT_(AUT)	2004	10	2	276	7	15.6	10.3765286900214	-999.9	0	2.97453703703703	11.2207983125766	330
EAST_POINT_(AUT)	2004	10	3	277	10.6	14.6	6.98768145436626	-999.9	0	5.61342592592592	12.054363879836	330
EAST_POINT_(AUT)	2004	10	4	278	12.4	16	6.54498316183476	-999.9	0.7	7.91666666666667	13.3120425302127	330
EAST_POINT_(AUT)	2004	10	5	279	12.1	14.2	4.93487522874946	-999.9	22.9	8.65740740740742	13.6925305637551	330
EAST_POINT_(AUT)	2004	10	6	280	4.6	9.8	7.66538023231657	-999.9	0	5.3125	7.12243006987499	330
EAST_POINT_(AUT)	2004	10	7	281	5.1	13.6	9.67307394354072	-999.9	0	5.17361111111111	9.18769570105801	330
EAST_POINT_(AUT)	2004	10	8	282	4.6	18.1	12.0310569925414	-999.9	0	6.09953703703703	10.2690573227363	330
EAST_POINT_(AUT)	2004	10	9	283	12.2	17.3	7.29733164405038	-999.9	0	6.77083333333333	13.3595629270536	330
EAST_POINT_(AUT)	2004	10	10	284	13.7	18.5	6.98559538824189	-999.9	0	5.41666666666667	16.1214918180327	330
EAST_POINT_(AUT)	2004	10	11	285	13.2	14.4	3.44620026738731	-999.9	18.3	12.1990740740741	14.7994308032373	330
EAST_POINT_(AUT)	2004	10	12	286	11.9	17.2	7.14528904230493	-999.9	1.4	8.44907407407408	15.2043640839525	330
EAST_POINT_(AUT)	2004	10	13	287	12.1	14.1	4.33007532871808	-999.9	0.7	8.26388888888889	14.1268219299569	330
EAST_POINT_(AUT)	2004	10	14	288	9.8	13.5	5.80962774703817	-999.9	0	2.96296296296297	12.5342297591935	330
EAST_POINT_(AUT)	2004	10	15	289	9.6	15	6.92279697596199	-999.9	0.7	6.74768518518519	13.3032605663005	330
EAST_POINT_(AUT)	2004	10	16	290	12.8	17.2	6.163403104658	-999.9	1.4	6.57407407407408	16.2650879454826	330
EAST_POINT_(AUT)	2004	10	17	291	12.1	14.3	4.29822747964063	-999.9	2.6	5.50925925925925	14.0099281197068	330
EAST_POINT_(AUT)	2004	10	18	292	8	14.6	7.34193090496183	-999.9	0	4.00462962962964	10.778240615775	330
EAST_POINT_(AUT)	2004	10	19	293	4.6	12	7.66642939965499	-999.9	0.7	5.19675925925925	8.69878434027706	330
EAST_POINT_(AUT)	2004	10	20	294	7.6	9.3	3.62344535351549	-999.9	0	7.54629629629631	8.45544042367789	330
EAST_POINT_(AUT)	2004	10	21	295	6.3	12	6.54241525430737	-999.9	3.6	7.1875	9.21567488340835	330
EAST_POINT_(AUT)	2004	10	22	296	7.4	10.9	5.0550341987612	-999.9	0	5.78703703703703	9.03554811600945	330
EAST_POINT_(AUT)	2004	10	23	297	8.3	12.2	5.26138859344841	-999.9	0	7.30324074074075	9.61777233691322	330
EAST_POINT_(AUT)	2004	10	24	298	7.2	11.1	5.18763853042353	-999.9	0	6.01851851851853	8.96252375084774	330
EAST_POINT_(AUT)	2004	10	25	299	8.6	13.2	5.55494554548554	-999.9	0	4.86111111111111	10.9321691225349	330
EAST_POINT_(AUT)	2004	10	26	300	3.9	12.8	7.61827192542942	-999.9	0	3.72685185185186	9.13158812719736	330
EAST_POINT_(AUT)	2004	10	27	301	9.3	12	4.13717653357586	-999.9	0	5.25462962962964	11.089066527674	330
EAST_POINT_(AUT)	2004	10	28	302	6.8	7.5	2.07699361925714	-999.9	0	12.4768518518519	7.37740966664856	330
EAST_POINT_(AUT)	2004	10	29	303	4.1	6.8	4.02196707281409	-999.9	0	8.76157407407408	6.08119706785674	330
EAST_POINT_(AUT)	2004	10	30	304	2.8	9.7	6.33959518941205	-999.9	1	5.70601851851853	6.90282262134774	330
EAST_POINT_(AUT)	2004	10	31	305	0.6	13.1	8.41367371575745	-999.9	6.7	6.70138888888889	8.93405199307739	330
EAST_POINT_(AUT)	2004	11	1	306	7.8	10.2	3.63535515607786	-999.9	1.5	10	10.8500816288344	330
EAST_POINT_(AUT)	2004	11	2	307	6.1	7.2	2.42699392099563	-999.9	5.3	8.34490740740742	8.05654441769278	330
EAST_POINT_(AUT)	2004	11	3	308	4.8	6.8	3.22732567357303	-999.9	13	7.26851851851853	8.40480940805531	330
EAST_POINT_(AUT)	2004	11	4	309	3.1	5.3	3.33828020593292	-999.9	0	13.7847222222222	5.82626781414867	330
EAST_POINT_(AUT)	2004	11	5	310	0	10.5	7.1931965551698	-999.9	4.6	9.4212962962963	7.32044824599977	330
EAST_POINT_(AUT)	2004	11	6	311	2.7	8.5	5.27343213093588	-999.9	4.9	9.34027777777778	6.72107111064872	330
EAST_POINT_(AUT)	2004	11	7	312	2.4	10.7	6.22315938942596	-999.9	0.8	6.70138888888889	7.50784854740971	330
EAST_POINT_(AUT)	2004	11	8	313	2.6	10.9	6.13971388901233	-999.9	7.8	8.70370370370369	8.39741093566064	330
EAST_POINT_(AUT)	2004	11	9	314	-1.7	1.5	3.76158031432232	-999.9	2.5	6.42361111111111	4.90747760361252	330
EAST_POINT_(AUT)	2004	11	10	315	-2.5	2.5	4.64002279270719	-999.9	0	6.73611111111111	4.4190216	330
EAST_POINT_(AUT)	2004	11	11	316	-3.6	8.2	7.03515881733936	-999.9	0	7.60416666666667	5.10571612310855	330
EAST_POINT_(AUT)	2004	11	12	317	2.6	3.6	2.02159115923685	-999.9	0	7.48842592592592	5.85467002324963	330
EAST_POINT_(AUT)	2004	11	13	318	1.1	4.2	3.51400133579353	-999.9	25.6	8.76157407407408	5.82750394980984	330
EAST_POINT_(AUT)	2004	11	14	319	1.1	4.5	3.63379436686635	-999.9	10.3	15.0694444444444	7.07286050786115	330
EAST_POINT_(AUT)	2004	11	15	320	1.6	3.5	2.68271403742505	-999.9	5.9	13.3564814814815	6.72337383311353	330
EAST_POINT_(AUT)	2004	11	16	321	1.8	2.8	1.92245427334774	-999.9	0	15.6597222222222	5.98684443749844	330
EAST_POINT_(AUT)	2004	11	17	322	1.4	3.6	2.81716610788955	-999.9	1.2	13.5648148148148	6.38799854687402	330
EAST_POINT_(AUT)	2004	11	18	323	2.4	3.6	2.056025255221	-999.9	0	7.97453703703703	6.29223572488561	330
EAST_POINT_(AUT)	2004	11	19	324	-1.3	6.4	5.14773862851458	-999.9	2.7	5.38194444444445	6.22397605183688	330
EAST_POINT_(AUT)	2004	11	20	325	2.7	5.1	2.84126441271779	-999.9	0.7	10.6018518518519	7.16471367842124	330
EAST_POINT_(AUT)	2004	11	21	326	3.4	5.1	2.36467804090271	-999.9	0	4.95370370370369	6.95523493907721	330
EAST_POINT_(AUT)	2004	11	22	327	-0.9	5.8	4.64342172061679	-999.9	0	3.98148148148147	6.68184035832582	330
EAST_POINT_(AUT)	2004	11	23	328	0.7	3.8	3.12500991521611	-999.9	0	6.45833333333333	5.57645590750863	330
EAST_POINT_(AUT)	2004	11	24	329	-1.6	8.1	5.47076293091885	-999.9	3	6.06481481481481	5.70486103538135	330
EAST_POINT_(AUT)	2004	11	25	330	4.8	13.3	5.06978544876842	-999.9	10.7	10.0231481481481	10.8220093925692	330
EAST_POINT_(AUT)	2004	11	26	331	0.7	5.2	3.65288498518148	-999.9	0	8.62268518518519	5.72771054392309	330
EAST_POINT_(AUT)	2004	11	27	332	-3.3	0.4	3.28107854560337	-999.9	0	5.91435185185186	3.81577671836818	330
EAST_POINT_(AUT)	2004	11	28	333	-4.6	7.5	5.87943606425171	-999.9	0	5.45138888888889	5.10679621988466	330
EAST_POINT_(AUT)	2004	11	29	334	3.6	9.8	4.17168942928117	-999.9	8.8	9.95370370370369	8.7464014320518	330
EAST_POINT_(AUT)	2004	11	30	335	2.5	3.6	1.7423529830364	-999.9	0	4.66435185185186	6.53180589064129	330
EAST_POINT_(AUT)	2004	12	1	336	-2.1	8.5	5.36502148336872	-999.9	10.5	6.21527777777778	6.99637937115596	330
EAST_POINT_(AUT)	2004	12	2	337	1.8	3.7	2.25389415223469	-999.9	1.3	11.4699074074074	5.40001330551556	330
EAST_POINT_(AUT)	2004	12	3	338	-7.2	-3.1	3.28662792980387	-999.9	0	6.38888888888889	2.84750886583153	330
EAST_POINT_(AUT)	2004	12	4	339	-6.2	3	4.88902492690746	-999.9	2.2	5.40509259259258	4.33152018240372	330
EAST_POINT_(AUT)	2004	12	5	340	-7.7	5	5.70652473967807	-999.9	0.8	9.94212962962964	4.36107286627972	330
EAST_POINT_(AUT)	2004	12	6	341	-10.5	-5.7	3.48664338576459	-999.9	0	12.2337962962963	2.65473363611101	330
EAST_POINT_(AUT)	2004	12	7	342	-8	-1.2	4.12607948007015	-999.9	0.7	6.52777777777778	3.21988089757818	330
EAST_POINT_(AUT)	2004	12	8	343	-8.4	3.9	5.51968710301339	-999.9	11.2	8.69212962962964	4.56706014733527	330
EAST_POINT_(AUT)	2004	12	9	344	-0.1	0.6	1.31031413537128	-999.9	0	11.8171296296296	5.27418899993839	330
EAST_POINT_(AUT)	2004	12	10	345	-1.9	1.9	3.03928481007487	-999.9	1.3	3.35648148148147	5.140181375	330
EAST_POINT_(AUT)	2004	12	11	346	0.5	7.3	4.04928805993726	-999.9	11.8	8.09027777777778	7.45197814194285	330
EAST_POINT_(AUT)	2004	12	12	347	3.7	7.3	2.93571564019343	-999.9	0	4.09722222222222	8.72305956035634	330
EAST_POINT_(AUT)	2004	12	13	348	0.1	4.8	3.34384640579233	-999.9	8.3	5.18518518518519	6.44615473872385	330
EAST_POINT_(AUT)	2004	12	14	349	-0.1	1.1	1.68508097821164	-999.9	0	5.97222222222222	5.65605779306743	330
EAST_POINT_(AUT)	2004	12	15	350	-7.1	-1.8	3.53346388579783	-999.9	0	4.81481481481481	3.53569686855026	330
EAST_POINT_(AUT)	2004	12	16	351	-3.7	2.6	3.8456238215016	-999.9	0	3.64583333333333	4.60464927297658	330
EAST_POINT_(AUT)	2004	12	17	352	-5.7	6.2	5.27844725651814	-999.9	0.6	7.58101851851853	5.18271396772935	330
EAST_POINT_(AUT)	2004	12	18	353	-7.5	2.1	4.7370475174492	-999.9	1.3	5.72916666666667	4.1231839149785	330
EAST_POINT_(AUT)	2004	12	19	354	-7.2	8.3	6.01701648266662	-999.9	5.5	8.02083333333333	5.988236405019	330
EAST_POINT_(AUT)	2004	12	20	355	0.8	2.6	2.05068483450169	-999.9	2.4	5.72916666666667	6.87751732583157	330
EAST_POINT_(AUT)	2004	12	21	356	-0.3	0.7	1.52937524574189	-999.9	0	9.79166666666667	5.61232651899937	330
EAST_POINT_(AUT)	2004	12	22	357	-5.6	3.4	4.59293679664537	-999.9	0	5.08101851851853	4.11122913646357	330
EAST_POINT_(AUT)	2004	12	23	358	-1.1	8.8	4.82442035595098	-999.9	0	7.23379629629631	7.60743891043689	330
EAST_POINT_(AUT)	2004	12	24	359	3.7	9.7	3.76325618662715	-999.9	17.9	9.35185185185186	9.27611306807747	330
EAST_POINT_(AUT)	2004	12	25	360	-4.8	-3	2.06626557826801	-999.9	0	7.76620370370369	3.38444539365786	330
EAST_POINT_(AUT)	2004	12	26	361	-5.6	-3.7	2.12906087785723	-999.9	3.4	6.27314814814814	3.19746720902493	330
EAST_POINT_(AUT)	2004	12	27	362	-5.7	-3.3	2.40091190380404	-999.9	4.3	20.2777777777778	4.25969907854371	330
EAST_POINT_(AUT)	2004	12	28	363	-9.1	-1.4	4.31689244757455	-999.9	0.6	12.3032407407407	3.82491087741943	330
EAST_POINT_(AUT)	2004	12	29	364	-13.8	-0.3	5.74039386942244	-999.9	2.1	8.11342592592592	3.2818004539289	330
EAST_POINT_(AUT)	2004	12	30	365	-5.7	-4.7	1.56969371243773	-999.9	0	5.90277777777778	3.11522337458492	330
EAST_POINT_(AUT)	2004	12	31	366	-11.1	4.4	6.21168314491504	-999.9	2	7.48842592592592	3.58123096700563	330
