EAST_POINT_(AUT)	2016	1	1	1	-4.4	0.3	3.42050579067153	-999.9	0.2	6.22685185185186	4.00805028356961	330
EAST_POINT_(AUT)	2016	1	2	2	-4.9	1.1	3.88621562706536	-999.9	0	5.17361111111111	3.98313065790983	330
EAST_POINT_(AUT)	2016	1	3	3	-2.5	0.8	2.89934788153462	-999.9	2.3	3.78472222222222	4.76822093655944	330
EAST_POINT_(AUT)	2016	1	4	4	-7.2	0.4	4.42813697180103	-999.9	0.2	8.80787037037036	3.98533874149265	330
EAST_POINT_(AUT)	2016	1	5	5	-11	-4.7	4.05910795499146	-999.9	0	9.27083333333333	2.50834303600076	330
EAST_POINT_(AUT)	2016	1	6	6	-8.4	-2.8	3.85453327128809	-999.9	0	5.90277777777778	2.73360223530514	330
EAST_POINT_(AUT)	2016	1	7	7	-5	0.3	3.77833604274849	-999.9	0	5.43981481481481	3.95435854804505	330
EAST_POINT_(AUT)	2016	1	8	8	-4.1	-1.5	2.667457115686	-999.9	0	5.32407407407408	3.55765564397822	330
EAST_POINT_(AUT)	2016	1	9	9	-3.8	-1.3	2.63747214068109	-999.9	0	3.64583333333333	4.03981746083248	330
EAST_POINT_(AUT)	2016	1	10	10	-2.1	3.7	4.05222486437374	-999.9	0	5.16203703703703	5.32474514851292	330
EAST_POINT_(AUT)	2016	1	11	11	-3.6	7.1	5.55370889492213	-999.9	9.4	9.72222222222222	5.82049045360879	330
EAST_POINT_(AUT)	2016	1	12	12	-8.1	-2	4.23265816205924	-999.9	0	4.67592592592592	2.24384632419843	330
EAST_POINT_(AUT)	2016	1	13	13	-6.4	3.1	5.33344433579316	-999.9	6	11.5625	4.59783309912123	330
EAST_POINT_(AUT)	2016	1	14	14	-11.7	-6.1	4.13593280384116	-999.9	0.2	7.88194444444445	2.48891827606829	330
EAST_POINT_(AUT)	2016	1	15	15	-12.4	-5.7	4.57068487782985	-999.9	0	6.93287037037036	2.11950134853754	330
EAST_POINT_(AUT)	2016	1	16	16	-9.1	-0.9	5.11023887532355	-999.9	0	6.67824074074075	3.49814379945718	330
EAST_POINT_(AUT)	2016	1	17	17	-2.6	-0.8	2.42037086461138	-999.9	0	7.02546296296297	4.48266144487015	330
EAST_POINT_(AUT)	2016	1	18	18	-8.6	-2.2	4.61490765571479	-999.9	0	4.00462962962964	3.21553235346654	330
EAST_POINT_(AUT)	2016	1	19	19	-12.2	-3.6	5.41078850108735	-999.9	0.5	6.22685185185186	2.59595839838502	330
EAST_POINT_(AUT)	2016	1	20	20	-3.8	-1.6	2.76864245720417	-999.9	0	13.8310185185185	4.00573818800047	330
EAST_POINT_(AUT)	2016	1	21	21	-5.6	-3.7	2.60361875904812	-999.9	0.9	9.61805555555556	3.3689857775497	330
EAST_POINT_(AUT)	2016	1	22	22	-5.1	-3.3	2.56494306565134	-999.9	0	11.3888888888889	3.73460298638059	330
EAST_POINT_(AUT)	2016	1	23	23	-5.3	-3.2	2.80467686472745	-999.9	0	7.95138888888889	3.31584922941986	330
EAST_POINT_(AUT)	2016	1	24	24	-4.8	-2.3	3.09856595595107	-999.9	0	8.73842592592592	3.70260992408475	330
EAST_POINT_(AUT)	2016	1	25	25	-8.7	-2	5.13720162711159	-999.9	0	6.22685185185186	3.05972114784063	330
EAST_POINT_(AUT)	2016	1	26	26	-6.3	4.6	6.63707851551495	-999.9	0.4	6.93287037037036	4.63171235123353	330
EAST_POINT_(AUT)	2016	1	27	27	-4.3	5.3	6.31022745920451	-999.9	0	5.99537037037036	5.40149541700814	330
EAST_POINT_(AUT)	2016	1	28	28	-7.7	0	5.72620480046393	-999.9	0	5.13888888888889	3.27131095840244	330
EAST_POINT_(AUT)	2016	1	29	29	-1.7	0.6	3.17146024682451	-999.9	6.9	8.125	5.44430621111107	330
EAST_POINT_(AUT)	2016	1	30	30	-5.9	-1.6	4.39501657347704	-999.9	0.7	8.69212962962964	4.50341723656852	330
EAST_POINT_(AUT)	2016	1	31	31	-3	1.2	4.40285533669782	-999.9	0.9	5.92592592592592	5.56332357389632	330
EAST_POINT_(AUT)	2016	2	1	32	0.2	6.5	5.46652839512831	-999.9	0	6.38888888888889	7.18409636525332	330
EAST_POINT_(AUT)	2016	2	2	33	-6.1	0.7	5.75799198147309	-999.9	0	8.99305555555556	3.67017896806326	330
EAST_POINT_(AUT)	2016	2	3	34	-9.6	0.3	7.04447900902675	-999.9	2.2	5.25462962962964	3.33107114661265	330
EAST_POINT_(AUT)	2016	2	4	35	0.3	8.2	6.38108802378201	-999.9	10.3	7.07175925925925	7.90415005070543	330
EAST_POINT_(AUT)	2016	2	5	36	-3.1	4.6	6.38862785972538	-999.9	14.4	6.22685185185186	5.96425652512821	330
EAST_POINT_(AUT)	2016	2	6	37	-8.6	-3	5.52540881876771	-999.9	0	9.64120370370369	3.47620532307356	330
EAST_POINT_(AUT)	2016	2	7	38	-6.3	2.9	7.1828324177235	-999.9	0.8	9.23611111111111	4.19811971083809	330
EAST_POINT_(AUT)	2016	2	8	39	-6	-2.9	4.22895961118169	-999.9	3	13.275462962963	3.50453727976574	330
EAST_POINT_(AUT)	2016	2	9	40	-4.6	-1.6	4.21968425118867	-999.9	2.6	11.5046296296296	4.71682417671595	330
EAST_POINT_(AUT)	2016	2	10	41	-7.2	-0.6	6.34848530717752	-999.9	0	4.73379629629631	3.74302402743351	330
EAST_POINT_(AUT)	2016	2	11	42	-7.1	0.5	6.91022967001908	-999.9	0.2	3.18287037037036	4.04930994607171	330
EAST_POINT_(AUT)	2016	2	12	43	-14.4	-4.4	8.04041680803265	-999.9	0	7.31481481481481	2.32910118784221	330
EAST_POINT_(AUT)	2016	2	13	44	-14.5	-6.5	7.29488604763687	-999.9	0.6	6.90972222222222	2.21483706498637	330
EAST_POINT_(AUT)	2016	2	14	45	-17.8	-7.3	8.47738770294774	-999.9	0.2	9.69907407407408	1.93247887913418	330
EAST_POINT_(AUT)	2016	2	15	46	-19.3	-7.4	9.15441555011262	-999.9	0	5.625	1.51627480653627	330
EAST_POINT_(AUT)	2016	2	16	47	-7.4	5.6	9.70535631623066	-999.9	1.5	8.125	4.8903601971142	330
EAST_POINT_(AUT)	2016	2	17	48	-2.7	6.9	8.45956762738834	-999.9	2.9	6.68981481481481	6.78258063808078	330
EAST_POINT_(AUT)	2016	2	18	49	-4.6	0	5.93952262025519	-999.9	0	5.15046296296297	4.43959725769819	330
EAST_POINT_(AUT)	2016	2	19	50	-8.2	-2.4	6.76443281573582	-999.9	0	6.43518518518519	3.08994830016157	330
EAST_POINT_(AUT)	2016	2	20	51	-6.7	1.6	8.20697958046791	-999.9	0.8	5.85648148148147	4.01446295794023	330
EAST_POINT_(AUT)	2016	2	21	52	0.5	5.3	6.32953123050608	-999.9	3.6	7.01388888888889	7.16416472801655	330
EAST_POINT_(AUT)	2016	2	22	53	-6.4	0.5	7.69590068077617	-999.9	0	8.19444444444445	3.97272680458859	330
EAST_POINT_(AUT)	2016	2	23	54	-8.7	-4	6.44084614422535	-999.9	0	3.84259259259258	2.50973180148384	330
EAST_POINT_(AUT)	2016	2	24	55	-5.5	3.3	8.93649808775641	-999.9	4.6	5.21990740740742	4.63516304478441	330
EAST_POINT_(AUT)	2016	2	25	56	2	7.4	7.09783377926328	-999.9	10.3	8.39120370370369	8.33238105712814	330
EAST_POINT_(AUT)	2016	2	26	57	-4.3	3.7	8.75882305383258	-999.9	0.3	7.73148148148147	5.1043094134445	330
EAST_POINT_(AUT)	2016	2	27	58	-7.1	-1.9	7.1588169027137	-999.9	0.2	7.85879629629631	3.09213095761757	330
EAST_POINT_(AUT)	2016	2	28	59	-6.2	2.8	9.54695475444241	-999.9	0	7.44212962962964	3.98810081190967	330
EAST_POINT_(AUT)	2016	2	29	60	-5.2	6.9	11.2202827489334	-999.9	0.7	6.90972222222222	5.22409189919823	330
EAST_POINT_(AUT)	2016	3	1	61	-5.6	4.8	10.5428282118774	-999.9	0.6	7.60416666666667	4.5878581473626	330
EAST_POINT_(AUT)	2016	3	2	62	-6	6.9	11.8993964756749	-999.9	7.1	8.50694444444445	5.0010900129982	330
EAST_POINT_(AUT)	2016	3	3	63	-13.8	-0.5	12.2434640127293	-999.9	0.9	8.94675925925925	2.69120129239973	330
EAST_POINT_(AUT)	2016	3	4	64	-14.6	-4.7	10.7029099833307	-999.9	0	4.23611111111111	1.72724389857287	330
EAST_POINT_(AUT)	2016	3	5	65	-6	-3.5	5.44899120389651	-999.9	0.6	13.4143518518519	3.47263834582707	330
EAST_POINT_(AUT)	2016	3	6	66	-9.5	-4.1	8.11259101043182	-999.9	0	7.76620370370369	2.7492381836678	330
EAST_POINT_(AUT)	2016	3	7	67	-5.4	1.3	9.15314361383162	-999.9	0	5.12731481481481	4.05628721258412	330
EAST_POINT_(AUT)	2016	3	8	68	-4.7	0.7	8.32247251621245	-999.9	0	7.21064814814814	4.18355567245582	330
EAST_POINT_(AUT)	2016	3	9	69	-5.9	1.2	9.66403851734196	-999.9	11.3	6.15740740740742	4.21598096825194	330
EAST_POINT_(AUT)	2016	3	10	70	-3.8	2.3	9.07023943992065	-999.9	1	6.04166666666667	5.07342477889424	330
EAST_POINT_(AUT)	2016	3	11	71	-3.8	-1.7	5.38812003216668	-999.9	0	4.54861111111111	3.95526373525958	330
EAST_POINT_(AUT)	2016	3	12	72	-3.5	0.4	7.43330984632942	-999.9	0	6.20370370370369	3.93567747665884	330
EAST_POINT_(AUT)	2016	3	13	73	-4.5	1.8	9.56291363342267	-999.9	2.7	10.5555555555556	4.63349562870482	330
EAST_POINT_(AUT)	2016	3	14	74	-5.3	-3.6	5.02760766078918	-999.9	0	7.30324074074075	3.10496137652885	330
EAST_POINT_(AUT)	2016	3	15	75	-5.9	0.8	10.1003748487689	-999.9	0	6.25	4.01657583318124	330
EAST_POINT_(AUT)	2016	3	16	76	-1.6	3.4	8.82863994920796	-999.9	4	4.78009259259258	6.16027973693333	330
EAST_POINT_(AUT)	2016	3	17	77	-3.4	-1.5	5.50603841603035	-999.9	0.6	5.76388888888889	4.17207303612024	330
EAST_POINT_(AUT)	2016	3	18	78	-4.5	1.1	9.56212528381598	-999.9	4.2	6.82870370370369	5.18272444129824	330
EAST_POINT_(AUT)	2016	3	19	79	-8	-2.8	9.31974190601345	-999.9	0.2	7.93981481481481	3.0682822030948	330
EAST_POINT_(AUT)	2016	3	20	80	-10.5	-4.8	9.86790076763718	-999.9	0.2	7.02546296296297	2.44851151944029	330
EAST_POINT_(AUT)	2016	3	21	81	-6.5	0	10.6554562217748	-999.9	9.7	4.84953703703703	4.31404937790998	330
EAST_POINT_(AUT)	2016	3	22	82	-6.6	-2.7	8.34484341652225	-999.9	0.3	9.69907407407408	3.24621459165829	330
EAST_POINT_(AUT)	2016	3	23	83	-6.9	0.5	11.6202212544993	-999.9	0	7.63888888888889	3.12590548579882	330
EAST_POINT_(AUT)	2016	3	24	84	-7.4	-4.2	7.72374600367641	-999.9	0	7.68518518518519	2.65241275726158	330
EAST_POINT_(AUT)	2016	3	25	85	-4.6	0.9	10.2336442761362	-999.9	7.7	4.03935185185186	4.46155137939062	330
EAST_POINT_(AUT)	2016	3	26	86	-8.4	-1.3	11.7493919627258	-999.9	0	6.62037037037036	3.6616566753085	330
EAST_POINT_(AUT)	2016	3	27	87	-8.3	2	14.2982578679658	-999.9	0	2.46527777777778	4.07559881374029	330
EAST_POINT_(AUT)	2016	3	28	88	-2.1	4	11.1160012638344	-999.9	14.1	5.40509259259258	5.89693307879583	330
EAST_POINT_(AUT)	2016	3	29	89	-2.3	4.7	12.0279759887429	-999.9	5.8	11.3541666666667	6.25576634463173	330
EAST_POINT_(AUT)	2016	3	30	90	-3	3.3	11.5242918375063	-999.9	0	8.00925925925925	4.32535751602956	330
EAST_POINT_(AUT)	2016	3	31	91	0.8	5.6	10.1579369008999	-999.9	2.4	6.35416666666667	6.21149819112743	330
EAST_POINT_(AUT)	2016	4	1	92	3.3	11.6	13.4866865241205	-999.9	1.9	7.00231481481481	9.83809708185461	330
EAST_POINT_(AUT)	2016	4	2	93	0.5	8.3	13.1988229016623	-999.9	8.2	3.48379629629631	7.5817141650039	330
EAST_POINT_(AUT)	2016	4	3	94	-6.5	3.9	15.3839049713027	-999.9	5.5	6.90972222222222	5.41652681237482	330
EAST_POINT_(AUT)	2016	4	4	95	-9.2	-3.6	11.3932148183217	-999.9	0	9.36342592592592	2.5636704116295	330
EAST_POINT_(AUT)	2016	4	5	96	-7.7	-4.6	8.55412968123846	-999.9	0	6.37731481481481	2.42602602229697	330
EAST_POINT_(AUT)	2016	4	6	97	-8.5	-1.1	13.3350286321579	-999.9	0.4	8.85416666666667	2.7684345945835	330
EAST_POINT_(AUT)	2016	4	7	98	-2	4.7	12.8008575575512	-999.9	0.2	8.21759259259258	5.50317001962296	330
EAST_POINT_(AUT)	2016	4	8	99	3.2	6.6	9.19825054894861	-999.9	9.9	10.625	8.09797236846009	330
EAST_POINT_(AUT)	2016	4	9	100	0.3	7.8	13.7784752753549	-999.9	1.1	4.49074074074075	7.34498613232218	330
EAST_POINT_(AUT)	2016	4	10	101	-5	0.7	12.1130487539405	-999.9	5.4	7.52314814814814	4.91656658717576	330
EAST_POINT_(AUT)	2016	4	11	102	-5.9	2.4	14.7380992350384	-999.9	3.5	4.56018518518519	3.97002613202435	330
EAST_POINT_(AUT)	2016	4	12	103	1.8	6.4	11.0613661542633	-999.9	6.4	8.48379629629631	7.56776919279859	330
EAST_POINT_(AUT)	2016	4	13	104	-1.7	6.5	14.8869383407504	-999.9	12.4	5.01157407407408	6.98090283168042	330
EAST_POINT_(AUT)	2016	4	14	105	-0.9	2.5	9.66157415711876	-999.9	0	5.86805555555556	5.75018280160022	330
EAST_POINT_(AUT)	2016	4	15	106	-1	0.8	7.08428781828497	-999.9	3.7	8.28703703703703	5.75543286466093	330
EAST_POINT_(AUT)	2016	4	16	107	-2.6	-0.1	8.41246356387222	-999.9	0.5	9.47916666666667	5.34918254694025	330
EAST_POINT_(AUT)	2016	4	17	108	-2.7	4.4	14.282938057744	-999.9	0.2	4.84953703703703	5.99924451120047	330
EAST_POINT_(AUT)	2016	4	18	109	-2.2	2.1	11.196955314698	-999.9	0	6.95601851851853	4.92017154464618	330
EAST_POINT_(AUT)	2016	4	19	110	-1.8	1.2	9.41989489654739	-999.9	0	4.00462962962964	4.96919534073568	330
EAST_POINT_(AUT)	2016	4	20	111	-2.4	2.7	12.3689499770901	-999.9	0	6.70138888888889	5.53189095631376	330
EAST_POINT_(AUT)	2016	4	21	112	0.6	5.2	11.828558304453	-999.9	0	7.61574074074075	6.058836455694	330
EAST_POINT_(AUT)	2016	4	22	113	0	5.4	12.9032173736691	-999.9	0	4.81481481481481	6.57573434507046	330
EAST_POINT_(AUT)	2016	4	23	114	0.3	12.6	19.604025209228	-999.9	6.8	2.98611111111111	8.53366817370524	330
EAST_POINT_(AUT)	2016	4	24	115	-2.6	1.8	11.8019610765349	-999.9	4.4	7.51157407407408	5.17903856916677	330
EAST_POINT_(AUT)	2016	4	25	116	-2.5	2.8	13.0360120785359	-999.9	0.2	4.74537037037036	4.06069856783819	330
EAST_POINT_(AUT)	2016	4	26	117	-2.7	3	13.6040219175055	-999.9	0	4.45601851851853	4.16448639065834	330
EAST_POINT_(AUT)	2016	4	27	118	-0.1	5.2	13.1988247978855	-999.9	0	4.51388888888889	5.97427716119855	330
EAST_POINT_(AUT)	2016	4	28	119	-2.3	1.7	11.5355785786379	-999.9	0	8.41435185185186	4.35367567617325	330
EAST_POINT_(AUT)	2016	4	29	120	-1.4	5.7	15.459502234961	-999.9	0	5.54398148148147	4.83574076123899	330
EAST_POINT_(AUT)	2016	4	30	121	-2	5.3	15.7663028202927	-999.9	0	3.53009259259258	4.9579412416146	330
EAST_POINT_(AUT)	2016	5	1	122	-2.3	5.8	16.7016149868542	-999.9	0	2.1412037037037	5.88454787731033	330
EAST_POINT_(AUT)	2016	5	2	123	2.7	11.3	17.3044738689161	-999.9	0	6.11111111111111	7.36497695163913	330
EAST_POINT_(AUT)	2016	5	3	124	2	5.8	11.5648537373052	-999.9	2.1	4.81481481481481	7.4621168877142	330
EAST_POINT_(AUT)	2016	5	4	125	1.4	4.7	10.8340469025116	-999.9	0	4.80324074074075	7.14825505293654	330
EAST_POINT_(AUT)	2016	5	5	126	2	4.5	9.47841299231619	-999.9	9.4	5.26620370370369	7.32787942193788	330
EAST_POINT_(AUT)	2016	5	6	127	2	4.6	9.71473432825688	-999.9	11.1	3.93518518518519	7.48013863185436	330
EAST_POINT_(AUT)	2016	5	7	128	1.6	6.4	13.2644886475402	-999.9	0.4	2.28009259259259	7.65431958759618	330
EAST_POINT_(AUT)	2016	5	8	129	3.8	13.2	18.6511976837358	-999.9	0	4.72222222222222	10.3406182446626	330
EAST_POINT_(AUT)	2016	5	9	130	3.7	9.4	14.5915238705504	-999.9	0	7.92824074074075	6.60250233473999	330
EAST_POINT_(AUT)	2016	5	10	131	3.8	7	10.9826313024385	-999.9	0.3	5.83333333333333	7.05249219797438	330
EAST_POINT_(AUT)	2016	5	11	132	2.9	6.4	11.5367012256114	-999.9	0	4.49074074074075	6.2698397143727	330
EAST_POINT_(AUT)	2016	5	12	133	0.9	6.1	14.1225708165463	-999.9	0	4.79166666666667	6.18030985839966	330
EAST_POINT_(AUT)	2016	5	13	134	-0.4	8.2	18.2378767411478	-999.9	0	3.07870370370369	6.22856948553319	330
EAST_POINT_(AUT)	2016	5	14	135	4.5	10	14.6442820550094	-999.9	12.6	4.78395061728395	8.87720380729245	330
EAST_POINT_(AUT)	2016	5	15	136	4	10.2	15.6096523565686	-999.9	5.5	4.24768518518519	9.45844973214363	330
EAST_POINT_(AUT)	2016	5	16	137	4	10.7	16.2890071087843	-999.9	0.5	7.43055555555556	7.88837405848401	330
EAST_POINT_(AUT)	2016	5	17	138	2.5	9.9	17.1823394031918	-999.9	0.2	6.09953703703703	8.1605516889805	330
EAST_POINT_(AUT)	2016	5	18	139	5	9.9	14.0321204649711	-999.9	0	4.63450292397661	8.49271963521698	330
EAST_POINT_(AUT)	2016	5	19	140	4	17.8	23.6305295228559	-999.9	0	3.94675925925925	8.87011327008075	330
EAST_POINT_(AUT)	2016	5	20	141	7	17.1	20.2839839785425	-999.9	0	4.42129629629631	10.3297887533495	330
EAST_POINT_(AUT)	2016	5	21	142	6.6	18.7	22.2737904112966	-999.9	0	3.85416666666667	10.1800064115801	330
EAST_POINT_(AUT)	2016	5	22	143	8.7	18.5	20.1082257239349	-999.9	0	4.76851851851853	10.3208362521175	330
EAST_POINT_(AUT)	2016	5	23	144	7.3	10.6	11.7038173361577	-999.9	0	4.75694444444445	9.97592719924264	330
EAST_POINT_(AUT)	2016	5	24	145	7.4	20.2	23.1172493935505	-999.9	0.3	5.15046296296297	13.7300696122808	330
EAST_POINT_(AUT)	2016	5	25	146	9.7	22	22.724548570797	-999.9	0	4.29398148148147	15.4784749990751	330
EAST_POINT_(AUT)	2016	5	26	147	5.5	14.5	19.490661982802	-999.9	0	6.15740740740742	11.0602816085708	330
EAST_POINT_(AUT)	2016	5	27	148	5.4	8.9	12.1857771498814	-999.9	12.3	5.56712962962964	9.36200086153617	330
EAST_POINT_(AUT)	2016	5	28	149	5.2	11.4	16.2584944784058	-999.9	0	7.19907407407408	10.2837129246561	330
EAST_POINT_(AUT)	2016	5	29	150	5.3	10.5	14.9246093655039	-999.9	0	3.71527777777778	9.19196767868701	330
EAST_POINT_(AUT)	2016	5	30	151	7.6	11.2	12.4457494008677	-999.9	3.6	7.21064814814814	10.83082280549	330
EAST_POINT_(AUT)	2016	5	31	152	8.6	23.7	25.5433933567089	-999.9	0.8	4.36342592592592	16.0012690355958	330
EAST_POINT_(AUT)	2016	6	1	153	1.9	8.6	17.049033994509	-999.9	0.2	6.29629629629631	7.82736319582461	330
EAST_POINT_(AUT)	2016	6	2	154	5.2	10.7	15.476332067968	-999.9	0	3.96990740740742	8.27632894000951	330
EAST_POINT_(AUT)	2016	6	3	155	7	13.8	17.2392213776947	-999.9	0	6.94444444444445	10.2309751513477	330
EAST_POINT_(AUT)	2016	6	4	156	6.9	11.5	14.2026990937455	-999.9	5.6	4.32870370370369	10.4035378900389	330
EAST_POINT_(AUT)	2016	6	5	157	8.1	11.1	11.4877179427177	-999.9	1.7	3.65740740740742	11.2175303880231	330
EAST_POINT_(AUT)	2016	6	6	158	7.8	10.8	11.5044911231467	-999.9	1.5	6.25	10.5522950834078	330
EAST_POINT_(AUT)	2016	6	7	159	9.1	17.2	18.9293420482715	-999.9	0	6.81712962962964	13.4195686656367	330
EAST_POINT_(AUT)	2016	6	8	160	8.6	12.6	13.3187015662811	-999.9	9.1	5.87962962962964	12.0474486033101	330
EAST_POINT_(AUT)	2016	6	9	161	6.9	12.3	15.492460352045	-999.9	11.2	4.47916666666667	11.1075055692373	330
EAST_POINT_(AUT)	2016	6	10	162	6.7	10.5	13.0094742578361	-999.9	0.5	6.50462962962964	10.0930339714495	330
EAST_POINT_(AUT)	2016	6	11	163	6.6	14.5	18.7749508782306	-999.9	0	2.95138888888889	10.5876379203525	330
EAST_POINT_(AUT)	2016	6	12	164	10.2	13.2	11.5791359288932	-999.9	7.7	6.29629629629631	11.9762580810651	330
EAST_POINT_(AUT)	2016	6	13	165	9.6	15.2	15.831162351003	-999.9	0.3	4.79166666666667	12.6982640068712	330
EAST_POINT_(AUT)	2016	6	14	166	6.9	13.1	16.6675188330687	-999.9	4.3	4.35185185185186	11.4404306280944	330
EAST_POINT_(AUT)	2016	6	15	167	6.9	8.6	8.73190486105689	-999.9	2.5	8.51851851851853	9.97077324849867	330
EAST_POINT_(AUT)	2016	6	16	168	7.2	9.3	9.70860324690136	-999.9	0	7.70833333333333	9.40421498187931	330
EAST_POINT_(AUT)	2016	6	17	169	6.2	10.9	14.5281993845661	-999.9	0	7.46527777777778	8.67654981519695	330
EAST_POINT_(AUT)	2016	6	18	170	5.8	17	22.4305977739065	-999.9	0	4.08564814814814	9.09609525621838	330
EAST_POINT_(AUT)	2016	6	19	171	12.1	26.5	25.4352084687787	-999.9	0	7.29166666666667	9.22562205261189	330
EAST_POINT_(AUT)	2016	6	20	172	11.7	23.1	22.6298652737612	-999.9	0	8.20601851851853	10.0265139504017	330
EAST_POINT_(AUT)	2016	6	21	173	11.4	21.5	21.2970280562764	-999.9	0.2	6.63194444444445	15.3912622456316	330
EAST_POINT_(AUT)	2016	6	22	174	12.5	18.4	16.2729539128073	-999.9	0	3.35648148148147	15.1460005436071	330
EAST_POINT_(AUT)	2016	6	23	175	12.8	21.5	19.7531060154962	-999.9	0.2	4.74537037037036	15.482877915305	330
EAST_POINT_(AUT)	2016	6	24	176	10.8	16.2	15.5546892097294	-999.9	0	3.99305555555556	12.3965347447743	330
EAST_POINT_(AUT)	2016	6	25	177	11.2	24.4	24.3048766894339	-999.9	0	5.32407407407408	13.9405564493008	330
EAST_POINT_(AUT)	2016	6	26	178	12.8	23.5	21.8672235526353	-999.9	0	5.3125	15.5198094976031	330
EAST_POINT_(AUT)	2016	6	27	179	14.1	23.4	20.3700370613544	-999.9	0	6.05324074074075	16.9222842809048	330
EAST_POINT_(AUT)	2016	6	28	180	14.4	24.7	21.4176007346842	-999.9	0	7.07175925925925	16.1363656685244	330
EAST_POINT_(AUT)	2016	6	29	181	15.2	19.8	14.2983601639446	-999.9	13.4	5.82175925925925	18.5653473433569	330
EAST_POINT_(AUT)	2016	6	30	182	15.2	22.6	18.114715143837	-999.9	1.2	4.36342592592592	20.0704265541954	330
EAST_POINT_(AUT)	2016	7	1	183	15	24	19.9525508155969	-999.9	0	3.41435185185186	17.1554406261792	330
EAST_POINT_(AUT)	2016	7	2	184	15.5	18.8	12.0655969262435	-999.9	3.3	6.20370370370369	16.8456338717953	330
EAST_POINT_(AUT)	2016	7	3	185	13.8	19.7	16.109632273194	-999.9	0.6	5.20833333333333	14.1988315026791	330
EAST_POINT_(AUT)	2016	7	4	186	13.3	23.6	21.2519638626641	-999.9	0	4.87268518518519	12.9635229934476	330
EAST_POINT_(AUT)	2016	7	5	187	15.3	23.3	18.6981778509565	-999.9	0	4.43287037037036	15.2105687446109	330
EAST_POINT_(AUT)	2016	7	6	188	11	16.3	15.192141758765	-999.9	0.6	6.35416666666667	13.2082456063083	330
EAST_POINT_(AUT)	2016	7	7	189	10.7	15.4	14.2793897573146	-999.9	7.5	4.375	11.3140707778316	330
EAST_POINT_(AUT)	2016	7	8	190	10.7	16.2	15.4160997952262	-999.9	1.9	5.50925925925925	12.467741993961	330
EAST_POINT_(AUT)	2016	7	9	191	12.7	17	13.602306799587	-999.9	0	3.72685185185186	12.7229785386621	330
EAST_POINT_(AUT)	2016	7	10	192	13	15.2	9.70794895312838	-999.9	5.1	3.69212962962964	13.5895038607429	330
EAST_POINT_(AUT)	2016	7	11	193	12.4	15.2	10.926611659811	-999.9	6.9	8.79629629629631	13.2085910068144	330
EAST_POINT_(AUT)	2016	7	12	194	12.2	18.8	16.7348280672626	-999.9	0	3.13657407407408	14.4314275607618	330
EAST_POINT_(AUT)	2016	7	13	195	13.3	20.7	17.6750350066483	-999.9	0	4.10879629629631	14.8664788384282	330
EAST_POINT_(AUT)	2016	7	14	196	15.3	27	22.1658668305007	-999.9	0	7.78935185185186	18.8017934949592	330
EAST_POINT_(AUT)	2016	7	15	197	17.3	27.4	20.5377070530106	-999.9	1.6	7.16435185185186	21.8523206541883	330
EAST_POINT_(AUT)	2016	7	16	198	14.7	20.9	16.0449578639376	-999.9	8	4.46759259259258	15.9698239936026	330
EAST_POINT_(AUT)	2016	7	17	199	15.3	20.1	14.0755923881202	-999.9	0	2.75462962962963	16.1321617302731	330
EAST_POINT_(AUT)	2016	7	18	200	17.3	22.9	15.1563674228896	-999.9	0	4.51388888888889	20.0796021861545	330
EAST_POINT_(AUT)	2016	7	19	201	12.7	20.8	18.1698041987771	-999.9	0	5.49768518518519	14.4709624333956	330
EAST_POINT_(AUT)	2016	7	20	202	12.3	20	17.6567657212489	-999.9	0	5.40509259259258	13.2663386034164	330
EAST_POINT_(AUT)	2016	7	21	203	13.5	23.1	19.6476554617353	-999.9	0	4.45601851851853	15.4327648345413	330
EAST_POINT_(AUT)	2016	7	22	204	17.6	23.3	15.0859609179395	-999.9	0	7.00231481481481	18.6045328746201	330
EAST_POINT_(AUT)	2016	7	23	205	17.6	24.6	16.6569676377575	-999.9	0	4.79166666666667	20.6129928365377	330
EAST_POINT_(AUT)	2016	7	24	206	15.2	22.7	17.1766983028523	-999.9	0	2.04861111111111	18.4311438577905	330
EAST_POINT_(AUT)	2016	7	25	207	15.3	21.5	15.5567049547851	-999.9	0	2.66203703703704	18.8501068731744	330
EAST_POINT_(AUT)	2016	7	26	208	16.5	20.4	12.2890180023949	-999.9	5.8	6.22685185185186	19.2448176397573	330
EAST_POINT_(AUT)	2016	7	27	209	17.7	21.4	11.9206254837286	-999.9	0	2.41898148148148	20.7358501464835	330
EAST_POINT_(AUT)	2016	7	28	210	17.7	25.8	17.5632140504446	-999.9	0	4.44444444444444	21.135000448685	330
EAST_POINT_(AUT)	2016	7	29	211	18.2	23.6	14.2781342429676	-999.9	0.7	3.34490740740742	21.8709732148318	330
EAST_POINT_(AUT)	2016	7	30	212	14.7	21.8	16.2992054360677	-999.9	0	2.93981481481481	18.0635497179665	330
EAST_POINT_(AUT)	2016	7	31	213	13.5	21.9	17.64773391461	-999.9	0	4.01620370370369	17.0726396462711	330
EAST_POINT_(AUT)	2016	8	1	214	13.9	22.2	17.4602131244254	-999.9	0	3.25231481481481	16.6303628272705	330
EAST_POINT_(AUT)	2016	8	2	215	14.8	20.5	14.3998521444701	-999.9	0	6.03009259259258	14.3105153164029	330
EAST_POINT_(AUT)	2016	8	3	216	11.8	21.3	18.4986999883114	-999.9	0	2.43055555555556	14.0827767494432	330
EAST_POINT_(AUT)	2016	8	4	217	16.1	24.1	16.8900781289738	-999.9	2.8	6.21527777777778	17.4712224904041	330
EAST_POINT_(AUT)	2016	8	5	218	15.8	26.1	19.0660512442028	-999.9	1.5	6.52777777777778	17.8855969592756	330
EAST_POINT_(AUT)	2016	8	6	219	17.4	24.4	15.6348824999305	-999.9	0	7.12962962962964	19.4098424228081	330
EAST_POINT_(AUT)	2016	8	7	220	14.8	22.4	16.2033044544579	-999.9	0	3.87731481481481	18.0836349204944	330
EAST_POINT_(AUT)	2016	8	8	221	12.9	20.9	16.5325739749178	-999.9	0	5.82175925925925	13.6367826848154	330
EAST_POINT_(AUT)	2016	8	9	222	12.2	20.8	17.0447499518684	-999.9	0	4.35185185185186	14.1034219352828	330
EAST_POINT_(AUT)	2016	8	10	223	13.7	24.8	19.2528851176518	-999.9	0	4.18981481481481	16.5311907846294	330
EAST_POINT_(AUT)	2016	8	11	224	18.4	23.7	13.2254947965058	-999.9	0	4.53703703703703	20.5187739764418	330
EAST_POINT_(AUT)	2016	8	12	225	16.1	21.6	13.3918783359363	-999.9	0.9	4.07407407407408	18.2707569906193	330
EAST_POINT_(AUT)	2016	8	13	226	11.8	20.7	16.9311926342199	-999.9	0	4.0625	11.6842297832293	330
EAST_POINT_(AUT)	2016	8	14	227	13.7	16.7	9.76858281291456	-999.9	5.7	4.42129629629631	14.6113585395117	330
EAST_POINT_(AUT)	2016	8	15	228	15.7	19.5	10.9241300587569	-999.9	0.7	2.88194444444444	17.933554169141	330
EAST_POINT_(AUT)	2016	8	16	229	16	21.5	13.0570789486884	-999.9	0	4.57175925925925	16.8950488448304	330
EAST_POINT_(AUT)	2016	8	17	230	15.1	19	10.9222435838734	-999.9	29.8	7.82407407407408	17.1308834119539	330
EAST_POINT_(AUT)	2016	8	18	231	16	20.9	12.160109001643	-999.9	0	4.73379629629631	17.4272515293357	330
EAST_POINT_(AUT)	2016	8	19	232	14.9	21.5	14.0157400730573	-999.9	0	4.62962962962964	17.4783657384274	330
EAST_POINT_(AUT)	2016	8	20	233	13.9	20.6	14.0226675492895	-999.9	0	3.71527777777778	16.2090066274433	330
EAST_POINT_(AUT)	2016	8	21	234	15.9	22.3	13.6074483142622	-999.9	0	5.08101851851853	17.9452250640079	330
EAST_POINT_(AUT)	2016	8	22	235	17.2	23.5	13.4027688277925	-999.9	3	5.3125	21.3979486934111	330
EAST_POINT_(AUT)	2016	8	23	236	15	21.6	13.616880416468	-999.9	0	7.03703703703703	15.5207509510438	330
EAST_POINT_(AUT)	2016	8	24	237	15.7	22.5	13.7178219749964	-999.9	0	4.28240740740742	17.0294635787828	330
EAST_POINT_(AUT)	2016	8	25	238	17.8	24.1	13.1029618002493	-999.9	0	6.50462962962964	19.591959903616	330
EAST_POINT_(AUT)	2016	8	26	239	18.3	23.2	11.4659220161721	-999.9	0	6.22685185185186	21.0276860615712	330
EAST_POINT_(AUT)	2016	8	27	240	12.5	20.1	14.1668256081561	-999.9	0	7.00231481481481	16.1423798332338	330
EAST_POINT_(AUT)	2016	8	28	241	12.1	20.8	15.0356800702591	-999.9	0	2.88194444444444	14.9986280046716	330
EAST_POINT_(AUT)	2016	8	29	242	14.7	20.6	12.2808911185791	-999.9	16.7	7.93981481481481	17.0556940982351	330
EAST_POINT_(AUT)	2016	8	30	243	9.6	17.6	14.1818167695046	-999.9	0.2	7.84722222222222	11.4415331178778	330
EAST_POINT_(AUT)	2016	8	31	244	13.7	24.2	16.1104238144713	-999.9	0.4	4.44444444444444	17.6130033074945	330
EAST_POINT_(AUT)	2016	9	1	245	16.2	21.1	10.9113405306281	-999.9	26.2	3.40277777777778	19.4872815317773	330
EAST_POINT_(AUT)	2016	9	2	246	13.7	18	10.1326783566844	-999.9	1.2	9.56018518518519	14.7604793326141	330
EAST_POINT_(AUT)	2016	9	3	247	13.7	18.1	10.1594088810011	-999.9	0	5.87962962962964	12.7803228630059	330
EAST_POINT_(AUT)	2016	9	4	248	13.2	18.2	10.7330020528146	-999.9	0	3.59953703703703	12.0731169399067	330
EAST_POINT_(AUT)	2016	9	5	249	14.2	20.1	11.5530939276477	-999.9	0	5.69444444444445	14.6373124724225	330
EAST_POINT_(AUT)	2016	9	6	250	15.2	23.9	13.8998448723376	-999.9	0	3.80787037037036	20.4591176778926	330
EAST_POINT_(AUT)	2016	9	7	251	18.9	26.2	12.6133866284537	-999.9	0	5.53240740740742	22.1997457103319	330
EAST_POINT_(AUT)	2016	9	8	252	18.1	24.4	11.6065308158062	-999.9	0	4.10879629629631	21.471588323643	330
EAST_POINT_(AUT)	2016	9	9	253	16.3	24.4	13.0340232210689	-999.9	0	5.04629629629631	20.9066181001697	330
EAST_POINT_(AUT)	2016	9	10	254	11.8	18.4	11.650747109526	-999.9	0	3.71527777777778	13.972027730769	330
EAST_POINT_(AUT)	2016	9	11	255	14.7	21.8	11.9646192665667	-999.9	5	8.28703703703703	18.0283552713655	330
EAST_POINT_(AUT)	2016	9	12	256	12.3	19.9	12.2548099511445	-999.9	0	8.57638888888889	11.7734351453629	330
EAST_POINT_(AUT)	2016	9	13	257	14.1	23.5	13.4907498356859	-999.9	0	5.77546296296297	14.1987406734631	330
EAST_POINT_(AUT)	2016	9	14	258	12.3	21.6	13.2809295585699	-999.9	6.3	7.04861111111111	15.7662493679078	330
EAST_POINT_(AUT)	2016	9	15	259	8.5	15.5	11.4023272466982	-999.9	0.2	8.65740740740742	9.5226594228995	330
EAST_POINT_(AUT)	2016	9	16	260	7.6	18.4	14.0138254726597	-999.9	0	3.93518518518519	10.7516315934364	330
EAST_POINT_(AUT)	2016	9	17	261	12	20	11.9325504841299	-999.9	0	6.19212962962964	13.683739153013	330
EAST_POINT_(AUT)	2016	9	18	262	15.8	18.6	6.98319488830983	-999.9	3.3	6.21527777777778	17.0590775758239	330
EAST_POINT_(AUT)	2016	9	19	263	15	18.9	8.15150935316103	-999.9	2.9	2.43055555555556	18.0521528752343	330
EAST_POINT_(AUT)	2016	9	20	264	14.3	20.4	10.0819677789332	-999.9	0	3.92361111111111	17.351023726773	330
EAST_POINT_(AUT)	2016	9	21	265	13.6	23.5	12.7003918679722	-999.9	0	5.08101851851853	15.4836080851233	330
EAST_POINT_(AUT)	2016	9	22	266	11.8	19	10.7085291298286	-999.9	0	6.38888888888889	12.2164468026109	330
EAST_POINT_(AUT)	2016	9	23	267	11.1	14.7	7.48555952881779	-999.9	22.5	4.88425925925925	12.9348391019087	330
EAST_POINT_(AUT)	2016	9	24	268	7.6	15.4	10.8911986692529	-999.9	4.8	7.21064814814814	8.80456639052233	330
EAST_POINT_(AUT)	2016	9	25	269	7.1	12.9	9.28205680874915	-999.9	8.1	8.85416666666667	8.77938749142938	330
EAST_POINT_(AUT)	2016	9	26	270	8.2	13	8.34448987331613	-999.9	0	8.24074074074075	8.76421138962509	330
EAST_POINT_(AUT)	2016	9	27	271	7.8	13.9	9.29481617096146	-999.9	0	6.44675925925925	9.79203771205101	330
EAST_POINT_(AUT)	2016	9	28	272	11.3	15.3	7.43620028988295	-999.9	0.2	5.25462962962964	10.8046838932967	330
EAST_POINT_(AUT)	2016	9	29	273	10.8	14.7	7.25350361256279	-999.9	0	8.73842592592592	11.1559914378393	330
EAST_POINT_(AUT)	2016	9	30	274	7.7	16.2	10.5771705658037	-999.9	0	5.47453703703703	9.78668879691705	330
EAST_POINT_(AUT)	2016	10	1	275	8.1	17.9	11.2167889810078	-999.9	0	3.39120370370369	11.6162732950065	330
EAST_POINT_(AUT)	2016	10	2	276	9.1	16.6	9.69021688030548	-999.9	0	2.48842592592593	12.6298308651457	330
EAST_POINT_(AUT)	2016	10	3	277	8	11.4	6.44232398219307	-999.9	0.4	8.04398148148147	8.92675772894758	330
EAST_POINT_(AUT)	2016	10	4	278	2.5	13.8	11.5956875586994	-999.9	0	3.69212962962964	7.19309141303375	330
EAST_POINT_(AUT)	2016	10	5	279	5.6	18.1	12.0398627393213	-999.9	0	3.34656084656083	10.0815936392805	330
EAST_POINT_(AUT)	2016	10	6	280	6	16.8	11.0469886633338	-999.9	0	3.09027777777778	11.3743485008013	330
EAST_POINT_(AUT)	2016	10	7	281	7.8	19.2	11.2023070023999	-999.9	0	5.04629629629631	11.7686162746735	330
EAST_POINT_(AUT)	2016	10	8	282	7.1	19	11.2956279810264	-999.9	0	5.35879629629631	12.1023978944586	330
EAST_POINT_(AUT)	2016	10	9	283	5.6	17.4	11.0999238617284	-999.9	5.4	6.43518518518519	11.7280684479814	330
EAST_POINT_(AUT)	2016	10	10	284	2.5	5.7	5.70371475024399	-999.9	72.4	17.7173913043478	7.83435614841393	330
EAST_POINT_(AUT)	2016	10	11	285	-2.2	8.5	10.2906255975792	-999.9	0	9.51388888888889	5.75150635201235	330
EAST_POINT_(AUT)	2016	10	12	286	0.8	15.2	11.7777711891287	-999.9	0	4.46859903381642	8.36921615531283	330
EAST_POINT_(AUT)	2016	10	13	287	4.9	13.5	8.97903531094537	-999.9	1.5	6.60879629629631	9.5613235451738	330
EAST_POINT_(AUT)	2016	10	14	288	2.7	5.4	4.96282916560217	-999.9	0.2	8.09027777777778	6.66978208749368	330
EAST_POINT_(AUT)	2016	10	15	289	2.8	10.2	8.10402132667017	-999.9	0	7.88194444444445	5.65401080706811	330
EAST_POINT_(AUT)	2016	10	16	290	-1.6	12.6	11.0723143387748	-999.9	1.6	4.56018518518519	6.19458172418719	330
EAST_POINT_(AUT)	2016	10	17	291	3.5	11.1	7.98886076606919	-999.9	3.3	6.27314814814814	8.48497516863477	330
EAST_POINT_(AUT)	2016	10	18	292	1.8	7.6	6.88259670205546	-999.9	0	6.57407407407408	6.69521652509696	330
EAST_POINT_(AUT)	2016	10	19	293	3.3	15.5	9.84367340263094	-999.9	0.9	7.06018518518519	9.72553610461082	330
EAST_POINT_(AUT)	2016	10	20	294	4.9	12.4	7.61075754613736	-999.9	0	6.44675925925925	7.57766526692524	330
EAST_POINT_(AUT)	2016	10	21	295	4.3	9.7	6.36791940108792	-999.9	1.2	6.89814814814814	8.14465009506821	330
EAST_POINT_(AUT)	2016	10	22	296	4.9	11	6.67352041555572	-999.9	36.9	6.35416666666667	9.99083959894857	330
EAST_POINT_(AUT)	2016	10	23	297	2	12.3	8.55040503302248	-999.9	0.3	9.52546296296297	7.41565660616459	330
EAST_POINT_(AUT)	2016	10	24	298	0.6	12.6	9.09971994874818	-999.9	0	6.50462962962964	6.08457905091543	330
EAST_POINT_(AUT)	2016	10	25	299	-1.9	9	8.55094551274728	-999.9	0	3.75	5.69795116063441	330
EAST_POINT_(AUT)	2016	10	26	300	-0.5	9.1	7.91219684578884	-999.9	3.3	6.08796296296297	6.57636407033187	330
EAST_POINT_(AUT)	2016	10	27	301	-1.2	3.8	5.62998415726518	-999.9	0.9	8.85416666666667	4.78396743509996	330
EAST_POINT_(AUT)	2016	10	28	302	-0.5	6.7	6.66119872952213	-999.9	3.6	6.51620370370369	5.52249016377448	330
EAST_POINT_(AUT)	2016	10	29	303	2	6.1	4.95619696095791	-999.9	4.1	9.05092592592592	6.92683946496646	330
EAST_POINT_(AUT)	2016	10	30	304	1.2	4.6	4.45016834664624	-999.9	12.4	5.23148148148147	6.70754763546165	330
EAST_POINT_(AUT)	2016	10	31	305	0.8	3.3	3.76270927378738	-999.9	1.4	5.35879629629631	6.08349886178737	330
EAST_POINT_(AUT)	2016	11	1	306	1.7	4.7	4.06445062567222	-999.9	0	8.53009259259258	6.365901046215	330
EAST_POINT_(AUT)	2016	11	2	307	1.6	4.5	3.94068158945243	-999.9	0	3.83838383838383	6.10560341563797	330
EAST_POINT_(AUT)	2016	11	3	308	2.7	4.6	3.14560796240384	-999.9	0	5.61342592592592	6.67464466785447	330
EAST_POINT_(AUT)	2016	11	4	309	0.9	4.2	4.0885415614844	-999.9	2.6	4.91898148148147	6.41818630011113	330
EAST_POINT_(AUT)	2016	11	5	310	-2.2	5.9	6.31785693863101	-999.9	33.3	4.86111111111111	5.17018504884833	330
EAST_POINT_(AUT)	2016	11	6	311	2.5	6.4	4.32425869896614	-999.9	0	4.91898148148147	6.63392169271999	330
EAST_POINT_(AUT)	2016	11	7	312	0.5	6.2	5.15714456906008	-999.9	0	3.35648148148147	5.5691428226555	330
EAST_POINT_(AUT)	2016	11	8	313	0.7	10	6.49906022624382	-999.9	0	4.10879629629631	7.09002541882576	330
EAST_POINT_(AUT)	2016	11	9	314	3.5	10.1	5.40215844140219	-999.9	0	4.74637681159419	8.70642266761704	330
EAST_POINT_(AUT)	2016	11	10	315	1	5.2	4.25265113478022	-999.9	0	7.21064814814814	5.95049113655977	330
EAST_POINT_(AUT)	2016	11	11	316	4.3	9.2	4.53347204808834	-999.9	3.3	8.76157407407408	7.87231433850214	330
EAST_POINT_(AUT)	2016	11	12	317	2.3	6	3.88860823636003	-999.9	0.5	9.59490740740742	5.97813735432791	330
EAST_POINT_(AUT)	2016	11	13	318	2.4	9.9	5.46577446065411	-999.9	0	5.86805555555556	5.99842204848737	330
EAST_POINT_(AUT)	2016	11	14	319	3.8	12.1	5.67753650117927	-999.9	0	4.75694444444445	8.58601803809012	330
EAST_POINT_(AUT)	2016	11	15	320	3	9.1	4.80687134818723	-999.9	0	2.66203703703704	8.43138328760347	330
EAST_POINT_(AUT)	2016	11	16	321	6.7	11.6	4.25553394091196	-999.9	0.7	4.15509259259258	10.6080061124917	330
EAST_POINT_(AUT)	2016	11	17	322	6.3	11.4	4.28929782795357	-999.9	0	3.50694444444444	10.3285957502028	330
EAST_POINT_(AUT)	2016	11	18	323	4.9	6.7	2.5181063867835	-999.9	0.2	8.62268518518519	8.61319311238726	330
EAST_POINT_(AUT)	2016	11	19	324	6.6	10.1	3.47060467534125	-999.9	1.8	9.24768518518519	10.293790252477	330
EAST_POINT_(AUT)	2016	11	20	325	8.8	12	3.28080954704304	-999.9	0.9	5.04629629629631	11.9405346918514	330
EAST_POINT_(AUT)	2016	11	21	326	5.4	11.4	4.44245648942676	-999.9	2.9	4.24768518518519	9.47286970366837	330
EAST_POINT_(AUT)	2016	11	22	327	2.7	6.2	3.3560988916868	-999.9	0	6.00694444444445	6.43652551057741	330
EAST_POINT_(AUT)	2016	11	23	328	1	5	3.54977272697281	-999.9	6.4	6.96759259259258	6.52375447887585	330
EAST_POINT_(AUT)	2016	11	24	329	1.9	4.1	2.60539376096587	-999.9	0.3	10.4398148148148	5.63256585050244	330
EAST_POINT_(AUT)	2016	11	25	330	1.1	3	2.39693864908194	-999.9	0.2	4.03935185185186	5.26839925878994	330
EAST_POINT_(AUT)	2016	11	26	331	-0.2	5.6	4.14709265086311	-999.9	0	2.82407407407408	5.81198049762601	330
EAST_POINT_(AUT)	2016	11	27	332	1.6	5.8	3.49575035343721	-999.9	38.9	15.8680555555556	6.97788613803658	330
EAST_POINT_(AUT)	2016	11	28	333	1.5	3.8	2.56334407420364	-999.9	4	12.5462962962963	6.39566229973803	330
EAST_POINT_(AUT)	2016	11	29	334	1.9	3.4	2.05192627994205	-999.9	0.7	9.0625	6.17212458829087	330
EAST_POINT_(AUT)	2016	11	30	335	1.8	4.5	2.72974250820955	-999.9	13	7.89351851851853	6.46883628294006	330
EAST_POINT_(AUT)	2016	12	1	336	1.8	6.2	3.45656613706292	-999.9	11.2	11.2962962962963	6.46992509382852	330
EAST_POINT_(AUT)	2016	12	2	337	2.1	6.4	3.39071231863828	-999.9	2	8.73842592592592	7.48009274807304	330
EAST_POINT_(AUT)	2016	12	3	338	1.6	5.3	3.12219105566781	-999.9	1.5	9.81481481481481	6.7914409767741	330
EAST_POINT_(AUT)	2016	12	4	339	-0.2	2.7	2.74490511703789	-999.9	1.3	10.5439814814815	5.26433057743824	330
EAST_POINT_(AUT)	2016	12	5	340	-0.7	1.1	2.14835524504531	-999.9	0.6	7.96296296296297	4.62374750663748	330
EAST_POINT_(AUT)	2016	12	6	341	-0.4	1.2	2.01301449733941	-999.9	0.2	8.31018518518519	4.53591938410394	330
EAST_POINT_(AUT)	2016	12	7	342	0.1	1.5	1.87217805785755	-999.9	0	4.83796296296297	4.90743687733176	330
EAST_POINT_(AUT)	2016	12	8	343	0.3	4.3	3.14768960129049	-999.9	4.2	2.85879629629631	6.2041089533754	330
EAST_POINT_(AUT)	2016	12	9	344	-1.8	0.5	2.37514607271508	-999.9	8.1	7.19907407407408	5.25402165516525	330
EAST_POINT_(AUT)	2016	12	10	345	-8.9	-1.3	4.29819779832242	-999.9	2.8	9.03935185185186	3.72047587244143	330
EAST_POINT_(AUT)	2016	12	11	346	-8.5	-3.7	3.40208245489353	-999.9	1.6	9.52546296296297	3.54197792356051	330
EAST_POINT_(AUT)	2016	12	12	347	-9.8	0.3	4.91726284048722	-999.9	3.2	7.29166666666667	3.93314817806523	330
EAST_POINT_(AUT)	2016	12	13	348	-5.9	1.2	4.10985562663198	-999.9	2.3	6.81712962962964	4.43900335924797	330
EAST_POINT_(AUT)	2016	12	14	349	-3.8	3.8	4.24069413184065	-999.9	11.9	7.11805555555556	5.34988031666667	330
EAST_POINT_(AUT)	2016	12	15	350	-10.5	-1.1	4.70572614056599	-999.9	4.7	6.82870370370369	3.19883968095541	330
EAST_POINT_(AUT)	2016	12	16	351	-13.4	-5	4.44054389709198	-999.9	3	15.8449074074074	2.81158530777382	330
EAST_POINT_(AUT)	2016	12	17	352	-15.8	0	6.08220773404927	-999.9	2.9	7.36111111111111	3.11741111967194	330
EAST_POINT_(AUT)	2016	12	18	353	-0.7	8.2	4.56107410052819	-999.9	12.6	8.81944444444445	7.58764313890922	330
EAST_POINT_(AUT)	2016	12	19	354	-10.4	-0.7	4.75993715952701	-999.9	0	9.74537037037036	2.93596637363742	330
EAST_POINT_(AUT)	2016	12	20	355	-12.6	-2.6	4.83351050850853	-999.9	0	4.75694444444445	2.45452784384957	330
EAST_POINT_(AUT)	2016	12	21	356	-2.8	2.8	3.61916238884265	-999.9	0.2	6.26157407407408	4.58524637083333	330
EAST_POINT_(AUT)	2016	12	22	357	-2.7	1.9	3.28358399589202	-999.9	1.6	4.0625	4.89338416367316	330
EAST_POINT_(AUT)	2016	12	23	358	-2.1	1.4	2.86854433217908	-999.9	0.2	6.30787037037036	5.18649042322313	330
EAST_POINT_(AUT)	2016	12	24	359	-2	4.5	3.91692122549115	-999.9	8	5.9375	5.8907690613063	330
EAST_POINT_(AUT)	2016	12	25	360	-4.8	2.5	4.16113032931139	-999.9	0	14.3171296296296	4.55912632525066	330
EAST_POINT_(AUT)	2016	12	26	361	-7.4	-3.9	2.88965038639968	-999.9	2.6	10.2893518518519	2.90867644102252	330
EAST_POINT_(AUT)	2016	12	27	362	-4.3	7.5	5.32367589343311	-999.9	6.7	9.39814814814814	6.12231991548922	330
EAST_POINT_(AUT)	2016	12	28	363	-0.5	2.2	2.55627603255663	-999.9	0.4	6.25	5.34418596584646	330
EAST_POINT_(AUT)	2016	12	29	364	0.5	3.1	2.5191932367896	-999.9	0	7.12962962962964	5.64287668789086	330
EAST_POINT_(AUT)	2016	12	30	365	2.8	6.5	3.01936614179305	-999.9	1.9	10.7291666666667	6.53793434298042	330
EAST_POINT_(AUT)	2016	12	31	366	-6.7	2.9	4.8885387481668	-999.9	0	4.66435185185186	3.81623970855606	330
