EAST_POINT_(AUT)	2020	1	1	1	-1.5	3	3.34693792694535	-999.9	0	5.94907407407408	5.42364953622623	330
EAST_POINT_(AUT)	2020	1	2	2	-1.5	1.2	2.60695269520204	-999.9	0	7.95138888888889	4.63582726549222	330
EAST_POINT_(AUT)	2020	1	3	3	-2.2	2.6	3.49674511264077	-999.9	0	3.35648148148147	5.18160705429576	330
EAST_POINT_(AUT)	2020	1	4	4	-0.5	3.8	3.33079939978919	-999.9	0	3.66666666666667	5.8532702472456	330
EAST_POINT_(AUT)	2020	1	5	5	-3	0.3	2.93776665491244	-999.9	0.4	9.75694444444444	5.08860483704427	330
EAST_POINT_(AUT)	2020	1	6	6	-5.3	-1.9	3.00342812805477	-999.9	0	6.45833333333333	3.54964192933972	330
EAST_POINT_(AUT)	2020	1	7	7	-6.5	-1.7	3.59569846809325	-999.9	0	3.48765432098767	3.68573883959354	330
EAST_POINT_(AUT)	2020	1	8	8	-7.2	-3.7	3.09488698215942	-999.9	0	2.22222222222222	3.39208326766545	330
EAST_POINT_(AUT)	2020	1	9	9	-6.2	-5.7	1.17951339906496	-999.9	0	14.8148148148148	3.29761123669226	330
EAST_POINT_(AUT)	2020	1	10	10	-6.82	0.98	2.25	-999.9	0.86	8.63	4.06706935019688	330
EAST_POINT_(AUT)	2020	1	11	11	-0.12	6.88	1.92	-999.9	11.21	8.4	6.84354633445383	330
EAST_POINT_(AUT)	2020	1	12	12	-3.99	0.62	1.22	-999.9	16.63	10.11	4.49923704892335	330
EAST_POINT_(AUT)	2020	1	13	13	-7	-5.5	2.119295879209	-999.9	0	1.99074074074074	2.88061805397087	330
EAST_POINT_(AUT)	2020	1	14	14	-8.2	-4	3.58182287647184	-999.9	0.4	3.75	3.11992739188052	330
EAST_POINT_(AUT)	2020	1	15	15	-8	-6.9	1.8519967553268	-999.9	0	1.01851851851852	2.62396363251263	330
EAST_POINT_(AUT)	2020	1	16	16	-4.3	-3.4	1.69299443282696	-999.9	0.2	5.58080808080808	3.99306003666198	330
EAST_POINT_(AUT)	2020	1	17	17	-10.7	-4.2	4.59941229909309	-999.9	0	19.0277777777778	2.89630393869006	330
EAST_POINT_(AUT)	2020	1	18	18	-11	-6.6	3.82647928403615	-999.9	0	11.1921296296296	2.50846526059735	330
EAST_POINT_(AUT)	2020	1	19	19	-9.9	-2.3	5.08648922587601	-999.9	4.7	9.4212962962963	3.4819168863599	330
EAST_POINT_(AUT)	2020	1	20	20	-9	-3.4	4.41722526607062	-999.9	0	8.69212962962964	3.17348689503654	330
EAST_POINT_(AUT)	2020	1	21	21	-15.8	-8	5.27530887153812	-999.9	0	5.82175925925925	1.93017196935606	330
EAST_POINT_(AUT)	2020	1	22	22	-14.5	-4.9	5.92348227763946	-999.9	0	3.19444444444444	2.22442497811943	330
EAST_POINT_(AUT)	2020	1	23	23	-4.9	1	4.70109676472117	-999.9	0	5.83333333333333	4.37921851104276	330
EAST_POINT_(AUT)	2020	1	24	24	-10	-0.6	6.008342308616	-999.9	0	4.97685185185186	3.20381574170856	330
EAST_POINT_(AUT)	2020	1	25	25	-10.6	-0.9	6.18123246910513	-999.9	0	2.32638888888889	3.29025194651915	330
EAST_POINT_(AUT)	2020	1	26	26	-2.9	2.2	4.5399262131544	-999.9	4.4	7.98611111111111	5.32559169894175	330
EAST_POINT_(AUT)	2020	1	27	27	-3.2	2.8	4.98867283120587	-999.9	0.3	4.64120370370369	5.40119832068529	330
EAST_POINT_(AUT)	2020	1	28	28	-4.9	-0.2	4.47373693499468	-999.9	0.9	5.71759259259258	4.73189712208944	330
EAST_POINT_(AUT)	2020	1	29	29	-11	-2.6	6.06087039295229	-999.9	1.2	10.5092592592593	3.14154693399533	330
EAST_POINT_(AUT)	2020	1	30	30	-9.8	-4.7	4.7864263134799	-999.9	0	12.3842592592593	2.95077392259793	330
EAST_POINT_(AUT)	2020	1	31	31	-10.9	-4.3	5.51927125462324	-999.9	0	5.76388888888889	2.70041454594411	330
EAST_POINT_(AUT)	2020	2	1	32	-9.8	-1.4	6.31220328092013	-999.9	0	3.42592592592592	3.30022182263551	330
EAST_POINT_(AUT)	2020	2	2	33	-4.2	-1.9	3.34873296528678	-999.9	1.9	10.3125	4.54378574123004	330
EAST_POINT_(AUT)	2020	2	3	34	-6.5	-0.2	5.61955022108556	-999.9	0.2	7.38425925925925	3.72640806329928	330
EAST_POINT_(AUT)	2020	2	4	35	-3.5	-0.2	4.1241852039461	-999.9	0	5.76388888888889	4.17401956963825	330
EAST_POINT_(AUT)	2020	2	5	36	-8.1	-0.6	6.30511279316028	-999.9	0	8.44907407407408	3.28358348873606	330
EAST_POINT_(AUT)	2020	2	6	37	-12.1	-4.1	6.60412669845972	-999.9	1.6	4.28240740740742	2.66725596458323	330
EAST_POINT_(AUT)	2020	2	7	38	-4.2	3.4	6.52842796604702	-999.9	12.6	3.53009259259258	5.6286337639002	330
EAST_POINT_(AUT)	2020	2	8	39	-9.5	2.2	8.21571984355581	-999.9	0	9.30555555555556	3.59518461269504	330
EAST_POINT_(AUT)	2020	2	9	40	-15.4	-7	7.06088227512987	-999.9	0	5.23148148148147	1.98039203576216	330
EAST_POINT_(AUT)	2020	2	10	41	-7	-2	5.52564720571326	-999.9	4.4	7.25694444444445	3.84545983940822	330
EAST_POINT_(AUT)	2020	2	11	42	-6.1	-3.5	4.04177710784617	-999.9	0	5.01157407407408	4.02094966358924	330
EAST_POINT_(AUT)	2020	2	12	43	-4.6	-1.9	4.177923127663	-999.9	5.8	5.9375	4.45547614491687	330
EAST_POINT_(AUT)	2020	2	13	44	-9.9	1	8.51504147584788	-999.9	1.4	7.04861111111111	3.87661942819275	330
EAST_POINT_(AUT)	2020	2	14	45	-15.7	-9.7	6.40830275127909	-999.9	0.2	10.0347222222222	2.01257649886486	330
EAST_POINT_(AUT)	2020	2	15	46	-17.3	-6.6	8.68058573463398	-999.9	0	5.78703703703703	1.73889636918406	330
EAST_POINT_(AUT)	2020	2	16	47	-6.6	0.5	7.17247400026115	-999.9	0	6.73611111111111	4.05724237556966	330
EAST_POINT_(AUT)	2020	2	17	48	-8.4	3	9.21860009845848	-999.9	0	5.55555555555556	4.33710291768847	330
EAST_POINT_(AUT)	2020	2	18	49	-10.5	-3.6	7.27439986767188	-999.9	0.6	6.19212962962964	2.62999007551304	330
EAST_POINT_(AUT)	2020	2	19	50	-9.7	4.4	10.5469514601198	-999.9	5.1	9.32870370370369	4.1231839149785	330
EAST_POINT_(AUT)	2020	2	20	51	-15.4	-9.6	6.8605400419562	-999.9	0	9.83796296296297	1.65062239920509	330
EAST_POINT_(AUT)	2020	2	21	52	-16.7	-7.5	8.76283919340117	-999.9	0	4.66435185185186	1.53736412449719	330
EAST_POINT_(AUT)	2020	2	22	53	-8.2	0.8	8.78933795461775	-999.9	0	6.28472222222222	3.33435367706909	330
EAST_POINT_(AUT)	2020	2	23	54	-5.1	3.3	8.61060444723994	-999.9	0	4.47916666666667	4.27008434449296	330
EAST_POINT_(AUT)	2020	2	24	55	-4.6	2.6	8.08336666276815	-999.9	0	5.42824074074075	5.10194009815858	330
EAST_POINT_(AUT)	2020	2	25	56	-3.3	4.6	8.58504330786334	-999.9	0	3.53009259259258	5.52616463960049	330
EAST_POINT_(AUT)	2020	2	26	57	-4.6	-0.1	6.56911729037444	-999.9	0	3.54166666666667	4.83494825436913	330
EAST_POINT_(AUT)	2020	2	27	58	-4.1	0.9	7.01979751561058	-999.9	7.3	9.17824074074075	4.80698642091337	330
EAST_POINT_(AUT)	2020	2	28	59	-5.7	1.7	8.65684156938534	-999.9	0	6.86342592592592	3.9935948552271	330
EAST_POINT_(AUT)	2020	2	29	60	-6.9	1.9	9.56868927914043	-999.9	0	3.09027777777778	4.04435651460636	330
EAST_POINT_(AUT)	2020	3	1	61	-4.2	-0.4	6.37282890239435	-999.9	3.3	6.71296296296297	4.90192028112759	330
EAST_POINT_(AUT)	2020	3	2	62	-6	1	8.76554855691609	-999.9	0.6	5.34722222222222	4.11885781882279	330
EAST_POINT_(AUT)	2020	3	3	63	-2.4	2.7	7.58164729188207	-999.9	0	5.43981481481481	5.87439077162023	330
EAST_POINT_(AUT)	2020	3	4	64	-2.2	2.9	7.68191263252123	-999.9	13.2	7.10648148148147	5.98383329081151	330
EAST_POINT_(AUT)	2020	3	5	65	-2.8	-1.1	4.49335325734537	-999.9	0.4	11.7939814814815	4.81307698536496	330
EAST_POINT_(AUT)	2020	3	6	66	-5.3	-2	6.34190412138855	-999.9	0	8.78472222222222	3.53873612662674	330
EAST_POINT_(AUT)	2020	3	7	67	-6.2	-3.5	5.81051674740623	-999.9	0	13.3333333333333	3.46603635754068	330
EAST_POINT_(AUT)	2020	3	8	68	-6	-1	8.00830291259754	-999.9	0	6.89814814814814	3.45972095108584	330
EAST_POINT_(AUT)	2020	3	9	69	-7.8	-4	7.0700303181387	-999.9	0.2	4.59490740740742	2.94048389318267	330
EAST_POINT_(AUT)	2020	3	10	70	-7.8	-0.9	9.6466912711442	-999.9	1	5.12731481481481	3.63031528989796	330
EAST_POINT_(AUT)	2020	3	11	71	-7.9	-0.7	9.97685965153408	-999.9	1.1	6.58564814814814	4.00804671165566	330
EAST_POINT_(AUT)	2020	3	12	72	-10.9	-2.5	10.909116397988	-999.9	0	3.07870370370369	3.06811114084151	330
EAST_POINT_(AUT)	2020	3	13	73	-10.7	1.3	13.1980746907809	-999.9	4.3	6.01851851851853	3.54772618053867	330
EAST_POINT_(AUT)	2020	3	14	74	-3.3	6.5	12.0711864066777	-999.9	0	9.375	4.90818896178461	330
EAST_POINT_(AUT)	2020	3	15	75	-4.7	-2.7	5.51842428531273	-999.9	0	9.67592592592592	3.64579360020455	330
EAST_POINT_(AUT)	2020	3	16	76	-10	-1.7	11.3749068728305	-999.9	0.2	5.77546296296297	3.34760245911099	330
EAST_POINT_(AUT)	2020	3	17	77	-9.7	-0.3	12.2469054085799	-999.9	4.1	6.23842592592592	3.57756684233082	330
EAST_POINT_(AUT)	2020	3	18	78	-5.2	-0.4	8.85280778430014	-999.9	3.1	6.46990740740742	4.07392164731737	330
EAST_POINT_(AUT)	2020	3	19	79	-8.7	1.1	12.7942623416491	-999.9	0	4.31712962962964	3.08342081062349	330
EAST_POINT_(AUT)	2020	3	20	80	-3.5	3.7	11.0905630188781	-999.9	5.6	8.34490740740742	5.68509899005724	330
EAST_POINT_(AUT)	2020	3	21	81	-6.2	7.3	15.3561467946935	-999.9	0	12.5810185185185	4.48666187804505	330
EAST_POINT_(AUT)	2020	3	22	82	-8.5	-4.4	8.556138713194	-999.9	0	10.5208333333333	2.64299189713784	330
EAST_POINT_(AUT)	2020	3	23	83	-4.7	-0.9	8.3270339582799	-999.9	0	5.15046296296297	3.39319994130164	330
EAST_POINT_(AUT)	2020	3	24	84	-2.9	-0.9	6.10615736006017	-999.9	6.1	10.1736111111111	4.93107125023921	330
EAST_POINT_(AUT)	2020	3	25	85	-3.2	0.9	8.83569874994746	-999.9	0	5.28935185185186	4.99957635050612	330
EAST_POINT_(AUT)	2020	3	26	86	-3.1	0.3	8.13065767551746	-999.9	6.1	7.34953703703703	4.93362240086806	330
EAST_POINT_(AUT)	2020	3	27	87	-2.9	-0.2	7.32059523787411	-999.9	1.3	10.0694444444444	5.17780458778932	330
EAST_POINT_(AUT)	2020	3	28	88	-6	0.8	11.736487115559	-999.9	0	6.72453703703703	4.02714020938635	330
EAST_POINT_(AUT)	2020	3	29	89	-5.2	1.1	11.410739929873	-999.9	0	4.50231481481481	4.34038378900511	330
EAST_POINT_(AUT)	2020	3	30	90	-1.8	0.2	6.49320285280104	-999.9	0	9.02777777777778	4.92867656836944	330
EAST_POINT_(AUT)	2020	3	31	91	-1.4	0.2	5.86468760414577	-999.9	0	7.90509259259258	5.46144206699136	330
EAST_POINT_(AUT)	2020	4	1	92	-1.6	3.1	10.1488105598963	-999.9	4.8	4.39814814814814	6.1132951934072	330
EAST_POINT_(AUT)	2020	4	2	93	0.4	3.4	8.18556247748823	-999.9	0	11.3657407407407	6.35495802657649	330
EAST_POINT_(AUT)	2020	4	3	94	-0.9	3.2	9.65921531830981	-999.9	0	11.6319444444444	5.88970914898682	330
EAST_POINT_(AUT)	2020	4	4	95	-2.2	1.1	8.74599535765413	-999.9	0	5.83333333333333	5.09179717585927	330
EAST_POINT_(AUT)	2020	4	5	96	-2.2	1.1	8.82575673793558	-999.9	0	3.84259259259258	4.54959882142651	330
EAST_POINT_(AUT)	2020	4	6	97	-1.3	5.5	12.7829929383558	-999.9	0.7	5.69444444444445	5.70272240491266	330
EAST_POINT_(AUT)	2020	4	7	98	-3.8	2.1	12.0123414760001	-999.9	0	6.09953703703703	4.33279643504235	330
EAST_POINT_(AUT)	2020	4	8	99	-5.3	2.5	13.9319875557022	-999.9	0	2.90509259259258	4.3957028784524	330
EAST_POINT_(AUT)	2020	4	9	100	-5.9	3.7	15.5885652825834	-999.9	0	3.76157407407408	4.32127471232193	330
EAST_POINT_(AUT)	2020	4	10	101	-0.7	4.8	11.8986415680078	-999.9	3.5	9.05092592592592	5.94070769045935	330
EAST_POINT_(AUT)	2020	4	11	102	-2	4.9	13.437762949074	-999.9	0.7	7.67361111111111	5.45161895571392	330
EAST_POINT_(AUT)	2020	4	12	103	0.6	5.4	11.2992722135165	-999.9	0	5.11574074074075	5.08389811844336	330
EAST_POINT_(AUT)	2020	4	13	104	0.2	5	11.3898782578466	-999.9	8.6	6.85185185185186	6.01743499414838	330
EAST_POINT_(AUT)	2020	4	14	105	-0.3	10.8	17.4570124848567	-999.9	2	6.68981481481481	6.88473209707159	330
EAST_POINT_(AUT)	2020	4	15	106	-0.2	5.8	12.9340808064458	-999.9	0	3.24074074074075	5.45316919792655	330
EAST_POINT_(AUT)	2020	4	16	107	-1.6	4.2	12.8134827527596	-999.9	0	5.28935185185186	5.1800563419403	330
EAST_POINT_(AUT)	2020	4	17	108	-3.2	3.9	14.282938057744	-999.9	0	3.93518518518519	4.18955647517406	330
EAST_POINT_(AUT)	2020	4	18	109	-0.8	2.9	10.3864367144667	-999.9	0	5.20833333333333	4.58273090812091	330
EAST_POINT_(AUT)	2020	4	19	110	-3.3	2.5	13.0978323295574	-999.9	0	9.57175925925925	4.72199152037699	330
EAST_POINT_(AUT)	2020	4	20	111	-3	9.2	19.1305590005565	-999.9	0	5.90277777777778	5.93452095100808	330
EAST_POINT_(AUT)	2020	4	21	112	-0.3	3.6	10.8914374734107	-999.9	0	5.97222222222222	5.07357835512165	330
EAST_POINT_(AUT)	2020	4	22	113	-1	8.7	17.2936633671493	-999.9	6.1	6.82870370370369	6.18152970449836	330
EAST_POINT_(AUT)	2020	4	23	114	-2.4	3.4	13.4619103294808	-999.9	0	5.3125	3.9722337430919	330
EAST_POINT_(AUT)	2020	4	24	115	0.2	6.3	13.8960944483552	-999.9	0	3.55324074074075	5.09258463805763	330
EAST_POINT_(AUT)	2020	4	25	116	-0.3	5.9	14.0994659851555	-999.9	0	4.03935185185186	5.22491154227939	330
EAST_POINT_(AUT)	2020	4	26	117	-0.8	9	17.8378674717349	-999.9	0	2.77777777777778	4.67158940660529	330
EAST_POINT_(AUT)	2020	4	27	118	1.9	4.7	9.59348376456126	-999.9	0	7.55787037037036	5.92515095611157	330
EAST_POINT_(AUT)	2020	4	28	119	1.5	2.8	6.57629160483148	-999.9	0	11.8634259259259	5.44093859081129	330
EAST_POINT_(AUT)	2020	4	29	120	-0.9	3.8	12.5781063083416	-999.9	0	8.54166666666667	5.39848246655043	330
EAST_POINT_(AUT)	2020	4	30	121	-2.1	7.4	17.9858197337042	-999.9	0	3.14814814814814	5.79548042469209	330
EAST_POINT_(AUT)	2020	5	1	122	2.2	9.1	15.4148926221192	-999.9	1.7	7.52314814814814	7.24246790688818	330
EAST_POINT_(AUT)	2020	5	2	123	1.4	6	12.6557558972652	-999.9	12.9	7.68518518518519	7.54104886837478	330
EAST_POINT_(AUT)	2020	5	3	124	0.6	6.7	14.6525517446091	-999.9	0	5.61342592592592	6.46892829212559	330
EAST_POINT_(AUT)	2020	5	4	125	2.9	6.6	11.4718802117697	-999.9	0	4.60648148148147	6.91684141807935	330
EAST_POINT_(AUT)	2020	5	5	126	-0.6	3.3	11.8385340330016	-999.9	9.4	9.62962962962964	6.30105893763513	330
EAST_POINT_(AUT)	2020	5	6	127	-1.1	5.8	15.8259139385307	-999.9	0.2	9.34027777777778	6.12866988536257	330
EAST_POINT_(AUT)	2020	5	7	128	-2.3	4.2	15.435708627675	-999.9	3.2	3.98148148148147	5.77871950192487	330
EAST_POINT_(AUT)	2020	5	8	129	-2.8	8.2	20.1761891616523	-999.9	1	4.53703703703703	6.16591520741734	330
EAST_POINT_(AUT)	2020	5	9	130	-1.2	6.3	16.7376257852606	-999.9	7.9	5.69444444444445	6.43085047771074	330
EAST_POINT_(AUT)	2020	5	10	131	-2.7	5.8	17.8994991005778	-999.9	4.3	9.57175925925925	5.20956898575384	330
EAST_POINT_(AUT)	2020	5	11	132	2.3	10.2	17.3324984089367	-999.9	0	5.08101851851853	6.37951836012288	330
EAST_POINT_(AUT)	2020	5	12	133	-0.6	4.7	14.2577181141838	-999.9	8.4	5.41666666666667	6.47438867686392	330
EAST_POINT_(AUT)	2020	5	13	134	0.5	7.1	15.9770656013149	-999.9	0	8.35648148148147	6.08756508358307	330
EAST_POINT_(AUT)	2020	5	14	135	2.1	5.7	11.8478075368324	-999.9	0	6.73611111111111	5.25862947340729	330
EAST_POINT_(AUT)	2020	5	15	136	1.9	7.6	14.9670019093062	-999.9	0	4.44444444444444	6.40209973115251	330
EAST_POINT_(AUT)	2020	5	16	137	0.3	7	16.2890071087843	-999.9	0	3.125	6.35311627666555	330
EAST_POINT_(AUT)	2020	5	17	138	-0.6	13.6	23.8018440706325	-999.9	0	4.24768518518519	7.80869114328604	330
EAST_POINT_(AUT)	2020	5	18	139	1.6	7.2	15.0009677685316	-999.9	0	3.71527777777778	7.11617031276682	330
EAST_POINT_(AUT)	2020	5	19	140	-0.3	6.8	16.9497417176402	-999.9	0	5.53240740740742	6.19219783424148	330
EAST_POINT_(AUT)	2020	5	20	141	-0.4	11.8	22.2932038520946	-999.9	0	3.27546296296297	6.41144692474288	330
EAST_POINT_(AUT)	2020	5	21	142	9.6	23.9	24.2141630432252	-999.9	0	6.42361111111111	9.13025183431502	330
EAST_POINT_(AUT)	2020	5	22	143	7	17.8	21.1092397098631	-999.9	0.2	6.70833333333333	7.94226323099032	330
EAST_POINT_(AUT)	2020	5	23	144	3.28	4.79	30.55	-999.9	0	6.73	5.62232843711273	330
EAST_POINT_(AUT)	2020	5	24	145	3.89	9.67	31.1	-999.9	0.03	4.45	6.87620800346422	330
EAST_POINT_(AUT)	2020	5	25	146	5.63	11.33	29.15	-999.9	0.02	6.33	8.36933451838473	330
EAST_POINT_(AUT)	2020	5	26	147	6.89	13.23	19.79	-999.9	1.03	7.25	11.7255935029337	330
EAST_POINT_(AUT)	2020	5	27	148	10.26	13.52	11.44	-999.9	6.06	3.29	13.6208428828563	330
EAST_POINT_(AUT)	2020	5	28	149	10.74	14.54	25.15	-999.9	0.12	6.75	13.9418978017123	330
EAST_POINT_(AUT)	2020	5	29	150	11.49	15.55	19.92	-999.9	0.1	7.99	14.8691739475067	330
EAST_POINT_(AUT)	2020	5	30	151	10.84	14.22	17.24	-999.9	1.92	7.98	14.2244740377454	330
EAST_POINT_(AUT)	2020	5	31	152	8.13	15.32	12.25	-999.9	4.79	4.29	12.5330192569267	330
EAST_POINT_(AUT)	2020	6	1	153	7	7.93	8.58	-999.9	1.47	5.84	9.65903154801075	330
EAST_POINT_(AUT)	2020	6	2	154	7.28	8.38	9.19	-999.9	10.05	7.91	9.78249859979293	330
EAST_POINT_(AUT)	2020	6	3	155	7.45	9.9	19.4	-999.9	1.87	7.69	9.95706695942281	330
EAST_POINT_(AUT)	2020	6	4	156	8.21	14.44	26.84	-999.9	0.13	3.94	11.7650222709893	330
EAST_POINT_(AUT)	2020	6	5	157	10.46	14.87	23.28	-999.9	0.48	5.31	13.4161741398448	330
EAST_POINT_(AUT)	2020	6	6	158	8.24	11.87	10.34	-999.9	6.92	5.36	12.072352780062	330
EAST_POINT_(AUT)	2020	6	7	159	8.04	8.86	11	-999.9	3.21	9.37	9.7934857328021	330
EAST_POINT_(AUT)	2020	6	8	160	6.91	8.12	11.07	-999.9	10.1	7.71	9.39823039378214	330
EAST_POINT_(AUT)	2020	6	9	161	7.01	10.83	16.68	-999.9	1.48	3.05	9.41801044761071	330
EAST_POINT_(AUT)	2020	6	10	162	7.25	11.08	29.4	-999.9	0.02	2.71	8.3778939671854	330
EAST_POINT_(AUT)	2020	6	11	163	8.75	13.2	21.48	-999.9	0.08	8.81	9.89734791761221	330
EAST_POINT_(AUT)	2020	6	12	164	10.52	14.62	12.75	-999.9	6.53	8.11	13.5295071573439	330
EAST_POINT_(AUT)	2020	6	13	165	9.44	13.08	13.78	-999.9	1.39	4.07	12.7598773783667	330
EAST_POINT_(AUT)	2020	6	14	166	8.88	9.39	14.38	-999.9	0.17	6.73	10.3986479348295	330
EAST_POINT_(AUT)	2020	6	15	167	8.66	11.49	23.31	-999.9	0.34	2.89	9.84119493101514	330
EAST_POINT_(AUT)	2020	6	16	168	10.24	16.03	30.42	-999.9	0.03	4.18	11.357878298818	330
EAST_POINT_(AUT)	2020	6	17	169	11.95	17.04	28.42	-999.9	0.35	6.21	12.7500642131999	330
EAST_POINT_(AUT)	2020	6	18	170	13.36	18.88	27.29	-999.9	1.06	7.25	14.4787622086065	330
EAST_POINT_(AUT)	2020	6	19	171	14.56	21.22	27.87	-999.9	0.05	5.43	17.015286521038	330
EAST_POINT_(AUT)	2020	6	20	172	12.06	14.92	21.09	-999.9	0.21	4.86	13.8791435142155	330
EAST_POINT_(AUT)	2020	6	21	173	11.84	15.77	16.35	-999.9	1.43	5.32	14.0074261472248	330
EAST_POINT_(AUT)	2020	6	22	174	12.71	19.27	26.64	-999.9	0.07	4.36	16.0761530301683	330
EAST_POINT_(AUT)	2020	6	23	175	15.42	19.98	24.05	-999.9	0.12	4.13	18.5043711087834	330
EAST_POINT_(AUT)	2020	6	24	176	15.84	20.26	26.56	-999.9	0.06	4.41	18.5297386341913	330
EAST_POINT_(AUT)	2020	6	25	177	16.67	21.52	20.12	-999.9	0.67	4.91	19.5056945126947	330
EAST_POINT_(AUT)	2020	6	26	178	16.42	20.21	22.94	-999.9	0.18	3.27	16.9748550260575	330
EAST_POINT_(AUT)	2020	6	27	179	16.92	21.3	22.52	-999.9	1.48	2.93	18.2747817739657	330
EAST_POINT_(AUT)	2020	6	28	180	16.78	19.4	19.28	-999.9	1.82	4.96	18.6686984547586	330
EAST_POINT_(AUT)	2020	6	29	181	16.48	19.93	15.22	-999.9	2.47	3.76	18.7039625195188	330
EAST_POINT_(AUT)	2020	6	30	182	17.65	19.39	18.21	-999.9	2.51	4.19	19.5571136415448	330
EAST_POINT_(AUT)	2020	7	1	183	18.26	20.42	17.92	-999.9	0.69	1.89	20.9452336035247	330
EAST_POINT_(AUT)	2020	7	2	184	15.46	20.79	22.23	-999.9	12.58	5.61	19.1932901458759	330
EAST_POINT_(AUT)	2020	7	3	185	14.96	16.38	21.49	-999.9	0.17	5.66	14.1578209713072	330
EAST_POINT_(AUT)	2020	7	4	186	14.55	17.6	17.34	-999.9	0.16	5.33	14.8238829323716	330
EAST_POINT_(AUT)	2020	7	5	187	14.51	17.37	20.4	-999.9	1.45	5.46	15.3657012797139	330
EAST_POINT_(AUT)	2020	7	6	188	14.53	15.59	10.07	-999.9	5.69	4.1	13.9065670717378	330
EAST_POINT_(AUT)	2020	7	7	189	15.45	17.53	27.96	-999.9	0.39	1.56	14.327447214181	330
EAST_POINT_(AUT)	2020	7	8	190	15.19	17.75	16.21	-999.9	13.64	8	15.2594061347709	330
EAST_POINT_(AUT)	2020	7	9	191	15.45	18.99	15.14	-999.9	2.9	3.76	17.6257866525636	330
EAST_POINT_(AUT)	2020	7	10	192	17.13	20.17	26.71	-999.9	0.29	1.59	18.8959727506323	330
EAST_POINT_(AUT)	2020	7	11	193	16.52	20.76	22.63	-999.9	1.21	5.44	19.6431797840315	330
EAST_POINT_(AUT)	2020	7	12	194	18.38	21.42	17.99	-999.9	3.46	7.37	21.4675213404612	330
EAST_POINT_(AUT)	2020	7	13	195	17.82	21.84	25.33	-999.9	0.08	5.57	20.0776925670489	330
EAST_POINT_(AUT)	2020	7	14	196	15.56	18.71	11.91	-999.9	1.06	6.67	17.3082059505992	330
EAST_POINT_(AUT)	2020	7	15	197	15.27	16.51	9.01	-999.9	2.98	7.73	15.3401027890758	330
EAST_POINT_(AUT)	2020	7	16	198	15.11	15.88	29.18	-999.9	0.73	4.51	13.581896051672	330
EAST_POINT_(AUT)	2020	7	17	199	15.57	18.71	25.66	-999.9	0.22	1.81	13.8356411214138	330
EAST_POINT_(AUT)	2020	7	18	200	16.03	18.11	11.63	-999.9	4.88	2.92	17.2080824697201	330
EAST_POINT_(AUT)	2020	7	19	201	16.97	21.43	26.9	-999.9	0.47	3.23	19.1841645115604	330
EAST_POINT_(AUT)	2020	7	20	202	18.7	22.55	19.96	-999.9	2.06	7.01	21.347514210633	330
EAST_POINT_(AUT)	2020	7	21	203	19.27	20.66	27.91	-999.9	0.17	4.26	20.0158947522537	330
EAST_POINT_(AUT)	2020	7	22	204	18.14	20.86	25.38	-999.9	0	3.56481481481481	17.5978948026411	330
EAST_POINT_(AUT)	2020	7	23	205	19.02	20.39	8.17	-999.9	0.5	3.54166666666667	20.1905524672104	330
EAST_POINT_(AUT)	2020	7	24	206	18.99	20.94	19.29	-999.9	7.9	3.95833333333333	20.4078262386476	330
EAST_POINT_(AUT)	2020	7	25	207	18.81	22.7	26.22	-999.9	0.2	3.41435185185186	21.2208032283653	330
EAST_POINT_(AUT)	2020	7	26	208	18.87	20.47	5.41	-999.9	4	3.32175925925925	21.7951753902159	330
EAST_POINT_(AUT)	2020	7	27	209	18.3	20.7	22.17	-999.9	0.5	2.2337962962963	20.1265501513315	330
EAST_POINT_(AUT)	2020	7	28	210	19.64	22.89	9.78	-999.9	1.1	4.25925925925925	22.9834532217333	330
EAST_POINT_(AUT)	2020	7	29	211	20.37	23.48	12.74	-999.9	0.2	2.48842592592593	23.7525757405079	330
EAST_POINT_(AUT)	2020	7	30	212	20.27	23.6	19.52	-999.9	2.6	2.90509259259258	23.1753102009975	330
EAST_POINT_(AUT)	2020	7	31	213	19.93	21.23	19.14	-999.9	1.3	2.96296296296297	21.669729348707	330
EAST_POINT_(AUT)	2020	8	1	214	18.8	19.82	13.96	-999.9	0.9	5.40509259259258	19.3363070685605	330
EAST_POINT_(AUT)	2020	8	2	215	19.38	23.92	26.63	-999.9	0.6	3.87731481481481	20.5712913638605	330
EAST_POINT_(AUT)	2020	8	3	216	20.56	24.12	21.75	-999.9	0	6.18055555555556	22.8765057751285	330
EAST_POINT_(AUT)	2020	8	4	217	18.69	21.85	13.26	-999.9	0	6.81712962962964	20.1725935110184	330
EAST_POINT_(AUT)	2020	8	5	218	18.58	23.93	18.87	-999.9	0	6.20370370370369	20.9344621291367	330
EAST_POINT_(AUT)	2020	8	6	219	20.19	23.11	23.3	-999.9	0	5.16203703703703	21.0572898495611	330
EAST_POINT_(AUT)	2020	8	7	220	19.29	22.54	23.98	-999.9	0.2	5.625	19.6968763440596	330
EAST_POINT_(AUT)	2020	8	8	221	19.48	22.99	22.44	-999.9	0.3	3.32175925925925	20.9536908820304	330
EAST_POINT_(AUT)	2020	8	9	222	19.73	24.09	24.65	-999.9	0	3.125	21.596705331205	330
EAST_POINT_(AUT)	2020	8	10	223	20.05	24.36	22.84	-999.9	0.2	2.97453703703703	22.4725937358012	330
EAST_POINT_(AUT)	2020	8	11	224	21.29	24.63	21.67	-999.9	0	6.58564814814814	23.814332442873	330
EAST_POINT_(AUT)	2020	8	12	225	21.32	25.16	20.46	-999.9	0	7.25694444444445	24.1063917296575	330
EAST_POINT_(AUT)	2020	8	13	226	21.79	23.71	20.15	-999.9	0	3.77314814814814	23.4795428267945	330
EAST_POINT_(AUT)	2020	8	14	227	18.78	22.04	18.04	-999.9	1.1	5.54398148148147	20.5670665932919	330
EAST_POINT_(AUT)	2020	8	15	228	18.79	21.6	16.43	-999.9	0	6.13425925925925	18.8847867048191	330
EAST_POINT_(AUT)	2020	8	16	229	18.31	21.49	23.83	-999.9	0	2.69675925925926	15.5959568069786	330
EAST_POINT_(AUT)	2020	8	17	230	18.23	20.89	8.74	-999.9	0.2	4.09722222222222	17.1207136520481	330
EAST_POINT_(AUT)	2020	8	18	231	17.98	19.3	9.43	-999.9	2.1	6.33101851851853	18.069739509224	330
EAST_POINT_(AUT)	2020	8	19	232	18.8	22.56	22.81	-999.9	0	4.38657407407408	19.2043970048398	330
EAST_POINT_(AUT)	2020	8	20	233	18.84	21.54	23.73	-999.9	0	6.27314814814814	16.4748482590517	330
EAST_POINT_(AUT)	2020	8	21	234	18.5	21.29	13.56	-999.9	0.3	3.36805555555556	16.4883530543925	330
EAST_POINT_(AUT)	2020	8	22	235	17.53	19.96	23.14	-999.9	0.2	2.62731481481481	14.1017652602416	330
EAST_POINT_(AUT)	2020	8	23	236	18.59	22.01	22.42	-999.9	0	4.23611111111111	17.1522073623252	330
EAST_POINT_(AUT)	2020	8	24	237	18.9	20.42	21.79	-999.9	0	5.27777777777778	17.4461705094196	330
EAST_POINT_(AUT)	2020	8	25	238	18.82	21.77	6.8	-999.9	9.7	6.44675925925925	20.2744064561835	330
EAST_POINT_(AUT)	2020	8	26	239	15.42	20.26	16.35	-999.9	5.5	8.33333333333333	14.7451573520478	330
EAST_POINT_(AUT)	2020	8	27	240	14.4	18.42	10.61	-999.9	4.3	6.60879629629631	12.5432177922462	330
EAST_POINT_(AUT)	2020	8	28	241	16.18	18.54	17.26	-999.9	0	6.63194444444445	13.3013967886646	330
EAST_POINT_(AUT)	2020	8	29	242	15.93	18.02	20.13	-999.9	28.2	4.49074074074075	13.7155306859481	330
EAST_POINT_(AUT)	2020	8	30	243	15.75	21.63	9.58	-999.9	5.9	5.9375	19.3996986250663	330
EAST_POINT_(AUT)	2020	8	31	244	14.81	15.71	13.57	-999.9	0	9.375	13.4632826141219	330
EAST_POINT_(AUT)	2020	9	1	245	14.22	17.14	20.09	-999.9	0	3.04398148148147	12.0608532977763	330
EAST_POINT_(AUT)	2020	9	2	246	15.91	18.96	19.78	-999.9	0	6.44675925925925	14.9748104239157	330
EAST_POINT_(AUT)	2020	9	3	247	16.16	20.21	5.56	-999.9	14.4	6.09953703703703	19.9832536602027	330
EAST_POINT_(AUT)	2020	9	4	248	19.25	21.75	14.69	-999.9	3.5	5.89120370370369	20.4752518885092	330
EAST_POINT_(AUT)	2020	9	5	249	17.87	19.12	21.71	-999.9	0	4.97685185185186	16.6473722244529	330
EAST_POINT_(AUT)	2020	9	6	250	16.55	19.47	21.12	-999.9	0	3.18287037037036	15.8302598668277	330
EAST_POINT_(AUT)	2020	9	7	251	16.96	20.48	20.2	-999.9	0	5.17361111111111	16.5482678990582	330
EAST_POINT_(AUT)	2020	9	8	252	17.27	21.62	15.62	-999.9	0	5.79861111111111	19.3438013754265	330
EAST_POINT_(AUT)	2020	9	9	253	17.64	20.06	15.53	-999.9	0	2.77777777777778	19.4391272984432	330
EAST_POINT_(AUT)	2020	9	10	254	17.21	21.22	10.51	-999.9	0.2	4.50231481481481	19.5186356755556	330
EAST_POINT_(AUT)	2020	9	11	255	14.14	18.43	7.55	-999.9	1.5	8.70370370370369	13.5386090540532	330
EAST_POINT_(AUT)	2020	9	12	256	14.14	17.09	19.04	-999.9	0	3.96990740740742	12.1869466720886	330
EAST_POINT_(AUT)	2020	9	13	257	16.03	18.36	14.94	-999.9	0	5.77546296296297	14.7929207024532	330
EAST_POINT_(AUT)	2020	9	14	258	15.61	18.9	8.48	-999.9	1	7.88194444444445	16.3620883841658	330
EAST_POINT_(AUT)	2020	9	15	259	13.35	15.35	17.33	-999.9	0	6.74768518518519	10.9394915217662	330
EAST_POINT_(AUT)	2020	9	16	260	13.32	17.24	10.69	-999.9	0	7.04861111111111	11.2012141340532	330
EAST_POINT_(AUT)	2020	9	17	261	13.51	18.91	12.69	-999.9	0	8.55324074074075	14.9756883271454	330
EAST_POINT_(AUT)	2020	9	18	262	12.75	13.72	6.47	-999.9	0	8.62268518518519	11.3557159284762	330
EAST_POINT_(AUT)	2020	9	19	263	11.79	13.38	18.9	-999.9	0	8.25231481481481	9.38241341924407	330
EAST_POINT_(AUT)	2020	9	20	264	11.7	12.74	12.05	-999.9	0.5	5.17361111111111	9.21682655672104	330
EAST_POINT_(AUT)	2020	9	21	265	11.81	13.29	17.29	-999.9	0	2.85879629629631	8.65476345890911	330
EAST_POINT_(AUT)	2020	9	22	266	12.38	17.42	4.7	-999.9	16.2	10.0347222222222	12.361815367457	330
EAST_POINT_(AUT)	2020	9	23	267	13.51	17.56	6.04	-999.9	13.9	8.59953703703703	16.3315354185035	330
EAST_POINT_(AUT)	2020	9	24	268	14.58	16.3	11.77	-999.9	0.2	5.85648148148147	14.4775434822593	330
EAST_POINT_(AUT)	2020	9	25	269	13.61	14.4	17.83	-999.9	0	5.54398148148147	10.5263540857154	330
EAST_POINT_(AUT)	2020	9	26	270	12.4	17.62	15.28	-999.9	0	5.12731481481481	13.8373095553042	330
EAST_POINT_(AUT)	2020	9	27	271	15.01	18.43	12.43	-999.9	0	7.08333333333333	17.1587019339648	330
EAST_POINT_(AUT)	2020	9	28	272	16.75	19.91	12.08	-999.9	0	6.41203703703703	18.7447096354497	330
EAST_POINT_(AUT)	2020	9	29	273	17.16	20.02	14.61	-999.9	0	5.47453703703703	19.2233816590637	330
EAST_POINT_(AUT)	2020	9	30	274	17.49	21.09	10.74	-999.9	0.8	7.93981481481481	20.1782334402275	330
EAST_POINT_(AUT)	2020	10	1	275	15.61	18.36	15.1	-999.9	0	5.26620370370369	15.8824299440494	330
EAST_POINT_(AUT)	2020	10	2	276	15.11	17.97	12.15	-999.9	0.2	3.55324074074075	15.5412531558438	330
EAST_POINT_(AUT)	2020	10	3	277	12.69	15.38	8.18	-999.9	0	5.11574074074075	13.622699433632	330
EAST_POINT_(AUT)	2020	10	4	278	11.47	13.23	13.88	-999.9	0	5.09259259259258	9.9659621005484	330
EAST_POINT_(AUT)	2020	10	5	279	11.51	13.34	5.79	-999.9	1.7	3.48379629629631	10.7040738914499	330
EAST_POINT_(AUT)	2020	10	6	280	13.3	13.4	1.06299697975175	-999.9	0	6.01307189542483	12.3263107542525	330
EAST_POINT_(AUT)	2020	10	7	281	12	16.7	7.19289919238877	-999.9	0.9	5.81944444444444	14.3433768455851	330
EAST_POINT_(AUT)	2020	10	8	282	7.9	15.9	9.26151199103935	-999.9	4.2	12.0486111111111	11.488469894121	330
EAST_POINT_(AUT)	2020	10	9	283	3.8	9.3	7.57810015740565	-999.9	4.6	13.7962962962963	5.98670378468086	330
EAST_POINT_(AUT)	2020	10	10	284	3.9	15.9	11.0451961196063	-999.9	0	7.58101851851853	8.70544796114648	330
EAST_POINT_(AUT)	2020	10	11	285	6	15.2	9.54209645915802	-999.9	8.7	9.62962962962964	9.51283225268031	330
EAST_POINT_(AUT)	2020	10	12	286	3	10.4	8.44301822414072	-999.9	0	4.15509259259258	6.21692571273541	330
EAST_POINT_(AUT)	2020	10	13	287	5.5	12.7	8.21574028731086	-999.9	0	4.51388888888889	8.49609942035035	330
EAST_POINT_(AUT)	2020	10	14	288	10.1	16	7.33623863229688	-999.9	12.4	8.00925925925925	13.792571232507	330
EAST_POINT_(AUT)	2020	10	15	289	7.3	15.4	8.47866009199465	-999.9	0	3.79629629629631	11.3608482166277	330
EAST_POINT_(AUT)	2020	10	16	290	12	17.3	6.76444499002777	-999.9	0	4.65277777777778	13.4905708800795	330
EAST_POINT_(AUT)	2020	10	17	291	6.5	18.1	9.86977041766143	-999.9	1.4	6.13425925925925	12.6868701756892	330
EAST_POINT_(AUT)	2020	10	18	292	4	11.4	7.77417271890216	-999.9	0	5.55555555555556	8.02090801392355	330
EAST_POINT_(AUT)	2020	10	19	293	7.8	13.9	6.96052821478599	-999.9	4.1	3.03240740740742	11.9686522229749	330
EAST_POINT_(AUT)	2020	10	20	294	12.2	17.8	6.57644615666228	-999.9	1.9	4.64120370370369	15.4946364112229	330
EAST_POINT_(AUT)	2020	10	21	295	8.9	15.2	6.87813907113525	-999.9	1.3	5.98379629629631	11.877189927379	330
EAST_POINT_(AUT)	2020	10	22	296	8.3	17.2	8.06092868950937	-999.9	0	6.41203703703703	12.256555697708	330
EAST_POINT_(AUT)	2020	10	23	297	7.9	10.7	4.45807213155439	-999.9	0	4.89583333333333	8.0379767472312	330
EAST_POINT_(AUT)	2020	10	24	298	8.3	13.3	5.87384396944219	-999.9	0.2	5.65972222222222	11.244430042221	330
EAST_POINT_(AUT)	2020	10	25	299	4.6	8.9	5.37075223573561	-999.9	0	10.6944444444444	6.6604052219662	330
EAST_POINT_(AUT)	2020	10	26	300	0.4	8.9	7.44510676045111	-999.9	2.2	4.03935185185186	5.00443306734423	330
EAST_POINT_(AUT)	2020	10	27	301	4.4	10.9	6.41916957981124	-999.9	10.5	8.15972222222222	8.96214416662155	330
EAST_POINT_(AUT)	2020	10	28	302	1.2	5.3	5.02664333145787	-999.9	0	5.38011695906433	5.31089469382997	330
EAST_POINT_(AUT)	2020	10	29	303	1.4	7.8	6.1922233924294	-999.9	0	5.67251461988303	6.16874055293411	330
EAST_POINT_(AUT)	2020	10	30	304	2	3.8	3.23797308441225	-999.9	0	10.2777777777778	4.30794608700072	330
EAST_POINT_(AUT)	2020	10	31	305	-1	5.9	6.25108212857308	-999.9	0	7.85879629629631	3.92401252376258	330
EAST_POINT_(AUT)	2020	11	1	306	-1.3	12.2	8.62200179763221	-999.9	0	6.53935185185186	5.4084481069627	330
EAST_POINT_(AUT)	2020	11	2	307	0.1	14.3	8.72000066692066	-999.9	15.9	10.3125	8.46532261288245	330
EAST_POINT_(AUT)	2020	11	3	308	-2.3	2.4	4.94739657373082	-999.9	0.2	7.85879629629631	3.851300075	330
EAST_POINT_(AUT)	2020	11	4	309	-2.4	2.5	4.98206611910458	-999.9	0.9	7.25694444444445	3.77890358786315	330
EAST_POINT_(AUT)	2020	11	5	310	2	12	7.01984104292334	-999.9	0	7.97453703703703	7.19311351679724	330
EAST_POINT_(AUT)	2020	11	6	311	11.2	15	4.26845947479946	-999.9	0	6.81712962962964	13.2628154101337	330
EAST_POINT_(AUT)	2020	11	7	312	4.1	14.5	6.96608144655649	-999.9	0	7.53472222222222	8.70454067261135	330
EAST_POINT_(AUT)	2020	11	8	313	0.6	6.2	5.04316410979405	-999.9	0	3.28703703703703	5.36034074846103	330
EAST_POINT_(AUT)	2020	11	9	314	5.9	11.9	5.15075597505426	-999.9	0	3.87731481481481	10.0518943398047	330
EAST_POINT_(AUT)	2020	11	10	315	10.5	21.2	6.78776816384019	-999.9	0	5.43981481481481	13.0593097434303	330
EAST_POINT_(AUT)	2020	11	11	316	10.5	17.5	5.41853549149297	-999.9	0	5.9375	13.0937153536349	330
EAST_POINT_(AUT)	2020	11	12	317	6.6	18.2	6.88529138491708	-999.9	0	5.50925925925925	11.764568124013	330
EAST_POINT_(AUT)	2020	11	13	318	5.2	7.6	3.09190894845181	-999.9	0	5.99537037037036	6.7977471811138	330
EAST_POINT_(AUT)	2020	11	14	319	4.3	7	3.23819330763168	-999.9	3.9	7.25694444444445	7.72592767500398	330
EAST_POINT_(AUT)	2020	11	15	320	3.1	5.9	3.25669132212699	-999.9	2.3	6.49305555555556	6.62334689724807	330
EAST_POINT_(AUT)	2020	11	16	321	4.6	11.4	5.01314740908028	-999.9	9.3	9.03935185185186	8.9316131185569	330
EAST_POINT_(AUT)	2020	11	17	322	0.5	7.7	5.0964452465321	-999.9	0.3	5.26620370370369	5.73752066519241	330
EAST_POINT_(AUT)	2020	11	18	323	-2.5	1.6	3.80040385852137	-999.9	2.8	8.00925925925925	4.30793991383855	330
EAST_POINT_(AUT)	2020	11	19	324	-3.2	3.8	4.90817620150306	-999.9	2.9	7.74305555555556	4.07194571947672	330
EAST_POINT_(AUT)	2020	11	20	325	3.8	9.4	4.34010308022118	-999.9	0	5.25462962962964	8.38464780742769	330
EAST_POINT_(AUT)	2020	11	21	326	2.1	12	5.7064386827287	-999.9	0	7.99768518518519	7.34820978726432	330
EAST_POINT_(AUT)	2020	11	22	327	-1.9	2.1	3.5878206310925	-999.9	0	5.55555555555556	3.96694718834987	330
EAST_POINT_(AUT)	2020	11	23	328	1.5	12.8	5.96636439694869	-999.9	21.3	8.91203703703703	8.04875664399728	330
EAST_POINT_(AUT)	2020	11	24	329	-1.7	11.9	6.47785887871652	-999.9	5.1	12.7199074074074	6.91046721250355	330
EAST_POINT_(AUT)	2020	11	25	330	-1.2	5.3	4.43339876562037	-999.9	1.2	6.09953703703703	4.69723457347788	330
EAST_POINT_(AUT)	2020	11	26	331	4	8.4	3.61206934675165	-999.9	2.3	4.86111111111111	8.48586293764186	330
EAST_POINT_(AUT)	2020	11	27	332	5.9	13.1	4.57701160151276	-999.9	4.1	5.9375	11.4950793744839	330
EAST_POINT_(AUT)	2020	11	28	333	4.4	6.7	2.56334407420364	-999.9	0.8	4.28240740740742	8.11834139326057	330
EAST_POINT_(AUT)	2020	11	29	334	1.6	5.5	3.30863170988005	-999.9	0	6.59722222222222	6.04207829228713	330
EAST_POINT_(AUT)	2020	11	30	335	-0.1	7.6	4.60983268920586	-999.9	0	5.45138888888889	5.44834949173343	330
EAST_POINT_(AUT)	2020	12	1	336	7.6	12.5	3.64767866262733	-999.9	1.3	10.9143518518519	10.4674381140241	330
EAST_POINT_(AUT)	2020	12	2	337	7.1	12.7	3.86946328095657	-999.9	14.9	5.79861111111111	11.649787629131	330
EAST_POINT_(AUT)	2020	12	3	338	1.5	8.3	4.23265693564597	-999.9	0.8	3.98148148148147	7.38024697501556	330
EAST_POINT_(AUT)	2020	12	4	339	2.7	9.4	4.1722059608104	-999.9	0	5.37037037037036	7.86463412186218	330
EAST_POINT_(AUT)	2020	12	5	340	6.5	9.9	2.95263186555718	-999.9	16.2	5.97222222222222	10.3687889502238	330
EAST_POINT_(AUT)	2020	12	6	341	4.9	12.2	4.29980085116161	-999.9	2.8	8.53009259259258	9.46303546592836	330
EAST_POINT_(AUT)	2020	12	7	342	2.7	5.1	2.45125647559076	-999.9	0.2	5.99537037037036	6.78282092103369	330
EAST_POINT_(AUT)	2020	12	8	343	2.8	4.4	1.99077370146105	-999.9	1.2	9.4212962962963	7.03806162524355	330
EAST_POINT_(AUT)	2020	12	9	344	-1	3.4	3.28513139262271	-999.9	0.6	7.45370370370369	5.80952353805969	330
EAST_POINT_(AUT)	2020	12	10	345	0.2	4	3.03928481007487	-999.9	2.7	2.92824074074075	6.23818929739272	330
EAST_POINT_(AUT)	2020	12	11	346	0.1	4.1	3.10566217172957	-999.9	1.4	5.84490740740742	6.02995217253936	330
EAST_POINT_(AUT)	2020	12	12	347	1.8	4.2	2.39700178279399	-999.9	0	5.65972222222222	5.87042758405406	330
EAST_POINT_(AUT)	2020	12	13	348	1.8	6.6	3.37923200926726	-999.9	8.6	6.63194444444445	7.68787630808836	330
EAST_POINT_(AUT)	2020	12	14	349	6.8	6.8	0	-999.9	0.2	4.72222222222222	9.62539274161396	330
EAST_POINT_(AUT)	2020	12	15	350	-5	2.72	2.38	-999.9	2.6	13.38	4.72263026102758	330
EAST_POINT_(AUT)	2020	12	16	351	-5.16	-2.51	1.97	-999.9	1.37	14.09	3.93431709965521	330
EAST_POINT_(AUT)	2020	12	17	352	-2.6	-0.12	2.13	-999.9	1.85	5.34	4.40629418788635	330
EAST_POINT_(AUT)	2020	12	18	353	0.1	2.53	2.96	-999.9	1.19	10.17	5.65418035611186	330
EAST_POINT_(AUT)	2020	12	19	354	0.02	1.68	3.32	-999.9	0.48	7.24	5.22080169476784	330
EAST_POINT_(AUT)	2020	12	20	355	-0.63	0.75	2.46	-999.9	0.03	4.92	4.98731360772511	330
EAST_POINT_(AUT)	2020	12	21	356	1.01	5.01	1.55	-999.9	14.34	6.55	7.59394128735449	330
EAST_POINT_(AUT)	2020	12	22	357	1.17	4.58	2.35	-999.9	10.44	10.76	6.71738666139181	330
EAST_POINT_(AUT)	2020	12	23	358	-1.83	1.66	2.26	-999.9	0.36	10.79	4.71030655086949	330
EAST_POINT_(AUT)	2020	12	24	359	-2.82	4.34	5.6	-999.9	0.01	7.68	5.17205377758906	330
EAST_POINT_(AUT)	2020	12	25	360	4.54	9.04	2.24	-999.9	0.1	12.44	9.7395749233658	330
EAST_POINT_(AUT)	2020	12	26	361	2.14	9.35	4.73	-999.9	5.29	13.44	9.31485111179263	330
EAST_POINT_(AUT)	2020	12	27	362	-1.07	2.26	5.52	-999.9	0.11	8.34	4.87738794816068	330
EAST_POINT_(AUT)	2020	12	28	363	-1.1	3.43	4.99	-999.9	0.1	5.71	4.55251303825879	330
EAST_POINT_(AUT)	2020	12	29	364	-2.38	5.04	1.44	-999.9	3.56	10.35	6.38704800347074	330
EAST_POINT_(AUT)	2020	12	30	365	-3.24	-1.48	2.82	-999.9	0.24	11.2	3.97472676967561	330
EAST_POINT_(AUT)	2020	12	31	366	-1.28	5.12	1.56	-999.9	8	10.39	6.15220092384341	330
