EAST_POINT_(AUT)	2010	1	1	1	-4.7	-1.2	2.95172172651827	-999.9	0	5.39351851851853	4.01579715197958	330
EAST_POINT_(AUT)	2010	1	2	2	-1.6	4	3.7544405967528	-999.9	0.7	11.2268518518519	6.06332413429754	330
EAST_POINT_(AUT)	2010	1	3	3	1.1	3.7	2.57353412243148	-999.9	11.3	12.7893518518519	7.0021768063525	330
EAST_POINT_(AUT)	2010	1	4	4	0.4	3.4	2.78211256669275	-999.9	5.7	5.85648148148147	6.85643371764459	330
EAST_POINT_(AUT)	2010	1	5	5	0.4	1.8	1.91348060613954	-999.9	2.6	5.28935185185186	6.64565207219952	330
EAST_POINT_(AUT)	2010	1	6	6	0.2	1.8	2.06033278541274	-999.9	0	4.21296296296297	6.40002806873506	330
EAST_POINT_(AUT)	2010	1	7	7	-1.4	1.2	2.64635907611031	-999.9	0.7	3.76157407407408	5.76304922928112	330
EAST_POINT_(AUT)	2010	1	8	8	-1.8	0	2.21945481976053	-999.9	0	3.93518518518519	5.2160648919269	330
EAST_POINT_(AUT)	2010	1	9	9	-2.3	0.3	2.68969877533756	-999.9	1.3	8.63425925925925	5.38960773649836	330
EAST_POINT_(AUT)	2010	1	10	10	-6	-2.1	3.32284992504413	-999.9	0	8.70370370370369	3.79867792004468	330
EAST_POINT_(AUT)	2010	1	11	11	-8.6	-4.1	3.60160540917809	-999.9	0	8.17129629629631	3.19506943627588	330
EAST_POINT_(AUT)	2010	1	12	12	-7.7	-3.2	3.63540608494063	-999.9	0.6	7.37268518518519	3.64828060349977	330
EAST_POINT_(AUT)	2010	1	13	13	-4.5	-0.6	3.41724711987102	-999.9	0	8.96990740740742	4.71593753795925	330
EAST_POINT_(AUT)	2010	1	14	14	-3.4	-0.6	2.92453145552025	-999.9	0	5.38194444444445	4.9500254815066	330
EAST_POINT_(AUT)	2010	1	15	15	-2.6	1.4	3.53159892416877	-999.9	0	6.53935185185186	5.30477138465723	330
EAST_POINT_(AUT)	2010	1	16	16	-6.1	1	4.75511046734204	-999.9	0.6	6.44675925925925	4.31871699264727	330
EAST_POINT_(AUT)	2010	1	17	17	-7.6	-4.4	3.22713737243268	-999.9	0	10.775462962963	3.01463170100389	330
EAST_POINT_(AUT)	2010	1	18	18	-6.5	-1.6	4.03801089188409	-999.9	0.6	6.62037037037036	3.60789399666103	330
EAST_POINT_(AUT)	2010	1	19	19	-4	-0.6	3.40209789835618	-999.9	0	5.94907407407408	4.40071027441908	330
EAST_POINT_(AUT)	2010	1	20	20	-5.2	-0.2	4.17384319180213	-999.9	0	4.07407407407408	4.25950484807799	330
EAST_POINT_(AUT)	2010	1	21	21	-2.6	-0.1	2.98652218821847	-999.9	0	9.49074074074075	4.68428631322476	330
EAST_POINT_(AUT)	2010	1	22	22	-6.1	-2	3.87104386427693	-999.9	0	10.8680555555556	3.49077911299978	330
EAST_POINT_(AUT)	2010	1	23	23	-7.4	-4.3	3.40759707435585	-999.9	1.4	11.712962962963	3.29485835340368	330
EAST_POINT_(AUT)	2010	1	24	24	-7.1	-3.6	3.66621952831956	-999.9	0	9.23611111111111	3.22923004187321	330
EAST_POINT_(AUT)	2010	1	25	25	-10.1	3	7.18320136355637	-999.9	0	6.11111111111111	3.95559545385537	330
EAST_POINT_(AUT)	2010	1	26	26	1	5.9	4.44994240684514	-999.9	7.7	10.6134259259259	7.59971116559192	330
EAST_POINT_(AUT)	2010	1	27	27	-1.6	4.4	4.98858192688233	-999.9	0	4.87268518518519	6.24164167778316	330
EAST_POINT_(AUT)	2010	1	28	28	-1.1	3.8	4.5678419059849	-999.9	0.22	2.44212962962963	6.36330559081338	330
EAST_POINT_(AUT)	2010	1	29	29	-4.5	0.1	4.48502828778963	-999.9	3.7	8.14814814814814	5.18209165297276	330
EAST_POINT_(AUT)	2010	1	30	30	-11.4	-4.5	5.56725533678892	-999.9	2.7	12.2453703703704	3.15640340702319	330
EAST_POINT_(AUT)	2010	1	31	31	-14.1	-8.4	5.12904933113222	-999.9	1.2	6.15740740740742	2.27604290193238	330
EAST_POINT_(AUT)	2010	2	1	32	-14	-9.4	4.67099370115722	-999.9	0.7	7.25694444444445	2.24518268438602	330
EAST_POINT_(AUT)	2010	2	2	33	-17.7	-11.7	5.40854684069872	-999.9	0	10.2199074074074	1.79666817591674	330
EAST_POINT_(AUT)	2010	2	3	34	-16.5	-9.9	5.75163003498613	-999.9	0	3.81944444444444	1.83617283212565	330
EAST_POINT_(AUT)	2010	2	4	35	-14.6	-5.3	6.92324441444009	-999.9	0.6	6.06481481481481	2.36661191695009	330
EAST_POINT_(AUT)	2010	2	5	36	-11.1	-9.4	3.00173936328241	-999.9	0	9.76851851851853	2.4071155483368	330
EAST_POINT_(AUT)	2010	2	6	37	-11.4	-2.6	6.92623634324825	-999.9	0.6	7.29166666666667	3.0723616780763	330
EAST_POINT_(AUT)	2010	2	7	38	-2.6	-0.5	3.43159714289152	-999.9	2	6.00694444444445	5.42122510224163	330
EAST_POINT_(AUT)	2010	2	8	39	-0.9	-0.2	2.00948971774754	-999.9	1.3	6.58564814814814	5.87025462870699	330
EAST_POINT_(AUT)	2010	2	9	40	-2.5	-0.5	3.44522537767271	-999.9	0.6	8.85416666666667	5.22062424290854	330
EAST_POINT_(AUT)	2010	2	10	41	-3.1	-0.9	3.66515229089786	-999.9	0	6.12268518518519	4.62974270827212	330
EAST_POINT_(AUT)	2010	2	11	42	-3.2	-0.1	4.41314578624676	-999.9	0	9.17824074074075	5.17820790583742	330
EAST_POINT_(AUT)	2010	2	12	43	-1.2	0	2.78515983531691	-999.9	0	10.8912037037037	5.69400011108109	330
EAST_POINT_(AUT)	2010	2	13	44	-1.8	0.2	3.64727608213093	-999.9	0.6	9.45601851851853	5.27365980345355	330
EAST_POINT_(AUT)	2010	2	14	45	-1.8	0.6	4.05277330568155	-999.9	0	4.28240740740742	5.7013440493155	330
EAST_POINT_(AUT)	2010	2	15	46	-1.6	0.3	3.65773636061775	-999.9	2.8	2.24537037037037	5.76921711811392	330
EAST_POINT_(AUT)	2010	2	16	47	-1.7	1.4	4.73912609264823	-999.9	0.41	2.99768518518519	5.88007264683098	330
EAST_POINT_(AUT)	2010	2	17	48	-1.8	0.1	3.76327626354753	-999.9	1.8	8.83101851851853	5.63517019775207	330
EAST_POINT_(AUT)	2010	2	18	49	-0.9	1.4	4.19964350425878	-999.9	0	2.40740740740741	6.25427863074954	330
EAST_POINT_(AUT)	2010	2	19	50	-1.8	2.4	5.75595040011945	-999.9	0	2.62731481481481	6.24905148605189	330
EAST_POINT_(AUT)	2010	2	20	51	-1	-0.2	2.54778878887303	-999.9	2.6	9.52546296296297	5.87515058752993	330
EAST_POINT_(AUT)	2010	2	21	52	-0.7	-0.2	2.04272150080671	-999.9	0.7	6.27314814814814	5.91817732868489	330
EAST_POINT_(AUT)	2010	2	22	53	-0.9	0.7	3.70567416824796	-999.9	0	4.98842592592592	6.0169280499543	330
EAST_POINT_(AUT)	2010	2	23	54	-1.3	1.3	4.7901828717418	-999.9	0	3.95833333333333	5.7922939375	330
EAST_POINT_(AUT)	2010	2	24	55	-1.6	1.6	5.38854520707793	-999.9	0	4.50231481481481	5.68232985833333	330
EAST_POINT_(AUT)	2010	2	25	56	-1.9	1.4	5.5482434270901	-999.9	0	5.19675925925925	5.32949953462588	330
EAST_POINT_(AUT)	2010	2	26	57	-0.9	1.1	4.37909560282959	-999.9	0	10.6712962962963	5.37856216186657	330
EAST_POINT_(AUT)	2010	2	27	58	0.2	2.1	4.32697240387022	-999.9	0.7	8.33333333333333	6.13026055528334	330
EAST_POINT_(AUT)	2010	2	28	59	-0.3	1.9	4.71978005251765	-999.9	0	4.31712962962964	6.05909931403303	330
EAST_POINT_(AUT)	2010	3	1	60	0	1.6	4.07978223974391	-999.9	13	12.025462962963	6.37885500234067	330
EAST_POINT_(AUT)	2010	3	2	61	-1.2	0.1	3.72715174562132	-999.9	0	11.099537037037	5.77478343165963	330
EAST_POINT_(AUT)	2010	3	3	62	-1.6	-0.2	3.91974754171919	-999.9	0	8.55324074074075	5.61840598551906	330
EAST_POINT_(AUT)	2010	3	4	63	-1.6	-0.1	4.1113758052327	-999.9	0.7	12.5694444444444	5.69743727176037	330
EAST_POINT_(AUT)	2010	3	5	64	-2.9	-0.9	4.81018067476334	-999.9	0	14.8148148148148	4.59728935153168	330
EAST_POINT_(AUT)	2010	3	6	65	-1.4	0.2	4.35880326481109	-999.9	0	8.75	4.86168711118102	330
EAST_POINT_(AUT)	2010	3	7	66	-2.1	0.6	5.73594285541783	-999.9	0	4.64120370370369	5.39910825257504	330
EAST_POINT_(AUT)	2010	3	8	67	-1.2	4.2	8.21654136912959	-999.9	0	4.62962962962964	5.67105160578709	330
EAST_POINT_(AUT)	2010	3	9	68	-3.4	-0.9	5.66218227561002	-999.9	0	6.58564814814814	4.23098957302774	330
EAST_POINT_(AUT)	2010	3	10	69	-2.5	0	5.7339895500863	-999.9	0.23	4.56018518518519	4.75835717394542	330
EAST_POINT_(AUT)	2010	3	11	70	-5.7	0.4	9.06933058787454	-999.9	0	2.19907407407407	4.17351779796908	330
EAST_POINT_(AUT)	2010	3	12	71	-5.4	0.9	9.33154252701386	-999.9	0	5.30092592592592	4.38126678277953	330
EAST_POINT_(AUT)	2010	3	13	72	-4.5	0.3	8.24565528874107	-999.9	0	3.20601851851853	4.10233155391615	330
EAST_POINT_(AUT)	2010	3	14	73	-4.8	2.5	10.2928368996448	-999.9	0.6	2.4537037037037	5.06283247115451	330
EAST_POINT_(AUT)	2010	3	15	74	-3.4	2.1	9.04213630152285	-999.9	0	5.79861111111111	5.3779601863463	330
EAST_POINT_(AUT)	2010	3	16	75	-3.8	0.3	7.90030566522222	-999.9	0	3.29861111111111	5.270204086047	330
EAST_POINT_(AUT)	2010	3	17	76	-3.9	6.5	12.7314082797101	-999.9	0	4.43287037037036	5.18567462430683	330
EAST_POINT_(AUT)	2010	3	18	77	-2.1	8.7	13.1257579380957	-999.9	0	5.47453703703703	5.7728917461951	330
EAST_POINT_(AUT)	2010	3	19	78	-2.2	3.3	9.4752559298701	-999.9	0	3.31018518518519	5.40597256189047	330
EAST_POINT_(AUT)	2010	3	20	79	1.5	10.6	12.3273923580164	-999.9	0.8	5.04629629629631	7.58824495884312	330
EAST_POINT_(AUT)	2010	3	21	80	-1.4	2.1	7.73158984724747	-999.9	0	5.26620370370369	5.23881577154198	330
EAST_POINT_(AUT)	2010	3	22	81	-0.5	2.5	7.23806664250399	-999.9	1.8	2.33796296296296	6.41652298643798	330
EAST_POINT_(AUT)	2010	3	23	82	0.6	1.9	4.81729557997431	-999.9	13.1	5.59027777777778	6.63519147487147	330
EAST_POINT_(AUT)	2010	3	24	83	0	4.3	8.85681671314221	-999.9	8.8	8.19444444444445	6.93602221949707	330
EAST_POINT_(AUT)	2010	3	25	84	-0.3	2.6	7.35184021262398	-999.9	5.5	9.375	5.90713915199733	330
EAST_POINT_(AUT)	2010	3	26	85	-5.4	3.1	12.7204269285763	-999.9	2.3	7.48842592592592	4.96443406125701	330
EAST_POINT_(AUT)	2010	3	27	86	-7	-5.2	5.91513857032571	-999.9	0	10.0694444444444	2.77904042398515	330
EAST_POINT_(AUT)	2010	3	28	87	-9.9	-0.9	13.363722045829	-999.9	2.3	4.45601851851853	2.88165119855388	330
EAST_POINT_(AUT)	2010	3	29	88	-2.2	3	10.2618635749052	-999.9	0	7.78935185185186	5.38887230369167	330
EAST_POINT_(AUT)	2010	3	30	89	2.4	8.3	11.0410322089409	-999.9	3.4	6.26157407407408	8.45248133573086	330
EAST_POINT_(AUT)	2010	3	31	90	1.6	5.8	9.40823195617297	-999.9	5.6	5.41666666666667	7.92426611091259	330
EAST_POINT_(AUT)	2010	4	1	91	1.6	6.7	10.4690832715983	-999.9	2.1	2.83564814814814	8.16643936509228	330
EAST_POINT_(AUT)	2010	4	2	92	1.6	5.8	9.59243421486321	-999.9	1.3	3.51851851851853	7.88427822473473	330
EAST_POINT_(AUT)	2010	4	3	93	3.6	16.8	17.1677011337843	-999.9	1.9	5.37037037037036	11.1208136722677	330
EAST_POINT_(AUT)	2010	4	4	94	3.4	19.2	18.9589844380659	-999.9	3.5	4.0625	10.5149467961589	330
EAST_POINT_(AUT)	2010	4	5	95	4.5	9	10.2116162473319	-999.9	1.1	5.76388888888889	7.52500635297999	330
EAST_POINT_(AUT)	2010	4	6	96	2.2	13.9	16.6158758365649	-999.9	5.4	6.35416666666667	8.73952688457906	330
EAST_POINT_(AUT)	2010	4	7	97	2.4	7.3	10.8495280136977	-999.9	8.2	4.23611111111111	8.09434749273563	330
EAST_POINT_(AUT)	2010	4	8	98	-1.1	5.1	12.3120857224677	-999.9	0.49	6.38888888888889	6.52781111596213	330
EAST_POINT_(AUT)	2010	4	9	99	-1.5	7.6	15.0459642587316	-999.9	2.7	5.99537037037036	6.78732885946834	330
EAST_POINT_(AUT)	2010	4	10	100	4.3	12.9	14.7520631006636	-999.9	1.4	9.1087962962963	9.85461584613964	330
EAST_POINT_(AUT)	2010	4	11	101	3.2	12.4	15.3865918265986	-999.9	0	6.43518518518519	6.8050970172924	330
EAST_POINT_(AUT)	2010	4	12	102	-1.3	6.5	14.2850482834651	-999.9	6.9	3.49537037037036	5.60435287877139	330
EAST_POINT_(AUT)	2010	4	13	103	-1.3	4.1	11.9827979589795	-999.9	0	5.64814814814814	5.83137964547193	330
EAST_POINT_(AUT)	2010	4	14	104	-3.7	4.2	14.6097592921161	-999.9	5.2	3.70370370370369	5.18532754007819	330
EAST_POINT_(AUT)	2010	4	15	105	0.9	4.4	9.80106071233341	-999.9	0.9	6.43518518518519	6.95140188791915	330
EAST_POINT_(AUT)	2010	4	16	106	-0.3	2.2	8.34757195580998	-999.9	0.7	12.2453703703704	5.96291274960754	330
EAST_POINT_(AUT)	2010	4	17	107	1.4	4.7	9.66362366034961	-999.9	0.6	7.37268518518519	7.14825505293654	330
EAST_POINT_(AUT)	2010	4	18	108	0.7	3.5	8.96802668305348	-999.9	23.6	5.625	6.95809478617147	330
EAST_POINT_(AUT)	2010	4	19	109	0.8	3.5	8.87108571051759	-999.9	0.8	10.9259259259259	7.13376626549569	330
EAST_POINT_(AUT)	2010	4	20	110	1.3	4.2	9.26004955593751	-999.9	0.6	6.06481481481481	7.42619085153414	330
EAST_POINT_(AUT)	2010	4	21	111	1.5	5.7	11.2227944010875	-999.9	0	5.34722222222222	7.30608371816538	330
EAST_POINT_(AUT)	2010	4	22	112	0.1	8.6	16.0764717491085	-999.9	9.1	2.29166666666667	7.27718547970596	330
EAST_POINT_(AUT)	2010	4	23	113	1.8	7.1	12.7810708066582	-999.9	1.9	4.76851851851853	7.58917821701707	330
EAST_POINT_(AUT)	2010	4	24	114	1.4	6.3	12.3713966440569	-999.9	0	5.45138888888889	7.60067974658932	330
EAST_POINT_(AUT)	2010	4	25	115	2.3	11.9	17.4297558399115	-999.9	4.6	3.85416666666667	9.1165780550782	330
EAST_POINT_(AUT)	2010	4	26	116	2.9	13.4	18.345485074483	-999.9	8.6	5.45138888888889	10.0958063539038	330
EAST_POINT_(AUT)	2010	4	27	117	3.5	4.9	6.74095701874663	-999.9	4.3	5.78703703703703	8.13882672142333	330
EAST_POINT_(AUT)	2010	4	28	118	2.4	5.1	9.41904349910246	-999.9	8.3	2.34953703703704	7.94001046734154	330
EAST_POINT_(AUT)	2010	4	29	119	2.7	7.9	13.1503898383858	-999.9	9	3.09027777777778	8.48709809375839	330
EAST_POINT_(AUT)	2010	4	30	120	2.7	6.4	11.1582162586887	-999.9	3.2	4.12037037037036	8.06133841276465	330
EAST_POINT_(AUT)	2010	5	1	121	1.3	7.5	14.5275340565216	-999.9	1.1	5.17361111111111	7.68672405648595	330
EAST_POINT_(AUT)	2010	5	2	122	1	11.5	19.0124597967484	-999.9	4.7	4.81481481481481	8.22106999695234	330
EAST_POINT_(AUT)	2010	5	3	123	7	16.4	18.0884315943864	-999.9	1.4	6.27314814814814	13.0346785839066	330
EAST_POINT_(AUT)	2010	5	4	124	3.9	12	16.8818023583964	-999.9	0	11.1226851851852	9.5554795625164	330
EAST_POINT_(AUT)	2010	5	5	125	3.3	6.2	10.1545545088745	-999.9	0	6.64351851851853	8.15682456323591	330
EAST_POINT_(AUT)	2010	5	6	126	2.3	12.4	19.0482314233772	-999.9	3.8	4.34027777777778	9.17653563329925	330
EAST_POINT_(AUT)	2010	5	7	127	6.3	10.4	12.1973301682734	-999.9	0.6	8.73842592592592	9.50515309603725	330
EAST_POINT_(AUT)	2010	5	8	128	5.8	8.4	9.76080078112617	-999.9	2.9	6.14583333333333	8.22180280152423	330
EAST_POINT_(AUT)	2010	5	9	129	6.5	12.8	15.2665981434574	-999.9	0	6.35416666666667	10.553008572969	330
EAST_POINT_(AUT)	2010	5	10	130	4.7	7.6	10.4061906316982	-999.9	1.5	4.36342592592592	8.91035444504142	330
EAST_POINT_(AUT)	2010	5	11	131	4.2	8.7	13.0216980338653	-999.9	1.4	3.51851851851853	8.87793100937915	330
EAST_POINT_(AUT)	2010	5	12	132	2.1	7.7	14.5905617585195	-999.9	3.4	6.64351851851853	7.77898330470697	330
EAST_POINT_(AUT)	2010	5	13	133	3.3	8.1	13.5663666143184	-999.9	2.2	5.10416666666667	7.97119522024221	330
EAST_POINT_(AUT)	2010	5	14	134	2.1	7.9	14.9751227237521	-999.9	0	5.98379629629631	7.4465093084043	330
EAST_POINT_(AUT)	2010	5	15	135	1	7.3	15.6707180377359	-999.9	3.9	4.20138888888889	7.31389899181342	330
EAST_POINT_(AUT)	2010	5	16	136	4.8	8.4	11.8927172604997	-999.9	0.7	10.2546296296296	8.37241339914837	330
EAST_POINT_(AUT)	2010	5	17	137	5.2	7.6	9.74755968431268	-999.9	0	8.4375	8.73249060958464	330
EAST_POINT_(AUT)	2010	5	18	138	5.1	14.6	19.4653383787024	-999.9	2.4	3.80787037037036	9.57293105223377	330
EAST_POINT_(AUT)	2010	5	19	139	8.7	18.2	19.5353626197658	-999.9	4.2	5.53240740740742	11.5744146859825	330
EAST_POINT_(AUT)	2010	5	20	140	7.4	12.7	14.6422218083681	-999.9	0.6	6.92129629629631	12.0034208807559	330
EAST_POINT_(AUT)	2010	5	21	141	0.5	8.4	17.9366782592217	-999.9	2	5.15046296296297	6.80664335209474	330
EAST_POINT_(AUT)	2010	5	22	142	2.5	18.1	25.2871826363706	-999.9	3.2	5.78703703703703	9.67542655800644	330
EAST_POINT_(AUT)	2010	5	23	143	9.1	26.9	27.0961917826153	-999.9	0	7.15277777777778	12.9946903088738	330
EAST_POINT_(AUT)	2010	5	24	144	7.5	21.6	24.189034945906	-999.9	1	6.13425925925925	12.4582626604677	330
EAST_POINT_(AUT)	2010	5	25	145	6.9	12.3	15.0129967280057	-999.9	16	4.83796296296297	10.1922991220646	330
EAST_POINT_(AUT)	2010	5	26	146	6.7	9.3	10.4464726974683	-999.9	3.9	6.70138888888889	10.0671398115192	330
EAST_POINT_(AUT)	2010	5	27	147	6.3	8.3	9.18674402743603	-999.9	0.7	10.2430555555556	9.33646788601163	330
EAST_POINT_(AUT)	2010	5	28	148	6.2	8.6	10.0894418850571	-999.9	0.6	8.32175925925925	9.77968821013582	330
EAST_POINT_(AUT)	2010	5	29	149	5.1	11	15.8581992334999	-999.9	4.4	5.24305555555556	9.48062430395392	330
EAST_POINT_(AUT)	2010	5	30	150	7.2	11.3	13.2506662700221	-999.9	2.8	5.13888888888889	10.6013071367446	330
EAST_POINT_(AUT)	2010	5	31	151	4.9	9.5	14.0667687444627	-999.9	2.4	9.52546296296297	9.24301038304183	330
EAST_POINT_(AUT)	2010	6	1	152	6.5	9.6	11.572249167339	-999.9	19.5	6.18055555555556	10.3030616839919	330
EAST_POINT_(AUT)	2010	6	2	153	7.8	13.7	15.9969214129685	-999.9	3.3	4.87268518518519	11.9380623532592	330
EAST_POINT_(AUT)	2010	6	3	154	7.8	11.3	12.3444004895477	-999.9	20.2	7.39583333333333	11.6476274069129	330
EAST_POINT_(AUT)	2010	6	4	155	7.3	12.4	14.9279048291852	-999.9	14.7	5.09259259259258	12.200894534057	330
EAST_POINT_(AUT)	2010	6	5	156	8.2	14.6	16.7507349372874	-999.9	27.1	6.50462962962964	13.2860510995974	330
EAST_POINT_(AUT)	2010	6	6	157	10.5	15.1	14.2234623820263	-999.9	57.8	3.14814814814814	14.841673753223	330
EAST_POINT_(AUT)	2010	6	7	158	8.1	13.9	15.9946765589277	-999.9	8.2	5.64814814814814	12.8447551248802	330
EAST_POINT_(AUT)	2010	6	8	159	4.4	12.9	19.3891420076678	-999.9	4.1	3.96990740740742	10.6981572370938	330
EAST_POINT_(AUT)	2010	6	9	160	4.3	11.4	17.7426571763109	-999.9	2.5	5.26620370370369	9.5485910609833	330
EAST_POINT_(AUT)	2010	6	10	161	6.1	20	24.8536409307506	-999.9	3.7	3.68055555555556	11.0681127174439	330
EAST_POINT_(AUT)	2010	6	11	162	10.1	21.7	22.7278102612695	-999.9	0.6	4.47916666666667	13.3471615470541	330
EAST_POINT_(AUT)	2010	6	12	163	9.5	16.2	17.2888019586269	-999.9	0	5.16203703703703	13.5012829701829	330
EAST_POINT_(AUT)	2010	6	13	164	7	18.2	22.3711539766851	-999.9	0	3.61111111111111	11.8163283399304	330
EAST_POINT_(AUT)	2010	6	14	165	11.1	13.5	10.3631053123251	-999.9	4.7	5.46296296296297	13.4229480207882	330
EAST_POINT_(AUT)	2010	6	15	166	7	12.7	15.9801085040003	-999.9	1.9	12.2453703703704	9.95564418065463	330
EAST_POINT_(AUT)	2010	6	16	167	10.4	18.9	19.5237348880725	-999.9	0	7.91666666666667	12.007167857996	330
EAST_POINT_(AUT)	2010	6	17	168	11.1	19.6	19.5311234335521	-999.9	0	3.96990740740742	13.9585165084356	330
EAST_POINT_(AUT)	2010	6	18	169	7.5	19.3	23.018462175446	-999.9	0	4.83796296296297	13.6923114257476	330
EAST_POINT_(AUT)	2010	6	19	170	7.3	18.3	22.2281047462634	-999.9	0	5.20833333333333	12.4793740141683	330
EAST_POINT_(AUT)	2010	6	20	171	13.8	22.5	19.7692314206909	-999.9	23.8	5.86805555555556	19.0696926840972	330
EAST_POINT_(AUT)	2010	6	21	172	9.2	17.3	19.0743626240289	-999.9	0	3.94675925925925	15.3156873401728	330
EAST_POINT_(AUT)	2010	6	22	173	9.9	15.9	16.4139774948589	-999.9	0	3.46064814814814	14.2295679436782	330
EAST_POINT_(AUT)	2010	6	23	174	12.9	18.5	15.8531742896175	-999.9	0	7.25694444444445	16.3487016164002	330
EAST_POINT_(AUT)	2010	6	24	175	12.8	18	15.2707807446429	-999.9	5.6	6.08796296296297	17.040076786386	330
EAST_POINT_(AUT)	2010	6	25	176	11.1	18	17.582264274489	-999.9	0	6.26157407407408	14.3562011126484	330
EAST_POINT_(AUT)	2010	6	26	177	11.3	21.6	21.4690533676358	-999.9	6.6	3.92361111111111	16.3964059024891	330
EAST_POINT_(AUT)	2010	6	27	178	12.8	16.6	13.0311707575661	-999.9	0	3.4375	12.7628637371706	330
EAST_POINT_(AUT)	2010	6	28	179	13	14.9	9.2070204667255	-999.9	7.4	4.79166666666667	15.8756283194736	330
EAST_POINT_(AUT)	2010	6	29	180	13.1	17	13.1788823478208	-999.9	1.9	3.31018518518519	17.0809115989206	330
EAST_POINT_(AUT)	2010	6	30	181	13	17.7	14.4528152533521	-999.9	0	4.69907407407408	16.91564323597	330
EAST_POINT_(AUT)	2010	7	1	182	10.4	17.2	17.364747421696	-999.9	1.1	3.29861111111111	14.0931243376056	330
EAST_POINT_(AUT)	2010	7	2	183	10.7	17.2	16.9564290930852	-999.9	2.6	3.10185185185186	14.9995932268657	330
EAST_POINT_(AUT)	2010	7	3	184	13.2	21.4	19.0196064209484	-999.9	0	5.11574074074075	16.9525390415462	330
EAST_POINT_(AUT)	2010	7	4	185	15.7	23.1	18.0418251045297	-999.9	0.8	5.63657407407408	18.3025515853206	330
EAST_POINT_(AUT)	2010	7	5	186	16.1	19.7	12.5643187933328	-999.9	2.2	4.07407407407408	19.2282080092205	330
EAST_POINT_(AUT)	2010	7	6	187	14.8	17.7	11.2580405030294	-999.9	4.8	4.90740740740742	18.2357720306273	330
EAST_POINT_(AUT)	2010	7	7	188	14.8	22.7	18.5483988233845	-999.9	0.7	3.54166666666667	20.6535390231	330
EAST_POINT_(AUT)	2010	7	8	189	17.6	26.9	20.0870573259851	-999.9	1.6	5.85648148148147	23.3420505755915	330
EAST_POINT_(AUT)	2010	7	9	190	18	29	21.8024837420243	-999.9	0.7	6.82870370370369	25.4165790322719	330
EAST_POINT_(AUT)	2010	7	10	191	19.5	24.4	14.5209554097582	-999.9	25.5	6.30787037037036	25.4635280246728	330
EAST_POINT_(AUT)	2010	7	11	192	18.1	21.6	12.2453541479478	-999.9	41.8	4.35185185185186	23.2933986888218	330
EAST_POINT_(AUT)	2010	7	12	193	17.6	23.5	15.8619314899087	-999.9	0.7	5.23148148148147	23.7751248544399	330
EAST_POINT_(AUT)	2010	7	13	194	17.5	24.1	16.7358289880753	-999.9	0	4.96527777777778	23.9362076429127	330
EAST_POINT_(AUT)	2010	7	14	195	18	20.9	11.0655196727154	-999.9	10.7	3.54166666666667	22.6747697828604	330
EAST_POINT_(AUT)	2010	7	15	196	13.9	20.8	17.0234335391279	-999.9	0	4.52546296296297	18.4900224093643	330
EAST_POINT_(AUT)	2010	7	16	197	16.4	24.3	18.1651121963349	-999.9	0	5.32407407407408	21.7188176522626	330
EAST_POINT_(AUT)	2010	7	17	198	18.5	26.1	17.7658201543729	-999.9	0	5.26620370370369	25.1895873972117	330
EAST_POINT_(AUT)	2010	7	18	199	18.5	27.4	19.1681087609257	-999.9	0	4.47916666666667	24.4371362476008	330
EAST_POINT_(AUT)	2010	7	19	200	19.1	23.8	13.886433511067	-999.9	0	3.65740740740742	22.3478222533613	330
EAST_POINT_(AUT)	2010	7	20	201	16.5	22.4	15.5087541700746	-999.9	3.5	2.43055555555556	21.3281293356977	330
EAST_POINT_(AUT)	2010	7	21	202	15.4	24.5	19.1969465152598	-999.9	0	2.04861111111111	21.2175913959159	330
EAST_POINT_(AUT)	2010	7	22	203	16.4	20.4	12.6839139131876	-999.9	7.2	5.78703703703703	20.0631010683952	330
EAST_POINT_(AUT)	2010	7	23	204	12.9	21.6	18.6399980455556	-999.9	1.7	6.18055555555556	17.8613008810053	330
EAST_POINT_(AUT)	2010	7	24	205	12.4	21.7	19.2017849133831	-999.9	0	2.61574074074074	16.9024716331278	330
EAST_POINT_(AUT)	2010	7	25	206	17.8	21.1	11.3951948024474	-999.9	3	5.70601851851853	21.726431439788	330
EAST_POINT_(AUT)	2010	7	26	207	15.8	21.2	14.5203440133752	-999.9	0	6.51620370370369	18.2291189309923	330
EAST_POINT_(AUT)	2010	7	27	208	12.6	19.3	16.1095372032518	-999.9	0	6.79398148148147	15.7678661835442	330
EAST_POINT_(AUT)	2010	7	28	209	13.8	24.9	20.6501394719768	-999.9	0	6.08796296296297	18.9245744507332	330
EAST_POINT_(AUT)	2010	7	29	210	18.7	22.6	12.1887631981742	-999.9	5.6	7.80092592592592	22.9721355807107	330
EAST_POINT_(AUT)	2010	7	30	211	16.8	21	12.5941137234586	-999.9	0	3.37962962962964	18.9650457562629	330
EAST_POINT_(AUT)	2010	7	31	212	11.6	20.6	18.3539451920873	-999.9	0	4.14351851851853	15.7004652036016	330
EAST_POINT_(AUT)	2010	8	1	213	12.2	20.6	17.650718691733	-999.9	0	2.70833333333333	15.6135144710911	330
EAST_POINT_(AUT)	2010	8	2	214	12.5	20.5	17.1447620139754	-999.9	0	2.74305555555556	16.2157941516476	330
EAST_POINT_(AUT)	2010	8	3	215	12.6	23.8	20.1886887371318	-999.9	0	3.37962962962964	18.3264905391415	330
EAST_POINT_(AUT)	2010	8	4	216	17.7	19.9	8.90372545872271	-999.9	7.9	5.42824074074075	21.0529920855248	330
EAST_POINT_(AUT)	2010	8	5	217	18.9	25.5	15.3441260547738	-999.9	0	5.79861111111111	25.7309590672458	330
EAST_POINT_(AUT)	2010	8	6	218	18.7	29.4	19.4365894565857	-999.9	7.5	4.90740740740742	26.5640934801249	330
EAST_POINT_(AUT)	2010	8	7	219	13.6	20.5	15.5259674801506	-999.9	0	6.27314814814814	14.0391668342727	330
EAST_POINT_(AUT)	2010	8	8	220	12.6	22.4	18.4035178111433	-999.9	0	5.75231481481481	16.2059836881849	330
EAST_POINT_(AUT)	2010	8	9	221	18.8	22	10.4583689449819	-999.9	0	6.73611111111111	20.7963193955645	330
EAST_POINT_(AUT)	2010	8	10	222	17.2	23.1	14.1209322107386	-999.9	0	3.78472222222222	21.77892804966	330
EAST_POINT_(AUT)	2010	8	11	223	16.2	21	12.6634883461668	-999.9	3.1	4.78009259259258	18.9532990688771	330
EAST_POINT_(AUT)	2010	8	12	224	11.2	21.6	18.5306865393457	-999.9	0	4.75694444444445	14.8176231787116	330
EAST_POINT_(AUT)	2010	8	13	225	11.2	22.7	19.3692293477869	-999.9	0	2.98611111111111	15.9607943472548	330
EAST_POINT_(AUT)	2010	8	14	226	11.7	23.6	19.5826611473027	-999.9	0	1.90972222222222	16.3355083067051	330
EAST_POINT_(AUT)	2010	8	15	227	14.3	24.7	18.1926380441173	-999.9	0	3.47222222222222	19.2702351312306	330
EAST_POINT_(AUT)	2010	8	16	228	13.4	24.4	18.5909617086325	-999.9	2.5	3.26388888888889	17.4668436830321	330
EAST_POINT_(AUT)	2010	8	17	229	17.9	24.4	14.1982288234308	-999.9	4.2	5.54398148148147	23.8893376171246	330
EAST_POINT_(AUT)	2010	8	18	230	16.9	24.8	15.5492070089014	-999.9	0	4.01620370370369	21.0230205890085	330
EAST_POINT_(AUT)	2010	8	19	231	18.8	24	12.5302161497637	-999.9	0	3.71527777777778	21.9981209157096	330
EAST_POINT_(AUT)	2010	8	20	232	19	24.1	12.3239212395121	-999.9	0	4.74537037037036	22.3770473049845	330
EAST_POINT_(AUT)	2010	8	21	233	13.9	20.2	13.6014604786386	-999.9	58.4	4.65277777777778	17.0574653401884	330
EAST_POINT_(AUT)	2010	8	22	234	17.1	21.7	11.5395774160425	-999.9	0	6.58564814814814	18.6418367846366	330
EAST_POINT_(AUT)	2010	8	23	235	16.5	20.8	11.0760520628257	-999.9	0	4.38657407407408	16.7356052043735	330
EAST_POINT_(AUT)	2010	8	24	236	15.4	20	11.371382818118	-999.9	6.9	2.53472222222222	18.3605012970072	330
EAST_POINT_(AUT)	2010	8	25	237	12.2	22.3	16.7233113556533	-999.9	0	3.72685185185186	16.266836926318	330
EAST_POINT_(AUT)	2010	8	26	238	17.4	22.2	11.4407065935144	-999.9	9.2	6.07638888888889	22.3088620540456	330
EAST_POINT_(AUT)	2010	8	27	239	14.5	22.6	14.7464879485774	-999.9	1.6	4.50231481481481	19.9215849248084	330
EAST_POINT_(AUT)	2010	8	28	240	14.9	22.2	13.8887902027683	-999.9	0	2.99768518518519	17.7698385782944	330
EAST_POINT_(AUT)	2010	8	29	241	14	23.4	15.633876296092	-999.9	4.8	4.16666666666667	18.3866110008158	330
EAST_POINT_(AUT)	2010	8	30	242	16.9	22.2	11.6434888575364	-999.9	0.7	3.87731481481481	20.2587252006371	330
EAST_POINT_(AUT)	2010	8	31	243	16.6	27.1	16.2526747107719	-999.9	0	4.78009259259258	23.3736816419201	330
EAST_POINT_(AUT)	2010	9	1	244	17.3	27	15.4897162669467	-999.9	0.86	3.76811594202897	24.068918459996	330
EAST_POINT_(AUT)	2010	9	2	245	17.7	29.8	17.152205166642	-999.9	0	4.97685185185186	23.7211843947604	330
EAST_POINT_(AUT)	2010	9	3	246	16.9	26.1	14.8263089021249	-999.9	0	3.19444444444444	22.0259621152908	330
EAST_POINT_(AUT)	2010	9	4	247	19.6	24.7	10.9415323450951	-999.9	14.2	10.1851851851852	25.5630024153708	330
EAST_POINT_(AUT)	2010	9	5	248	14.5	23.5	14.4048999226725	-999.9	0	6.875	16.2249221491273	330
EAST_POINT_(AUT)	2010	9	6	249	13	22	14.2740796972998	-999.9	0	4.56018518518519	15.227098767422	330
EAST_POINT_(AUT)	2010	9	7	250	13.5	18.4	10.4352936977514	-999.9	0.6	4.34027777777778	16.2850947896614	330
EAST_POINT_(AUT)	2010	9	8	251	11.2	16.9	11.1497651952171	-999.9	20.6	5.37037037037036	14.1616226463611	330
EAST_POINT_(AUT)	2010	9	9	252	14.3	22.1	12.9193045909197	-999.9	13.2	5.17361111111111	20.3724823264312	330
EAST_POINT_(AUT)	2010	9	10	253	13.6	18.7	10.3462359026846	-999.9	1.6	2.28009259259259	18.258549645817	330
EAST_POINT_(AUT)	2010	9	11	254	11.9	16.1	9.29756759140512	-999.9	4.9	10.6944444444444	15.0932152978314	330
EAST_POINT_(AUT)	2010	9	12	255	11.7	14.9	8.03543015784562	-999.9	0.8	9.07407407407408	12.4276228104447	330
EAST_POINT_(AUT)	2010	9	13	256	12.4	16	8.43756177699535	-999.9	0	3.64583333333333	12.383925570091	330
EAST_POINT_(AUT)	2010	9	14	257	12.5	16.9	9.23349004991808	-999.9	0	2.99768518518519	14.3232357839848	330
EAST_POINT_(AUT)	2010	9	15	258	9.7	17.9	12.4756367101714	-999.9	2.9	3.99305555555556	14.8786427433082	330
EAST_POINT_(AUT)	2010	9	16	259	9.6	16.9	11.6486626918656	-999.9	8.4	6.23842592592592	14.7278511969538	330
EAST_POINT_(AUT)	2010	9	17	260	11.2	15.3	8.63790118372282	-999.9	55.4	6.43518518518519	14.8556416628709	330
EAST_POINT_(AUT)	2010	9	18	261	11.9	16.8	9.34241325852942	-999.9	0	4.34027777777778	14.2267115824381	330
EAST_POINT_(AUT)	2010	9	19	262	13	17.5	8.85636229729705	-999.9	0	4.25925925925925	15.3455534833008	330
EAST_POINT_(AUT)	2010	9	20	263	13.1	15.4	6.26245749731856	-999.9	0	6.95601851851853	14.6327012581124	330
EAST_POINT_(AUT)	2010	9	21	264	11.3	13.8	6.45693870568406	-999.9	0	13.6458333333333	10.961841786423	330
EAST_POINT_(AUT)	2010	9	22	265	11.3	21.6	12.9597160036004	-999.9	0	5.86805555555556	14.8337216234684	330
EAST_POINT_(AUT)	2010	9	23	266	11.7	16.2	8.46931343554271	-999.9	0	8.42592592592592	12.0304361190956	330
EAST_POINT_(AUT)	2010	9	24	267	8.7	13.8	8.91327808309766	-999.9	5.4	4.46759259259258	10.0555831108712	330
EAST_POINT_(AUT)	2010	9	25	268	10.8	15.1	8.08989492285374	-999.9	6.9	3.68055555555556	14.7365020441506	330
EAST_POINT_(AUT)	2010	9	26	269	6.4	13.4	10.2014144384141	-999.9	0	8.72685185185186	9.59844526079515	330
EAST_POINT_(AUT)	2010	9	27	270	5.3	16.2	12.5798188612305	-999.9	0	4.02777777777778	10.453255687443	330
EAST_POINT_(AUT)	2010	9	28	271	13	19.5	9.59876363231988	-999.9	2.2	6.05324074074075	18.173745595149	330
EAST_POINT_(AUT)	2010	9	29	272	17.4	23.6	9.26190606513716	-999.9	0	6.55092592592592	22.8117401461584	330
EAST_POINT_(AUT)	2010	9	30	273	16.6	22.1	8.6174937175549	-999.9	0	4.21296296296297	20.9791348243685	330
EAST_POINT_(AUT)	2010	10	1	274	17.1	22.7	8.58892409366229	-999.9	0	6.71296296296297	21.7379129666968	330
EAST_POINT_(AUT)	2010	10	2	275	12.3	20.2	10.0752147571665	-999.9	27.6	8.25231481481481	17.6697808068876	330
EAST_POINT_(AUT)	2010	10	3	276	7.5	14.7	9.4984963717109	-999.9	0	5.52083333333333	10.9568053705988	330
EAST_POINT_(AUT)	2010	10	4	277	6.6	14.1	9.57237973705002	-999.9	0	4.20138888888889	10.1993166413384	330
EAST_POINT_(AUT)	2010	10	5	278	6.2	15.4	10.4673744639785	-999.9	0	2.90509259259258	11.1523070009112	330
EAST_POINT_(AUT)	2010	10	6	279	11.8	13.6	4.57077316733766	-999.9	0	6.12268518518519	11.7834956532351	330
EAST_POINT_(AUT)	2010	10	7	280	8.7	17.3	9.86207746298219	-999.9	9.2	9.13194444444444	13.4708670896785	330
EAST_POINT_(AUT)	2010	10	8	281	8.1	11.3	5.93768829745225	-999.9	2	8.53009259259258	9.36478814204314	330
EAST_POINT_(AUT)	2010	10	9	282	5.4	10.2	7.17703443488934	-999.9	2.4	10.7523148148148	7.75701364625652	330
EAST_POINT_(AUT)	2010	10	10	283	4.8	9.1	6.70348785673477	-999.9	7.5	5.83333333333333	8.55125383115756	330
EAST_POINT_(AUT)	2010	10	11	284	4.8	9.4	6.84146895246645	-999.9	2.7	5.08101851851853	8.73249999812814	330
EAST_POINT_(AUT)	2010	10	12	285	4.4	13.3	9.38928457129678	-999.9	0	4.16666666666667	9.4841793770915	330
EAST_POINT_(AUT)	2010	10	13	286	6.3	11.4	7.01220298375231	-999.9	0	7.09490740740742	9.63207151023529	330
EAST_POINT_(AUT)	2010	10	14	287	5.5	11.3	7.37703476168837	-999.9	0	4.67592592592592	8.45824880064645	330
EAST_POINT_(AUT)	2010	10	15	288	9.4	12.9	5.65286534417639	-999.9	8	10.2777777777778	11.2134111570332	330
EAST_POINT_(AUT)	2010	10	16	289	10.5	13.8	5.41412894387036	-999.9	8.3	4.23611111111111	14.1315710303755	330
EAST_POINT_(AUT)	2010	10	17	290	6.6	10.8	6.02428436885786	-999.9	14.4	9.97685185185186	10.8158228468287	330
EAST_POINT_(AUT)	2010	10	18	291	4.5	10.4	7.0419065977416	-999.9	0	6.97916666666667	8.01622725188153	330
EAST_POINT_(AUT)	2010	10	19	292	2.4	9.5	7.61821547061234	-999.9	0	5.625	6.46386844244593	330
EAST_POINT_(AUT)	2010	10	20	293	1.3	11.8	9.1360228157083	-999.9	0	4.66435185185186	6.97769085530583	330
EAST_POINT_(AUT)	2010	10	21	294	9.3	12.5	4.97344044319676	-999.9	0.7	4.86111111111111	11.5104175890962	330
EAST_POINT_(AUT)	2010	10	22	295	4.4	10.9	6.98942428311056	-999.9	2.7	7.66203703703703	8.69371444272306	330
EAST_POINT_(AUT)	2010	10	23	296	4	8	5.4063409337049	-999.9	6.4	11.0648148148148	8.52197667533126	330
EAST_POINT_(AUT)	2010	10	24	297	2.6	8.6	6.52869390465229	-999.9	0	10.2430555555556	7.14732250611455	330
EAST_POINT_(AUT)	2010	10	25	298	0.8	9	7.52533995966544	-999.9	0.6	2.85879629629631	6.84739024351885	330
EAST_POINT_(AUT)	2010	10	26	299	8.5	9.9	3.06581417775443	-999.9	7.5	5.11574074074075	11.2214107798501	330
EAST_POINT_(AUT)	2010	10	27	300	9.1	15.6	6.51325573262008	-999.9	10.3	7.24537037037036	13.9813428652505	330
EAST_POINT_(AUT)	2010	10	28	301	11.4	17.3	6.11824924233014	-999.9	5.1	4.32870370370369	16.1139984542039	330
EAST_POINT_(AUT)	2010	10	29	302	8	11.7	4.77710663014676	-999.9	0.6	2.69675925925926	11.5834506868713	330
EAST_POINT_(AUT)	2010	10	30	303	0.5	8.3	6.83881321147834	-999.9	0.7	6.51620370370369	6.97265679440802	330
EAST_POINT_(AUT)	2010	10	31	304	-0.5	6	6.15558442255343	-999.9	0	4.31712962962964	5.59387597195562	330
EAST_POINT_(AUT)	2010	11	1	305	3	6.6	4.5170645875463	-999.9	2.3	10.3819444444444	7.36489984835864	330
EAST_POINT_(AUT)	2010	11	2	306	1.4	4.2	3.92819762543246	-999.9	0.7	9.7584541062802	6.07853263805574	330
EAST_POINT_(AUT)	2010	11	3	307	0.1	3.7	4.39233363943621	-999.9	0	3.72685185185186	5.57781733573995	330
EAST_POINT_(AUT)	2010	11	4	308	1	10.2	6.92455724513777	-999.9	0	4.88425925925925	7.43656452446637	330
EAST_POINT_(AUT)	2010	11	5	309	10.2	15.2	5.03460341267637	-999.9	5	11.412037037037	14.1057904170114	330
EAST_POINT_(AUT)	2010	11	6	310	9	14.8	5.34821117014769	-999.9	30.9	5.55555555555556	13.8840869040063	330
EAST_POINT_(AUT)	2010	11	7	311	10.8	14.2	4.03909892030758	-999.9	11.1	7.38425925925925	14.4797452569525	330
EAST_POINT_(AUT)	2010	11	8	312	8.1	11.9	4.21238131897735	-999.9	1.5	6.36574074074075	12.3291573899535	330
EAST_POINT_(AUT)	2010	11	9	313	7	8.6	2.69669205258286	-999.9	2	11.5277777777778	10.5596333026951	330
EAST_POINT_(AUT)	2010	11	10	314	5.4	7.2	2.82222798856256	-999.9	0	16.3773148148148	8.34091066746185	330
EAST_POINT_(AUT)	2010	11	11	315	4.7	6.1	2.45616635484398	-999.9	0	11.8171296296296	7.48412423776525	330
EAST_POINT_(AUT)	2010	11	12	316	2.8	9	5.10135436510063	-999.9	0	3.85416666666667	7.3518828329623	330
EAST_POINT_(AUT)	2010	11	13	317	2.2	14.1	6.97624291873867	-999.9	0	3.27546296296297	8.69904540273278	330
EAST_POINT_(AUT)	2010	11	14	318	3.6	7	3.68140246213956	-999.9	0	7.70833333333333	6.83962450682769	330
EAST_POINT_(AUT)	2010	11	15	319	1.5	7	4.62330899800975	-999.9	0	4.28240740740742	6.67368869716554	330
EAST_POINT_(AUT)	2010	11	16	320	6.6	8.7	2.82134229896178	-999.9	6.3	4.67592592592592	9.63916138515373	330
EAST_POINT_(AUT)	2010	11	17	321	8.1	12.3	3.94118682795939	-999.9	11.5	5.19675925925925	12.495296260975	330
EAST_POINT_(AUT)	2010	11	18	322	3.4	11.5	5.40739049396874	-999.9	0.7	8.20601851851853	8.7840152516559	330
EAST_POINT_(AUT)	2010	11	19	323	-2.4	4	4.74973754135194	-999.9	0.7	8.75	4.97518172654948	330
EAST_POINT_(AUT)	2010	11	20	324	-4.5	0.4	4.10779353064017	-999.9	4.3	6.41203703703703	4.28212374387934	330
EAST_POINT_(AUT)	2010	11	21	325	-2.4	0.7	3.23015900836959	-999.9	0.7	12.9513888888889	4.47604466621275	330
EAST_POINT_(AUT)	2010	11	22	326	-2.8	1.5	3.76197873672983	-999.9	0	5.09259259259258	4.29167541305357	330
EAST_POINT_(AUT)	2010	11	23	327	-2	2.7	3.89028734028055	-999.9	0	3.69212962962964	5.3362208889023	330
EAST_POINT_(AUT)	2010	11	24	328	1.2	5.2	3.55083090158142	-999.9	11.1	5.17361111111111	7.17008258312949	330
EAST_POINT_(AUT)	2010	11	25	329	4	5.4	2.07899216975468	-999.9	0	9.95370370370369	7.88555667611527	330
EAST_POINT_(AUT)	2010	11	26	330	0.8	5.6	3.81087633354627	-999.9	7.2	5.82175925925925	7.21190002304904	330
EAST_POINT_(AUT)	2010	11	27	331	1	4.3	3.12901820639563	-999.9	1.3	4.15509259259258	6.12865892217615	330
EAST_POINT_(AUT)	2010	11	28	332	-1.2	2.7	3.36950926588704	-999.9	0.6	6.49305555555556	5.72579465588184	330
EAST_POINT_(AUT)	2010	11	29	333	-0.5	2.9	3.11744060668727	-999.9	1.3	5.56712962962964	6.29202357266571	330
EAST_POINT_(AUT)	2010	11	30	334	1.1	3	2.30996698556266	-999.9	0	7.14120370370369	6.01210327612336	330
EAST_POINT_(AUT)	2010	12	1	335	1.4	7.3	4.03622817999899	-999.9	0	6.86342592592592	7.95974977433928	330
EAST_POINT_(AUT)	2010	12	2	336	6.1	8.3	2.44476310557576	-999.9	0	6.18055555555556	9.69347433734181	330
EAST_POINT_(AUT)	2010	12	3	337	6.1	7.6	2.00311652089161	-999.9	0	4.62962962962964	9.84993803151029	330
EAST_POINT_(AUT)	2010	12	4	338	6.5	9.8	2.94928240114047	-999.9	1.5	8.96990740740742	10.0639583843331	330
EAST_POINT_(AUT)	2010	12	5	339	5.6	8.3	2.64915798032188	-999.9	0.6	4.36342592592592	9.57405085802151	330
EAST_POINT_(AUT)	2010	12	6	340	5.1	9.2	3.24306927155175	-999.9	1.6	11.4583333333333	8.50356955239849	330
EAST_POINT_(AUT)	2010	12	7	341	3.1	6.9	3.10291537677228	-999.9	0	7.82407407407408	7.11433658925489	330
EAST_POINT_(AUT)	2010	12	8	342	-3.3	3.8	4.21696749390704	-999.9	0	4.25925925925925	5.24543970410127	330
EAST_POINT_(AUT)	2010	12	9	343	-5.3	-0.7	3.37617884818245	-999.9	0.7	5.10416666666667	3.6404698390009	330
EAST_POINT_(AUT)	2010	12	10	344	-6.3	0.1	3.96275893555476	-999.9	4.6	7.07175925925925	4.21806633325656	330
EAST_POINT_(AUT)	2010	12	11	345	-7.7	1.6	4.75553003635268	-999.9	0	4.23611111111111	3.98191976247579	330
EAST_POINT_(AUT)	2010	12	12	346	-0.5	3.6	3.14478202935555	-999.9	0	5.06944444444445	5.24401241706461	330
EAST_POINT_(AUT)	2010	12	13	347	3	11.3	4.45833497492963	-999.9	0.6	11.0532407407407	9.27275800266542	330
EAST_POINT_(AUT)	2010	12	14	348	7.2	11.6	3.2358703472937	-999.9	43	11.5740740740741	11.4476122591056	330
EAST_POINT_(AUT)	2010	12	15	349	0.5	8.3	4.29676167936059	-999.9	6.3	9.15509259259258	8.25027714077294	330
EAST_POINT_(AUT)	2010	12	16	350	-0.3	5.6	3.72862691441631	-999.9	0	2.53472222222222	7.02280976796477	330
EAST_POINT_(AUT)	2010	12	17	351	-2	1.1	2.69795018383284	-999.9	1.3	3.87731481481481	5.28197326585127	330
EAST_POINT_(AUT)	2010	12	18	352	-0.7	2	2.51459158754786	-999.9	0	10.4282407407407	5.34294046574667	330
EAST_POINT_(AUT)	2010	12	19	353	-2	-0.3	1.99363539533817	-999.9	0	5.39351851851853	4.98083379623993	330
EAST_POINT_(AUT)	2010	12	20	354	-1	6.3	4.12973492887291	-999.9	1.5	5.68287037037036	6.91104091224119	330
EAST_POINT_(AUT)	2010	12	21	355	3.9	4.8	1.45019207333723	-999.9	5	20.3703703703704	7.92824680689466	330
EAST_POINT_(AUT)	2010	12	22	356	4.1	5.3	1.67549239809765	-999.9	3.4	15.162037037037	8.13220373443438	330
EAST_POINT_(AUT)	2010	12	23	357	3.5	4.9	1.81162021999731	-999.9	3.1	16.1111111111111	7.82128131923039	330
EAST_POINT_(AUT)	2010	12	24	358	1.2	3.6	2.37554469213581	-999.9	0.6	14.5833333333333	6.69218460398794	330
EAST_POINT_(AUT)	2010	12	25	359	-0.2	2.6	2.5709480349425	-999.9	0.6	12.1990740740741	6.28644553758356	330
EAST_POINT_(AUT)	2010	12	26	360	2.2	3.4	1.68718493599533	-999.9	0	5.96064814814814	6.86336375541787	330
EAST_POINT_(AUT)	2010	12	27	361	0.8	6.6	3.72000462230722	-999.9	28.4	8.48379629629631	7.75431759465669	330
EAST_POINT_(AUT)	2010	12	28	362	1.2	5.3	3.13817193610101	-999.9	7.7	8.22916666666667	7.71662634087358	330
EAST_POINT_(AUT)	2010	12	29	363	0.2	1.3	1.63167020353109	-999.9	0	14.2476851851852	5.81250806288052	330
EAST_POINT_(AUT)	2010	12	30	364	-0.7	1	2.03706735801118	-999.9	0	11.9907407407407	4.99738366879001	330
EAST_POINT_(AUT)	2010	12	31	365	0.5	2.2	2.04663983922878	-999.9	0	9.05092592592592	5.76913299229367	330
