HARRINGTON_CDA_CS	2002	1	1	1	-8.1	-6.1	2.87320075712752	-999.9	0.2	5.27777777777778	2.16990292039343	330
HARRINGTON_CDA_CS	2002	1	2	2	-9.8	-4.6	3.72987976759019	-999.9	0	5.81018518518519	2.46031341331062	330
HARRINGTON_CDA_CS	2002	1	3	3	-7.7	-2.2	3.8197699475317	-999.9	0.4	4.69907407407408	2.65931958289573	330
HARRINGTON_CDA_CS	2002	1	4	4	-13.5	-7.5	2.38822813995488	-999.9	0	5.94202898550725	1.64262804440954	330
HARRINGTON_CDA_CS	2002	1	5	5	-14	-6.5	4.94362397895318	-999.9	0	3.03240740740742	1.64345197731704	330
HARRINGTON_CDA_CS	2002	1	6	6	-10.7	1.5	5.65594355246276	-999.9	7.2	3.41435185185186	3.51091278103227	330
HARRINGTON_CDA_CS	2002	1	7	7	-0.2	1.5	1.16326047314808	-999.9	12	5.71759259259258	5.49658591206869	330
HARRINGTON_CDA_CS	2002	1	8	8	-5.1	-3.4	1.7391168014881	-999.9	1.4	6.26811594202897	3.68359376990371	330
HARRINGTON_CDA_CS	2002	1	9	9	-8.7	0.6	5.33988095262432	-999.9	1.6	4.40972222222222	4.94183215829757	330
HARRINGTON_CDA_CS	2002	1	10	10	-3.6	1.2	2.61270530663335	-999.9	2.8	3.56481481481481	5.66660232209133	330
HARRINGTON_CDA_CS	2002	1	11	11	-2.7	0.7	3.15222267524899	-999.9	0.8	2.7662037037037	4.90893031219531	330
HARRINGTON_CDA_CS	2002	1	12	12	-3.9	-1.2	2.83524194302384	-999.9	0	3.99305555555556	3.61797101137454	330
HARRINGTON_CDA_CS	2002	1	13	13	-10.5	2.4	6.25710946081197	-999.9	24.2	6.05324074074075	3.85165566255426	330
HARRINGTON_CDA_CS	2002	1	14	14	-4.1	-1.9	2.60973227996033	-999.9	0	8.54166666666667	3.72290219428037	330
HARRINGTON_CDA_CS	2002	1	15	15	-10.9	-2.5	5.15181430459339	-999.9	15.6	3.02083333333333	3.15648018330132	330
HARRINGTON_CDA_CS	2002	1	16	16	-5.1	-3.7	2.12542526049291	-999.9	3.6	6.77083333333333	3.55312284206708	330
HARRINGTON_CDA_CS	2002	1	17	17	-13	-2.7	5.82749721335805	-999.9	5.6	2.61574074074074	3.09092539715869	330
HARRINGTON_CDA_CS	2002	1	18	18	-9	-3.5	4.30568105292396	-999.9	1	2.75462962962963	3.59651649698354	330
HARRINGTON_CDA_CS	2002	1	19	19	-10.3	-6.2	3.75975809360735	-999.9	1.6	3.13657407407408	2.66291687575673	330
HARRINGTON_CDA_CS	2002	1	20	20	-13.5	-3.6	5.91014925154243	-999.9	0.6	2.66203703703704	3.38385457178572	330
HARRINGTON_CDA_CS	2002	1	21	21	-11	-0.5	6.15869633979567	-999.9	22	2.8125	3.72923460326465	330
HARRINGTON_CDA_CS	2002	1	22	22	-3.9	-1.2	3.16071066083073	-999.9	1.6	8.20601851851853	3.85430602779877	330
HARRINGTON_CDA_CS	2002	1	23	23	-12.4	2.7	7.56642115840569	-999.9	0.8	5.55555555555556	3.45023141527196	330
HARRINGTON_CDA_CS	2002	1	24	24	-6.3	-0.3	4.82905738419843	-999.9	9.2	3.125	5.27124733327814	330
HARRINGTON_CDA_CS	2002	1	25	25	-5.9	-4.9	1.9964207401393	-999.9	1.4	4.01620370370369	3.06126752161842	330
HARRINGTON_CDA_CS	2002	1	26	26	-11.1	-8	3.56019700042427	-999.9	2.2	3.29861111111111	2.66016212804568	330
HARRINGTON_CDA_CS	2002	1	27	27	-14.1	-6	5.82972118197743	-999.9	1	3.21759259259258	2.21254586273924	330
HARRINGTON_CDA_CS	2002	1	28	28	-10.9	0.8	7.098662743715	-999.9	0	4.40972222222222	4.06456790887205	330
HARRINGTON_CDA_CS	2002	1	29	29	-3.9	-3.4	1.48699164857136	-999.9	1.6	3.19444444444444	4.29135320005059	330
HARRINGTON_CDA_CS	2002	1	30	30	-7.7	-6.9	1.90618661620159	-999.9	1.6	3.63425925925925	2.53946364256163	330
HARRINGTON_CDA_CS	2002	1	31	31	-16.6	-13.5	3.80321280236298	-999.9	0	4.78009259259258	1.17987361462771	330
HARRINGTON_CDA_CS	2002	2	1	32	-18.5	-4.3	8.25109018031918	-999.9	10.9	2.80092592592592	2.27423515100061	330
HARRINGTON_CDA_CS	2002	2	2	33	-11.7	-7.3	4.65623142050777	-999.9	0	8.19444444444444	2.62472836865382	330
HARRINGTON_CDA_CS	2002	2	3	34	-16.6	-12	4.82689228370147	-999.9	0	4.21296296296297	1.43345749198231	330
HARRINGTON_CDA_CS	2002	2	4	35	-17	-4.3	8.13216670584728	-999.9	0	4.6875	2.12987499536758	330
HARRINGTON_CDA_CS	2002	2	5	36	-9.1	-7.5	2.92692303511435	-999.9	0	9.13194444444444	2.0705458956138	330
HARRINGTON_CDA_CS	2002	2	6	37	-14.8	-11.2	4.45222051119097	-999.9	0	7.30324074074075	1.30730762325707	330
HARRINGTON_CDA_CS	2002	2	7	38	-20.7	-8.1	8.4471095465777	-999.9	1.6	3.57638888888889	1.26054257875831	330
HARRINGTON_CDA_CS	2002	2	8	39	-14.9	-4.4	7.82049972554018	-999.9	5.9	3.21759259259258	2.9144292889932	330
HARRINGTON_CDA_CS	2002	2	9	40	-17.8	-11.5	6.14388430306644	-999.9	0	6.05324074074075	1.52163763416651	330
HARRINGTON_CDA_CS	2002	2	10	41	-14.9	4	10.7931667904345	-999.9	14	5.15046296296297	2.17907885155672	330
HARRINGTON_CDA_CS	2002	2	11	42	-10	4.7	9.65452166144938	-999.9	6.8	11.0648148148148	3.21828814504391	330
HARRINGTON_CDA_CS	2002	2	12	43	-21.1	-1	11.4506397616807	-999.9	0.6	5.65972222222222	1.99340536332255	330
HARRINGTON_CDA_CS	2002	2	13	44	-14.6	0.9	10.1990442140204	-999.9	0	5.99537037037036	3.12799937972202	330
HARRINGTON_CDA_CS	2002	2	14	45	-18.3	-2.7	10.378078596108	-999.9	0	5.52083333333333	1.21464598918304	330
HARRINGTON_CDA_CS	2002	2	15	46	-14.2	4	11.3696597844239	-999.9	0	6.70138888888889	3.36200867618385	330
HARRINGTON_CDA_CS	2002	2	16	47	1.8	3.5	3.52441066650789	-999.9	3.3	5.30092592592592	5.37623290460798	330
HARRINGTON_CDA_CS	2002	2	17	48	-1.6	1	4.42068233702424	-999.9	0	3.29861111111111	4.0792563456013	330
HARRINGTON_CDA_CS	2002	2	18	49	-7.6	-5.6	3.93229240708372	-999.9	0	8.80787037037036	2.43557483691865	330
HARRINGTON_CDA_CS	2002	2	19	50	-9	-5.7	5.1227233319335	-999.9	0	7.54629629629631	2.45435802686995	330
HARRINGTON_CDA_CS	2002	2	20	51	-9.8	-2.3	7.8319535903134	-999.9	0	2.98611111111111	2.59435069947843	330
HARRINGTON_CDA_CS	2002	2	21	52	-5.6	2.7	8.35514601476291	-999.9	22.7	5.97222222222222	3.70118882892769	330
HARRINGTON_CDA_CS	2002	2	22	53	0.3	3.5	5.26069535419271	-999.9	0.6	5.20531400966183	4.85785023648828	330
HARRINGTON_CDA_CS	2002	2	23	54	-5.7	-2.3	5.4983981236197	-999.9	0	3.57638888888889	2.60940964147125	330
HARRINGTON_CDA_CS	2002	2	24	55	-9.4	-3.7	7.21831705520301	-999.9	0	2.96296296296297	2.47567646163698	330
HARRINGTON_CDA_CS	2002	2	25	56	-6.3	0	7.69381573346823	-999.9	1.4	1.2037037037037	2.99813072640745	330
HARRINGTON_CDA_CS	2002	2	26	57	-4.2	5	9.42556956285844	-999.9	0	5.19675925925925	5.46808055976881	330
HARRINGTON_CDA_CS	2002	2	27	58	1	6.9	7.65154600609404	-999.9	13	8.05555555555556	7.46408508557716	330
HARRINGTON_CDA_CS	2002	2	28	59	0.1	3.1	5.53042906772554	-999.9	0.6	9.63768115942028	4.1559825488571	330
HARRINGTON_CDA_CS	2002	3	1	60	-8.1	-0.9	8.6836687928373	-999.9	0	3.64583333333333	2.90050851574224	330
HARRINGTON_CDA_CS	2002	3	2	61	-5.2	-0.2	7.33369695470317	-999.9	0	3.04398148148147	3.44244699301971	330
HARRINGTON_CDA_CS	2002	3	3	62	-6.4	7.8	12.52401781745	-999.9	4.7	8.24074074074075	6.22705875419044	330
HARRINGTON_CDA_CS	2002	3	4	63	2.6	4	3.98459491326648	-999.9	0	5.68287037037036	4.5654430867936	330
HARRINGTON_CDA_CS	2002	3	5	64	-10.5	-7.6	5.81028597156045	-999.9	0	6.00694444444444	1.64382792931365	330
HARRINGTON_CDA_CS	2002	3	6	65	-10.4	-1.4	10.3694202110854	-999.9	0	3.90046296296297	2.56448180656472	330
HARRINGTON_CDA_CS	2002	3	7	66	-6.5	0.9	9.52442754256852	-999.9	0.8	2.58101851851852	3.75327312978684	330
HARRINGTON_CDA_CS	2002	3	8	67	-7.3	-5	5.37812184329689	-999.9	1.1	4.56018518518519	2.26985108496034	330
HARRINGTON_CDA_CS	2002	3	9	68	-7.5	6	13.1956279309252	-999.9	10.8	3.95833333333333	4.36577642708296	330
HARRINGTON_CDA_CS	2002	3	10	69	-0.2	10.9	12.1163781248435	-999.9	4.8	7.97453703703703	8.3305508298419	330
HARRINGTON_CDA_CS	2002	3	11	70	-9.3	-3.4	8.94409027219241	-999.9	0	8.32175925925925	1.79672572545278	330
HARRINGTON_CDA_CS	2002	3	12	71	-7.4	2.3	11.6103314122053	-999.9	0	4.29398148148147	3.09367555864906	330
HARRINGTON_CDA_CS	2002	3	13	72	-4.9	5	11.8733640415783	-999.9	1.7	3.59953703703703	4.93996673287129	330
HARRINGTON_CDA_CS	2002	3	14	73	0.8	9.2	11.0698386548763	-999.9	0	5.83333333333333	5.49954099875036	330
HARRINGTON_CDA_CS	2002	3	15	74	-8	-4.9	6.80573767801496	-999.9	3.7	4.75694444444444	2.19840749112817	330
HARRINGTON_CDA_CS	2002	3	16	75	-6.5	-4.8	5.09985767264762	-999.9	0	5.40509259259258	3.34701267577523	330
HARRINGTON_CDA_CS	2002	3	17	76	-6.2	-3.6	6.38124412760947	-999.9	0.6	6.64351851851853	2.6645063055959	330
HARRINGTON_CDA_CS	2002	3	18	77	-5.8	-3.5	6.07173663280004	-999.9	0	4.80324074074075	3.06050892397969	330
HARRINGTON_CDA_CS	2002	3	19	78	-6.3	-3.4	6.89640858011547	-999.9	0	4.67592592592592	2.95328909589316	330
HARRINGTON_CDA_CS	2002	3	20	79	-9.1	1.6	13.3978458454491	-999.9	8.5	2.69675925925926	3.01025932881877	330
HARRINGTON_CDA_CS	2002	3	21	80	-3.2	0.4	7.85881529134614	-999.9	7.7	4.21296296296297	4.96948392466092	330
HARRINGTON_CDA_CS	2002	3	22	81	-4.9	0.1	9.36476263289893	-999.9	0	6.92129629629631	3.37393078544384	330
HARRINGTON_CDA_CS	2002	3	23	82	-12.7	-2.3	13.6545432271872	-999.9	2	8.98148148148147	2.37678722751333	330
HARRINGTON_CDA_CS	2002	3	24	83	-4.8	-0.4	8.97796715481198	-999.9	0	7.89351851851853	2.60708224157651	330
HARRINGTON_CDA_CS	2002	3	25	84	-10.7	-1.9	12.8329435331086	-999.9	0	6.30787037037036	2.0113161233837	330
HARRINGTON_CDA_CS	2002	3	26	85	-9.1	0.6	13.6158859410885	-999.9	5	2.98611111111111	2.84135901982275	330
HARRINGTON_CDA_CS	2002	3	27	86	-3.2	7.8	14.6511944800549	-999.9	21.5	7.02546296296297	6.78995798520731	330
HARRINGTON_CDA_CS	2002	3	28	87	-1.5	0	5.46613451403383	-999.9	0	3.51851851851853	5.69608408994343	330
HARRINGTON_CDA_CS	2002	3	29	88	-2.2	4	11.2261199249433	-999.9	0	3.85416666666667	5.35752998231124	330
HARRINGTON_CDA_CS	2002	3	30	89	-2.4	5.8	13.0400993432831	-999.9	5.7	5.85648148148147	5.55993123358464	330
HARRINGTON_CDA_CS	2002	3	31	90	1.6	10.2	13.4866536734608	-999.9	0	2.74305555555556	8.21452447615344	330
HARRINGTON_CDA_CS	2002	4	1	91	3.2	7.9	10.0675936431864	-999.9	16.7	5.68287037037036	8.80127622445012	330
HARRINGTON_CDA_CS	2002	4	2	92	2.3	9.2	12.3158318877978	-999.9	0	9.24768518518519	6.31160864683415	330
HARRINGTON_CDA_CS	2002	4	3	93	1.3	10.3	14.1991896132493	-999.9	7.8	5.3125	7.53451417183611	330
HARRINGTON_CDA_CS	2002	4	4	94	3.1	6.2	8.41137242824376	-999.9	0.6	6.65509259259258	6.38340615078703	330
HARRINGTON_CDA_CS	2002	4	5	95	-1.3	2.9	9.88086543788071	-999.9	0	3.99305555555556	4.37102368116004	330
HARRINGTON_CDA_CS	2002	4	6	96	-2.7	1.3	9.73027897132787	-999.9	0	5.9375	4.50958090153533	330
HARRINGTON_CDA_CS	2002	4	7	97	-2.5	1.3	9.56869527203747	-999.9	0	5.09259259259258	3.8222403891255	330
HARRINGTON_CDA_CS	2002	4	8	98	-4.5	6.8	16.6458704646286	-999.9	0	4.39814814814814	4.30885931052768	330
HARRINGTON_CDA_CS	2002	4	9	99	1.6	10	14.4761844385922	-999.9	4.9	8.76157407407408	7.07955311238396	330
HARRINGTON_CDA_CS	2002	4	10	100	5	9.3	10.4456814485516	-999.9	2.5	5.19675925925925	7.28172103615401	330
HARRINGTON_CDA_CS	2002	4	11	101	-0.9	5.7	13.0497930592929	-999.9	0	3.76157407407408	3.93264617509555	330
HARRINGTON_CDA_CS	2002	4	12	102	-0.2	11.4	17.443390772058	-999.9	0	7.44212962962964	5.11121092955902	330
HARRINGTON_CDA_CS	2002	4	13	103	4.2	10.3	12.7520024040305	-999.9	7.3	5.39351851851853	9.14637800445742	330
HARRINGTON_CDA_CS	2002	4	14	104	2.6	6.2	9.87455932217055	-999.9	12.8	5.08101851851853	7.38776197135964	330
HARRINGTON_CDA_CS	2002	4	15	105	0.4	5.2	11.4916321887466	-999.9	8.3	3.03240740740742	7.34309131666716	330
HARRINGTON_CDA_CS	2002	4	16	106	2.2	12.8	17.2087949365202	-999.9	0.8	3.86574074074075	9.79746878016538	330
HARRINGTON_CDA_CS	2002	4	17	107	1.2	3.4	7.89927604879003	-999.9	0	5.91435185185186	5.6087291657536	330
HARRINGTON_CDA_CS	2002	4	18	108	-4.1	3.1	14.3966955458566	-999.9	0	1.37731481481481	3.96190240662878	330
HARRINGTON_CDA_CS	2002	4	19	109	0.8	8.6	15.0940889609317	-999.9	2.8	4.375	7.65936240579955	330
HARRINGTON_CDA_CS	2002	4	20	110	1.4	6.5	12.2927869278168	-999.9	0	5.49768518518519	5.71457970835474	330
HARRINGTON_CDA_CS	2002	4	21	111	-2.2	2.3	11.6284021664419	-999.9	0	5.18518518518519	3.35609972680839	330
HARRINGTON_CDA_CS	2002	4	22	112	-0.4	4.2	11.8381630241443	-999.9	0	4.08564814814814	4.78715713418896	330
HARRINGTON_CDA_CS	2002	4	23	113	-1.5	2.1	10.5436650239059	-999.9	1.4	4.89583333333333	5.83920086683559	330
HARRINGTON_CDA_CS	2002	4	24	114	-1.4	1.5	9.52616015640336	-999.9	0.7	5.03472222222222	5.13566966545042	330
HARRINGTON_CDA_CS	2002	4	25	115	-0.9	3.2	11.4007434137807	-999.9	0	2.53472222222222	5.38579856159068	330
HARRINGTON_CDA_CS	2002	4	26	116	-1.8	2.2	11.3328121691577	-999.9	6.4	6.23842592592592	5.84231579653631	330
HARRINGTON_CDA_CS	2002	4	27	117	-0.3	4.8	12.8766705025384	-999.9	0	6.03009259259258	7.22766622817352	330
HARRINGTON_CDA_CS	2002	4	28	118	-1.3	7.2	16.7256639476169	-999.9	4.6	4.97685185185186	4.71786501656494	330
HARRINGTON_CDA_CS	2002	4	29	119	-0.2	0.4	4.47043527738536	-999.9	6.8	8.31018518518519	5.93712730789808	330
HARRINGTON_CDA_CS	2002	4	30	120	-0.9	4.8	13.8598023150789	-999.9	0.7	4.71064814814814	5.66346939460153	330
HARRINGTON_CDA_CS	2002	5	1	121	-0.2	10.2	18.8289934840708	-999.9	0	4.60144927536231	6.86058594725924	330
HARRINGTON_CDA_CS	2002	5	2	122	1.7	12.5	19.2956233698014	-999.9	3.2	4.96527777777778	7.98818795358227	330
HARRINGTON_CDA_CS	2002	5	3	123	2.2	8.8	15.1670578731514	-999.9	5.6	4.58333333333333	7.86885193964417	330
HARRINGTON_CDA_CS	2002	5	4	124	1.1	11.7	19.3246196843304	-999.9	0	7.68518518518519	6.18091372456569	330
HARRINGTON_CDA_CS	2002	5	5	125	-1.9	10.3	20.8407362365034	-999.9	0	4.08564814814814	3.87836532540366	330
HARRINGTON_CDA_CS	2002	5	6	126	2.9	19.1	24.1386236656152	-999.9	0	6.22685185185186	7.56222178461801	330
HARRINGTON_CDA_CS	2002	5	7	127	8.1	20.8	21.4795762821168	-999.9	3	6.73611111111111	8.53053666038136	330
HARRINGTON_CDA_CS	2002	5	8	128	6	11.1	13.6780771240384	-999.9	0	5.99537037037036	5.50822673842259	330
HARRINGTON_CDA_CS	2002	5	9	129	-0.9	10.6	20.6372823305608	-999.9	3	2.75462962962963	4.93035653403192	330
HARRINGTON_CDA_CS	2002	5	10	130	5.1	17.9	21.8735847957856	-999.9	11.3	5.48611111111111	11.9383978475743	330
HARRINGTON_CDA_CS	2002	5	11	131	6.7	10.1	11.324364780646	-999.9	0	6.50462962962964	5.78814094297204	330
HARRINGTON_CDA_CS	2002	5	12	132	0.8	7.5	15.9668583048526	-999.9	0	4.21296296296297	4.67218759513112	330
HARRINGTON_CDA_CS	2002	5	13	133	-1.2	8.9	19.6878794959998	-999.9	0	2.48842592592593	4.46198163267955	330
HARRINGTON_CDA_CS	2002	5	14	134	0	7.2	16.6920407124603	-999.9	9.2	7.69675925925925	6.4205853907252	330
HARRINGTON_CDA_CS	2002	5	15	135	1	12.4	21.0886861381301	-999.9	1.4	4.00462962962964	9.69564624215279	330
HARRINGTON_CDA_CS	2002	5	16	136	3.4	14.6	20.985012243963	-999.9	0.7	5.69444444444444	8.25511004719122	330
HARRINGTON_CDA_CS	2002	5	17	137	7.6	15.7	17.9141115324331	-999.9	5	3.46064814814814	10.1209890140442	330
HARRINGTON_CDA_CS	2002	5	18	138	2.7	9.6	16.5950859907408	-999.9	6.4	2.53472222222222	8.01470457116337	330
HARRINGTON_CDA_CS	2002	5	19	139	3.1	11.1	17.9329614043619	-999.9	2.6	4.47916666666667	8.80054605055673	330
HARRINGTON_CDA_CS	2002	5	20	140	3.4	15	21.6689636622752	-999.9	0.6	3.06712962962964	7.70246669675165	330
HARRINGTON_CDA_CS	2002	5	21	141	4.3	13.8	19.6753897701418	-999.9	2.3	1.66666666666667	8.15775987002775	330
HARRINGTON_CDA_CS	2002	5	22	142	1.6	18.1	26.0139542994367	-999.9	0	4.64120370370369	7.30755437505734	330
HARRINGTON_CDA_CS	2002	5	23	143	7.4	21.3	23.9510916571837	-999.9	0	7.95138888888889	7.56394518671254	330
HARRINGTON_CDA_CS	2002	5	24	144	9.7	23.5	23.9365636655928	-999.9	1.9	6.86342592592592	7.99982354641259	330
HARRINGTON_CDA_CS	2002	5	25	145	4.7	10	14.8770065600224	-999.9	0.6	5.40509259259258	6.22657552447583	330
HARRINGTON_CDA_CS	2002	5	26	146	1.2	17.9	26.4814888055	-999.9	0	6.52777777777778	7.59270609264636	330
HARRINGTON_CDA_CS	2002	5	27	147	8.7	22.5	24.1369057611833	-999.9	0	3.76157407407408	12.4855667473008	330
HARRINGTON_CDA_CS	2002	5	28	148	9.7	20.6	21.5062502420209	-999.9	0	2.73148148148148	10.8664204674103	330
HARRINGTON_CDA_CS	2002	5	29	149	8.2	25	26.7649932086534	-999.9	0	4.42129629629631	11.2057812369981	330
HARRINGTON_CDA_CS	2002	5	30	150	12.5	22.5	20.6978554360197	-999.9	15.4	5.74879227053139	17.1095191540439	330
HARRINGTON_CDA_CS	2002	5	31	151	13.9	23.8	20.6399071952155	-999.9	0	6.05072463768117	18.2235329022933	330
HARRINGTON_CDA_CS	2002	6	1	152	14.9	22.5	18.1223204896848	-999.9	0	7.01388888888889	14.9427348909317	330
HARRINGTON_CDA_CS	2002	6	2	153	10.9	16.6	15.7258274595526	-999.9	0	4.25925925925925	10.0875012739898	330
HARRINGTON_CDA_CS	2002	6	3	154	5.3	11.6	16.5640961437227	-999.9	0	4.42129629629631	7.68967715261793	330
HARRINGTON_CDA_CS	2002	6	4	155	6.5	13.3	17.2395430176376	-999.9	0	3.04398148148147	7.08784713835432	330
HARRINGTON_CDA_CS	2002	6	5	156	5.6	13.9	19.0781697599931	-999.9	10.1	6.37681159420289	8.99132390297946	330
HARRINGTON_CDA_CS	2002	6	6	157	8.7	13.4	14.3788981774384	-999.9	1.2	3.125	12.0386897522352	330
HARRINGTON_CDA_CS	2002	6	7	158	7.5	11.6	13.4493212811533	-999.9	0	3.34490740740742	7.32267302233463	330
HARRINGTON_CDA_CS	2002	6	8	159	1.4	14.1	23.70254042174	-999.9	0	2.15277777777778	6.53558899329341	330
HARRINGTON_CDA_CS	2002	6	9	160	8.9	13	13.4841159887738	-999.9	21.8	5.77546296296297	9.62739518693173	330
HARRINGTON_CDA_CS	2002	6	10	161	7.8	9.6	8.94452577270503	-999.9	1.6	5.42824074074075	10.3381371781475	330
HARRINGTON_CDA_CS	2002	6	11	162	6.1	14.1	18.8759861959898	-999.9	1.2	1.8287037037037	9.73197412860356	330
HARRINGTON_CDA_CS	2002	6	12	163	6.7	17.3	21.7477495893763	-999.9	0	2.30324074074074	10.5145428767387	330
HARRINGTON_CDA_CS	2002	6	13	164	5.8	19.1	24.3801937014659	-999.9	0	3.40277777777778	9.52236228582396	330
HARRINGTON_CDA_CS	2002	6	14	165	3.9	15.4	22.6862888003876	-999.9	0	3.04398148148147	7.6728608029781	330
HARRINGTON_CDA_CS	2002	6	15	166	3.4	12.5	20.1925773436765	-999.9	9.2	4.14351851851853	8.9853887602721	330
HARRINGTON_CDA_CS	2002	6	16	167	6.9	10.6	12.8819559258128	-999.9	3.5	4.29398148148147	10.199255051818	330
HARRINGTON_CDA_CS	2002	6	17	168	8.5	12.4	13.2305088133965	-999.9	0.6	2.62731481481481	11.265614281873	330
HARRINGTON_CDA_CS	2002	6	18	169	9	15.7	17.3459618056078	-999.9	0	1.95601851851852	11.8850450121238	330
HARRINGTON_CDA_CS	2002	6	19	170	8.2	16.5	19.3094653987772	-999.9	0	2.51157407407407	11.4517392584099	330
HARRINGTON_CDA_CS	2002	6	20	171	8.7	24.9	26.9781668339217	-999.9	0	3.27546296296297	12.7481638801833	330
HARRINGTON_CDA_CS	2002	6	21	172	12.8	25.8	24.1659491670736	-999.9	0.6	6.25	13.6923618901128	330
HARRINGTON_CDA_CS	2002	6	22	173	15.5	18.4	11.412005659799	-999.9	0	5.25462962962964	8.57106659248629	330
HARRINGTON_CDA_CS	2002	6	23	174	6.8	22.5	26.5458821059902	-999.9	10.5	4.97685185185186	9.34819121555052	330
HARRINGTON_CDA_CS	2002	6	24	175	11.7	16.9	15.2716839512027	-999.9	1	7.60416666666667	13.0554988489352	330
HARRINGTON_CDA_CS	2002	6	25	176	10	21	22.2010281156998	-999.9	0.6	6.25	12.0379951228975	330
HARRINGTON_CDA_CS	2002	6	26	177	12.4	26.3	24.94188069874	-999.9	14.2	4.0625	13.7681872257254	330
HARRINGTON_CDA_CS	2002	6	27	178	14.8	23.7	19.9441444566227	-999.9	5.7	5.34722222222222	18.5021528079243	330
HARRINGTON_CDA_CS	2002	6	28	179	16.3	20.9	14.3268752130686	-999.9	3.1	2.59259259259259	17.5969338004354	330
HARRINGTON_CDA_CS	2002	6	29	180	11.6	17.6	16.3475949394425	-999.9	0	4.36342592592592	15.0870666893518	330
HARRINGTON_CDA_CS	2002	6	30	181	11.9	22.5	21.7065278145644	-999.9	0	3.27546296296297	14.395243056583	330
HARRINGTON_CDA_CS	2002	7	1	182	13.5	24.2	21.7842179140918	-999.9	0	4.97685185185186	14.9976467983126	330
HARRINGTON_CDA_CS	2002	7	2	183	12.9	22.8	20.9282916338349	-999.9	0	2.70833333333333	16.7172508253231	330
HARRINGTON_CDA_CS	2002	7	3	184	16.3	28.4	23.1061912695884	-999.9	0	3.39120370370369	22.4188487190672	330
HARRINGTON_CDA_CS	2002	7	4	185	17.3	28.4	22.0988676550016	-999.9	35.4	3.07870370370369	24.6456771345009	330
HARRINGTON_CDA_CS	2002	7	5	186	16.9	23.7	17.2698730444717	-999.9	0.7	3.76157407407408	20.0423484862466	330
HARRINGTON_CDA_CS	2002	7	6	187	14.7	20.9	16.4630363820211	-999.9	0.6	2.06018518518519	17.3786249483994	330
HARRINGTON_CDA_CS	2002	7	7	188	13.7	20.8	17.5863558766484	-999.9	0	2.00231481481481	16.7306780214413	330
HARRINGTON_CDA_CS	2002	7	8	189	13.8	22.5	19.4308596857421	-999.9	7.4	3.4375	18.6541631155352	330
HARRINGTON_CDA_CS	2002	7	9	190	16.5	21.2	14.2534523107795	-999.9	4.4	4.57175925925925	19.7256645046736	330
HARRINGTON_CDA_CS	2002	7	10	191	14.3	19.6	15.1043062696808	-999.9	0	3.07870370370369	13.9754890353789	330
HARRINGTON_CDA_CS	2002	7	11	192	9.9	17.2	17.6875981895289	-999.9	3.1	4.17824074074075	12.4318046710213	330
HARRINGTON_CDA_CS	2002	7	12	193	9.7	22	22.9064272341269	-999.9	0	3.96990740740742	13.06623672516	330
HARRINGTON_CDA_CS	2002	7	13	194	14.2	24.8	21.2132779857154	-999.9	0.7	4.40972222222222	15.4965265066703	330
HARRINGTON_CDA_CS	2002	7	14	195	15.4	21.9	16.5696812912316	-999.9	0	3.24074074074075	18.2001878475972	330
HARRINGTON_CDA_CS	2002	7	15	196	13.6	25.2	22.0770764715815	-999.9	0	5.19675925925925	19.0089570100946	330
HARRINGTON_CDA_CS	2002	7	16	197	14.1	19.9	15.568042204724	-999.9	0.9	3.79629629629631	14.7466485461815	330
HARRINGTON_CDA_CS	2002	7	17	198	10.9	22.1	21.5719135505982	-999.9	0	2.4537037037037	13.1068533517569	330
HARRINGTON_CDA_CS	2002	7	18	199	14.9	21.2	16.1310144113966	-999.9	9.9	5.01157407407408	15.2049997592402	330
HARRINGTON_CDA_CS	2002	7	19	200	12.2	18.5	16.0814562513671	-999.9	8.8	2.82407407407408	13.8340829580196	330
HARRINGTON_CDA_CS	2002	7	20	201	13.4	16.9	11.9482587807094	-999.9	0	3.85416666666667	13.5056357820801	330
HARRINGTON_CDA_CS	2002	7	21	202	9	23	23.8178067985556	-999.9	0.7	2.40740740740741	12.8748331575604	330
HARRINGTON_CDA_CS	2002	7	22	203	15.4	26	20.6542452788427	-999.9	0	6.53935185185186	17.5927130391152	330
HARRINGTON_CDA_CS	2002	7	23	204	18.3	29.6	21.2503260042391	-999.9	0.8	6.20370370370369	19.9083942840969	330
HARRINGTON_CDA_CS	2002	7	24	205	15.1	16.8	8.21243552953935	-999.9	0	3.78472222222222	10.1806919122376	330
HARRINGTON_CDA_CS	2002	7	25	206	8.3	18.2	19.7440948820843	-999.9	0	3.21759259259258	10.6100609974645	330
HARRINGTON_CDA_CS	2002	7	26	207	8.9	21.1	21.8334550277846	-999.9	0	2.61574074074074	13.3371673975459	330
HARRINGTON_CDA_CS	2002	7	27	208	11.2	19.4	17.8288366021688	-999.9	0	2.68518518518519	12.1178874600794	330
HARRINGTON_CDA_CS	2002	7	28	209	11.5	21.6	19.7061011484496	-999.9	0	1.80555555555556	12.7313991825775	330
HARRINGTON_CDA_CS	2002	7	29	210	14.4	22.3	17.3551240271808	-999.9	5.9	5.08101851851853	18.0015881186208	330
HARRINGTON_CDA_CS	2002	7	30	211	17.3	22.5	14.0197416179412	-999.9	0	3.48379629629631	20.7095504900339	330
HARRINGTON_CDA_CS	2002	7	31	212	18.5	24.3	14.7409777695349	-999.9	0	3.96990740740742	19.1011781207657	330
HARRINGTON_CDA_CS	2002	8	1	213	15	19.7	13.2094506821037	-999.9	0	3.77314814814814	14.5904859473743	330
HARRINGTON_CDA_CS	2002	8	2	214	12.6	19.8	16.2732751402217	-999.9	0.8	2.78985507246378	13.8091761498203	330
HARRINGTON_CDA_CS	2002	8	3	215	14.2	20.9	15.6231333795837	-999.9	0.8	5.40509259259258	17.8413942013398	330
HARRINGTON_CDA_CS	2002	8	4	216	17	26.9	18.8981484265893	-999.9	0	3.10185185185186	21.5486434704437	330
HARRINGTON_CDA_CS	2002	8	5	217	18.2	25.7	16.3663514873574	-999.9	2.5	5.625	20.7653731014351	330
HARRINGTON_CDA_CS	2002	8	6	218	17.2	19.9	9.76947295508565	-999.9	20.6	4.05092592592592	18.6266608635826	330
HARRINGTON_CDA_CS	2002	8	7	219	15.3	18.7	10.9054830625506	-999.9	13.6	5.27777777777778	15.7472984598813	330
HARRINGTON_CDA_CS	2002	8	8	220	11.7	21.6	18.5091802189552	-999.9	0	2.39583333333333	14.0051907335686	330
HARRINGTON_CDA_CS	2002	8	9	221	11.7	18.6	15.3675970670988	-999.9	0	2.40740740740741	12.6379224147268	330
HARRINGTON_CDA_CS	2002	8	10	222	10.4	25.8	22.8297449489334	-999.9	0	3.24074074074075	16.0269179979231	330
HARRINGTON_CDA_CS	2002	8	11	223	16.3	26.9	18.8321588337575	-999.9	0	4.97474747474747	17.5372619364878	330
HARRINGTON_CDA_CS	2002	8	12	224	17.3	27.1	18.0017048275089	-999.9	0	5.47453703703703	19.2075051579894	330
HARRINGTON_CDA_CS	2002	8	13	225	17.1	29	19.7185146121132	-999.9	0	3.91203703703703	20.8077808386529	330
HARRINGTON_CDA_CS	2002	8	14	226	17.3	30.5	20.6411667502027	-999.9	0	1.96759259259259	22.6300451502195	330
HARRINGTON_CDA_CS	2002	8	15	227	19.5	31.7	19.7205918813442	-999.9	0	3.91203703703703	23.2244903465396	330
HARRINGTON_CDA_CS	2002	8	16	228	19.5	27.5	15.8680558325978	-999.9	0	5.39351851851853	23.830410470862	330
HARRINGTON_CDA_CS	2002	8	17	229	20.6	29.2	16.346031942523	-999.9	0	3.80787037037036	21.5789577700496	330
HARRINGTON_CDA_CS	2002	8	18	230	15.8	29	20.1177739418138	-999.9	0	2.23429951690821	19.0200291243783	330
HARRINGTON_CDA_CS	2002	8	19	231	19.8	25.7	13.3596171053329	-999.9	6.6	3.39120370370369	23.5802979917606	330
HARRINGTON_CDA_CS	2002	8	20	232	17.8	22.1	11.3271916309899	-999.9	0.4	1.97916666666667	19.5653248321308	330
HARRINGTON_CDA_CS	2002	8	21	233	16.8	22.5	12.2418321576418	-999.9	0	3.29861111111111	13.9207677115749	330
HARRINGTON_CDA_CS	2002	8	22	234	13.9	24.6	17.6178905199903	-999.9	0.7	5.26620370370369	16.023243294841	330
HARRINGTON_CDA_CS	2002	8	23	235	12.1	18.2	13.2062789032148	-999.9	0	3.72685185185186	12.0378618893974	330
HARRINGTON_CDA_CS	2002	8	24	236	8.2	21.8	19.5741355797177	-999.9	2.4	3.42592592592592	13.0132978635336	330
HARRINGTON_CDA_CS	2002	8	25	237	14.6	19.4	11.5418439431845	-999.9	0.7	3.07870370370369	17.0844701555362	330
HARRINGTON_CDA_CS	2002	8	26	238	13.4	23.3	16.4496728877482	-999.9	0	5.02314814814814	15.6529784526081	330
HARRINGTON_CDA_CS	2002	8	27	239	14.5	20.9	13.1237575951928	-999.9	0	3.27546296296297	14.1428045463551	330
HARRINGTON_CDA_CS	2002	8	28	240	12.6	18	11.960157747987	-999.9	0	3.20601851851853	12.4474926319628	330
HARRINGTON_CDA_CS	2002	8	29	241	9.5	21.2	17.4641667965315	-999.9	0	2.66203703703704	13.3848986811158	330
HARRINGTON_CDA_CS	2002	8	30	242	15.7	19.6	10.001038285192	-999.9	0	4.46759259259258	13.9585165084356	330
HARRINGTON_CDA_CS	2002	8	31	243	11.9	15.5	9.5293804952241	-999.9	0	4.50231481481481	7.8178443016171	330
HARRINGTON_CDA_CS	2002	9	1	244	6.9	21.2	18.833225905625	-999.9	0	4.43287037037036	10.295934103763	330
HARRINGTON_CDA_CS	2002	9	2	245	11.1	20.1	14.8137072041791	-999.9	0	4.84953703703703	13.3731222470972	330
HARRINGTON_CDA_CS	2002	9	3	246	10.5	23.4	17.5818908363757	-999.9	0	4.01620370370369	16.1462264967402	330
HARRINGTON_CDA_CS	2002	9	4	247	15.8	25	14.7175386912884	-999.9	41.9	5.91435185185186	18.262788050016	330
HARRINGTON_CDA_CS	2002	9	5	248	16.4	20.3	9.49699864701517	-999.9	0	3.95833333333333	14.5237300029155	330
HARRINGTON_CDA_CS	2002	9	6	249	8.5	17.1	13.9752084247482	-999.9	0	3.57638888888889	11.578662841117	330
HARRINGTON_CDA_CS	2002	9	7	250	10	18	13.35522518278	-999.9	0	2.41898148148148	13.69233563184	330
HARRINGTON_CDA_CS	2002	9	8	251	12.9	22.1	14.1885962351724	-999.9	0.9	4.81481481481481	15.8146070882264	330
HARRINGTON_CDA_CS	2002	9	9	252	13.9	21.2	12.5195404425862	-999.9	0	3.00925925925925	15.3786736793249	330
HARRINGTON_CDA_CS	2002	9	10	253	15.4	27.1	15.6979702698378	-999.9	0.6	4.13194444444444	19.7017189998284	330
HARRINGTON_CDA_CS	2002	9	11	254	14.7	18	8.25607024459722	-999.9	60.2	3.93518518518519	15.1236782650978	330
HARRINGTON_CDA_CS	2002	9	12	255	7.8	12.4	9.65169219675617	-999.9	8	8.32175925925925	10.1121293680021	330
HARRINGTON_CDA_CS	2002	9	13	256	6.5	15.5	13.3658425965177	-999.9	2.9	5.11574074074075	10.4690568011947	330
HARRINGTON_CDA_CS	2002	9	14	257	7.6	15.6	12.4742129270662	-999.9	0	3.33333333333333	9.05409712756792	330
HARRINGTON_CDA_CS	2002	9	15	258	8.9	21.7	15.6174061969458	-999.9	10	6.78240740740742	15.6080157576602	330
HARRINGTON_CDA_CS	2002	9	16	259	11.1	12.8	5.6325755080548	-999.9	12.3	4.57175925925925	12.9864591192804	330
HARRINGTON_CDA_CS	2002	9	17	260	9.3	16.4	11.3902557362033	-999.9	0.6	2.02546296296296	12.4979075666992	330
HARRINGTON_CDA_CS	2002	9	18	261	10	14.3	8.77008128963326	-999.9	0	3.04398148148147	10.3706198733073	330
HARRINGTON_CDA_CS	2002	9	19	262	7.5	18.4	13.8131067768539	-999.9	0	3.05555555555556	12.2511167149434	330
HARRINGTON_CDA_CS	2002	9	20	263	12.2	21.1	12.3459869564157	-999.9	1.9	7.22222222222222	15.674631933301	330
HARRINGTON_CDA_CS	2002	9	21	264	15.8	22.3	10.4348089268387	-999.9	0	4.54861111111111	18.9757464757276	330
HARRINGTON_CDA_CS	2002	9	22	265	16.5	24.1	11.1577429493126	-999.9	0	4.05092592592592	20.6268650662627	330
HARRINGTON_CDA_CS	2002	9	23	266	15.5	25.9	12.9054489992351	-999.9	14	5.54398148148147	20.0201804082673	330
HARRINGTON_CDA_CS	2002	9	24	267	11.6	13.6	5.59505013238317	-999.9	4.4	4.16666666666667	14.3866202302244	330
HARRINGTON_CDA_CS	2002	9	25	268	10.3	15.7	9.08792148533861	-999.9	0	2.77777777777778	10.0489091184476	330
HARRINGTON_CDA_CS	2002	9	26	269	6.7	18.8	13.4457741120902	-999.9	0	1.93287037037037	10.8123346796522	330
HARRINGTON_CDA_CS	2002	9	27	270	8.9	17.9	11.460067469304	-999.9	22.8	3.71527777777778	13.6371866338419	330
HARRINGTON_CDA_CS	2002	9	28	271	12.9	16.5	7.16206049794767	-999.9	4	4.86111111111111	12.6814116230276	330
HARRINGTON_CDA_CS	2002	9	29	272	5.2	11.1	9.05904242328352	-999.9	0	5.35879629629631	5.89755760692652	330
HARRINGTON_CDA_CS	2002	9	30	273	4	14.4	11.8820675525488	-999.9	8.4	3.85416666666667	7.19789338258754	330
HARRINGTON_CDA_CS	2002	10	1	274	8.6	20.3	12.4490917762317	-999.9	4	5.46296296296297	15.8665961754865	330
HARRINGTON_CDA_CS	2002	10	2	275	14.7	23.8	10.8439132392546	-999.9	2.4	4.45601851851853	17.972975412045	330
HARRINGTON_CDA_CS	2002	10	3	276	8.1	10.2	5.14455403664286	-999.9	0.7	5.23148148148147	7.48034844730647	330
HARRINGTON_CDA_CS	2002	10	4	277	2	14.7	12.4929740940779	-999.9	0	3.42592592592592	6.1906105893362	330
HARRINGTON_CDA_CS	2002	10	5	278	7.2	19.2	11.9904283889119	-999.9	6.2	8.72685185185186	14.4855291925506	330
HARRINGTON_CDA_CS	2002	10	6	279	7.8	11.5	6.57325324560738	-999.9	0	3.53009259259258	6.03235849858766	330
HARRINGTON_CDA_CS	2002	10	7	280	1.9	15.7	12.5317288400862	-999.9	3.1	4.73379629629631	9.00847908130119	330
HARRINGTON_CDA_CS	2002	10	8	281	4.9	10.7	8.01927600347673	-999.9	0	4.38657407407408	6.73907819156777	330
HARRINGTON_CDA_CS	2002	10	9	282	1.4	8.3	8.6328566703295	-999.9	0	3.07870370370369	5.89978161772801	330
HARRINGTON_CDA_CS	2002	10	10	283	2.7	9.6	8.51969118843109	-999.9	0	1.62037037037037	6.6671359693457	330
HARRINGTON_CDA_CS	2002	10	11	284	5.4	12.7	8.64752918668276	-999.9	0	2.17592592592593	9.80255892928628	330
HARRINGTON_CDA_CS	2002	10	12	285	8.6	14.4	7.60570414054553	-999.9	0	1.97916666666667	9.57005222859434	330
HARRINGTON_CDA_CS	2002	10	13	286	4.6	14.1	9.60389076349734	-999.9	2.7	2.74305555555556	8.70446068424793	330
HARRINGTON_CDA_CS	2002	10	14	287	6.1	13.1	8.13319659339508	-999.9	2	5.05787037037036	8.31223492239567	330
HARRINGTON_CDA_CS	2002	10	15	288	0.4	7.8	8.24942360084351	-999.9	0	4.14351851851853	5.13230073570686	330
HARRINGTON_CDA_CS	2002	10	16	289	0.1	10.5	9.64695913656663	-999.9	18.9	2.61574074074074	6.24807945153594	330
HARRINGTON_CDA_CS	2002	10	17	290	6.2	13.4	7.91732610106223	-999.9	1.7	6.75925925925925	11.207493451756	330
HARRINGTON_CDA_CS	2002	10	18	291	9.1	13.1	5.82043358520486	-999.9	0.7	2.88194444444444	10.1289830788992	330
HARRINGTON_CDA_CS	2002	10	19	292	1.6	10.5	8.56268732249566	-999.9	15.2	4.97685185185186	7.01354631264999	330
HARRINGTON_CDA_CS	2002	10	20	293	5	9.5	6.00468174153292	-999.9	0	5.20833333333333	7.92606438388057	330
HARRINGTON_CDA_CS	2002	10	21	294	1.1	4.3	4.99354103347709	-999.9	0	4.87268518518519	4.48448654989327	330
HARRINGTON_CDA_CS	2002	10	22	295	1.6	6.2	5.9039967572131	-999.9	0.6	5.18518518518519	5.11524223967319	330
HARRINGTON_CDA_CS	2002	10	23	296	1.5	8.1	6.97363007773756	-999.9	6.2	4.07407407407408	6.97197685247657	330
HARRINGTON_CDA_CS	2002	10	24	297	3.3	5.7	4.14668555967607	-999.9	1.1	3.53009259259258	5.88183080138751	330
HARRINGTON_CDA_CS	2002	10	25	298	1.8	5.9	5.34425874033946	-999.9	0	2.99768518518519	4.47114855220852	330
HARRINGTON_CDA_CS	2002	10	26	299	-1.9	6.7	7.63201431111974	-999.9	19	2.74305555555556	4.71654804670161	330
HARRINGTON_CDA_CS	2002	10	27	300	3.9	6.8	4.36999169549008	-999.9	23.1	6.80555555555556	8.02484749576306	330
HARRINGTON_CDA_CS	2002	10	28	301	3.1	6.9	4.93248027792655	-999.9	0	6.82870370370369	6.83855283912151	330
HARRINGTON_CDA_CS	2002	10	29	302	1.3	3.7	3.86522285519152	-999.9	19.2	9.32870370370369	4.87163201505125	330
HARRINGTON_CDA_CS	2002	10	30	303	0.9	4.6	4.73229472026564	-999.9	1.4	5.79861111111111	6.01631611396573	330
HARRINGTON_CDA_CS	2002	10	31	304	-0.1	3.6	4.66641941367615	-999.9	0	3.76157407407408	4.57995099626678	330
HARRINGTON_CDA_CS	2002	11	1	305	-3.7	3.7	6.50764986417636	-999.9	4.6	3.09027777777778	4.35271558554526	330
HARRINGTON_CDA_CS	2002	11	2	306	-1.2	2.6	4.5987785481933	-999.9	1.4	5.01157407407408	4.58537419601049	330
HARRINGTON_CDA_CS	2002	11	3	307	-5	-1.6	4.28995915243028	-999.9	2.9	8.31018518518519	3.75217388060691	330
HARRINGTON_CDA_CS	2002	11	4	308	-4.8	0.4	5.23242175423706	-999.9	0	3.76157407407408	3.69162779970525	330
HARRINGTON_CDA_CS	2002	11	5	309	-4.5	3.9	6.55928215259751	-999.9	0	1.79398148148148	3.69889689073238	330
HARRINGTON_CDA_CS	2002	11	6	310	-2.4	1.7	4.52018675319234	-999.9	0.7	3.65740740740742	4.02692613186947	330
HARRINGTON_CDA_CS	2002	11	7	311	-0.7	2.9	4.1783009145771	-999.9	1.6	5.16203703703703	4.70728862737837	330
HARRINGTON_CDA_CS	2002	11	8	312	-7.1	6.1	7.89332209451605	-999.9	0	6.15740740740742	3.81645261245289	330
HARRINGTON_CDA_CS	2002	11	9	313	-2.4	7.1	6.6069904844211	-999.9	0	2.96296296296297	8.118963086002	330
HARRINGTON_CDA_CS	2002	11	10	314	3.6	14.4	6.9513912138951	-999.9	2.3	4.95370370370369	10.0972776876587	330
HARRINGTON_CDA_CS	2002	11	11	315	8.9	17.8	6.22767876705501	-999.9	2.5	8.13657407407408	11.6758181060801	330
HARRINGTON_CDA_CS	2002	11	12	316	7.2	10.5	3.74297898162011	-999.9	9.8	3.80787037037036	9.38013401058608	330
HARRINGTON_CDA_CS	2002	11	13	317	3.9	5.7	2.72890451010574	-999.9	57.7	4.25925925925925	8.06179919753867	330
HARRINGTON_CDA_CS	2002	11	14	318	3.1	3.7	1.5555589664033	-999.9	7.8	5.97222222222222	7.2254870984734	330
HARRINGTON_CDA_CS	2002	11	15	319	0.5	8.6	5.64396022233131	-999.9	0	4.34027777777778	7.16275443154751	330
HARRINGTON_CDA_CS	2002	11	16	320	-1.4	0.1	2.3988010874886	-999.9	0	4.81481481481481	3.82508329566609	330
HARRINGTON_CDA_CS	2002	11	17	321	-3.4	4	5.26323863613245	-999.9	59.1	6.71296296296297	4.90916401939288	330
HARRINGTON_CDA_CS	2002	11	18	322	-1	12	6.8926110140765	-999.9	1	9.69907407407408	7.70029848349492	330
HARRINGTON_CDA_CS	2002	11	19	323	-1.7	0.6	2.86511538316271	-999.9	0	5.03472222222222	3.88407698241547	330
HARRINGTON_CDA_CS	2002	11	20	324	-2.6	6	5.47633096550843	-999.9	0	3.27546296296297	6.49855266154173	330
HARRINGTON_CDA_CS	2002	11	21	325	0.9	7.1	4.59726664436874	-999.9	8.4	1.64351851851852	7.85510569492079	330
HARRINGTON_CDA_CS	2002	11	22	326	1.6	11	5.59805635462954	-999.9	12.8	2.7662037037037	9.77107174475244	330
HARRINGTON_CDA_CS	2002	11	23	327	6.7	11.9	4.11865660382555	-999.9	10.2	4.67592592592592	9.17144634892821	330
HARRINGTON_CDA_CS	2002	11	24	328	-0.4	1.1	2.18875004362861	-999.9	0	13.0555555555556	4.1161625944574	330
HARRINGTON_CDA_CS	2002	11	25	329	-1.3	3.5	3.87515240947398	-999.9	0	6.70138888888889	4.54119558266967	330
HARRINGTON_CDA_CS	2002	11	26	330	-2.9	1	3.45815160527675	-999.9	0	3.37962962962964	3.67539862526062	330
HARRINGTON_CDA_CS	2002	11	27	331	-5.6	-2.1	3.24429327043389	-999.9	0	2.30324074074074	2.98454058362535	330
HARRINGTON_CDA_CS	2002	11	28	332	-7.1	-4.9	2.54804683493769	-999.9	0	5.43981481481481	2.5827075681515	330
HARRINGTON_CDA_CS	2002	11	29	333	-8.8	1.4	5.43683950491016	-999.9	5.1	4.16666666666667	2.93574273173815	330
HARRINGTON_CDA_CS	2002	11	30	334	-6	2.4	4.89081779189629	-999.9	2	4.25925925925925	5.53311854582825	330
HARRINGTON_CDA_CS	2002	12	1	335	0.9	3.2	2.53776150081594	-999.9	1.9	3.11342592592592	5.66002708985691	330
HARRINGTON_CDA_CS	2002	12	2	336	-6.5	-4.1	2.57153038464148	-999.9	0.8	7.12962962962964	2.73526980331608	330
HARRINGTON_CDA_CS	2002	12	3	337	-6.8	-3.2	3.12532296257386	-999.9	3.8	4.58333333333333	3.14825308670384	330
HARRINGTON_CDA_CS	2002	12	4	338	-9.2	-8.1	1.71498485477748	-999.9	0	6.88657407407408	2.02223377014322	330
HARRINGTON_CDA_CS	2002	12	5	339	-15	-7.9	4.32693299642937	-999.9	0	3.27546296296297	1.82728824971234	330
HARRINGTON_CDA_CS	2002	12	6	340	-12.4	-3.6	4.78575047235329	-999.9	0	2.95138888888889	2.45298501072521	330
HARRINGTON_CDA_CS	2002	12	7	341	-12.2	2.5	6.14751381427293	-999.9	0.6	6.19212962962964	3.50400176115508	330
HARRINGTON_CDA_CS	2002	12	8	342	-1.6	3.4	3.56480639764214	-999.9	0	5.05787037037036	3.76205916209369	330
HARRINGTON_CDA_CS	2002	12	9	343	-18.5	-4.8	5.86952098494467	-999.9	0.6	7.82407407407408	1.08565827128291	330
HARRINGTON_CDA_CS	2002	12	10	344	-16.3	-1.5	6.07084498461881	-999.9	0	4.18981481481481	2.499590483348	330
HARRINGTON_CDA_CS	2002	12	11	345	-6	-0.8	3.58247590492767	-999.9	0	3.02083333333333	3.05664143697302	330
HARRINGTON_CDA_CS	2002	12	12	346	-8.4	-0.7	4.34190582482857	-999.9	0	1.85185185185185	3.37076904203134	330
HARRINGTON_CDA_CS	2002	12	13	347	-4	0.8	3.41587252333457	-999.9	0	1.52777777777778	4.55601448415371	330
HARRINGTON_CDA_CS	2002	12	14	348	-4.3	5.5	4.86558261098925	-999.9	33.7	4.24768518518519	5.89357820248957	330
HARRINGTON_CDA_CS	2002	12	15	349	1.4	4.2	2.59381102747098	-999.9	4.7	5.19675925925925	6.54022764204453	330
HARRINGTON_CDA_CS	2002	12	16	350	-2	-1.1	1.46729178583602	-999.9	0.7	5.19675925925925	4.05469834081825	330
HARRINGTON_CDA_CS	2002	12	17	351	-4.4	-1.9	2.44118657775366	-999.9	0	8.4837962962963	3.31584415138712	330
HARRINGTON_CDA_CS	2002	12	18	352	-4.5	-0.8	2.96598209309341	-999.9	0.7	8.46064814814814	2.99958666305165	330
HARRINGTON_CDA_CS	2002	12	19	353	-3.3	0.8	3.11959410871662	-999.9	0	6.22685185185186	3.18280543680939	330
HARRINGTON_CDA_CS	2002	12	20	354	-2.6	7.2	4.8212546811702	-999.9	11.7	3.03240740740742	4.82726812828851	330
HARRINGTON_CDA_CS	2002	12	21	355	-0.7	8.9	4.77228282420398	-999.9	16.5	7.43055555555556	7.00415976185264	330
HARRINGTON_CDA_CS	2002	12	22	356	-1.4	3.8	3.51429639693375	-999.9	0	3.75	4.74489260817876	330
HARRINGTON_CDA_CS	2002	12	23	357	-1.2	2	2.75968935173711	-999.9	0	2.90509259259258	4.56798653654566	330
HARRINGTON_CDA_CS	2002	12	24	358	-3.9	-1.7	2.29164207691385	-999.9	0	3.91203703703703	3.16283396976478	330
HARRINGTON_CDA_CS	2002	12	25	359	-8.8	-1.4	4.21116652801183	-999.9	6.3	2.74305555555556	2.93815416323141	330
HARRINGTON_CDA_CS	2002	12	26	360	-5.5	-1.2	3.21789303612116	-999.9	1.5	9.98842592592592	4.07996209041188	330
HARRINGTON_CDA_CS	2002	12	27	361	-6.5	-5.5	1.55627547048749	-999.9	0	8.84259259259258	2.45262851177932	330
HARRINGTON_CDA_CS	2002	12	28	362	-10.3	-4.6	3.72794557835479	-999.9	0	3.46064814814814	2.34187929995453	330
HARRINGTON_CDA_CS	2002	12	29	363	-10.5	-2	4.56963861323027	-999.9	0	3.62268518518519	3.415927701567	330
HARRINGTON_CDA_CS	2002	12	30	364	-9.4	-6.5	2.68042715295068	-999.9	0	6.59722222222222	2.52255350223756	330
HARRINGTON_CDA_CS	2002	12	31	365	-9.4	1.5	5.22084444174173	-999.9	7.3	3.71527777777778	3.20647671113371	330
