HARRINGTON_CDA_CS	2021	1	1	1	-6.6	-2.1	3.37165717384758	-999.9	0	3.59953703703703	2.96778327693973	330
HARRINGTON_CDA_CS	2021	1	2	2	-6.5	-0.7	3.84897417492066	-999.9	7.8	3.62268518518519	3.94578981316658	330
HARRINGTON_CDA_CS	2021	1	3	3	-3.8	-0.7	2.83065355658469	-999.9	0.7	5.12731481481481	4.27451827233873	330
HARRINGTON_CDA_CS	2021	1	4	4	-4.1	-0.1	3.235849995939	-999.9	0	2.03703703703704	4.53646391504678	330
HARRINGTON_CDA_CS	2021	1	5	5	-0.5	0.4	1.54527654401142	-999.9	0	6.42361111111111	5.08392068333333	330
HARRINGTON_CDA_CS	2021	1	6	6	0	0.8	1.46732669156581	-999.9	2.4	8.53009259259258	5.84430704161969	330
HARRINGTON_CDA_CS	2021	1	7	7	-1.6	0.7	2.50673811517551	-999.9	3.7	6.79398148148147	5.58281394672608	330
HARRINGTON_CDA_CS	2021	1	8	8	-4	-1.5	2.63415017997749	-999.9	0.6	0.578703703703703	4.38324231042983	330
HARRINGTON_CDA_CS	2021	1	9	9	-3.5	-0.5	2.90947513523637	-999.9	3.6	2.67361111111111	4.82412121892477	330
HARRINGTON_CDA_CS	2021	1	10	10	-3.1	-0.6	2.67892873202486	-999.9	0.2	6.875	4.22782003670125	330
HARRINGTON_CDA_CS	2021	1	11	11	-7.2	-1.7	4.00920972368791	-999.9	0	2.30324074074074	3.47154477399388	330
HARRINGTON_CDA_CS	2021	1	12	12	-6.1	-1.5	3.70072793776292	-999.9	0.6	1.875	3.86200388498519	330
HARRINGTON_CDA_CS	2021	1	13	13	-8.4	-0.5	4.89657536199277	-999.9	0.3	2.15277777777778	3.59801604611932	330
HARRINGTON_CDA_CS	2021	1	14	14	-3.4	0.5	3.47469684975676	-999.9	2.5	1.49305555555556	5.03289510242975	330
HARRINGTON_CDA_CS	2021	1	15	15	-5.9	-0.6	4.09221546606319	-999.9	0.2	2.39583333333333	4.29584684085863	330
HARRINGTON_CDA_CS	2021	1	16	16	-4.3	1.4	4.2886366020538	-999.9	2.3	3.33333333333333	4.57205678867538	330
HARRINGTON_CDA_CS	2021	1	17	17	1	3.6	2.92785885194846	-999.9	30.3	7.59259259259258	6.33084658763696	330
HARRINGTON_CDA_CS	2021	1	18	18	-3.5	2	4.30568105292396	-999.9	0	4.87268518518519	4.01949667791088	330
HARRINGTON_CDA_CS	2021	1	19	19	-10.1	-3.5	4.77023684251563	-999.9	0	4.57175925925925	2.42923732065555	330
HARRINGTON_CDA_CS	2021	1	20	20	-11.8	-6.8	4.20016018065807	-999.9	0	2.98611111111111	1.90534109473745	330
HARRINGTON_CDA_CS	2021	1	21	21	-12.1	-6.9	4.33406892456484	-999.9	0	2.5	1.95294414594669	330
HARRINGTON_CDA_CS	2021	1	22	22	-11	-2	5.7706417556135	-999.9	0	2.83564814814814	2.5126077042235	330
HARRINGTON_CDA_CS	2021	1	23	23	-8	-3	4.35398611407745	-999.9	0	3.18287037037036	3.04334912010624	330
HARRINGTON_CDA_CS	2021	1	24	24	-9.8	-0.7	5.94713007117608	-999.9	2.8	3.18287037037036	3.4298748426652	330
HARRINGTON_CDA_CS	2021	1	25	25	-1.2	0	2.18696934729091	-999.9	1.9	6.41203703703703	5.28518754936546	330
HARRINGTON_CDA_CS	2021	1	26	26	-0.7	0.3	2.02205601864187	-999.9	0.7	4.91898148148147	5.51713631543635	330
HARRINGTON_CDA_CS	2021	1	27	27	-4	-0.2	3.99297943195406	-999.9	0	3.56481481481481	4.16810918439049	330
HARRINGTON_CDA_CS	2021	1	28	28	-5.4	-3	3.21506111913855	-999.9	0.2	1.97916666666667	3.81521941630749	330
HARRINGTON_CDA_CS	2021	1	29	29	-5.9	-2.8	3.70257934555224	-999.9	1.1	5.64814814814814	3.45902805084513	330
HARRINGTON_CDA_CS	2021	1	30	30	-7.8	-4.2	4.04363244756955	-999.9	0	4.84953703703703	3.03426033931753	330
HARRINGTON_CDA_CS	2021	1	31	31	-4.7	-1.2	4.04113911879862	-999.9	0.5	4.83796296296297	4.20038435508386	330
HARRINGTON_CDA_CS	2021	2	1	32	-5.4	-2.1	3.97762770123174	-999.9	0	2.97453703703703	3.42537913360617	330
HARRINGTON_CDA_CS	2021	2	2	33	-5.2	4.6	6.94898312058831	-999.9	19.6	7.07175925925925	5.21940658649276	330
HARRINGTON_CDA_CS	2021	2	3	34	-0.9	7.5	6.52271396894423	-999.9	12.9	4.01620370370369	7.39591013275163	330
HARRINGTON_CDA_CS	2021	2	4	35	-1.8	-0.1	2.97528705773	-999.9	1.4	2.53472222222222	5.43240126947453	330
HARRINGTON_CDA_CS	2021	2	5	36	-4.6	0.7	5.32708033327473	-999.9	0.8	2.7662037037037	4.82648625531085	330
HARRINGTON_CDA_CS	2021	2	6	37	-3.5	4.6	6.67833076678645	-999.9	14.4	5.87962962962964	5.27421422897849	330
HARRINGTON_CDA_CS	2021	2	7	38	-5.8	-2.8	4.12176741135471	-999.9	5.6	4.54861111111111	2.634816222704	330
HARRINGTON_CDA_CS	2021	2	8	39	-10.8	-1.4	7.39952398724749	-999.9	6.7	7.58101851851853	3.25465890776298	330
HARRINGTON_CDA_CS	2021	2	9	40	-12.4	-7	5.68813157845598	-999.9	0	4.78009259259258	1.79230710157526	330
HARRINGTON_CDA_CS	2021	2	10	41	-12.6	-7.1	5.82236370623754	-999.9	0	3.22916666666667	1.87301425400001	330
HARRINGTON_CDA_CS	2021	2	11	42	-14.8	-8.2	6.46910293634555	-999.9	0	4.86111111111111	1.3907824010634	330
HARRINGTON_CDA_CS	2021	2	12	43	-16.8	-1.9	9.85881818369636	-999.9	0.5	3.19444444444444	2.34544134728201	330
HARRINGTON_CDA_CS	2021	2	13	44	-11.8	-4.9	6.80484395720147	-999.9	0.4	2.75462962962963	2.54662217740618	330
HARRINGTON_CDA_CS	2021	2	14	45	-12.8	-4.4	7.61542769862583	-999.9	0	1.99074074074074	2.41548637895269	330
HARRINGTON_CDA_CS	2021	2	15	46	-10.2	-4	6.63601899064305	-999.9	0	1.70138888888889	2.50908151974683	330
HARRINGTON_CDA_CS	2021	2	16	47	-7.5	0.6	7.6931562949759	-999.9	22.8	2.37268518518519	4.03864627299798	330
HARRINGTON_CDA_CS	2021	2	17	48	-9.8	-0.3	8.45015036476007	-999.9	0.2	4.64120370370369	3.35263221273677	330
HARRINGTON_CDA_CS	2021	2	18	49	-14.4	-7.7	7.19727684444664	-999.9	0	3.4375	1.61172625621515	330
HARRINGTON_CDA_CS	2021	2	19	50	-14.8	-5.9	8.41276842673682	-999.9	0	1.875	1.95834930296466	330
HARRINGTON_CDA_CS	2021	2	20	51	-9.9	-4.3	6.76758138410474	-999.9	1.4	3.80787037037036	2.91197777336706	330
HARRINGTON_CDA_CS	2021	2	21	52	-6.9	-4	4.93871536258951	-999.9	0.4	5.19675925925925	2.62481954092876	330
HARRINGTON_CDA_CS	2021	2	22	53	-8.8	-1.5	7.94565297722324	-999.9	0.3	4.15509259259258	2.54687943433608	330
HARRINGTON_CDA_CS	2021	2	23	54	-2.1	3.1	6.79983533568555	-999.9	6.6	6.34259259259258	5.76212544975881	330
HARRINGTON_CDA_CS	2021	2	24	55	-2.5	3.2	7.21831705520301	-999.9	0	3.65740740740742	5.09123893552032	330
HARRINGTON_CDA_CS	2021	2	25	56	-10.5	1.9	10.7939983816918	-999.9	6	5.11574074074075	3.84802256253663	330
HARRINGTON_CDA_CS	2021	2	26	57	-14.2	-8.1	7.67500393474003	-999.9	0	4.78009259259258	1.50409521703456	330
HARRINGTON_CDA_CS	2021	2	27	58	-14.8	1.2	12.6003665573125	-999.9	6.5	5.24305555555556	2.51077600209617	330
HARRINGTON_CDA_CS	2021	2	28	59	-6.8	2.4	9.68483247476729	-999.9	1.9	6.03009259259258	4.18963730868231	330
HARRINGTON_CDA_CS	2021	3	1	60	-7.2	1.2	9.37943429287249	-999.9	13.7	5.20833333333333	4.30703473909966	330
HARRINGTON_CDA_CS	2021	3	2	61	-15.4	0.7	13.1598486881659	-999.9	0.8	8.48379629629631	2.79832755694966	330
HARRINGTON_CDA_CS	2021	3	3	62	-12.5	-3	10.2438051076026	-999.9	0	7.04861111111111	2.19447486120996	330
HARRINGTON_CDA_CS	2021	3	4	63	-9.7	-1.5	9.64333123781844	-999.9	0	6.84027777777778	2.52449262569512	330
HARRINGTON_CDA_CS	2021	3	5	64	-11.9	-6	8.28751857793189	-999.9	0	3.84259259259258	2.0719198884287	330
HARRINGTON_CDA_CS	2021	3	6	65	-11.9	-4.2	9.59132444485528	-999.9	0	4.24768518518519	2.09957707384251	330
HARRINGTON_CDA_CS	2021	3	7	66	-10.9	-3.1	9.77845685130089	-999.9	0	3.40277777777778	2.13762442197518	330
HARRINGTON_CDA_CS	2021	3	8	67	-10.1	-2.6	9.71174679156758	-999.9	0	2.89351851851853	2.84605490003919	330
HARRINGTON_CDA_CS	2021	3	9	68	-11.3	2.2	13.1956279309252	-999.9	1	2.59259259259259	3.46546503383415	330
HARRINGTON_CDA_CS	2021	3	10	69	-6.2	2.7	10.8494152617426	-999.9	0	2.33796296296296	3.90501723432321	330
HARRINGTON_CDA_CS	2021	3	11	70	-1.4	7	10.6720981583283	-999.9	0	6.65509259259258	5.70018775677758	330
HARRINGTON_CDA_CS	2021	3	12	71	0.8	9.5	10.9955859037658	-999.9	0	6.41203703703703	5.24498138793035	330
HARRINGTON_CDA_CS	2021	3	13	72	-5.6	1.2	9.84035219925937	-999.9	0.2	6.33101851851853	3.13624278535647	330
HARRINGTON_CDA_CS	2021	3	14	73	-9.2	-4.8	8.01176101649774	-999.9	0.4	3.66898148148147	2.24215743764937	330
HARRINGTON_CDA_CS	2021	3	15	74	-11.9	-8.8	6.80573767801496	-999.9	1.3	6.59722222222222	1.98680694821378	330
HARRINGTON_CDA_CS	2021	3	16	75	-14.3	-9.5	8.56947495646308	-999.9	0.7	5.19675925925925	1.59525157958525	330
HARRINGTON_CDA_CS	2021	3	17	76	-12.7	4.7	16.507956276631	-999.9	0	3.53009259259258	2.51982831092051	330
HARRINGTON_CDA_CS	2021	3	18	77	-3.9	4.3	11.4645215120825	-999.9	1.6	4.61805555555556	5.352856961949	330
HARRINGTON_CDA_CS	2021	3	19	78	-8.8	-3.8	9.05542810198146	-999.9	1.6	6.89814814814814	2.66970658246431	330
HARRINGTON_CDA_CS	2021	3	20	79	-9.4	5.1	15.5964978180823	-999.9	0	3.09027777777778	2.98191924816995	330
HARRINGTON_CDA_CS	2021	3	21	80	-2.5	10.9	15.1620606769628	-999.9	0	2.85879629629631	4.37315244107013	330
HARRINGTON_CDA_CS	2021	3	22	81	2.5	12.6	13.3098284708891	-999.9	0	4.27083333333333	4.79325276695298	330
HARRINGTON_CDA_CS	2021	3	23	82	1.5	12.7	14.1699891710608	-999.9	0	4.10879629629631	4.8368511347776	330
HARRINGTON_CDA_CS	2021	3	24	83	3.1	14.5	14.451206258671	-999.9	0	3.06712962962964	8.30198104430109	330
HARRINGTON_CDA_CS	2021	3	25	84	3.5	13.5	13.6799637710492	-999.9	0	4.0625	8.98941936311939	330
HARRINGTON_CDA_CS	2021	3	26	85	0	12.1	15.207321332699	-999.9	34.1	4.00462962962964	8.94064127783835	330
HARRINGTON_CDA_CS	2021	3	27	86	-3.2	0.5	8.49723350092597	-999.9	2	8.36805555555556	4.84208193360428	330
HARRINGTON_CDA_CS	2021	3	28	87	-3.3	2.5	10.7485203275604	-999.9	4.2	4.64120370370369	4.33449510944653	330
HARRINGTON_CDA_CS	2021	3	29	88	-2.1	9	15.0208781105705	-999.9	1.3	8.31018518518519	6.60010306399067	330
HARRINGTON_CDA_CS	2021	3	30	89	-3.8	5.3	13.7370876712239	-999.9	0	4.35185185185186	3.28754947086729	330
HARRINGTON_CDA_CS	2021	3	31	90	0.7	15.5	17.6923628384933	-999.9	0	5.74074074074075	6.97716107021203	330
HARRINGTON_CDA_CS	2021	4	1	91	7.4	15	12.8021686777262	-999.9	4.9	7.25694444444445	11.5862640342149	330
HARRINGTON_CDA_CS	2021	4	2	92	-1.7	8.5	14.9740504714699	-999.9	2.1	3.31018518518519	7.37984830981063	330
HARRINGTON_CDA_CS	2021	4	3	93	-2.1	-0.2	6.52407739564005	-999.9	0	4.23611111111111	4.71375239794672	330
HARRINGTON_CDA_CS	2021	4	4	94	-2	1.3	8.67846638409977	-999.9	5.2	2.67361111111111	5.59137449361842	330
HARRINGTON_CDA_CS	2021	4	5	95	0.3	7.9	13.2915961069162	-999.9	0	3.94675925925925	7.44780908331129	330
HARRINGTON_CDA_CS	2021	4	6	96	0.4	5.2	10.6589865668289	-999.9	0	3.44907407407408	7.24796227109732	330
HARRINGTON_CDA_CS	2021	4	7	97	-0.4	5.9	12.3205813475429	-999.9	0	4.36342592592592	7.26984999150185	330
HARRINGTON_CDA_CS	2021	4	8	98	0.8	8.4	13.6513023359778	-999.9	0	4.80324074074075	7.81995971964797	330
HARRINGTON_CDA_CS	2021	4	9	99	1.4	11.2	15.6360662748072	-999.9	0	3.81944444444444	7.50202597389528	330
HARRINGTON_CDA_CS	2021	4	10	100	-2.9	3.5	12.7436118964315	-999.9	0	4.375	4.81158669419553	330
HARRINGTON_CDA_CS	2021	4	11	101	-2.9	3.1	12.4424894794326	-999.9	0	5.30092592592592	5.24976517523183	330
HARRINGTON_CDA_CS	2021	4	12	102	0.1	4.4	10.6202843125252	-999.9	0	6.78240740740742	6.77744587027293	330
HARRINGTON_CDA_CS	2021	4	13	103	0.7	3.9	9.23609640947916	-999.9	0	8.86574074074075	6.28860070954977	330
HARRINGTON_CDA_CS	2021	4	14	104	-1.1	4.1	11.8677433195656	-999.9	0	6.25	5.85913673442124	330
HARRINGTON_CDA_CS	2021	4	15	105	-1.5	5.4	13.7779829762765	-999.9	0	4.38657407407408	5.94568631684629	330
HARRINGTON_CDA_CS	2021	4	16	106	-2.7	7.9	17.2087949365202	-999.9	0	4.09722222222222	5.92495392354159	330
HARRINGTON_CDA_CS	2021	4	17	107	0.5	2.6	7.71765921882685	-999.9	4.2	5.10416666666667	6.20680924492678	330
HARRINGTON_CDA_CS	2021	4	18	108	0	2.7	8.81613951738702	-999.9	15.2	6.28472222222222	6.59531584356869	330
HARRINGTON_CDA_CS	2021	4	19	109	0.2	6.4	13.4572229851178	-999.9	3.5	4.39814814814814	6.83546665795267	330
HARRINGTON_CDA_CS	2021	4	20	110	2.1	9.1	14.4017174436676	-999.9	0	3.03240740740742	7.71058327869441	330
HARRINGTON_CDA_CS	2021	4	21	111	3.7	15.8	19.0680583235046	-999.9	0	3.20601851851853	7.67811931000849	330
HARRINGTON_CDA_CS	2021	4	22	112	0	14.3	20.8724495142933	-999.9	0.2	8.09027777777778	7.78112736154005	330
HARRINGTON_CDA_CS	2021	4	23	113	-1.5	5.1	14.2761899299715	-999.9	0.6	7.71990740740742	4.96736203794726	330
HARRINGTON_CDA_CS	2021	4	24	114	0.3	10.5	17.8656559249145	-999.9	0	3.79629629629631	5.56992997434485	330
HARRINGTON_CDA_CS	2021	4	25	115	2.3	19.4	23.283019310194	-999.9	2.8	3.51851851851853	7.59360250427577	330
HARRINGTON_CDA_CS	2021	4	26	116	4.4	11.4	14.9919013272989	-999.9	12.6	4.43287037037036	9.60208456832774	330
HARRINGTON_CDA_CS	2021	4	27	117	2.6	6.6	11.403771073243	-999.9	1	3.62268518518519	7.88385407959062	330
HARRINGTON_CDA_CS	2021	4	28	118	2.6	9.9	15.5001297594829	-999.9	0	2.08333333333333	8.15316028366362	330
HARRINGTON_CDA_CS	2021	4	29	119	2	14.5	20.4046520274236	-999.9	0	1.84027777777778	7.7072086361032	330
HARRINGTON_CDA_CS	2021	4	30	120	2.3	8.6	14.571017600693	-999.9	19.6	4.10879629629631	7.90824963338586	330
HARRINGTON_CDA_CS	2021	5	1	121	2.2	7.7	13.6927847224211	-999.9	3.3	6.07638888888889	7.46476055670921	330
HARRINGTON_CDA_CS	2021	5	2	122	3.3	11.7	17.0171402761535	-999.9	0	4.35185185185186	5.92975251803141	330
HARRINGTON_CDA_CS	2021	5	3	123	2.2	13.1	19.4913816438539	-999.9	0	4.21296296296297	5.43755822974845	330
HARRINGTON_CDA_CS	2021	5	4	124	0.6	10.7	18.8633450884985	-999.9	0	1.94444444444444	5.14165745780659	330
HARRINGTON_CDA_CS	2021	5	5	125	0.3	11.9	20.3217982935918	-999.9	0	2.12962962962963	6.17382131386665	330
HARRINGTON_CDA_CS	2021	5	6	126	2.6	7.1	12.7221717274978	-999.9	16	3.98148148148147	7.91672858223673	330
HARRINGTON_CDA_CS	2021	5	7	127	0	6.3	15.1284392009281	-999.9	0	3.26388888888889	6.65956737505482	330
HARRINGTON_CDA_CS	2021	5	8	128	-0.3	3.8	12.2639928455148	-999.9	8	6.93287037037036	6.70273588004374	330
HARRINGTON_CDA_CS	2021	5	9	129	0.9	6.6	14.5291769578988	-999.9	1.6	7.15277777777778	7.01787402421444	330
HARRINGTON_CDA_CS	2021	5	10	130	0.9	11.2	19.6215626602187	-999.9	0	2.1412037037037	6.44567432641088	330
HARRINGTON_CDA_CS	2021	5	11	131	-0.1	11.5	20.917192177078	-999.9	2.5	1.95601851851852	6.26198701436334	330
HARRINGTON_CDA_CS	2021	5	12	132	1	7.2	15.3595295791851	-999.9	2.1	3.27546296296297	7.06393673295194	330
HARRINGTON_CDA_CS	2021	5	13	133	2.7	14.3	21.0992612816313	-999.9	0	2.51157407407408	7.38283924966933	330
HARRINGTON_CDA_CS	2021	5	14	134	2.3	13.4	20.7254837663865	-999.9	0	2.36111111111111	7.45788648227127	330
HARRINGTON_CDA_CS	2021	5	15	135	1.8	14.1	21.9053225954062	-999.9	0	1.59722222222222	6.65158323703584	330
HARRINGTON_CDA_CS	2021	5	16	136	5.7	15.6	19.7295787617603	-999.9	0	2.61574074074074	8.4005955418554	330
HARRINGTON_CDA_CS	2021	5	17	137	4.8	18.3	23.1270185424053	-999.9	0	2.22222222222222	10.3656597221752	330
HARRINGTON_CDA_CS	2021	5	18	138	6.3	17.4	21.0482721840545	-999.9	4.2	2.16435185185185	11.8265375013555	330
HARRINGTON_CDA_CS	2021	5	19	139	3.9	10.7	16.5333734918432	-999.9	0	3.65740740740742	9.84137311541097	330
HARRINGTON_CDA_CS	2021	5	20	140	4.1	17	22.8509364139622	-999.9	0	2.25694444444444	10.7747931361163	330
HARRINGTON_CDA_CS	2021	5	21	141	9.1	23.7	24.3914697212867	-999.9	0	5.75231481481481	11.0800552468512	330
HARRINGTON_CDA_CS	2021	5	22	142	10.2	14	12.4840701150393	-999.9	16	7.60416666666667	11.2865787922532	330
HARRINGTON_CDA_CS	2021	5	23	143	4.9	17.5	22.8035879636042	-999.9	9.3	6.65509259259258	11.9646818797128	330
HARRINGTON_CDA_CS	2021	5	24	144	3.1	11.2	18.3385405298326	-999.9	0	3.85416666666667	6.57422393681182	330
HARRINGTON_CDA_CS	2021	5	25	145	7.8	17.6	20.2297566043244	-999.9	0	7.32638888888889	10.3028791504042	330
HARRINGTON_CDA_CS	2021	5	26	146	11	25.3	24.5048574749489	-999.9	0	5.70601851851853	15.4236303964912	330
HARRINGTON_CDA_CS	2021	5	27	147	5.5	18.5	23.4268408807776	-999.9	0.2	5.39351851851853	10.2619416701486	330
HARRINGTON_CDA_CS	2021	5	28	148	2.9	10.4	17.8394753390041	-999.9	0	3.36805555555556	5.29301006850458	330
HARRINGTON_CDA_CS	2021	5	29	149	1.9	10.3	18.9257081962507	-999.9	0	1.33101851851852	5.76013194695153	330
HARRINGTON_CDA_CS	2021	5	30	150	2.3	12.4	20.8010872755939	-999.9	0	2.73148148148148	6.91902170285381	330
HARRINGTON_CDA_CS	2021	5	31	151	8	20.7	23.3771736776709	-999.9	11.8	5.49768518518519	14.4281434586048	330
HARRINGTON_CDA_CS	2021	6	1	152	8.8	18.2	20.1544493564533	-999.9	0	3.21759259259258	13.0891870777721	330
HARRINGTON_CDA_CS	2021	6	2	153	11.4	24.7	24.0215982330716	-999.9	0	4.0625	12.5457043314243	330
HARRINGTON_CDA_CS	2021	6	3	154	11.7	24.5	23.6103515014833	-999.9	0.2	4.01620370370369	13.2938637020501	330
HARRINGTON_CDA_CS	2021	6	4	155	13.8	22.4	19.3874423188356	-999.9	0	5.10416666666667	18.3159899894912	330
HARRINGTON_CDA_CS	2021	6	5	156	13	25.5	23.4127630145306	-999.9	0	5.11574074074075	17.842446710889	330
HARRINGTON_CDA_CS	2021	6	6	157	10.6	17.7	17.6728199826842	-999.9	0	2.88194444444444	11.5298762325174	330
HARRINGTON_CDA_CS	2021	6	7	158	11.6	30.3	28.7229632900946	-999.9	0	5.34722222222222	16.7410852283156	330
HARRINGTON_CDA_CS	2021	6	8	159	14.6	31.3	27.180113814949	-999.9	2.9	4.56018518518519	18.6187704743625	330
HARRINGTON_CDA_CS	2021	6	9	160	7.9	20.7	23.8251441025684	-999.9	0.2	2.5462962962963	11.8575337781255	330
HARRINGTON_CDA_CS	2021	6	10	161	3.6	11.8	19.0909699225168	-999.9	0	6.33101851851853	7.63393438167285	330
HARRINGTON_CDA_CS	2021	6	11	162	3.9	18.2	25.236706462656	-999.9	0	3.92361111111111	7.93290398930839	330
HARRINGTON_CDA_CS	2021	6	12	163	9	19.3	21.437789561679	-999.9	0	3.86574074074075	10.3587154243107	330
HARRINGTON_CDA_CS	2021	6	13	164	5.8	14.9	20.166569501833	-999.9	0	2.84722222222222	8.9593583326397	330
HARRINGTON_CDA_CS	2021	6	14	165	5.5	24.7	29.3133295559845	-999.9	0.2	4.89583333333333	10.5256899554509	330
HARRINGTON_CDA_CS	2021	6	15	166	12.5	21.8	20.4132678033894	-999.9	24.9	6.58564814814814	16.8374244985634	330
HARRINGTON_CDA_CS	2021	6	16	167	11.9	22.4	21.7007926059205	-999.9	0.6	3.55324074074075	18.0119002731401	330
HARRINGTON_CDA_CS	2021	6	17	168	10.8	19.2	19.417078479679	-999.9	0	4.30555555555556	11.8920621075085	330
HARRINGTON_CDA_CS	2021	6	18	169	11.1	25	24.9843689473331	-999.9	0	3.24074074074075	12.4161891456216	330
HARRINGTON_CDA_CS	2021	6	19	170	11.7	23.9	23.410523168362	-999.9	16.1	5.19675925925925	14.9722428898912	330
HARRINGTON_CDA_CS	2021	6	20	171	15.3	24.8	20.6593537156	-999.9	0	3.84259259259258	18.7133482436086	330
HARRINGTON_CDA_CS	2021	6	21	172	15.4	27.4	23.2178929504265	-999.9	0	3.36805555555556	17.3063258585539	330
HARRINGTON_CDA_CS	2021	6	22	173	19.1	24.4	15.4276903745562	-999.9	0	6.15740740740742	23.36142807676	330
HARRINGTON_CDA_CS	2021	6	23	174	12.8	20.5	18.5905696545139	-999.9	1.3	3.44907407407408	15.5802816580341	330
HARRINGTON_CDA_CS	2021	6	24	175	12.4	23.1	21.9067092749969	-999.9	0	2.55787037037037	10.964865806606	330
HARRINGTON_CDA_CS	2021	6	25	176	10.4	23.8	24.5035576301611	-999.9	0	4.39814814814814	12.0160910789562	330
HARRINGTON_CDA_CS	2021	6	26	177	17.3	25.3	18.9219892301524	-999.9	0	5.15046296296297	20.4541784129472	330
HARRINGTON_CDA_CS	2021	6	27	178	19.7	22.8	11.7706719144678	-999.9	0	7.29166666666667	21.6246958236142	330
HARRINGTON_CDA_CS	2021	6	28	179	15.8	24.1	19.2447205237875	-999.9	0	3.29861111111111	19.0255347387414	330
HARRINGTON_CDA_CS	2021	6	29	180	15.7	27.2	22.632220370882	-999.9	35.2	1.73611111111111	23.8605649022926	330
HARRINGTON_CDA_CS	2021	6	30	181	16.7	21.8	15.0564475119174	-999.9	1.6	0.798611111111111	22.0665640161966	330
HARRINGTON_CDA_CS	2021	7	1	182	12.3	20.2	18.7181804422048	-999.9	3.5	3.81944444444444	18.0651993330619	330
HARRINGTON_CDA_CS	2021	7	2	183	11.3	13.8	10.5168622503885	-999.9	0.2	5.16203703703703	13.0669392917641	330
HARRINGTON_CDA_CS	2021	7	3	184	11.2	14.6	12.248280887824	-999.9	0	4.31712962962964	12.6796281282907	330
HARRINGTON_CDA_CS	2021	7	4	185	10.7	12.6	9.14292868145455	-999.9	27.5	6.14583333333333	12.6745041704118	330
HARRINGTON_CDA_CS	2021	7	5	186	10.8	18.9	18.8485175391257	-999.9	1.5	2.74305555555556	14.1476686145792	330
HARRINGTON_CDA_CS	2021	7	6	187	14.5	24.1	20.4856481720945	-999.9	0	5.67129629629631	17.636392208191	330
HARRINGTON_CDA_CS	2021	7	7	188	11.8	23.8	22.8632152934609	-999.9	0	3.51851851851853	15.7737183065483	330
HARRINGTON_CDA_CS	2021	7	8	189	12	16.7	14.2817464408924	-999.9	0	2.23429951690821	12.0156730385883	330
HARRINGTON_CDA_CS	2021	7	9	190	13.1	22.3	19.9418319307021	-999.9	17.9	4.78009259259258	18.6739939356732	330
HARRINGTON_CDA_CS	2021	7	10	191	12.5	20.5	18.5570031692587	-999.9	0.7	4.16666666666667	15.6661062143036	330
HARRINGTON_CDA_CS	2021	7	11	192	11.4	24	23.2376767588884	-999.9	0	1.44675925925926	15.9203423798231	330
HARRINGTON_CDA_CS	2021	7	12	193	10.6	19.7	19.7026887656969	-999.9	0	2.30324074074074	12.5013107187712	330
HARRINGTON_CDA_CS	2021	7	13	194	10.1	24.1	24.3791673372081	-999.9	0	1.27314814814815	12.5463327083739	330
HARRINGTON_CDA_CS	2021	7	14	195	14.1	23.4	19.8197855467122	-999.9	0	3.94675925925925	14.4169795776759	330
HARRINGTON_CDA_CS	2021	7	15	196	16.6	24.4	18.1033883834273	-999.9	23.9	5.23148148148147	21.0461255837622	330
HARRINGTON_CDA_CS	2021	7	16	197	19.2	27.9	19.0668798478436	-999.9	0	5.10416666666667	24.6561150776023	330
HARRINGTON_CDA_CS	2021	7	17	198	16.1	24.8	19.0125025872075	-999.9	0	1.59722222222222	16.959989025074	330
HARRINGTON_CDA_CS	2021	7	18	199	16.2	26.4	20.5253934269854	-999.9	0	0.555555555555556	18.3875645318463	330
HARRINGTON_CDA_CS	2021	7	19	200	18.2	25.6	17.4289393543835	-999.9	0	1.21527777777778	22.4721567620342	330
HARRINGTON_CDA_CS	2021	7	20	201	17.1	24.1	16.8973896144226	-999.9	0	2.4537037037037	21.6534335245604	330
HARRINGTON_CDA_CS	2021	7	21	202	16.1	19.2	11.2077541848404	-999.9	24	2.44212962962963	19.5753584240624	330
HARRINGTON_CDA_CS	2021	7	22	203	13.8	16.4	10.2292330117886	-999.9	27.7	4.02777777777778	16.5280615807967	330
HARRINGTON_CDA_CS	2021	7	23	204	12.6	20.6	17.8801586832744	-999.9	0.4	2.61574074074074	15.6475297216036	330
HARRINGTON_CDA_CS	2021	7	24	205	13	21.8	18.6848169956911	-999.9	0.3	1.27314814814815	16.9436446359192	330
HARRINGTON_CDA_CS	2021	7	25	206	12.2	24.7	22.185776756604	-999.9	0	3.11342592592592	16.081896222112	330
HARRINGTON_CDA_CS	2021	7	26	207	15.7	21.8	15.438584106878	-999.9	0.2	3.50694444444444	19.0829622094753	330
HARRINGTON_CDA_CS	2021	7	27	208	17.7	24.4	16.1158597756606	-999.9	0	2.01388888888889	20.4308415182085	330
HARRINGTON_CDA_CS	2021	7	28	209	13.8	19.2	14.4091015012954	-999.9	0	2.08333333333333	15.7278185117822	330
HARRINGTON_CDA_CS	2021	7	29	210	12	22.5	20.0082371169998	-999.9	0	3.31018518518519	13.1687852008892	330
HARRINGTON_CDA_CS	2021	7	30	211	14	17.4	11.3364687819972	-999.9	14.9	3.69212962962964	15.6174497869127	330
HARRINGTON_CDA_CS	2021	7	31	212	13.6	20.4	15.9612445181373	-999.9	0	5	16.1391272449894	330
HARRINGTON_CDA_CS	2021	8	1	213	12.9	22.6	18.9767438692532	-999.9	0	3.73842592592592	14.1071687399709	330
HARRINGTON_CDA_CS	2021	8	2	214	12.4	21.9	18.6926348240828	-999.9	6.4	2.83564814814814	15.7948340981161	330
HARRINGTON_CDA_CS	2021	8	3	215	13.5	23.4	18.9910219805602	-999.9	0	4.64120370370369	15.3793497598422	330
HARRINGTON_CDA_CS	2021	8	4	216	14.8	22.9	17.0940184263932	-999.9	0	2.62731481481481	16.4774388250227	330
HARRINGTON_CDA_CS	2021	8	5	217	16.5	23.3	15.5838837044452	-999.9	9.6	3.99305555555556	20.7657343903687	330
HARRINGTON_CDA_CS	2021	8	6	218	17.9	25.7	16.6049110784996	-999.9	5.4	5.46296296296297	22.9363801025061	330
HARRINGTON_CDA_CS	2021	8	7	219	17	26.4	18.1329880716239	-999.9	0	5.05787037037036	20.6896887430162	330
HARRINGTON_CDA_CS	2021	8	8	220	11.3	20	17.3511879070719	-999.9	0	3.84259259259258	14.8712744507009	330
HARRINGTON_CDA_CS	2021	8	9	221	10.9	21.2	18.775868370092	-999.9	0	0.740740740740742	14.8277918573264	330
HARRINGTON_CDA_CS	2021	8	10	222	15.5	25.1	18.02504326158	-999.9	0	3.35648148148147	19.8710441040335	330
HARRINGTON_CDA_CS	2021	8	11	223	18.5	26.7	16.5635758945302	-999.9	0	2.12962962962963	23.6682560208861	330
HARRINGTON_CDA_CS	2021	8	12	224	19.4	27.6	16.4667360708764	-999.9	0	2.31481481481481	25.7315604692781	330
HARRINGTON_CDA_CS	2021	8	13	225	21.7	30.6	17.0528008116813	-999.9	0	2.83564814814814	28.792281094361	330
HARRINGTON_CDA_CS	2021	8	14	226	20.6	29.8	17.2322184071287	-999.9	0	2.48842592592593	25.7533881007825	330
HARRINGTON_CDA_CS	2021	8	15	227	16	24.8	16.7487101253406	-999.9	0	1.68981481481481	19.8838482938304	330
HARRINGTON_CDA_CS	2021	8	16	228	15	22.8	15.6684497002345	-999.9	0	1.5162037037037	14.808448540897	330
HARRINGTON_CDA_CS	2021	8	17	229	14.9	27.1	19.468972558159	-999.9	0	3.53009259259258	17.3133410937956	330
HARRINGTON_CDA_CS	2021	8	18	230	16.5	25	16.1436755633694	-999.9	0	3.93518518518519	19.723963453247	330
HARRINGTON_CDA_CS	2021	8	19	231	18.4	27.8	16.8628870926678	-999.9	0	3.64583333333333	23.9231780293119	330
HARRINGTON_CDA_CS	2021	8	20	232	18.3	28.3	17.2738052960941	-999.9	0	3.63425925925925	24.3696381335088	330
HARRINGTON_CDA_CS	2021	8	21	233	14.4	23.4	16.2732397294697	-999.9	0	1.68981481481481	16.6446596184542	330
HARRINGTON_CDA_CS	2021	8	22	234	13.2	24.9	18.4227707957442	-999.9	0	0.752314814814814	17.8712241359089	330
HARRINGTON_CDA_CS	2021	8	23	235	15.7	26.6	17.6534176643612	-999.9	0	3.36805555555556	19.1892411728662	330
HARRINGTON_CDA_CS	2021	8	24	236	20	26.2	13.2162724424055	-999.9	0.2	4.62962962962964	24.6090625205131	330
HARRINGTON_CDA_CS	2021	8	25	237	19.1	26.7	14.5231684747959	-999.9	0	0.995370370370369	23.2147766681341	330
HARRINGTON_CDA_CS	2021	8	26	238	18.1	29.4	17.5743345943184	-999.9	5.6	2.78935185185186	23.9222041344796	330
HARRINGTON_CDA_CS	2021	8	27	239	15.3	22.4	13.8228433854945	-999.9	0	4.98842592592592	16.0508600162591	330
HARRINGTON_CDA_CS	2021	8	28	240	11.4	19.6	14.7382851251628	-999.9	0	5.34722222222222	10.6743943519877	330
HARRINGTON_CDA_CS	2021	8	29	241	10.8	23	17.833428916936	-999.9	0	2.40740740740741	12.6540966319226	330
HARRINGTON_CDA_CS	2021	8	30	242	13.3	20.1	13.2058768397581	-999.9	2.3	4.01620370370369	16.1767702360599	330
HARRINGTON_CDA_CS	2021	8	31	243	17.4	26.9	15.4801519867305	-999.9	0	3.33333333333333	21.5348369054725	330
HARRINGTON_CDA_CS	2021	9	1	244	13.7	22.4	14.6898148976686	-999.9	0	2.48842592592593	16.9692260196757	330
HARRINGTON_CDA_CS	2021	9	2	245	13.2	21.6	14.3114008069	-999.9	114.8	2.41898148148148	18.9722262311912	330
HARRINGTON_CDA_CS	2021	9	3	246	9.7	18.2	14.2718471877708	-999.9	0.2	4.67592592592592	13.6220113255129	330
HARRINGTON_CDA_CS	2021	9	4	247	9.8	14	9.94410995396489	-999.9	5.6	4.83796296296297	12.5842752417084	330
HARRINGTON_CDA_CS	2021	9	5	248	11.3	14.6	8.73596816137605	-999.9	0.3	2.25694444444444	12.5874288293787	330
HARRINGTON_CDA_CS	2021	9	6	249	13.9	18.6	10.3313719423787	-999.9	29.3	5.47453703703703	16.8641203268749	330
HARRINGTON_CDA_CS	2021	9	7	250	13.6	20.4	12.3129092309798	-999.9	0	5.06944444444445	15.7338252046833	330
HARRINGTON_CDA_CS	2021	9	8	251	13.1	23.7	15.2299490033201	-999.9	0	3.10185185185186	16.1319373992127	330
HARRINGTON_CDA_CS	2021	9	9	252	16.3	23.4	12.346848855068	-999.9	13.1	5.46296296296297	21.0379443917406	330
HARRINGTON_CDA_CS	2021	9	10	253	14.7	25.1	14.8001883048895	-999.9	32	4.52546296296297	21.9615140392523	330
HARRINGTON_CDA_CS	2021	9	11	254	12.3	19.4	12.1100401717728	-999.9	0	4.61805555555556	14.2011984976866	330
HARRINGTON_CDA_CS	2021	9	12	255	12.4	22	13.943126385933	-999.9	0	5.20833333333333	16.049324668304	330
HARRINGTON_CDA_CS	2021	9	13	256	10.7	19.6	13.2913804984973	-999.9	0	2.7662037037037	12.7108702626118	330
HARRINGTON_CDA_CS	2021	9	14	257	5.1	15.3	14.0853695333483	-999.9	0	2.97453703703703	9.90252228682267	330
HARRINGTON_CDA_CS	2021	9	15	258	4.9	19.8	16.8498894357788	-999.9	0	5.23148148148147	11.6156674580249	330
HARRINGTON_CDA_CS	2021	9	16	259	10.4	19.7	13.1741934397971	-999.9	0.7	2.99768518518519	13.648933564333	330
HARRINGTON_CDA_CS	2021	9	17	260	9.6	21.8	14.9308391223894	-999.9	0	3.34490740740742	14.751886396907	330
HARRINGTON_CDA_CS	2021	9	18	261	15.7	25.4	13.1721072506714	-999.9	0	4.27083333333333	20.4306827934413	330
HARRINGTON_CDA_CS	2021	9	19	262	10.8	16.4	9.90084208002926	-999.9	0	6.84027777777778	11.734738693222	330
HARRINGTON_CDA_CS	2021	9	20	263	10.8	17.6	10.7915857708956	-999.9	0	0.995370370370369	11.1374035214604	330
HARRINGTON_CDA_CS	2021	9	21	264	10.7	21	13.1354947469016	-999.9	0	2.78935185185186	13.0675211295903	330
HARRINGTON_CDA_CS	2021	9	22	265	13	22.7	12.6053649235912	-999.9	0	3.55324074074075	16.3449826992719	330
HARRINGTON_CDA_CS	2021	9	23	266	14.8	23.6	11.8712864722808	-999.9	0	2.01058201058201	17.7628582277596	330
HARRINGTON_CDA_CS	2021	9	24	267	12.8	24.2	13.357999105709	-999.9	0	1.31944444444444	17.3648840647624	330
HARRINGTON_CDA_CS	2021	9	25	268	16.4	22.3	9.49934568750325	-999.9	0	5.59027777777778	19.6125694382349	330
HARRINGTON_CDA_CS	2021	9	26	269	15.3	20.2	8.55640170769376	-999.9	15.6	5.97222222222222	18.7749879519023	330
HARRINGTON_CDA_CS	2021	9	27	270	13.1	18.3	8.71099153231902	-999.9	0	4.23611111111111	13.6848556661242	330
HARRINGTON_CDA_CS	2021	9	28	271	11.3	17.5	9.39902012583148	-999.9	1.2	1.73611111111111	13.293362438583	330
HARRINGTON_CDA_CS	2021	9	29	272	10.7	14.7	7.45909748831839	-999.9	2.8	3.63425925925925	12.6804666466513	330
HARRINGTON_CDA_CS	2021	9	30	273	7.4	15.9	10.7419916469484	-999.9	0.2	3.04398148148147	12.1430664391908	330
HARRINGTON_CDA_CS	2021	10	1	274	6.5	14.1	10.0334787194642	-999.9	0	1.84027777777778	10.5769289241912	330
HARRINGTON_CDA_CS	2021	10	2	275	8	12.8	7.87564182512236	-999.9	0.4	2.36111111111111	10.4156497930688	330
HARRINGTON_CDA_CS	2021	10	3	276	6.5	14.1	9.7868939426331	-999.9	1.7	1.48148148148148	10.4249314322182	330
HARRINGTON_CDA_CS	2021	10	4	277	5.3	12.7	9.53629854691248	-999.9	0	3.72685185185186	9.12098495491659	330
HARRINGTON_CDA_CS	2021	10	5	278	6.1	17.5	11.6868239612883	-999.9	0	1.35416666666667	11.1812769264972	330
HARRINGTON_CDA_CS	2021	10	6	279	7.7	19.4	11.6888674375813	-999.9	0	1.16898148148148	11.4480487973299	330
HARRINGTON_CDA_CS	2021	10	7	280	11.6	20.6	10.1202840135042	-999.9	0	0.868055555555556	13.4422315443805	330
HARRINGTON_CDA_CS	2021	10	8	281	7	14	8.80988388255276	-999.9	0	6.03009259259258	8.75376565604063	330
HARRINGTON_CDA_CS	2021	10	9	282	3.5	12.4	9.80448956009756	-999.9	0	1.57407407407407	7.74671569981368	330
HARRINGTON_CDA_CS	2021	10	10	283	3.7	15.4	11.0941041527608	-999.9	0	2.00231481481481	9.20500522079457	330
HARRINGTON_CDA_CS	2021	10	11	284	8.4	16.9	9.33125524740703	-999.9	0	1.04166666666667	12.7787648377106	330
HARRINGTON_CDA_CS	2021	10	12	285	7.1	19.1	10.939968052041	-999.9	0	0.914351851851853	13.6790521277127	330
HARRINGTON_CDA_CS	2021	10	13	286	11.1	14.9	6.07403384242102	-999.9	10.2	0.261437908496732	13.6733087148454	330
HARRINGTON_CDA_CS	2021	10	14	287	7.5	13.4	7.46686425174774	-999.9	2.5	2.99768518518519	11.7453072134605	330
HARRINGTON_CDA_CS	2021	10	15	288	6.8	14	8.13718131498952	-999.9	0	2.38425925925926	10.7375113114969	330
HARRINGTON_CDA_CS	2021	10	16	289	6.8	16.6	9.36454772055299	-999.9	0.7	1.94444444444444	12.0280286491388	330
HARRINGTON_CDA_CS	2021	10	17	290	13.3	17.6	6.1185218138068	-999.9	8	6.84027777777778	15.2980070805613	330
HARRINGTON_CDA_CS	2021	10	18	291	7.7	14	7.30458617675599	-999.9	2.2	2.31481481481481	11.2715250543709	330
HARRINGTON_CDA_CS	2021	10	19	292	3.1	10	7.53944934255373	-999.9	0	2.5462962962963	8.16035032230681	330
HARRINGTON_CDA_CS	2021	10	20	293	3.5	12.4	8.44459334028032	-999.9	0	2.10648148148148	9.23232572104097	330
HARRINGTON_CDA_CS	2021	10	21	294	7.6	14	7.06193345380987	-999.9	0	2.68518518518519	10.453255687443	330
HARRINGTON_CDA_CS	2021	10	22	295	9.8	20.6	9.04646843488102	-999.9	1.6	4.32870370370369	15.1099657300292	330
HARRINGTON_CDA_CS	2021	10	23	296	12.6	16.8	5.56303232572669	-999.9	1.9	0.810185185185186	15.3378274736173	330
HARRINGTON_CDA_CS	2021	10	24	297	6.1	12.6	6.82420652745215	-999.9	24.7	4.13194444444444	10.4064716614025	330
HARRINGTON_CDA_CS	2021	10	25	298	2.8	9.7	6.93298232800028	-999.9	0	2.70833333333333	7.92648627835831	330
HARRINGTON_CDA_CS	2021	10	26	299	2.2	12.4	8.31170338333869	-999.9	0	2.29166666666667	8.57055232616008	330
HARRINGTON_CDA_CS	2021	10	27	300	8	10.8	4.29398604193749	-999.9	0	7.56944444444445	9.07914075722168	330
HARRINGTON_CDA_CS	2021	10	28	301	7.4	8.7	2.88499613243263	-999.9	0	8.83101851851853	7.9217573639462	330
HARRINGTON_CDA_CS	2021	10	29	302	6.1	10.2	5.05197097070411	-999.9	0	5.37037037037036	8.73952688457906	330
HARRINGTON_CDA_CS	2021	10	30	303	2.1	12.4	7.89567992023514	-999.9	0	0.983796296296297	9.16226684406353	330
HARRINGTON_CDA_CS	2021	10	31	304	7.9	14.3	6.13723700760335	-999.9	13.7	6.85185185185186	11.8578948132867	330
HARRINGTON_CDA_CS	2021	11	1	305	6.3	16	7.45065039352843	-999.9	0	4.54861111111111	10.3874052933174	330
HARRINGTON_CDA_CS	2021	11	2	306	3	11.9	7.03794229804598	-999.9	0	3.20601851851853	6.4589623257855	330
HARRINGTON_CDA_CS	2021	11	3	307	2.8	10.8	6.58049694699873	-999.9	3.8	2.02546296296296	8.05010295013848	330
HARRINGTON_CDA_CS	2021	11	4	308	-0.2	6.3	5.85002536471138	-999.9	0	2.5	5.7245390541424	330
HARRINGTON_CDA_CS	2021	11	5	309	-1.3	6.3	6.23912182766858	-999.9	0	2.2337962962963	4.77492943609174	330
HARRINGTON_CDA_CS	2021	11	6	310	-2.5	8.7	7.47090925308059	-999.9	0	3.69212962962964	5.1136534136512	330
HARRINGTON_CDA_CS	2021	11	7	311	2.1	10.9	6.53265615300569	-999.9	0	2.71990740740741	6.84070505239115	330
HARRINGTON_CDA_CS	2021	11	8	312	1.5	12.5	7.20558427470061	-999.9	0	1.26157407407407	7.80511501647812	330
HARRINGTON_CDA_CS	2021	11	9	313	2.3	13.6	7.20578169069015	-999.9	0	1.65509259259259	8.14168150606141	330
HARRINGTON_CDA_CS	2021	11	10	314	2.9	7.9	4.72982263236365	-999.9	5.6	0.3125	7.45785098316929	330
HARRINGTON_CDA_CS	2021	11	11	315	1.4	6.2	4.57353301295216	-999.9	0	5.12731481481481	5.08415716738057	330
HARRINGTON_CDA_CS	2021	11	12	316	-0.8	6.5	5.56700803965987	-999.9	0.9	1.28472222222222	5.16764585436271	330
HARRINGTON_CDA_CS	2021	11	13	317	5.2	15.8	6.62224157030767	-999.9	3.9	5.97222222222222	11.1812358652703	330
HARRINGTON_CDA_CS	2021	11	14	318	1.6	9.2	5.53627493664565	-999.9	2.2	2.96296296296297	8.06964248304679	330
HARRINGTON_CDA_CS	2021	11	15	319	2	8.4	5.01685353096117	-999.9	16.2	3.10185185185186	8.14693298153472	330
HARRINGTON_CDA_CS	2021	11	16	320	0	3.4	3.61150371590045	-999.9	0.8	6.65509259259258	5.10826948917377	330
HARRINGTON_CDA_CS	2021	11	17	321	-1.5	3.9	4.49608053153473	-999.9	0	4.18981481481481	4.84452346884767	330
HARRINGTON_CDA_CS	2021	11	18	322	-1.1	12.4	7.02391064087782	-999.9	1.8	4.43287037037036	8.01885437720094	330
HARRINGTON_CDA_CS	2021	11	19	323	0.5	13.2	6.7325573091157	-999.9	9.3	3.21759259259258	9.14991157095863	330
HARRINGTON_CDA_CS	2021	11	20	324	-3.1	3.3	4.7242236399251	-999.9	1.6	3.02083333333333	4.51047047194845	330
HARRINGTON_CDA_CS	2021	11	21	325	-3.6	6.4	5.83853447688569	-999.9	2.6	2.25694444444444	5.52863455955951	330
HARRINGTON_CDA_CS	2021	11	22	326	6.3	11.9	4.32083172300079	-999.9	25.7	7.98611111111111	9.98061992236945	330
HARRINGTON_CDA_CS	2021	11	23	327	1.7	12.1	5.82466002788761	-999.9	41.5	6.15740740740742	9.40032124900686	330
HARRINGTON_CDA_CS	2021	11	24	328	1.5	4.6	3.14652643781479	-999.9	2.1	7.47685185185186	6.48389533398622	330
HARRINGTON_CDA_CS	2021	11	25	329	3.7	7.2	3.3090413292058	-999.9	8.3	7.53472222222222	8.58760093079584	330
HARRINGTON_CDA_CS	2021	11	26	330	5.5	7.1	2.21498972852426	-999.9	15.8	2.48842592592593	9.27966258645301	330
HARRINGTON_CDA_CS	2021	11	27	331	-2.4	8.7	5.77760135481022	-999.9	4.2	6.78240740740742	6.31765015400014	330
HARRINGTON_CDA_CS	2021	11	28	332	-3.7	0.3	3.43578565132979	-999.9	0	5.48611111111111	3.85712128354571	330
HARRINGTON_CDA_CS	2021	11	29	333	-6.1	4.7	5.59446169643394	-999.9	24.4	2.56944444444444	5.3536585135657	330
HARRINGTON_CDA_CS	2021	11	30	334	-4.2	3.7	4.74302469699404	-999.9	4.2	4.72222222222222	5.32949953462588	330
HARRINGTON_CDA_CS	2021	12	1	335	-4.3	1	3.8523418741707	-999.9	0.2	2.02546296296296	4.11994908105732	330
HARRINGTON_CDA_CS	2021	12	2	336	-4.9	9.1	6.2108359363522	-999.9	7.4	3.04398148148147	6.33635822768073	330
HARRINGTON_CDA_CS	2021	12	3	337	-4.2	9.5	6.09682790016804	-999.9	23.5	5.52083333333333	6.52299818013216	330
HARRINGTON_CDA_CS	2021	12	4	338	-8.7	-4.1	3.50705730566425	-999.9	0	4.14351851851853	2.69534407757335	330
HARRINGTON_CDA_CS	2021	12	5	339	-8.8	-1.7	4.32693299642937	-999.9	0	1.9212962962963	2.97263033008285	330
HARRINGTON_CDA_CS	2021	12	6	340	-7.4	13.9	7.44557969483873	-999.9	2.7	4.94212962962964	6.16163866513079	330
HARRINGTON_CDA_CS	2021	12	7	341	-2.1	14	6.43359597375393	-999.9	12.6	6.78743961352658	5.61920377853666	330
HARRINGTON_CDA_CS	2021	12	8	342	-5.9	-3	2.71487566907746	-999.9	2.3	2.28009259259259	2.67422588450743	330
HARRINGTON_CDA_CS	2021	12	9	343	-7	-2.6	3.32635590056437	-999.9	4.2	5.59027777777778	3.46367901056952	330
HARRINGTON_CDA_CS	2021	12	10	344	-9.2	-0.2	4.73412303478435	-999.9	0	3.37962962962964	3.22274362964963	330
HARRINGTON_CDA_CS	2021	12	11	345	-0.5	12.5	5.66439176112213	-999.9	15.2	3.46064814814814	8.72152709334866	330
HARRINGTON_CDA_CS	2021	12	12	346	0.5	13.4	5.6199168764093	-999.9	2.5	7.24537037037036	7.20635787512439	330
HARRINGTON_CDA_CS	2021	12	13	347	0.7	5.8	3.52100080433838	-999.9	1	5.46296296296297	4.6163696623614	330
HARRINGTON_CDA_CS	2021	12	14	348	-4.1	2.8	4.08268955964294	-999.9	5.7	6.97916666666667	4.58261745827334	330
HARRINGTON_CDA_CS	2021	12	15	349	-5.9	-3.4	2.45092104520898	-999.9	0	4.38657407407408	2.93567570969765	330
HARRINGTON_CDA_CS	2021	12	16	350	-5.3	4.8	4.91536664918145	-999.9	0	4.81481481481481	5.0281804245297	330
HARRINGTON_CDA_CS	2021	12	17	351	0.6	9	4.47476891122654	-999.9	1.8	5.78703703703703	7.02293235784345	330
HARRINGTON_CDA_CS	2021	12	18	352	-2.8	0.6	2.84319810606717	-999.9	0	5.76388888888889	3.41501065468587	330
HARRINGTON_CDA_CS	2021	12	19	353	-3.1	-1.4	2.00877189670929	-999.9	0	2.77777777777778	3.84333018075187	330
HARRINGTON_CDA_CS	2021	12	20	354	-10.7	-3.2	4.21771924602564	-999.9	2.1	3.54166666666667	2.77239737222861	330
HARRINGTON_CDA_CS	2021	12	21	355	-7.3	1	4.43741046670001	-999.9	0	4.96527777777778	3.62297901489159	330
HARRINGTON_CDA_CS	2021	12	22	356	-8.8	2.2	5.11131984348535	-999.9	5.1	4.40972222222222	3.89688421258907	330
HARRINGTON_CDA_CS	2021	12	23	357	-12.7	1.6	5.83382271887138	-999.9	2	6.97916666666667	3.09772498378206	330
HARRINGTON_CDA_CS	2021	12	24	358	-13.7	-8.8	3.42005812700083	-999.9	0	8.18287037037036	1.51281460959707	330
HARRINGTON_CDA_CS	2021	12	25	359	-10.1	-2.3	4.32348401032629	-999.9	0	4.34027777777778	2.73693108358735	330
HARRINGTON_CDA_CS	2021	12	26	360	-3.1	1.5	3.32825269203689	-999.9	0	3.44907407407408	5.09031207012214	330
HARRINGTON_CDA_CS	2021	12	27	361	-1.8	1.3	2.74010571951655	-999.9	0.7	5.35879629629631	5.08110863952475	330
HARRINGTON_CDA_CS	2021	12	28	362	-2.3	0.5	2.61282998616006	-999.9	2.1	1.52777777777778	5.43399965095599	330
HARRINGTON_CDA_CS	2021	12	29	363	-4.6	0.9	3.67581577669003	-999.9	0.4	1.93287037037037	5.05276053166735	330
HARRINGTON_CDA_CS	2021	12	30	364	-4.7	-0.7	3.14800204229774	-999.9	0.2	1.13425925925926	4.68105111812411	330
HARRINGTON_CDA_CS	2021	12	31	365	-2.5	1.7	3.24079939844436	-999.9	0	0.567129629629631	5.45972507195614	330
