HARRINGTON_CDA_CS	2019	1	1	1	-7.9	-1.2	4.11409725635373	-999.9	10.1	5.78703703703703	4.00029270834713	330
HARRINGTON_CDA_CS	2019	1	2	2	-17.1	-7.7	4.89998699281416	-999.9	0	5.97222222222222	1.82930404859493	330
HARRINGTON_CDA_CS	2019	1	3	3	-20.1	-7.9	5.6154658152902	-999.9	0.2	2.31481481481481	1.64205722127046	330
HARRINGTON_CDA_CS	2019	1	4	4	-7.9	0.7	4.7446874683028	-999.9	1.3	4.34027777777778	4.1987753429372	330
HARRINGTON_CDA_CS	2019	1	5	5	-3.4	1.9	3.74992768324359	-999.9	0.5	2.15277777777778	5.52134005575183	330
HARRINGTON_CDA_CS	2019	1	6	6	-3.8	-0.3	3.06913397174902	-999.9	3	6.64351851851853	4.99862010916976	330
HARRINGTON_CDA_CS	2019	1	7	7	-6.8	-3.8	2.86289667342445	-999.9	0.2	8.32175925925925	3.14688202093506	330
HARRINGTON_CDA_CS	2019	1	8	8	-10	-3.6	4.21464028796399	-999.9	0.2	2.85879629629631	3.07846984080541	330
HARRINGTON_CDA_CS	2019	1	9	9	-3.6	2.9	4.28263144015576	-999.9	11.5	8.81944444444445	5.50214529419827	330
HARRINGTON_CDA_CS	2019	1	10	10	-2.7	2.4	3.82627556098452	-999.9	0.2	6.13425925925925	5.08519277808374	330
HARRINGTON_CDA_CS	2019	1	11	11	-13.7	-2.7	5.66987876563753	-999.9	0	4.89583333333333	2.71838525344748	330
HARRINGTON_CDA_CS	2019	1	12	12	-16.6	-12.6	3.45094659595319	-999.9	0	4.47916666666667	1.51358614713336	330
HARRINGTON_CDA_CS	2019	1	13	13	-15.7	-11.3	3.65430873154404	-999.9	0	3.07870370370369	1.67421363102761	330
HARRINGTON_CDA_CS	2019	1	14	14	-17.7	-9	5.18972377902551	-999.9	0	1.72453703703704	1.83788196947954	330
HARRINGTON_CDA_CS	2019	1	15	15	-15.4	-4.3	5.92218605051463	-999.9	0	2.98611111111111	2.52433985587485	330
HARRINGTON_CDA_CS	2019	1	16	16	-14.9	-1	6.69713756964149	-999.9	0.6	3.87731481481481	2.88577441654985	330
HARRINGTON_CDA_CS	2019	1	17	17	-19.6	-2	7.61762862459934	-999.9	0	4.23611111111111	1.76322246094127	330
HARRINGTON_CDA_CS	2019	1	18	18	-19.7	-3.4	7.41232261564223	-999.9	0	3.26388888888889	1.90687227444959	330
HARRINGTON_CDA_CS	2019	1	19	19	-16.5	-2.1	7.04610678323752	-999.9	0.2	4.24768518518519	2.11943859806899	330
HARRINGTON_CDA_CS	2019	1	20	20	-15.3	9.3	9.31640596327111	-999.9	32	5.37037037037036	4.25165857816838	330
HARRINGTON_CDA_CS	2019	1	21	21	-9.8	8.4	8.10830050319271	-999.9	4.1	4.44444444444444	5.52620039030794	330
HARRINGTON_CDA_CS	2019	1	22	22	-13	-7.9	4.34398130220696	-999.9	0.4	4.49074074074075	2.38811753671135	330
HARRINGTON_CDA_CS	2019	1	23	23	-13.4	-1.1	6.82896038212881	-999.9	3.6	4.05092592592592	2.73744699088331	330
HARRINGTON_CDA_CS	2019	1	24	24	-1.1	10.8	6.80080342210375	-999.9	17.1	5.90277777777778	8.34446391772388	330
HARRINGTON_CDA_CS	2019	1	25	25	-2.8	10.5	7.2807797496598	-999.9	0	6.12268518518519	6.06742980767265	330
HARRINGTON_CDA_CS	2019	1	26	26	-5.6	-2.3	3.67324717250761	-999.9	0	2.96296296296297	2.49128040709588	330
HARRINGTON_CDA_CS	2019	1	27	27	-5.6	1.1	5.30203604846027	-999.9	0	3.37962962962964	4.51827898848024	330
HARRINGTON_CDA_CS	2019	1	28	28	-13	1.8	7.98388863057415	-999.9	0	5.08101851851853	2.99330287949823	330
HARRINGTON_CDA_CS	2019	1	29	29	-13.1	-8.2	4.65502017145206	-999.9	0	3.75	2.22247825603574	330
HARRINGTON_CDA_CS	2019	1	30	30	-8.8	2.4	7.13229723308031	-999.9	5.2	5.35879629629631	4.36454806032674	330
HARRINGTON_CDA_CS	2019	1	31	31	-16.2	-7.7	6.29766046602383	-999.9	0	5.03472222222222	1.60906695184933	330
HARRINGTON_CDA_CS	2019	2	1	32	-16.8	-11.8	4.89612124305311	-999.9	0	6.35416666666667	1.16455321723	330
HARRINGTON_CDA_CS	2019	2	2	33	-15.7	-10.2	5.20582498761289	-999.9	0.7	5.48611111111111	1.47925721819311	330
HARRINGTON_CDA_CS	2019	2	3	34	-13.9	-7.8	5.55844879093366	-999.9	0	3.77314814814814	1.85999153027181	330
HARRINGTON_CDA_CS	2019	2	4	35	-9.8	2.1	7.87186963378266	-999.9	0.7	4.81481481481481	3.95011756993495	330
HARRINGTON_CDA_CS	2019	2	5	36	-3.9	5.9	7.24376494149164	-999.9	0.2	4.17824074074075	5.87219070224144	330
HARRINGTON_CDA_CS	2019	2	6	37	-7.7	-1.5	5.84280322699243	-999.9	0	6.52777777777778	3.6819429020894	330
HARRINGTON_CDA_CS	2019	2	7	38	-7.6	-2.8	5.21366920213482	-999.9	1.3	1.40046296296296	3.66629804520066	330
HARRINGTON_CDA_CS	2019	2	8	39	-5.5	4.7	7.7079686828334	-999.9	12	4.39814814814814	5.54666336928029	330
HARRINGTON_CDA_CS	2019	2	9	40	-12.3	-0.8	8.30083295484638	-999.9	0	7.92824074074075	2.20876479262254	330
HARRINGTON_CDA_CS	2019	2	10	41	-12.3	-7.2	5.60664520581413	-999.9	0	7.73148148148147	1.49444694936361	330
HARRINGTON_CDA_CS	2019	2	11	42	-14	-9.3	5.4590996616556	-999.9	0	7.06018518518519	1.43779656047668	330
HARRINGTON_CDA_CS	2019	2	12	43	-13	-6.2	6.66018326459685	-999.9	0	3.65740740740742	2.13313105491894	330
HARRINGTON_CDA_CS	2019	2	13	44	-9.4	-0.7	7.64105369803537	-999.9	16.7	4.82638888888889	3.76818214522758	330
HARRINGTON_CDA_CS	2019	2	14	45	-9	-5.2	5.12208114703703	-999.9	0	5.42824074074075	2.97361488679403	330
HARRINGTON_CDA_CS	2019	2	15	46	-12.1	1.1	9.68275049385806	-999.9	0.8	3.70370370370369	3.10792045822128	330
HARRINGTON_CDA_CS	2019	2	16	47	-2.5	5.8	7.78755438215042	-999.9	18.4	5.92592592592592	6.2285204953641	330
HARRINGTON_CDA_CS	2019	2	17	48	-11.5	-2.5	8.22477240564006	-999.9	0	4.29398148148147	2.45728335396437	330
HARRINGTON_CDA_CS	2019	2	18	49	-13.9	-7.8	6.86745345111019	-999.9	0	2.78935185185186	1.82403912797545	330
HARRINGTON_CDA_CS	2019	2	19	50	-14.7	-10	6.11354143701725	-999.9	0	5.47453703703703	1.51979397624175	330
HARRINGTON_CDA_CS	2019	2	20	51	-15.8	-10.1	6.82773884613533	-999.9	0	5.85648148148147	1.23533950821147	330
HARRINGTON_CDA_CS	2019	2	21	52	-13.7	-9.1	6.22005054282373	-999.9	4.5	2.77777777777778	2.06592117086398	330
HARRINGTON_CDA_CS	2019	2	22	53	-13.3	-5.9	7.99989014594934	-999.9	0.5	2.7662037037037	2.46349415913202	330
HARRINGTON_CDA_CS	2019	2	23	54	-13.5	-6.1	8.11171314050576	-999.9	0	2.99768518518519	1.94022330100752	330
HARRINGTON_CDA_CS	2019	2	24	55	-14.5	-6.1	8.76270455445352	-999.9	2.4	3.35648148148147	1.88729098439636	330
HARRINGTON_CDA_CS	2019	2	25	56	-6.4	1.4	8.56088784351652	-999.9	4.1	9.30555555555556	4.218902427342	330
HARRINGTON_CDA_CS	2019	2	26	57	-16.5	-5	10.5381071346022	-999.9	0	7.71990740740742	1.75534590878646	330
HARRINGTON_CDA_CS	2019	2	27	58	-16.6	-8.4	9.02048968496463	-999.9	0	6.66666666666667	1.40906790176044	330
HARRINGTON_CDA_CS	2019	2	28	59	-16.5	-8.3	9.14334538557556	-999.9	0	4.60648148148147	1.23636404583067	330
HARRINGTON_CDA_CS	2019	3	1	60	-12.3	-2	10.3861744918965	-999.9	0	5.09259259259258	1.95574550683816	330
HARRINGTON_CDA_CS	2019	3	2	61	-8.8	-1.3	8.98190773361283	-999.9	0.3	3.20601851851853	2.77809544900758	330
HARRINGTON_CDA_CS	2019	3	3	62	-8.1	-4	6.72963381062436	-999.9	0.4	4.38657407407408	2.98548755243032	330
HARRINGTON_CDA_CS	2019	3	4	63	-7.4	-3.6	6.5733169814182	-999.9	24.9	6.28472222222222	3.5281654236909	330
HARRINGTON_CDA_CS	2019	3	5	64	-9.1	-6.5	5.50155150484723	-999.9	0	2	2.40957957113667	330
HARRINGTON_CDA_CS	2019	3	6	65	-14.1	-5.8	9.95800329587962	-999.9	0.5	2.59259259259259	1.99506227958324	330
HARRINGTON_CDA_CS	2019	3	7	66	-14.8	-10.4	7.34428227740949	-999.9	0	4.32367149758453	1.25563363780407	330
HARRINGTON_CDA_CS	2019	3	8	67	-17.9	-5	12.7368365098583	-999.9	0	4.73379629629631	1.55641309393751	330
HARRINGTON_CDA_CS	2019	3	9	68	-7.2	-2.5	7.78595888863593	-999.9	0	3.77777777777778	3.01423947902836	330
HARRINGTON_CDA_CS	2019	3	10	69	-17.9	-1.5	14.7449014950306	-999.9	2.8	2.96296296296297	2.22257399927927	330
HARRINGTON_CDA_CS	2019	3	11	70	-1.5	5.6	9.82285558508462	-999.9	2.3	7.04861111111111	6.09729354125961	330
HARRINGTON_CDA_CS	2019	3	12	71	-1.5	0.8	5.65992932962753	-999.9	0	3.85416666666667	4.7335700125	330
HARRINGTON_CDA_CS	2019	3	13	72	-4.8	1.1	9.17615175222564	-999.9	0	2.93981481481481	3.59534852268653	330
HARRINGTON_CDA_CS	2019	3	14	73	-4.8	5.9	12.5072581793097	-999.9	0	3.03240740740742	4.61037422536317	330
HARRINGTON_CDA_CS	2019	3	15	74	-1.3	6.7	10.9445583577533	-999.9	4.6	7.33796296296297	6.43659064997604	330
HARRINGTON_CDA_CS	2019	3	16	75	-1.9	7.3	11.876181789651	-999.9	0.5	4.24768518518519	6.51902974219994	330
HARRINGTON_CDA_CS	2019	3	17	76	-6.2	-1.3	8.7691322297165	-999.9	0	6.63194444444445	2.24491337732547	330
HARRINGTON_CDA_CS	2019	3	18	77	-7.8	-2.2	9.48360822875607	-999.9	0	4.89583333333333	2.3403323300102	330
HARRINGTON_CDA_CS	2019	3	19	78	-9	-2.2	10.5706049025419	-999.9	0	3.32175925925925	2.48739253366754	330
HARRINGTON_CDA_CS	2019	3	20	79	-7.5	1.8	12.5025010872438	-999.9	0	4.31712962962964	2.72707301183321	330
HARRINGTON_CDA_CS	2019	3	21	80	-3.2	7.6	13.6245168424892	-999.9	0	5.68287037037036	4.75024718792408	330
HARRINGTON_CDA_CS	2019	3	22	81	2.9	5.7	7.00794665615417	-999.9	12	8.47222222222222	7.93128068362721	330
HARRINGTON_CDA_CS	2019	3	23	82	2.4	5.8	7.80728378186915	-999.9	2.5	6.71296296296297	7.8787577371683	330
HARRINGTON_CDA_CS	2019	3	24	83	-3.2	6.1	13.0638282672073	-999.9	0	5.74074074074075	4.52254442726153	330
HARRINGTON_CDA_CS	2019	3	25	84	-4.8	0.7	10.1539530141941	-999.9	0.4	3.10185185185186	2.88253729785588	330
HARRINGTON_CDA_CS	2019	3	26	85	-6.9	-1.4	10.2612885539285	-999.9	0	3.88888888888889	2.52759252552142	330
HARRINGTON_CDA_CS	2019	3	27	86	-4.2	-2.4	5.92669998202513	-999.9	0	2.82828282828283	3.16325367138236	330
HARRINGTON_CDA_CS	2019	3	28	87	-4.4	5.5	14.0427538278067	-999.9	0	6.94444444444445	4.19232413072649	330
HARRINGTON_CDA_CS	2019	3	29	88	0.3	8.2	12.6720646005855	-999.9	2.7	5.55555555555556	6.90661249769639	330
HARRINGTON_CDA_CS	2019	3	30	89	-0.9	4.1	10.1826068492083	-999.9	0.2	3.63425925925925	5.42771071738871	330
HARRINGTON_CDA_CS	2019	3	31	90	4	14.6	14.972968548251	-999.9	0	7.24537037037036	9.75339861401836	330
HARRINGTON_CDA_CS	2019	4	1	91	-2.5	9	15.74800953508	-999.9	11.1	6.23842592592592	6.01206116997264	330
HARRINGTON_CDA_CS	2019	4	2	92	-2.4	6.2	13.7495483444192	-999.9	0	6.41203703703703	3.78012962448412	330
HARRINGTON_CDA_CS	2019	4	3	93	-1	4.5	11.1000171231176	-999.9	16.1	7.82407407407408	5.98936911609468	330
HARRINGTON_CDA_CS	2019	4	4	94	-4.1	2.2	11.9910245008466	-999.9	0	10.9722222222222	3.36166975712779	330
HARRINGTON_CDA_CS	2019	4	5	95	-4.5	3.6	13.7218557383068	-999.9	0	5.45138888888889	2.88635147116153	330
HARRINGTON_CDA_CS	2019	4	6	96	-1.1	4.2	11.2003922136379	-999.9	0.9	4.36342592592592	5.81519931963487	330
HARRINGTON_CDA_CS	2019	4	7	97	-3.7	7.3	16.2801075040114	-999.9	0.2	5.25462962962964	4.49566646341769	330
HARRINGTON_CDA_CS	2019	4	8	98	-6.3	-2.4	9.77911588086318	-999.9	0.2	4.32870370370369	2.60581344353576	330
HARRINGTON_CDA_CS	2019	4	9	99	-6.3	-0.7	11.8197550989897	-999.9	0.7	3.90046296296297	3.44193826201687	330
HARRINGTON_CDA_CS	2019	4	10	100	-4.5	-0.1	10.5664447835932	-999.9	1.5	2.37268518518519	4.21059613394344	330
HARRINGTON_CDA_CS	2019	4	11	101	-2.4	4.1	12.9505536490249	-999.9	0	3.32175925925925	4.99144049036173	330
HARRINGTON_CDA_CS	2019	4	12	102	-2.6	6.9	15.785695389131	-999.9	0	3.04398148148147	4.43545075937651	330
HARRINGTON_CDA_CS	2019	4	13	103	2.5	12.2	16.0804921195915	-999.9	6.1	4.61805555555556	8.9051169737228	330
HARRINGTON_CDA_CS	2019	4	14	104	3.5	11.1	14.3474020657796	-999.9	1.1	2.83564814814814	7.14141379548736	330
HARRINGTON_CDA_CS	2019	4	15	105	2.1	11.5	16.0814433522351	-999.9	20.6	5.49768518518519	9.20366161633707	330
HARRINGTON_CDA_CS	2019	4	16	106	-0.4	2.1	8.35732961502369	-999.9	3.8	6.36574074074075	6.10842093542614	330
HARRINGTON_CDA_CS	2019	4	17	107	-2.2	1.9	10.7837020247613	-999.9	0	7.16435185185186	5.07606785714427	330
HARRINGTON_CDA_CS	2019	4	18	108	-2.4	8.1	17.385661587933	-999.9	4.5	3.47222222222222	4.91848345661609	330
HARRINGTON_CDA_CS	2019	4	19	109	1.4	13.2	18.5652416974265	-999.9	13.4	7.73148148148147	9.42632390141321	330
HARRINGTON_CDA_CS	2019	4	20	110	2.1	6	10.7497303273566	-999.9	15.3	3.17129629629631	7.97563356505539	330
HARRINGTON_CDA_CS	2019	4	21	111	6	17.8	18.830193814694	-999.9	1	5.71759259259258	12.8582265786053	330
HARRINGTON_CDA_CS	2019	4	22	112	1.9	13.1	18.4720209247582	-999.9	1.5	3.46064814814814	9.4520341893127	330
HARRINGTON_CDA_CS	2019	4	23	113	1.8	6.2	11.6564602664965	-999.9	23.6	3.66898148148147	7.43309647812808	330
HARRINGTON_CDA_CS	2019	4	24	114	1.7	5.6	11.0471737151564	-999.9	2.9	2.61574074074074	7.55437816376739	330
HARRINGTON_CDA_CS	2019	4	25	115	-1	2.8	10.9757205604904	-999.9	1.3	5.15046296296297	6.3349620156944	330
HARRINGTON_CDA_CS	2019	4	26	116	-1.2	7.4	16.6171645617424	-999.9	0.5	2.31481481481481	6.4232086288898	330
HARRINGTON_CDA_CS	2019	4	27	117	2.5	7.3	12.4922053148802	-999.9	13	7.88194444444445	7.68473653587081	330
HARRINGTON_CDA_CS	2019	4	28	118	3.3	9.1	13.8161773892438	-999.9	0	4.74537037037036	7.95425675080502	330
HARRINGTON_CDA_CS	2019	4	29	119	-0.9	5.8	14.9386581009503	-999.9	0	4.35185185185186	4.69534727882355	330
HARRINGTON_CDA_CS	2019	4	30	120	0.4	9.9	17.8929278493425	-999.9	0	5.3125	3.962491305893	330
HARRINGTON_CDA_CS	2019	5	1	121	-0.9	7.8	17.2214637486573	-999.9	0	5.09259259259258	4.6853385742041	330
HARRINGTON_CDA_CS	2019	5	2	122	-1.8	4.8	15.0840826582223	-999.9	0	4.01620370370369	5.00135455686249	330
HARRINGTON_CDA_CS	2019	5	3	123	-1.8	13.7	23.2431628597256	-999.9	0	2.59259259259259	5.66566677037634	330
HARRINGTON_CDA_CS	2019	5	4	124	1.7	10.1	17.2027416033785	-999.9	1	2.44212962962963	8.06297932261986	330
HARRINGTON_CDA_CS	2019	5	5	125	1.5	12.6	19.8790044617524	-999.9	1.1	2.2337962962963	8.60166022048582	330
HARRINGTON_CDA_CS	2019	5	6	126	-0.5	14.3	23.0720324744838	-999.9	1.1	1.88657407407407	6.64433689699511	330
HARRINGTON_CDA_CS	2019	5	7	127	2.1	18.7	24.5571460717505	-999.9	4.9	3.93518518518519	8.47920426416489	330
HARRINGTON_CDA_CS	2019	5	8	128	3.9	10.4	15.441754318275	-999.9	0	4.58333333333333	7.13709883848946	330
HARRINGTON_CDA_CS	2019	5	9	129	0.4	6.6	15.1530281558159	-999.9	0	6.28472222222222	6.50230367345716	330
HARRINGTON_CDA_CS	2019	5	10	130	0.5	10.4	19.2367887843726	-999.9	8.4	1.875	7.37527789729625	330
HARRINGTON_CDA_CS	2019	5	11	131	4.2	12.3	17.479012837666	-999.9	1.5	4.79166666666667	9.62263652028234	330
HARRINGTON_CDA_CS	2019	5	12	132	1.6	5.5	12.1818815796384	-999.9	0.2	5.59027777777778	6.39716283588736	330
HARRINGTON_CDA_CS	2019	5	13	133	0.9	8.5	17.0783162639973	-999.9	0	3.57638888888889	6.99905710418571	330
HARRINGTON_CDA_CS	2019	5	14	134	1.3	10.1	18.4537453428558	-999.9	4.8	4.93055555555556	6.75252210483979	330
HARRINGTON_CDA_CS	2019	5	15	135	2.7	5.2	9.87568211093608	-999.9	0.9	5.08101851851853	7.39225528868782	330
HARRINGTON_CDA_CS	2019	5	16	136	2.5	5.8	11.3908776091002	-999.9	1.1	2.36111111111111	7.45123651501093	330
HARRINGTON_CDA_CS	2019	5	17	137	2.5	7.9	14.6268108165896	-999.9	0.5	1.2962962962963	7.48437005391331	330
HARRINGTON_CDA_CS	2019	5	18	138	3	4.7	8.23719642723722	-999.9	7.9	5.87962962962964	7.45535772386663	330
HARRINGTON_CDA_CS	2019	5	19	139	4	13.3	19.3351922475318	-999.9	0	3.00925925925925	8.23659268144049	330
HARRINGTON_CDA_CS	2019	5	20	140	5.7	8.5	10.6460416852835	-999.9	11.4	3.27546296296297	9.04060657128588	330
HARRINGTON_CDA_CS	2019	5	21	141	1.5	7.5	15.6364142330517	-999.9	38.6	4.32870370370369	8.0967683996694	330
HARRINGTON_CDA_CS	2019	5	22	142	3.1	6.8	12.3187108920334	-999.9	0.4	8.21759259259258	7.42374548370916	330
HARRINGTON_CDA_CS	2019	5	23	143	3	11.5	18.7295513978549	-999.9	0	3.33333333333333	7.01732691707565	330
HARRINGTON_CDA_CS	2019	5	24	144	2.7	11.9	19.5441223921153	-999.9	0	3.13657407407408	7.2227120951364	330
HARRINGTON_CDA_CS	2019	5	25	145	2.9	16.7	24.0058541357865	-999.9	0.8	2.44212962962963	7.44597395568678	330
HARRINGTON_CDA_CS	2019	5	26	146	7.3	13.1	15.6062355998054	-999.9	0.5	4.65277777777778	9.36626582228916	330
HARRINGTON_CDA_CS	2019	5	27	147	4.8	10.2	15.0986782858319	-999.9	0	3.4375	9.39998076559918	330
HARRINGTON_CDA_CS	2019	5	28	148	3.9	12.9	19.5421661144593	-999.9	0.2	3.56481481481481	6.74722900509582	330
HARRINGTON_CDA_CS	2019	5	29	149	4	15.7	22.3360013674717	-999.9	0	4.00462962962964	7.85837623690832	330
HARRINGTON_CDA_CS	2019	5	30	150	2.6	15.1	23.1409058717018	-999.9	0.2	2.91666666666667	9.17387859689893	330
HARRINGTON_CDA_CS	2019	5	31	151	7.3	13.6	16.4649500542813	-999.9	0	5.11574074074075	10.97407757608	330
HARRINGTON_CDA_CS	2019	6	1	152	4.6	19.4	25.2893617091221	-999.9	0	3.14814814814814	8.77750985622776	330
HARRINGTON_CDA_CS	2019	6	2	153	7.5	15.9	19.0904304768719	-999.9	14.2	5.17361111111111	11.3262498374722	330
HARRINGTON_CDA_CS	2019	6	3	154	8.5	20.3	22.6693188801627	-999.9	3	4.47916666666667	14.6796604316619	330
HARRINGTON_CDA_CS	2019	6	4	155	7.8	17.2	20.2691352165262	-999.9	0	4.01620370370369	10.0230397444483	330
HARRINGTON_CDA_CS	2019	6	5	156	7.4	16.3	19.7557110741653	-999.9	0.5	4.30555555555556	10.5617033215592	330
HARRINGTON_CDA_CS	2019	6	6	157	7.9	13.3	15.4125166673794	-999.9	9	2.28009259259259	11.9565446413677	330
HARRINGTON_CDA_CS	2019	6	7	158	6.2	18.9	23.6706563488028	-999.9	0	1.66666666666667	10.3820116251144	330
HARRINGTON_CDA_CS	2019	6	8	159	7.2	15	18.5754924799116	-999.9	0	4.27083333333333	8.80635265154582	330
HARRINGTON_CDA_CS	2019	6	9	160	6.8	17.1	21.3721967506376	-999.9	0.6	2.78935185185186	7.52777081921137	330
HARRINGTON_CDA_CS	2019	6	10	161	6.7	16.3	20.6564974505792	-999.9	1.1	2.09490740740741	8.48099431814337	330
HARRINGTON_CDA_CS	2019	6	11	162	8.4	23.7	26.1041990863762	-999.9	7.9	4.375	12.3526361225643	330
HARRINGTON_CDA_CS	2019	6	12	163	9.6	21.1	22.6521960290027	-999.9	7.9	5.65972222222222	11.0892252282538	330
HARRINGTON_CDA_CS	2019	6	13	164	11	24.6	24.6536249846067	-999.9	7.3	3.13657407407408	11.1609714936604	330
HARRINGTON_CDA_CS	2019	6	14	165	11.1	22.7	22.7847113397316	-999.9	1.5	4.78009259259258	16.286813106141	330
HARRINGTON_CDA_CS	2019	6	15	166	12.2	22.2	21.1675726437106	-999.9	0	2.75462962962963	15.4500404223776	330
HARRINGTON_CDA_CS	2019	6	16	167	12.3	23.2	22.1102776295903	-999.9	0	4.28240740740742	14.0817504179169	330
HARRINGTON_CDA_CS	2019	6	17	168	11.1	21.3	21.3965783707553	-999.9	0.2	2.65046296296296	16.2863181228933	330
HARRINGTON_CDA_CS	2019	6	18	169	10.4	20.8	21.6111388705844	-999.9	0.6	1.67824074074074	13.1303869329905	330
HARRINGTON_CDA_CS	2019	6	19	170	11.8	25.7	24.9884089042876	-999.9	0	3.32175925925925	13.2621777091262	330
HARRINGTON_CDA_CS	2019	6	20	171	14	23.9	21.089803148162	-999.9	1.4	3.70370370370369	15.4479250355687	330
HARRINGTON_CDA_CS	2019	6	21	172	9.9	14.6	14.5305184564823	-999.9	60.1	4.29398148148147	13.4003201945589	330
HARRINGTON_CDA_CS	2019	6	22	173	10.6	15.6	14.9846975496317	-999.9	5.4	7.53472222222222	12.3988088903104	330
HARRINGTON_CDA_CS	2019	6	23	174	11.5	20.3	19.8741549348993	-999.9	0.2	5.38194444444445	10.9966704705343	330
HARRINGTON_CDA_CS	2019	6	24	175	9.5	15.7	16.6755858527785	-999.9	0	2.62731481481481	9.91814749606757	330
HARRINGTON_CDA_CS	2019	6	25	176	9	18	20.0815855145202	-999.9	0	2.82407407407408	10.0920092256413	330
HARRINGTON_CDA_CS	2019	6	26	177	10.8	20.7	21.0493841852245	-999.9	0	3.34595959595958	12.1583967475403	330
HARRINGTON_CDA_CS	2019	6	27	178	11.7	14	10.1387479317252	-999.9	10.5	4.14351851851853	12.1516203854513	330
HARRINGTON_CDA_CS	2019	6	28	179	10.9	17.6	17.2905960089432	-999.9	7.7	2.43055555555556	14.5099665784078	330
HARRINGTON_CDA_CS	2019	6	29	180	14.2	20.7	17.015116279241	-999.9	2	1.93287037037037	18.3902561014001	330
HARRINGTON_CDA_CS	2019	6	30	181	11.6	15.9	13.8252073715628	-999.9	2	3.25231481481481	14.7297515549992	330
HARRINGTON_CDA_CS	2019	7	1	182	11.3	13.9	10.7383302898745	-999.9	9.8	7.39583333333333	13.8854064944946	330
HARRINGTON_CDA_CS	2019	7	2	183	9.6	14.3	14.419995013732	-999.9	0.3	4.60648148148147	13.0665203541572	330
HARRINGTON_CDA_CS	2019	7	3	184	9.8	19.4	20.5812285489611	-999.9	0.2	3.09027777777778	13.7791722059414	330
HARRINGTON_CDA_CS	2019	7	4	185	12.8	23.2	21.3907100678297	-999.9	0	2.12962962962963	16.3879881769052	330
HARRINGTON_CDA_CS	2019	7	5	186	14.7	30.8	26.5734307019689	-999.9	0	2.24537037037037	20.0203983629829	330
HARRINGTON_CDA_CS	2019	7	6	187	18.2	27.1	19.7246404994026	-999.9	4.8	4.96527777777778	20.5457619606629	330
HARRINGTON_CDA_CS	2019	7	7	188	13.3	21.9	19.3551217953936	-999.9	0	2.92824074074075	13.6480240883463	330
HARRINGTON_CDA_CS	2019	7	8	189	12.6	25.2	23.3839385943414	-999.9	0.2	2.92824074074075	13.392464874124	330
HARRINGTON_CDA_CS	2019	7	9	190	14.2	19.7	15.4188677266369	-999.9	0	3.13657407407408	13.1723163099487	330
HARRINGTON_CDA_CS	2019	7	10	191	10.8	17.2	16.5978882180566	-999.9	0	3.07870370370369	12.0036869559625	330
HARRINGTON_CDA_CS	2019	7	11	192	10.4	19.9	20.1775873637034	-999.9	0	2.31481481481481	12.277578324571	330
HARRINGTON_CDA_CS	2019	7	12	193	14.9	19.1	13.3853412001784	-999.9	1.4	4.36342592592592	15.4987500213058	330
HARRINGTON_CDA_CS	2019	7	13	194	15.6	22.4	16.9906231290297	-999.9	0.4	3.65740740740742	18.5506475336764	330
HARRINGTON_CDA_CS	2019	7	14	195	15.6	24.9	19.8197855467122	-999.9	18.7	4.14351851851853	19.7016319928156	330
HARRINGTON_CDA_CS	2019	7	15	196	15.1	19.1	12.964105691885	-999.9	0.2	2.90509259259258	16.6659022907723	330
HARRINGTON_CDA_CS	2019	7	16	197	16	27	21.4395835931994	-999.9	0.2	2.09490740740741	18.303113184942	330
HARRINGTON_CDA_CS	2019	7	17	198	16.6	27.1	20.8869154818233	-999.9	7	4.52546296296297	20.7900432666373	330
HARRINGTON_CDA_CS	2019	7	18	199	14.1	22.7	18.8469305449627	-999.9	0	3.20601851851853	13.5111616197577	330
HARRINGTON_CDA_CS	2019	7	19	200	14.3	24.9	20.8596987177299	-999.9	0.2	2.97453703703703	15.6306132259273	330
HARRINGTON_CDA_CS	2019	7	20	201	16.2	27.2	21.1819988723497	-999.9	0	2.43055555555556	19.7665267781047	330
HARRINGTON_CDA_CS	2019	7	21	202	15.7	24.6	18.9903405787758	-999.9	1.5	1.90972222222222	20.1091310128989	330
HARRINGTON_CDA_CS	2019	7	22	203	15.7	24.7	19.0317030250256	-999.9	0	1.40046296296296	18.2134828027852	330
HARRINGTON_CDA_CS	2019	7	23	204	15.7	20.2	13.4101190124558	-999.9	4.2	0.763888888888889	18.3738876925471	330
HARRINGTON_CDA_CS	2019	7	24	205	14.5	24.1	19.5156548674265	-999.9	0	1.42361111111111	18.3575829676338	330
HARRINGTON_CDA_CS	2019	7	25	206	12.5	21.6	18.9295516728194	-999.9	0	2.07175925925926	15.7014010414588	330
HARRINGTON_CDA_CS	2019	7	26	207	11.4	25.7	23.6379913466617	-999.9	0	1.73611111111111	15.6096854189142	330
HARRINGTON_CDA_CS	2019	7	27	208	16.3	27.8	21.1137317118175	-999.9	0	3.90046296296297	17.9085368687859	330
HARRINGTON_CDA_CS	2019	7	28	209	15.3	26.1	20.3775467647425	-999.9	0	4.44444444444444	16.1080737264477	330
HARRINGTON_CDA_CS	2019	7	29	210	17.6	26.7	18.6266550636288	-999.9	0	4.28240740740742	20.5999912723668	330
HARRINGTON_CDA_CS	2019	7	30	211	18.3	30	21.0296124269117	-999.9	0	3.25231481481481	23.4639831624554	330
HARRINGTON_CDA_CS	2019	7	31	212	19.8	29.9	19.4523905922915	-999.9	0.2	3.56481481481481	23.8369605266428	330
HARRINGTON_CDA_CS	2019	8	1	213	16.1	24.8	17.9719604876034	-999.9	0	2.46527777777778	18.8209698676348	330
HARRINGTON_CDA_CS	2019	8	2	214	14.4	27.7	22.1174237951241	-999.9	0	2.70833333333333	15.9543936429068	330
HARRINGTON_CDA_CS	2019	8	3	215	15.9	28.1	21.0819439560571	-999.9	0	3.42592592592592	16.802388822536	330
HARRINGTON_CDA_CS	2019	8	4	216	14.3	24	18.7062840825366	-999.9	0.9	2.60416666666667	15.9842004693844	330
HARRINGTON_CDA_CS	2019	8	5	217	13.7	22	17.217111358042	-999.9	0	3.02083333333333	14.5459261789034	330
HARRINGTON_CDA_CS	2019	8	6	218	15	26.4	20.0743586286522	-999.9	0	2.85353535353536	15.6005552397432	330
HARRINGTON_CDA_CS	2019	8	7	219	14.6	24.8	18.8888507454195	-999.9	5.4	3.31481481481481	15.2399824016462	330
HARRINGTON_CDA_CS	2019	8	8	220	17	24.7	16.3235626103438	-999.9	1.7	5.72222222222222	17.239751928222	330
HARRINGTON_CDA_CS	2019	8	9	221	16.8	26.8	18.5004128280105	-999.9	0.3	4.65277777777778	21.6578872621091	330
HARRINGTON_CDA_CS	2019	8	10	222	14	25.3	19.5559951532736	-999.9	5.9	2.85879629629631	19.2998929867649	330
HARRINGTON_CDA_CS	2019	8	11	223	14	23	17.3527548165279	-999.9	1.1	3.69212962962964	17.2045105844311	330
HARRINGTON_CDA_CS	2019	8	12	224	13.2	24.4	19.2446319549637	-999.9	0	3.76157407407408	16.7951855792242	330
HARRINGTON_CDA_CS	2019	8	13	225	12.7	24.6	19.7185146121132	-999.9	0.8	3.28703703703703	17.4573563722171	330
HARRINGTON_CDA_CS	2019	8	14	226	11.7	22.1	18.321623162389	-999.9	0	2.10144927536232	14.3325472476312	330
HARRINGTON_CDA_CS	2019	8	15	227	11.1	23.9	20.1997044393385	-999.9	0	1.49305555555556	15.9633540924403	330
HARRINGTON_CDA_CS	2019	8	16	228	14.4	26	19.1076695089783	-999.9	0	2.65046296296296	16.2326798878548	330
HARRINGTON_CDA_CS	2019	8	17	229	15.4	25.6	17.8017707334327	-999.9	0	3.42592592592592	16.7682937297281	330
HARRINGTON_CDA_CS	2019	8	18	230	16.8	22.5	13.2199674555236	-999.9	2.6	2.31481481481481	19.5716652786183	330
HARRINGTON_CDA_CS	2019	8	19	231	18.4	25.7	14.8603635877689	-999.9	0	4.03935185185186	22.344190534248	330
HARRINGTON_CDA_CS	2019	8	20	232	17	25.7	16.1119329685923	-999.9	0	3.62268518518519	16.522313028904	330
HARRINGTON_CDA_CS	2019	8	21	233	17	27	17.1535008183555	-999.9	0	2.93650793650794	16.5759164055621	330
HARRINGTON_CDA_CS	2019	8	22	234	17.4	25.9	15.7025968570297	-999.9	2.4	3.26388888888889	21.8735082039027	330
HARRINGTON_CDA_CS	2019	8	23	235	14.9	25.4	17.3264742278632	-999.9	0	2.71990740740741	16.8806459555172	330
HARRINGTON_CDA_CS	2019	8	24	236	8.8	17.9	16.0115668934345	-999.9	1.1	4.97685185185186	11.8400870525136	330
HARRINGTON_CDA_CS	2019	8	25	237	8	20.1	18.3251384457411	-999.9	0	2.10648148148148	11.9000707408586	330
HARRINGTON_CDA_CS	2019	8	26	238	9.9	18.9	15.6841477037954	-999.9	17.3	1.27314814814815	12.7786478371923	330
HARRINGTON_CDA_CS	2019	8	27	239	12.7	17.8	11.7152969474519	-999.9	12	3.63425925925925	14.8510048402371	330
HARRINGTON_CDA_CS	2019	8	28	240	14	25.2	17.2245957948349	-999.9	0	2.24537037037037	17.9876104584084	330
HARRINGTON_CDA_CS	2019	8	29	241	13.9	22.1	14.6204879066575	-999.9	27.6	4.89583333333333	17.9335360608178	330
HARRINGTON_CDA_CS	2019	8	30	242	17.2	25.2	14.3237845437276	-999.9	4.8	4.14351851851853	20.2553775298636	330
HARRINGTON_CDA_CS	2019	8	31	243	14.7	22.5	14.026868289678	-999.9	0	3.71527777777778	14.7932561322834	330
HARRINGTON_CDA_CS	2019	9	1	244	10.8	18.7	13.9981370995767	-999.9	0	2.00231481481481	11.4194043964158	330
HARRINGTON_CDA_CS	2019	9	2	245	10.8	21.8	16.3771695168156	-999.9	1.6	4.98842592592592	14.5219392063626	330
HARRINGTON_CDA_CS	2019	9	3	246	11.6	19	13.3163923922095	-999.9	4.7	2.47685185185185	15.5564639340192	330
HARRINGTON_CDA_CS	2019	9	4	247	12.4	24.4	16.8086136741632	-999.9	1.7	3.95833333333333	17.6371126779537	330
HARRINGTON_CDA_CS	2019	9	5	248	13.2	19.9	12.4477676725839	-999.9	0.5	3.83101851851853	13.5694393675772	330
HARRINGTON_CDA_CS	2019	9	6	249	7.9	17.1	14.4544969454645	-999.9	0	2.22222222222222	9.85326048682908	330
HARRINGTON_CDA_CS	2019	9	7	250	9.5	14.1	10.1271009088282	-999.9	52.4	7.37268518518519	12.1656462053706	330
HARRINGTON_CDA_CS	2019	9	8	251	6.5	15.2	13.7976505923279	-999.9	1.1	7.07175925925925	10.3048240880581	330
HARRINGTON_CDA_CS	2019	9	9	252	8.4	19	15.0862010099934	-999.9	0	2.61574074074074	11.1292913574504	330
HARRINGTON_CDA_CS	2019	9	10	253	10.8	17.9	12.2286846516049	-999.9	0	1.95601851851852	12.1370961041193	330
HARRINGTON_CDA_CS	2019	9	11	254	11.2	15.6	9.53328875633333	-999.9	27.9	3.03240740740742	13.7630561066698	330
HARRINGTON_CDA_CS	2019	9	12	255	9.2	14	9.85927921843433	-999.9	0.3	4.59490740740742	11.4173396449426	330
HARRINGTON_CDA_CS	2019	9	13	256	5.6	14.8	13.513535948559	-999.9	0	3.37962962962964	9.64220361471903	330
HARRINGTON_CDA_CS	2019	9	14	257	5.8	16.4	14.3588973914596	-999.9	0	4.14351851851853	10.0391314596404	330
HARRINGTON_CDA_CS	2019	9	15	258	13.6	21.1	11.9545863400929	-999.9	0	4.18981481481481	16.3659745815317	330
HARRINGTON_CDA_CS	2019	9	16	259	11.2	15.3	8.74730943847538	-999.9	9.9	3.25231481481481	13.4946732008531	330
HARRINGTON_CDA_CS	2019	9	17	260	7.8	11.2	7.88213300922029	-999.9	1	6.25	9.78621709927971	330
HARRINGTON_CDA_CS	2019	9	18	261	3.2	12.1	12.6172408794042	-999.9	0	4.42129629629631	8.0384977244804	330
HARRINGTON_CDA_CS	2019	9	19	262	2.7	17.4	16.0411975541387	-999.9	0	1.81712962962963	8.90267906532892	330
HARRINGTON_CDA_CS	2019	9	20	263	6.3	22.9	16.8610592493992	-999.9	0	2.44212962962963	12.4860712824777	330
HARRINGTON_CDA_CS	2019	9	21	264	6.5	16.8	13.1354947469016	-999.9	0	4.07407407407408	10.7144703875213	330
HARRINGTON_CDA_CS	2019	9	22	265	8	23.3	15.8312523366753	-999.9	0	4.65277777777778	13.3341532581046	330
HARRINGTON_CDA_CS	2019	9	23	266	14.4	22.7	11.529102369891	-999.9	0	5.12731481481481	17.0263178285075	330
HARRINGTON_CDA_CS	2019	9	24	267	11.5	17.4	9.60981418407498	-999.9	38.8	3.46064814814814	15.3620168410749	330
HARRINGTON_CDA_CS	2019	9	25	268	11.3	20	11.5352580060408	-999.9	1.5	3.59953703703703	16.2143900558821	330
HARRINGTON_CDA_CS	2019	9	26	269	11.5	16	8.19972679765651	-999.9	0.7	2.89351851851853	13.7722521217713	330
HARRINGTON_CDA_CS	2019	9	27	270	8.2	17.6	11.7119671759245	-999.9	3.6	3.78472222222222	11.982466444261	330
HARRINGTON_CDA_CS	2019	9	28	271	7.3	19	12.9115881816627	-999.9	1.2	2.92824074074075	12.4991157533768	330
HARRINGTON_CDA_CS	2019	9	29	272	9.3	15.2	9.05904242328352	-999.9	0.2	5.19675925925925	11.0770739128306	330
HARRINGTON_CDA_CS	2019	9	30	273	4.3	10.4	9.09997637820443	-999.9	0	4.60648148148147	6.42256567227473	330
HARRINGTON_CDA_CS	2019	10	1	274	6.7	12	8.37881637032441	-999.9	3	2.38425925925926	8.94469973396156	330
HARRINGTON_CDA_CS	2019	10	2	275	4.9	12.7	10.0395128370916	-999.9	4.8	5.40509259259258	9.83254033500271	330
HARRINGTON_CDA_CS	2019	10	3	276	2.6	9.8	9.52586306297995	-999.9	2.2	3.33333333333333	7.10924094635541	330
HARRINGTON_CDA_CS	2019	10	4	277	4.3	7.7	6.46403110272606	-999.9	4.4	3.09027777777778	7.72768775655613	330
HARRINGTON_CDA_CS	2019	10	5	278	0.9	9.8	10.3261654679252	-999.9	0.2	4.71064814814814	6.10907060855073	330
HARRINGTON_CDA_CS	2019	10	6	279	1.7	14.7	12.321148123511	-999.9	0	3.80787037037036	7.86644848395658	330
HARRINGTON_CDA_CS	2019	10	7	280	11.7	18.3	8.6664934610405	-999.9	11.4	5.33564814814814	14.6528467719391	330
HARRINGTON_CDA_CS	2019	10	8	281	8	16.1	9.47684273520692	-999.9	0.4	2.87037037037036	11.8240349252177	330
HARRINGTON_CDA_CS	2019	10	9	282	4.3	13.1	9.74925255965202	-999.9	0	2.11805555555556	8.660188876486	330
HARRINGTON_CDA_CS	2019	10	10	283	2.9	12.8	10.2050915515259	-999.9	0	2.15277777777778	9.15184754817868	330
HARRINGTON_CDA_CS	2019	10	11	284	6.4	15.9	9.86489368283833	-999.9	0	2.77777777777778	10.5090247272998	330
HARRINGTON_CDA_CS	2019	10	12	285	8.7	11.3	5.09227799832882	-999.9	26.3	3.87731481481481	11.0962416509581	330
HARRINGTON_CDA_CS	2019	10	13	286	6.1	10.3	6.38572268298747	-999.9	0	3.14814814814814	10.0867069340265	330
HARRINGTON_CDA_CS	2019	10	14	287	6.9	13.6	7.95700537477735	-999.9	0	2.26851851851852	11.2635382844831	330
HARRINGTON_CDA_CS	2019	10	15	288	4.6	14.2	9.39600764530799	-999.9	3.3	2.8125	10.8456257523768	330
HARRINGTON_CDA_CS	2019	10	16	289	3.9	13.9	9.45962170849721	-999.9	0	1.74768518518519	8.5300365826155	330
HARRINGTON_CDA_CS	2019	10	17	290	5.5	13.5	8.3455944858857	-999.9	17.6	6.51620370370369	10.2631088970111	330
HARRINGTON_CDA_CS	2019	10	18	291	6.6	12.5	7.06889202786947	-999.9	1.4	4.66435185185186	10.2879470114763	330
HARRINGTON_CDA_CS	2019	10	19	292	5.7	10.3	6.15593461027292	-999.9	0.7	3.27546296296297	8.62192402047629	330
HARRINGTON_CDA_CS	2019	10	20	293	3.7	10.6	7.435467547699	-999.9	0	3.00925925925925	8.06563919595113	330
HARRINGTON_CDA_CS	2019	10	21	294	3.4	15.1	9.54831118935975	-999.9	0	1.08796296296296	9.868025878853	330
HARRINGTON_CDA_CS	2019	10	22	295	2.7	10.8	7.83447147914101	-999.9	0.2	2.19907407407407	8.4015455545359	330
HARRINGTON_CDA_CS	2019	10	23	296	7.2	13.6	6.86715619045629	-999.9	20.7	7.89351851851853	10.5528366697758	330
HARRINGTON_CDA_CS	2019	10	24	297	8	13.7	6.39047163249411	-999.9	0.4	5.33816425120772	9.84774108069447	330
HARRINGTON_CDA_CS	2019	10	25	298	5.4	11.9	6.72902630661567	-999.9	0	3.22916666666667	8.09686653012992	330
HARRINGTON_CDA_CS	2019	10	26	299	4.4	8.5	5.26965130598172	-999.9	0	3.64583333333333	6.76959083184291	330
HARRINGTON_CDA_CS	2019	10	27	300	1.3	8.4	6.83771172331674	-999.9	0	2.41898148148148	6.23100764296618	330
HARRINGTON_CDA_CS	2019	10	28	301	2.7	7.6	5.60107772269293	-999.9	0	1.81712962962963	6.69359616700477	330
HARRINGTON_CDA_CS	2019	10	29	302	0.9	11.5	8.12310095332866	-999.9	0	1.48148148148148	7.62497829179413	330
HARRINGTON_CDA_CS	2019	10	30	303	3.1	12.8	7.66225831502281	-999.9	0	2.51157407407408	9.29964943801502	330
HARRINGTON_CDA_CS	2019	10	31	304	9.9	17.5	6.68789897717524	-999.9	13	5.90277777777778	14.6707276173345	330
HARRINGTON_CDA_CS	2019	11	1	305	5.3	19.8	9.10945342015468	-999.9	2.3	10.0578703703704	10.726410954585	330
HARRINGTON_CDA_CS	2019	11	2	306	0.5	6.7	5.87417043726628	-999.9	0	3.26388888888889	5.18837829261019	330
HARRINGTON_CDA_CS	2019	11	3	307	0.4	9.2	6.90168342336893	-999.9	0	2.56944444444444	6.97613680650979	330
HARRINGTON_CDA_CS	2019	11	4	308	0.4	8.4	6.49002043545594	-999.9	0	2.37268518518519	5.85955194469831	330
HARRINGTON_CDA_CS	2019	11	5	309	0.3	11.1	7.43752686637604	-999.9	7.8	4.95370370370369	7.09742959033104	330
HARRINGTON_CDA_CS	2019	11	6	310	-0.1	12.7	7.98673794077337	-999.9	17.4	5.86805555555556	6.57925281097206	330
HARRINGTON_CDA_CS	2019	11	7	311	-0.8	4.3	4.97317282239458	-999.9	14.3	2.47685185185185	5.18865131982534	330
HARRINGTON_CDA_CS	2019	11	8	312	-1.2	2.1	3.94666104725803	-999.9	10.7	5.56712962962964	5.39413744517061	330
HARRINGTON_CDA_CS	2019	11	9	313	-3.4	0.8	4.39305381970902	-999.9	0	4.30555555555556	3.88157288529565	330
HARRINGTON_CDA_CS	2019	11	10	314	0.7	6.9	5.26690757899624	-999.9	1	6.55092592592592	5.7721124276532	330
HARRINGTON_CDA_CS	2019	11	11	315	-1.9	6.5	6.05021548260769	-999.9	1.2	2.73148148148148	5.67301791456505	330
HARRINGTON_CDA_CS	2019	11	12	316	-1.9	14.6	8.3695554412555	-999.9	16.1	6.30787037037036	8.792310526381	330
HARRINGTON_CDA_CS	2019	11	13	317	-4.9	0.8	4.85612116612003	-999.9	0.8	6.33101851851853	4.33154840215726	330
HARRINGTON_CDA_CS	2019	11	14	318	-4.5	0.5	4.4905119399664	-999.9	0.3	3.44907407407408	3.84560212552565	330
HARRINGTON_CDA_CS	2019	11	15	319	-2	9.4	6.6956672161315	-999.9	0.9	6.5625	6.2947597491648	330
HARRINGTON_CDA_CS	2019	11	16	320	-7.1	-2	4.42317065406074	-999.9	0	6.80555555555556	2.61923837488768	330
HARRINGTON_CDA_CS	2019	11	17	321	-5.6	0.7	4.85632201400607	-999.9	0	2.36111111111111	3.96346938431423	330
HARRINGTON_CDA_CS	2019	11	18	322	-4.5	3.6	5.44069778747377	-999.9	22.4	3.19444444444444	5.12687559077229	330
HARRINGTON_CDA_CS	2019	11	19	323	1.3	4.2	3.2171936096558	-999.9	4.5	6.33101851851853	7.21982091629151	330
HARRINGTON_CDA_CS	2019	11	20	324	1.4	4.3	3.18009036084469	-999.9	1	5.72916666666667	6.93743072343757	330
HARRINGTON_CDA_CS	2019	11	21	325	0.8	4.3	3.45412357816335	-999.9	0.7	6.90972222222222	6.29923383299795	330
HARRINGTON_CDA_CS	2019	11	22	326	-0.8	7.2	5.16438169145017	-999.9	14.5	4.32870370370369	6.92882812205514	330
HARRINGTON_CDA_CS	2019	11	23	327	-2.1	1.7	3.52083530399601	-999.9	2.6	6.20370370370369	4.87443656192504	330
HARRINGTON_CDA_CS	2019	11	24	328	-4	3.5	4.8941938833092	-999.9	15.1	2.71990740740741	4.90720164739816	330
HARRINGTON_CDA_CS	2019	11	25	329	1	9	5.00280024863609	-999.9	3.5	6.27314814814814	8.10355424738115	330
HARRINGTON_CDA_CS	2019	11	26	330	0.4	6.7	4.39523398367824	-999.9	0	4.54861111111111	6.23616592835861	330
HARRINGTON_CDA_CS	2019	11	27	331	-1.6	6.3	4.87415829258763	-999.9	0	3.36805555555556	5.73485574374443	330
HARRINGTON_CDA_CS	2019	11	28	332	-0.6	3.8	3.60348239153073	-999.9	0.2	7.32638888888889	6.34620221900922	330
HARRINGTON_CDA_CS	2019	11	29	333	-2.2	2.5	3.69058622090484	-999.9	4	9.81481481481481	5.60973182342886	330
HARRINGTON_CDA_CS	2019	11	30	334	-1.9	-0.6	1.92403743019935	-999.9	7	9.72222222222222	5.24210022975218	330
HARRINGTON_CDA_CS	2019	12	1	335	-9.6	-1.3	4.82087568766864	-999.9	0	4.22453703703703	3.08243177212323	330
HARRINGTON_CDA_CS	2019	12	2	336	-9.4	0	5.08920524574086	-999.9	0	3.22916666666667	3.45564779112011	330
HARRINGTON_CDA_CS	2019	12	3	337	-0.5	2.7	2.94658274697867	-999.9	19.4	6.03009259259258	6.25798903465455	330
HARRINGTON_CDA_CS	2019	12	4	338	-4	2.4	4.13669911595568	-999.9	0.4	3.87731481481481	5.44735765608331	330
HARRINGTON_CDA_CS	2019	12	5	339	-3.9	2.1	3.97765050146007	-999.9	0.4	1.52777777777778	5.07955630660099	330
HARRINGTON_CDA_CS	2019	12	6	340	-5.3	-1.2	3.26663524226525	-999.9	0	4.56018518518519	3.78055931072074	330
HARRINGTON_CDA_CS	2019	12	7	341	-8.3	-5.1	2.86824229174846	-999.9	0	3.78472222222222	2.51154120675253	330
HARRINGTON_CDA_CS	2019	12	8	342	-9.4	-0.3	4.80918675743207	-999.9	0	3.57638888888889	3.02287971589797	330
HARRINGTON_CDA_CS	2019	12	9	343	-0.3	9.8	5.03968117971392	-999.9	3.5	6.5625	7.40656093966946	330
HARRINGTON_CDA_CS	2019	12	10	344	6.4	12.3	3.8330482989682	-999.9	19	8.61111111111111	10.7875529394243	330
HARRINGTON_CDA_CS	2019	12	11	345	-11.6	6.4	6.66527172059906	-999.9	4.3	4.08564814814814	4.39689337656505	330
HARRINGTON_CDA_CS	2019	12	12	346	-12.9	-4.8	4.45325481657832	-999.9	0	4.14351851851853	2.07501721924413	330
HARRINGTON_CDA_CS	2019	12	13	347	-13.6	0	5.74977023637213	-999.9	0	3.62268518518519	2.66616103653962	330
HARRINGTON_CDA_CS	2019	12	14	348	-0.3	12.9	5.64688285608651	-999.9	27.7	6.70138888888889	8.64850172176959	330
HARRINGTON_CDA_CS	2019	12	15	349	-1.7	13.8	6.10274418708988	-999.9	0.2	8.49537037037036	7.60794445250574	330
HARRINGTON_CDA_CS	2019	12	16	350	-7.4	-1.7	3.69260335043157	-999.9	0	9.66435185185186	2.21049788671416	330
HARRINGTON_CDA_CS	2019	12	17	351	-7.2	-2.9	3.20158618199416	-999.9	0	4.39814814814814	2.70452671706665	330
HARRINGTON_CDA_CS	2019	12	18	352	-5.8	-2.5	2.80107432394697	-999.9	0	2.33796296296296	3.35026884370588	330
HARRINGTON_CDA_CS	2019	12	19	353	-11.1	-5.8	3.54686041989316	-999.9	0	3.69212962962964	2.31617666503683	330
HARRINGTON_CDA_CS	2019	12	20	354	-9.2	1.3	4.99047271244049	-999.9	0.5	6.26157407407408	3.61035823702131	330
HARRINGTON_CDA_CS	2019	12	21	355	-8.2	-0.1	4.3836216853305	-999.9	0	3.61111111111111	3.56633710245865	330
HARRINGTON_CDA_CS	2019	12	22	356	-8.8	0.3	4.64897714982851	-999.9	2.8	3.58796296296297	4.09550176989513	330
HARRINGTON_CDA_CS	2019	12	23	357	-4.7	0.8	3.61798326287853	-999.9	0.2	3.96990740740742	4.73747774898884	330
HARRINGTON_CDA_CS	2019	12	24	358	-2.5	1.4	3.0511794510752	-999.9	1.3	6.88657407407408	4.83564405897961	330
HARRINGTON_CDA_CS	2019	12	25	359	-7.8	-2.4	3.59735614335695	-999.9	0.3	4.22453703703703	3.29657984554368	330
HARRINGTON_CDA_CS	2019	12	26	360	-9.1	-4.1	3.46994329956976	-999.9	0	5.65972222222222	2.86522865249875	330
HARRINGTON_CDA_CS	2019	12	27	361	-10.5	1.4	5.36858647564595	-999.9	7.5	3.95833333333333	3.95176902467308	330
HARRINGTON_CDA_CS	2019	12	28	362	-2.4	1.8	3.20005012536769	-999.9	0.3	5.02314814814814	4.84909394277228	330
HARRINGTON_CDA_CS	2019	12	29	363	-4.8	-1.4	2.89009322033218	-999.9	0.2	5.41666666666667	3.47909042641673	330
HARRINGTON_CDA_CS	2019	12	30	364	-3.6	-0.3	2.85931484941871	-999.9	1.8	6.09953703703703	4.29399800805391	330
HARRINGTON_CDA_CS	2019	12	31	365	-3.5	2.5	3.8734961581344	-999.9	4.1	6.13425925925925	4.89729173948675	330
