HARRINGTON_CDA_CS	2005	1	1	1	-3.5	5.7	4.82093267373792	-999.9	0	6.93287037037036	5.33590480963686	330
HARRINGTON_CDA_CS	2005	1	2	2	-9.3	-0.3	4.79459860951409	-999.9	3.8	5.26620370370369	3.03363091820703	330
HARRINGTON_CDA_CS	2005	1	3	3	-9.7	2.2	5.54599346035484	-999.9	0.6	5.40509259259258	3.99144573605773	330
HARRINGTON_CDA_CS	2005	1	4	4	-5.4	-4.9	1.14404573751547	-999.9	0	1.73611111111111	3.26994149977357	330
HARRINGTON_CDA_CS	2005	1	5	5	-11.7	-9.7	2.30356226429699	-999.9	0	3.55324074074075	1.91793892534533	330
HARRINGTON_CDA_CS	2005	1	6	6	-17	-4.5	5.80011802113417	-999.9	5	3.61111111111111	1.83073576512537	330
HARRINGTON_CDA_CS	2005	1	7	7	-13.2	-2.9	5.30473457821279	-999.9	0.8	2.96296296296297	2.9455299306326	330
HARRINGTON_CDA_CS	2005	1	8	8	-8.2	-2.6	3.94243499151388	-999.9	0	3.13657407407408	3.24635215238155	330
HARRINGTON_CDA_CS	2005	1	9	9	-7.2	-4.3	2.86057291064921	-999.9	0	4.95370370370369	3.04936119119114	330
HARRINGTON_CDA_CS	2005	1	10	10	-9	0.2	5.13907634470121	-999.9	1.5	4.45601851851853	3.80068325074174	330
HARRINGTON_CDA_CS	2005	1	11	11	-11	-9.4	2.16240691543735	-999.9	0	6.41203703703703	1.85154839379803	330
HARRINGTON_CDA_CS	2005	1	12	12	-13.4	-4.1	5.26198635012303	-999.9	0.7	2.8125	2.37013077931441	330
HARRINGTON_CDA_CS	2005	1	13	13	-14.6	6.9	8.07789357904054	-999.9	0	5.50925925925925	4.0843448660007	330
HARRINGTON_CDA_CS	2005	1	14	14	0.8	11.2	5.67415619517347	-999.9	8.9	6.84027777777778	8.97194330419403	330
HARRINGTON_CDA_CS	2005	1	15	15	-9.6	-7.8	2.38482661674415	-999.9	0	4.59490740740742	2.18557412895821	330
HARRINGTON_CDA_CS	2005	1	16	16	-11.6	-4.6	4.75259536355735	-999.9	1.6	2.21064814814815	2.22619172839497	330
HARRINGTON_CDA_CS	2005	1	17	17	-7	-4.8	2.69323842850747	-999.9	3	10.9722222222222	3.46462844364909	330
HARRINGTON_CDA_CS	2005	1	18	18	-15.8	-14.6	2.01118089215855	-999.9	0.7	4.03935185185186	1.4263865505888	330
HARRINGTON_CDA_CS	2005	1	19	19	-17.9	-9.1	5.50819505024934	-999.9	0	3.05555555555556	1.63588207682885	330
HARRINGTON_CDA_CS	2005	1	20	20	-18.9	-1.1	7.92484637918874	-999.9	3.4	10.77	3.89442292514594	330
HARRINGTON_CDA_CS	2005	1	21	21	-17.4	-14.7	3.12302904909555	-999.9	0	9.84	2.4266039108818	330
HARRINGTON_CDA_CS	2005	1	22	22	-21	-12.5	5.60805574656132	-999.9	0	9.83	2.12957820588021	330
HARRINGTON_CDA_CS	2005	1	23	23	-19.5	-6.3	7.07439008080338	-999.9	8.4	10.37	2.69907483637913	330
HARRINGTON_CDA_CS	2005	1	24	24	-11.2	-8.6	3.17887473727449	-999.9	0.7	16.57	2.98397000469307	330
HARRINGTON_CDA_CS	2005	1	25	25	-15.2	-13	2.9611704945255	-999.9	0.6	9.37	2.46440456841171	330
HARRINGTON_CDA_CS	2005	1	26	26	-21.9	-15.9	4.95300547699624	-999.9	0	6.66	1.97045961249155	330
HARRINGTON_CDA_CS	2005	1	27	27	-24.4	-14.7	6.37956610504604	-999.9	0.6	8.7	2.07816156499206	330
HARRINGTON_CDA_CS	2005	1	28	28	-17.7	-14.6	3.65396564247718	-999.9	0	11.3	2.2875326387769	330
HARRINGTON_CDA_CS	2005	1	29	29	-17.5	-10.1	5.7205710913536	-999.9	0.6	6.69	2.6066732227457	330
HARRINGTON_CDA_CS	2005	1	30	30	-17.9	-6.9	7.06832914959812	-999.9	2.1	0	1.90057563490382	330
HARRINGTON_CDA_CS	2005	1	31	31	-13	-11.6	2.55584079140188	-999.9	0.6	5.91	2.54582100047611	330
HARRINGTON_CDA_CS	2005	2	1	32	-20.1	-7.3	7.83379398888497	-999.9	1.9	0	1.77453862592487	330
HARRINGTON_CDA_CS	2005	2	2	33	-15	-3.9	7.39553689978401	-999.9	0.7	0	2.58596742083976	330
HARRINGTON_CDA_CS	2005	2	3	34	-12.4	-3	6.9000560444084	-999.9	0.6	0	3.10010837162428	330
HARRINGTON_CDA_CS	2005	2	4	35	-5.7	-2.7	3.95243776062072	-999.9	0	4.11	4.58581886949041	330
HARRINGTON_CDA_CS	2005	2	5	36	-7.2	-4.1	4.07410444191399	-999.9	0	8.38	4.42174415963828	330
HARRINGTON_CDA_CS	2005	2	6	37	-8.2	-4.1	4.75135351093376	-999.9	0	0	3.5182210044466	330
HARRINGTON_CDA_CS	2005	2	7	38	-14.5	0	9.06164105084234	-999.9	0	0	3.15309918388315	330
HARRINGTON_CDA_CS	2005	2	8	39	-6.2	4.8	8.00453666324478	-999.9	1.6	0	4.00491567424252	330
HARRINGTON_CDA_CS	2005	2	9	40	-2.7	3.4	6.04557581132149	-999.9	0	2.08	5.28489397026967	330
HARRINGTON_CDA_CS	2005	2	10	41	-3.5	3.6	6.61526369716632	-999.9	14.5	6.03	4.99358738674125	330
HARRINGTON_CDA_CS	2005	2	11	42	-3.4	4.2	6.94190858054075	-999.9	0	6.92	6.15804009214932	330
HARRINGTON_CDA_CS	2005	2	12	43	-6.3	-1.7	5.47785634788551	-999.9	0	8.61	3.73012098771745	330
HARRINGTON_CDA_CS	2005	2	13	44	-10.6	-5.1	6.07540130540968	-999.9	0	4.9	3.1992608259509	330
HARRINGTON_CDA_CS	2005	2	14	45	-12.3	-4.4	7.38530102524022	-999.9	0	0	2.08782121918813	330
HARRINGTON_CDA_CS	2005	2	15	46	-12.1	3	10.3561957103687	-999.9	1.8	9.01	4.38572143233199	330
HARRINGTON_CDA_CS	2005	2	16	47	-0.4	5.4	6.50992586783167	-999.9	3	3.82	6.64235947065359	330
HARRINGTON_CDA_CS	2005	2	17	48	1.1	4.4	4.98034701726148	-999.9	0	7.74	5.97179164657013	330
HARRINGTON_CDA_CS	2005	2	18	49	-6.3	-4.5	3.73050012965118	-999.9	0.7	8.4	2.98613852039468	330
HARRINGTON_CDA_CS	2005	2	19	50	-14.1	-10.4	5.42431364298001	-999.9	0	4.65	2.15887857993366	330
HARRINGTON_CDA_CS	2005	2	20	51	-15.7	-9.4	7.17810403339846	-999.9	0.6	0	1.94027113267907	330
HARRINGTON_CDA_CS	2005	2	21	52	-18.4	-11.5	7.61797500211984	-999.9	0	0	1.47976053149959	330
HARRINGTON_CDA_CS	2005	2	22	53	-16.2	-7.9	8.47241478933039	-999.9	0.9	3.74	2.23181117728061	330
HARRINGTON_CDA_CS	2005	2	23	54	-12.3	-7	6.86490701292731	-999.9	1.5	0	2.47485692929844	330
HARRINGTON_CDA_CS	2005	2	24	55	-13.6	-9.1	6.41364301043823	-999.9	1.1	0	2.13671597734219	330
HARRINGTON_CDA_CS	2005	2	25	56	-17.5	-8.4	9.24681571033043	-999.9	1.5	6.49	2.90181824258852	330
HARRINGTON_CDA_CS	2005	2	26	57	-10.3	-4.1	7.73765806765956	-999.9	0	12.04	3.25692576820382	330
HARRINGTON_CDA_CS	2005	2	27	58	-10.9	-6.7	6.45576678729128	-999.9	0.7	12.78	2.56492608712999	330
HARRINGTON_CDA_CS	2005	2	28	59	-11.4	-4.1	8.62699664645715	-999.9	0	5.71	2.62849991754329	330
HARRINGTON_CDA_CS	2005	3	1	60	-8.4	2.9	10.8786805511959	-999.9	6.8	9.65	4.46719757375371	330
HARRINGTON_CDA_CS	2005	3	2	61	-2.3	1.6	6.47694577700552	-999.9	1.4	0	5.72302391528069	330
HARRINGTON_CDA_CS	2005	3	3	62	-7.2	-4.9	5.04038165941987	-999.9	1.1	8.29	3.4965964320825	330
HARRINGTON_CDA_CS	2005	3	4	63	-13.4	-8.1	7.75279129922132	-999.9	1.6	6.77	2.57545899954125	330
HARRINGTON_CDA_CS	2005	3	5	64	-12.4	-5.7	8.8315292263062	-999.9	1.8	7.39	2.86716139297215	330
HARRINGTON_CDA_CS	2005	3	6	65	-11.6	-1.2	11.1467917922915	-999.9	2.2	4.93	3.45200844835091	330
HARRINGTON_CDA_CS	2005	3	7	66	-10	0.3	11.2367737034358	-999.9	1	7	3.07591773439211	330
HARRINGTON_CDA_CS	2005	3	8	67	-11.6	8.7	15.9777174948677	-999.9	16.3	12.25	6.27982556476901	330
HARRINGTON_CDA_CS	2005	3	9	68	-2.7	0.4	6.32330345640092	-999.9	1.7	15.12	4.61860892771653	330
HARRINGTON_CDA_CS	2005	3	10	69	-13.1	-5.2	10.2217410455577	-999.9	5.1	4.99	2.59884413097693	330
HARRINGTON_CDA_CS	2005	3	11	70	-11.8	-4.4	10.0167313919985	-999.9	1.8	0	1.26892928518514	330
HARRINGTON_CDA_CS	2005	3	12	71	-10.4	-3.9	9.50419696092025	-999.9	0	9.36	3.07917272886389	330
HARRINGTON_CDA_CS	2005	3	13	72	-7.1	-3.1	7.54720561475916	-999.9	1.7	11.48	3.93592482251542	330
HARRINGTON_CDA_CS	2005	3	14	73	-5.7	0	9.11882908573338	-999.9	0.8	6.97	5.58025547934781	330
HARRINGTON_CDA_CS	2005	3	15	74	-2	1.6	7.33407942704927	-999.9	2.3	6.9	5.43458995288583	330
HARRINGTON_CDA_CS	2005	3	16	75	-4.6	-0.2	8.20464762255682	-999.9	0	8.24	4.80784471529324	330
HARRINGTON_CDA_CS	2005	3	17	76	-2.5	-1	4.84690285425119	-999.9	4	8.23	4.97378951088041	330
HARRINGTON_CDA_CS	2005	3	18	77	-2.3	-0.9	4.73710515313714	-999.9	2.1	3.34	5.54894923025964	330
HARRINGTON_CDA_CS	2005	3	19	78	-2.4	-1	4.79168215461372	-999.9	0	7.18	4.80653802168028	330
HARRINGTON_CDA_CS	2005	3	20	79	-4.9	-0.7	8.39397618819457	-999.9	0	8.31	4.00040808760206	330
HARRINGTON_CDA_CS	2005	3	21	80	-2.6	-0.5	6.00226932421169	-999.9	0.8	4.6	4.87616064609025	330
HARRINGTON_CDA_CS	2005	3	22	81	-5.7	-0.4	9.6416132426463	-999.9	2	2.57	4.27463779707479	330
HARRINGTON_CDA_CS	2005	3	23	82	-8	2.9	13.9789243942859	-999.9	0	4.06	4.38488762747636	330
HARRINGTON_CDA_CS	2005	3	24	83	-5.3	-0.5	9.37718086534149	-999.9	0	0	4.16564577859065	330
HARRINGTON_CDA_CS	2005	3	25	84	-6.4	3	13.2632169646201	-999.9	1.6	6.25	4.92388204582193	330
HARRINGTON_CDA_CS	2005	3	26	85	-7.2	-3.9	7.94176455288398	-999.9	0	4.69	3.18269022160993	330
HARRINGTON_CDA_CS	2005	3	27	86	-8.2	4.9	15.9886699826935	-999.9	0.7	5.57	4.09193222161083	330
HARRINGTON_CDA_CS	2005	3	28	87	-3.5	6	13.7561368606249	-999.9	32.3	6.37	5.20979361527458	330
HARRINGTON_CDA_CS	2005	3	29	88	1.2	7.1	10.951152793629	-999.9	29.5	6.82	6.90504577072862	330
HARRINGTON_CDA_CS	2005	3	30	89	-1.2	-0.3	4.32011421193907	-999.9	0.6	13.19	5.56781042527767	330
HARRINGTON_CDA_CS	2005	3	31	90	-2.6	-0.6	6.50384192912467	-999.9	0.7	12.88	5.08818909636777	330
HARRINGTON_CDA_CS	2005	4	1	91	-2.6	7.1	14.4631408636323	-999.9	0	4.63	5.95265940287266	330
HARRINGTON_CDA_CS	2005	4	2	92	0.2	9.5	14.2981773963821	-999.9	0	4.11	6.22354442952022	330
HARRINGTON_CDA_CS	2005	4	3	93	-0.1	7.7	13.2187261457603	-999.9	8.6	8.22	6.71369360507493	330
HARRINGTON_CDA_CS	2005	4	4	94	4.1	11.1	12.639649633853	-999.9	0.7	8.36	7.79484082209577	330
HARRINGTON_CDA_CS	2005	4	5	95	0	7	12.7561424290095	-999.9	1.4	4.38	7.11700786981838	330
HARRINGTON_CDA_CS	2005	4	6	96	2.6	12.6	15.3849219091181	-999.9	0	5.99	6.61991452296436	330
HARRINGTON_CDA_CS	2005	4	7	97	-0.3	6.1	12.417978763177	-999.9	2.4	0	3.81668907707959	330
HARRINGTON_CDA_CS	2005	4	8	98	1.3	4.4	8.71862775863482	-999.9	0.8	4.89	6.5338160526913	330
HARRINGTON_CDA_CS	2005	4	9	99	-0.3	4.8	11.2797520399266	-999.9	0	5.16	5.35875079000926	330
HARRINGTON_CDA_CS	2005	4	10	100	-2.3	11.2	18.5084237420287	-999.9	0	6.37	5.61054163512214	330
HARRINGTON_CDA_CS	2005	4	11	101	-2	1.5	9.50310831219858	-999.9	1.5	7.3	5.57694769787555	330
HARRINGTON_CDA_CS	2005	4	12	102	-2.1	4.4	13.0574566838054	-999.9	0.9	6.32	5.63926035170824	330
HARRINGTON_CDA_CS	2005	4	13	103	-3.4	5.6	15.4894045637529	-999.9	0.7	0	6.11399990642355	330
HARRINGTON_CDA_CS	2005	4	14	104	-2.2	0.2	8.06254392472026	-999.9	0	8.79	4.46408801657128	330
HARRINGTON_CDA_CS	2005	4	15	105	-3.4	3	13.269393875202	-999.9	0	5.88	3.97426076567857	330
HARRINGTON_CDA_CS	2005	4	16	106	-4.3	13.8	22.4872741356008	-999.9	0.7	4.71	5.00672510580999	330
HARRINGTON_CDA_CS	2005	4	17	107	0.3	18	22.4059098239047	-999.9	0	4.74	6.53391932316984	330
HARRINGTON_CDA_CS	2005	4	18	108	3.9	7.1	9.59779703057109	-999.9	0	8.47	5.90668276470824	330
HARRINGTON_CDA_CS	2005	4	19	109	-1.8	10.7	19.1079726262482	-999.9	0	5.47	5.38369088249497	330
HARRINGTON_CDA_CS	2005	4	20	110	2.9	12.5	16.8655645246312	-999.9	3.1	5.97	7.15755530755684	330
HARRINGTON_CDA_CS	2005	4	21	111	-1.4	3.1	11.6284021664419	-999.9	2	0	5.69900934457988	330
HARRINGTON_CDA_CS	2005	4	22	112	-1.7	9.5	18.4720209247582	-999.9	0	7.55	5.42950592792749	330
HARRINGTON_CDA_CS	2005	4	23	113	1.3	10	16.3907933811276	-999.9	6.4	0	3.31111186071599	330
HARRINGTON_CDA_CS	2005	4	24	114	5.3	17.8	19.7776135338024	-999.9	4.1	6.42	9.1953446849561	330
HARRINGTON_CDA_CS	2005	4	25	115	6.5	10.6	11.4007434137807	-999.9	22	8.87	9.4624640761104	330
HARRINGTON_CDA_CS	2005	4	26	116	3.3	12.5	17.1870606219109	-999.9	0	3.12	7.3874386608521	330
HARRINGTON_CDA_CS	2005	4	27	117	-0.8	7.5	16.4269729099335	-999.9	0.6	4.23	7.05146384860384	330
HARRINGTON_CDA_CS	2005	4	28	118	-0.7	7.4	16.3273767186488	-999.9	3.9	9.5	6.58003031241057	330
HARRINGTON_CDA_CS	2005	4	29	119	2.4	12.7	18.522209783739	-999.9	3.9	8.71	7.78697126514833	330
HARRINGTON_CDA_CS	2005	4	30	120	1.9	11.6	18.0802934597494	-999.9	6.6	4.63	7.80753148526986	330
HARRINGTON_CDA_CS	2005	5	1	121	6.3	12.6	14.654827481158	-999.9	7.1	10.43	9.16694879464871	330
HARRINGTON_CDA_CS	2005	5	2	122	6.2	14.6	17.0171402761535	-999.9	0	7.15	8.13713748229714	330
HARRINGTON_CDA_CS	2005	5	3	123	3.7	15.1	19.93341927979	-999.9	0	5.11	7.86599673043389	330
HARRINGTON_CDA_CS	2005	5	4	124	3	14.6	20.2156177738021	-999.9	0	0	8.07452950884079	330
HARRINGTON_CDA_CS	2005	5	5	125	4.2	12.8	17.4977564537589	-999.9	0	0	5.51623460918689	330
HARRINGTON_CDA_CS	2005	5	6	126	3.9	16.3	21.1186347567624	-999.9	0	2.18	7.55301434233991	330
HARRINGTON_CDA_CS	2005	5	7	127	4.5	14.2	18.77196417138	-999.9	19.8	3.86	8.0175036405244	330
HARRINGTON_CDA_CS	2005	5	8	128	3.5	7.9	12.7047551138827	-999.9	8	10.36	7.25932813685599	330
HARRINGTON_CDA_CS	2005	5	9	129	3.1	8.7	14.4011640928966	-999.9	0.7	6.73	8.02700777315981	330
HARRINGTON_CDA_CS	2005	5	10	130	1.3	11.2	19.2367887843726	-999.9	0	4.73	8.50428560789799	330
HARRINGTON_CDA_CS	2005	5	11	131	2.2	14.6	21.6264499500011	-999.9	0.7	2.68	9.17379332592702	330
HARRINGTON_CDA_CS	2005	5	12	132	1.5	9	16.8932302565448	-999.9	2.1	9.8	7.02512448754048	330
HARRINGTON_CDA_CS	2005	5	13	133	-1.4	2.2	11.7541033769355	-999.9	0.6	12.79	4.6661140897189	330
HARRINGTON_CDA_CS	2005	5	14	134	-2	5.8	17.3736268064165	-999.9	0.8	9.02	6.19018423211394	330
HARRINGTON_CDA_CS	2005	5	15	135	2.7	9.1	15.8010913774977	-999.9	0	4.67	7.5662901261437	330
HARRINGTON_CDA_CS	2005	5	16	136	0.8	6.7	15.2309229605775	-999.9	6.2	0	7.16815822410885	330
HARRINGTON_CDA_CS	2005	5	17	137	3.3	9.1	15.1588676471279	-999.9	0	0	8.90242002434237	330
HARRINGTON_CDA_CS	2005	5	18	138	0.6	12.7	21.9759494242973	-999.9	0	0	8.67248818051333	330
HARRINGTON_CDA_CS	2005	5	19	139	3.2	6.8	12.02979622141	-999.9	22.3	5.08	8.26760939485652	330
HARRINGTON_CDA_CS	2005	5	20	140	2.8	4.9	9.2197425492036	-999.9	2.1	7.95	7.79203654756479	330
HARRINGTON_CDA_CS	2005	5	21	141	2.8	7.8	14.2740279898954	-999.9	2.2	4.71	8.25235595520874	330
HARRINGTON_CDA_CS	2005	5	22	142	3.5	8.5	14.3202105356665	-999.9	3.4	9.69	8.69090072188234	330
HARRINGTON_CDA_CS	2005	5	23	143	4.6	11.4	16.7522200454719	-999.9	0	10	8.35827785105333	330
HARRINGTON_CDA_CS	2005	5	24	144	3.3	11.2	18.1107237287748	-999.9	0	7.84	8.167030233712	330
HARRINGTON_CDA_CS	2005	5	25	145	3.4	12.6	19.6006978241194	-999.9	0	6.76	7.7146664267057	330
HARRINGTON_CDA_CS	2005	5	26	146	3.1	13	20.3892738747382	-999.9	4.7	9.72	9.04235791982679	330
HARRINGTON_CDA_CS	2005	5	27	147	5.9	17.1	21.7445819687018	-999.9	0	6.6	10.8875453901026	330
HARRINGTON_CDA_CS	2005	5	28	148	4.4	11.1	16.8612142642427	-999.9	0	3.46	9.98238515418762	330
HARRINGTON_CDA_CS	2005	5	29	149	5	13.3	18.8127178837436	-999.9	0.7	0	9.98973315412252	330
HARRINGTON_CDA_CS	2005	5	30	150	5	16.4	22.0992622139614	-999.9	0	0	10.7230196714207	330
HARRINGTON_CDA_CS	2005	5	31	151	8.6	19.7	21.8550413392308	-999.9	0	0	13.6575459241267	330
HARRINGTON_CDA_CS	2005	6	1	152	9.1	24.1	25.4596623653625	-999.9	0.6	4.24	12.9660108020312	330
HARRINGTON_CDA_CS	2005	6	2	153	15	26.7	22.5304055634498	-999.9	0	6.9	13.3583022254805	330
HARRINGTON_CDA_CS	2005	6	3	154	12.1	24.2	22.9556795227331	-999.9	0	8.42	13.2051830316965	330
HARRINGTON_CDA_CS	2005	6	4	155	11.8	17.4	15.6446303669186	-999.9	10.3	0	14.182397225086	330
HARRINGTON_CDA_CS	2005	6	5	156	7.7	12	13.7319397886552	-999.9	20.3	3.5	8.862861762591	330
HARRINGTON_CDA_CS	2005	6	6	157	2.1	16.1	24.8165095148798	-999.9	7.4	0	9.32298217554665	330
HARRINGTON_CDA_CS	2005	6	7	158	8	19.8	22.8165219688709	-999.9	1.7	9.44	13.0180565343394	330
HARRINGTON_CDA_CS	2005	6	8	159	12.8	17.3	14.1090993730298	-999.9	0	0	12.0621822136136	330
HARRINGTON_CDA_CS	2005	6	9	160	9.1	21	22.9722763431594	-999.9	0.9	2.55	12.2111768165064	330
HARRINGTON_CDA_CS	2005	6	10	161	12.2	26.6	25.2989393135103	-999.9	0	6.7	15.4874597639429	330
HARRINGTON_CDA_CS	2005	6	11	162	8.3	13.2	14.7727958968033	-999.9	0	0	12.2252694820485	330
HARRINGTON_CDA_CS	2005	6	12	163	6.9	20.4	24.5430354889581	-999.9	12.2	5.75	14.2849444699664	330
HARRINGTON_CDA_CS	2005	6	13	164	10.1	13.8	12.8591479570394	-999.9	22.5	0	13.6591196158411	330
HARRINGTON_CDA_CS	2005	6	14	165	8.1	17.3	20.2912335659435	-999.9	0.6	6.03	10.5829912334991	330
HARRINGTON_CDA_CS	2005	6	15	166	5.4	18.4	24.1347461373597	-999.9	1.5	0	13.2895542154216	330
HARRINGTON_CDA_CS	2005	6	16	167	8.4	11.6	11.9799756702216	-999.9	8.1	7.12	11.2320386596699	330
HARRINGTON_CDA_CS	2005	6	17	168	8	12.7	14.5242318148814	-999.9	1.9	7.06	11.2825450536692	330
HARRINGTON_CDA_CS	2005	6	18	169	8.6	11.9	12.1735699161535	-999.9	0.6	0	12.2017297004545	330
HARRINGTON_CDA_CS	2005	6	19	170	8.1	12.8	14.5304857493781	-999.9	0.7	0	12.2382743152413	330
HARRINGTON_CDA_CS	2005	6	20	171	3.2	22.7	29.598672571502	-999.9	0	5.5	11.8926331784576	330
HARRINGTON_CDA_CS	2005	6	21	172	12.9	24.6	22.9258323563405	-999.9	4.5	7.77	14.3244325990384	330
HARRINGTON_CDA_CS	2005	6	22	173	12.6	14.6	9.47715486111606	-999.9	0.8	0	13.9174913096736	330
HARRINGTON_CDA_CS	2005	6	23	174	7.1	17.3	21.396730715226	-999.9	0.6	4.61	10.9973620681418	330
HARRINGTON_CDA_CS	2005	6	24	175	9.5	23.4	24.9685116959086	-999.9	2.2	5.98	13.7076976040816	330
HARRINGTON_CDA_CS	2005	6	25	176	13.9	29	26.0114892549267	-999.9	0	5.43	18.1437465362133	330
HARRINGTON_CDA_CS	2005	6	26	177	16.3	19.6	12.1528676256152	-999.9	1.2	4.74	14.7033262054966	330
HARRINGTON_CDA_CS	2005	6	27	178	12.5	25.5	24.1041645788315	-999.9	0.6	0	19.1941288653698	330
HARRINGTON_CDA_CS	2005	6	28	179	14.7	25.6	22.0539208371611	-999.9	0	8.2	18.3205015173867	330
HARRINGTON_CDA_CS	2005	6	29	180	19.8	27.3	18.2771667766125	-999.9	0.8	7.05	18.7123004396064	330
HARRINGTON_CDA_CS	2005	6	30	181	11.6	17.2	15.7772548210036	-999.9	0	0	14.6590718476063	330
HARRINGTON_CDA_CS	2005	7	1	182	9.5	20.4	21.9868661654158	-999.9	2.4	5.66	15.7383566362413	330
HARRINGTON_CDA_CS	2005	7	2	183	17.5	23.3	16.0188073369169	-999.9	5.9	7.9	19.1056586701174	330
HARRINGTON_CDA_CS	2005	7	3	184	11.1	20.1	19.9276888536537	-999.9	0	4.12	13.7522994236275	330
HARRINGTON_CDA_CS	2005	7	4	185	11.6	26.3	25.4312202415416	-999.9	0.6	4.8	14.8229198111671	330
HARRINGTON_CDA_CS	2005	7	5	186	12.2	24.8	23.5082316266693	-999.9	0	6.57	14.8757738664991	330
HARRINGTON_CDA_CS	2005	7	6	187	13.9	16.6	10.8641555546174	-999.9	8.9	6.59	14.7503789035956	330
HARRINGTON_CDA_CS	2005	7	7	188	12.4	16.6	13.5260605774298	-999.9	0.6	0	15.5001644745378	330
HARRINGTON_CDA_CS	2005	7	8	189	7.6	22.3	25.2575404229031	-999.9	0	0	16.3506936715114	330
HARRINGTON_CDA_CS	2005	7	9	190	13.3	22.2	19.6139986630448	-999.9	0.8	4.52	17.1697144638008	330
HARRINGTON_CDA_CS	2005	7	10	191	15.3	21.8	16.7270566114275	-999.9	0	0	20.4415902918826	330
HARRINGTON_CDA_CS	2005	7	11	192	15.2	18.4	11.7106883335094	-999.9	0	0	18.152733848972	330
HARRINGTON_CDA_CS	2005	7	12	193	13.1	14.4	7.44691637619145	-999.9	0.7	6.87	15.2908382974516	330
HARRINGTON_CDA_CS	2005	7	13	194	12.9	17.8	14.422909901246	-999.9	0.6	0	16.337393207566	330
HARRINGTON_CDA_CS	2005	7	14	195	12.7	21	18.7239090518054	-999.9	4.6	6.75	17.1510225560208	330
HARRINGTON_CDA_CS	2005	7	15	196	16.8	21.7	14.3486356347284	-999.9	0	5.47	17.4468696324796	330
HARRINGTON_CDA_CS	2005	7	16	197	13.5	16.5	11.1964573697112	-999.9	0	0	15.5802421372517	330
HARRINGTON_CDA_CS	2005	7	17	198	11.8	27.6	25.6217154287015	-999.9	0	4.21	17.8986681931283	330
HARRINGTON_CDA_CS	2005	7	18	199	18.2	26.7	18.7370349693803	-999.9	0	6.43	20.1673149820365	330
HARRINGTON_CDA_CS	2005	7	19	200	20.9	26.7	15.4301126123866	-999.9	0	5.73	23.5159050135417	330
HARRINGTON_CDA_CS	2005	7	20	201	19.8	25.9	15.7737704174083	-999.9	0	4.04	20.8123022825228	330
HARRINGTON_CDA_CS	2005	7	21	202	14.6	24.1	19.6200248408656	-999.9	0	0	19.5654464938855	330
HARRINGTON_CDA_CS	2005	7	22	203	16.1	28.5	22.3391806484738	-999.9	13.8	3.17	19.5818313439307	330
HARRINGTON_CDA_CS	2005	7	23	204	15.7	18.7	10.9493163235041	-999.9	2	4.03	18.5947059461464	330
HARRINGTON_CDA_CS	2005	7	24	205	13.8	19.7	15.2993689648483	-999.9	0.7	0	12.2939149876635	330
HARRINGTON_CDA_CS	2005	7	25	206	12	18.7	16.2426555094146	-999.9	0	6.17	16.1438558771018	330
HARRINGTON_CDA_CS	2005	7	26	207	14.4	26.7	21.9227537850417	-999.9	0	5.7	19.5213260015671	330
HARRINGTON_CDA_CS	2005	7	27	208	19.3	23.5	12.7597076447159	-999.9	23.1	6.49	21.8808419953223	330
HARRINGTON_CDA_CS	2005	7	28	209	15.1	20.2	14.0031296169995	-999.9	0	4.85	17.1095166676456	330
HARRINGTON_CDA_CS	2005	7	29	210	14	21.3	16.6830559421389	-999.9	0	0	16.4710726909931	330
HARRINGTON_CDA_CS	2005	7	30	211	14.1	21.5	16.7245406240831	-999.9	0	0	17.2914057976648	330
HARRINGTON_CDA_CS	2005	7	31	212	11.6	21.6	19.3558520778209	-999.9	0	4.35	14.279124654717	330
HARRINGTON_CDA_CS	2005	8	1	213	12.3	20	16.9075698921139	-999.9	10.1	5.72	16.1636492264532	330
HARRINGTON_CDA_CS	2005	8	2	214	13.9	21.7	16.9377617796785	-999.9	0.3	0	18.8261459572208	330
HARRINGTON_CDA_CS	2005	8	3	215	14.6	19.9	13.8953238776828	-999.9	1.3	5.16	17.8138849565476	330
HARRINGTON_CDA_CS	2005	8	4	216	14.4	18.8	12.5987656177262	-999.9	0	0	16.3113643158534	330
HARRINGTON_CDA_CS	2005	8	5	217	10.7	22.7	20.7019790747736	-999.9	0	7.88	17.3154513334621	330
HARRINGTON_CDA_CS	2005	8	6	218	17.3	22.1	13.0259639401142	-999.9	0	0	15.2094679059879	330
HARRINGTON_CDA_CS	2005	8	7	219	12.7	25.6	21.2422396534092	-999.9	0	4.27	16.4022183724567	330
HARRINGTON_CDA_CS	2005	8	8	220	16.4	26	18.2265807196509	-999.9	0	5.54	18.9810841792041	330
HARRINGTON_CDA_CS	2005	8	9	221	16.1	28.9	20.9308277846989	-999.9	0	5.81	20.7624945056139	330
HARRINGTON_CDA_CS	2005	8	10	222	18.3	27.7	17.8362941518048	-999.9	0	8.26	21.6146253931156	330
HARRINGTON_CDA_CS	2005	8	11	223	19	25.6	14.8600114332568	-999.9	0	6.5	21.3060325566451	330
HARRINGTON_CDA_CS	2005	8	12	224	14.3	22.8	16.7652510584635	-999.9	0	4.27	16.7192663638378	330
HARRINGTON_CDA_CS	2005	8	13	225	15.4	21.7	14.3473267987108	-999.9	0	6.85	19.5754074999307	330
HARRINGTON_CDA_CS	2005	8	14	226	17.5	25.3	15.8669910971943	-999.9	0	0	21.3434022418247	330
HARRINGTON_CDA_CS	2005	8	15	227	15.3	22.3	14.9378828822698	-999.9	0	0	19.3190026554536	330
HARRINGTON_CDA_CS	2005	8	16	228	10.5	23.4	20.1499318460171	-999.9	0	0	18.7735905069792	330
HARRINGTON_CDA_CS	2005	8	17	229	13.5	22.9	17.0894090230131	-999.9	0.7	6.53	17.3504054006487	330
HARRINGTON_CDA_CS	2005	8	18	230	12.6	19.6	14.6501468567917	-999.9	1.6	0	15.7999805851944	330
HARRINGTON_CDA_CS	2005	8	19	231	10	20.5	17.8222550676641	-999.9	4.9	0	14.6619127120068	330
HARRINGTON_CDA_CS	2005	8	20	232	9.4	22.5	19.7707738271331	-999.9	0.6	4.74	15.8923938042426	330
HARRINGTON_CDA_CS	2005	8	21	233	16.6	23.9	14.6559575237336	-999.9	1.8	6.69	21.2012790258595	330
HARRINGTON_CDA_CS	2005	8	22	234	17.1	27.4	17.2854476195179	-999.9	0	4.45	18.8027647590757	330
HARRINGTON_CDA_CS	2005	8	23	235	14.4	22.9	15.5892424078574	-999.9	0.3	2.21	19.0787102616271	330
HARRINGTON_CDA_CS	2005	8	24	236	15.8	19.1	9.64206617695826	-999.9	2.9	5.68	16.73010180747	330
HARRINGTON_CDA_CS	2005	8	25	237	14.1	18.6	11.1753423441196	-999.9	11	6.91	15.5095082526305	330
HARRINGTON_CDA_CS	2005	8	26	238	10.1	23.4	19.066259046594	-999.9	0	0	12.7741460418692	330
HARRINGTON_CDA_CS	2005	8	27	239	11.7	26.6	20.0244846216411	-999.9	4.5	2.8	17.1216183310079	330
HARRINGTON_CDA_CS	2005	8	28	240	14	25.4	17.3777063240934	-999.9	0	6.82	17.7463249425699	330
HARRINGTON_CDA_CS	2005	8	29	241	16.9	26.7	15.983356179207	-999.9	0	0	22.0294150960706	330
HARRINGTON_CDA_CS	2005	8	30	242	18.3	22.9	10.8615474082517	-999.9	0	0	20.4656924451541	330
HARRINGTON_CDA_CS	2005	8	31	243	18	23.6	11.8852256404449	-999.9	0.6	4.27	21.4842567774999	330
HARRINGTON_CDA_CS	2005	9	1	244	19.9	24.5	10.6815828390747	-999.9	17	8.77	23.3753062160907	330
HARRINGTON_CDA_CS	2005	9	2	245	15.5	25.4	15.536747189945	-999.9	0.2	5.68	18.8641556860165	330
HARRINGTON_CDA_CS	2005	9	3	246	16.4	23	12.5760047251392	-999.9	0	7.27	17.2249679519525	330
HARRINGTON_CDA_CS	2005	9	4	247	13.1	20.7	13.3766717077382	-999.9	0	4.87	15.538795674509	330
HARRINGTON_CDA_CS	2005	9	5	248	12.3	18.8	12.260572532948	-999.9	0	0	13.7012733213814	330
HARRINGTON_CDA_CS	2005	9	6	249	9.1	22.5	17.4446181375653	-999.9	0	4.33	14.2179926241264	330
HARRINGTON_CDA_CS	2005	9	7	250	12.7	24.9	16.4924864867676	-999.9	0	6.29	16.8838773599699	330
HARRINGTON_CDA_CS	2005	9	8	251	13.5	25.7	16.33899845968	-999.9	0	4.26	18.5537570805083	330
HARRINGTON_CDA_CS	2005	9	9	252	15.4	18.6	8.28899631430388	-999.9	1.8	0	16.8605648767343	330
HARRINGTON_CDA_CS	2005	9	10	253	10.9	17.2	11.5191609408277	-999.9	4.6	8.18	13.7113731330821	330
HARRINGTON_CDA_CS	2005	9	11	254	11.5	16.9	10.5612005425822	-999.9	7.6	7.54	11.0263162066229	330
HARRINGTON_CDA_CS	2005	9	12	255	11.6	18.7	11.9909535833274	-999.9	0	11.61	14.8638975477543	330
HARRINGTON_CDA_CS	2005	9	13	256	11.5	17.1	10.54311882258	-999.9	0	3.61	12.3940815380352	330
HARRINGTON_CDA_CS	2005	9	14	257	10.1	22.5	15.5302698505908	-999.9	0	6.61	15.6299688494896	330
HARRINGTON_CDA_CS	2005	9	15	258	17.3	23.1	10.5127882788146	-999.9	16.2	5.19	18.9271253391107	330
HARRINGTON_CDA_CS	2005	9	16	259	14.2	20.1	10.4932149068489	-999.9	0.2	4.26	16.8268263568338	330
HARRINGTON_CDA_CS	2005	9	17	260	13.3	16.5	7.64679222404302	-999.9	39.8	0	15.4802145562329	330
HARRINGTON_CDA_CS	2005	9	18	261	14.2	17.2	7.19222460450355	-999.9	0	6.23	16.9491599309282	330
HARRINGTON_CDA_CS	2005	9	19	262	14.4	19.6	10.3186797762641	-999.9	0	3.92	15.5704430392355	330
HARRINGTON_CDA_CS	2005	9	20	263	11.9	18.2	10.5354875938287	-999.9	0	4.81	13.5293180363637	330
HARRINGTON_CDA_CS	2005	9	21	264	14.3	17.7	7.31064714414642	-999.9	0	9.68	14.9174661815141	330
HARRINGTON_CDA_CS	2005	9	22	265	12.3	19.5	10.7680584652453	-999.9	0	8.7	14.2894111151264	330
HARRINGTON_CDA_CS	2005	9	23	266	16.4	17.9	5.36064247186024	-999.9	0	8.01	16.0256928836502	330
HARRINGTON_CDA_CS	2005	9	24	267	11.1	14.1	7.06599591588831	-999.9	0	9.64	10.7425598391833	330
HARRINGTON_CDA_CS	2005	9	25	268	6.3	16.3	13.0668580452238	-999.9	0	5.77	10.4785208493834	330
HARRINGTON_CDA_CS	2005	9	26	269	11.7	18.6	10.4263883208164	-999.9	0	9.21	16.2649103071488	330
HARRINGTON_CDA_CS	2005	9	27	270	11.5	18.8	9.57194502359579	-999.9	0	9.17	13.8477042745468	330
HARRINGTON_CDA_CS	2005	9	28	271	8.3	17.2	10.724515999194	-999.9	0	5.04	11.3265987081467	330
HARRINGTON_CDA_CS	2005	9	29	272	9.3	19.8	12.1210970167442	-999.9	0	10.89	13.6643322565986	330
HARRINGTON_CDA_CS	2005	9	30	273	7.8	12.7	9.23128951283415	-999.9	0	8	10.4711626485988	330
HARRINGTON_CDA_CS	2005	10	1	274	5.1	16.3	12.5844993841512	-999.9	0	5.9	11.0250561816195	330
HARRINGTON_CDA_CS	2005	10	2	275	11.7	17.6	8.56617560203308	-999.9	0	5.92	12.9170504685408	330
HARRINGTON_CDA_CS	2005	10	3	276	6.4	21.9	14.652231159722	-999.9	0	4.09	13.7529305055988	330
HARRINGTON_CDA_CS	2005	10	4	277	13.7	22	10.6697999275307	-999.9	0	8.73	15.13384253397	330
HARRINGTON_CDA_CS	2005	10	5	278	14.5	19.4	5.0059618657792	-999.9	0	4.18	15.4328808106103	330
HARRINGTON_CDA_CS	2005	10	6	279	13.8	18.1	7.92488507959859	-999.9	0	3.58	14.9453881499682	330
HARRINGTON_CDA_CS	2005	10	7	280	14.7	22.3	9.81476859558386	-999.9	23.4	7.9	18.5887728125428	330
HARRINGTON_CDA_CS	2005	10	8	281	10	19.8	5.14764149848682	-999.9	65.2	7.79	12.7911375336719	330
HARRINGTON_CDA_CS	2005	10	9	282	9.3	12.8	6.72075831731085	-999.9	0	8.75	11.9845691225143	330
HARRINGTON_CDA_CS	2005	10	10	283	11	14	5.78921758038872	-999.9	20.2	7.57	13.8470646174786	330
HARRINGTON_CDA_CS	2005	10	11	284	9.2	13.5	5.34363656444699	-999.9	0	8.45	11.7716467178739	330
HARRINGTON_CDA_CS	2005	10	12	285	4.6	5.3	2.64225331055672	-999.9	0	1.44444444444444	7.45362798032211	330
HARRINGTON_CDA_CS	2005	10	13	286	3.2	13.3	9.90252838394855	-999.9	0	1.63194444444444	9.00569247655856	330
HARRINGTON_CDA_CS	2005	10	14	287	5.8	13.5	8.5301685510601	-999.9	0	1.63194444444444	10.6234962256511	330
HARRINGTON_CDA_CS	2005	10	15	288	8.7	14.8	7.48984210719749	-999.9	19.5	5.92592592592592	12.5825555470111	330
HARRINGTON_CDA_CS	2005	10	16	289	10.8	14.4	5.67577302509832	-999.9	7.8	8.80787037037036	12.6341940411445	330
HARRINGTON_CDA_CS	2005	10	17	290	7.8	10.8	5.11061202265122	-999.9	5.3	4.88425925925925	10.5669986994088	330
HARRINGTON_CDA_CS	2005	10	18	291	7.7	12.5	6.37596553815474	-999.9	0	3.68055555555556	10.296773362165	330
HARRINGTON_CDA_CS	2005	10	19	292	6.1	12	6.97173848419367	-999.9	3.3	3.02083333333333	9.42936475223858	330
HARRINGTON_CDA_CS	2005	10	20	293	7.7	8.8	2.96879410980316	-999.9	0.7	5.81018518518519	8.72626865098883	330
HARRINGTON_CDA_CS	2005	10	21	294	3.8	9.8	6.83768766465766	-999.9	0	4.66435185185186	7.35962159796944	330
HARRINGTON_CDA_CS	2005	10	22	295	3.4	9.3	6.6864130320891	-999.9	0	3.17129629629631	8.03260421342263	330
HARRINGTON_CDA_CS	2005	10	23	296	5.8	8.1	4.11671551671279	-999.9	26.2	5.56712962962964	8.62251427975054	330
HARRINGTON_CDA_CS	2005	10	24	297	5.5	8	4.23219322707236	-999.9	0	6.28472222222222	7.85164124412582	330
HARRINGTON_CDA_CS	2005	10	25	298	5	8	4.57147316948145	-999.9	24.1	4.40972222222222	8.35951168036431	330
HARRINGTON_CDA_CS	2005	10	26	299	6	10.9	5.7608688780746	-999.9	5.3	6.89814814814814	10.5820695911927	330
HARRINGTON_CDA_CS	2005	10	27	300	5.5	7.7	3.80621181577744	-999.9	6.5	5.33564814814814	8.88218041078672	330
HARRINGTON_CDA_CS	2005	10	28	301	3.1	7.8	5.48557917954051	-999.9	0	2.26851851851852	7.61566941686222	330
HARRINGTON_CDA_CS	2005	10	29	302	-0.3	6.4	6.45812310601848	-999.9	0	1.13425925925926	6.54138800197231	330
HARRINGTON_CDA_CS	2005	10	30	303	-0.4	9.9	7.89567992023514	-999.9	0.7	2.26851851851852	7.28570737687091	330
HARRINGTON_CDA_CS	2005	10	31	304	4.6	12	6.59931362254192	-999.9	0	2.60416666666667	8.90491667061538	330
HARRINGTON_CDA_CS	2005	11	1	305	7.9	14.8	6.2839520682141	-999.9	0	4.15509259259258	10.3480066925981	330
HARRINGTON_CDA_CS	2005	11	2	306	7.8	11.3	4.41351615625021	-999.9	0.8	5.28935185185186	9.04203965294056	330
HARRINGTON_CDA_CS	2005	11	3	307	1.9	7.3	5.40642992619762	-999.9	7.9	5.20833333333333	5.88538048805099	330
HARRINGTON_CDA_CS	2005	11	4	308	2.4	5.5	4.04000514051608	-999.9	0.7	3.25231481481481	6.73879625764359	330
HARRINGTON_CDA_CS	2005	11	5	309	-0.2	10.7	7.47188052200898	-999.9	0	2.44212962962963	7.8795456171301	330
HARRINGTON_CDA_CS	2005	11	6	310	5.1	11	5.4223863182101	-999.9	3.6	4.78009259259258	9.70656863912918	330
HARRINGTON_CDA_CS	2005	11	7	311	5.2	14.7	6.7875066208517	-999.9	2.5	7.10648148148147	10.1818291445366	330
HARRINGTON_CDA_CS	2005	11	8	312	2.3	5.4	3.82519611729457	-999.9	1.4	7.09490740740742	4.56919476095543	330
HARRINGTON_CDA_CS	2005	11	9	313	0.5	6.2	5.11775282294276	-999.9	8.4	4.22453703703703	6.50875215653059	330
HARRINGTON_CDA_CS	2005	11	10	314	-0.2	13.6	7.85777150907238	-999.9	58.4	6.75925925925925	9.29664452683815	330
HARRINGTON_CDA_CS	2005	11	11	315	2.3	4.5	3.09629648684115	-999.9	0	3.10185185185186	6.1074606701881	330
HARRINGTON_CDA_CS	2005	11	12	316	-2.1	1.8	4.06904714710558	-999.9	0	2.97453703703703	4.38043988863791	330
HARRINGTON_CDA_CS	2005	11	13	317	-2.1	7.4	6.2692254678494	-999.9	0	2.89351851851853	5.42699888346702	330
HARRINGTON_CDA_CS	2005	11	14	318	1.2	13.3	6.98559717624868	-999.9	0	5.30092592592592	8.33093628508921	330
HARRINGTON_CDA_CS	2005	11	15	319	-0.1	4.4	4.20675957314588	-999.9	5.7	2.77777777777778	5.49788370314346	330
HARRINGTON_CDA_CS	2005	11	16	320	0.1	15.6	7.71106664427674	-999.9	4.7	4.45601851851853	10.2841267869694	330
HARRINGTON_CDA_CS	2005	11	17	321	5.4	15.3	6.08772181808738	-999.9	13.3	4.84953703703703	11.7664128868001	330
HARRINGTON_CDA_CS	2005	11	18	322	0.2	1.9	2.49250796164652	-999.9	0	3.25231481481481	4.98147003245289	330
HARRINGTON_CDA_CS	2005	11	19	323	-6.2	1.2	5.13918271185399	-999.9	0	2.06018518518519	3.52923321116702	330
HARRINGTON_CDA_CS	2005	11	20	324	-5.9	5.4	6.27739826804647	-999.9	0	3.28703703703703	4.61889959667576	330
HARRINGTON_CDA_CS	2005	11	21	325	0.8	7.9	4.91963659580927	-999.9	0.9	3.27546296296297	7.04616371844546	330
HARRINGTON_CDA_CS	2005	11	22	326	4.5	14.1	5.65729669594788	-999.9	13	9.23611111111111	10.9198854834336	330
HARRINGTON_CDA_CS	2005	11	23	327	6.3	9.2	3.07576330234539	-999.9	9.6	6.5625	9.17824731089599	330
HARRINGTON_CDA_CS	2005	11	24	328	-0.4	10.3	5.84577946113155	-999.9	11.5	6.08796296296297	7.36620381586268	330
HARRINGTON_CDA_CS	2005	11	25	329	0.4	9.9	5.45167517963121	-999.9	0	6.01851851851853	6.11482657223778	330
HARRINGTON_CDA_CS	2005	11	26	330	-6.4	0.9	4.73122013408778	-999.9	0	1.46990740740741	3.49936754682703	330
HARRINGTON_CDA_CS	2005	11	27	331	-3.9	2.6	4.42122647365725	-999.9	1	3.76157407407408	4.60030665736717	330
HARRINGTON_CDA_CS	2005	11	28	332	-3.7	4	4.7669591308953	-999.9	0	1.55092592592593	4.72234593831662	330
HARRINGTON_CDA_CS	2005	11	29	333	0.9	8.5	4.69302884028225	-999.9	0	4.82638888888889	6.82032735178057	330
HARRINGTON_CDA_CS	2005	11	30	334	4.8	10.3	3.95752060886267	-999.9	0	5.57870370370369	9.50808374792159	330
HARRINGTON_CDA_CS	2005	12	1	335	6.9	9.4	2.64579926179619	-999.9	1.3	4.23611111111111	10.2777947514505	330
HARRINGTON_CDA_CS	2005	12	2	336	4.9	9	3.36107317487355	-999.9	5.3	5.76388888888889	9.58662623130262	330
HARRINGTON_CDA_CS	2005	12	3	337	1.1	4	2.80506320483035	-999.9	0	4.76851851851853	5.75540529409582	330
HARRINGTON_CDA_CS	2005	12	4	338	-4.3	-0.6	3.14531979770662	-999.9	0	5.92592592592592	3.07583955979273	330
HARRINGTON_CDA_CS	2005	12	5	339	-4	-0.5	3.03798075183664	-999.9	0	6.72453703703703	2.86035365897441	330
HARRINGTON_CDA_CS	2005	12	6	340	-6.9	-3.6	2.93066167338729	-999.9	0	3.34490740740742	2.63965432677119	330
HARRINGTON_CDA_CS	2005	12	7	341	-7.3	-3.6	3.08419414228851	-999.9	0	5.10416666666667	2.41122970487479	330
HARRINGTON_CDA_CS	2005	12	8	342	-8.2	-1.9	4.00148525704701	-999.9	0	4.14351851851853	2.87969036454506	330
HARRINGTON_CDA_CS	2005	12	9	343	-10.7	0.5	5.30702810313527	-999.9	2.8	3.21759259259258	3.3386191209385	330
HARRINGTON_CDA_CS	2005	12	10	344	-3.7	2.4	3.8974737906852	-999.9	0	4.47916666666667	4.81416137783643	330
HARRINGTON_CDA_CS	2005	12	11	345	-9.1	6	6.10478087400088	-999.9	12.2	5.20833333333333	4.97078340260091	330
HARRINGTON_CDA_CS	2005	12	12	346	-2.5	0.8	2.84244458609237	-999.9	0	1.81712962962963	4.95981193350809	330
HARRINGTON_CDA_CS	2005	12	13	347	-4.7	-0.9	3.03929485255057	-999.9	9.2	4.34027777777778	4.30499231816675	330
HARRINGTON_CDA_CS	2005	12	14	348	-4.1	-2.5	1.96599226208791	-999.9	11.3	10.5902777777778	4.41432946572751	330
HARRINGTON_CDA_CS	2005	12	15	349	-7	-4.9	2.24630624240609	-999.9	0	7.90509259259258	3.20601092456192	330
HARRINGTON_CDA_CS	2005	12	16	350	-8.9	4.5	5.66171013388053	-999.9	7.7	3.44907407407408	4.32675271151191	330
HARRINGTON_CDA_CS	2005	12	17	351	-5.8	3.8	4.78372918594205	-999.9	0	6.94444444444445	4.68589186089029	330
HARRINGTON_CDA_CS	2005	12	18	352	-3.3	-0.5	2.58016023880888	-999.9	0	4.89583333333333	3.95865331867128	330
HARRINGTON_CDA_CS	2005	12	19	353	-8	-2.4	3.64586158499894	-999.9	0	2.37268518518519	3.38989150694229	330
HARRINGTON_CDA_CS	2005	12	20	354	-9.5	-2.4	4.10370572421066	-999.9	0	3.04398148148147	2.94429574704666	330
HARRINGTON_CDA_CS	2005	12	21	355	-10.5	-6.6	3.04174540562497	-999.9	0	2.53472222222222	2.14516601964607	330
HARRINGTON_CDA_CS	2005	12	22	356	-13.4	-2.6	5.06464014568384	-999.9	0	2.55787037037037	2.27160085267773	330
HARRINGTON_CDA_CS	2005	12	23	357	-13.1	-0.4	5.49777635559817	-999.9	2.1	3.73842592592592	3.05539285549203	330
HARRINGTON_CDA_CS	2005	12	24	358	-4.8	-0.9	3.0511794510752	-999.9	1.9	1.03009259259259	4.55617507033353	330
HARRINGTON_CDA_CS	2005	12	25	359	-5.1	0.5	3.66336818414392	-999.9	1.2	1.48148148148148	4.96673191992611	330
HARRINGTON_CDA_CS	2005	12	26	360	-1	1.2	2.30169999369614	-999.9	20.7	7.15277777777778	5.9942117579806	330
HARRINGTON_CDA_CS	2005	12	27	361	0.2	1.1	1.47641254601719	-999.9	1.3	4.61805555555556	6.31682991619999	330
HARRINGTON_CDA_CS	2005	12	28	362	-2.3	-1	1.78034353602556	-999.9	0	5.13888888888889	4.94108979414403	330
HARRINGTON_CDA_CS	2005	12	29	363	-4.7	10.1	6.02980476146491	-999.9	1.3	4.88425925925925	6.64093284424255	330
HARRINGTON_CDA_CS	2005	12	30	364	3	11.1	4.47968543963516	-999.9	3.8	7.46527777777778	9.23897655674359	330
HARRINGTON_CDA_CS	2005	12	31	365	-7.6	-3.2	3.31706393625348	-999.9	0	5.63657407407408	3.31826501651659	330
