HARRINGTON_CDA_CS	2022	1	1	1	-0.4	5.8	3.95761002534888	-999.9	1.6	2.32638888888889	7.1749395993663	330
HARRINGTON_CDA_CS	2022	1	2	2	-3.7	5.4	4.82116168596354	-999.9	6.3	5.15046296296297	6.24336530390523	330
HARRINGTON_CDA_CS	2022	1	3	3	-10.4	-3.7	4.16143651665318	-999.9	0.2	3.81944444444444	3.02085265586002	330
HARRINGTON_CDA_CS	2022	1	4	4	-14.8	-6.4	4.68919213853076	-999.9	0.8	3.75	2.19161050247968	330
HARRINGTON_CDA_CS	2022	1	5	5	-10.6	6.7	6.77497987174244	-999.9	5.6	5.99537037037036	4.38897841666828	330
HARRINGTON_CDA_CS	2022	1	6	6	-2.8	8.3	5.46566882681963	-999.9	13.7	3.76157407407408	7.02591445840153	330
HARRINGTON_CDA_CS	2022	1	7	7	-3.7	-1.3	2.56065262973403	-999.9	11	6.68981481481481	4.76169764377601	330
HARRINGTON_CDA_CS	2022	1	8	8	-12.1	-3.6	4.85713293829771	-999.9	2.7	8.49537037037036	2.62704772052136	330
HARRINGTON_CDA_CS	2022	1	9	9	-12.2	3.4	6.63462409826701	-999.9	4.6	5.64814814814814	3.69356972861199	330
HARRINGTON_CDA_CS	2022	1	10	10	-15.5	2.9	7.2677514647472	-999.9	0.4	5.01157407407408	2.58657799426782	330
HARRINGTON_CDA_CS	2022	1	11	11	-19.4	-15.5	3.37605671465727	-999.9	0	4.45601851851853	0.996531076691397	330
HARRINGTON_CDA_CS	2022	1	12	12	-21.1	-1.6	7.61948377448166	-999.9	3.5	5.3125	2.08737414252404	330
HARRINGTON_CDA_CS	2022	1	13	13	-8.1	-3.4	3.77683338488389	-999.9	0.7	1.79398148148148	3.53267497476228	330
HARRINGTON_CDA_CS	2022	1	14	14	-6.1	0.9	4.65514954410062	-999.9	2.4	5.08101851851853	4.83848430193848	330
HARRINGTON_CDA_CS	2022	1	15	15	-16.1	-4.5	6.05409946998285	-999.9	3.9	11.3078703703704	2.4398972775943	330
HARRINGTON_CDA_CS	2022	1	16	16	-17.6	-11.7	4.36322717835042	-999.9	0.7	5.06944444444445	1.45731285134054	330
HARRINGTON_CDA_CS	2022	1	17	17	-18.4	5.8	8.9324613383257	-999.9	2.8	6.58564814814814	3.10773029719199	330
HARRINGTON_CDA_CS	2022	1	18	18	-13.8	5.6	8.08651462163412	-999.9	0	5.46296296296297	3.81567846767292	330
HARRINGTON_CDA_CS	2022	1	19	19	-17.2	-1	7.47352483108767	-999.9	0.7	4.90740740740742	2.01912423549205	330
HARRINGTON_CDA_CS	2022	1	20	20	-12.1	2	7.05326835104007	-999.9	1.1	3.26388888888889	3.52254095079083	330
HARRINGTON_CDA_CS	2022	1	21	21	-17.1	-11.5	4.49767588017412	-999.9	0.2	3.37962962962964	1.60815214848367	330
HARRINGTON_CDA_CS	2022	1	22	22	-19.6	-8.4	6.43742037916031	-999.9	0.2	1.59722222222222	1.54122152107598	330
HARRINGTON_CDA_CS	2022	1	23	23	-9.6	-2.7	5.11477557792904	-999.9	0.5	2.62731481481481	3.34102122858162	330
HARRINGTON_CDA_CS	2022	1	24	24	-16.6	-3.8	7.05328976216633	-999.9	0	2.38425925925926	2.09464525110994	330
HARRINGTON_CDA_CS	2022	1	25	25	-12.9	1.5	7.57588404820721	-999.9	0.4	4.14351851851853	3.35217428732342	330
HARRINGTON_CDA_CS	2022	1	26	26	-16.1	-8	5.75487231782417	-999.9	0.2	3.09027777777778	1.90446558430457	330
HARRINGTON_CDA_CS	2022	1	27	27	-16.3	-10.9	4.75994741284651	-999.9	0.2	3.40277777777778	1.62380921570744	330
HARRINGTON_CDA_CS	2022	1	28	28	-12.2	-1.3	6.85167668645726	-999.9	3.5	4.72222222222222	2.99385422798967	330
HARRINGTON_CDA_CS	2022	1	29	29	-5.6	-0.4	4.79540397613988	-999.9	9.6	8.68055555555556	4.45675547050646	330
HARRINGTON_CDA_CS	2022	1	30	30	-12.7	2.3	8.25403016992238	-999.9	1.4	5.97222222222222	3.32209367680345	330
HARRINGTON_CDA_CS	2022	1	31	31	-16.6	-9	5.95492883174175	-999.9	0	3.79629629629631	1.53920219751567	330
HARRINGTON_CDA_CS	2022	2	1	32	-17.1	-8.8	6.30821094735124	-999.9	0	2.5	1.73041831875423	330
HARRINGTON_CDA_CS	2022	2	2	33	-19	0.8	9.87735843664474	-999.9	0	3.87731481481481	2.57891967363038	330
HARRINGTON_CDA_CS	2022	2	3	34	-4.7	5.9	7.32726036731035	-999.9	4.8	6.25	6.02295856080188	330
HARRINGTON_CDA_CS	2022	2	4	35	-5.5	-4.3	2.49974112672337	-999.9	26.7	8.59953703703703	3.89640105662988	330
HARRINGTON_CDA_CS	2022	2	5	36	-14.7	-3.9	7.60436910999264	-999.9	3.5	6.66666666666667	2.67051797054956	330
HARRINGTON_CDA_CS	2022	2	6	37	-18.5	-10.5	6.63697847589458	-999.9	0	3.15972222222222	1.43345749198231	330
HARRINGTON_CDA_CS	2022	2	7	38	-10.6	-1.3	7.25712039580768	-999.9	0	5.39351851851853	3.06861045636641	330
HARRINGTON_CDA_CS	2022	2	8	39	-3.8	2.2	5.9117421148652	-999.9	33.4	5.35879629629631	5.47389482801286	330
HARRINGTON_CDA_CS	2022	2	9	40	-4.9	0.8	5.84399965882735	-999.9	1.5	3.72685185185186	4.82807807681634	330
HARRINGTON_CDA_CS	2022	2	10	41	-3.2	1.6	5.43924479739636	-999.9	0.7	4.42129629629631	5.08789959994672	330
HARRINGTON_CDA_CS	2022	2	11	42	-0.7	4.3	5.63063137647578	-999.9	0	4.53703703703703	5.45070441678622	330
HARRINGTON_CDA_CS	2022	2	12	43	1.2	9.3	7.26899269920984	-999.9	0	5.83333333333333	6.54419696108741	330
HARRINGTON_CDA_CS	2022	2	13	44	-9.4	3.8	9.41197123095139	-999.9	0.2	4.65277777777778	3.7658274195182	330
HARRINGTON_CDA_CS	2022	2	14	45	-12.9	-7.5	6.10592599328704	-999.9	3.6	6.85185185185186	2.40972710015014	330
HARRINGTON_CDA_CS	2022	2	15	46	-17.6	-12.7	5.8994267821114	-999.9	0	3.96990740740742	1.27752566816954	330
HARRINGTON_CDA_CS	2022	2	16	47	-17.3	1.2	11.6264709405786	-999.9	0	4.80324074074075	2.09818570401226	330
HARRINGTON_CDA_CS	2022	2	17	48	1.1	10	8.17895159003174	-999.9	2.7	7.78935185185186	7.44037034049731	330
HARRINGTON_CDA_CS	2022	2	18	49	-8	9.1	11.4981736186497	-999.9	15.9	8.88888888888889	5.80928375598408	330
HARRINGTON_CDA_CS	2022	2	19	50	-10.2	-4.4	6.79137838345836	-999.9	1.4	3.47222222222222	2.65718921834284	330
HARRINGTON_CDA_CS	2022	2	20	51	-11.4	-3.6	7.98705683731222	-999.9	1	4.84953703703703	2.80884634617803	330
HARRINGTON_CDA_CS	2022	2	21	52	-5.7	4.8	9.39744185739626	-999.9	0	5.69444444444445	4.24755681212239	330
HARRINGTON_CDA_CS	2022	2	22	53	-8.1	0.2	8.47241478933039	-999.9	0.6	5.63657407407408	3.35184733604189	330
HARRINGTON_CDA_CS	2022	2	23	54	-1.9	9.1	9.8899265622693	-999.9	15	6.48550724637681	8.08420928586497	330
HARRINGTON_CDA_CS	2022	2	24	55	-11.7	-6.9	6.62398201811916	-999.9	0.2	5.74074074074075	1.82552959941268	330
HARRINGTON_CDA_CS	2022	2	25	56	-13.7	-11.3	4.74872616666079	-999.9	2	3.50694444444444	1.73114056501997	330
HARRINGTON_CDA_CS	2022	2	26	57	-15.9	-9.5	7.8614684582145	-999.9	0.2	3.33333333333333	1.65605190545097	330
HARRINGTON_CDA_CS	2022	2	27	58	-11.3	-2.5	9.34468193991921	-999.9	0.7	3.61111111111111	2.56634611333037	330
HARRINGTON_CDA_CS	2022	2	28	59	-13.6	-5	9.36369857106039	-999.9	0.3	6.14583333333333	2.01935751662999	330
HARRINGTON_CDA_CS	2022	3	1	60	-15.2	-7.6	8.92162158395183	-999.9	0	3.25231481481481	1.58001136276357	330
HARRINGTON_CDA_CS	2022	3	2	61	-8.4	1.5	10.3194263322327	-999.9	5.1	4.90740740740742	4.02913367271784	330
HARRINGTON_CDA_CS	2022	3	3	62	-14.9	-4.5	10.7180597618593	-999.9	0.9	3.06712962962964	2.12253354700248	330
HARRINGTON_CDA_CS	2022	3	4	63	-18.2	-9.4	9.98990813202777	-999.9	0.6	4.80324074074075	1.21759208869771	330
HARRINGTON_CDA_CS	2022	3	5	64	-11.8	-2.6	10.3488578789471	-999.9	0.5	4.94212962962964	2.00348300204702	330
HARRINGTON_CDA_CS	2022	3	6	65	-9.2	1.6	11.3591307157229	-999.9	15.1	3.48379629629631	3.67653496404543	330
HARRINGTON_CDA_CS	2022	3	7	66	-1.3	3.7	7.82903121330759	-999.9	3.8	2.95138888888889	6.14420564298872	330
HARRINGTON_CDA_CS	2022	3	8	67	-8	4.8	12.6873728802412	-999.9	7.7	7.65046296296297	4.27009631427089	330
HARRINGTON_CDA_CS	2022	3	9	68	-9.4	-2.6	9.36521244599595	-999.9	0	3.32175925925925	2.64005185318517	330
HARRINGTON_CDA_CS	2022	3	10	69	-5.6	4.4	11.5003571767558	-999.9	0	3.63425925925925	4.52141797298657	330
HARRINGTON_CDA_CS	2022	3	11	70	-2.9	4	9.67241035723122	-999.9	0.5	2.21064814814815	4.67228027725495	330
HARRINGTON_CDA_CS	2022	3	12	71	-2.5	11.1	13.7476416677342	-999.9	8.6	6.45833333333333	7.70950079703811	330
HARRINGTON_CDA_CS	2022	3	13	72	-7.6	0.2	10.5390990864178	-999.9	0.9	6.79398148148147	3.151382722227	330
HARRINGTON_CDA_CS	2022	3	14	73	-7.6	0.3	10.7353249223092	-999.9	0	4.47916666666667	2.92404205339532	330
HARRINGTON_CDA_CS	2022	3	15	74	-6.3	3.3	11.9765015528762	-999.9	0	3.68055555555556	4.02432667714986	330
HARRINGTON_CDA_CS	2022	3	16	75	-7.1	1.9	11.7342368490761	-999.9	0	2.98611111111111	3.58132353353088	330
HARRINGTON_CDA_CS	2022	3	17	76	1.4	6.1	8.57961134353521	-999.9	0	5.01157407407408	6.67464466785447	330
HARRINGTON_CDA_CS	2022	3	18	77	-1.4	9.7	13.3386076076138	-999.9	0	3.36805555555556	7.04467571604114	330
HARRINGTON_CDA_CS	2022	3	19	78	-2.7	1.9	8.68566150971491	-999.9	0	3.48379629629631	3.99667772555844	330
HARRINGTON_CDA_CS	2022	3	20	79	-0.8	6.3	10.9137062946493	-999.9	11	4.45601851851853	6.74959700952935	330
HARRINGTON_CDA_CS	2022	3	21	80	-1.4	1.6	7.17408401722803	-999.9	1.9	3.83101851851853	5.17248698325099	330
HARRINGTON_CDA_CS	2022	3	22	81	-3.8	1.4	9.55022148106324	-999.9	0	6.42361111111111	3.75085367252122	330
HARRINGTON_CDA_CS	2022	3	23	82	-1.6	0.7	6.42132165515483	-999.9	0	7.15277777777778	4.31287172827912	330
HARRINGTON_CDA_CS	2022	3	24	83	-3.1	2	9.66577679458094	-999.9	0	3.26388888888889	4.46756242593422	330
HARRINGTON_CDA_CS	2022	3	25	84	-0.5	2.7	7.73855611911616	-999.9	23.9	4.47916666666667	5.99216295176657	330
HARRINGTON_CDA_CS	2022	3	26	85	0.2	10.1	13.7555397073446	-999.9	0.4	3.35648148148147	7.30669954818243	330
HARRINGTON_CDA_CS	2022	3	27	86	1.2	7	10.6387520552155	-999.9	6.7	3.59953703703703	7.33127640552363	330
HARRINGTON_CDA_CS	2022	3	28	87	-0.8	6.1	11.7235524486972	-999.9	0.2	3.87731481481481	6.46134413306096	330
HARRINGTON_CDA_CS	2022	3	29	88	-4.4	0	9.45714767836509	-999.9	11	4.78009259259258	4.85562640814038	330
HARRINGTON_CDA_CS	2022	3	30	89	-4.7	4.7	13.96168709797	-999.9	1.5	4.78009259259258	4.44715194583333	330
HARRINGTON_CDA_CS	2022	3	31	90	-2	4.4	11.6344261347489	-999.9	0.8	3.42592592592592	4.6269801006438	330
HARRINGTON_CDA_CS	2022	4	1	91	0	13.2	16.8718891934226	-999.9	10.2	4.65277777777778	9.32261910884226	330
HARRINGTON_CDA_CS	2022	4	2	92	-0.3	1.7	6.63062099718121	-999.9	3.6	4.91898148148147	5.68729916645944	330
HARRINGTON_CDA_CS	2022	4	3	93	-1.6	5	12.1594595340502	-999.9	0	3.63425925925925	4.77581278784101	330
HARRINGTON_CDA_CS	2022	4	4	94	-2.3	0.2	7.55363542717204	-999.9	6.8	6.71296296296297	4.80238536732541	330
HARRINGTON_CDA_CS	2022	4	5	95	-5.8	1.8	13.2915961069162	-999.9	0.2	4.07407407407408	3.51648396544333	330
HARRINGTON_CDA_CS	2022	4	6	96	-4.4	4.3	14.3500998348516	-999.9	0.2	2.59259259259259	3.6837816879678	330
HARRINGTON_CDA_CS	2022	4	7	97	-4.6	2.7	13.2624071327323	-999.9	0	3.14814814814814	4.72868539386645	330
HARRINGTON_CDA_CS	2022	4	8	98	-2.4	8.8	16.5720524935199	-999.9	0	6.07638888888889	6.41736866457753	330
HARRINGTON_CDA_CS	2022	4	9	99	-0.1	10.1	15.9519783150698	-999.9	0	3.65740740740742	7.98674625822971	330
HARRINGTON_CDA_CS	2022	4	10	100	-0.3	4.3	10.8039226323099	-999.9	6.9	2.92824074074075	6.8701770357598	330
HARRINGTON_CDA_CS	2022	4	11	101	0.6	8.9	14.6342578612655	-999.9	0	5.17361111111111	6.38939258594163	330
HARRINGTON_CDA_CS	2022	4	12	102	0.9	11.6	16.7530469009677	-999.9	0.2	1.90972222222222	5.57658586770917	330
HARRINGTON_CDA_CS	2022	4	13	103	-0.7	7.8	15.05299548184	-999.9	0	2.8125	6.68731666413597	330
HARRINGTON_CDA_CS	2022	4	14	104	-1.9	11.5	19.0510480333955	-999.9	0.3	2.88194444444444	6.22380832737639	330
HARRINGTON_CDA_CS	2022	4	15	105	2.7	6.8	10.6206971922936	-999.9	3.2	2.75462962962963	7.61746204750754	330
HARRINGTON_CDA_CS	2022	4	16	106	2.4	15.6	19.2036814125084	-999.9	0	5.82175925925925	8.06431476530013	330
HARRINGTON_CDA_CS	2022	4	17	107	1.8	10.1	15.3431664592002	-999.9	6.9	5.20833333333333	7.97360653976673	330
HARRINGTON_CDA_CS	2022	4	18	108	-2	4.8	13.9910731954373	-999.9	0.2	4.84953703703703	4.93446196103981	330
HARRINGTON_CDA_CS	2022	4	19	109	-2.2	10	18.8772844195398	-999.9	9.7	7.99768518518519	6.54287060444506	330
HARRINGTON_CDA_CS	2022	4	20	110	2.8	11.3	15.8699196833035	-999.9	3.4	7.16435185185186	7.35657201388949	330
HARRINGTON_CDA_CS	2022	4	21	111	1.1	10.1	16.4450440525108	-999.9	0.2	3.66898148148147	5.1264341936828	330
HARRINGTON_CDA_CS	2022	4	22	112	3.8	13.5	17.1906092079514	-999.9	6.5	4.46759259259258	8.84017009727234	330
HARRINGTON_CDA_CS	2022	4	23	113	-1.7	4.6	13.9479577802125	-999.9	0	6.13425925925925	4.5567897073636	330
HARRINGTON_CDA_CS	2022	4	24	114	0	3.2	10.0067688719019	-999.9	0.2	8.56481481481481	5.48511643623999	330
HARRINGTON_CDA_CS	2022	4	25	115	0.8	8.9	16.0244728853119	-999.9	0	4.08564814814814	7.73548479601336	330
HARRINGTON_CDA_CS	2022	4	26	116	2.3	15.1	20.2727507091788	-999.9	0	4.34027777777778	8.84374722767239	330
HARRINGTON_CDA_CS	2022	4	27	117	4.5	8.1	10.8185671519773	-999.9	17.9	4.10879629629631	8.88418837377163	330
HARRINGTON_CDA_CS	2022	4	28	118	3.9	8.5	12.3041840738526	-999.9	1.2	4.21296296296297	8.46999409624374	330
HARRINGTON_CDA_CS	2022	4	29	119	1.8	4.9	10.1614347629328	-999.9	7.8	5.33564814814814	7.32463986428008	330
HARRINGTON_CDA_CS	2022	4	30	120	0.7	2	6.61898328277967	-999.9	5.2	7.33796296296297	6.41046018021029	330
HARRINGTON_CDA_CS	2022	5	1	121	0.9	2.5	7.38533886127605	-999.9	2.9	6.85185185185186	6.57686083071326	330
HARRINGTON_CDA_CS	2022	5	2	122	-1.8	6.3	16.7105000201047	-999.9	0.2	4.78009259259258	5.36905046105346	330
HARRINGTON_CDA_CS	2022	5	3	123	-0.6	10	19.2212801578833	-999.9	0	2.48842592592593	6.56653110336525	330
HARRINGTON_CDA_CS	2022	5	4	124	1	15.2	22.3667145477569	-999.9	1.7	3.85416666666667	8.41416704192669	330
HARRINGTON_CDA_CS	2022	5	5	125	0.3	7.5	16.010297059358	-999.9	2.5	3.61111111111111	6.71184970063424	330
HARRINGTON_CDA_CS	2022	5	6	126	1.1	6.5	13.93644087121	-999.9	0	3.11342592592592	5.5606920305938	330
HARRINGTON_CDA_CS	2022	5	7	127	-2.6	5	16.6161592423214	-999.9	0	3.29861111111111	4.78874311802616	330
HARRINGTON_CDA_CS	2022	5	8	128	-2.6	8.6	20.2697770317926	-999.9	0	2.69675925925926	4.2307673674382	330
HARRINGTON_CDA_CS	2022	5	9	129	-1.2	11.1	21.3430332600241	-999.9	0.3	2.95138888888889	5.21620676554399	330
HARRINGTON_CDA_CS	2022	5	10	130	0.6	13.6	22.043809812861	-999.9	0	2.85879629629631	5.55435959281616	330
HARRINGTON_CDA_CS	2022	5	11	131	1.1	19.8	26.5579895185656	-999.9	0	2.12962962962963	8.59528546753243	330
HARRINGTON_CDA_CS	2022	5	12	132	7.7	20.1	21.7216550425543	-999.9	0.2	2.43055555555556	9.66040474623503	330
HARRINGTON_CDA_CS	2022	5	13	133	8.5	25.3	25.3917653760664	-999.9	0	4.21296296296297	12.4768909502534	330
HARRINGTON_CDA_CS	2022	5	14	134	3.9	14.3	20.0613362269694	-999.9	0	2.99768518518519	9.94677092069474	330
HARRINGTON_CDA_CS	2022	5	15	135	5.1	16.7	21.2728703001043	-999.9	0.4	2.03703703703704	10.3211896106967	330
HARRINGTON_CDA_CS	2022	5	16	136	8.9	18.4	19.3268919313985	-999.9	0	5.53240740740742	12.0605226658267	330
HARRINGTON_CDA_CS	2022	5	17	137	9.8	19.9	20.0038436404267	-999.9	13.2	5.86805555555556	14.4524530586808	330
HARRINGTON_CDA_CS	2022	5	18	138	5.1	11.4	15.8571537276065	-999.9	0.2	3.94675925925925	7.83915022432458	330
HARRINGTON_CDA_CS	2022	5	19	139	3.6	14.3	20.7395299507202	-999.9	0	2.43055555555556	6.21994497978777	330
HARRINGTON_CDA_CS	2022	5	20	140	7.3	17.1	19.9169202558221	-999.9	0	1.99074074074074	7.31845348691304	330
HARRINGTON_CDA_CS	2022	5	21	141	7.9	20.9	23.0161785521929	-999.9	0	6.52777777777778	9.89624606940459	330
HARRINGTON_CDA_CS	2022	5	22	142	12.1	26.3	24.1328477513888	-999.9	0	5.85648148148147	18.0853597282732	330
HARRINGTON_CDA_CS	2022	5	23	143	4.7	16.5	22.0677937479451	-999.9	2.5	4.12037037037036	10.6838891741738	330
HARRINGTON_CDA_CS	2022	5	24	144	3.1	11	18.1107237287748	-999.9	0.2	3.19444444444444	7.19730530789095	330
HARRINGTON_CDA_CS	2022	5	25	145	2.5	18.7	26.0096870627028	-999.9	0.2	1.79398148148148	7.33113716606223	330
HARRINGTON_CDA_CS	2022	5	26	146	8.8	20.7	22.3541233417752	-999.9	0	1.84027777777778	9.67710556387443	330
HARRINGTON_CDA_CS	2022	5	27	147	9.5	14.3	14.2351704038211	-999.9	14	2.32638888888889	12.6775352712903	330
HARRINGTON_CDA_CS	2022	5	28	148	13.6	21.8	18.6534158410434	-999.9	7	5	18.8603949640692	330
HARRINGTON_CDA_CS	2022	5	29	149	10.6	22.5	22.5260984238352	-999.9	0	2.15277777777778	14.1380962989641	330
HARRINGTON_CDA_CS	2022	5	30	150	8	21.8	24.3144747654049	-999.9	0	3.19444444444444	13.2474913029301	330
HARRINGTON_CDA_CS	2022	5	31	151	7.4	9.4	9.27694839484558	-999.9	0	6.55092592592592	7.60965677266447	330
HARRINGTON_CDA_CS	2022	6	1	152	5.8	10.1	13.6314243651951	-999.9	0	5.48611111111111	7.53576805329499	330
HARRINGTON_CDA_CS	2022	6	2	153	5.5	12.2	17.0495719461986	-999.9	0	3.92361111111111	8.19608660454889	330
HARRINGTON_CDA_CS	2022	6	3	154	4.3	13	19.4651203936146	-999.9	0	2.12962962962963	9.01789233007998	330
HARRINGTON_CDA_CS	2022	6	4	155	5.9	12.1	16.4614140154254	-999.9	0.4	1.71296296296296	9.33231899283988	330
HARRINGTON_CDA_CS	2022	6	5	156	7	15.3	19.0781697599931	-999.9	11.2	1.5162037037037	11.9368570381321	330
HARRINGTON_CDA_CS	2022	6	6	157	5.6	14	19.2227856124255	-999.9	0.2	1.55092592592593	9.95499853571738	330
HARRINGTON_CDA_CS	2022	6	7	158	6.1	17.3	22.2288733393726	-999.9	0	1.23842592592593	10.5727004577318	330
HARRINGTON_CDA_CS	2022	6	8	159	7.9	17.5	20.6076586471745	-999.9	12.2	2.26851851851852	12.016953857001	330
HARRINGTON_CDA_CS	2022	6	9	160	13	19.3	16.7147862041866	-999.9	8.7	4.17824074074075	16.6638155628279	330
HARRINGTON_CDA_CS	2022	6	10	161	13.6	20.8	17.8890515454101	-999.9	0	6.51620370370369	14.8097093102918	330
HARRINGTON_CDA_CS	2022	6	11	162	12.7	24	22.4338534921124	-999.9	0	4.59490740740742	14.7112786792207	330
HARRINGTON_CDA_CS	2022	6	12	163	13.2	24	21.9519582910001	-999.9	0	1.2962962962963	15.3311927189119	330
HARRINGTON_CDA_CS	2022	6	13	164	13.9	18.7	14.646435722386	-999.9	5.4	2.25694444444444	15.8710141780162	330
HARRINGTON_CDA_CS	2022	6	14	165	10.9	14.1	11.9671166790345	-999.9	29.5	4.24768518518519	13.8006282264757	330
HARRINGTON_CDA_CS	2022	6	15	166	9.7	18	19.2845764602238	-999.9	0	2.69675925925926	12.3306586710291	330
HARRINGTON_CDA_CS	2022	6	16	167	11	25.1	25.1472502257535	-999.9	0	4.21296296296297	12.865175123071	330
HARRINGTON_CDA_CS	2022	6	17	168	12.7	18.1	15.5682975263701	-999.9	2.4	6.89814814814814	14.37573488336	330
HARRINGTON_CDA_CS	2022	6	18	169	13.4	23.7	21.5069881975379	-999.9	23.8	3.57638888888889	18.9981271177628	330
HARRINGTON_CDA_CS	2022	6	19	170	12.9	21.9	20.1072398574304	-999.9	0	2.59259259259259	16.1039448772206	330
HARRINGTON_CDA_CS	2022	6	20	171	10.8	16.8	16.4183894834185	-999.9	3.3	2.59259259259259	14.4231740879008	330
HARRINGTON_CDA_CS	2022	6	21	172	9	14	14.9870854551714	-999.9	0.4	3.14814814814814	12.2446484231829	330
HARRINGTON_CDA_CS	2022	6	22	173	10.5	19.7	20.3262326957862	-999.9	0	2.85879629629631	13.7350920087159	330
HARRINGTON_CDA_CS	2022	6	23	174	9.9	23.1	24.3407693297597	-999.9	1.2	1.62037037037037	13.3731222470972	330
HARRINGTON_CDA_CS	2022	6	24	175	16.9	20.1	11.9800945342468	-999.9	19.3	2.37268518518519	20.0199561280252	330
HARRINGTON_CDA_CS	2022	6	25	176	15	24.3	20.413535036087	-999.9	0.9	0.486111111111111	19.9724502331293	330
HARRINGTON_CDA_CS	2022	6	26	177	14.8	26	22.3887995881066	-999.9	0	1.68981481481481	20.204717252682	330
HARRINGTON_CDA_CS	2022	6	27	178	15.6	25.6	21.1407508425606	-999.9	0	6.26811594202897	18.8727131566951	330
HARRINGTON_CDA_CS	2022	6	28	179	14.9	21.7	17.4191523961521	-999.9	4.5	3.79629629629631	18.3890983490258	330
HARRINGTON_CDA_CS	2022	6	29	180	13.4	24.5	22.235133045758	-999.9	0.2	0.717592592592592	14.9103817143821	330
HARRINGTON_CDA_CS	2022	6	30	181	13.7	24.3	21.7065278145644	-999.9	0	1.55092592592593	16.9695219758011	330
HARRINGTON_CDA_CS	2022	7	1	182	12.8	23.7	21.9868661654158	-999.9	0.6	2.5	15.7935079122016	330
HARRINGTON_CDA_CS	2022	7	2	183	17.2	22.2	14.8730892281091	-999.9	11.8	4.39814814814814	20.2120769836518	330
HARRINGTON_CDA_CS	2022	7	3	184	14.8	24.8	21.0056284268985	-999.9	0	3.66898148148147	18.0094061796193	330
HARRINGTON_CDA_CS	2022	7	4	185	11.8	21.4	20.5515294704488	-999.9	0	3.42592592592592	12.7234963897888	330
HARRINGTON_CDA_CS	2022	7	5	186	11.8	23.2	22.3607885222256	-999.9	0.2	3.69212962962964	13.1103647079947	330
HARRINGTON_CDA_CS	2022	7	6	187	13.4	17.6	13.5499826273317	-999.9	32.7	4.53703703703703	15.7869062086333	330
HARRINGTON_CDA_CS	2022	7	7	188	13.1	19.8	17.0837844919762	-999.9	0.2	4.00462962962964	12.933371897222	330
HARRINGTON_CDA_CS	2022	7	8	189	12.6	22	20.1974395110837	-999.9	0.4	3.61111111111111	15.0358777074143	330
HARRINGTON_CDA_CS	2022	7	9	190	12	18.6	16.8905233301348	-999.9	0	2.40740740740741	12.8437191713314	330
HARRINGTON_CDA_CS	2022	7	10	191	12.5	21.7	19.9001688841441	-999.9	0	1.99074074074074	12.6442234707279	330
HARRINGTON_CDA_CS	2022	7	11	192	13	24.8	22.4878759743875	-999.9	0	4.96527777777778	14.5891994570096	330
HARRINGTON_CDA_CS	2022	7	12	193	15.3	25.4	20.7570431326015	-999.9	0.2	7.00231481481481	15.933149237971	330
HARRINGTON_CDA_CS	2022	7	13	194	14.8	26.9	22.6645727019579	-999.9	0	4.36342592592592	18.7893892819619	330
HARRINGTON_CDA_CS	2022	7	14	195	13.3	22.6	19.8197855467122	-999.9	4.3	1.5162037037037	14.5605841105075	330
HARRINGTON_CDA_CS	2022	7	15	196	14.5	19.8	14.9228063117241	-999.9	9.2	1.26157407407407	17.4449181177218	330
HARRINGTON_CDA_CS	2022	7	16	197	14.3	25.7	21.8259134745991	-999.9	0.4	3.33333333333333	16.6590862827316	330
HARRINGTON_CDA_CS	2022	7	17	198	16.5	25.5	19.3375261753225	-999.9	0	5.08101851851853	18.8220156482429	330
HARRINGTON_CDA_CS	2022	7	18	199	16.5	28.1	21.888721676989	-999.9	0.2	5.03472222222222	21.0551604854154	330
HARRINGTON_CDA_CS	2022	7	19	200	18	24.6	16.4598952343219	-999.9	35.4	5.34722222222222	23.4428200256162	330
HARRINGTON_CDA_CS	2022	7	20	201	14.8	25.1	20.4969485204521	-999.9	0	4.34027777777778	16.9936815142156	330
HARRINGTON_CDA_CS	2022	7	21	202	14.9	29.1	23.9873306944746	-999.9	0	2.25694444444444	17.9527827906359	330
HARRINGTON_CDA_CS	2022	7	22	203	19.7	28.4	18.7118196878785	-999.9	0	4.78009259259258	24.6197901296038	330
HARRINGTON_CDA_CS	2022	7	23	204	18.4	29.3	20.8708253684297	-999.9	0.2	2.68518518518519	20.7853331800162	330
HARRINGTON_CDA_CS	2022	7	24	205	18.7	30.3	21.4524306725279	-999.9	0	3.19444444444444	22.2684827643895	330
HARRINGTON_CDA_CS	2022	7	25	206	20.8	27.9	16.7204825315216	-999.9	0	5.87962962962964	23.7980115813266	330
HARRINGTON_CDA_CS	2022	7	26	207	17.4	25.6	17.8998535100069	-999.9	0	3.90046296296297	18.4640432539773	330
HARRINGTON_CDA_CS	2022	7	27	208	15.3	25.9	20.2707123661642	-999.9	0.2	2.24537037037037	18.232333150544	330
HARRINGTON_CDA_CS	2022	7	28	209	14.9	24.7	19.4112301379583	-999.9	0	0.636574074074075	18.1833167543152	330
HARRINGTON_CDA_CS	2022	7	29	210	17.4	22	13.2432046964558	-999.9	3.5	3.10185185185186	20.6249602664533	330
HARRINGTON_CDA_CS	2022	7	30	211	16.5	25	17.924530987253	-999.9	0.3	2.83564814814814	19.1519582987251	330
HARRINGTON_CDA_CS	2022	7	31	212	17	26.6	18.9647844509803	-999.9	0	2.4537037037037	19.4396475475742	330
HARRINGTON_CDA_CS	2022	8	1	213	17.4	25.5	17.3411677029323	-999.9	0	3.35648148148147	20.1699019857509	330
HARRINGTON_CDA_CS	2022	8	2	214	17.7	24.4	15.6980649081198	-999.9	2	2.77777777777778	21.9425256401132	330
HARRINGTON_CDA_CS	2022	8	3	215	16.2	22.6	15.2693561927055	-999.9	0.2	1.73611111111111	19.6691169714542	330
HARRINGTON_CDA_CS	2022	8	4	216	16	28.7	21.4044226931984	-999.9	0.7	3.75	20.3116395693975	330
HARRINGTON_CDA_CS	2022	8	5	217	17.8	27.9	18.9924909939974	-999.9	0	3.04398148148147	23.515839144455	330
HARRINGTON_CDA_CS	2022	8	6	218	17.2	28.1	19.6291955632197	-999.9	0.4	1.16898148148148	21.3652839265096	330
HARRINGTON_CDA_CS	2022	8	7	219	19.4	30.2	19.4364670668448	-999.9	0	4.51388888888889	25.578892257436	330
HARRINGTON_CDA_CS	2022	8	8	220	13	19.9	15.4523356130927	-999.9	10.7	0.891203703703703	14.660962557446	330
HARRINGTON_CDA_CS	2022	8	9	221	13.4	18.5	13.2119374109733	-999.9	37.7	4.21296296296297	17.1293944261175	330
HARRINGTON_CDA_CS	2022	8	10	222	15.5	20.8	13.393023597053	-999.9	4.1	0.682870370370369	18.562566514598	330
HARRINGTON_CDA_CS	2022	8	11	223	16.5	23.5	15.3036912688037	-999.9	1.4	2.30324074074074	20.0632918178993	330
HARRINGTON_CDA_CS	2022	8	12	224	15.8	23.9	16.3660211440074	-999.9	0	0.509259259259258	19.5699547414851	330
HARRINGTON_CDA_CS	2022	8	13	225	15.6	23.2	15.7582327973648	-999.9	0	1.55092592592593	19.6973907380639	330
HARRINGTON_CDA_CS	2022	8	14	226	15.1	21	13.7998155795129	-999.9	6.5	2.40740740740741	19.4272778704093	330
HARRINGTON_CDA_CS	2022	8	15	227	14.3	25.1	18.5546133117793	-999.9	0.6	0.590277777777778	18.0324373279326	330
HARRINGTON_CDA_CS	2022	8	16	228	14.7	18.1	10.3447067749761	-999.9	0	0.416666666666667	17.2910548402406	330
HARRINGTON_CDA_CS	2022	8	17	229	18.1	19.7	8.63831127569473	-999.9	7	6.29629629629631	19.2359080019611	330
HARRINGTON_CDA_CS	2022	8	18	230	18.2	22	10.7940582274108	-999.9	0	4.63888888888889	16.6820115349654	330
HARRINGTON_CDA_CS	2022	8	19	231	16.7	23.6	14.4474949296985	-999.9	1.6	4.09722222222222	20.2863039733649	330
HARRINGTON_CDA_CS	2022	8	20	232	16.4	28.2	18.7641555179202	-999.9	0.2	2.10648148148148	20.4355597220671	330
HARRINGTON_CDA_CS	2022	8	21	233	16.6	29.6	19.5580000875069	-999.9	0.7	2.55787037037037	21.2269424432105	330
HARRINGTON_CDA_CS	2022	8	22	234	18.2	27	15.9772986853175	-999.9	0	4.375	20.6509262421692	330
HARRINGTON_CDA_CS	2022	8	23	235	18.2	21.4	9.56512250358502	-999.9	3.4	2.96296296296297	21.4489708791603	330
HARRINGTON_CDA_CS	2022	8	24	236	17.7	22.4	11.5069987761857	-999.9	0.5	2.8125	21.7262657862283	330
HARRINGTON_CDA_CS	2022	8	25	237	12.6	24.9	18.475965174318	-999.9	0	1.93287037037037	18.9286280717203	330
HARRINGTON_CDA_CS	2022	8	26	238	12.8	23.2	16.8599521800511	-999.9	0	2.31481481481481	16.8715115372354	330
HARRINGTON_CDA_CS	2022	8	27	239	11.7	20.1	15.0351531455557	-999.9	0.6	2.93981481481481	15.2744130728178	330
HARRINGTON_CDA_CS	2022	8	28	240	11.6	23.1	17.453757918624	-999.9	0	2.37268518518519	15.2837218454486	330
HARRINGTON_CDA_CS	2022	8	29	241	14	25	16.9336774164208	-999.9	0	3.56481481481481	18.2934466378661	330
HARRINGTON_CDA_CS	2022	8	30	242	18	27.5	15.6089823287896	-999.9	0	5.47453703703703	23.4429452483744	330
HARRINGTON_CDA_CS	2022	8	31	243	20	26.4	12.7058406602988	-999.9	1.7	6.40046296296297	23.4733587291221	330
HARRINGTON_CDA_CS	2022	9	1	244	17	24.6	13.7297773091041	-999.9	0	3.32175925925925	18.8180318566652	330
HARRINGTON_CDA_CS	2022	9	2	245	9.8	18.6	14.6481857274548	-999.9	0.6	2.70833333333333	11.9639018363133	330
HARRINGTON_CDA_CS	2022	9	3	246	8.7	23	18.5113777310397	-999.9	0	1.77083333333333	12.8415294199344	330
HARRINGTON_CDA_CS	2022	9	4	247	11.4	23.6	16.9481066358868	-999.9	0.3	2.61574074074074	15.5115610520882	330
HARRINGTON_CDA_CS	2022	9	5	248	13	19.2	11.9742940102231	-999.9	0	3.91203703703703	13.9627735404044	330
HARRINGTON_CDA_CS	2022	9	6	249	11.3	19.9	13.9752084247482	-999.9	0	2.00231481481481	13.367638419075	330
HARRINGTON_CDA_CS	2022	9	7	250	11.2	21.1	14.8567501193033	-999.9	0.4	1.31944444444444	13.790212601693	330
HARRINGTON_CDA_CS	2022	9	8	251	11.4	22.5	15.5850071511216	-999.9	0	1.09953703703704	14.6719338590813	330
HARRINGTON_CDA_CS	2022	9	9	252	12.8	22.8	14.6530137576864	-999.9	0.4	1.43518518518519	16.6945624022819	330
HARRINGTON_CDA_CS	2022	9	10	253	11.4	20.7	13.9956168856393	-999.9	0	2.51157407407408	13.9727786681962	330
HARRINGTON_CDA_CS	2022	9	11	254	13.3	21.7	13.1721313411179	-999.9	0	3.06712962962964	15.8964217901659	330
HARRINGTON_CDA_CS	2022	9	12	255	12.6	23.2	14.6513444995583	-999.9	0	1.53935185185185	17.3491461823489	330
HARRINGTON_CDA_CS	2022	9	13	256	15.4	24.8	13.6596324749645	-999.9	0	1.16898148148148	19.3216956330497	330
HARRINGTON_CDA_CS	2022	9	14	257	15.7	23.3	12.1583588013472	-999.9	1.1	5.25462962962964	19.4693861832758	330
HARRINGTON_CDA_CS	2022	9	15	258	11.5	15.8	9.05186668497914	-999.9	0	5.59027777777778	10.3794773671864	330
HARRINGTON_CDA_CS	2022	9	16	259	8.9	13	8.74730943847538	-999.9	2.2	5.70601851851853	8.72282356633402	330
HARRINGTON_CDA_CS	2022	9	17	260	10.3	16.6	10.729378728831	-999.9	0	4.71064814814814	9.96213734076237	330
HARRINGTON_CDA_CS	2022	9	18	261	4.6	14.5	13.3072093215205	-999.9	0	3.61111111111111	8.27686704956672	330
HARRINGTON_CDA_CS	2022	9	19	262	4.8	15.7	13.8131067768539	-999.9	0	2.15277777777778	8.97309331923457	330
HARRINGTON_CDA_CS	2022	9	20	263	6.5	14.5	11.7051182093484	-999.9	4.6	2.90509259259258	10.7722310378946	330
HARRINGTON_CDA_CS	2022	9	21	264	12.7	20.5	11.4307604649716	-999.9	5.1	2.34953703703704	17.8840200808025	330
HARRINGTON_CDA_CS	2022	9	22	265	12.4	18.8	10.2390471482226	-999.9	1.9	4.12037037037036	15.7104968441597	330
HARRINGTON_CDA_CS	2022	9	23	266	10	18.1	11.3893505097882	-999.9	28.6	5.89120370370369	14.1012613196254	330
HARRINGTON_CDA_CS	2022	9	24	267	10.9	10.9	0	-999.9	9.4	19.1666666666667	12.6996455674957	330
HARRINGTON_CDA_CS	2022	9	25	268	9.8	19.6	12.6247940011196	-999.9	0	5.46296296296297	10.589395065944	330
HARRINGTON_CDA_CS	2022	9	26	269	14.2	19.2	9.07452393213311	-999.9	9.7	5.65972222222222	17.0717367969403	330
HARRINGTON_CDA_CS	2022	9	27	270	14.6	19.9	8.96821902988994	-999.9	11.9	4.52546296296297	18.5121366378647	330
HARRINGTON_CDA_CS	2022	9	28	271	11.5	19.7	10.7546894835061	-999.9	0	3.07870370370369	15.5055234864809	330
HARRINGTON_CDA_CS	2022	9	29	272	10.3	17.1	11.5079121914072	-999.9	0	3.07870370370369	12.1259987883452	330
HARRINGTON_CDA_CS	2022	9	30	273	6.7	16.3	11.6059672480874	-999.9	0	3.44907407407408	9.23707627382871	330
HARRINGTON_CDA_CS	2022	10	1	274	11	18.1	11.1118068653172	-999.9	0	3.86574074074075	12.0728654302893	330
HARRINGTON_CDA_CS	2022	10	2	275	2.8	10	9.65695627975564	-999.9	0	4.21497584541064	6.46340803520718	330
HARRINGTON_CDA_CS	2022	10	3	276	-1.1	12.8	13.251483572605	-999.9	0	2.00231481481481	6.55141356045161	330
HARRINGTON_CDA_CS	2022	10	4	277	9.1	15.9	9.14152045307671	-999.9	0	2.91666666666667	9.8410272497041	330
HARRINGTON_CDA_CS	2022	10	5	278	8.2	18.3	11.0003059305609	-999.9	0.5	1.97916666666667	12.8046046849004	330
HARRINGTON_CDA_CS	2022	10	6	279	8.9	15.9	9.0412509242169	-999.9	1.5	1.46990740740741	13.5416022236463	330
HARRINGTON_CDA_CS	2022	10	7	280	12.9	17.7	7.39081045674019	-999.9	0.4	1.75925925925926	15.9928303837813	330
HARRINGTON_CDA_CS	2022	10	8	281	3.2	14.4	11.1437195961896	-999.9	2.4	3.56481481481481	9.67142883071834	330
HARRINGTON_CDA_CS	2022	10	9	282	0.8	11	10.4961510251334	-999.9	0	3.58796296296297	7.04490675272762	330
HARRINGTON_CDA_CS	2022	10	10	283	1.8	10.7	9.67596550042566	-999.9	0	2.89351851851853	6.69110410344761	330
HARRINGTON_CDA_CS	2022	10	11	284	2	12.7	10.4694169289142	-999.9	0	3.47222222222222	7.39292729893968	330
HARRINGTON_CDA_CS	2022	10	12	285	3.9	16.1	11.0307577253789	-999.9	0.5	2.67361111111111	8.98487344792861	330
HARRINGTON_CDA_CS	2022	10	13	286	9.1	19.6	10.0967140922209	-999.9	0	3.22916666666667	12.7374706690811	330
HARRINGTON_CDA_CS	2022	10	14	287	9.7	19.1	9.42488754136807	-999.9	0	4.24768518518519	14.2953401959569	330
HARRINGTON_CDA_CS	2022	10	15	288	12.8	17.8	6.78098442915794	-999.9	0	5.75231481481481	15.7019194172732	330
HARRINGTON_CDA_CS	2022	10	16	289	13.2	20	7.80060389650395	-999.9	0	2.36111111111111	16.9198793605825	330
HARRINGTON_CDA_CS	2022	10	17	290	10.7	14.5	5.75180406293119	-999.9	0	1.52777777777778	13.8609925929658	330
HARRINGTON_CDA_CS	2022	10	18	291	10.9	20	8.77902000211306	-999.9	0	5.02314814814814	14.3684152627473	330
HARRINGTON_CDA_CS	2022	10	19	292	10.7	18.9	8.21905730330218	-999.9	22.3	7.06018518518519	15.4863884431159	330
HARRINGTON_CDA_CS	2022	10	20	293	8	13.9	6.8755863850274	-999.9	4.9	4.15509259259258	10.0266102032032	330
HARRINGTON_CDA_CS	2022	10	21	294	7.7	15	7.54214823481684	-999.9	0	3.53009259259258	9.85951324519959	330
HARRINGTON_CDA_CS	2022	10	22	295	7.8	16.8	8.25825804590465	-999.9	0	4.34027777777778	10.7299802948164	330
HARRINGTON_CDA_CS	2022	10	23	296	7.7	19.5	9.32455128696417	-999.9	0	2.40740740740741	12.0279442685663	330
HARRINGTON_CDA_CS	2022	10	24	297	10.3	19.3	8.0300220572921	-999.9	8.1	1.49305555555556	13.1271614633779	330
HARRINGTON_CDA_CS	2022	10	25	298	12.8	20.3	7.22813373895516	-999.9	4.4	2.30324074074074	18.0533223993403	330
HARRINGTON_CDA_CS	2022	10	26	299	15.1	20.9	6.26763860972128	-999.9	12.9	3.28703703703703	19.3323000674873	330
HARRINGTON_CDA_CS	2022	10	27	300	7.8	19.5	8.77757489087433	-999.9	0.2	5.54398148148147	13.6242857343294	330
HARRINGTON_CDA_CS	2022	10	28	301	0.4	8.6	7.24570228108944	-999.9	0	3.98148148148147	5.97475944163676	330
HARRINGTON_CDA_CS	2022	10	29	302	0.7	12.1	8.42405791002179	-999.9	0.3	3.53009259259258	6.74143448257202	330
HARRINGTON_CDA_CS	2022	10	30	303	4.6	14.5	7.74084763608131	-999.9	0.5	3.20601851851853	8.38189074022587	330
HARRINGTON_CDA_CS	2022	10	31	304	5.2	15.6	7.82347281532832	-999.9	0	2.89351851851853	8.8274478742675	330
HARRINGTON_CDA_CS	2022	11	1	305	9	15.4	6.05199144385631	-999.9	0.2	2.5	12.9603806673196	330
HARRINGTON_CDA_CS	2022	11	2	306	4.6	12.6	6.67260923245928	-999.9	0	6.01851851851853	7.21799187212505	330
HARRINGTON_CDA_CS	2022	11	3	307	1.1	10	6.94078675852196	-999.9	0	4.05092592592592	5.38955066424096	330
HARRINGTON_CDA_CS	2022	11	4	308	9.6	17.8	6.5706448986345	-999.9	0	5.10416666666667	11.4440856916623	330
HARRINGTON_CDA_CS	2022	11	5	309	11.1	17.4	5.68050497473932	-999.9	0	5.27777777777778	14.0326650462233	330
HARRINGTON_CDA_CS	2022	11	6	310	14.6	20.4	5.37623751030733	-999.9	0	6.55092592592592	17.0259043910461	330
HARRINGTON_CDA_CS	2022	11	7	311	7	17.6	7.16970680570559	-999.9	3.1	5.81018518518519	12.2859172031557	330
HARRINGTON_CDA_CS	2022	11	8	312	3.1	7.4	4.5051275068344	-999.9	0.7	7.43055555555556	4.97596660305993	330
HARRINGTON_CDA_CS	2022	11	9	313	0.4	5.1	4.64719405241696	-999.9	0.2	5.03472222222222	4.67459171496571	330
HARRINGTON_CDA_CS	2022	11	10	314	5	11.8	5.5158736480926	-999.9	0.2	5.23148148148147	7.87714773800662	330
HARRINGTON_CDA_CS	2022	11	11	315	6.5	10.1	3.96079577426336	-999.9	0.2	2.15277777777778	9.02859606881837	330
HARRINGTON_CDA_CS	2022	11	12	316	4.8	17.9	7.45754815311171	-999.9	35.3	5.94907407407408	12.755745260977	330
HARRINGTON_CDA_CS	2022	11	13	317	4.6	7.2	3.27973504567706	-999.9	14.7	3.44907407407408	8.54092942222576	330
HARRINGTON_CDA_CS	2022	11	14	318	0.8	10.6	6.28671671595296	-999.9	2.3	7.06018518518519	7.96736291484786	330
HARRINGTON_CDA_CS	2022	11	15	319	-0.1	3	3.49158228790294	-999.9	0	3.62268518518519	5.22306008032081	330
HARRINGTON_CDA_CS	2022	11	16	320	-0.9	11.2	6.81304555265225	-999.9	11.7	3.36805555555556	7.31480306004365	330
HARRINGTON_CDA_CS	2022	11	17	321	-0.6	11.3	6.6743762052531	-999.9	0.8	6.95601851851853	7.85718172228489	330
HARRINGTON_CDA_CS	2022	11	18	322	-3.9	0.2	3.87082931905784	-999.9	0	5.63657407407408	3.61597056933155	330
HARRINGTON_CDA_CS	2022	11	19	323	-5.3	1.8	5.03393232614739	-999.9	0.2	2.19907407407407	3.77130710979	330
HARRINGTON_CDA_CS	2022	11	20	324	-2.2	6.5	5.50807807764304	-999.9	0.6	5.06944444444445	5.2118777534726	330
HARRINGTON_CDA_CS	2022	11	21	325	-5.4	-0.4	4.12846732079733	-999.9	0	6.01851851851853	3.38871978020271	330
HARRINGTON_CDA_CS	2022	11	22	326	-5.5	0.4	4.43505842273266	-999.9	2	4.375	3.71020892323318	330
HARRINGTON_CDA_CS	2022	11	23	327	-5.6	0.5	4.46086242402138	-999.9	0.2	4.35185185185186	3.14184548339848	330
HARRINGTON_CDA_CS	2022	11	24	328	-5.9	-1.6	3.7058237986519	-999.9	0	5.04629629629631	2.80879880677799	330
HARRINGTON_CDA_CS	2022	11	25	329	-7.2	6.1	6.45050906284844	-999.9	10.7	4.10879629629631	4.50028067702081	330
HARRINGTON_CDA_CS	2022	11	26	330	2.3	6.5	3.58869352005063	-999.9	1.5	7.17592592592592	7.93874779604287	330
HARRINGTON_CDA_CS	2022	11	27	331	-0.3	6.5	4.52210393534317	-999.9	0	3.51851851851853	6.27308888470391	330
HARRINGTON_CDA_CS	2022	11	28	332	-0.2	6.4	4.41334657817716	-999.9	34.8	5.01157407407408	7.13547890449518	330
HARRINGTON_CDA_CS	2022	11	29	333	-5.8	0.1	4.13497066438957	-999.9	0.2	4.36342592592592	3.50977613560403	330
HARRINGTON_CDA_CS	2022	11	30	334	-7	8.6	6.66506116953905	-999.9	0.3	4.46759259259258	5.08899307323525	330
HARRINGTON_CDA_CS	2022	12	1	335	-0.9	10.9	5.74814732093431	-999.9	25.4	8.37962962962964	6.77486337078351	330
HARRINGTON_CDA_CS	2022	12	2	336	-5.6	-0.2	3.85729557696223	-999.9	0.4	3.88888888888889	3.17382535511669	330
HARRINGTON_CDA_CS	2022	12	3	337	-5.2	10.2	6.46403966731048	-999.9	1.8	6.45833333333333	5.87683622903599	330
HARRINGTON_CDA_CS	2022	12	4	338	-3.2	10.5	6.05235272165005	-999.9	2.6	5.34722222222222	6.27143348222772	330
HARRINGTON_CDA_CS	2022	12	5	339	-5.8	1.4	4.35729781104283	-999.9	0.6	2.69675925925926	3.45835516025776	330
HARRINGTON_CDA_CS	2022	12	6	340	-2.7	4.5	4.32887417919873	-999.9	0.3	2.16435185185185	5.53251529763574	330
HARRINGTON_CDA_CS	2022	12	7	341	4	8.3	3.32487309579019	-999.9	1.4	5.41666666666667	8.66383731282244	330
HARRINGTON_CDA_CS	2022	12	8	342	3	8	3.56480639764214	-999.9	24.1	7.32638888888889	8.65124927801371	330
HARRINGTON_CDA_CS	2022	12	9	343	0.5	3.9	2.92403007083102	-999.9	10.6	7.33796296296297	7.01691751104196	330
HARRINGTON_CDA_CS	2022	12	10	344	-4.9	0.5	3.66703593452334	-999.9	0.5	9.25925925925925	4.40075150034058	330
HARRINGTON_CDA_CS	2022	12	11	345	-5.5	-4	1.92409821105493	-999.9	0	5.48611111111111	3.10888933437047	330
HARRINGTON_CDA_CS	2022	12	12	346	-6.3	-2.6	3.00978794846141	-999.9	0.2	2.98611111111111	3.27988991900745	330
HARRINGTON_CDA_CS	2022	12	13	347	-5.6	-0.7	3.45127111151315	-999.9	4.3	8.76157407407408	4.12645774976402	330
HARRINGTON_CDA_CS	2022	12	14	348	-5.9	2.6	4.53138826575333	-999.9	6.3	5.47453703703703	4.75139530478933	330
HARRINGTON_CDA_CS	2022	12	15	349	1.2	2.7	1.89847527819273	-999.9	0.6	10.1851851851852	6.1848668565066	330
HARRINGTON_CDA_CS	2022	12	16	350	1.2	2.4	1.69428261506431	-999.9	0	5.50925925925925	5.82922555684082	330
HARRINGTON_CDA_CS	2022	12	17	351	1.3	3.3	2.1834636534469	-999.9	0	4.86111111111111	5.87821217955996	330
HARRINGTON_CDA_CS	2022	12	18	352	1.7	2.6	1.46281335741114	-999.9	9.9	5.40509259259258	6.52079682397942	330
HARRINGTON_CDA_CS	2022	12	19	353	1	2.8	2.06700922895807	-999.9	15.1	5.77546296296297	6.78018595175119	330
HARRINGTON_CDA_CS	2022	12	20	354	0.7	3.2	2.43510134205917	-999.9	1	7.73148148148147	6.51918398388534	330
HARRINGTON_CDA_CS	2022	12	21	355	-1.2	3.1	3.19392552392798	-999.9	0	2.06018518518519	5.46155062188905	330
HARRINGTON_CDA_CS	2022	12	22	356	-6.4	-0.2	3.83736014092695	-999.9	0	2.5	3.89287300907637	330
HARRINGTON_CDA_CS	2022	12	23	357	-7.1	7.3	5.85418516374484	-999.9	4	7.07175925925925	5.29098021095495	330
HARRINGTON_CDA_CS	2022	12	24	358	-0.1	11.3	5.21660403549765	-999.9	2.9	8.90046296296297	6.78957579920573	330
HARRINGTON_CDA_CS	2022	12	25	359	-8.5	0.6	4.6698964641062	-999.9	1.3	4.42129629629631	3.70659090421566	330
HARRINGTON_CDA_CS	2022	12	26	360	-9.1	-2.7	3.92579269993377	-999.9	0	3.55324074074075	2.68665288446623	330
HARRINGTON_CDA_CS	2022	12	27	361	-8.4	-2.3	3.84371686967842	-999.9	0.6	2.68518518518519	3.16758519212543	330
HARRINGTON_CDA_CS	2022	12	28	362	-13.1	-3.3	4.88815730905013	-999.9	0	3.04398148148147	2.45331162792085	330
HARRINGTON_CDA_CS	2022	12	29	363	-5.2	-2.5	2.57545683097691	-999.9	0.9	1.44675925925926	3.80438507706357	330
HARRINGTON_CDA_CS	2022	12	30	364	-3.1	4.3	4.28174569397516	-999.9	0.2	3.87731481481481	5.8466768468272	330
HARRINGTON_CDA_CS	2022	12	31	365	3.8	9.9	3.90564190565392	-999.9	0	4.05092592592592	8.81087282318701	330
