HARRINGTON_CDA_CS	2009	1	1	1	-9	-2.9	3.92556407263248	-999.9	16.9	11.3310185185185	3.74906991790608	330
HARRINGTON_CDA_CS	2009	1	2	2	-12	-8.5	2.98995755065074	-999.9	3.7	5.3125	2.30994113660919	330
HARRINGTON_CDA_CS	2009	1	3	3	-12.8	-8.4	3.37234665365923	-999.9	0.3	2.84722222222222	1.96296047613856	330
HARRINGTON_CDA_CS	2009	1	4	4	-10.4	-0.5	5.09068216063826	-999.9	1	6.28472222222222	3.36790505642131	330
HARRINGTON_CDA_CS	2009	1	5	5	-7.1	-0.2	4.27867700509762	-999.9	0	5.97222222222222	3.75674407282156	330
HARRINGTON_CDA_CS	2009	1	6	6	-10	-5.5	3.4800708126805	-999.9	0	6.35416666666667	2.1689881518574	330
HARRINGTON_CDA_CS	2009	1	7	7	-11.6	-2.2	5.06767754858919	-999.9	5.3	3.69212962962964	2.71290722390724	330
HARRINGTON_CDA_CS	2009	1	8	8	-6.5	6.5	6.00678660246162	-999.9	5.3	7.08333333333333	5.4086983125	330
HARRINGTON_CDA_CS	2009	1	9	9	-10.4	-3.6	4.380346631086	-999.9	0.6	4.01620370370369	2.98903825978527	330
HARRINGTON_CDA_CS	2009	1	10	10	-14.9	-5.4	5.22219348308924	-999.9	0	4.15509259259258	2.27401768951485	330
HARRINGTON_CDA_CS	2009	1	11	11	-16	-6.3	5.32430955494074	-999.9	1.2	2.29166666666667	2.20818616645798	330
HARRINGTON_CDA_CS	2009	1	12	12	-14.5	-7.5	4.56517324032851	-999.9	0.2	2.70833333333333	2.35443322356875	330
HARRINGTON_CDA_CS	2009	1	13	13	-14.4	0	6.61089323490064	-999.9	0	4.08564814814814	3.0820520344223	330
HARRINGTON_CDA_CS	2009	1	14	14	-16.6	2.1	7.6086116914368	-999.9	5.5	6.19212962962964	2.98138110626322	330
HARRINGTON_CDA_CS	2009	1	15	15	-21.7	-16.6	4.01426136549082	-999.9	0	3.80787037037036	0.847345219826006	330
HARRINGTON_CDA_CS	2009	1	16	16	-23.2	-18.3	3.97630656297961	-999.9	0	3.26388888888889	0.802401572234239	330
HARRINGTON_CDA_CS	2009	1	17	17	-24.7	-19.4	4.18024173582124	-999.9	0	3.29861111111111	0.657231690656697	330
HARRINGTON_CDA_CS	2009	1	18	18	-23.9	-3.9	8.21061161037314	-999.9	2.2	3.55324074074075	1.57052194324814	330
HARRINGTON_CDA_CS	2009	1	19	19	-3.9	6.6	6.01675910829407	-999.9	2.3	7.03703703703703	6.25578864441458	330
HARRINGTON_CDA_CS	2009	1	20	20	-5.2	-3.1	2.72201490226229	-999.9	0.4	2.53267973856209	3.50764194748087	330
HARRINGTON_CDA_CS	2009	1	21	21	-12.4	-7.2	4.33406892456484	-999.9	0	2.34953703703704	2.36651216186918	330
HARRINGTON_CDA_CS	2009	1	22	22	-12.2	-3.1	5.80261231469484	-999.9	0	5.42824074074075	2.67527870588317	330
HARRINGTON_CDA_CS	2009	1	23	23	-15.9	-7.8	5.54171959162121	-999.9	0	4.08564814814814	1.57567161833711	330
HARRINGTON_CDA_CS	2009	1	24	24	-16.6	2.1	8.52525826208785	-999.9	0.5	6.94444444444445	2.74748924191884	330
HARRINGTON_CDA_CS	2009	1	25	25	-20	-11.7	5.75163236870755	-999.9	0	5.25462962962964	1.1750450449362	330
HARRINGTON_CDA_CS	2009	1	26	26	-22.6	-18.8	3.94171283347709	-999.9	0	3.63425925925925	0.713967678368682	330
HARRINGTON_CDA_CS	2009	1	27	27	-20.4	-13.1	5.53435106810801	-999.9	0	3.48379629629631	1.08449850280587	330
HARRINGTON_CDA_CS	2009	1	28	28	-18.4	-4.8	7.65337629190627	-999.9	7.3	3.46064814814814	1.84099762106251	330
HARRINGTON_CDA_CS	2009	1	29	29	-8.8	4.8	7.75519962550614	-999.9	5.9	8.81944444444445	4.43315535090751	330
HARRINGTON_CDA_CS	2009	1	30	30	-11.8	-4.2	5.87526173459257	-999.9	0	2.67361111111111	2.75256325543604	330
HARRINGTON_CDA_CS	2009	1	31	31	-9.9	-0.6	6.5873578056891	-999.9	3.7	2.91666666666667	3.49883593117122	330
HARRINGTON_CDA_CS	2009	2	1	32	-8.6	-3.9	4.74696566588335	-999.9	0.6	4.17824074074075	3.25320532653585	330
HARRINGTON_CDA_CS	2009	2	2	33	-5.8	3.5	6.76939245770508	-999.9	0	3.55324074074075	4.73952341006274	330
HARRINGTON_CDA_CS	2009	2	3	34	-7.1	2.8	7.08119067414762	-999.9	12.3	6.73611111111111	4.46386811434151	330
HARRINGTON_CDA_CS	2009	2	4	35	-12.5	-5.9	5.86241258813104	-999.9	0.2	4.67592592592592	2.73497535388353	330
HARRINGTON_CDA_CS	2009	2	5	36	-13	-9.4	4.39038455267152	-999.9	0.2	4.51388888888889	2.23434434414554	330
HARRINGTON_CDA_CS	2009	2	6	37	-16	-8.4	6.46892642754681	-999.9	0	3.94675925925925	1.80369447343485	330
HARRINGTON_CDA_CS	2009	2	7	38	-14.3	-0.5	8.84020623793395	-999.9	0.6	4.84953703703703	2.55154591413206	330
HARRINGTON_CDA_CS	2009	2	8	39	-9.2	3.5	8.6008567826595	-999.9	6.2	6.12268518518519	4.60576609150723	330
HARRINGTON_CDA_CS	2009	2	9	40	-11.3	-8.6	4.02211641140757	-999.9	0.6	7.59259259259258	2.19876710014512	330
HARRINGTON_CDA_CS	2009	2	10	41	-15	-7.2	6.93370384028302	-999.9	0	3.95833333333333	1.68423745792627	330
HARRINGTON_CDA_CS	2009	2	11	42	-7.9	1	7.51219922938691	-999.9	0.8	3.96990740740742	3.93787770160713	330
HARRINGTON_CDA_CS	2009	2	12	43	-1	1.7	4.19675489162623	-999.9	16.2	4.01620370370369	6.23919265253994	330
HARRINGTON_CDA_CS	2009	2	13	44	-13.3	-1	9.08544452875352	-999.9	0.6	8.20601851851853	2.87021689943297	330
HARRINGTON_CDA_CS	2009	2	14	45	-13.6	-7.2	6.64729026255547	-999.9	1.1	3.35648148148147	2.391602144012	330
HARRINGTON_CDA_CS	2009	2	15	46	-11.9	-0.4	9.0377577374395	-999.9	0.8	5.94907407407408	3.58426819363264	330
HARRINGTON_CDA_CS	2009	2	16	47	-6.4	1.7	7.6931562949759	-999.9	0	2.28009259259259	4.1623698165702	330
HARRINGTON_CDA_CS	2009	2	17	48	-10.1	-2.4	7.60760573124942	-999.9	0	2.25694444444444	3.12371656415285	330
HARRINGTON_CDA_CS	2009	2	18	49	-10	-4.6	6.46141576219813	-999.9	0	4.32870370370369	2.90440403698532	330
HARRINGTON_CDA_CS	2009	2	19	50	-12.5	0.7	10.245446663867	-999.9	3.1	4.56018518518519	3.45473892382897	330
HARRINGTON_CDA_CS	2009	2	20	51	-4.6	2.5	7.62023996988584	-999.9	0	6.16898148148147	4.85464887124315	330
HARRINGTON_CDA_CS	2009	2	21	52	-7.7	-1	7.50675771874319	-999.9	0	6.63194444444445	3.21525244875674	330
HARRINGTON_CDA_CS	2009	2	22	53	-8.5	-1.2	7.94565297722324	-999.9	0	3.54166666666667	2.98409902922179	330
HARRINGTON_CDA_CS	2009	2	23	54	-5.8	2	8.32806345368818	-999.9	9.4	7.02546296296297	4.93552167555531	330
HARRINGTON_CDA_CS	2009	2	24	55	-6.6	-3.6	5.23671758931382	-999.9	1.2	6.03864734299517	3.60486786510568	330
HARRINGTON_CDA_CS	2009	2	25	56	-10.2	-1.6	8.9891935532567	-999.9	0	2.74305555555556	2.84982996149823	330
HARRINGTON_CDA_CS	2009	2	26	57	-12	1.6	11.4599611006731	-999.9	0	3.26719576719578	3.50859979561031	330
HARRINGTON_CDA_CS	2009	2	27	58	-1.3	5.4	8.15381003901278	-999.9	0	6.44675925925925	5.88418618514201	330
HARRINGTON_CDA_CS	2009	2	28	59	-8.7	6.3	12.3664153401751	-999.9	2.5	6.57407407407408	5.08860348327052	330
HARRINGTON_CDA_CS	2009	3	1	60	-9.8	-5.1	7.01594104925203	-999.9	1	4.97685185185186	2.96481238615781	330
HARRINGTON_CDA_CS	2009	3	2	61	-5.6	0.3	7.96643402079241	-999.9	29.9	2.56944444444444	4.90965083670634	330
HARRINGTON_CDA_CS	2009	3	3	62	-8.7	0.7	10.1897477112301	-999.9	2.1	0	4.35831331722657	330
HARRINGTON_CDA_CS	2009	3	4	63	-12.7	-7.7	7.53017658274007	-999.9	0.8	3.39120370370369	2.28581850783096	330
HARRINGTON_CDA_CS	2009	3	5	64	-13.4	-5.5	9.58985531269384	-999.9	0	5.03472222222222	2.32208301389064	330
HARRINGTON_CDA_CS	2009	3	6	65	-12.4	2.5	13.3421664289474	-999.9	17.5	4.95370370370369	3.63228049408823	330
HARRINGTON_CDA_CS	2009	3	7	66	-0.7	5.4	8.64744761658099	-999.9	0.6	3.62962962962964	6.00533913600371	330
HARRINGTON_CDA_CS	2009	3	8	67	-1	2.3	6.44204403331351	-999.9	5.3	2.01388888888889	5.8110530745281	330
HARRINGTON_CDA_CS	2009	3	9	68	-9.2	-0.5	10.5930934504526	-999.9	0	5.15046296296297	3.69544563928657	330
HARRINGTON_CDA_CS	2009	3	10	69	-9.2	-1.7	9.95960146766524	-999.9	0	2.63888888888889	3.23876238019123	330
HARRINGTON_CDA_CS	2009	3	11	70	-9	3.8	13.1739239756346	-999.9	3.5	6.44675925925925	4.29758824023706	330
HARRINGTON_CDA_CS	2009	3	12	71	-12.6	4.4	15.3703306496811	-999.9	0.2	7.04861111111111	2.64264068132397	330
HARRINGTON_CDA_CS	2009	3	13	72	-14.7	-7.7	9.98401457506154	-999.9	0	5.85648148148147	1.26867161784654	330
HARRINGTON_CDA_CS	2009	3	14	73	-10.2	2.5	13.6114223025729	-999.9	0	4.91898148148147	3.20419731036957	330
HARRINGTON_CDA_CS	2009	3	15	74	-8.8	-1.2	10.6561703554695	-999.9	0	3.93518518518519	2.79039623962755	330
HARRINGTON_CDA_CS	2009	3	16	75	-11.1	-3	11.1320745140874	-999.9	0	3.00724637681158	2.32952992845956	330
HARRINGTON_CDA_CS	2009	3	17	76	-10.7	0.3	13.1254749771588	-999.9	0	2.46527777777778	2.9483364080893	330
HARRINGTON_CDA_CS	2009	3	18	77	-4.6	5.3	12.5969847808229	-999.9	0.2	6.11111111111111	4.34110914938328	330
HARRINGTON_CDA_CS	2009	3	19	78	-4.2	5.7	12.7421168044445	-999.9	0.6	5.59027777777778	5.12422039482847	330
HARRINGTON_CDA_CS	2009	3	20	79	-8.8	-3.8	9.15857887239488	-999.9	0	3.58796296296297	2.62174778158172	330
HARRINGTON_CDA_CS	2009	3	21	80	-9.2	-2.7	10.5599657458504	-999.9	0	3.15972222222222	3.02117458044177	330
HARRINGTON_CDA_CS	2009	3	22	81	-9.1	2.8	14.4472521410089	-999.9	3.2	2.93981481481481	3.81089705637788	330
HARRINGTON_CDA_CS	2009	3	23	82	-5.5	-1.3	8.67731078246555	-999.9	2.3	4.25925925925925	4.28593122399284	330
HARRINGTON_CDA_CS	2009	3	24	83	-3.6	-1.3	6.4910595285787	-999.9	1.9	10.2893518518519	4.52116486159153	330
HARRINGTON_CDA_CS	2009	3	25	84	-4.8	-2.5	6.56068014909738	-999.9	0	9.34027777777778	4.01952150796711	330
HARRINGTON_CDA_CS	2009	3	26	85	-4.6	-0.7	8.6336082985188	-999.9	0	5.65217391304347	4.43375856256168	330
HARRINGTON_CDA_CS	2009	3	27	86	-4	2.2	10.9994896497016	-999.9	0	1.49305555555556	5.18014157999903	330
HARRINGTON_CDA_CS	2009	3	28	87	-0.2	8.8	13.389240424799	-999.9	0	3.03240740740742	6.13492737005061	330
HARRINGTON_CDA_CS	2009	3	29	88	-0.7	6.5	12.0976239582494	-999.9	0	3.28703703703703	6.03364378851855	330
HARRINGTON_CDA_CS	2009	3	30	89	-1.7	1.9	8.64022842387814	-999.9	12.2	7.06018518518519	5.77268094096886	330
HARRINGTON_CDA_CS	2009	3	31	90	-4.7	0.3	10.2834770188687	-999.9	3	8.30917874396136	4.77377352791429	330
HARRINGTON_CDA_CS	2009	4	1	91	-6.2	2	13.2979187498716	-999.9	0	2.22222222222222	4.2470423409597	330
HARRINGTON_CDA_CS	2009	4	2	92	0.1	6.8	12.1360290708152	-999.9	0	4.54861111111111	6.73558490681515	330
HARRINGTON_CDA_CS	2009	4	3	93	1.8	9.4	13.0481547912801	-999.9	9.4	4.46759259259258	8.78001758338992	330
HARRINGTON_CDA_CS	2009	4	4	94	2.6	13.3	15.6270824837258	-999.9	9.7	6.75925925925925	10.0671398115192	330
HARRINGTON_CDA_CS	2009	4	5	95	1.4	5.2	9.39857773999319	-999.9	0.8	3.93518518518519	7.15294330841682	330
HARRINGTON_CDA_CS	2009	4	6	96	-0.8	2.3	8.56596199305108	-999.9	0.2	3.21759259259258	6.13768333912558	330
HARRINGTON_CDA_CS	2009	4	7	97	0	10.8	16.1314276088504	-999.9	6.8	7.95138888888889	8.70770723752026	330
HARRINGTON_CDA_CS	2009	4	8	98	2	7.5	11.6131125133091	-999.9	0	5.37037037037036	6.61257136922523	330
HARRINGTON_CDA_CS	2009	4	9	99	1.3	8.6	13.4950934031905	-999.9	0	5.45138888888889	6.01196119163817	330
HARRINGTON_CDA_CS	2009	4	10	100	-1.4	8.7	16.0089643153716	-999.9	0	2.80092592592592	5.67827983725613	330
HARRINGTON_CDA_CS	2009	4	11	101	-1.9	6.4	14.6342578612655	-999.9	5.5	2.01388888888889	5.54024515486247	330
HARRINGTON_CDA_CS	2009	4	12	102	-0.4	0.5	4.85873452255767	-999.9	13.9	5.02314814814814	6.11785686514995	330
HARRINGTON_CDA_CS	2009	4	13	103	-0.5	0.6	5.41514151978371	-999.9	2	5.16203703703703	6.06376213076336	330
HARRINGTON_CDA_CS	2009	4	14	104	-0.8	2.2	9.01419814362622	-999.9	0.9	4.67592592592592	5.62811251477444	330
HARRINGTON_CDA_CS	2009	4	15	105	-1.5	3	11.1267250219391	-999.9	0	4.09722222222222	4.44406210868254	330
HARRINGTON_CDA_CS	2009	4	16	106	-4.6	0.2	11.5802556070569	-999.9	0	5.46296296296297	3.67382222184713	330
HARRINGTON_CDA_CS	2009	4	17	107	-2.8	5.5	15.3431664592002	-999.9	4	2.93981481481481	4.73640442819991	330
HARRINGTON_CDA_CS	2009	4	18	108	-4	0.6	11.5073543883925	-999.9	0.2	3.37962962962964	4.56395908316503	330
HARRINGTON_CDA_CS	2009	4	19	109	-4	2.2	13.4572229851178	-999.9	0	2.88194444444444	4.02341093592158	330
HARRINGTON_CDA_CS	2009	4	20	110	-2.9	6.4	16.5999484833251	-999.9	0	3.19444444444444	4.0094123835014	330
HARRINGTON_CDA_CS	2009	4	21	111	-1.6	10.6	19.1466898254446	-999.9	3.7	5.26315789473683	5.55867307745774	330
HARRINGTON_CDA_CS	2009	4	22	112	6.2	12.6	13.9635353084833	-999.9	12.2	8.83101851851853	11.2798455277221	330
HARRINGTON_CDA_CS	2009	4	23	113	4.5	11.6	14.8070834416054	-999.9	1.8	9.00462962962964	8.93383901282979	330
HARRINGTON_CDA_CS	2009	4	24	114	4	10.1	13.8160468507136	-999.9	0.3	5.3125	7.28060053009717	330
HARRINGTON_CDA_CS	2009	4	25	115	3.1	20.8	23.6879717436646	-999.9	0	4.81481481481481	8.2611857470379	330
HARRINGTON_CDA_CS	2009	4	26	116	0.9	15	21.2773359847154	-999.9	1.2	6.78240740740742	7.51332681430364	330
HARRINGTON_CDA_CS	2009	4	27	117	-0.5	11.7	19.9158299803787	-999.9	0	3.49537037037036	4.76868748677398	330
HARRINGTON_CDA_CS	2009	4	28	118	4.8	23.4	24.7417478137855	-999.9	5.1	7.04861111111111	11.4289140938789	330
HARRINGTON_CDA_CS	2009	4	29	119	0.1	6	14.0184563022479	-999.9	0	6.74768518518519	4.5003982884663	330
HARRINGTON_CDA_CS	2009	4	30	120	0.5	8.7	16.6236556546404	-999.9	0	3.51851851851853	4.95891226888252	330
HARRINGTON_CDA_CS	2009	5	1	121	4.2	11.9	16.2015213741301	-999.9	3.1	7.69675925925925	8.75308354468958	330
HARRINGTON_CDA_CS	2009	5	2	122	3.7	14	18.8436725225015	-999.9	3.9	4.34027777777778	10.2570350406171	330
HARRINGTON_CDA_CS	2009	5	3	123	2.5	16.4	22.0108480793358	-999.9	0	4.02777777777778	8.08232244696858	330
HARRINGTON_CDA_CS	2009	5	4	124	4.1	18.3	22.3667145477569	-999.9	0	4.91898148148147	8.9762938939427	330
HARRINGTON_CDA_CS	2009	5	5	125	1.5	9.9	17.2930972910302	-999.9	2.4	3.58796296296297	4.89002168318705	330
HARRINGTON_CDA_CS	2009	5	6	126	2.7	11	17.2780228019472	-999.9	9.2	4.53703703703703	9.53354103641529	330
HARRINGTON_CDA_CS	2009	5	7	127	3	7.2	12.3523188823307	-999.9	8.4	3.58796296296297	8.22639660722497	330
HARRINGTON_CDA_CS	2009	5	8	128	5.6	12.7	16.1387217710619	-999.9	2.7	3.34490740740742	11.1435181236776	330
HARRINGTON_CDA_CS	2009	5	9	129	6.1	19.3	22.1100920696662	-999.9	3.6	3.68055555555556	12.6804666466513	330
HARRINGTON_CDA_CS	2009	5	10	130	0.8	11.6	20.0921705981906	-999.9	13.4	6.51620370370369	9.05714122797399	330
HARRINGTON_CDA_CS	2009	5	11	131	0.9	7.5	15.7777968409248	-999.9	0.7	3.05555555555556	6.7443882161413	330
HARRINGTON_CDA_CS	2009	5	12	132	2.7	10.7	17.4472531859321	-999.9	0.2	1.51234567901234	6.93406993728532	330
HARRINGTON_CDA_CS	2009	5	13	133	2.4	18.1	24.5464155296331	-999.9	0	2.79320987654322	7.2901011249134	330
HARRINGTON_CDA_CS	2009	5	14	134	6.1	20.2	23.3589191458373	-999.9	0.7	7.08333333333333	7.49058232045945	330
HARRINGTON_CDA_CS	2009	5	15	135	6.5	17.3	20.5262198106484	-999.9	0	7.38425925925925	10.9930259869672	330
HARRINGTON_CDA_CS	2009	5	16	136	4.9	13.9	18.8114152509128	-999.9	0	3.92361111111111	7.5939117529153	330
HARRINGTON_CDA_CS	2009	5	17	137	9.3	16	16.2925913875149	-999.9	0.7	8.66013071895425	13.6140744661193	330
HARRINGTON_CDA_CS	2009	5	18	138	3.2	10.1	16.5975365872775	-999.9	10.2	4.00462962962964	8.85316501760736	330
HARRINGTON_CDA_CS	2009	5	19	139	3.4	10.9	17.3659552137786	-999.9	9.2	3.35648148148147	9.19201446368712	330
HARRINGTON_CDA_CS	2009	5	20	140	5.2	10.8	15.0577877574109	-999.9	0	4.35185185185186	7.10489626466109	330
HARRINGTON_CDA_CS	2009	5	21	141	6.7	26.6	28.4802086936827	-999.9	0	5.42824074074075	11.2696575341676	330
HARRINGTON_CDA_CS	2009	5	22	142	5.1	22.3	26.5632296771142	-999.9	0	4.51388888888889	9.98816189593223	330
HARRINGTON_CDA_CS	2009	5	23	143	5.4	12.8	17.4776597861201	-999.9	0	3.44907407407408	7.74175024017126	330
HARRINGTON_CDA_CS	2009	5	24	144	5.9	18.3	22.6923752804169	-999.9	0.4	5.17361111111111	11.1802687879306	330
HARRINGTON_CDA_CS	2009	5	25	145	4.4	16	22.0115641640238	-999.9	3	5.32407407407408	9.54848889276172	330
HARRINGTON_CDA_CS	2009	5	26	146	0.2	10	20.2879897782492	-999.9	0	5.20833333333333	5.84081510673837	330
HARRINGTON_CDA_CS	2009	5	27	147	2	12.8	21.3546945628611	-999.9	0.4	2.5462962962963	6.84578174709507	330
HARRINGTON_CDA_CS	2009	5	28	148	5.3	13.9	19.104594080038	-999.9	1.2	2.02546296296296	10.3723397346232	330
HARRINGTON_CDA_CS	2009	5	29	149	5.1	15.1	20.6513020699249	-999.9	3.8	6.38888888888889	9.96578717674133	330
HARRINGTON_CDA_CS	2009	5	30	150	10.8	19.9	19.7459884648445	-999.9	1.4	3.63425925925925	16.8936843741318	330
HARRINGTON_CDA_CS	2009	5	31	151	11.7	21	20.0060999087671	-999.9	2.2	3.94675925925925	13.959309039871	330
HARRINGTON_CDA_CS	2009	6	1	152	7.6	13.3	15.6954339937265	-999.9	8.6	7.92824074074075	10.272926443436	330
HARRINGTON_CDA_CS	2009	6	2	153	10.9	17.8	17.3021719561678	-999.9	0	3.96825396825397	10.5977246103333	330
HARRINGTON_CDA_CS	2009	6	3	154	7.3	19.7	23.2385117038582	-999.9	0	3.40277777777778	9.76833991115635	330
HARRINGTON_CDA_CS	2009	6	4	155	6.5	21.5	25.6045367414318	-999.9	0	3.00925925925925	10.0242488841158	330
HARRINGTON_CDA_CS	2009	6	5	156	5.5	22.4	27.2233154136234	-999.9	0	4.0625	9.93731410393332	330
HARRINGTON_CDA_CS	2009	6	6	157	11.9	19.6	18.4044160319247	-999.9	1.5	3.79629629629631	12.8790777515716	330
HARRINGTON_CDA_CS	2009	6	7	158	6.9	18	22.1294147942247	-999.9	0.2	2.97453703703703	10.8113005833946	330
HARRINGTON_CDA_CS	2009	6	8	159	7	16	19.9532796862085	-999.9	0	3.48379629629631	9.58227470483668	330
HARRINGTON_CDA_CS	2009	6	9	160	5.6	12	16.8469209576728	-999.9	0	3.77314814814814	9.12175428668927	330
HARRINGTON_CDA_CS	2009	6	10	161	5.6	13.6	18.856716021217	-999.9	0	2.68518518518519	9.50714456871682	330
HARRINGTON_CDA_CS	2009	6	11	162	9.1	15.4	16.7507760480244	-999.9	3.8	5.21990740740742	13.0040419300815	330
HARRINGTON_CDA_CS	2009	6	12	163	10.2	17.8	18.4148500696688	-999.9	93.7	4.0625	15.5278891987437	330
HARRINGTON_CDA_CS	2009	6	13	164	9.6	15.3	15.9605832992362	-999.9	0	3.39120370370369	13.309481088363	330
HARRINGTON_CDA_CS	2009	6	14	165	9.4	18.9	20.6194149657204	-999.9	0	1.38888888888889	14.6940561058684	330
HARRINGTON_CDA_CS	2009	6	15	166	9.1	20	22.0995946449969	-999.9	0	2.10648148148148	12.4721669714727	330
HARRINGTON_CDA_CS	2009	6	16	167	10	19.9	21.0716500072157	-999.9	0	2.90509259259258	11.7993225709773	330
HARRINGTON_CDA_CS	2009	6	17	168	10.1	23.5	24.5243012414232	-999.9	0	4.95370370370369	11.4535106428037	330
HARRINGTON_CDA_CS	2009	6	18	169	13.1	25.2	23.3106116717848	-999.9	0	5.15046296296297	12.7891324069209	330
HARRINGTON_CDA_CS	2009	6	19	170	13.6	23.5	21.0886510747526	-999.9	0	4.30555555555556	14.004282471895	330
HARRINGTON_CDA_CS	2009	6	20	171	14.7	23.8	20.219742705196	-999.9	1.1	5.43981481481481	17.5333649568421	330
HARRINGTON_CDA_CS	2009	6	21	172	13.3	19.3	16.4175295501099	-999.9	0.6	5.70601851851853	16.692864448104	330
HARRINGTON_CDA_CS	2009	6	22	173	11.5	14.3	11.2135208550306	-999.9	12.8	5.74074074074075	14.067726838457	330
HARRINGTON_CDA_CS	2009	6	23	174	11.7	18	16.8158029589972	-999.9	4.6	3.05555555555556	16.4654479918174	330
HARRINGTON_CDA_CS	2009	6	24	175	13.2	23.2	21.1780152110546	-999.9	1.1	0.960648148148147	19.9440481487509	330
HARRINGTON_CDA_CS	2009	6	25	176	16.6	26.4	20.9551021430064	-999.9	0	2.39583333333333	23.0237285433093	330
HARRINGTON_CDA_CS	2009	6	26	177	16.6	24.2	18.4428737620985	-999.9	0	3.35648148148147	20.0843913931126	330
HARRINGTON_CDA_CS	2009	6	27	178	17.3	25.8	19.490809225354	-999.9	0	1.52777777777778	22.0748006457758	330
HARRINGTON_CDA_CS	2009	6	28	179	14.7	22.6	18.7752664059698	-999.9	0	4.36342592592592	18.7655303639337	330
HARRINGTON_CDA_CS	2009	6	29	180	14.6	19.2	14.3138729757695	-999.9	5	6.05324074074075	18.1555275673797	330
HARRINGTON_CDA_CS	2009	6	30	181	13.9	19.4	15.6357519194099	-999.9	4.8	3.49537037037036	17.6878746337253	330
HARRINGTON_CDA_CS	2009	7	1	182	13.6	18.6	14.8913847973118	-999.9	0.7	4.20138888888889	16.4736231682841	330
HARRINGTON_CDA_CS	2009	7	2	183	13.7	19.9	16.5619712338914	-999.9	0	3.11342592592592	17.2002755914642	330
HARRINGTON_CDA_CS	2009	7	3	184	14.5	23.1	19.4798184289197	-999.9	21.7	4.62962962962964	20.0906733442287	330
HARRINGTON_CDA_CS	2009	7	4	185	16.8	21.5	14.3799528018509	-999.9	20.8	3.48379629629631	20.6695424236883	330
HARRINGTON_CDA_CS	2009	7	5	186	12	19.5	18.1369944583994	-999.9	6.7	3.34490740740742	17.383052977477	330
HARRINGTON_CDA_CS	2009	7	6	187	9.3	13.8	14.0255645112133	-999.9	1.5	5.35879629629631	12.5087870284181	330
HARRINGTON_CDA_CS	2009	7	7	188	6.7	14.3	18.195059455383	-999.9	0.2	4.14351851851853	9.27798169665163	330
HARRINGTON_CDA_CS	2009	7	8	189	6.6	9.6	11.4101936900209	-999.9	0	0.396825396825397	9.6761742644956	330
HARRINGTON_CDA_CS	2009	7	9	190	4.4	20.8	26.6267639110761	-999.9	0	1.8287037037037	9.69231890692635	330
HARRINGTON_CDA_CS	2009	7	10	191	17.1	25.6	19.1281210404438	-999.9	0	3.42592592592592	14.498924582097	330
HARRINGTON_CDA_CS	2009	7	11	192	12.9	24.9	22.6776504441536	-999.9	0	4.07407407407408	14.4972201239038	330
HARRINGTON_CDA_CS	2009	7	12	193	13	21.7	19.2647965624767	-999.9	0	5.70601851851853	17.2859601318042	330
HARRINGTON_CDA_CS	2009	7	13	194	12.7	23.3	21.2132779857154	-999.9	7.1	3.62268518518519	18.9084710199914	330
HARRINGTON_CDA_CS	2009	7	14	195	12	20.4	18.8363659731387	-999.9	0	3.875	11.4832878791307	330
HARRINGTON_CDA_CS	2009	7	15	196	11.4	21.9	21.004251843965	-999.9	1.3	2.98611111111111	13.520407768585	330
HARRINGTON_CDA_CS	2009	7	16	197	12.6	21.2	18.9569833714222	-999.9	0.2	3.65740740740742	13.8139883664845	330
HARRINGTON_CDA_CS	2009	7	17	198	15.9	21.6	15.3892369889309	-999.9	4.8	4.22453703703703	18.5019395732211	330
HARRINGTON_CDA_CS	2009	7	18	199	17.4	23	15.2084662369553	-999.9	0	4.43287037037036	21.3926714812485	330
HARRINGTON_CDA_CS	2009	7	19	200	15.3	25	19.9545053237058	-999.9	0	4.42129629629631	20.1150536011184	330
HARRINGTON_CDA_CS	2009	7	20	201	14.6	25.1	20.6949912701696	-999.9	0	3.46064814814814	17.2075608010078	330
HARRINGTON_CDA_CS	2009	7	21	202	16.6	23.8	17.0806344583398	-999.9	0.3	2.24537037037037	18.6294514149206	330
HARRINGTON_CDA_CS	2009	7	22	203	15.6	22.6	16.7843844100845	-999.9	18.7	2.87037037037036	20.7757605637947	330
HARRINGTON_CDA_CS	2009	7	23	204	12.3	19.9	17.4274229538426	-999.9	0.4	4.57175925925925	16.2056971409189	330
HARRINGTON_CDA_CS	2009	7	24	205	12.3	19.3	16.664662882665	-999.9	8.4	3.90046296296297	16.0406472754268	330
HARRINGTON_CDA_CS	2009	7	25	206	14.7	20.6	15.2421291760274	-999.9	3.3	6.52777777777778	18.3350829749532	330
HARRINGTON_CDA_CS	2009	7	26	207	15.9	24.9	18.7526999718393	-999.9	0	3.25231481481481	20.6358849161387	330
HARRINGTON_CDA_CS	2009	7	27	208	17.1	26.4	18.9870525707413	-999.9	2.2	3.87731481481481	23.2423442010626	330
HARRINGTON_CDA_CS	2009	7	28	209	18	26.2	17.756074024964	-999.9	0	4.69907407407408	21.6461280522709	330
HARRINGTON_CDA_CS	2009	7	29	210	17.3	28.1	20.2920560748593	-999.9	0	3.33333333333333	21.4807095555021	330
HARRINGTON_CDA_CS	2009	7	30	211	18.3	24.5	15.3085544286253	-999.9	17.1	5.30092592592592	23.1497433388297	330
HARRINGTON_CDA_CS	2009	7	31	212	17.7	27.6	19.2588296519259	-999.9	11.7	3.92361111111111	22.7042212228224	330
HARRINGTON_CDA_CS	2009	8	1	213	17	25.5	17.7641851753951	-999.9	18.2	2.67361111111111	21.1324516867444	330
HARRINGTON_CDA_CS	2009	8	2	214	16	27.2	20.2963400451385	-999.9	0	2.95138888888889	19.8403342723403	330
HARRINGTON_CDA_CS	2009	8	3	215	17.6	25.2	16.6393951442326	-999.9	3.5	3.39120370370369	22.5312794449319	330
HARRINGTON_CDA_CS	2009	8	4	216	16.5	26.4	18.8981484265893	-999.9	0	2.73148148148148	19.5369103808789	330
HARRINGTON_CDA_CS	2009	8	5	217	16.3	26	18.6126027976564	-999.9	0	4.39814814814814	20.9821695473158	330
HARRINGTON_CDA_CS	2009	8	6	218	16.1	25.2	17.9353538366459	-999.9	0	2.69675925925926	17.9977336119219	330
HARRINGTON_CDA_CS	2009	8	7	219	14	24.1	18.7960302783087	-999.9	16.6	2.39583333333333	18.7777355051217	330
HARRINGTON_CDA_CS	2009	8	8	220	12.9	20	15.6746828037505	-999.9	2.1	3.87731481481481	14.1269799897404	330
HARRINGTON_CDA_CS	2009	8	9	221	13.4	23.8	18.8667932039095	-999.9	0	3.19444444444444	13.941523203455	330
HARRINGTON_CDA_CS	2009	8	10	222	14.5	17.8	10.5681183732017	-999.9	2.1	3.51851851851853	16.3633584167575	330
HARRINGTON_CDA_CS	2009	8	11	223	14.2	19.8	13.688037593486	-999.9	0	2.90509259259258	17.1361702641425	330
HARRINGTON_CDA_CS	2009	8	12	224	12.4	22.4	18.184467937786	-999.9	0.2	2.06018518518519	15.4637777344503	330
HARRINGTON_CDA_CS	2009	8	13	225	11.8	24.6	20.4505833511832	-999.9	0	2.69675925925926	16.2280374239726	330
HARRINGTON_CDA_CS	2009	8	14	226	14.7	27.2	20.0864081516184	-999.9	0	3.54166666666667	18.9260621692393	330
HARRINGTON_CDA_CS	2009	8	15	227	17.9	30.3	19.8815789760079	-999.9	0	3.85416666666667	21.1507959435132	330
HARRINGTON_CDA_CS	2009	8	16	228	18.1	23.9	13.51116268247	-999.9	0	3.35648148148147	20.1225971606975	330
HARRINGTON_CDA_CS	2009	8	17	229	19.3	28.7	17.0894090230131	-999.9	0	2.73148148148148	24.0704641835071	330
HARRINGTON_CDA_CS	2009	8	18	230	19.1	29.5	17.8570464300146	-999.9	0	3.95833333333333	23.4652266811811	330
HARRINGTON_CDA_CS	2009	8	19	231	20	28.1	15.6534660185767	-999.9	0	4.28240740740742	22.9217355088549	330
HARRINGTON_CDA_CS	2009	8	20	232	16.9	25.6	16.1119329685923	-999.9	0	2.65046296296296	19.129425925062	330
HARRINGTON_CDA_CS	2009	8	21	233	17.6	27.8	17.3241866225179	-999.9	0.9	3.62268518518519	19.7377825577155	330
HARRINGTON_CDA_CS	2009	8	22	234	21.4	28.5	14.3512983269448	-999.9	0	5.75231481481481	26.402775582704	330
HARRINGTON_CDA_CS	2009	8	23	235	15.5	23.5	15.1237866049304	-999.9	19.9	5.46296296296297	21.2048453510983	330
HARRINGTON_CDA_CS	2009	8	24	236	14.9	18.4	9.92995224992256	-999.9	1.7	1.63194444444444	16.7653056330454	330
HARRINGTON_CDA_CS	2009	8	25	237	13.3	22.5	15.9789593867554	-999.9	0.4	1.99074074074074	17.3234056093781	330
HARRINGTON_CDA_CS	2009	8	26	238	12.4	23.9	17.7291775385361	-999.9	0	5.54292929292931	17.0833160421248	330
HARRINGTON_CDA_CS	2009	8	27	239	9.5	17.7	14.8550849355034	-999.9	0	4.08564814814814	9.50637632060573	330
HARRINGTON_CDA_CS	2009	8	28	240	7.8	17.5	16.0297184742284	-999.9	0	3.35648148148147	9.76838273651918	330
HARRINGTON_CDA_CS	2009	8	29	241	7.8	16.7	15.2317549114469	-999.9	59.5	2.65046296296296	11.7712611488588	330
HARRINGTON_CDA_CS	2009	8	30	242	13.1	19.1	12.404761293203	-999.9	42.5	4.09722222222222	16.9635450468948	330
HARRINGTON_CDA_CS	2009	8	31	243	10.6	21.1	16.2745154607762	-999.9	0.2	3.53009259259258	15.2441816763353	330
HARRINGTON_CDA_CS	2009	9	1	244	9.2	17.5	14.3481445487964	-999.9	0	3.53009259259258	11.3513056206879	330
HARRINGTON_CDA_CS	2009	9	2	245	11.1	22.8	16.8902249088191	-999.9	0	4.35185185185186	13.5533002278364	330
HARRINGTON_CDA_CS	2009	9	3	246	14.2	23.6	15.0084088125533	-999.9	0	5.52083333333333	16.6355242399589	330
HARRINGTON_CDA_CS	2009	9	4	247	12.5	24	16.4547084876021	-999.9	0	3.56481481481481	16.7173621354781	330
HARRINGTON_CDA_CS	2009	9	5	248	11.5	18.3	12.5403174053967	-999.9	0	3.17129629629631	12.616658383743	330
HARRINGTON_CDA_CS	2009	9	6	249	6.6	15.9	14.5328416761827	-999.9	0	4.66435185185186	9.39454756374984	330
HARRINGTON_CDA_CS	2009	9	7	250	7.9	19	15.7314122080579	-999.9	0	5.16203703703703	10.5192527207615	330
HARRINGTON_CDA_CS	2009	9	8	251	10.6	21.3	15.3016197474348	-999.9	0	3.79629629629631	15.3038816986449	330
HARRINGTON_CDA_CS	2009	9	9	252	6.1	15.2	13.9780842423589	-999.9	0	4.50231481481481	8.87125322213921	330
HARRINGTON_CDA_CS	2009	9	10	253	5.6	15.7	14.5851620332891	-999.9	0	2.37654320987654	9.23316897869851	330
HARRINGTON_CDA_CS	2009	9	11	254	7.9	19.9	15.7437082248143	-999.9	0	4.36342592592592	10.544059375705	330
HARRINGTON_CDA_CS	2009	9	12	255	12	23.3	15.127381835803	-999.9	0	3.13657407407408	14.471498022745	330
HARRINGTON_CDA_CS	2009	9	13	256	13.9	17.8	8.79847473162923	-999.9	10.6	3.99305555555556	16.8086564443082	330
HARRINGTON_CDA_CS	2009	9	14	257	9.8	16.5	11.4157792145541	-999.9	4.1	3.48379629629631	12.6006829712814	330
HARRINGTON_CDA_CS	2009	9	15	258	8.6	15.8	11.7130546477094	-999.9	0.5	3.80787037037036	11.6286718281088	330
HARRINGTON_CDA_CS	2009	9	16	259	3.2	11.9	12.7421345896035	-999.9	0.4	3.27546296296297	8.15415358629749	330
HARRINGTON_CDA_CS	2009	9	17	260	2.7	15.5	15.293584448086	-999.9	0.2	2.1412037037037	8.5783041387032	330
HARRINGTON_CDA_CS	2009	9	18	261	5.6	19	15.4818120302261	-999.9	0.2	3.96990740740742	11.6515736943712	330
HARRINGTON_CDA_CS	2009	9	19	262	7.6	12.1	8.87532728291461	-999.9	7.8	4.94212962962964	9.80255892928628	330
HARRINGTON_CDA_CS	2009	9	20	263	6.9	16.1	12.5523408629245	-999.9	0	3.81944444444444	10.1158847891108	330
HARRINGTON_CDA_CS	2009	9	21	264	8.6	20.4	14.0594660179137	-999.9	0.3	2.26851851851852	12.5327533077546	330
HARRINGTON_CDA_CS	2009	9	22	265	9.2	21.5	14.2080507559288	-999.9	0	5.13888888888889	14.02439309395	330
HARRINGTON_CDA_CS	2009	9	23	266	15.5	21.6	9.89333730682611	-999.9	0	6.42361111111111	19.1236456546428	330
HARRINGTON_CDA_CS	2009	9	24	267	9.9	19	11.9464897596974	-999.9	10.3	3.90046296296297	15.6383121080007	330
HARRINGTON_CDA_CS	2009	9	25	268	8	13.8	9.42804458430606	-999.9	2.2	5.57870370370369	10.8885277288322	330
HARRINGTON_CDA_CS	2009	9	26	269	7	13.2	9.63470341561842	-999.9	0	3.01932367149758	8.52289427465994	330
HARRINGTON_CDA_CS	2009	9	27	270	9	15.1	9.44473504768459	-999.9	0	4.14351851851853	11.4047010192784	330
HARRINGTON_CDA_CS	2009	9	28	271	14	20.1	9.33297889478114	-999.9	25.7	4.59490740740742	18.3871481954972	330
HARRINGTON_CDA_CS	2009	9	29	272	12.4	19.9	10.2250483078953	-999.9	6.6	5.55555555555556	16.5097349750995	330
HARRINGTON_CDA_CS	2009	9	30	273	14.5	19.1	7.90231365151114	-999.9	0	3.61111111111111	14.7192939675237	330
HARRINGTON_CDA_CS	2009	10	1	274	7	18.5	12.3422306424576	-999.9	1.7	3.36805555555556	12.4051656454022	330
HARRINGTON_CDA_CS	2009	10	2	275	6.4	12.6	8.95078618261667	-999.9	0.2	2.30324074074074	9.75144373902847	330
HARRINGTON_CDA_CS	2009	10	3	276	7.7	14.6	9.32529611499651	-999.9	0	2.15277777777778	10.0725926522234	330
HARRINGTON_CDA_CS	2009	10	4	277	8.6	14.1	8.22139138670568	-999.9	23.3	4.27083333333333	11.9608295340603	330
HARRINGTON_CDA_CS	2009	10	5	278	10.6	13.2	5.5812406750129	-999.9	20.2	4.03935185185186	13.2137804413863	330
HARRINGTON_CDA_CS	2009	10	6	279	7.2	10.7	6.39312983892291	-999.9	0.4	3.88888888888889	9.93750282871112	330
HARRINGTON_CDA_CS	2009	10	7	280	6	13.2	9.05185720231987	-999.9	27.9	3.32175925925925	10.7174175753604	330
HARRINGTON_CDA_CS	2009	10	8	281	8.2	11.1	5.67048444226496	-999.9	21.5	7.33796296296297	10.7846108603529	330
HARRINGTON_CDA_CS	2009	10	9	282	6.6	11.2	7.04869795496315	-999.9	0.8	2.84722222222222	9.54619865873244	330
HARRINGTON_CDA_CS	2009	10	10	283	5.1	11	7.8781693772495	-999.9	10.4	3.76157407407408	10.0138529349675	330
HARRINGTON_CDA_CS	2009	10	11	284	3.7	11.1	8.70655737491429	-999.9	1.1	4.73379629629631	7.2981461797225	330
HARRINGTON_CDA_CS	2009	10	12	285	1.3	9.4	8.9881009207331	-999.9	0	5.01157407407408	5.85518245281534	330
HARRINGTON_CDA_CS	2009	10	13	286	0.7	8.4	8.64630938632419	-999.9	0.5	2.70833333333333	6.33619069431304	330
HARRINGTON_CDA_CS	2009	10	14	287	1.5	7	7.20930824447983	-999.9	8.2	5.26620370370369	6.25658315359269	330
HARRINGTON_CDA_CS	2009	10	15	288	-1.6	6.5	8.63078413136034	-999.9	0.2	3.79629629629631	5.1697793702301	330
HARRINGTON_CDA_CS	2009	10	16	289	-2.3	7.5	9.36454772055299	-999.9	4.4	4.02777777777778	5.73690907997446	330
HARRINGTON_CDA_CS	2009	10	17	290	3.2	8.3	6.66342283802508	-999.9	1	5.72916666666667	6.6682785386224	330
HARRINGTON_CDA_CS	2009	10	18	291	3	8.7	6.94804736207861	-999.9	7.7	3.54166666666667	7.0837644844029	330
HARRINGTON_CDA_CS	2009	10	19	292	4.1	7.4	5.2140123091459	-999.9	14	7.25694444444445	8.57074458002335	330
HARRINGTON_CDA_CS	2009	10	20	293	5.1	10.2	6.39247186353178	-999.9	0.2	2.70833333333333	7.97253630989221	330
HARRINGTON_CDA_CS	2009	10	21	294	2.9	9.3	7.06193345380987	-999.9	0	4.00462962962964	7.19819498432315	330
HARRINGTON_CDA_CS	2009	10	22	295	0.2	7.1	7.23088974910931	-999.9	20.6	2.62626262626263	6.85610484831309	330
HARRINGTON_CDA_CS	2009	10	23	296	2.2	4.7	4.29197261903518	-999.9	5.3	6.74768518518519	6.1244537884407	330
HARRINGTON_CDA_CS	2009	10	24	297	0	9.9	8.42195818468944	-999.9	16.1	4.40972222222222	7.01943009806934	330
HARRINGTON_CDA_CS	2009	10	25	298	5	16.9	9.10477103094007	-999.9	20.3	6.5625	10.7964038373298	330
HARRINGTON_CDA_CS	2009	10	26	299	2.5	7.3	5.70178148146716	-999.9	0	5.87962962962964	5.45543796532338	330
HARRINGTON_CDA_CS	2009	10	27	300	0.4	4.2	5.0023423544713	-999.9	0	3.55324074074075	4.66213440319309	330
HARRINGTON_CDA_CS	2009	10	28	301	1.2	5.9	5.48557917954051	-999.9	0	3.47222222222222	5.49279844753376	330
HARRINGTON_CDA_CS	2009	10	29	302	-1.5	4.9	6.31188249157515	-999.9	0	3.78472222222222	5.08803299431003	330
HARRINGTON_CDA_CS	2009	10	30	303	-2	9.8	8.45107441065779	-999.9	0	2.30324074074074	5.5864489200143	330
HARRINGTON_CDA_CS	2009	10	31	304	6.3	17.5	8.11880142959035	-999.9	1.4	7.93981481481481	10.8531359425943	330
HARRINGTON_CDA_CS	2009	11	1	305	4	15.5	8.11254723618629	-999.9	8.8	4.32870370370369	10.061442002749	330
HARRINGTON_CDA_CS	2009	11	2	306	1.8	7.7	5.73029135840508	-999.9	0	3.25231481481481	6.25620524753046	330
HARRINGTON_CDA_CS	2009	11	3	307	1.1	6.4	5.3561364616687	-999.9	11.2	2.38425925925926	7.51381379390436	330
HARRINGTON_CDA_CS	2009	11	4	308	-0.8	5.9	5.93934389466399	-999.9	0	3.83101851851853	5.52420261757884	330
HARRINGTON_CDA_CS	2009	11	5	309	-2.5	3.2	5.40323800006699	-999.9	0	2.30324074074074	4.21474575388879	330
HARRINGTON_CDA_CS	2009	11	6	310	0.8	4.1	4.05528535991287	-999.9	10.4	9.18981481481481	5.96866179511468	330
HARRINGTON_CDA_CS	2009	11	7	311	-3.4	2.2	5.21125682706391	-999.9	0	5.20833333333333	3.76499233484209	330
HARRINGTON_CDA_CS	2009	11	8	312	1.3	9.9	6.37121242038529	-999.9	0.3	5.10416666666667	7.29574933132141	330
HARRINGTON_CDA_CS	2009	11	9	313	4.8	13.8	6.4307723146813	-999.9	0	5.06944444444445	6.04808738175812	330
HARRINGTON_CDA_CS	2009	11	10	314	1.9	13.6	7.23523736947651	-999.9	0	4.56018518518519	8.02266479852558	330
HARRINGTON_CDA_CS	2009	11	11	315	-1	7.1	5.94119366139504	-999.9	0	3.88888888888889	5.57359475753988	330
HARRINGTON_CDA_CS	2009	11	12	316	-0.8	10	6.77130375284752	-999.9	0	3.55324074074075	5.83568487476226	330
HARRINGTON_CDA_CS	2009	11	13	317	-0.3	9.1	6.23614225292053	-999.9	0	2.02546296296296	6.3460977752318	330
HARRINGTON_CDA_CS	2009	11	14	318	0.9	9.8	5.99109017789799	-999.9	0	3.80787037037036	7.36401793104084	330
HARRINGTON_CDA_CS	2009	11	15	319	7	14.8	5.53845633585519	-999.9	18.7	4.69907407407408	12.2195902367656	330
HARRINGTON_CDA_CS	2009	11	16	320	3.7	12.3	5.74378047706642	-999.9	0	4.56018518518519	8.82838341919669	330
HARRINGTON_CDA_CS	2009	11	17	321	2.1	4.7	3.11977932445249	-999.9	0.6	5.27777777777778	5.55918189004772	330
HARRINGTON_CDA_CS	2009	11	18	322	-3.4	8.9	6.70447304803543	-999.9	0	4.68253968253969	5.48688508440669	330
HARRINGTON_CDA_CS	2009	11	19	323	1.4	10	5.54022527269136	-999.9	0	3.26388888888889	5.24259377946699	330
HARRINGTON_CDA_CS	2009	11	20	324	1.4	12.2	6.13694652800118	-999.9	9	5.03472222222222	8.70337273243015	330
HARRINGTON_CDA_CS	2009	11	21	325	5.5	10.2	4.00269757460615	-999.9	0	5.16203703703703	8.55004559055368	330
HARRINGTON_CDA_CS	2009	11	22	326	-3.4	5.7	5.50800131763294	-999.9	0	4.73379629629631	4.78874311802616	330
HARRINGTON_CDA_CS	2009	11	23	327	-4.3	4.4	5.32737831171804	-999.9	0	2.32638888888889	5.05656969527973	330
HARRINGTON_CDA_CS	2009	11	24	328	0.8	6.8	4.37750008725721	-999.9	0.2	1.43518518518519	7.14131118956163	330
HARRINGTON_CDA_CS	2009	11	25	329	4.8	9.9	3.994415674907	-999.9	2.1	2.96296296296297	9.87016109666131	330
HARRINGTON_CDA_CS	2009	11	26	330	5.4	9.3	3.45815160527675	-999.9	0.4	2.90509259259258	9.88739402742807	330
HARRINGTON_CDA_CS	2009	11	27	331	5.2	14	5.14431341125677	-999.9	12.9	4.81481481481481	11.7376477131922	330
HARRINGTON_CDA_CS	2009	11	28	332	2.1	13.1	5.69760593277387	-999.9	1.3	5.69444444444445	9.19362254909277	330
HARRINGTON_CDA_CS	2009	11	29	333	-1.2	3.7	3.76829129414172	-999.9	0.7	6.11111111111111	4.90195136479708	330
HARRINGTON_CDA_CS	2009	11	30	334	-1.5	9.1	5.49407739491886	-999.9	5.6	2.78935185185186	7.01714365478071	330
HARRINGTON_CDA_CS	2009	12	1	335	-3.8	2.8	4.29891496275794	-999.9	3.7	4.96527777777778	5.09703022432987	330
HARRINGTON_CDA_CS	2009	12	2	336	-3.6	2.3	4.03192128844368	-999.9	0	4.62962962962964	4.45692678796164	330
HARRINGTON_CDA_CS	2009	12	3	337	-1	11.5	5.82369549663015	-999.9	18.3	4.73379629629631	8.25227719788366	330
HARRINGTON_CDA_CS	2009	12	4	338	1.2	4.6	3.01511169357333	-999.9	0.5	3.41435185185186	6.86500180530817	330
HARRINGTON_CDA_CS	2009	12	5	339	-0.5	5.4	3.94436413801212	-999.9	5.3	2.52314814814815	6.78897018541762	330
HARRINGTON_CDA_CS	2009	12	6	340	-5.2	2.2	4.38858560926758	-999.9	8	7.63888888888889	5.06707647105828	330
HARRINGTON_CDA_CS	2009	12	7	341	-7.9	-3.1	3.51286503672739	-999.9	1.2	4.03935185185186	3.48175452099256	330
HARRINGTON_CDA_CS	2009	12	8	342	-9.6	-3.4	3.96960040423607	-999.9	0	3.21759259259258	3.15020552390428	330
HARRINGTON_CDA_CS	2009	12	9	343	-7.4	0.3	4.40035524249281	-999.9	2.4	3.84259259259258	4.0085459135748	330
HARRINGTON_CDA_CS	2009	12	10	344	-1.2	5.4	4.0540607625214	-999.9	3.8	7.52314814814814	6.18166779207538	330
HARRINGTON_CDA_CS	2009	12	11	345	-7.7	-1.1	4.03602245700555	-999.9	0	8.29861111111111	2.88467795804596	330
HARRINGTON_CDA_CS	2009	12	12	346	-10.6	-6.8	3.05018959445605	-999.9	0	8.29861111111111	1.97578025752723	330
HARRINGTON_CDA_CS	2009	12	13	347	-10.5	-0.2	5.00379661035461	-999.9	3.5	5.04629629629631	2.797752857063	330
HARRINGTON_CDA_CS	2009	12	14	348	-5	1.4	3.93198452417583	-999.9	5.1	3.19444444444444	5.04155210102922	330
HARRINGTON_CDA_CS	2009	12	15	349	-3.5	1.5	3.46612578244018	-999.9	2.5	1.84027777777778	5.41813675848248	330
HARRINGTON_CDA_CS	2009	12	16	350	-14.2	1.7	6.16728181058286	-999.9	7.2	4.65277777777778	3.61129770645921	330
HARRINGTON_CDA_CS	2009	12	17	351	-15.8	-12.3	2.88845091188451	-999.9	0.4	4.59490740740742	1.69765442396119	330
HARRINGTON_CDA_CS	2009	12	18	352	-12.8	-8.5	3.19743622125045	-999.9	0.2	5.42824074074075	2.22871081508195	330
HARRINGTON_CDA_CS	2009	12	19	353	-12.5	-7	3.61316261430097	-999.9	0.3	2.63888888888889	2.35067857560861	330
HARRINGTON_CDA_CS	2009	12	20	354	-7.1	0.8	4.3287308308176	-999.9	0.5	4.15509259259258	4.11399067167835	330
HARRINGTON_CDA_CS	2009	12	21	355	0.7	1.8	1.61542537256741	-999.9	3.7	5.57870370370369	6.51158926280782	330
HARRINGTON_CDA_CS	2009	12	22	356	0.9	2.9	2.17947410430744	-999.9	3	5.625	6.63648823910595	330
HARRINGTON_CDA_CS	2009	12	23	357	1.6	3	1.82536293012236	-999.9	3.2	4.66435185185186	6.82874443652166	330
HARRINGTON_CDA_CS	2009	12	24	358	-2.3	1.8	3.1284367266326	-999.9	0.2	6.59722222222222	5.37954178377729	330
HARRINGTON_CDA_CS	2009	12	25	359	-2.6	-1.1	1.89597316130119	-999.9	0.7	5.02314814814814	4.57726243760923	330
HARRINGTON_CDA_CS	2009	12	26	360	-2.1	-0.8	1.76933085955668	-999.9	0	2.87037037037036	4.51934635953276	330
HARRINGTON_CDA_CS	2009	12	27	361	-2.8	4.4	4.17592529247059	-999.9	1.7	4.59490740740742	5.54965804791576	330
HARRINGTON_CDA_CS	2009	12	28	362	-1.3	6.5	4.36093323012493	-999.9	2.6	4.84953703703703	6.66171978604235	330
HARRINGTON_CDA_CS	2009	12	29	363	-10.9	1.3	5.47459892785502	-999.9	8.2	5.61342592592592	4.08545687744361	330
HARRINGTON_CDA_CS	2009	12	30	364	-12.2	-10.7	1.9277496782172	-999.9	0.6	7.32638888888889	2.10905181247716	330
HARRINGTON_CDA_CS	2009	12	31	365	-13.1	-7.9	3.60602867738703	-999.9	0	3.125	2.33583492753766	330
