HARRINGTON_CDA_CS	2001	1	1	1	-1.2	0	1.74111627779099	-999.9	1.4	5.61342592592592	5.25585952175911	330
HARRINGTON_CDA_CS	2001	1	2	2	-5.5	-3	2.52697534539013	-999.9	0	3.31018518518519	3.29051753687461	330
HARRINGTON_CDA_CS	2001	1	3	3	-10.9	-5.5	3.7359645992827	-999.9	0.7	4.27083333333333	2.47962919303743	330
HARRINGTON_CDA_CS	2001	1	4	4	-14.6	-1.4	5.87821343160665	-999.9	0.7	3.40277777777778	2.78434660085371	330
HARRINGTON_CDA_CS	2001	1	5	5	-9.1	-5.8	2.95897930443313	-999.9	0	3.14814814814814	2.4071155483368	330
HARRINGTON_CDA_CS	2001	1	6	6	-15.6	-1	6.26842237417133	-999.9	20.6	4.05092592592592	2.94140668196012	330
HARRINGTON_CDA_CS	2001	1	7	7	-3.9	-1.2	2.71598225812215	-999.9	11.1	10.9143518518519	5.3256768629239	330
HARRINGTON_CDA_CS	2001	1	8	8	-4.2	-3.2	1.66598285353427	-999.9	0	4.22453703703703	3.32088740390698	330
HARRINGTON_CDA_CS	2001	1	9	9	-10.3	-4.5	4.04546100639719	-999.9	0.8	1.2962962962963	3.03875170925914	330
HARRINGTON_CDA_CS	2001	1	10	10	-7.3	-3.7	3.21471447842984	-999.9	0.6	4.81481481481481	3.14154693399533	330
HARRINGTON_CDA_CS	2001	1	11	11	-14	-6	4.83528885793355	-999.9	1.9	3.54166666666667	2.29511900068392	330
HARRINGTON_CDA_CS	2001	1	12	12	-11.2	-6.5	3.74073697010924	-999.9	0	6.20370370370369	2.54217363659295	330
HARRINGTON_CDA_CS	2001	1	13	13	-16.6	-2.8	6.4717009464117	-999.9	1.3	4.375	2.19695310372201	330
HARRINGTON_CDA_CS	2001	1	14	14	-12.3	-2.3	5.56396791583902	-999.9	0	5.47453703703703	3.09915681740669	330
HARRINGTON_CDA_CS	2001	1	15	15	-11.9	-4.6	4.80266160819527	-999.9	1.9	3.05555555555556	2.32867355332776	330
HARRINGTON_CDA_CS	2001	1	16	16	-12.4	-2.4	5.68043794711374	-999.9	2.9	3.98148148148147	3.83878040555972	330
HARRINGTON_CDA_CS	2001	1	17	17	-5.4	-4.7	1.51919136130086	-999.9	1.4	3.78472222222222	3.14811024015904	330
HARRINGTON_CDA_CS	2001	1	18	18	-11.6	-8.3	3.33516620241107	-999.9	0.6	3.17129629629631	2.24912648667049	330
HARRINGTON_CDA_CS	2001	1	19	19	-13.5	-2.2	6.24176187649279	-999.9	4.9	4.52546296296297	2.77379365455267	330
HARRINGTON_CDA_CS	2001	1	20	20	-12.3	-11	2.14166987213909	-999.9	0	4.54861111111111	2.5229574443508	330
HARRINGTON_CDA_CS	2001	1	21	21	-17.1	-5.5	6.4732612743826	-999.9	0.6	4.75694444444444	2.23852379786963	330
HARRINGTON_CDA_CS	2001	1	22	22	-12.9	-9.4	3.59862739188623	-999.9	0.6	5.38194444444444	1.9195055319401	330
HARRINGTON_CDA_CS	2001	1	23	23	-17.6	-0.8	7.98098837701862	-999.9	0.6	5.55555555555556	2.52072506879483	330
HARRINGTON_CDA_CS	2001	1	24	24	-5.3	-0.2	4.45217092404359	-999.9	0	2.98611111111111	3.9948180166105	330
HARRINGTON_CDA_CS	2001	1	25	25	-10.1	-5	4.50855280943427	-999.9	0	2.43055555555556	2.00337239013917	330
HARRINGTON_CDA_CS	2001	1	26	26	-13.7	-4	6.29765768063811	-999.9	0	1.65509259259259	2.01740591576191	330
HARRINGTON_CDA_CS	2001	1	27	27	-16.1	-4.4	7.00645288109272	-999.9	0.8	1.45833333333333	1.80935200400439	330
HARRINGTON_CDA_CS	2001	1	28	28	-6.5	-3.2	3.76999333550075	-999.9	2.1	3.96990740740742	3.83079650350962	330
HARRINGTON_CDA_CS	2001	1	29	29	-9.1	-5.2	4.15294166474604	-999.9	0.6	4.21296296296297	2.22563433441879	330
HARRINGTON_CDA_CS	2001	1	30	30	-15.3	-1.8	7.83046056381041	-999.9	6.2	3.125	2.96126189092895	330
HARRINGTON_CDA_CS	2001	1	31	31	-9	-5.6	3.98299020060655	-999.9	1.9	6.81712962962964	2.82335789699138	330
HARRINGTON_CDA_CS	2001	2	1	32	-11	-5.1	5.15576019954554	-999.9	1	1.74768518518519	2.28768942189328	330
HARRINGTON_CDA_CS	2001	2	2	33	-13.3	-2.9	7.55746885216135	-999.9	2.7	1.72453703703704	3.08648441239266	330
HARRINGTON_CDA_CS	2001	2	3	34	-6.5	-3.1	3.71248606672529	-999.9	1.4	5.21990740740742	2.683918077529	330
HARRINGTON_CDA_CS	2001	2	4	35	-14.9	-4.4	7.06050122729486	-999.9	0	2.25694444444444	2.05546677271898	330
HARRINGTON_CDA_CS	2001	2	5	36	-15.7	-1.7	7.80791279211284	-999.9	7.9	2.47685185185185	2.75290004843792	330
HARRINGTON_CDA_CS	2001	2	6	37	-3.6	1.9	5.47320708553548	-999.9	6	9.05092592592592	4.72504031020742	330
HARRINGTON_CDA_CS	2001	2	7	38	-6.3	-3.7	3.70018382051302	-999.9	0.6	6.45833333333333	3.32285897605314	330
HARRINGTON_CDA_CS	2001	2	8	39	-5.9	-2.6	4.5958014970319	-999.9	0	6.64351851851853	3.02718913787478	330
HARRINGTON_CDA_CS	2001	2	9	40	-8.2	3.1	9.19141476212906	-999.9	5.6	3.15972222222222	2.85571537212232	330
HARRINGTON_CDA_CS	2001	2	10	41	-5.8	6.5	8.63037675245318	-999.9	1.2	9.32870370370369	4.15164758623385	330
HARRINGTON_CDA_CS	2001	2	11	42	-15.9	-8.6	6.73283694462263	-999.9	0.6	11.5740740740741	1.25557814356139	330
HARRINGTON_CDA_CS	2001	2	12	43	-14.9	-9.3	6.22487136816812	-999.9	0	5.83333333333333	1.60579876489872	330
HARRINGTON_CDA_CS	2001	2	13	44	-14.9	-3.3	7.66658366305416	-999.9	0	3.10185185185186	2.16569959344421	330
HARRINGTON_CDA_CS	2001	2	14	45	-15.2	1.1	10.7407217035177	-999.9	20.4	3.51851851851853	2.67183169563625	330
HARRINGTON_CDA_CS	2001	2	15	46	-6.4	1.2	7.56236854843787	-999.9	3.5	9.22453703703703	3.91943704511992	330
HARRINGTON_CDA_CS	2001	2	16	47	-10.4	-2.1	8.13506176878695	-999.9	0	3.96990740740742	2.45159364089497	330
HARRINGTON_CDA_CS	2001	2	17	48	-10.6	-1	7.87523975208396	-999.9	1.8	5.52083333333333	3.28302857466217	330
HARRINGTON_CDA_CS	2001	2	18	49	-15.6	-11.5	5.91654469817664	-999.9	0	6.34259259259258	1.26765485175255	330
HARRINGTON_CDA_CS	2001	2	19	50	-16	0	11.2073234166994	-999.9	1.1	6.07638888888889	2.23616495248196	330
HARRINGTON_CDA_CS	2001	2	20	51	-3.1	3.9	7.58881397298497	-999.9	0	6.01851851851853	5.4625669126188	330
HARRINGTON_CDA_CS	2001	2	21	52	-0.6	4.2	6.16998550452149	-999.9	4	5.64814814814814	3.25510683417077	330
HARRINGTON_CDA_CS	2001	2	22	53	-21.4	-17.2	5.67295847303286	-999.9	1	8.21759259259258	0.636350526906416	330
HARRINGTON_CDA_CS	2001	2	23	54	-22.6	-8.5	11.542724916903	-999.9	0	3.33333333333333	0.899037538244665	330
HARRINGTON_CDA_CS	2001	2	24	55	-11	-7.1	6.3594781907436	-999.9	0	9.15509259259258	1.97577327210423	330
HARRINGTON_CDA_CS	2001	2	25	56	-11.7	-4.9	9.95958240356756	-999.9	0	3.81944444444444	1.6577071778839	330
HARRINGTON_CDA_CS	2001	2	26	57	-9.1	-0.1	9.13727029621868	-999.9	10.7	5.17361111111111	3.60240410109813	330
HARRINGTON_CDA_CS	2001	2	27	58	-4.9	-3.4	3.45976166642048	-999.9	1.5	4.62962962962964	3.09982742457148	330
HARRINGTON_CDA_CS	2001	2	28	59	-13.9	-10.1	6.40235295293063	-999.9	0.5	4.83796296296297	1.26887954331834	330
HARRINGTON_CDA_CS	2001	3	1	60	-20	-9	10.73330189398	-999.9	0	1.80555555555556	1.00215030860588	330
HARRINGTON_CDA_CS	2001	3	2	61	-20.3	-6.5	12.1836524254694	-999.9	1.3	1.86342592592593	1.23515897659782	330
HARRINGTON_CDA_CS	2001	3	3	62	-12.7	-4.2	9.68966957343115	-999.9	2.1	1.43518518518519	2.41632973975569	330
HARRINGTON_CDA_CS	2001	3	4	63	-12.1	-0.9	11.2701363338086	-999.9	5.5	4.39814814814814	2.92053546389113	330
HARRINGTON_CDA_CS	2001	3	5	64	-4.9	-0.1	7.47513650532259	-999.9	0	2.55787037037037	4.68868860080571	330
HARRINGTON_CDA_CS	2001	3	6	65	-3.8	-1.2	5.57339589614577	-999.9	0	8.92361111111111	3.87501319203283	330
HARRINGTON_CDA_CS	2001	3	7	66	-3.9	-1.1	5.85871049411122	-999.9	0	10.1851851851852	3.70835764749212	330
HARRINGTON_CDA_CS	2001	3	8	67	-8.1	-1.8	8.90096296052059	-999.9	0	2.90509259259258	3.47274160083432	330
HARRINGTON_CDA_CS	2001	3	9	68	-9.6	0.9	11.6374499661886	-999.9	3.7	1.52777777777778	3.43996240767587	330
HARRINGTON_CDA_CS	2001	3	10	69	-4.6	2.1	9.41344804942817	-999.9	1.6	5.74074074074075	5.11639411618812	330
HARRINGTON_CDA_CS	2001	3	11	70	-2.9	3.5	9.31537097800728	-999.9	1.4	7.74305555555556	4.53193445287075	330
HARRINGTON_CDA_CS	2001	3	12	71	-2.9	-0.8	5.40217186710234	-999.9	0	4.84953703703703	3.25213563039305	330
HARRINGTON_CDA_CS	2001	3	13	72	-9	3.6	13.3949611669118	-999.9	8.7	3.27546296296297	3.01255289362437	330
HARRINGTON_CDA_CS	2001	3	14	73	-3.7	4.1	10.6671634400184	-999.9	0.8	5.10416666666667	6.17249179414146	330
HARRINGTON_CDA_CS	2001	3	15	74	-1.1	2	6.80573767801496	-999.9	0	6.45833333333333	4.07295216342857	330
HARRINGTON_CDA_CS	2001	3	16	75	-3.5	1.7	8.91939232507286	-999.9	0	7.10648148148147	3.78392218973576	330
HARRINGTON_CDA_CS	2001	3	17	76	-3.5	3	10.08963287441	-999.9	0	2.83816425120772	4.22965792827627	330
HARRINGTON_CDA_CS	2001	3	18	77	-2.3	1	7.27287255418571	-999.9	3	3.87731481481481	5.04368999661625	330
HARRINGTON_CDA_CS	2001	3	19	78	-0.6	0	3.13689231138378	-999.9	0	6.68981481481481	5.70478079242787	330
HARRINGTON_CDA_CS	2001	3	20	79	-2.7	1	7.87850744442053	-999.9	0	2.53472222222222	3.57428114095085	330
HARRINGTON_CDA_CS	2001	3	21	80	-8.1	5.4	15.2185303721519	-999.9	0	0.458937198067633	3.96309081766216	330
HARRINGTON_CDA_CS	2001	3	22	81	-6.4	2.2	12.2817710519831	-999.9	4.2	3.87731481481481	3.90228663815397	330
HARRINGTON_CDA_CS	2001	3	23	82	-2	1.5	7.92126475673197	-999.9	3.9	9.72222222222222	5.23688547656836	330
HARRINGTON_CDA_CS	2001	3	24	83	-0.1	0.7	3.82821805764611	-999.9	1.4	5.41666666666667	5.5982798862265	330
HARRINGTON_CDA_CS	2001	3	25	84	-2.4	0.5	7.36688594627293	-999.9	0	6.55797101449275	3.58465795568351	330
HARRINGTON_CDA_CS	2001	3	26	85	-6.8	2	12.9688472079256	-999.9	0	4.07407407407408	2.7534687503741	330
HARRINGTON_CDA_CS	2001	3	27	86	-6.6	2.1	13.0297570176319	-999.9	0	0.972222222222222	2.88606615946804	330
HARRINGTON_CDA_CS	2001	3	28	87	-7.3	0.7	12.6234969324166	-999.9	0	2.89351851851853	3.072581890729	330
HARRINGTON_CDA_CS	2001	3	29	88	-7.3	6.3	16.6265937996217	-999.9	0	1.77083333333333	3.84065251925803	330
HARRINGTON_CDA_CS	2001	3	30	89	-3.3	7.2	14.7559992110207	-999.9	9	1.62037037037037	4.62548454028185	330
HARRINGTON_CDA_CS	2001	3	31	90	-1.9	-0.7	5.03785429557307	-999.9	2.2	8.02083333333333	4.47905645150548	330
HARRINGTON_CDA_CS	2001	4	1	91	-3.1	-0.4	7.63059899441383	-999.9	2.6	7.08333333333333	4.18797336587974	330
HARRINGTON_CDA_CS	2001	4	2	92	-2.5	-0.4	6.79436469058538	-999.9	3.5	8.58796296296297	4.68742955082811	330
HARRINGTON_CDA_CS	2001	4	3	93	-2.3	-0.1	7.02026723518426	-999.9	0	10.462962962963	3.99255142863368	330
HARRINGTON_CDA_CS	2001	4	4	94	-3.3	4	12.9076578761042	-999.9	0	3.53009259259258	3.54048045706203	330
HARRINGTON_CDA_CS	2001	4	5	95	-4.9	6.3	16.1353856932731	-999.9	0	3.49537037037036	4.39589556782962	330
HARRINGTON_CDA_CS	2001	4	6	96	-2.4	-0.5	6.70613198561108	-999.9	0	4.40972222222222	2.37386650366796	330
HARRINGTON_CDA_CS	2001	4	7	97	-8	3.7	16.7901221880966	-999.9	0	4.82638888888889	3.13245513133872	330
HARRINGTON_CDA_CS	2001	4	8	98	-5.5	5.2	16.1979173186527	-999.9	0.7	1.77083333333333	3.31906332246261	330
HARRINGTON_CDA_CS	2001	4	9	99	-1.2	0.8	7.06365472481929	-999.9	9.6	4.29398148148147	4.54331194395187	330
HARRINGTON_CDA_CS	2001	4	10	100	-1.8	-0.1	6.5679072376081	-999.9	1.3	3.50694444444444	4.53804095170119	330
HARRINGTON_CDA_CS	2001	4	11	101	-2.7	1.1	9.90201215994341	-999.9	0	4.95370370370369	3.23994671668162	330
HARRINGTON_CDA_CS	2001	4	12	102	-7.6	1.3	15.2790699371604	-999.9	1.9	3.17129629629631	2.97053344493188	330
HARRINGTON_CDA_CS	2001	4	13	103	-2.3	2.5	11.3118617091879	-999.9	0.7	6.49305555555556	4.96166220557282	330
HARRINGTON_CDA_CS	2001	4	14	104	-0.7	0.2	4.93727966108527	-999.9	6.9	5.37037037037036	5.21366523755445	330
HARRINGTON_CDA_CS	2001	4	15	105	-1	1.7	8.61872414155992	-999.9	1.3	7.51157407407408	4.76101895836421	330
HARRINGTON_CDA_CS	2001	4	16	106	-1.1	3.4	11.2125342777391	-999.9	0	3.05555555555556	5.4047484298482	330
HARRINGTON_CDA_CS	2001	4	17	107	0.3	6.8	13.5779007216844	-999.9	2	2.83564814814814	4.7331015192882	330
HARRINGTON_CDA_CS	2001	4	18	108	-2.2	4	13.3595680671224	-999.9	9.7	4.09722222222222	4.86377274466529	330
HARRINGTON_CDA_CS	2001	4	19	109	-1.1	6.2	14.6022921777748	-999.9	0	6.13425925925925	4.58952898550632	330
HARRINGTON_CDA_CS	2001	4	20	110	-1.7	9.1	17.888632565859	-999.9	0	4.34027777777778	4.29869776411995	330
HARRINGTON_CDA_CS	2001	4	21	111	1.8	12.6	18.0146431734527	-999.9	0	3.95833333333333	5.54995138698609	330
HARRINGTON_CDA_CS	2001	4	22	112	3.1	7.7	11.8381630241443	-999.9	2.7	5.3125	6.92535277040101	330
HARRINGTON_CDA_CS	2001	4	23	113	0.8	9.3	16.2012980717842	-999.9	0	5.82175925925925	5.06486917975923	330
HARRINGTON_CDA_CS	2001	4	24	114	-1.2	12.5	20.7051872923989	-999.9	0	6.74768518518519	7.04042548406111	330
HARRINGTON_CDA_CS	2001	4	25	115	4.4	8.3	11.1192001215736	-999.9	0	4.39814814814814	5.02204956729047	330
HARRINGTON_CDA_CS	2001	4	26	116	-1.8	10.6	19.953474838994	-999.9	1.6	2.17592592592593	4.35681573443247	330
HARRINGTON_CDA_CS	2001	4	27	117	-0.4	2.1	9.01547262664771	-999.9	19.4	3.83101851851853	5.17893995398016	330
HARRINGTON_CDA_CS	2001	4	28	118	0.3	4.5	11.7570549776427	-999.9	0	5.85648148148147	4.62765286845302	330
HARRINGTON_CDA_CS	2001	4	29	119	-2.5	4.7	15.4860420647594	-999.9	0	3.11342592592592	3.12778707069354	330
HARRINGTON_CDA_CS	2001	4	30	120	-4.3	7.1	19.6007204057946	-999.9	0	3.87731481481481	3.85442224176596	330
HARRINGTON_CDA_CS	2001	5	1	121	-4	13.1	24.1439593200795	-999.9	0.7	2.74305555555556	4.4484639618558	330
HARRINGTON_CDA_CS	2001	5	2	122	1.1	10.7	18.1920881760109	-999.9	0.6	2.36111111111111	6.20906259759458	330
HARRINGTON_CDA_CS	2001	5	3	123	0.9	19.9	25.7339336345321	-999.9	0.7	3.72685185185186	8.10114719663332	330
HARRINGTON_CDA_CS	2001	5	4	124	9.8	15.1	13.664569622641	-999.9	0	5.40509259259258	7.02860414679843	330
HARRINGTON_CDA_CS	2001	5	5	125	2.8	9.2	15.0946528259775	-999.9	0	4.09722222222222	6.34935335574017	330
HARRINGTON_CDA_CS	2001	5	6	126	0.1	16.5	24.2871704440782	-999.9	0.6	3.72685185185186	4.34109669040781	330
HARRINGTON_CDA_CS	2001	5	7	127	4.2	21.7	25.2140653348801	-999.9	0	3.72685185185186	5.50776908103001	330
HARRINGTON_CDA_CS	2001	5	8	128	6.7	23.8	25.0459791856251	-999.9	0	3.29861111111111	6.86488160857375	330
HARRINGTON_CDA_CS	2001	5	9	129	4.9	21.9	25.0915821218673	-999.9	39.1	3.50694444444444	5.08276615454627	330
HARRINGTON_CDA_CS	2001	5	10	130	5	7.5	9.66685008622437	-999.9	38.4	5.99033816425119	7.20082315868582	330
HARRINGTON_CDA_CS	2001	5	11	131	3.7	8.5	13.4553503559938	-999.9	0.7	7.53472222222222	8.8042292911641	330
HARRINGTON_CDA_CS	2001	5	12	132	3.8	13.7	19.4088439022227	-999.9	0.6	3.48379629629631	10.3913875729247	330
HARRINGTON_CDA_CS	2001	5	13	133	8	16.8	18.377210573924	-999.9	5	3.81944444444444	13.8177977002391	330
HARRINGTON_CDA_CS	2001	5	14	134	7.7	9.3	7.86870345308174	-999.9	17	4.72222222222222	10.9887523069259	330
HARRINGTON_CDA_CS	2001	5	15	135	6.7	9.6	10.6364351500522	-999.9	0	7.17592592592592	9.83591638533104	330
HARRINGTON_CDA_CS	2001	5	16	136	4.1	8.2	12.6967375920979	-999.9	0	6.33101851851853	8.4015455545359	330
HARRINGTON_CDA_CS	2001	5	17	137	3.2	11.5	18.1339248050683	-999.9	0	6.64351851851853	8.13817787685258	330
HARRINGTON_CDA_CS	2001	5	18	138	2.9	12.9	19.9781358402703	-999.9	0	3.26388888888889	9.39093335979647	330
HARRINGTON_CDA_CS	2001	5	19	139	3.7	12.8	19.1261570011007	-999.9	0.6	3.24074074074075	9.05541425551335	330
HARRINGTON_CDA_CS	2001	5	20	140	2.6	12.6	20.1191276760622	-999.9	0	3.25231481481481	7.86854687515665	330
HARRINGTON_CDA_CS	2001	5	21	141	-0.5	17.4	27.0077283884005	-999.9	0	2.71990740740741	6.86438454481067	330
HARRINGTON_CDA_CS	2001	5	22	142	5.2	14.4	19.4248786561434	-999.9	0	4.31712962962964	8.27592237843668	330
HARRINGTON_CDA_CS	2001	5	23	143	1.4	18	26.1741120111797	-999.9	0.6	2.28009259259259	7.85296838853101	330
HARRINGTON_CDA_CS	2001	5	24	144	5.5	19.7	24.280992353806	-999.9	0	5.48611111111111	7.10819969221207	330
HARRINGTON_CDA_CS	2001	5	25	145	-0.2	24.4	32.0512648765767	-999.9	0	3.39120370370369	7.74831672786365	330
HARRINGTON_CDA_CS	2001	5	26	146	13.4	22.2	19.2231917603961	-999.9	0	3.32175925925925	9.55347663290826	330
HARRINGTON_CDA_CS	2001	5	27	147	7.3	24.6	27.0249626971943	-999.9	0	3.28703703703703	9.81008815859352	330
HARRINGTON_CDA_CS	2001	5	28	148	12.2	23.1	21.5062502420209	-999.9	1.6	6.42361111111111	16.2767720255139	330
HARRINGTON_CDA_CS	2001	5	29	149	12.8	21.1	18.8127178837436	-999.9	0	6.29629629629631	14.4709624333956	330
HARRINGTON_CDA_CS	2001	5	30	150	10.9	21.2	21.0060290450118	-999.9	12.9	4.05092592592592	14.0645646594483	330
HARRINGTON_CDA_CS	2001	5	31	151	8.5	14	15.3840785125963	-999.9	1	4.64120370370369	9.88714268420793	330
HARRINGTON_CDA_CS	2001	6	1	152	6.7	15.6	19.6111026870809	-999.9	0	3.06712962962964	9.73637926874904	330
HARRINGTON_CDA_CS	2001	6	2	153	4.9	18.1	23.9311210820765	-999.9	0.9	3.48379629629631	11.0046834906649	330
HARRINGTON_CDA_CS	2001	6	3	154	8.7	13.1	13.842795597191	-999.9	22.5	6.33101851851853	10.7446286388027	330
HARRINGTON_CDA_CS	2001	6	4	155	9.3	15.5	16.4614140154254	-999.9	11.7	6.34259259259258	12.7839352104812	330
HARRINGTON_CDA_CS	2001	6	5	156	9.5	18	19.3066589792929	-999.9	0	3.61111111111111	14.1520899977682	330
HARRINGTON_CDA_CS	2001	6	6	157	11.4	14	10.6945706375629	-999.9	0	3.125	12.3614910581821	330
HARRINGTON_CDA_CS	2001	6	7	158	9	13.8	14.5522135273229	-999.9	0	3.58796296296297	12.3087835811844	330
HARRINGTON_CDA_CS	2001	6	8	159	7	17.2	21.2418883247434	-999.9	0	3.68055555555556	8.61694376217732	330
HARRINGTON_CDA_CS	2001	6	9	160	4.1	17.5	24.3771511650273	-999.9	1.7	2.04861111111111	8.87640940560325	330
HARRINGTON_CDA_CS	2001	6	10	161	8.3	17.3	20.0005676542673	-999.9	0.6	3.78019323671497	10.6840150759669	330
HARRINGTON_CDA_CS	2001	6	11	162	4.5	21.5	27.5162418691451	-999.9	0	1.9212962962963	9.9521455216023	330
HARRINGTON_CDA_CS	2001	6	12	163	10.8	22.3	22.6521960290027	-999.9	0	4.58333333333333	13.1478120358763	330
HARRINGTON_CDA_CS	2001	6	13	164	14.8	23	19.1433640092433	-999.9	0.6	5.30092592592592	18.0332371497413	330
HARRINGTON_CDA_CS	2001	6	14	165	14.6	23.1	19.5040139593256	-999.9	0	3.05555555555556	14.0380602145581	330
HARRINGTON_CDA_CS	2001	6	15	166	14.9	21.7	17.4552275695908	-999.9	0	2.75462962962963	12.8181121086091	330
HARRINGTON_CDA_CS	2001	6	16	167	9.8	22.7	24.0533628110395	-999.9	0	2.77777777777778	12.4299570723509	330
HARRINGTON_CDA_CS	2001	6	17	168	10	26	26.7981142437482	-999.9	0	4.78009259259258	15.3262259264749	330
HARRINGTON_CDA_CS	2001	6	18	169	17.8	23.7	16.2774732475405	-999.9	0.6	4.34027777777778	15.9859469032125	330
HARRINGTON_CDA_CS	2001	6	19	170	12.9	23.9	22.2293900589253	-999.9	0	3.53009259259258	11.5013318978485	330
HARRINGTON_CDA_CS	2001	6	20	171	16.7	29.6	24.0740846854629	-999.9	0	5.17361111111111	16.0038779894782	330
HARRINGTON_CDA_CS	2001	6	21	172	14	18.8	14.6842848386629	-999.9	0	3.20601851851853	10.2250605011914	330
HARRINGTON_CDA_CS	2001	6	22	173	10	22.8	23.9755160794108	-999.9	0	3.31018518518519	12.7104802579082	330
HARRINGTON_CDA_CS	2001	6	23	174	14.2	24.6	21.6054842509382	-999.9	0	6.21527777777778	17.4209753622395	330
HARRINGTON_CDA_CS	2001	6	24	175	18.3	25.6	18.0945041281642	-999.9	14.7	5.84541062801933	22.1890485387958	330
HARRINGTON_CDA_CS	2001	6	25	176	17.2	24.8	18.4537035834277	-999.9	3	4.76851851851853	20.9935773693347	330
HARRINGTON_CDA_CS	2001	6	26	177	14.9	22.9	18.9219892301524	-999.9	0.7	3.46064814814814	14.3214410003554	330
HARRINGTON_CDA_CS	2001	6	27	178	12.9	29.7	27.4015448760566	-999.9	0	5.11574074074075	19.0273818334962	330
HARRINGTON_CDA_CS	2001	6	28	179	14.5	17.9	12.317200781841	-999.9	0	5.81018518518519	10.0707452132236	330
HARRINGTON_CDA_CS	2001	6	29	180	12.7	17.5	14.62173342129	-999.9	1.2	4.17824074074075	9.87055774377606	330
HARRINGTON_CDA_CS	2001	6	30	181	12.3	25.6	24.3143826367511	-999.9	28	6.07638888888889	17.4436880201435	330
HARRINGTON_CDA_CS	2001	7	1	182	13.7	21.8	18.9536385085873	-999.9	0.6	3.41435185185186	17.9335360608178	330
HARRINGTON_CDA_CS	2001	7	2	183	16.7	19.4	10.9294438523256	-999.9	1.6	6.48148148148147	12.9746906452475	330
HARRINGTON_CDA_CS	2001	7	3	184	10.3	21.4	22.1308027966884	-999.9	0	4.94212962962964	11.5446703034031	330
HARRINGTON_CDA_CS	2001	7	4	185	13.9	23	20.0091770834087	-999.9	0	5.46296296296297	14.5855680361318	330
HARRINGTON_CDA_CS	2001	7	5	186	15.4	22.7	17.8935338275526	-999.9	2.1	4.07407407407408	19.1847406096662	330
HARRINGTON_CDA_CS	2001	7	6	187	15.7	23.4	18.3467632077655	-999.9	11.7	3.31018518518519	19.8104858045025	330
HARRINGTON_CDA_CS	2001	7	7	188	11.9	20.6	19.4673263399851	-999.9	0.7	5.84490740740742	13.6003776727195	330
HARRINGTON_CDA_CS	2001	7	8	189	13.8	20.9	17.5534127005827	-999.9	0	4.02777777777778	15.048979897869	330
HARRINGTON_CDA_CS	2001	7	9	190	13.7	19.6	15.9697141981143	-999.9	0	4.84953703703703	14.3634449588614	330
HARRINGTON_CDA_CS	2001	7	10	191	13	19.3	16.467706692685	-999.9	0	4.75694444444444	16.0726000933207	330
HARRINGTON_CDA_CS	2001	7	11	192	15.9	23.7	18.2833063006583	-999.9	28.4	4.21296296296297	20.2823280311191	330
HARRINGTON_CDA_CS	2001	7	12	193	16.9	22.4	15.3174385116827	-999.9	0.7	4.30555555555556	18.2719127258143	330
HARRINGTON_CDA_CS	2001	7	13	194	13.3	22	19.2182782424955	-999.9	0	5.93915343915344	14.9580090543933	330
HARRINGTON_CDA_CS	2001	7	14	195	13.5	21.2	18.0344473943021	-999.9	0	3.37962962962964	15.6745948486917	330
HARRINGTON_CDA_CS	2001	7	15	196	13.5	24.8	21.7897270015661	-999.9	0	2.83816425120772	16.614887770628	330
HARRINGTON_CDA_CS	2001	7	16	197	12.8	20.1	17.4655165083644	-999.9	0	3.28703703703703	15.8688079196869	330
HARRINGTON_CDA_CS	2001	7	17	198	13.7	19.7	15.7890240057512	-999.9	0	2.61574074074074	15.847309775969	330
HARRINGTON_CDA_CS	2001	7	18	199	12.6	20.1	17.6003796611068	-999.9	0	2.2337962962963	14.2678887505493	330
HARRINGTON_CDA_CS	2001	7	19	200	10.5	21.2	20.9578625480082	-999.9	0	1.80555555555556	14.2619927297779	330
HARRINGTON_CDA_CS	2001	7	20	201	12.4	25.5	23.1156572254112	-999.9	0	2.62731481481481	13.9040460698613	330
HARRINGTON_CDA_CS	2001	7	21	202	15.5	29.5	23.8178067985556	-999.9	0.7	4.02777777777778	17.1664883168395	330
HARRINGTON_CDA_CS	2001	7	22	203	16.6	27.6	21.0403393518273	-999.9	0.8	6.13425925925925	16.6562099446381	330
HARRINGTON_CDA_CS	2001	7	23	204	16.8	27.6	20.7748670423603	-999.9	0	5.89120370370369	19.4723036110328	330
HARRINGTON_CDA_CS	2001	7	24	205	18.2	29.6	21.2666918460325	-999.9	17.9	6.51620370370369	22.6752312350676	330
HARRINGTON_CDA_CS	2001	7	25	206	17.7	24.1	15.8748495876484	-999.9	0	4.39814814814814	19.3319049275736	330
HARRINGTON_CDA_CS	2001	7	26	207	14	18.3	12.9621421060866	-999.9	0	2.85879629629631	12.4055763207366	330
HARRINGTON_CDA_CS	2001	7	27	208	10.1	16.8	16.1158597756606	-999.9	0	4.08564814814814	10.1514285863631	330
HARRINGTON_CDA_CS	2001	7	28	209	9.8	20.2	19.9966244520688	-999.9	0	2.26851851851852	12.9119532516411	330
HARRINGTON_CDA_CS	2001	7	29	210	12.9	22.1	18.7287196910109	-999.9	0	2.32638888888889	14.6975938982948	330
HARRINGTON_CDA_CS	2001	7	30	211	10.3	26	24.3606102852028	-999.9	0	2.48842592592593	15.0819115055717	330
HARRINGTON_CDA_CS	2001	7	31	212	11.6	25.7	22.9838008958149	-999.9	0	2.59259259259259	15.4291935086418	330
HARRINGTON_CDA_CS	2001	8	1	213	14.3	23.1	18.0749525083499	-999.9	0	3.71527777777778	15.4313084541444	330
HARRINGTON_CDA_CS	2001	8	2	214	11.6	30	26.0146286350055	-999.9	0	4.47916666666667	16.4959248941361	330
HARRINGTON_CDA_CS	2001	8	3	215	20	27.1	16.0827352774643	-999.9	0	4.35185185185186	18.0070886802734	330
HARRINGTON_CDA_CS	2001	8	4	216	14.2	23.9	18.7062840825366	-999.9	0	2.43055555555556	16.5485040866129	330
HARRINGTON_CDA_CS	2001	8	5	217	14.6	28.2	22.0389396892715	-999.9	0	2.55787037037037	19.0755775163112	330
HARRINGTON_CDA_CS	2001	8	6	218	17.1	30	21.3542394392684	-999.9	0	5.86805555555556	19.8593831197207	330
HARRINGTON_CDA_CS	2001	8	7	219	20	30.4	19.0731365800699	-999.9	1.1	5.96064814814814	21.0077598811369	330
HARRINGTON_CDA_CS	2001	8	8	220	16.9	25.9	17.6478108963783	-999.9	0	4.25925925925925	15.1015137216119	330
HARRINGTON_CDA_CS	2001	8	9	221	17.4	30.5	21.174690316435	-999.9	0	3.96990740740742	17.170469917818	330
HARRINGTON_CDA_CS	2001	8	10	222	21.1	32.1	19.2946560779579	-999.9	0	6.35416666666667	23.000774605694	330
HARRINGTON_CDA_CS	2001	8	11	223	14.3	23.3	17.3527548165279	-999.9	0	4.15509259259258	12.2820774673492	330
HARRINGTON_CDA_CS	2001	8	12	224	11.4	26.9	22.6394800068281	-999.9	0	2.22222222222222	13.5457484546504	330
HARRINGTON_CDA_CS	2001	8	13	225	16.2	24	15.9642315117773	-999.9	0	3.02083333333333	19.8131369643582	330
HARRINGTON_CDA_CS	2001	8	14	226	16.6	21.4	12.4470918810149	-999.9	0	2.38425925925926	17.3948552325474	330
HARRINGTON_CDA_CS	2001	8	15	227	14.1	24.8	18.4685125534059	-999.9	0	2.38425925925926	15.3516260561147	330
HARRINGTON_CDA_CS	2001	8	16	228	15.8	26.7	18.5221746677469	-999.9	0	3.03240740740742	19.3498022999903	330
HARRINGTON_CDA_CS	2001	8	17	229	15.5	25.4	17.5380262162537	-999.9	5.4	4.20138888888889	15.8891621494133	330
HARRINGTON_CDA_CS	2001	8	18	230	15.4	24.4	16.6117051087052	-999.9	0	4.47916666666667	20.3131928382028	330
HARRINGTON_CDA_CS	2001	8	19	231	16.9	24.6	15.2620674280292	-999.9	0	3.66898148148147	20.8891511749274	330
HARRINGTON_CDA_CS	2001	8	20	232	15.7	19.4	10.5072455610748	-999.9	0	2.56944444444444	17.015827688185	330
HARRINGTON_CDA_CS	2001	8	21	233	14.7	22.8	15.4381507365199	-999.9	0	3.44907407407408	18.9650457562629	330
HARRINGTON_CDA_CS	2001	8	22	234	19.6	25.5	13.0824180779844	-999.9	0	3.07870370370369	22.0532115986895	330
HARRINGTON_CDA_CS	2001	8	23	235	17.1	27.9	17.5722520957471	-999.9	2.1	3.24074074074075	20.7996983444464	330
HARRINGTON_CDA_CS	2001	8	24	236	15.6	19.1	9.92995224992256	-999.9	0	4.59490740740742	13.6502751143114	330
HARRINGTON_CDA_CS	2001	8	25	237	12.2	18	12.6872815033007	-999.9	0	3.18287037037036	8.32601103305545	330
HARRINGTON_CDA_CS	2001	8	26	238	10.4	23.1	18.6312300922992	-999.9	0	5.98379629629631	12.4771165203555	330
HARRINGTON_CDA_CS	2001	8	27	239	12.5	25	18.3410088144252	-999.9	2.3	4.46759259259258	16.870602974003	330
HARRINGTON_CDA_CS	2001	8	28	240	17	22.8	12.3952138722457	-999.9	0	2.39583333333333	19.2217410737157	330
HARRINGTON_CDA_CS	2001	8	29	241	14.8	20.5	12.1896817611058	-999.9	0	3.71527777777778	16.7761399864297	330
HARRINGTON_CDA_CS	2001	8	30	242	10.2	20.2	16.0144779674179	-999.9	0	3.27546296296297	11.0508567292965	330
HARRINGTON_CDA_CS	2001	8	31	243	12.4	26.6	18.9259457069093	-999.9	0	6.58564814814814	16.2558722901728	330
HARRINGTON_CDA_CS	2001	9	1	244	18.1	27.5	15.2693525980421	-999.9	15.2	5.75231481481481	20.1733960746571	330
HARRINGTON_CDA_CS	2001	9	2	245	11.1	17.8	12.7814434569057	-999.9	0	3.40277777777778	10.8598089427144	330
HARRINGTON_CDA_CS	2001	9	3	246	7.8	20.8	17.6499061419403	-999.9	0	3.48379629629631	11.8400763368785	330
HARRINGTON_CDA_CS	2001	9	4	247	12.6	23.1	15.7230183788406	-999.9	0	5.83333333333333	13.218264974784	330
HARRINGTON_CDA_CS	2001	9	5	248	13.1	16.4	8.73596816137604	-999.9	0.9	5.06944444444444	13.3235313412636	330
HARRINGTON_CDA_CS	2001	9	6	249	11.7	16.3	10.2208728087782	-999.9	0	5.15046296296297	8.30215831215102	330
HARRINGTON_CDA_CS	2001	9	7	250	5.5	23.8	20.1990882411637	-999.9	0	3.56481481481481	11.7005003806077	330
HARRINGTON_CDA_CS	2001	9	8	251	15.9	29.1	16.995442717946	-999.9	0	5.45138888888889	16.8389527098437	330
HARRINGTON_CDA_CS	2001	9	9	252	18.3	32	17.1509128821366	-999.9	0.6	4.62962962962964	20.814792092884	330
HARRINGTON_CDA_CS	2001	9	10	253	16.2	27.9	15.6979702698378	-999.9	0	4.93055555555556	19.6069071932595	330
HARRINGTON_CDA_CS	2001	9	11	254	18.1	23.9	10.9453689684835	-999.9	0	4.23611111111111	15.9782787568569	330
HARRINGTON_CDA_CS	2001	9	12	255	10.2	18.4	12.8863960163892	-999.9	0	3.24074074074075	8.61117115627014	330
HARRINGTON_CDA_CS	2001	9	13	256	7.9	21.2	16.2480373262195	-999.9	0	2.08333333333333	9.87546389078962	330
HARRINGTON_CDA_CS	2001	9	14	257	10.9	15.7	9.66248378471455	-999.9	0	4.01620370370369	10.3483613294121	330
HARRINGTON_CDA_CS	2001	9	15	258	6.3	17.7	14.7386038869141	-999.9	0.6	3.35648148148147	9.26509663007683	330
HARRINGTON_CDA_CS	2001	9	16	259	8	20.6	15.3344369535413	-999.9	0	4.42129629629631	10.9852016588266	330
HARRINGTON_CDA_CS	2001	9	17	260	9.3	22.7	15.6479229817508	-999.9	0	3.13657407407408	12.2426807621898	330
HARRINGTON_CDA_CS	2001	9	18	261	11.1	19.9	12.5461572665546	-999.9	0	4.21296296296297	13.5549477210418	330
HARRINGTON_CDA_CS	2001	9	19	262	12.1	16.1	8.36773880933187	-999.9	0	4.60648148148147	7.17094815044258	330
HARRINGTON_CDA_CS	2001	9	20	263	4.5	19.5	16.0278932038115	-999.9	0	2.33796296296296	8.68274566786349	330
HARRINGTON_CDA_CS	2001	9	21	264	11.8	22.1	13.1354947469016	-999.9	0	4.54861111111111	15.1466966902745	330
HARRINGTON_CDA_CS	2001	9	22	265	17.9	22.2	8.3927402777374	-999.9	3.1	6.27314814814814	21.2776228338418	330
HARRINGTON_CDA_CS	2001	9	23	266	18	22.9	8.85838372983529	-999.9	0	3.90046296296297	18.5946746777914	330
HARRINGTON_CDA_CS	2001	9	24	267	10.4	23.8	14.482428183561	-999.9	0	1.57407407407407	15.8419883742926	330
HARRINGTON_CDA_CS	2001	9	25	268	14.2	21.6	10.6385771225154	-999.9	0	2.30324074074074	16.9112316852072	330
HARRINGTON_CDA_CS	2001	9	26	269	13.6	21.4	10.7954419655129	-999.9	3.9	4.10879629629631	20.3317549952007	330
HARRINGTON_CDA_CS	2001	9	27	270	13	15.3	5.7933509466773	-999.9	0.7	4.54861111111111	15.4236580828752	330
HARRINGTON_CDA_CS	2001	9	28	271	9.1	13	7.45450891234857	-999.9	1.9	3.77314814814814	7.82176439004372	330
HARRINGTON_CDA_CS	2001	9	29	272	5.2	12.4	10.0074294208067	-999.9	0.6	3.29861111111111	8.93698169977912	330
HARRINGTON_CDA_CS	2001	9	30	273	5.3	16.3	12.220013622666	-999.9	0	2.33796296296296	8.86939543752536	330
HARRINGTON_CDA_CS	2001	10	1	274	5.6	17.9	12.7643085405085	-999.9	0	2.29166666666667	10.204392422979	330
HARRINGTON_CDA_CS	2001	10	2	275	7.4	21.3	13.402096421758	-999.9	0	3.33333333333333	11.9931734898632	330
HARRINGTON_CDA_CS	2001	10	3	276	7.1	17.7	11.5582216481221	-999.9	0	3.76157407407408	10.0212143065632	330
HARRINGTON_CDA_CS	2001	10	4	277	9.8	24	13.2101622310199	-999.9	0	5.77546296296297	16.3719668507265	330
HARRINGTON_CDA_CS	2001	10	5	278	13.3	21.4	9.85114215413603	-999.9	0	3.75	14.0260227894141	330
HARRINGTON_CDA_CS	2001	10	6	279	10.3	24	12.648522163042	-999.9	1.9	8.05555555555556	14.5837276284943	330
HARRINGTON_CDA_CS	2001	10	7	280	5.8	13.2	9.17671630331357	-999.9	0	4.02777777777778	7.96825383897137	330
HARRINGTON_CDA_CS	2001	10	8	281	4.1	11.7	9.17968884146546	-999.9	0	3.77314814814814	6.92310535389769	330
HARRINGTON_CDA_CS	2001	10	9	282	3.9	10.5	8.44310038456912	-999.9	0	4.47916666666667	5.23135528494345	330
HARRINGTON_CDA_CS	2001	10	10	283	4.8	15.9	10.8058963453544	-999.9	0	4.21296296296297	8.57795443348416	330
HARRINGTON_CDA_CS	2001	10	11	284	8.2	22	11.8896795484112	-999.9	0.7	4.23611111111111	12.0637487053468	330
HARRINGTON_CDA_CS	2001	10	12	285	12.2	21.7	9.73390791386374	-999.9	0	4.43287037037036	12.7750759423923	330
HARRINGTON_CDA_CS	2001	10	13	286	8.8	14.6	7.50411370147067	-999.9	0	3.53009259259258	9.91358486649621	330
HARRINGTON_CDA_CS	2001	10	14	287	5.6	17.6	10.6488540089114	-999.9	0	3.40277777777778	10.4511378963515	330
HARRINGTON_CDA_CS	2001	10	15	288	11.7	18.5	7.90791880122299	-999.9	3.4	7.61363636363636	15.60068980291	330
HARRINGTON_CDA_CS	2001	10	16	289	8.8	17.6	8.87391174870063	-999.9	12.8	3.00925925925925	10.3529648131804	330
HARRINGTON_CDA_CS	2001	10	17	290	6.9	17.8	9.74149324936261	-999.9	43.3	6.96759259259258	14.0499979356419	330
HARRINGTON_CDA_CS	2001	10	18	291	7.5	9.9	4.50848846864095	-999.9	0	7.40740740740742	6.87837348603979	330
HARRINGTON_CDA_CS	2001	10	19	292	1.6	11.6	9.07643040900273	-999.9	0	4.96527777777778	6.59263653797784	330
HARRINGTON_CDA_CS	2001	10	20	293	6.7	16	8.63227388865014	-999.9	0	5.11574074074075	10.3544641825005	330
HARRINGTON_CDA_CS	2001	10	21	294	5.5	16.2	9.13115095715123	-999.9	4.7	4.09722222222222	9.83772634092534	330
HARRINGTON_CDA_CS	2001	10	22	295	9.5	12.7	4.92427369770063	-999.9	0	5.34722222222222	7.97961154331892	330
HARRINGTON_CDA_CS	2001	10	23	296	0.5	10.3	8.49767224204293	-999.9	8.1	3.37962962962964	5.47894016621398	330
HARRINGTON_CDA_CS	2001	10	24	297	4.5	14.3	8.379315084433	-999.9	7.4	4.90740740740742	11.3020880733299	330
HARRINGTON_CDA_CS	2001	10	25	298	9.3	17	7.32387478120982	-999.9	0	4.375	13.5958685508912	330
HARRINGTON_CDA_CS	2001	10	26	299	8.4	14.6	6.48016098672986	-999.9	0	3.70370370370369	8.87055949593594	330
HARRINGTON_CDA_CS	2001	10	27	300	4.3	12.1	7.16685988723595	-999.9	0	2.88194444444444	7.99020054002477	330
HARRINGTON_CDA_CS	2001	10	28	301	1.3	8.2	6.64657798133998	-999.9	0	3.03240740740742	7.13971087405267	330
HARRINGTON_CDA_CS	2001	10	29	302	-0.1	8.8	7.4432725416598	-999.9	0	3.27546296296297	6.03662612204176	330
HARRINGTON_CDA_CS	2001	10	30	303	3.9	6.2	3.73108239619928	-999.9	1.5	5.84490740740742	5.42588448094888	330
HARRINGTON_CDA_CS	2001	10	31	304	0.4	4.9	5.14622967863568	-999.9	0	4.89583333333333	4.51005077348705	330
HARRINGTON_CDA_CS	2001	11	1	305	-2	11.4	8.75710823639532	-999.9	0.7	4.59490740740742	5.66897203119967	330
HARRINGTON_CDA_CS	2001	11	2	306	7.1	15.3	6.75550196642177	-999.9	0	6.16898148148147	13.0546970513441	330
HARRINGTON_CDA_CS	2001	11	3	307	12.1	15	3.96198381813696	-999.9	1.7	4.46759259259258	11.8611399938949	330
HARRINGTON_CDA_CS	2001	11	4	308	4.4	11.2	5.98350319334254	-999.9	0	2.07175925925926	9.76531416627475	330
HARRINGTON_CDA_CS	2001	11	5	309	7	10.1	3.98471731249071	-999.9	5.2	2.99768518518519	11.2354366870618	330
HARRINGTON_CDA_CS	2001	11	6	310	7.8	12.1	4.62912254288957	-999.9	3.6	4.50483091787439	9.56268438273265	330
HARRINGTON_CDA_CS	2001	11	7	311	3.6	7	4.06057860584786	-999.9	17.8	10.7175925925926	7.57320530677875	330
HARRINGTON_CDA_CS	2001	11	8	312	2.6	5.5	3.69974556552028	-999.9	0	7.47685185185186	4.15879286492848	330
HARRINGTON_CDA_CS	2001	11	9	313	-0.1	11	7.1417290269725	-999.9	4.8	6.70138888888889	7.77731657854747	330
HARRINGTON_CDA_CS	2001	11	10	314	1	4.9	4.1772662429181	-999.9	0	7.08333333333333	4.29937365088819	330
HARRINGTON_CDA_CS	2001	11	11	315	-0.6	1.1	2.72179655646465	-999.9	9.4	3.42592592592592	5.0575757088053	330
HARRINGTON_CDA_CS	2001	11	12	316	-4.8	-1	4.01654111319035	-999.9	0	4.91898148148147	3.35947163322366	330
HARRINGTON_CDA_CS	2001	11	13	317	-3.8	-0.5	3.69495417378055	-999.9	0	6.00694444444444	3.38393589415135	330
HARRINGTON_CDA_CS	2001	11	14	318	-4	2.9	5.27515710917822	-999.9	0.8	3.31018518518519	4.77910341749382	330
HARRINGTON_CDA_CS	2001	11	15	319	-2.5	7.6	6.30234424944261	-999.9	4.5	3.36805555555556	7.91009101534908	330
HARRINGTON_CDA_CS	2001	11	16	320	5.2	10.1	4.33557444259688	-999.9	3.3	6.64351851851853	6.87528970989241	330
HARRINGTON_CDA_CS	2001	11	17	321	-2.9	0.7	3.67103438157382	-999.9	0	5.33564814814814	3.06525647862173	330
HARRINGTON_CDA_CS	2001	11	18	322	-5.1	5.4	6.19450692896768	-999.9	0	3.25231481481481	4.35591408798676	330
HARRINGTON_CDA_CS	2001	11	19	323	2.2	10	5.27625163551443	-999.9	0.8	5.03472222222222	8.44127597692425	330
HARRINGTON_CDA_CS	2001	11	20	324	6.2	14.9	5.50807807764304	-999.9	6.8	7.15277777777778	8.84645722381662	330
HARRINGTON_CDA_CS	2001	11	21	325	-3.4	1.2	3.95988674400924	-999.9	0	3.86574074074075	4.19147126656676	330
HARRINGTON_CDA_CS	2001	11	22	326	-4.6	3.5	5.19655883572706	-999.9	0	2.28009259259259	4.29362497719155	330
HARRINGTON_CDA_CS	2001	11	23	327	-2.7	3.5	4.49727823170394	-999.9	0	2.10648148148148	5.57385535913161	330
HARRINGTON_CDA_CS	2001	11	24	328	-0.1	7.7	4.99111802286001	-999.9	0.6	2.80092592592592	6.56819573394849	330
HARRINGTON_CDA_CS	2001	11	25	329	1.6	7.6	4.33255210537795	-999.9	0	4.375	6.87464756235811	330
HARRINGTON_CDA_CS	2001	11	26	330	3.2	9.5	4.39523398367824	-999.9	0	4.84953703703703	8.38656974711376	330
HARRINGTON_CDA_CS	2001	11	27	331	2.2	6.6	3.63757889764856	-999.9	0	4.22453703703703	7.57008034266775	330
HARRINGTON_CDA_CS	2001	11	28	332	0	2.6	2.77001894889266	-999.9	2.6	4.40972222222222	5.40432155919352	330
HARRINGTON_CDA_CS	2001	11	29	333	-2.9	1.4	3.53004835757096	-999.9	5.1	2.87037037037036	3.85133894430773	330
HARRINGTON_CDA_CS	2001	11	30	334	-2.7	11.3	6.31401861911642	-999.9	13.4	2.62731481481481	7.06295959112987	330
HARRINGTON_CDA_CS	2001	12	1	335	2.9	13.5	5.52794758906096	-999.9	3.3	4.90740740740742	10.9758480760681	330
HARRINGTON_CDA_CS	2001	12	2	336	4.4	5.9	2.11071007105144	-999.9	0	3.44907407407408	6.25891228172049	330
HARRINGTON_CDA_CS	2001	12	3	337	-0.7	6.4	3.70277995661777	-999.9	0.2	2.44212962962963	6.49896455930273	330
HARRINGTON_CDA_CS	2001	12	4	338	1.2	3.9	2.0133755542952	-999.9	0.3	4.15509259259258	5.80362802703962	330
HARRINGTON_CDA_CS	2001	12	5	339	-2.4	3	3.72291470125155	-999.9	1.7	3.20601851851853	5.42148483333333	330
HARRINGTON_CDA_CS	2001	12	6	340	-0.3	10.1	5.10353551775451	-999.9	2.1	4.60648148148147	8.23742394852152	330
HARRINGTON_CDA_CS	2001	12	7	341	5.8	7.4	1.83810764966073	-999.9	3.2	6.26157407407408	4.41111982611493	330
HARRINGTON_CDA_CS	2001	12	8	342	-1.3	0.4	2.43100598578149	-999.9	0	6.70138888888889	3.09419460072064	330
HARRINGTON_CDA_CS	2001	12	9	343	-2.4	-0.9	2.52113100993002	-999.9	0	2.46527777777778	3.44183593796763	330
HARRINGTON_CDA_CS	2001	12	10	344	-3.7	3.1	4.43159019965134	-999.9	0	4.49074074074075	3.75368083033936	330
HARRINGTON_CDA_CS	2001	12	11	345	1.6	6.2	3.27581895496023	-999.9	0	4.17824074074075	5.6706237278707	330
HARRINGTON_CDA_CS	2001	12	12	346	-1.6	0.7	2.81464218777262	-999.9	0	3.65740740740742	3.38653280639463	330
HARRINGTON_CDA_CS	2001	12	13	347	-3.9	6.6	4.95795237722525	-999.9	7.6	3.40277777777778	5.66238232767184	330
HARRINGTON_CDA_CS	2001	12	14	348	0.5	9.2	4.47566139194024	-999.9	0.8	4.22453703703703	7.66917453772423	330
HARRINGTON_CDA_CS	2001	12	15	349	-1.5	0.9	2.46469950670184	-999.9	3.9	5.54398148148147	4.05599946791828	330
HARRINGTON_CDA_CS	2001	12	16	350	-2.5	0.8	3.58074165988689	-999.9	1.3	9.08564814814814	3.72222706211675	330
HARRINGTON_CDA_CS	2001	12	17	351	-2	-1	2.4053626239488	-999.9	0	5.09259259259258	3.47145402099778	330
HARRINGTON_CDA_CS	2001	12	18	352	-3.4	0.4	2.98274145196389	-999.9	9	3.26388888888889	4.84495027781005	330
HARRINGTON_CDA_CS	2001	12	19	353	-1.6	-0.3	2.3497369537257	-999.9	0	7.87037037037036	3.97634668205848	330
HARRINGTON_CDA_CS	2001	12	20	354	-5.8	0.4	3.6322738690994	-999.9	0	2.60416666666667	3.45429636278001	330
HARRINGTON_CDA_CS	2001	12	21	355	-3.8	0.4	2.85614478301577	-999.9	0	4.35185185185186	4.47712765033608	330
HARRINGTON_CDA_CS	2001	12	22	356	-1.8	-0.7	1.89815425235094	-999.9	0	5.82125603864733	4.33742321242199	330
HARRINGTON_CDA_CS	2001	12	23	357	-1.8	-1.2	1.76890274417805	-999.9	0	5.04830917874397	4.23533999934322	330
HARRINGTON_CDA_CS	2001	12	24	358	-8.7	1.1	4.81409894684406	-999.9	0	2.67361111111111	3.50078425652137	330
HARRINGTON_CDA_CS	2001	12	25	359	-3.7	2.6	3.58396935681268	-999.9	0.7	3.80787037037036	5.86920138047923	330
HARRINGTON_CDA_CS	2001	12	26	360	-4	-1	2.51627832240255	-999.9	0.6	2.40740740740741	4.31891437948088	330
HARRINGTON_CDA_CS	2001	12	27	361	-3	0.2	2.96938266912905	-999.9	0.8	5.01157407407408	4.46906128404674	330
HARRINGTON_CDA_CS	2001	12	28	362	-6.6	-2	3.02032912559931	-999.9	0.5	6.01851851851853	2.99160128157412	330
HARRINGTON_CDA_CS	2001	12	29	363	-7.1	-0.1	3.11256060046214	-999.9	0	2.70833333333333	3.56277839731359	330
HARRINGTON_CDA_CS	2001	12	30	364	-8	-1.6	3.24364756220482	-999.9	0	2.70833333333333	2.73844753039603	330
HARRINGTON_CDA_CS	2001	12	31	365	-9.2	-2.2	3.33539897554461	-999.9	0	3.40277777777778	2.86489292484149	330
