HARRINGTON_CDA_CS	2023	1	1	1	-0.1	7.6	4.41044606346432	-999.9	28.8	3.99305555555556	7.7909731569864	330
HARRINGTON_CDA_CS	2023	1	2	2	-3.8	0	3.11546444085606	-999.9	0	3.28703703703703	4.63066754140243	330
HARRINGTON_CDA_CS	2023	1	3	3	-3.3	1.7	3.59493361179796	-999.9	0.3	2.16435185185185	5.13373653327958	330
HARRINGTON_CDA_CS	2023	1	4	4	-3.5	1.8	3.72474306294937	-999.9	0.4	2.53472222222222	5.37739602099632	330
HARRINGTON_CDA_CS	2023	1	5	5	-5	-2.2	2.72561162818372	-999.9	0	4.38657407407408	3.52414726354888	330
HARRINGTON_CDA_CS	2023	1	6	6	-2.7	0.4	2.88843548078422	-999.9	0.3	2.77777777777778	4.66689601228125	330
HARRINGTON_CDA_CS	2023	1	7	7	-3.4	1	3.46714005081523	-999.9	0.5	1.75925925925926	4.61066834948268	330
HARRINGTON_CDA_CS	2023	1	8	8	-11.4	-3.4	4.71211109229838	-999.9	0	4.52546296296297	2.58386255783436	330
HARRINGTON_CDA_CS	2023	1	9	9	-5.9	-2.2	3.23113337089157	-999.9	0.7	3.10185185185186	3.26017061677254	330
HARRINGTON_CDA_CS	2023	1	10	10	-6.1	-0.8	3.90057911093839	-999.9	4.7	5.63657407407408	4.23019222061532	330
HARRINGTON_CDA_CS	2023	1	11	11	-13.5	-5.7	4.77446519320907	-999.9	0	2.83564814814814	2.11952058995136	330
HARRINGTON_CDA_CS	2023	1	12	12	-13.9	-4.5	5.29020095639892	-999.9	0.9	1.94444444444444	2.34426458904302	330
HARRINGTON_CDA_CS	2023	1	13	13	-5.5	8.9	6.61089323490064	-999.9	23.5	5.85648148148147	6.30800454180937	330
HARRINGTON_CDA_CS	2023	1	14	14	-2.7	3.2	4.27376484980242	-999.9	29.6	4.54861111111111	6.03526189699147	330
HARRINGTON_CDA_CS	2023	1	15	15	-2.9	0.4	3.22907050380459	-999.9	30.7	0.983796296296297	5.25372866859369	330
HARRINGTON_CDA_CS	2023	1	16	16	0.4	6.3	4.36322717835042	-999.9	26.5	6.82870370370369	7.56760668861489	330
HARRINGTON_CDA_CS	2023	1	17	17	0.3	4.1	3.53960875371326	-999.9	3.3	2.30324074074074	6.96897956049684	330
HARRINGTON_CDA_CS	2023	1	18	18	-0.5	3.9	3.85111820950834	-999.9	0.2	2.75462962962963	6.36582309856289	330
HARRINGTON_CDA_CS	2023	1	19	19	-1.7	0.8	2.93587782634897	-999.9	1.3	5.23148148148147	5.52363217343923	330
HARRINGTON_CDA_CS	2023	1	20	20	-2.3	-0.5	2.52009610839484	-999.9	3.2	6.34259259259258	5.10908112920965	330
HARRINGTON_CDA_CS	2023	1	21	21	-5.4	-1	3.98676355988611	-999.9	0.7	7.45370370370369	3.98669135325215	330
HARRINGTON_CDA_CS	2023	1	22	22	-9.2	-0.8	5.57496958319248	-999.9	0.5	2.90509259259258	3.48931901691566	330
HARRINGTON_CDA_CS	2023	1	23	23	-2.4	0.6	3.37258314188806	-999.9	28.1	5.84490740740742	5.50584627481173	330
HARRINGTON_CDA_CS	2023	1	24	24	-5	-1.4	3.7405717653761	-999.9	2.5	7.40740740740742	4.1463206573104	330
HARRINGTON_CDA_CS	2023	1	25	25	-12.4	-3.9	5.82051664881186	-999.9	0.8	2.26851851851852	2.54028891129678	330
HARRINGTON_CDA_CS	2023	1	26	26	-7.8	8.5	8.16369902943331	-999.9	15.3	8.20601851851853	5.4858883601936	330
HARRINGTON_CDA_CS	2023	1	27	27	-9.7	-0.4	6.24664390143926	-999.9	0	5.32407407407408	2.77980650057773	330
HARRINGTON_CDA_CS	2023	1	28	28	-9.9	1.9	7.12893436396111	-999.9	0.8	3.42592592592592	3.35533029618796	330
HARRINGTON_CDA_CS	2023	1	29	29	-4.8	2.7	5.7590938908664	-999.9	0.2	3.93518518518519	3.72065995042785	330
HARRINGTON_CDA_CS	2023	1	30	30	-5.1	4.1	6.46419332024808	-999.9	0.5	3.10185185185186	5.11675748209215	330
HARRINGTON_CDA_CS	2023	1	31	31	-11.1	-4.6	5.50714431971648	-999.9	3.8	2.8125	2.88676230060075	330
HARRINGTON_CDA_CS	2023	2	1	32	-16.3	-9.7	5.62521504115284	-999.9	0.2	2.15277777777778	1.71721621713976	330
HARRINGTON_CDA_CS	2023	2	2	33	-17.3	-2.6	8.51073143832725	-999.9	0.8	3.26388888888889	2.1100491255482	330
HARRINGTON_CDA_CS	2023	2	3	34	-27.1	-0.9	11.5196514034626	-999.9	3.3	7.07175925925925	1.57512317889999	330
HARRINGTON_CDA_CS	2023	2	4	35	-27.3	-16.2	7.60266583053919	-999.9	0.2	9.1087962962963	0.635367682877073	330
HARRINGTON_CDA_CS	2023	2	5	36	-18.2	-1	9.59655893406289	-999.9	3.3	4.39814814814814	2.27913422457116	330
HARRINGTON_CDA_CS	2023	2	6	37	-7.4	-1.6	5.6511835384173	-999.9	0.7	2.97453703703703	3.98292861345761	330
HARRINGTON_CDA_CS	2023	2	7	38	-9.9	-4.3	5.63140636438513	-999.9	0.2	6.66666666666667	2.65490591004967	330
HARRINGTON_CDA_CS	2023	2	8	39	-7.2	0.4	6.65344623394897	-999.9	0.2	4.21296296296297	3.89973955773431	330
HARRINGTON_CDA_CS	2023	2	9	40	-10.9	-6.2	5.30666513143809	-999.9	0	3.58796296296297	1.86681634273629	330
HARRINGTON_CDA_CS	2023	2	10	41	-7	0.1	6.61526369716632	-999.9	14.2	3.59953703703703	4.29945904600959	330
HARRINGTON_CDA_CS	2023	2	11	42	-11.6	-2.9	7.42731289727928	-999.9	0.3	4.50231481481481	2.95972470294959	330
HARRINGTON_CDA_CS	2023	2	12	43	-11	1.1	8.88432441014536	-999.9	0	3.125	3.02500145930051	330
HARRINGTON_CDA_CS	2023	2	13	44	-6.3	-1.2	5.85030776519174	-999.9	0.3	4.13194444444444	3.89291537180848	330
HARRINGTON_CDA_CS	2023	2	14	45	-9.1	-2.6	6.69902092805966	-999.9	0	7.43055555555556	3.12410043607328	330
HARRINGTON_CDA_CS	2023	2	15	46	-12.6	2.1	10.2181069221495	-999.9	2.3	3.56481481481481	3.18828836331579	330
HARRINGTON_CDA_CS	2023	2	16	47	-0.1	9.1	8.19890699404824	-999.9	0.2	5.35879629629631	6.73261978379127	330
HARRINGTON_CDA_CS	2023	2	17	48	-6.4	0	6.93573707688664	-999.9	6.6	5.47453703703703	3.86343328302996	330
HARRINGTON_CDA_CS	2023	2	18	49	-10.6	-5.7	6.15501119075183	-999.9	0.2	5.49768518518519	2.54166950309639	330
HARRINGTON_CDA_CS	2023	2	19	50	-7.2	0.2	7.67113792046774	-999.9	0.2	3.53009259259258	3.24632868225816	330
HARRINGTON_CDA_CS	2023	2	20	51	0.2	5.4	6.52140459934084	-999.9	9.6	6.48148148148147	6.87587102422046	330
HARRINGTON_CDA_CS	2023	2	21	52	-8.7	2.2	9.57476771693015	-999.9	0.2	3.22916666666667	3.90891782312717	330
HARRINGTON_CDA_CS	2023	2	22	53	-9.8	-1	8.72387631311151	-999.9	0.6	3.04398148148147	3.08369210255231	330
HARRINGTON_CDA_CS	2023	2	23	54	-11.8	-9.4	4.61957843193699	-999.9	0	4.27083333333333	1.86121121441676	330
HARRINGTON_CDA_CS	2023	2	24	55	-15.2	-8.6	7.76730741264328	-999.9	0.4	4.14351851851853	1.96417927047125	330
HARRINGTON_CDA_CS	2023	2	25	56	-18.4	-13.8	6.574313682408	-999.9	0	3.54166666666667	1.13445461630658	330
HARRINGTON_CDA_CS	2023	2	26	57	-16.8	-9.2	8.56683663929738	-999.9	0.5	1.09953703703704	1.39565074210151	330
HARRINGTON_CDA_CS	2023	2	27	58	-16	-9	8.33435908472602	-999.9	0.5	2.39583333333333	1.65258625690789	330
HARRINGTON_CDA_CS	2023	2	28	59	-16.9	-5.4	10.8279718821386	-999.9	0.3	1.67824074074074	1.82017319742587	330
HARRINGTON_CDA_CS	2023	3	1	60	-9.6	-1.9	8.98012464741552	-999.9	0	2.02546296296296	2.72960372572367	330
HARRINGTON_CDA_CS	2023	3	2	61	-7.3	-0.7	8.42577631740351	-999.9	2	2.11805555555556	3.5190049447825	330
HARRINGTON_CDA_CS	2023	3	3	62	-9.5	-1.8	9.2224193750915	-999.9	1.5	6.26157407407408	3.14844871888631	330
HARRINGTON_CDA_CS	2023	3	4	63	-13.8	-5.3	9.81814905795994	-999.9	1	2.26851851851852	2.04280706013409	330
HARRINGTON_CDA_CS	2023	3	5	64	-10.7	0.8	11.570374853405	-999.9	1.2	5.64814814814814	2.53417229835581	330
HARRINGTON_CDA_CS	2023	3	6	65	-3.3	-1.3	4.88819156548754	-999.9	4.3	6.08796296296297	4.71612691657185	330
HARRINGTON_CDA_CS	2023	3	7	66	-2.5	0	5.53596106105094	-999.9	1.2	4.87268518518519	5.17763061603492	330
HARRINGTON_CDA_CS	2023	3	8	67	-1.3	0.3	4.48566369953042	-999.9	1.4	7.85879629629631	5.35101866801926	330
HARRINGTON_CDA_CS	2023	3	9	68	-2.7	0.1	6.00955332151607	-999.9	0	6.85185185185186	4.68160947759146	330
HARRINGTON_CDA_CS	2023	3	10	69	-6.1	-0.4	8.68257926309844	-999.9	0	4.6875	3.8226769476041	330
HARRINGTON_CDA_CS	2023	3	11	70	-6.2	-0.4	8.86796897068163	-999.9	0	4.81481481481481	4.16764044969639	330
HARRINGTON_CDA_CS	2023	3	12	71	-5.5	1.5	9.86297130377251	-999.9	0.2	4.86111111111111	4.62753386156016	330
HARRINGTON_CDA_CS	2023	3	13	72	-6.9	3	11.8733640415783	-999.9	1.6	0.972222222222222	4.49721190555441	330
HARRINGTON_CDA_CS	2023	3	14	73	-5.5	1.2	9.88641983782286	-999.9	4.5	4.80324074074075	4.60224154552112	330
HARRINGTON_CDA_CS	2023	3	15	74	-1.6	2.3	7.63355189033626	-999.9	4.4	6.80555555555556	5.79951704205317	330
HARRINGTON_CDA_CS	2023	3	16	75	-1.8	-0.7	4.10232381127841	-999.9	1.8	6.51620370370369	5.32582498941105	330
HARRINGTON_CDA_CS	2023	3	17	76	-1.3	0.5	5.3095160546191	-999.9	0	4.24768518518519	5.69570045040739	330
HARRINGTON_CDA_CS	2023	3	18	77	-0.4	4.5	8.86231224408024	-999.9	0.9	2.31481481481481	6.657514633965	330
HARRINGTON_CDA_CS	2023	3	19	78	-3.9	4	11.3824966248203	-999.9	1.3	5.45138888888889	4.4803969	330
HARRINGTON_CDA_CS	2023	3	20	79	-5.9	1.8	11.3654974867487	-999.9	0.3	7.87037037037036	3.00182268155621	330
HARRINGTON_CDA_CS	2023	3	21	80	-4.5	3.6	11.7882229370192	-999.9	0	2.22222222222222	4.02896909313597	330
HARRINGTON_CDA_CS	2023	3	22	81	-5.7	0.4	10.3437184120634	-999.9	0.6	3.14814814814814	3.49401037759622	330
HARRINGTON_CDA_CS	2023	3	23	82	-5.6	1.2	11.0411666096149	-999.9	6.1	3.15217391304347	3.78736232409575	330
HARRINGTON_CDA_CS	2023	3	24	83	-3.2	-0.5	7.03288564900612	-999.9	3.8	5.15046296296297	5.07348486035442	330
HARRINGTON_CDA_CS	2023	3	25	84	-4.9	-0.3	9.27820284524545	-999.9	0	4.08564814814814	4.43915088138548	330
HARRINGTON_CDA_CS	2023	3	26	85	-4.1	-0.2	8.6336082985188	-999.9	8.3	3.24074074074075	4.94921311165899	330
HARRINGTON_CDA_CS	2023	3	27	86	-3	0.5	8.26438827370108	-999.9	2.9	2.09490740740741	5.30256811172803	330
HARRINGTON_CDA_CS	2023	3	28	87	-4	-0.5	8.34965838979023	-999.9	0.2	2.96296296296297	5.01642084300496	330
HARRINGTON_CDA_CS	2023	3	29	88	-4.2	1.6	10.8579497983187	-999.9	0.4	2.01388888888889	5.08860483704427	330
HARRINGTON_CDA_CS	2023	3	30	89	-7.2	4	15.2399304535821	-999.9	1.4	4.35185185185186	4.63636456498886	330
HARRINGTON_CDA_CS	2023	3	31	90	-8	-0.2	12.8440586798822	-999.9	0.2	3.48379629629631	3.73823152847758	330
HARRINGTON_CDA_CS	2023	4	1	91	-1.4	3.3	10.0675936431864	-999.9	5.2	5.26620370370369	5.96566190255803	330
HARRINGTON_CDA_CS	2023	4	2	92	-5.3	3.4	13.8292565387996	-999.9	0	5.12731481481481	3.89658891932987	330
HARRINGTON_CDA_CS	2023	4	3	93	-6.7	3.8	15.3368776684991	-999.9	0	5.54398148148147	2.99665038667606	330
HARRINGTON_CDA_CS	2023	4	4	94	-1	8.4	14.6470425242273	-999.9	0	3.55324074074075	5.81157279118233	330
HARRINGTON_CDA_CS	2023	4	5	95	-3	-0.9	6.98682695511724	-999.9	2.2	4.78009259259258	3.35965584889403	330
HARRINGTON_CDA_CS	2023	4	6	96	-2.6	2.8	11.3055625229715	-999.9	1.9	3.81944444444444	5.78298469989964	330
HARRINGTON_CDA_CS	2023	4	7	97	-2.2	8.3	15.9058021248758	-999.9	0.2	5.89120370370369	5.50253476949422	330
HARRINGTON_CDA_CS	2023	4	8	98	-5.2	1	12.3300016215439	-999.9	0	4.91898148148147	3.01261547572464	330
HARRINGTON_CDA_CS	2023	4	9	99	-5.5	3.5	14.9842744676404	-999.9	0	3.87731481481481	3.38306652361587	330
HARRINGTON_CDA_CS	2023	4	10	100	0.2	13.5	18.3708127347235	-999.9	0	4.87268518518519	4.75844428149462	330
HARRINGTON_CDA_CS	2023	4	11	101	2.5	16.6	19.0739751873491	-999.9	1.2	4.79166666666667	6.80153425221193	330
HARRINGTON_CDA_CS	2023	4	12	102	0.7	7	12.8550032331717	-999.9	1.5	4.09722222222222	7.090362876098	330
HARRINGTON_CDA_CS	2023	4	13	103	2.6	14.8	18.0340547471943	-999.9	0	4.12037037037036	6.78224574511757	330
HARRINGTON_CDA_CS	2023	4	14	104	-0.6	9.8	16.7835235572924	-999.9	0	5.56712962962964	5.43102059512546	330
HARRINGTON_CDA_CS	2023	4	15	105	-0.5	10.9	17.7097945953196	-999.9	0	2.47685185185185	4.94516240950949	330
HARRINGTON_CDA_CS	2023	4	16	106	1.6	12.8	17.6891326287583	-999.9	0	2.80092592592592	6.82070421369294	330
HARRINGTON_CDA_CS	2023	4	17	107	5.1	13.5	15.4353184376537	-999.9	0	3.88888888888889	10.5277890567394	330
HARRINGTON_CDA_CS	2023	4	18	108	4	12.4	15.55020845777	-999.9	2.1	6.05324074074075	10.1822508427385	330
HARRINGTON_CDA_CS	2023	4	19	109	3.2	9.3	13.3482558234437	-999.9	3.8	2.55787037037037	8.54463980732801	330
HARRINGTON_CDA_CS	2023	4	20	110	1.4	8.6	14.6060073274963	-999.9	0.2	3.72685185185186	7.54871629891181	330
HARRINGTON_CDA_CS	2023	4	21	111	-1.1	3.9	12.2574121314643	-999.9	0	5.04629629629631	6.13978351803692	330
HARRINGTON_CDA_CS	2023	4	22	112	-1	7.2	15.8056487635371	-999.9	0	4.07407407407408	6.57971644729636	330
HARRINGTON_CDA_CS	2023	4	23	113	0	8.7	16.3907933811276	-999.9	0	3.75	7.66779024268082	330
HARRINGTON_CDA_CS	2023	4	24	114	0.3	7.7	15.2171996858399	-999.9	0.2	2.1412037037037	7.6373024253294	330
HARRINGTON_CDA_CS	2023	4	25	115	-0.8	6.5	15.2125729276493	-999.9	0	1.14583333333333	6.87444905549896	330
HARRINGTON_CDA_CS	2023	4	26	116	-0.5	8.9	17.3728720827706	-999.9	0	1.49305555555556	6.93077356090672	330
HARRINGTON_CDA_CS	2023	4	27	117	0.9	6.9	13.9667101364782	-999.9	0	1.59722222222222	7.24920322651583	330
HARRINGTON_CDA_CS	2023	4	28	118	-0.9	9.8	18.7657442260159	-999.9	0	2.98611111111111	7.32268976601485	330
HARRINGTON_CDA_CS	2023	4	29	119	-1.8	9.6	19.486175607762	-999.9	0.7	1.9212962962963	6.184634920524	330
HARRINGTON_CDA_CS	2023	4	30	120	0.1	13.2	21.0114128335437	-999.9	0	1.875	6.76716880752177	330
HARRINGTON_CDA_CS	2023	5	1	121	2.1	9.1	15.4475445190959	-999.9	9.2	8.07870370370369	7.05598292137188	330
HARRINGTON_CDA_CS	2023	5	2	122	2.3	5.4	10.337791833001	-999.9	6.2	5.77546296296297	7.54401670776999	330
HARRINGTON_CDA_CS	2023	5	3	123	1.9	5.5	11.2016146042562	-999.9	5.2	4.05092592592592	7.52771957298215	330
HARRINGTON_CDA_CS	2023	5	4	124	2	6.3	12.3081349903042	-999.9	0	6.40046296296297	7.79021709510282	330
HARRINGTON_CDA_CS	2023	5	5	125	1.1	5.8	12.9354657609836	-999.9	0	6.06481481481481	6.58444495280857	330
HARRINGTON_CDA_CS	2023	5	6	126	-1.2	8	18.1906790042976	-999.9	0	4.375	5.52346736892546	330
HARRINGTON_CDA_CS	2023	5	7	127	0	20.5	27.2898268429704	-999.9	0	4.62962962962964	7.27330369857585	330
HARRINGTON_CDA_CS	2023	5	8	128	1.4	11.6	19.3437221760002	-999.9	0.5	4.16666666666667	7.66288570700062	330
HARRINGTON_CDA_CS	2023	5	9	129	1.9	7.4	14.2720030614883	-999.9	0	4.69907407407408	5.99187108795541	330
HARRINGTON_CDA_CS	2023	5	10	130	1.5	8.6	16.2908653322739	-999.9	0	3.58796296296297	5.25636601802131	330
HARRINGTON_CDA_CS	2023	5	11	131	1	16.1	23.8650784068759	-999.9	0	2.39583333333333	5.50230472381016	330
HARRINGTON_CDA_CS	2023	5	12	132	5.7	22.1	24.9806649161854	-999.9	0	4.72222222222222	9.69362484508729	330
HARRINGTON_CDA_CS	2023	5	13	133	6.5	14.8	17.8474963496611	-999.9	0	4.59490740740742	9.39519183134306	330
HARRINGTON_CDA_CS	2023	5	14	134	2.1	9.1	16.4585740996103	-999.9	0	5.38194444444445	6.18064523425455	330
HARRINGTON_CDA_CS	2023	5	15	135	2.9	16.8	23.2865149859059	-999.9	0	4.82638888888889	7.23582954801038	330
HARRINGTON_CDA_CS	2023	5	16	136	4.5	16.6	21.8118700081745	-999.9	7.3	3.17129629629631	9.1893292384407	330
HARRINGTON_CDA_CS	2023	5	17	137	2.4	8	14.8952150539602	-999.9	0.2	4.73379629629631	7.38443039443969	330
HARRINGTON_CDA_CS	2023	5	18	138	2.1	10.5	18.3102639464298	-999.9	0	4.6875	5.69642653821868	330
HARRINGTON_CDA_CS	2023	5	19	139	4.7	16.7	21.9633025088556	-999.9	0	6.23842592592592	7.58470618324887	330
HARRINGTON_CDA_CS	2023	5	20	140	7.3	20.9	23.4627331290739	-999.9	0	6.70138888888889	10.7491023603796	330
HARRINGTON_CDA_CS	2023	5	21	141	8	18	20.1865239730032	-999.9	6	7.80092592592592	12.7378012992169	330
HARRINGTON_CDA_CS	2023	5	22	142	1	8.5	17.5386044108053	-999.9	0	4.40972222222222	6.30558566485373	330
HARRINGTON_CDA_CS	2023	5	23	143	0.1	13.9	23.8647811362648	-999.9	0.3	2.60416666666667	6.55596127055414	330
HARRINGTON_CDA_CS	2023	5	24	144	5.1	18.6	23.6749540219304	-999.9	0	5.81018518518519	9.27937294339964	330
HARRINGTON_CDA_CS	2023	5	25	145	4.9	8.5	12.2610840657181	-999.9	7.7	4.6875	9.29253823508602	330
HARRINGTON_CDA_CS	2023	5	26	146	3.9	6.5	10.4489063357025	-999.9	3.3	4.53703703703703	8.59481071473131	330
HARRINGTON_CDA_CS	2023	5	27	147	5.5	19.2	24.0492941989027	-999.9	0.2	3.14814814814814	9.85500944745793	330
HARRINGTON_CDA_CS	2023	5	28	148	6.8	27.7	29.7799928358006	-999.9	0	5.20833333333333	11.4684944049211	330
HARRINGTON_CDA_CS	2023	5	29	149	1.5	8.3	17.0281298394377	-999.9	0	6.08796296296297	6.28190963050194	330
HARRINGTON_CDA_CS	2023	5	30	150	3.2	22	28.3794695676768	-999.9	0	4.03935185185186	8.41669255204749	330
HARRINGTON_CDA_CS	2023	5	31	151	10.4	25.6	25.5747817890353	-999.9	0	5.27777777777778	12.3298456884198	330
HARRINGTON_CDA_CS	2023	6	1	152	12.4	32	29.1028181820499	-999.9	0.2	2.62731481481481	16.4821461039973	330
HARRINGTON_CDA_CS	2023	6	2	153	5.9	12.4	16.7931728001711	-999.9	5.2	5.85648148148147	10.7248450967505	330
HARRINGTON_CDA_CS	2023	6	3	154	5.3	6.9	8.34751982644841	-999.9	14.7	7.73148148148147	9.15632465438806	330
HARRINGTON_CDA_CS	2023	6	4	155	6.9	9.9	11.4506969372465	-999.9	0.2	5.04629629629631	10.5059382594725	330
HARRINGTON_CDA_CS	2023	6	5	156	7.8	12.4	14.2028852592226	-999.9	33.1	4.01620370370369	11.8534427654858	330
HARRINGTON_CDA_CS	2023	6	6	157	8.2	11.7	12.4082547574399	-999.9	25.6	5.24305555555556	11.7926671970748	330
HARRINGTON_CDA_CS	2023	6	7	158	8.5	15.6	17.6985470311601	-999.9	0.3	3.88888888888889	12.5384616061222	330
HARRINGTON_CDA_CS	2023	6	8	159	8.7	16.2	18.2147689672433	-999.9	0.2	2.25694444444444	12.6079063407882	330
HARRINGTON_CDA_CS	2023	6	9	160	6.1	12.4	16.7147862041866	-999.9	0	3.03240740740742	11.3364879367962	330
HARRINGTON_CDA_CS	2023	6	10	161	6.3	10.3	13.3337117695115	-999.9	1.3	2.80092592592592	10.3936501675032	330
HARRINGTON_CDA_CS	2023	6	11	162	9.2	19.8	21.7278918145396	-999.9	0.3	2.7662037037037	13.3865056825554	330
HARRINGTON_CDA_CS	2023	6	12	163	13.6	23.6	21.1232817142472	-999.9	0	2.53472222222222	14.5691158878549	330
HARRINGTON_CDA_CS	2023	6	13	164	11.5	24.9	24.4716769260821	-999.9	0	1.86342592592593	15.1525802024486	330
HARRINGTON_CDA_CS	2023	6	14	165	12.7	19.9	17.9506750185518	-999.9	5.7	4.34027777777778	16.359472357408	330
HARRINGTON_CDA_CS	2023	6	15	166	11.8	21	20.3032224313439	-999.9	0.3	3.48379629629631	16.8073514096602	330
HARRINGTON_CDA_CS	2023	6	16	167	10.6	20.1	20.6415710858986	-999.9	0.8	1.41203703703704	15.8401021263645	330
HARRINGTON_CDA_CS	2023	6	17	168	9.5	13.9	14.0530496665588	-999.9	0	5.40509259259258	13.0404308692481	330
HARRINGTON_CDA_CS	2023	6	18	169	9.5	13.9	14.0568277361799	-999.9	14	4.0625	13.017421727882	330
HARRINGTON_CDA_CS	2023	6	19	170	7	12	14.9870517203692	-999.9	0.2	5.37037037037036	11.2069572466878	330
HARRINGTON_CDA_CS	2023	6	20	171	5.9	14	19.076444712248	-999.9	0	4.31712962962964	9.23659374464016	330
HARRINGTON_CDA_CS	2023	6	21	172	5.9	24.7	29.0610369129647	-999.9	0.4	2.06018518518519	11.44007375793	330
HARRINGTON_CDA_CS	2023	6	22	173	14.3	27.3	24.1620987850857	-999.9	0	4.79166666666667	14.152064372817	330
HARRINGTON_CDA_CS	2023	6	23	174	13.2	26.7	24.6158150015602	-999.9	0	4.69907407407408	13.0201079520351	330
HARRINGTON_CDA_CS	2023	6	24	175	15.7	27.2	22.7108911652891	-999.9	2.8	5.3125	18.6571593368196	330
HARRINGTON_CDA_CS	2023	6	25	176	10.5	21.4	22.0998839536148	-999.9	1.8	4.39814814814814	17.2999166371499	330
HARRINGTON_CDA_CS	2023	6	26	177	10.3	17.2	17.5730175529824	-999.9	0.4	4.52546296296297	14.2575600536813	330
HARRINGTON_CDA_CS	2023	6	27	178	12.2	25.1	24.0112772792604	-999.9	0	5.70601851851853	19.1985810646398	330
HARRINGTON_CDA_CS	2023	6	28	179	18.8	25	16.6329164930581	-999.9	10.9	6.80555555555556	24.275206521806	330
HARRINGTON_CDA_CS	2023	6	29	180	18.3	24.3	16.3475949394425	-999.9	9.8	6.37731481481481	22.902321010559	330
HARRINGTON_CDA_CS	2023	6	30	181	18.1	23.3	15.2033431613141	-999.9	8.3	4.52546296296297	22.5737748480972	330
HARRINGTON_CDA_CS	2023	7	1	182	18.2	25.8	18.3593321936296	-999.9	0	4.78009259259258	22.9304489987605	330
HARRINGTON_CDA_CS	2023	7	2	183	18.2	25.2	17.5980764989306	-999.9	2.2	4.49074074074075	23.0138847487933	330
HARRINGTON_CDA_CS	2023	7	3	184	18.1	20.9	11.1151337900405	-999.9	46.3	5.59027777777778	22.0678332432941	330
HARRINGTON_CDA_CS	2023	7	4	185	15.9	19.7	12.930053741123	-999.9	3.3	2.15277777777778	19.3718313472852	330
HARRINGTON_CDA_CS	2023	7	5	186	14.7	22.6	18.6143653739925	-999.9	0.3	1.38888888888889	19.6884790706027	330
HARRINGTON_CDA_CS	2023	7	6	187	13.8	24	21.1161228056968	-999.9	0	1.2962962962963	19.3578670315612	330
HARRINGTON_CDA_CS	2023	7	7	188	16.2	29.5	24.0698012044889	-999.9	5	2.44212962962963	23.655192265311	330
HARRINGTON_CDA_CS	2023	7	8	189	16.6	27.4	21.6493203624884	-999.9	0.3	2.34953703703704	22.1340224054606	330
HARRINGTON_CDA_CS	2023	7	9	190	18.1	27.2	19.8331562882181	-999.9	0.2	1.99074074074074	23.3967749967774	330
HARRINGTON_CDA_CS	2023	7	10	191	18.1	25.2	17.482036505473	-999.9	0	3.77314814814814	22.7116775348227	330
HARRINGTON_CDA_CS	2023	7	11	192	17.2	21.5	13.5750569905773	-999.9	7.3	5.83333333333333	20.6963971582719	330
HARRINGTON_CDA_CS	2023	7	12	193	18.4	26.5	18.5886268881582	-999.9	0.2	1.85185185185185	24.5498581623298	330
HARRINGTON_CDA_CS	2023	7	13	194	17.8	29.1	21.9025193277398	-999.9	0	2.17592592592593	24.3124529786441	330
HARRINGTON_CDA_CS	2023	7	14	195	17	29	22.5137635069883	-999.9	0.6	1.78240740740741	22.2038241326204	330
HARRINGTON_CDA_CS	2023	7	15	196	20.1	26.6	16.5260569748002	-999.9	0	3.37962962962964	24.8005354678931	330
HARRINGTON_CDA_CS	2023	7	16	197	19.7	27.3	17.8207837276346	-999.9	0	4.31712962962964	24.4595200505991	330
HARRINGTON_CDA_CS	2023	7	17	198	19.5	27	17.6526654876179	-999.9	0	5.78703703703703	25.1117390982817	330
HARRINGTON_CDA_CS	2023	7	18	199	21.8	28.6	16.75891355533	-999.9	6.7	3.35648148148147	27.2959087422356	330
HARRINGTON_CDA_CS	2023	7	19	200	20.5	25.5	14.3264998983356	-999.9	2.1	3.50694444444444	26.3648372310575	330
HARRINGTON_CDA_CS	2023	7	20	201	16.6	25	18.5101629095456	-999.9	0.2	1.97916666666667	19.8046681528093	330
HARRINGTON_CDA_CS	2023	7	21	202	16.4	26.1	19.8254757297005	-999.9	6.2	2.95138888888889	22.6479685328851	330
HARRINGTON_CDA_CS	2023	7	22	203	18.2	23.2	14.1853938971819	-999.9	33.2	4.91898148148147	22.9210636919141	330
HARRINGTON_CDA_CS	2023	7	23	204	20.2	27.1	16.6054603757304	-999.9	0	2.16435185185185	25.3630130877362	330
HARRINGTON_CDA_CS	2023	7	24	205	18.4	28.5	20.0174245126162	-999.9	0	2.68518518518519	21.5762284349267	330
HARRINGTON_CDA_CS	2023	7	25	206	17.9	26.1	17.9691096282698	-999.9	0	3.39285714285714	18.3210700369036	330
HARRINGTON_CDA_CS	2023	7	26	207	18.5	26	17.1187946478382	-999.9	0	4.13194444444444	19.9510368195725	330
HARRINGTON_CDA_CS	2023	7	27	208	18.2	26	17.3885504584486	-999.9	15	5.04629629629631	22.5253281119775	330
HARRINGTON_CDA_CS	2023	7	28	209	16.8	26.7	19.510015662137	-999.9	0.4	2.63888888888889	22.1015835128808	330
HARRINGTON_CDA_CS	2023	7	29	210	16.8	23.8	16.3366571964216	-999.9	0.3	3.80787037037036	18.7250209987357	330
HARRINGTON_CDA_CS	2023	7	30	211	14.3	22.2	17.280324097562	-999.9	2.2	1.81712962962963	17.3772580092469	330
HARRINGTON_CDA_CS	2023	7	31	212	14	24.6	19.9280694056899	-999.9	0	1.57407407407407	16.2408412581005	330
HARRINGTON_CDA_CS	2023	8	1	213	13.4	22.9	18.7800883665915	-999.9	0.2	1.97916666666667	14.3656602842603	330
HARRINGTON_CDA_CS	2023	8	2	214	11	23	21.0087078687766	-999.9	0	2.34953703703704	13.0101954938262	330
HARRINGTON_CDA_CS	2023	8	3	215	13	24.3	20.2894353493803	-999.9	0	3.18287037037036	14.1387666185521	330
HARRINGTON_CDA_CS	2023	8	4	216	12.5	23.4	19.8296435378345	-999.9	0	4.42129629629631	14.423301054663	330
HARRINGTON_CDA_CS	2023	8	5	217	15.6	20.3	12.9559770851723	-999.9	19.1	5.3125	18.9708022795121	330
HARRINGTON_CDA_CS	2023	8	6	218	15	22.8	16.6049110784996	-999.9	1.9	2.75462962962963	19.3761377885518	330
HARRINGTON_CDA_CS	2023	8	7	219	15	19.2	12.1207667622414	-999.9	2.1	4.17824074074075	16.8779989425393	330
HARRINGTON_CDA_CS	2023	8	8	220	14.2	23.6	18.0357212118454	-999.9	0	3.79629629629631	18.0149663927507	330
HARRINGTON_CDA_CS	2023	8	9	221	17.3	20.6	10.6276780477322	-999.9	26.2	5.96064814814814	20.6741359282647	330
HARRINGTON_CDA_CS	2023	8	10	222	14.2	18.9	12.6121645459792	-999.9	0	4.72222222222222	16.8329486399069	330
HARRINGTON_CDA_CS	2023	8	11	223	13.7	19.2	13.5652724446324	-999.9	21.8	3.84259259259258	17.9075540785377	330
HARRINGTON_CDA_CS	2023	8	12	224	15.1	21	13.9677548577578	-999.9	0	3.69212962962964	17.2820228126651	330
HARRINGTON_CDA_CS	2023	8	13	225	14.6	24.4	17.8942604322853	-999.9	0.8	3.76157407407408	18.8434828768481	330
HARRINGTON_CDA_CS	2023	8	14	226	15.8	23.8	16.0691265212947	-999.9	0	2.82407407407408	21.1977667157107	330
HARRINGTON_CDA_CS	2023	8	15	227	15.4	19.7	11.7077720432623	-999.9	0	2.03703703703704	17.7146469351515	330
HARRINGTON_CDA_CS	2023	8	16	228	12.7	18.9	13.9692976497565	-999.9	0	0.844907407407408	15.5450092978153	330
HARRINGTON_CDA_CS	2023	8	17	229	12.5	24.2	19.0658445830282	-999.9	0	1.66666666666667	17.3508621742962	330
HARRINGTON_CDA_CS	2023	8	18	230	16.2	22.5	13.8983496370256	-999.9	13.2	4.07407407407408	21.2329798916458	330
HARRINGTON_CDA_CS	2023	8	19	231	16.3	25.4	16.5916165257426	-999.9	0.2	5.43981481481481	20.2888177056737	330
HARRINGTON_CDA_CS	2023	8	20	232	16	21.6	12.9265322367651	-999.9	0.3	4.61805555555556	18.2205067337854	330
HARRINGTON_CDA_CS	2023	8	21	233	13.7	20.1	13.7228006546844	-999.9	2.2	3.36805555555556	17.00369063653	330
HARRINGTON_CDA_CS	2023	8	22	234	10.4	21	17.5353706728015	-999.9	0.2	1.9212962962963	13.7445496930211	330
HARRINGTON_CDA_CS	2023	8	23	235	10.7	20.7	16.9089074629125	-999.9	1.3	2.08333333333333	13.0506066303441	330
HARRINGTON_CDA_CS	2023	8	24	236	11.9	19.8	14.9185523839792	-999.9	0.2	2.40740740740741	13.2620707342714	330
HARRINGTON_CDA_CS	2023	8	25	237	12.9	23	16.7423056472289	-999.9	0.7	3.03240740740742	16.2766223085637	330
HARRINGTON_CDA_CS	2023	8	26	238	17.2	18.7	6.40302648745719	-999.9	30.3	7.03703703703703	19.2977626846065	330
HARRINGTON_CDA_CS	2023	8	27	239	12.2	19	13.5276596924955	-999.9	0.2	2.07175925925926	16.3629384308921	330
HARRINGTON_CDA_CS	2023	8	28	240	12.8	22.2	15.7798893905038	-999.9	0	2.71990740740741	14.8171384159915	330
HARRINGTON_CDA_CS	2023	8	29	241	14.5	22.8	14.7093670712368	-999.9	0	4.38657407407408	17.5926847161878	330
HARRINGTON_CDA_CS	2023	8	30	242	16.6	23.9	13.6827759732923	-999.9	20.4	4.08564814814814	22.671326648283	330
HARRINGTON_CDA_CS	2023	8	31	243	8.1	16.6	14.6427578543631	-999.9	3.8	3.83101851851853	12.4994771414885	330
HARRINGTON_CDA_CS	2023	9	1	244	7.4	18.9	16.8890653936219	-999.9	0	2.1412037037037	10.7843149554582	330
HARRINGTON_CDA_CS	2023	9	2	245	11.9	22.9	16.3771695168156	-999.9	0	3.88888888888889	15.2476174005279	330
HARRINGTON_CDA_CS	2023	9	3	246	14.2	22	13.6715585099718	-999.9	0	4.94212962962964	17.412354809744	330
HARRINGTON_CDA_CS	2023	9	4	247	15.1	25.2	15.4206244086651	-999.9	0	1.63194444444444	21.0146816997254	330
HARRINGTON_CDA_CS	2023	9	5	248	15.1	20.8	11.4813115128849	-999.9	0	6.19212962962964	17.4864292381934	330
HARRINGTON_CDA_CS	2023	9	6	249	16.6	22.5	11.5753751159239	-999.9	0	5.09259259259258	21.3376127191284	330
HARRINGTON_CDA_CS	2023	9	7	250	17	19.1	6.84251674581255	-999.9	1.1	2.93981481481481	20.3770558996293	330
HARRINGTON_CDA_CS	2023	9	8	251	14.9	27.2	16.4058249081471	-999.9	0	1.77083333333333	23.0208081500997	330
HARRINGTON_CDA_CS	2023	9	9	252	20.2	26.5	11.6304691081339	-999.9	0	5.60185185185186	25.3600921114534	330
HARRINGTON_CDA_CS	2023	9	10	253	16.6	22.7	11.334842473487	-999.9	0	1.81712962962963	19.8183975744691	330
HARRINGTON_CDA_CS	2023	9	11	254	17	22.6	10.7550002035537	-999.9	3.9	0.821759259259258	22.0383344934075	330
HARRINGTON_CDA_CS	2023	9	12	255	16	18.9	7.66343620504818	-999.9	0.3	3.64583333333333	19.6446307175313	330
HARRINGTON_CDA_CS	2023	9	13	256	15.9	24.1	12.7579828437905	-999.9	2.8	2.16435185185185	22.1469003782174	330
HARRINGTON_CDA_CS	2023	9	14	257	17.3	23.5	10.9815591250097	-999.9	22.4	4.84953703703703	22.5209900493914	330
HARRINGTON_CDA_CS	2023	9	15	258	13.4	19.9	11.1291142184679	-999.9	0.5	2.41898148148148	16.6380547363999	330
HARRINGTON_CDA_CS	2023	9	16	259	16	24.2	12.3705636421661	-999.9	10.4	9.69907407407408	20.8965663927481	330
HARRINGTON_CDA_CS	2023	9	17	260	14.7	20	9.84106806296529	-999.9	9.1	6.82870370370369	17.6299796855067	330
HARRINGTON_CDA_CS	2023	9	18	261	13.1	22	12.6172408794042	-999.9	0.3	1.22685185185185	16.7581751819485	330
HARRINGTON_CDA_CS	2023	9	19	262	13.9	22.4	12.197970616461	-999.9	12.6	5.09259259259258	18.6635419817017	330
HARRINGTON_CDA_CS	2023	9	20	263	12.2	16	8.06719600233189	-999.9	0.3	4.95370370370369	13.8923902766584	330
HARRINGTON_CDA_CS	2023	9	21	264	9.1	13.2	8.28742767080624	-999.9	2.9	5.16203703703703	11.1744563788202	330
HARRINGTON_CDA_CS	2023	9	22	265	7.4	15.7	11.6602698697011	-999.9	0	2.16435185185185	10.1201744300267	330
HARRINGTON_CDA_CS	2023	9	23	266	9.6	20.4	13.1512891654425	-999.9	0.7	3.58796296296297	14.3746281623453	330
HARRINGTON_CDA_CS	2023	9	24	267	8.9	19.9	13.1215556589661	-999.9	0.5	2.46527777777778	12.7374706690811	330
HARRINGTON_CDA_CS	2023	9	25	268	7.6	15.6	11.061465774124	-999.9	0	5.56712962962964	11.0230471346819	330
HARRINGTON_CDA_CS	2023	9	26	269	7.2	16	11.4665946906134	-999.9	0	2.52314814814815	10.611611471801	330
HARRINGTON_CDA_CS	2023	9	27	270	8	15.5	10.4615624391149	-999.9	0	0.451388888888889	12.3277776160085	330
HARRINGTON_CDA_CS	2023	9	28	271	7.7	18.2	12.2315468842156	-999.9	0.4	1.86342592592593	13.0468829439849	330
HARRINGTON_CDA_CS	2023	9	29	272	5.4	19.8	14.1526424113964	-999.9	0.4	1.28472222222222	12.9759886625475	330
HARRINGTON_CDA_CS	2023	9	30	273	9.6	19.9	11.8248042430956	-999.9	0	1.49305555555556	14.7010837235721	330
HARRINGTON_CDA_CS	2023	10	1	274	7.8	21.3	13.3724696838623	-999.9	0	1.27314814814815	14.3353446461409	330
HARRINGTON_CDA_CS	2023	10	2	275	11.6	20	10.4184948421463	-999.9	0	2.25694444444444	11.9328597943133	330
HARRINGTON_CDA_CS	2023	10	3	276	11.7	23	11.9337602237977	-999.9	0	5.75231481481481	14.6971573854341	330
HARRINGTON_CDA_CS	2023	10	4	277	9.2	15.6	8.86857750747752	-999.9	0	1.53935185185185	10.8790629963992	330
HARRINGTON_CDA_CS	2023	10	5	278	12.9	22	10.4415451995126	-999.9	0	4.17824074074075	16.2702220571609	330
HARRINGTON_CDA_CS	2023	10	6	279	14.2	21.3	9.10560227669942	-999.9	0	4.0625	16.6434043969633	330
HARRINGTON_CDA_CS	2023	10	7	280	12.7	20	9.11450056017035	-999.9	0	3.73842592592592	15.5510916246299	330
HARRINGTON_CDA_CS	2023	10	8	281	7.8	18.5	10.8921359446521	-999.9	23.3	7.69675925925925	13.6290510525648	330
HARRINGTON_CDA_CS	2023	10	9	282	5.7	16.7	10.8999957265979	-999.9	0.4	2.98611111111111	11.0742869491296	330
HARRINGTON_CDA_CS	2023	10	10	283	6.5	16.5	10.2565029174659	-999.9	6.5	3.22916666666667	11.5747974663282	330
HARRINGTON_CDA_CS	2023	10	11	284	7.1	16.9	10.0194445074633	-999.9	0	2.30324074074074	11.9928008998192	330
HARRINGTON_CDA_CS	2023	10	12	285	8.2	17.4	9.57898171785953	-999.9	1.8	0.763888888888889	12.4546378912463	330
HARRINGTON_CDA_CS	2023	10	13	286	9.4	14	6.68289018682527	-999.9	16.7	1.38888888888889	12.735559746147	330
HARRINGTON_CDA_CS	2023	10	14	287	8.5	12.3	5.99244488551913	-999.9	5.3	5.71759259259258	11.0382671565855	330
HARRINGTON_CDA_CS	2023	10	15	288	7	14.1	8.08047552786623	-999.9	0.2	4.13194444444444	10.2782381944409	330
HARRINGTON_CDA_CS	2023	10	16	289	8.4	12.2	5.83130245226495	-999.9	27.1	7.82407407407408	11.1639537207767	330
HARRINGTON_CDA_CS	2023	10	17	290	3.3	10.5	7.91732610106223	-999.9	0.4	4.25925925925925	7.47279744994124	330
HARRINGTON_CDA_CS	2023	10	18	291	3.5	12	8.48466706061788	-999.9	0	2.47354497354498	8.20417362600897	330
HARRINGTON_CDA_CS	2023	10	19	292	7.8	14.9	7.64793620320694	-999.9	0	3.14814814814814	10.5566585986614	330
HARRINGTON_CDA_CS	2023	10	20	293	10.4	16.5	6.99115055201619	-999.9	0	4.65277777777778	12.5025145193299	330
HARRINGTON_CDA_CS	2023	10	21	294	11.3	15.2	5.51272003548316	-999.9	32.6	4.50231481481481	14.9514845123088	330
HARRINGTON_CDA_CS	2023	10	22	295	7.2	12.7	6.45577728119997	-999.9	12.8	6.71296296296297	11.705918887966	330
HARRINGTON_CDA_CS	2023	10	23	296	1.6	8.2	6.97363007773756	-999.9	2	7.08333333333333	7.07938228988477	330
HARRINGTON_CDA_CS	2023	10	24	297	1.2	11.2	8.46438645414472	-999.9	0.2	2.63888888888889	7.39884730187099	330
HARRINGTON_CDA_CS	2023	10	25	298	8.1	14.7	6.78059048066135	-999.9	0	4.80324074074075	11.492772555594	330
HARRINGTON_CDA_CS	2023	10	26	299	8.4	16.8	7.54274791499777	-999.9	0	1.18055555555556	12.4205724027677	330
HARRINGTON_CDA_CS	2023	10	27	300	8.9	13.9	5.73808021161414	-999.9	5.6	3.76157407407408	12.5924244929545	330
HARRINGTON_CDA_CS	2023	10	28	301	7	21	9.46754933679807	-999.9	0	6.25	13.1338390983345	330
HARRINGTON_CDA_CS	2023	10	29	302	0.6	7.3	6.45812310601848	-999.9	0	3.99305555555556	5.51209811769106	330
HARRINGTON_CDA_CS	2023	10	30	303	-0.2	4	5.04191555033179	-999.9	6.3	1.26157407407407	6.04703435662239	330
HARRINGTON_CDA_CS	2023	10	31	304	-1.2	6	6.50952285873805	-999.9	0.4	3.27546296296297	5.85034303482142	330
HARRINGTON_CDA_CS	2023	11	1	305	-1.3	3.9	5.45519136737331	-999.9	5.8	3.10185185185186	5.58176353114717	330
HARRINGTON_CDA_CS	2023	11	2	306	-1.4	3.7	5.32765123251342	-999.9	6.5	3.48379629629631	5.30750038066616	330
HARRINGTON_CDA_CS	2023	11	3	307	-0.9	6.9	6.4977201053695	-999.9	0	4.16666666666667	5.53742115708179	330
HARRINGTON_CDA_CS	2023	11	4	308	3.6	13.3	7.14639369674109	-999.9	0	5.08101851851853	8.84083391910088	330
HARRINGTON_CDA_CS	2023	11	5	309	1.8	6.3	4.80090294840744	-999.9	0	2.88194444444444	6.23168482209365	330
HARRINGTON_CDA_CS	2023	11	6	310	-3.2	4.1	6.03150760733854	-999.9	0	3.04398148148147	3.71236798419803	330
HARRINGTON_CDA_CS	2023	11	7	311	-1.5	10.6	7.66021834339135	-999.9	5.6	5.61342592592592	6.77990152724812	330
HARRINGTON_CDA_CS	2023	11	8	312	0.1	10.6	7.03991651401966	-999.9	2.5	5.625	7.63727008964029	330
HARRINGTON_CDA_CS	2023	11	9	313	1.2	6.6	4.98125481560248	-999.9	5.8	5.39351851851853	7.40804357693366	330
HARRINGTON_CDA_CS	2023	11	10	314	0.4	4.7	4.38625706439017	-999.9	0.2	3.25231481481481	6.1859823015009	330
HARRINGTON_CDA_CS	2023	11	11	315	0.7	5	4.32877913284119	-999.9	5.9	3.26388888888889	6.60047879996602	330
HARRINGTON_CDA_CS	2023	11	12	316	-0.7	4	4.46693206314195	-999.9	0.5	3.69212962962964	5.14296062322588	330
HARRINGTON_CDA_CS	2023	11	13	317	-1.2	3.2	4.26656557375107	-999.9	0	3.25231481481481	5.2646279001837	330
HARRINGTON_CDA_CS	2023	11	14	318	-0.2	3.5	3.86288443231295	-999.9	1.2	2.17592592592593	6.06516660344458	330
HARRINGTON_CDA_CS	2023	11	15	319	0	3.2	3.54745115196232	-999.9	0.6	2.52314814814815	5.94436218705025	330
HARRINGTON_CDA_CS	2023	11	16	320	0	7.8	5.47010809931119	-999.9	0	3.36805555555556	6.42458523711263	330
HARRINGTON_CDA_CS	2023	11	17	321	-1.4	10.5	6.6743762052531	-999.9	0	5.82175925925925	6.49947628083315	330
HARRINGTON_CDA_CS	2023	11	18	322	4.4	14.1	5.95385098348621	-999.9	37.5	7.55787037037036	10.6518207315887	330
HARRINGTON_CDA_CS	2023	11	19	323	-1.6	4.4	4.62757880880976	-999.9	0.2	4.44444444444444	5.48619365966525	330
HARRINGTON_CDA_CS	2023	11	20	324	-2.1	1.4	3.49361049587527	-999.9	2.4	4.08564814814814	4.42391735812279	330
HARRINGTON_CDA_CS	2023	11	21	325	-1.5	2.1	3.50312068613142	-999.9	0.4	3.93518518518519	4.49273086763831	330
HARRINGTON_CDA_CS	2023	11	22	326	-3.3	2.8	4.50960244028524	-999.9	4.1	3.92361111111111	4.34616933880054	330
HARRINGTON_CDA_CS	2023	11	23	327	0.8	6.5	4.31212498158355	-999.9	6.6	5.45138888888889	7.6402841056358	330
HARRINGTON_CDA_CS	2023	11	24	328	-7	3.6	5.8183986105533	-999.9	0.6	4.86111111111111	4.2681260104809	330
HARRINGTON_CDA_CS	2023	11	25	329	-8.3	-4.2	3.5814599387643	-999.9	0.2	5.20833333333333	2.43085874345692	330
HARRINGTON_CDA_CS	2023	11	26	330	-4.6	3.5	4.98372688917958	-999.9	0	3.56481481481481	4.16738320228228	330
HARRINGTON_CDA_CS	2023	11	27	331	0.3	8.2	4.87415829258763	-999.9	27.1	8.10185185185186	7.10817363838725	330
HARRINGTON_CDA_CS	2023	11	28	332	-3.1	4.5	4.73590369196618	-999.9	0.2	4.23611111111111	5.30796653520552	330
HARRINGTON_CDA_CS	2023	11	29	333	-6.7	-1.4	3.91908210231012	-999.9	0.2	5.37037037037036	2.88820414706529	330
HARRINGTON_CDA_CS	2023	11	30	334	-7.7	2.9	5.49407739491886	-999.9	0	4.81481481481481	3.67129166716547	330
HARRINGTON_CDA_CS	2023	12	1	335	2.2	9.2	4.42726896115647	-999.9	0	5.19675925925925	7.56880315383575	330
HARRINGTON_CDA_CS	2023	12	2	336	0.8	4.7	3.27807090277092	-999.9	9.6	4.09722222222222	7.10353171932068	330
HARRINGTON_CDA_CS	2023	12	3	337	-0.7	2.1	2.75627577524335	-999.9	0.2	4.57175925925925	4.86137634521865	330
HARRINGTON_CDA_CS	2023	12	4	338	-0.9	0.4	1.8643850967181	-999.9	6.8	6.73611111111111	5.63725936690709	330
HARRINGTON_CDA_CS	2023	12	5	339	-4.7	-0.8	3.206884357542	-999.9	2.7	5.19675925925925	4.61184202901206	330
HARRINGTON_CDA_CS	2023	12	6	340	-8.1	-0.5	4.44749543455724	-999.9	0.5	3.35648148148147	3.89454121053635	330
HARRINGTON_CDA_CS	2023	12	7	341	-5.5	-0.7	3.51286503672739	-999.9	0.8	5.46296296296297	4.20788760175739	330
HARRINGTON_CDA_CS	2023	12	8	342	-7.2	0	4.27776767717057	-999.9	0.7	5.30092592592592	3.81635535607464	330
HARRINGTON_CDA_CS	2023	12	9	343	-7.2	0.7	4.45713636818003	-999.9	0	2.87037037037036	4.06334915836617	330
HARRINGTON_CDA_CS	2023	12	10	344	-2	8.8	5.18597195231241	-999.9	0	6.11111111111111	6.63925345290214	330
HARRINGTON_CDA_CS	2023	12	11	345	2.2	14.6	5.53213091431813	-999.9	4.4	10.7986111111111	10.1646566830015	330
HARRINGTON_CDA_CS	2023	12	12	346	-2.7	2.3	3.49880742128242	-999.9	0	6.01851851851853	4.33759323840382	330
HARRINGTON_CDA_CS	2023	12	13	347	-6.8	3.2	4.93038730216164	-999.9	0	4.86111111111111	4.14711933610674	330
HARRINGTON_CDA_CS	2023	12	14	348	-7.8	-3.8	3.10850670523225	-999.9	0	5.98379629629631	2.40494281309628	330
HARRINGTON_CDA_CS	2023	12	15	349	-4.3	5.6	4.87727129864632	-999.9	0	5.71759259259258	4.5566152127397	330
HARRINGTON_CDA_CS	2023	12	16	350	-6.5	2.1	4.53570141447262	-999.9	0	5.90277777777778	3.41047359101568	330
HARRINGTON_CDA_CS	2023	12	17	351	-6.8	5.6	5.43678065225432	-999.9	0	5.56712962962964	4.39657102300156	330
HARRINGTON_CDA_CS	2023	12	18	352	5.3	13.3	4.36126680742134	-999.9	5	11.2847222222222	10.047470934039	330
HARRINGTON_CDA_CS	2023	12	19	353	6	13.1	4.10520961593954	-999.9	0.3	6.90972222222222	10.9474694691852	330
HARRINGTON_CDA_CS	2023	12	20	354	0.1	6.3	3.83480142827812	-999.9	2	5.64814814814814	6.89987758672622	330
HARRINGTON_CDA_CS	2023	12	21	355	-6.4	0.3	3.98683221254002	-999.9	0.5	14.537037037037	3.57894077129948	330
HARRINGTON_CDA_CS	2023	12	22	356	-6.4	-2.6	3.0041977307692	-999.9	0.9	10.1851851851852	3.20760472781906	330
HARRINGTON_CDA_CS	2023	12	23	357	-8.3	-2.8	3.61798326287853	-999.9	0	3.61111111111111	2.60834221069965	330
HARRINGTON_CDA_CS	2023	12	24	358	-3.5	4.1	4.25933935903761	-999.9	0	5.09259259259258	3.8158156292914	330
HARRINGTON_CDA_CS	2023	12	25	359	-2.8	7.3	4.91979767243748	-999.9	0	3.20601851851853	5.18628702460019	330
HARRINGTON_CDA_CS	2023	12	26	360	2.4	7	3.32825269203689	-999.9	0	4.83796296296297	7.24212956745673	330
HARRINGTON_CDA_CS	2023	12	27	361	0	2.6	2.50941879408495	-999.9	0	1.64351851851852	4.87947823533097	330
HARRINGTON_CDA_CS	2023	12	28	362	-2.7	3.6	3.91924497924009	-999.9	0	2.15277777777778	5.20722492266836	330
HARRINGTON_CDA_CS	2023	12	29	363	-0.5	0.6	1.64387478988902	-999.9	13.9	5.01157407407408	5.66449147219568	330
HARRINGTON_CDA_CS	2023	12	30	364	0	0.5	1.11298679564892	-999.9	12.3	2.21064814814815	6.20462075612178	330
HARRINGTON_CDA_CS	2023	12	31	365	-3.2	0.3	2.95843155812858	-999.9	1.7	4.05092592592592	4.91746172852081	330
