HARRINGTON_CDA_CS	2017	1	1	1	-7.7	3.1	5.22334883337298	-999.9	8.3	5.21990740740742	4.62755101021388	330
HARRINGTON_CDA_CS	2017	1	2	2	-6.8	-2	3.50147975015169	-999.9	0	3.62268518518519	3.31313204656495	330
HARRINGTON_CDA_CS	2017	1	3	3	-7.5	-2.8	3.48541745173238	-999.9	0	2.36111111111111	3.19171323422874	330
HARRINGTON_CDA_CS	2017	1	4	4	-2.8	5.9	4.77219313332718	-999.9	7.2	8.27546296296297	6.13954163114461	330
HARRINGTON_CDA_CS	2017	1	5	5	-4.5	3.2	4.51991554745754	-999.9	0.7	6.85185185185186	4.10698269992103	330
HARRINGTON_CDA_CS	2017	1	6	6	-8.8	-3.8	3.66831672891453	-999.9	0.6	2.1875	2.8359637588573	330
HARRINGTON_CDA_CS	2017	1	7	7	-12.3	-7.6	3.58338915947424	-999.9	12	2.41898148148148	2.06928681289557	330
HARRINGTON_CDA_CS	2017	1	8	8	-16.6	-3.8	5.96040145576272	-999.9	11.2	6.23842592592592	2.41798767297142	330
HARRINGTON_CDA_CS	2017	1	9	9	-21.1	-15.6	3.93944795599895	-999.9	0	3.92361111111111	1.0643911789232	330
HARRINGTON_CDA_CS	2017	1	10	10	-21	-1.8	7.42406507795701	-999.9	0	4.39814814814814	2.05733998219996	330
HARRINGTON_CDA_CS	2017	1	11	11	-3.3	5.2	4.98410167290805	-999.9	2	8.64583333333333	5.61102117194513	330
HARRINGTON_CDA_CS	2017	1	12	12	0.4	7.4	4.56517324032851	-999.9	3.8	6.05324074074075	7.23906448074448	330
HARRINGTON_CDA_CS	2017	1	13	13	-12	7.3	7.65345533217415	-999.9	0.6	5.87962962962964	3.94792520984324	330
HARRINGTON_CDA_CS	2017	1	14	14	-15.1	-12	3.09788622777381	-999.9	0	4.84953703703703	1.29958624730568	330
HARRINGTON_CDA_CS	2017	1	15	15	-13.7	-8.2	4.16871209498826	-999.9	0.5	3.79629629629631	1.84168506622523	330
HARRINGTON_CDA_CS	2017	1	16	16	-14.9	-1.4	6.60007247050084	-999.9	0.5	4.53703703703703	2.44088630172429	330
HARRINGTON_CDA_CS	2017	1	17	17	-8	-2.1	4.41051667110748	-999.9	0.2	5.79861111111111	3.02507619195214	330
HARRINGTON_CDA_CS	2017	1	18	18	-10.2	-4.2	4.49713718991519	-999.9	0	2.26851851851852	2.68075871532279	330
HARRINGTON_CDA_CS	2017	1	19	19	-10.4	-1.7	5.47680906798305	-999.9	0.9	2.77777777777778	3.48678670018697	330
HARRINGTON_CDA_CS	2017	1	20	20	-3.3	-1.1	2.78607107572684	-999.9	0.6	2.98611111111111	4.68151161089644	330
HARRINGTON_CDA_CS	2017	1	21	21	-4.5	-1.4	3.34637794065705	-999.9	0	2.52314814814815	4.35010508649066	330
HARRINGTON_CDA_CS	2017	1	22	22	-3.7	-0.5	3.44094593049347	-999.9	0.5	4.74537037037036	4.62636001002838	330
HARRINGTON_CDA_CS	2017	1	23	23	-8.1	-2.5	4.60782578787097	-999.9	0	4.03935185185186	3.08304724309811	330
HARRINGTON_CDA_CS	2017	1	24	24	-8.1	0.5	5.7814392511868	-999.9	7.2	3.24074074074075	3.83302436608835	330
HARRINGTON_CDA_CS	2017	1	25	25	-0.1	3.5	3.7879420241036	-999.9	45.8	4.80324074074075	6.42075072747874	330
HARRINGTON_CDA_CS	2017	1	26	26	-0.6	2.5	3.56019700042427	-999.9	4.8	5.38194444444445	6.00689919681534	330
HARRINGTON_CDA_CS	2017	1	27	27	-3.2	1.9	4.62583739771689	-999.9	0.2	7.04861111111111	4.41318377695657	330
HARRINGTON_CDA_CS	2017	1	28	28	-5.5	-1.5	4.15062605715419	-999.9	0	7.39583333333333	3.12382571311634	330
HARRINGTON_CDA_CS	2017	1	29	29	-3.8	2.4	5.23623792624248	-999.9	0	5.04629629629631	4.38159160234179	330
HARRINGTON_CDA_CS	2017	1	30	30	-6.4	-0.8	5.04329573894914	-999.9	0	2.29166666666667	3.37510152507937	330
HARRINGTON_CDA_CS	2017	1	31	31	-12	-4.7	5.83621401878299	-999.9	0	2.63888888888889	2.43307290517366	330
HARRINGTON_CDA_CS	2017	2	1	32	-12.2	-2.7	6.74883739103886	-999.9	0	1.48148148148148	2.72284638020786	330
HARRINGTON_CDA_CS	2017	2	2	33	-9.5	-3.3	5.52718579667413	-999.9	0.9	2.30324074074074	3.24742161671138	330
HARRINGTON_CDA_CS	2017	2	3	34	-14.8	-7.6	6.03885969751576	-999.9	0	4.56018518518519	1.68502261270683	330
HARRINGTON_CDA_CS	2017	2	4	35	-16.4	-11.7	4.94713021129182	-999.9	0	3.39120370370369	1.28552704221743	330
HARRINGTON_CDA_CS	2017	2	5	36	-15.8	-1	8.90188888353016	-999.9	2.5	3.83101851851853	2.3474396129804	330
HARRINGTON_CDA_CS	2017	2	6	37	-14.8	-1	8.71695810901754	-999.9	0.8	5.625	2.38539889846157	330
HARRINGTON_CDA_CS	2017	2	7	38	-17.4	-12.8	5.10389545116298	-999.9	0	4.09722222222222	1.10149404056227	330
HARRINGTON_CDA_CS	2017	2	8	39	-12.9	5	10.2109552075602	-999.9	6.4	5.16203703703703	3.89583727526759	330
HARRINGTON_CDA_CS	2017	2	9	40	-8.9	-1.9	6.47622269274872	-999.9	5	6.09953703703703	3.16245381089068	330
HARRINGTON_CDA_CS	2017	2	10	41	-16.1	-5.1	8.23406571843001	-999.9	1.5	7.53472222222222	2.20418625392845	330
HARRINGTON_CDA_CS	2017	2	11	42	-17.7	-12	6.01186918149746	-999.9	0	2.68518518518519	1.32004243185932	330
HARRINGTON_CDA_CS	2017	2	12	43	-17.4	-6.2	8.54753198402372	-999.9	0.7	2.40740740740741	1.86158156593478	330
HARRINGTON_CDA_CS	2017	2	13	44	-7.4	-3.1	5.37189917988426	-999.9	7.4	8.91203703703703	3.52644015942504	330
HARRINGTON_CDA_CS	2017	2	14	45	-5.8	-3.1	4.31754167527647	-999.9	2.9	8.96990740740742	3.9242752698632	330
HARRINGTON_CDA_CS	2017	2	15	46	-5	-2.7	4.04180813301788	-999.9	0.7	3.24074074074075	3.89067405310584	330
HARRINGTON_CDA_CS	2017	2	16	47	-4.5	-1.8	4.4416458578222	-999.9	15.1	8.21759259259258	4.50801237156895	330
HARRINGTON_CDA_CS	2017	2	17	48	-4.2	-0.8	5.05524365632762	-999.9	0.4	6.09953703703703	4.1039575579795	330
HARRINGTON_CDA_CS	2017	2	18	49	-6.9	0	7.30390897623243	-999.9	0	4.22453703703703	3.20681159543822	330
HARRINGTON_CDA_CS	2017	2	19	50	-2.9	1.3	5.77921133890888	-999.9	0	3.51851851851853	4.8659523438087	330
HARRINGTON_CDA_CS	2017	2	20	51	-4.6	-1.7	4.87010665753686	-999.9	0.3	5.86805555555556	4.20087750806448	330
HARRINGTON_CDA_CS	2017	2	21	52	-9.9	-2.9	7.67297914603115	-999.9	0.2	3.59953703703703	2.9697964174322	330
HARRINGTON_CDA_CS	2017	2	22	53	-7.9	3.3	9.84185981579126	-999.9	0	2.87037037037036	4.12850139146533	330
HARRINGTON_CDA_CS	2017	2	23	54	-5.5	5.9	10.0681377732867	-999.9	0	4.09722222222222	5.14009192516771	330
HARRINGTON_CDA_CS	2017	2	24	55	0.9	9.5	8.86640880980884	-999.9	0.8	3.68055555555556	7.08461141601883	330
HARRINGTON_CDA_CS	2017	2	25	56	-1.7	7.6	9.34787680695324	-999.9	5.2	3.95833333333333	7.11365157808388	330
HARRINGTON_CDA_CS	2017	2	26	57	-4.4	9.2	11.4599611006731	-999.9	12.9	6.37731481481481	6.03269138915352	330
HARRINGTON_CDA_CS	2017	2	27	58	-5.2	3.2	9.12983294610511	-999.9	0	6.14583333333333	3.64458255847022	330
HARRINGTON_CDA_CS	2017	2	28	59	-6	0.1	7.88611519499464	-999.9	0	3.44202898550725	2.76454491823619	330
HARRINGTON_CDA_CS	2017	3	1	60	-2.6	7.7	10.3861744918965	-999.9	2	6.45833333333333	6.53224628719284	330
HARRINGTON_CDA_CS	2017	3	2	61	-7.3	6.5	12.1836524254694	-999.9	6.4	3.125	5.76276713691459	330
HARRINGTON_CDA_CS	2017	3	3	62	-12.3	-5.2	8.85581792642003	-999.9	0	5.70601851851853	2.19358963177237	330
HARRINGTON_CDA_CS	2017	3	4	63	-14.7	-10.6	6.81886491148948	-999.9	1.2	5.13888888888889	1.53237941776268	330
HARRINGTON_CDA_CS	2017	3	5	64	-11.1	-5.6	8.00165558067823	-999.9	0.7	8.83101851851853	2.38685811256143	330
HARRINGTON_CDA_CS	2017	3	6	65	-7.5	-3.8	6.64865934190281	-999.9	0	6.28472222222222	3.26012756450626	330
HARRINGTON_CDA_CS	2017	3	7	66	-9.3	-0.2	10.5619405473085	-999.9	0	2.62731481481481	3.2361118950277	330
HARRINGTON_CDA_CS	2017	3	8	67	-1.3	7.1	10.2779467226069	-999.9	5.1	6.79398148148147	7.07284130950557	330
HARRINGTON_CDA_CS	2017	3	9	68	-3.9	5	10.7141613065021	-999.9	2.6	5.18518518518519	5.06676380924221	330
HARRINGTON_CDA_CS	2017	3	10	69	-11.8	-3.8	10.2862321651015	-999.9	0	5.47453703703703	1.84855326402554	330
HARRINGTON_CDA_CS	2017	3	11	70	-19	-11.7	9.94882056563955	-999.9	0	6.875	1.09388151270802	330
HARRINGTON_CDA_CS	2017	3	12	71	-18.9	-6.5	13.1271241352949	-999.9	0	5.85648148148147	1.33334400788935	330
HARRINGTON_CDA_CS	2017	3	13	72	-9.8	-3	9.84035219925937	-999.9	0	2.85879629629631	2.93489496380853	330
HARRINGTON_CDA_CS	2017	3	14	73	-8.4	1.9	12.2580181572417	-999.9	8.8	4.15509259259258	3.59403834738014	330
HARRINGTON_CDA_CS	2017	3	15	74	-1	5.3	9.70207512978373	-999.9	0.2	7.5	6.01022054959444	330
HARRINGTON_CDA_CS	2017	3	16	75	-3.3	-0.4	6.66089510040691	-999.9	0	6.07638888888889	3.93417597943273	330
HARRINGTON_CDA_CS	2017	3	17	76	-5.1	-1.6	7.40376640523453	-999.9	0	3.19444444444444	3.54539875054865	330
HARRINGTON_CDA_CS	2017	3	18	77	-5.6	-0.4	9.12957749005818	-999.9	0	3.4375	3.7901905704077	330
HARRINGTON_CDA_CS	2017	3	19	78	-7.9	2.1	12.8063092349166	-999.9	0.3	2.5	3.40111753549614	330
HARRINGTON_CDA_CS	2017	3	20	79	-2.6	-0.6	5.79239387341289	-999.9	0.4	7.01388888888889	4.9730583606799	330
HARRINGTON_CDA_CS	2017	3	21	80	-3.8	-0.7	7.29267195220345	-999.9	0	6.03009259259258	4.59298480285467	330
HARRINGTON_CDA_CS	2017	3	22	81	-5.1	4.7	13.1106676860585	-999.9	5	4.12037037037036	4.71817230813013	330
HARRINGTON_CDA_CS	2017	3	23	82	-10.3	-4.9	9.83914559109563	-999.9	1.3	8.85416666666667	2.59482790327999	330
HARRINGTON_CDA_CS	2017	3	24	83	-10.2	-1.2	12.8402337143834	-999.9	0	4.73379629629631	2.54718385686782	330
HARRINGTON_CDA_CS	2017	3	25	84	-6.6	1.5	12.3119673939443	-999.9	0.2	4.08564814814814	4.04615608655554	330
HARRINGTON_CDA_CS	2017	3	26	85	-7.5	-3	9.27398297879938	-999.9	0	4.36342592592592	2.3032277949278	330
HARRINGTON_CDA_CS	2017	3	27	86	-8.6	-1.2	12.0169028596605	-999.9	1.5	1.68981481481481	2.95208843176887	330
HARRINGTON_CDA_CS	2017	3	28	87	-4.5	1	10.466850716757	-999.9	0.2	3.42592592592592	4.32645422631677	330
HARRINGTON_CDA_CS	2017	3	29	88	-2.4	-0.3	6.53346366168841	-999.9	1.7	4.15509259259258	4.81818902695912	330
HARRINGTON_CDA_CS	2017	3	30	89	-2.2	-1.2	4.55380022059695	-999.9	0	9.72222222222222	4.7130047533723	330
HARRINGTON_CDA_CS	2017	3	31	90	-4.4	-1.8	7.41552073631732	-999.9	0	8.46064814814814	4.0959215552665	330
HARRINGTON_CDA_CS	2017	4	1	91	-5	1	11.3750253737006	-999.9	0	4.29398148148147	4.34921917585296	330
HARRINGTON_CDA_CS	2017	4	2	92	-2.6	0.5	8.2550565687222	-999.9	1.1	3.76157407407408	5.14021645190451	330
HARRINGTON_CDA_CS	2017	4	3	93	-2.7	0	7.77721644946969	-999.9	0	5.78703703703703	4.81818902695912	330
HARRINGTON_CDA_CS	2017	4	4	94	-2.9	1.2	9.67337321689134	-999.9	0	3.58796296296297	4.56705038976336	330
HARRINGTON_CDA_CS	2017	4	5	95	-2.6	4.4	12.7561424290095	-999.9	0	4.61805555555556	4.9675273022679	330
HARRINGTON_CDA_CS	2017	4	6	96	-0.9	8.4	14.8366813876684	-999.9	0.8	5.24305555555556	6.41644125678657	330
HARRINGTON_CDA_CS	2017	4	7	97	2.9	15.2	17.2152558511039	-999.9	15.8	6.95601851851853	10.7252979592129	330
HARRINGTON_CDA_CS	2017	4	8	98	2.8	8.1	11.400009775976	-999.9	0	5.13888888888889	7.54763862306395	330
HARRINGTON_CDA_CS	2017	4	9	99	1.2	6	10.9429668450338	-999.9	0	2.7662037037037	6.46231046267074	330
HARRINGTON_CDA_CS	2017	4	10	100	0.2	13.1	18.0924509885711	-999.9	0	5.21990740740742	6.56596051166705	330
HARRINGTON_CDA_CS	2017	4	11	101	1.6	17	19.9338881659064	-999.9	0	4.86111111111111	8.25362978191302	330
HARRINGTON_CDA_CS	2017	4	12	102	1.3	13.9	18.1797199167015	-999.9	0	2.98611111111111	8.56906766808552	330
HARRINGTON_CDA_CS	2017	4	13	103	1	10.4	15.8298717098484	-999.9	0	4.18981481481481	7.26221872228797	330
HARRINGTON_CDA_CS	2017	4	14	104	0.1	7.2	13.8674192987873	-999.9	0	2.95138888888889	6.11481426136443	330
HARRINGTON_CDA_CS	2017	4	15	105	0.4	10.5	16.6694697516804	-999.9	0	3.79629629629631	4.86798124512087	330
HARRINGTON_CDA_CS	2017	4	16	106	1.1	9.7	15.5005372981675	-999.9	11.5	4.81481481481481	7.18010514886907	330
HARRINGTON_CDA_CS	2017	4	17	107	-1.7	1.2	9.06932467355217	-999.9	3.1	5.71759259259258	5.56219599317997	330
HARRINGTON_CDA_CS	2017	4	18	108	-5.4	1.4	13.9910731954373	-999.9	0.2	6.06481481481481	3.57833167337826	330
HARRINGTON_CDA_CS	2017	4	19	109	-5.9	3.1	16.2136524224964	-999.9	0	2.61574074074074	3.81161000647317	330
HARRINGTON_CDA_CS	2017	4	20	110	-1	2.9	10.7497303273566	-999.9	0	3.20601851851853	4.90173971071934	330
HARRINGTON_CDA_CS	2017	4	21	111	-2.8	4.8	15.111952596672	-999.9	0	3.73842592592592	5.2646279001837	330
HARRINGTON_CDA_CS	2017	4	22	112	-2.7	6	16.2803983429266	-999.9	0	2.03703703703704	5.44650804618188	330
HARRINGTON_CDA_CS	2017	4	23	113	0.1	4.6	11.7881758627203	-999.9	1.2	2.82407407407408	6.29709650293506	330
HARRINGTON_CDA_CS	2017	4	24	114	-2.6	7.1	17.4222702809862	-999.9	0	3.96990740740742	5.40445483243937	330
HARRINGTON_CDA_CS	2017	4	25	115	-3.7	6.7	18.1575777638319	-999.9	0.3	2.46527777777778	3.84719581297114	330
HARRINGTON_CDA_CS	2017	4	26	116	4.8	11.9	15.0986065979282	-999.9	1.8	6.45833333333333	8.57815854373085	330
HARRINGTON_CDA_CS	2017	4	27	117	11.6	18.5	14.9776280111993	-999.9	0.7	6.28472222222222	15.4798005074707	330
HARRINGTON_CDA_CS	2017	4	28	118	13.2	18.4	13.0820431006456	-999.9	4.4	4.32870370370369	15.7627896213112	330
HARRINGTON_CDA_CS	2017	4	29	119	5.1	19.3	21.747951638562	-999.9	0	4.34027777777778	10.6061096837147	330
HARRINGTON_CDA_CS	2017	4	30	120	0.3	7.3	15.3592011481972	-999.9	0	6.18055555555556	4.7787721494059	330
HARRINGTON_CDA_CS	2017	5	1	121	0.8	9.9	17.612910638798	-999.9	3.6	3.62268518518519	5.96778211536949	330
HARRINGTON_CDA_CS	2017	5	2	122	3.3	13.2	18.4741528753045	-999.9	8.8	5.97222222222222	10.1875178371649	330
HARRINGTON_CDA_CS	2017	5	3	123	6.7	14.9	16.9058224017541	-999.9	1.1	5.09259259259258	10.5778927433327	330
HARRINGTON_CDA_CS	2017	5	4	124	4.4	14.5	18.8633450884985	-999.9	0.7	4.74537037037036	7.03912163943115	330
HARRINGTON_CDA_CS	2017	5	5	125	5.2	17.4	20.8407362365034	-999.9	0.3	5.08101851851853	6.93527124861198	330
HARRINGTON_CDA_CS	2017	5	6	126	6.6	14.4	16.7495173862065	-999.9	22.9	7.78935185185186	11.3405883954167	330
HARRINGTON_CDA_CS	2017	5	7	127	13.8	18.1	12.4985052593383	-999.9	13.7	8.32175925925925	16.4220082442219	330
HARRINGTON_CDA_CS	2017	5	8	128	5.9	18.6	21.5844914432339	-999.9	2.4	6.60879629629631	10.5923397221556	330
HARRINGTON_CDA_CS	2017	5	9	129	3.7	12.8	18.3579541820329	-999.9	30.2	3.86574074074075	9.12479115630958	330
HARRINGTON_CDA_CS	2017	5	10	130	3.7	6.8	10.7645486821801	-999.9	19.4	4.44444444444444	8.26345914530626	330
HARRINGTON_CDA_CS	2017	5	11	131	2.6	6.5	12.1284889094671	-999.9	3	4.88425925925925	8.04004029278377	330
HARRINGTON_CDA_CS	2017	5	12	132	1.9	8.7	16.0855726405346	-999.9	0.2	4.07407407407408	7.85345440647736	330
HARRINGTON_CDA_CS	2017	5	13	133	2.7	14	20.8246387991302	-999.9	0	2.91666666666667	8.34295097075759	330
HARRINGTON_CDA_CS	2017	5	14	134	4.1	16.2	21.6389344959748	-999.9	1.5	4.54861111111111	8.63216716695688	330
HARRINGTON_CDA_CS	2017	5	15	135	4	11.3	16.8755729886806	-999.9	18.5	5.68287037037036	9.46766170722445	330
HARRINGTON_CDA_CS	2017	5	16	136	3.1	10.9	17.5124745417842	-999.9	0.5	4.00462962962964	9.33511876568034	330
HARRINGTON_CDA_CS	2017	5	17	137	8.9	17.6	18.5657454069237	-999.9	0	4.16666666666667	8.29999076132015	330
HARRINGTON_CDA_CS	2017	5	18	138	10.5	24.4	23.5538747809503	-999.9	0.3	3.03240740740742	13.6876558151112	330
HARRINGTON_CDA_CS	2017	5	19	139	7.1	26.6	27.997827018899	-999.9	0	5.37037037037036	14.3053313929309	330
HARRINGTON_CDA_CS	2017	5	20	140	6.1	9.1	11.0197000655058	-999.9	0	6.66666666666667	6.26738639332453	330
HARRINGTON_CDA_CS	2017	5	21	141	4.6	10.2	15.1062113073754	-999.9	0	7.17592592592592	5.60501073188841	330
HARRINGTON_CDA_CS	2017	5	22	142	2.4	18.3	25.5365934830565	-999.9	0.4	2.12962962962963	6.073157503456	330
HARRINGTON_CDA_CS	2017	5	23	143	6.8	11.4	13.778337813174	-999.9	0.8	4.36342592592592	9.28913317387196	330
HARRINGTON_CDA_CS	2017	5	24	144	3.9	17.3	23.5871060231722	-999.9	0.4	2.62731481481481	11.1491035676439	330
HARRINGTON_CDA_CS	2017	5	25	145	3.8	11.8	18.2777449658568	-999.9	0	3.26388888888889	8.8063356977193	330
HARRINGTON_CDA_CS	2017	5	26	146	5.3	8.6	11.7717527601611	-999.9	21.4	5.28935185185186	8.95785756724692	330
HARRINGTON_CDA_CS	2017	5	27	147	4.9	10.3	15.0986782858319	-999.9	0	4.88425925925925	9.01018684977595	330
HARRINGTON_CDA_CS	2017	5	28	148	4.4	13.1	19.2137029546697	-999.9	0	1.97916666666667	9.01276709261454	330
HARRINGTON_CDA_CS	2017	5	29	149	0.5	10.6	20.7526319339697	-999.9	0	3.37962962962964	7.64588440616834	330
HARRINGTON_CDA_CS	2017	5	30	150	0	15.7	25.9343385273479	-999.9	0	1.72453703703704	7.77884752633793	330
HARRINGTON_CDA_CS	2017	5	31	151	6.8	17.1	21.0527462182784	-999.9	5.8	5.24305555555556	9.92750446305974	330
HARRINGTON_CDA_CS	2017	6	1	152	10.6	19	19.0522667508258	-999.9	0	3.34490740740742	14.3595934677187	330
HARRINGTON_CDA_CS	2017	6	2	153	9	18	19.7604728776634	-999.9	0	2.32638888888889	12.9985596697163	330
HARRINGTON_CDA_CS	2017	6	3	154	6.7	17	21.1795183890206	-999.9	4.3	2.16435185185185	12.0596875753102	330
HARRINGTON_CDA_CS	2017	6	4	155	5.7	10.1	13.867482654687	-999.9	0	5.09259259259258	9.7893118440333	330
HARRINGTON_CDA_CS	2017	6	5	156	3.8	7.5	12.737920226806	-999.9	0	5.08101851851853	8.12448743601609	330
HARRINGTON_CDA_CS	2017	6	6	157	4.9	12.9	18.75951788144	-999.9	0	4.47916666666667	9.63207151023529	330
HARRINGTON_CDA_CS	2017	6	7	158	3.9	19.4	26.1501562991043	-999.9	0.3	2.11805555555556	9.65808708842856	330
HARRINGTON_CDA_CS	2017	6	8	159	10.6	27.1	27.0168684115334	-999.9	0	5.04629629629631	11.3552754696699	330
HARRINGTON_CDA_CS	2017	6	9	160	8.8	15.4	17.1081291075	-999.9	32.2	7.41898148148147	10.1998543036218	330
HARRINGTON_CDA_CS	2017	6	10	161	11.1	19.1	18.856716021217	-999.9	0	4.67592592592592	11.1431588068621	330
HARRINGTON_CDA_CS	2017	6	11	162	11.3	27.2	26.6111240660086	-999.9	0	6.86342592592592	14.2739573687112	330
HARRINGTON_CDA_CS	2017	6	12	163	13.2	22.8	20.6965047571872	-999.9	0.3	2.1412037037037	12.5284356399839	330
HARRINGTON_CDA_CS	2017	6	13	164	11.8	25.7	24.9240567492984	-999.9	3	3.55324074074075	14.8523911392491	330
HARRINGTON_CDA_CS	2017	6	14	165	5.4	13.7	19.2731890958649	-999.9	0	4.96527777777778	8.56193135278442	330
HARRINGTON_CDA_CS	2017	6	15	166	3.9	15.9	23.1879140491792	-999.9	0.3	1.67824074074074	8.85343037080255	330
HARRINGTON_CDA_CS	2017	6	16	167	5.2	18.7	24.6063859235378	-999.9	0.5	1.5625	10.3206148643748	330
HARRINGTON_CDA_CS	2017	6	17	168	11.9	16.1	13.7299478638124	-999.9	3.4	5.71759259259258	13.5618257084635	330
HARRINGTON_CDA_CS	2017	6	18	169	15.3	24	19.7660828201903	-999.9	0	5.16203703703703	19.0502426297222	330
HARRINGTON_CDA_CS	2017	6	19	170	19.8	25.8	16.4174925954856	-999.9	0	6.60879629629631	22.7145586995328	330
HARRINGTON_CDA_CS	2017	6	20	171	16.4	25	19.656407834645	-999.9	1.5	6.58564814814814	21.0211894286806	330
HARRINGTON_CDA_CS	2017	6	21	172	14.2	25	22.0264272579944	-999.9	0	5.17361111111111	16.4417256338661	330
HARRINGTON_CDA_CS	2017	6	22	173	12.6	24.5	23.1172654601788	-999.9	0.6	3.64583333333333	14.4884253998606	330
HARRINGTON_CDA_CS	2017	6	23	174	13.4	25	22.8179345301763	-999.9	1.9	3.88888888888889	14.650723732528	330
HARRINGTON_CDA_CS	2017	6	24	175	15.8	20.3	14.2066444921328	-999.9	21.7	5.81018518518519	18.7851851789753	330
HARRINGTON_CDA_CS	2017	6	25	176	14.8	24.3	20.6318678245879	-999.9	0	3.62268518518519	15.4683907443395	330
HARRINGTON_CDA_CS	2017	6	26	177	13.6	23.8	21.3659340409717	-999.9	0.7	3.48379629629631	14.9673148431567	330
HARRINGTON_CDA_CS	2017	6	27	178	12	24	23.1585322381336	-999.9	4.4	2.29166666666667	13.4177732491627	330
HARRINGTON_CDA_CS	2017	6	28	179	13	21.4	19.3603054700739	-999.9	0.2	3.62268518518519	14.6126843527269	330
HARRINGTON_CDA_CS	2017	6	29	180	11.7	23.1	22.5336045624699	-999.9	0	3.59953703703703	13.784378217053	330
HARRINGTON_CDA_CS	2017	6	30	181	13.6	18.8	15.2033431613141	-999.9	0	3.18287037037036	15.4003547434549	330
HARRINGTON_CDA_CS	2017	7	1	182	14.3	19.8	15.618216136927	-999.9	0	2.77777777777778	16.9758897048934	330
HARRINGTON_CDA_CS	2017	7	2	183	15.5	23.5	18.8131351214961	-999.9	11.3	5.35879629629631	20.114256256565	330
HARRINGTON_CDA_CS	2017	7	3	184	15.8	26.9	22.1308027966884	-999.9	0	4.54861111111111	18.1487163347251	330
HARRINGTON_CDA_CS	2017	7	4	185	9.6	18.7	20.0091770834087	-999.9	0.3	3.35648148148147	12.0722950579334	330
HARRINGTON_CDA_CS	2017	7	5	186	9.3	23	24.5129157286003	-999.9	1.2	2.30324074074074	11.6407884028816	330
HARRINGTON_CDA_CS	2017	7	6	187	14.9	24.5	20.4856481720945	-999.9	0	5.20833333333333	13.2134528881784	330
HARRINGTON_CDA_CS	2017	7	7	188	15.9	26.2	21.1819186249695	-999.9	0.7	6.45833333333333	17.3781453065782	330
HARRINGTON_CDA_CS	2017	7	8	189	16.7	24.3	18.1609760414359	-999.9	0.4	1.85185185185185	18.9072096567452	330
HARRINGTON_CDA_CS	2017	7	9	190	16.1	25.4	20.0499185322996	-999.9	0	4.65277777777778	19.1366331606284	330
HARRINGTON_CDA_CS	2017	7	10	191	14.9	25.3	21.1582389770756	-999.9	0	4.09722222222222	15.3549899070593	330
HARRINGTON_CDA_CS	2017	7	11	192	16.8	24.9	18.63159104922	-999.9	0	5.28935185185186	17.4347332577808	330
HARRINGTON_CDA_CS	2017	7	12	193	14.1	21.6	17.8869145629061	-999.9	0	2.71990740740741	14.2259566618865	330
HARRINGTON_CDA_CS	2017	7	13	194	11.3	20.2	19.4379228396724	-999.9	0	0.729166666666667	12.2858141117033	330
HARRINGTON_CDA_CS	2017	7	14	195	11.5	24.2	23.1611082961236	-999.9	0	2.04861111111111	13.9599707411878	330
HARRINGTON_CDA_CS	2017	7	15	196	12.8	23.6	21.3021993759796	-999.9	0	2.74305555555556	12.9404608768747	330
HARRINGTON_CDA_CS	2017	7	16	197	15.8	26	20.6452472968473	-999.9	0	2.89351851851853	17.3933697150577	330
HARRINGTON_CDA_CS	2017	7	17	198	15.7	25.9	20.5863686548191	-999.9	0.5	1.59722222222222	20.1643793024452	330
HARRINGTON_CDA_CS	2017	7	18	199	16.8	25	18.4034112293122	-999.9	0	3.55324074074075	20.1026817634199	330
HARRINGTON_CDA_CS	2017	7	19	200	16.5	27.1	20.8596987177299	-999.9	0	3.73842592592592	21.0678136434644	330
HARRINGTON_CDA_CS	2017	7	20	201	17.3	26.2	19.053098002523	-999.9	0	2.68518518518519	21.3737777420209	330
HARRINGTON_CDA_CS	2017	7	21	202	15.7	27.7	22.0510042666021	-999.9	24.3	2.52314814814815	20.3747276020464	330
HARRINGTON_CDA_CS	2017	7	22	203	11	20.4	19.4500321859432	-999.9	0	3.66898148148147	12.4835133748232	330
HARRINGTON_CDA_CS	2017	7	23	204	10	18.7	18.6460138115696	-999.9	0	3.02083333333333	10.1638976621277	330
HARRINGTON_CDA_CS	2017	7	24	205	10.6	20.3	19.6170355749095	-999.9	2.4	2.73148148148148	11.8899050960029	330
HARRINGTON_CDA_CS	2017	7	25	206	10.9	19.7	18.6149111726832	-999.9	1.2	2.89351851851853	13.8764531024351	330
HARRINGTON_CDA_CS	2017	7	26	207	10.9	23.9	22.537940433953	-999.9	0	1.78240740740741	13.4933931521575	330
HARRINGTON_CDA_CS	2017	7	27	208	13.8	20.5	16.1158597756606	-999.9	0	4.64120370370369	14.0051907335686	330
HARRINGTON_CDA_CS	2017	7	28	209	13.7	20.9	16.6381972611071	-999.9	0	4.36342592592592	16.266836926318	330
HARRINGTON_CDA_CS	2017	7	29	210	12.7	23	19.8167663285409	-999.9	0	2.04861111111111	14.5262633465463	330
HARRINGTON_CDA_CS	2017	7	30	211	12.2	21.5	18.7490735248779	-999.9	0	2.68518518518519	14.0153584592904	330
HARRINGTON_CDA_CS	2017	7	31	212	13.5	27.2	22.6554440087173	-999.9	0.3	3.09027777777778	14.2987229788211	330
HARRINGTON_CDA_CS	2017	8	1	213	12.6	23.7	20.3000598431385	-999.9	0.2	3.51851851851853	15.1001188745694	330
HARRINGTON_CDA_CS	2017	8	2	214	10.2	27.5	25.2250346039734	-999.9	0	2.29166666666667	14.6348763494861	330
HARRINGTON_CDA_CS	2017	8	3	215	16.3	27	19.7434310767806	-999.9	0	4.23611111111111	18.1808603442567	330
HARRINGTON_CDA_CS	2017	8	4	216	17.1	27.7	19.5548545934846	-999.9	0	3.87731481481481	18.5767393943022	330
HARRINGTON_CDA_CS	2017	8	5	217	17.8	27.8	18.8982348737557	-999.9	0	5.17361111111111	20.2178152841956	330
HARRINGTON_CDA_CS	2017	8	6	218	14.7	22.5	16.6049110784996	-999.9	47.9	4.94212962962964	18.3884656529172	330
HARRINGTON_CDA_CS	2017	8	7	219	12.2	22.6	19.07313658007	-999.9	0	4.28240740740742	13.759436640062	330
HARRINGTON_CDA_CS	2017	8	8	220	11.8	17.8	14.4093772577519	-999.9	0.9	2.25694444444444	14.3666359363149	330
HARRINGTON_CDA_CS	2017	8	9	221	11.5	22.9	19.7530355459552	-999.9	0.2	3.58796296296297	13.5865126987433	330
HARRINGTON_CDA_CS	2017	8	10	222	15.3	24.6	17.7411665713855	-999.9	0	3.31018518518519	17.3047114704358	330
HARRINGTON_CDA_CS	2017	8	11	223	13.8	25.5	19.7851845995758	-999.9	0.3	2.36111111111111	14.4317110244317	330
HARRINGTON_CDA_CS	2017	8	12	224	16.4	20.8	12.0622114323768	-999.9	19.5	2.73148148148148	18.2629471160372	330
HARRINGTON_CDA_CS	2017	8	13	225	15.8	23	15.3379375133874	-999.9	0	4.49074074074075	19.5937202604952	330
HARRINGTON_CDA_CS	2017	8	14	226	15	24.8	17.7852639358483	-999.9	0	3.93518518518519	15.7201275792258	330
HARRINGTON_CDA_CS	2017	8	15	227	13.9	25.9	19.5582797229675	-999.9	0	1.96759259259259	16.7409150843703	330
HARRINGTON_CDA_CS	2017	8	16	228	11.2	23.1	19.3531742592999	-999.9	0.8	2.7662037037037	16.2217215061733	330
HARRINGTON_CDA_CS	2017	8	17	229	9.2	18.8	17.2702543663464	-999.9	1.3	3.90046296296297	11.5155147287841	330
HARRINGTON_CDA_CS	2017	8	18	230	11.1	18.7	15.2651035382493	-999.9	0	2.47685185185185	13.1624351789948	330
HARRINGTON_CDA_CS	2017	8	19	231	14.4	20.9	14.0224752995553	-999.9	10.8	5.17361111111111	17.1573673864511	330
HARRINGTON_CDA_CS	2017	8	20	232	16.4	24.2	15.255811762661	-999.9	0.2	4.67592592592592	20.4689692024498	330
HARRINGTON_CDA_CS	2017	8	21	233	15.5	25.4	17.0675178166618	-999.9	0	3.81944444444444	18.2816776403534	330
HARRINGTON_CDA_CS	2017	8	22	234	17.6	25.2	14.8480292422278	-999.9	0	2.5	19.5029389989496	330
HARRINGTON_CDA_CS	2017	8	23	235	17	22.3	12.3098704437679	-999.9	15.6	6.00694444444445	20.2984944149358	330
HARRINGTON_CDA_CS	2017	8	24	236	14.6	23.6	15.9233482226723	-999.9	0	2.96296296296297	15.6141958288893	330
HARRINGTON_CDA_CS	2017	8	25	237	12.7	20.5	14.7130218722851	-999.9	0	1.95601851851852	14.596458280708	330
HARRINGTON_CDA_CS	2017	8	26	238	12.2	17.6	12.1488885712514	-999.9	0	2.41898148148148	13.7152999845745	330
HARRINGTON_CDA_CS	2017	8	27	239	10.3	18.1	14.4882360935496	-999.9	0	1.33101851851852	13.0952560869726	330
HARRINGTON_CDA_CS	2017	8	28	240	9.2	20.8	17.529479566645	-999.9	0.8	1.36574074074074	12.4770345687057	330
HARRINGTON_CDA_CS	2017	8	29	241	10.8	23.4	18.1234223855782	-999.9	0	1.97916666666667	13.084731901321	330
HARRINGTON_CDA_CS	2017	8	30	242	11.6	21	15.5266124539378	-999.9	0.2	1.6087962962963	13.5295162387094	330
HARRINGTON_CDA_CS	2017	8	31	243	11.3	22.1	16.505371182384	-999.9	0.5	1.8287037037037	14.5225085796683	330
HARRINGTON_CDA_CS	2017	9	1	244	8.1	16.3	14.2614480176279	-999.9	1.8	2.90509259259258	10.4753168512923	330
HARRINGTON_CDA_CS	2017	9	2	245	7.7	13.8	12.1957192804142	-999.9	1.6	3.39120370370369	10.7513008210923	330
HARRINGTON_CDA_CS	2017	9	3	246	6	18.5	17.3071568905452	-999.9	1.6	3.41435185185186	10.927464594721	330
HARRINGTON_CDA_CS	2017	9	4	247	13.3	18.8	11.3794852514659	-999.9	9	6.03009259259258	15.4937794110628	330
HARRINGTON_CDA_CS	2017	9	5	248	14.4	24.2	15.0545268458446	-999.9	0	5.86805555555556	17.0837914964102	330
HARRINGTON_CDA_CS	2017	9	6	249	17.8	26.4	13.9752084247482	-999.9	0	6.37731481481481	20.844831795323	330
HARRINGTON_CDA_CS	2017	9	7	250	16	23	12.4926692392946	-999.9	10.4	6.08796296296297	20.2565070080259	330
HARRINGTON_CDA_CS	2017	9	8	251	11.7	21.3	14.4937622489873	-999.9	0	4.02777777777778	14.2604756316668	330
HARRINGTON_CDA_CS	2017	9	9	252	10.3	19.8	14.2819911627826	-999.9	0.7	1.79398148148148	14.6038563229107	330
HARRINGTON_CDA_CS	2017	9	10	253	10.2	16.6	11.6102229186891	-999.9	0	3.99305555555556	12.3867504960028	330
HARRINGTON_CDA_CS	2017	9	11	254	10.2	16.4	11.3165032943858	-999.9	0.2	6.11111111111111	12.5681923229536	330
HARRINGTON_CDA_CS	2017	9	12	255	10.5	16.6	11.1144880946842	-999.9	0.5	4.23611111111111	11.4024390411652	330
HARRINGTON_CDA_CS	2017	9	13	256	9.5	24.2	17.0818048104111	-999.9	0	2.29166666666667	13.72538552565	330
HARRINGTON_CDA_CS	2017	9	14	257	14.3	25	14.4264690465248	-999.9	0	2.92824074074075	16.3520983862988	330
HARRINGTON_CDA_CS	2017	9	15	258	12	19.1	11.6314295790639	-999.9	0.6	1.875	12.5520864356594	330
HARRINGTON_CDA_CS	2017	9	16	259	13.3	24.6	14.5218445484018	-999.9	0	3.88888888888889	18.5782253050347	330
HARRINGTON_CDA_CS	2017	9	17	260	12.1	16.8	9.26730015958529	-999.9	0	0.532407407407408	13.4970237893257	330
HARRINGTON_CDA_CS	2017	9	18	261	13.7	19.6	10.272955263961	-999.9	0	1.43518518518519	16.7255397278436	330
HARRINGTON_CDA_CS	2017	9	19	262	16.3	19.7	7.71467399596502	-999.9	0.7	2.5462962962963	18.6501867555929	330
HARRINGTON_CDA_CS	2017	9	20	263	13.5	24.7	13.8496826394235	-999.9	0	2.88194444444444	19.5454951341488	330
HARRINGTON_CDA_CS	2017	9	21	264	7.8	18.1	13.1354947469016	-999.9	0.3	3.92361111111111	11.2278110812576	330
HARRINGTON_CDA_CS	2017	9	22	265	5.8	19.5	14.9806217802068	-999.9	1.2	1.22685185185185	11.4148774367627	330
HARRINGTON_CDA_CS	2017	9	23	266	10.8	26	15.6019270593912	-999.9	0.2	3.19444444444444	15.4678894821211	330
HARRINGTON_CDA_CS	2017	9	24	267	9.7	20.9	13.2403051894484	-999.9	0.7	1.6087962962963	13.6509971033913	330
HARRINGTON_CDA_CS	2017	9	25	268	12.3	21.6	11.9263942223262	-999.9	0.2	2.06018518518519	14.6232976142446	330
HARRINGTON_CDA_CS	2017	9	26	269	12.9	28.5	15.26706043944	-999.9	0	5.40509259259258	19.2336733207996	330
HARRINGTON_CDA_CS	2017	9	27	270	11.1	20.4	11.6495029056051	-999.9	20.1	4.00462962962964	15.6501446263995	330
HARRINGTON_CDA_CS	2017	9	28	271	17.8	20.4	6.08658103942787	-999.9	0.6	3.63888888888889	16.0808493471389	330
HARRINGTON_CDA_CS	2017	9	29	272	8.1	11.2	6.56654817150413	-999.9	5.4	4.83796296296297	9.22884766901348	330
HARRINGTON_CDA_CS	2017	9	30	273	1.9	11.3	11.2963795069625	-999.9	1.3	3.49537037037036	6.98176899139893	330
HARRINGTON_CDA_CS	2017	10	1	274	2.2	16.2	13.6178565677336	-999.9	0	4.10879629629631	8.13491427901498	330
HARRINGTON_CDA_CS	2017	10	2	275	8	13.5	8.43037091249662	-999.9	0	6.37731481481481	8.3777777567584	330
HARRINGTON_CDA_CS	2017	10	3	276	6.7	12.6	8.62311328686528	-999.9	0	2.95138888888889	8.09097556143189	330
HARRINGTON_CDA_CS	2017	10	4	277	9.6	19.8	11.196030291627	-999.9	0	5.76388888888889	12.7068862646392	330
HARRINGTON_CDA_CS	2017	10	5	278	9.9	18.7	10.2679894248935	-999.9	0.2	3.58796296296297	12.6075790429869	330
HARRINGTON_CDA_CS	2017	10	6	279	8.2	16.8	10.0214076368116	-999.9	0	2.17592592592593	10.4899327029011	330
HARRINGTON_CDA_CS	2017	10	7	280	6.6	17.9	11.3399376747653	-999.9	0	2.46527777777778	9.99988682244184	330
HARRINGTON_CDA_CS	2017	10	8	281	15.3	22.9	9.17968884146545	-999.9	1.3	6.66666666666667	17.750972627748	330
HARRINGTON_CDA_CS	2017	10	9	282	15.6	21.2	7.77721309223982	-999.9	11	1.71296296296296	17.4157633722565	330
HARRINGTON_CDA_CS	2017	10	10	283	12.7	20.8	9.23085262571929	-999.9	9.5	2.87037037037036	17.9446337254829	330
HARRINGTON_CDA_CS	2017	10	11	284	7.8	13.1	7.36832106192756	-999.9	0	4.07407407407408	8.7856361620699	330
HARRINGTON_CDA_CS	2017	10	12	285	2.8	9.9	8.4150093927246	-999.9	0	3.71527777777778	5.691604888329	330
HARRINGTON_CDA_CS	2017	10	13	286	1.8	13	10.4278414748238	-999.9	0	2.04861111111111	6.62175364712721	330
HARRINGTON_CDA_CS	2017	10	14	287	8.8	16.1	8.30565103525251	-999.9	0	5.49768518518519	11.581370787596	330
HARRINGTON_CDA_CS	2017	10	15	288	9.5	20.1	9.87326236035398	-999.9	0.6	3.94675925925925	14.1694468156204	330
HARRINGTON_CDA_CS	2017	10	16	289	6.5	18.5	10.362496390419	-999.9	0	5.65972222222222	11.0417152901635	330
HARRINGTON_CDA_CS	2017	10	17	290	1.1	8.5	8.0265357579489	-999.9	4.2	2.59259259259259	6.04382543763155	330
HARRINGTON_CDA_CS	2017	10	18	291	2.3	14.9	10.3302448386914	-999.9	0.3	3.94675925925925	7.84442380921363	330
HARRINGTON_CDA_CS	2017	10	19	292	1.1	17.9	11.7643983895781	-999.9	0	5.56712962962964	8.11212818432679	330
HARRINGTON_CDA_CS	2017	10	20	293	8.3	15.5	7.59538837106821	-999.9	0	4.97685185185186	8.60323772893083	330
HARRINGTON_CDA_CS	2017	10	21	294	3.2	8.8	6.60583386808843	-999.9	0	4.13194444444444	6.15476093218369	330
HARRINGTON_CDA_CS	2017	10	22	295	-1.8	6.9	8.11945390739574	-999.9	0.9	3.125	5.22209778693	330
HARRINGTON_CDA_CS	2017	10	23	296	0.6	15.4	10.4428200912532	-999.9	0	3.21759259259258	8.56357679909878	330
HARRINGTON_CDA_CS	2017	10	24	297	10.9	20.8	8.42195818468944	-999.9	0	3.41269841269842	14.5113647130363	330
HARRINGTON_CDA_CS	2017	10	25	298	13.8	21.2	7.17978447565888	-999.9	0	5.89120370370369	16.8753067109287	330
HARRINGTON_CDA_CS	2017	10	26	299	16	21.2	5.93460232317791	-999.9	1.5	8.83101851851853	16.6760341854831	330
HARRINGTON_CDA_CS	2017	10	27	300	9.1	17.2	7.30338377152446	-999.9	1.2	6.22685185185186	11.6611862056644	330
HARRINGTON_CDA_CS	2017	10	28	301	4.7	11.4	6.54954243755965	-999.9	0	1.63194444444444	8.61299805688093	330
HARRINGTON_CDA_CS	2017	10	29	302	6	16.2	7.96836104925305	-999.9	0.3	2.85879629629631	10.3929334494075	330
HARRINGTON_CDA_CS	2017	10	30	303	10.5	18.2	6.82678592730445	-999.9	3.2	8.50694444444445	13.7051341196955	330
HARRINGTON_CDA_CS	2017	10	31	304	6.5	14.3	6.77532620389129	-999.9	0.6	5.56712962962964	8.85910638427682	330
HARRINGTON_CDA_CS	2017	11	1	305	2.4	9.9	6.55147291733203	-999.9	0	2.55787037037037	5.78022547926329	330
HARRINGTON_CDA_CS	2017	11	2	306	1.7	13.2	8.00017742494393	-999.9	0	3.06712962962964	7.32651938767744	330
HARRINGTON_CDA_CS	2017	11	3	307	8	19	7.7163166469182	-999.9	11	7.10648148148147	12.8949854890811	330
HARRINGTON_CDA_CS	2017	11	4	308	2	8	5.62052256818499	-999.9	0	5.64814814814814	5.44252224452491	330
HARRINGTON_CDA_CS	2017	11	5	309	-2.1	9.1	7.57400663298576	-999.9	0	4.09722222222222	4.92847676108426	330
HARRINGTON_CDA_CS	2017	11	6	310	6.1	18.1	7.73312575878454	-999.9	18.4	7.52314814814814	12.0779977133217	330
HARRINGTON_CDA_CS	2017	11	7	311	2.3	6.1	4.29279611107286	-999.9	1.5	3.95833333333333	6.25426379101742	330
HARRINGTON_CDA_CS	2017	11	8	312	2.3	4.5	3.22243525116682	-999.9	0	4.10879629629631	5.56261775783692	330
HARRINGTON_CDA_CS	2017	11	9	313	2.3	5.2	3.65040354593369	-999.9	0	2.10858585858586	5.19052704176353	330
HARRINGTON_CDA_CS	2017	11	10	314	-5.3	11.2	8.59214950061648	-999.9	8.9	6.22685185185186	5.95605780813265	330
HARRINGTON_CDA_CS	2017	11	11	315	-5.4	1.2	5.36294283050589	-999.9	0	6.18055555555556	3.01261547572464	330
HARRINGTON_CDA_CS	2017	11	12	316	-6.2	0.7	5.41233866530531	-999.9	0	1.89814814814815	3.38903650579084	330
HARRINGTON_CDA_CS	2017	11	13	317	-5.7	4.9	6.62224157030767	-999.9	0	1.6087962962963	3.7209591254733	330
HARRINGTON_CDA_CS	2017	11	14	318	1.1	4.2	3.53583263736395	-999.9	0	5.97222222222222	4.90541089009033	330
HARRINGTON_CDA_CS	2017	11	15	319	0.4	3.4	3.43480480825859	-999.9	0	2.82407407407408	4.84759834699166	330
HARRINGTON_CDA_CS	2017	11	16	320	-0.5	6	4.99350266330741	-999.9	1.2	3.79629629629631	5.6814268535737	330
HARRINGTON_CDA_CS	2017	11	17	321	0.4	8.9	5.64087744752843	-999.9	17.9	6.33101851851853	7.72469989895063	330
HARRINGTON_CDA_CS	2017	11	18	322	-0.9	1.6	3.02260988192987	-999.9	0	4.69907407407408	5.20985749340782	330
HARRINGTON_CDA_CS	2017	11	19	323	-0.9	14.7	7.46174662143773	-999.9	8.5	5.87962962962964	9.00482500513811	330
HARRINGTON_CDA_CS	2017	11	20	324	-5.3	5.2	6.05111088071186	-999.9	0	6.27314814814814	4.3311726806844	330
HARRINGTON_CDA_CS	2017	11	21	325	-7.1	5.3	6.50151683831172	-999.9	0	5.39351851851853	3.9707234117607	330
HARRINGTON_CDA_CS	2017	11	22	326	3	12.2	5.53818237269536	-999.9	18	4.47916666666667	8.94904161667035	330
HARRINGTON_CDA_CS	2017	11	23	327	-3.1	12	7.01846899431396	-999.9	27.5	6.28472222222222	7.03928885247705	330
HARRINGTON_CDA_CS	2017	11	24	328	-2.9	3.4	4.48560278721085	-999.9	0	3.46064814814814	4.65999949796341	330
HARRINGTON_CDA_CS	2017	11	25	329	3.2	12.3	5.33566881916591	-999.9	0	6.28472222222222	8.15106285545562	330
HARRINGTON_CDA_CS	2017	11	26	330	-2.6	9.4	6.06599919477489	-999.9	2.5	3.125	7.30481006439699	330
HARRINGTON_CDA_CS	2017	11	27	331	-6.1	-1.6	3.67868278874078	-999.9	1.8	4.69907407407408	3.41320838567195	330
HARRINGTON_CDA_CS	2017	11	28	332	-6.6	0.9	4.70464325996476	-999.9	1.9	3.59953703703703	3.57468610960408	330
HARRINGTON_CDA_CS	2017	11	29	333	-0.2	7.2	4.6308667733103	-999.9	1.4	6.50462962962964	6.19345246309588	330
HARRINGTON_CDA_CS	2017	11	30	334	-3.5	1	3.57971207991718	-999.9	0	3.98148148148147	3.89087563636885	330
HARRINGTON_CDA_CS	2017	12	1	335	-0.9	6.2	4.45878016993083	-999.9	2.8	4.05092592592592	6.52295460764544	330
HARRINGTON_CDA_CS	2017	12	2	336	0.1	3.4	3.0153866607468	-999.9	0	4.86111111111111	5.98063401286265	330
HARRINGTON_CDA_CS	2017	12	3	337	0.2	1.8	2.08354864171591	-999.9	0	1.31944444444444	5.61926863079659	330
HARRINGTON_CDA_CS	2017	12	4	338	0.2	3.6	3.01511169357333	-999.9	1.8	3.55324074074075	6.28164286706361	330
HARRINGTON_CDA_CS	2017	12	5	339	0.4	2.7	2.46271929910349	-999.9	1.5	3.29861111111111	5.30428842185846	330
HARRINGTON_CDA_CS	2017	12	6	340	0.5	9.8	4.9198310499419	-999.9	10.3	7.74305555555556	7.89523309841597	330
HARRINGTON_CDA_CS	2017	12	7	341	-2.4	3.8	3.99242430398975	-999.9	0	2.78935185185186	4.61117822673202	330
HARRINGTON_CDA_CS	2017	12	8	342	-2.3	1.9	3.26719903101159	-999.9	0	2.61574074074074	4.30230776174045	330
HARRINGTON_CDA_CS	2017	12	9	343	-2.5	3.2	3.78599297621421	-999.9	10.9	1.85185185185185	5.08612666865281	330
HARRINGTON_CDA_CS	2017	12	10	344	-2.8	2.6	3.66703593452334	-999.9	10.3	4.96527777777778	5.69957952411283	330
HARRINGTON_CDA_CS	2017	12	11	345	-5	0.9	3.81599337544239	-999.9	1.2	2.92824074074075	4.27773856851439	330
HARRINGTON_CDA_CS	2017	12	12	346	-7	2.8	4.8983303897954	-999.9	4.7	3.02083333333333	4.54523426577669	330
HARRINGTON_CDA_CS	2017	12	13	347	-3.7	12.4	6.25596015879258	-999.9	11.6	7.74305555555556	7.53620987869501	330
HARRINGTON_CDA_CS	2017	12	14	348	-11.9	-2.5	4.76525054437997	-999.9	0	6.27314814814814	2.41671069494876	330
HARRINGTON_CDA_CS	2017	12	15	349	-12.3	-5.7	3.98227533960165	-999.9	0	6.19212962962964	1.9143868469562	330
HARRINGTON_CDA_CS	2017	12	16	350	-11.8	-5.9	3.75682735388563	-999.9	0	3.48379629629631	2.13205131736732	330
HARRINGTON_CDA_CS	2017	12	17	351	-11.6	-8.2	2.84688830024472	-999.9	0	4.59490740740742	2.15457059024646	330
HARRINGTON_CDA_CS	2017	12	18	352	-12.4	-4.6	4.30640592157512	-999.9	0	3.34490740740742	2.43305940294589	330
HARRINGTON_CDA_CS	2017	12	19	353	-4.8	1.3	3.80514385994995	-999.9	4.5	2.70833333333333	5.0572439039226	330
HARRINGTON_CDA_CS	2017	12	20	354	-6.9	1.6	4.49010501622562	-999.9	1.6	5.24305555555556	4.02880788437115	330
HARRINGTON_CDA_CS	2017	12	21	355	-11.3	-6.9	3.23085074513481	-999.9	0.3	5.68287037037036	2.12979643705503	330
HARRINGTON_CDA_CS	2017	12	22	356	-13.8	-9.1	3.34107053542197	-999.9	0	3.51851851851853	1.81535943092131	330
HARRINGTON_CDA_CS	2017	12	23	357	-15.9	7.3	7.43069098779925	-999.9	12.1	3.69212962962964	3.65822647869779	330
HARRINGTON_CDA_CS	2017	12	24	358	-6.9	7.6	5.88327905732111	-999.9	0	5.15046296296297	4.96239584389781	330
HARRINGTON_CDA_CS	2017	12	25	359	-7.7	3.4	5.15760460775841	-999.9	7.5	5.10416666666667	4.30281192689087	330
HARRINGTON_CDA_CS	2017	12	26	360	-13.5	-4.8	4.5771695745164	-999.9	0	8.79629629629631	1.94716966137833	330
HARRINGTON_CDA_CS	2017	12	27	361	-18.6	-13.5	3.51456484279482	-999.9	0	9.78009259259258	1.0065360867617	330
HARRINGTON_CDA_CS	2017	12	28	362	-19	-10.5	4.55241241230979	-999.9	0.2	5.74074074074075	1.44899765480326	330
HARRINGTON_CDA_CS	2017	12	29	363	-11.7	-8.5	2.80380226242613	-999.9	0.4	3.09027777777778	2.36106525875325	330
HARRINGTON_CDA_CS	2017	12	30	364	-17.7	-9.5	4.50725299484475	-999.9	0.8	2.37268518518519	1.77110164456586	330
HARRINGTON_CDA_CS	2017	12	31	365	-20.2	-13.3	4.15386186098481	-999.9	0	4.18981481481481	1.25203387227938	330
