HARRINGTON_CDA_CS	2016	1	1	1	-8.3	-0.9	4.32367482255575	-999.9	3.7	2.85879629629631	3.43635876583344	330
HARRINGTON_CDA_CS	2016	1	2	2	-5.2	-0.3	3.53776584899329	-999.9	2.1	4.30555555555556	3.7554188307412	330
HARRINGTON_CDA_CS	2016	1	3	3	-4.1	-0.7	2.96445888855838	-999.9	4.1	2.15277777777778	4.44972558958432	330
HARRINGTON_CDA_CS	2016	1	4	4	-9.5	-1.2	4.66119863633325	-999.9	1.9	4.90740740740742	3.55797456363337	330
HARRINGTON_CDA_CS	2016	1	5	5	-15.4	-7	4.72090086676113	-999.9	2.1	4.36342592592592	1.98911142832468	330
HARRINGTON_CDA_CS	2016	1	6	6	-8.6	-4.3	3.40186014462615	-999.9	0.9	5.87962962962964	2.47010118291145	330
HARRINGTON_CDA_CS	2016	1	7	7	-6.8	-0.5	4.14873666733616	-999.9	2.3	3.55324074074075	3.46866214392126	330
HARRINGTON_CDA_CS	2016	1	8	8	-4.8	-2.5	2.52659225880361	-999.9	2	2.56944444444444	3.43557165208811	330
HARRINGTON_CDA_CS	2016	1	9	9	-5.3	-2.7	2.70857959237618	-999.9	2.2	1.8287037037037	3.58942310754991	330
HARRINGTON_CDA_CS	2016	1	10	10	-3.5	4.5	4.7922257242481	-999.9	0.7	4.39814814814814	5.22383209205009	330
HARRINGTON_CDA_CS	2016	1	11	11	-5.2	8.6	6.35065212191254	-999.9	11.2	8.17129629629631	5.42916247915582	330
HARRINGTON_CDA_CS	2016	1	12	12	-9.3	-3.2	4.26162042614037	-999.9	2.2	3.93518518518519	2.15015290623623	330
HARRINGTON_CDA_CS	2016	1	13	13	-7.1	0.1	4.67462768818384	-999.9	10.9	6.92129629629631	4.05840481640795	330
HARRINGTON_CDA_CS	2016	1	14	14	-12.1	-7	3.97348780560738	-999.9	0.2	6.55092592592592	2.22221773470673	330
HARRINGTON_CDA_CS	2016	1	15	15	-13.1	-8.3	3.89442796380926	-999.9	0.5	6.25	1.84194725887689	330
HARRINGTON_CDA_CS	2016	1	16	16	-14.7	-2.6	6.24852258887573	-999.9	3	4.25925925925925	2.65827424433435	330
HARRINGTON_CDA_CS	2016	1	17	17	-5.8	-2	3.53963483665933	-999.9	0.9	3.61111111111111	3.79479741305887	330
HARRINGTON_CDA_CS	2016	1	18	18	-11.5	-4.7	4.78760762219994	-999.9	4.2	1.89814814814815	2.547598159182	330
HARRINGTON_CDA_CS	2016	1	19	19	-12.5	-7.3	4.23422206523219	-999.9	0.2	5.25462962962964	2.21257361230582	330
HARRINGTON_CDA_CS	2016	1	20	20	-10.5	-2.9	5.1783577979867	-999.9	1.4	5.64393939393939	2.85687599903067	330
HARRINGTON_CDA_CS	2016	1	21	21	-8.7	-6.8	2.61984617552431	-999.9	2.2	4.31712962962964	2.51790614082986	330
HARRINGTON_CDA_CS	2016	1	22	22	-9.9	-5.9	3.84714156596637	-999.9	3.4	4.20138888888889	2.69063951580026	330
HARRINGTON_CDA_CS	2016	1	23	23	-10.7	-5.2	4.56656009408998	-999.9	5.9	3.50694444444444	2.64318988104785	330
HARRINGTON_CDA_CS	2016	1	24	24	-7.4	-3.4	3.94296600818605	-999.9	0.7	5.46296296296297	3.13505843407734	330
HARRINGTON_CDA_CS	2016	1	25	25	-10.3	-3.4	5.24425058408601	-999.9	5.5	3.03240740740742	2.84420155213235	330
HARRINGTON_CDA_CS	2016	1	26	26	-9.5	5.9	7.93525522313814	-999.9	5.1	5.82175925925925	4.3914631240179	330
HARRINGTON_CDA_CS	2016	1	27	27	-7.6	5.4	7.38558438882931	-999.9	0.5	4.43287037037036	4.49591934842888	330
HARRINGTON_CDA_CS	2016	1	28	28	-9.6	-0.3	6.32897786074591	-999.9	0	3.19444444444444	2.81510563074379	330
HARRINGTON_CDA_CS	2016	1	29	29	-1.8	0.8	3.39093359103139	-999.9	16.2	5.45138888888889	5.50143900845666	330
HARRINGTON_CDA_CS	2016	1	30	30	-6.7	-1.8	4.71767649694725	-999.9	3.6	4.57175925925925	4.0173504412556	330
HARRINGTON_CDA_CS	2016	1	31	31	-3.2	2.2	5.01969097885979	-999.9	3.2	4.69907407407408	5.44965495683067	330
HARRINGTON_CDA_CS	2016	2	1	32	0.9	7.6	5.6678132314218	-999.9	0	5.37037037037036	6.62182631016571	330
HARRINGTON_CDA_CS	2016	2	2	33	-5.6	3.5	6.69638699662415	-999.9	0	3.989898989899	2.7893449445254	330
HARRINGTON_CDA_CS	2016	2	3	34	-11.5	2.1	8.29985399252453	-999.9	4.6	3.87731481481481	3.48272967036086	330
HARRINGTON_CDA_CS	2016	2	4	35	2	8.3	5.72779791901097	-999.9	3	4.6875	8.39863286465347	330
HARRINGTON_CDA_CS	2016	2	5	36	-5.3	2.9	6.62631299826114	-999.9	21.1	5.04629629629631	5.09328912183706	330
HARRINGTON_CDA_CS	2016	2	6	37	-9.9	-4.8	5.29937845776896	-999.9	0.4	5.12731481481481	2.85561615260375	330
HARRINGTON_CDA_CS	2016	2	7	38	-8.9	2	7.85690085652179	-999.9	0	5.68287037037036	3.35895237969499	330
HARRINGTON_CDA_CS	2016	2	8	39	-7.6	-4	4.57938363886072	-999.9	1.4	9.24768518518519	3.06430904016757	330
HARRINGTON_CDA_CS	2016	2	9	40	-5.4	-3.2	3.63078708817179	-999.9	4.6	7.38425925925925	4.01362894941563	330
HARRINGTON_CDA_CS	2016	2	10	41	-11.1	-2.8	7.15277393379979	-999.9	0.2	3.26388888888889	3.08448144800953	330
HARRINGTON_CDA_CS	2016	2	11	42	-11.3	-1.5	7.8832153406593	-999.9	1.6	2.58101851851852	3.31881095366889	330
HARRINGTON_CDA_CS	2016	2	12	43	-16.9	-7.5	7.8309547093245	-999.9	0.2	4.08564814814814	1.79363482773806	330
HARRINGTON_CDA_CS	2016	2	13	44	-17.9	-8.1	8.11010619871029	-999.9	0.5	3.99305555555556	1.66629382519822	330
HARRINGTON_CDA_CS	2016	2	14	45	-19.1	-9.1	8.309508974055	-999.9	0.7	5.37037037037036	1.4484811743295	330
HARRINGTON_CDA_CS	2016	2	15	46	-19.8	-9.1	8.71816746831739	-999.9	0	4.56018518518519	1.24906045721625	330
HARRINGTON_CDA_CS	2016	2	16	47	-9.7	9.7	11.9065325179069	-999.9	2.2	7.44212962962964	5.10693642083333	330
HARRINGTON_CDA_CS	2016	2	17	48	-2.1	9.8	9.45800119161884	-999.9	5.9	5.37037037037036	7.13091785918341	330
HARRINGTON_CDA_CS	2016	2	18	49	-5.3	0	6.40166374455085	-999.9	0.2	4.14351851851853	4.0413913551188	330
HARRINGTON_CDA_CS	2016	2	19	50	-6.1	-3.4	4.63394427067909	-999.9	0	3.55324074074075	3.07663572744328	330
HARRINGTON_CDA_CS	2016	2	20	51	-7.2	2.9	9.08920792446096	-999.9	2.7	5.55555555555556	4.04816903592161	330
HARRINGTON_CDA_CS	2016	2	21	52	0.7	4.1	5.34787474362117	-999.9	6.4	4.31712962962964	6.88972865451438	330
HARRINGTON_CDA_CS	2016	2	22	53	-8.7	0.8	9.06478767917452	-999.9	0	4.35185185185186	3.44287720125015	330
HARRINGTON_CDA_CS	2016	2	23	54	-11.3	-5.5	7.18189906999809	-999.9	0	2.68518518518519	2.35151738879913	330
HARRINGTON_CDA_CS	2016	2	24	55	-9.1	6.1	11.7882628019795	-999.9	3.5	3.91203703703703	4.7416468650473	330
HARRINGTON_CDA_CS	2016	2	25	56	5.4	12.2	7.99385690197433	-999.9	6.1	7.30324074074075	10.7565621978102	330
HARRINGTON_CDA_CS	2016	2	26	57	-5.6	5.5	10.3539606270619	-999.9	0	6.41203703703703	4.71706848810764	330
HARRINGTON_CDA_CS	2016	2	27	58	-9.7	-2.3	8.56981222270592	-999.9	0	4.82638888888889	2.3292650798858	330
HARRINGTON_CDA_CS	2016	2	28	59	-5.8	2.3	9.08811676298829	-999.9	0	4.88425925925925	3.65843176028444	330
HARRINGTON_CDA_CS	2016	2	29	60	-6.3	12.6	14.0702569544734	-999.9	2.1	4.74537037037036	5.90269248095227	330
HARRINGTON_CDA_CS	2016	3	1	61	-7.3	4.6	11.3147900593487	-999.9	0.2	4.24768518518519	3.61999060578433	330
HARRINGTON_CDA_CS	2016	3	2	62	-7.5	8.9	13.4603833872465	-999.9	16.1	6.30787037037036	4.99858176503389	330
HARRINGTON_CDA_CS	2016	3	3	63	-14.7	-3.7	11.1700069474095	-999.9	0.2	6.31944444444445	2.0429321037412	330
HARRINGTON_CDA_CS	2016	3	4	64	-15.3	-6.4	10.1796160228344	-999.9	0	3.55324074074075	1.53491664685817	330
HARRINGTON_CDA_CS	2016	3	5	65	-7.6	-4.6	5.98732279826497	-999.9	0.5	8.33333333333333	2.85533417394269	330
HARRINGTON_CDA_CS	2016	3	6	66	-8.7	-3.6	7.90765800670329	-999.9	0	3.26388888888889	2.76431650349376	330
HARRINGTON_CDA_CS	2016	3	7	67	-5.9	3.2	10.6986289149801	-999.9	0	4.22453703703703	4.1786881355036	330
HARRINGTON_CDA_CS	2016	3	8	68	-6.4	1	9.77058765386652	-999.9	0	4.53703703703703	3.80230541091354	330
HARRINGTON_CDA_CS	2016	3	9	69	-6.5	4.5	12.062859138664	-999.9	11.1	3.49537037037036	4.60981446893266	330
HARRINGTON_CDA_CS	2016	3	10	70	-3.7	5.1	10.9243353462906	-999.9	1	4.38657407407408	5.70344098055535	330
HARRINGTON_CDA_CS	2016	3	11	71	-4.1	-1.6	5.89485604133298	-999.9	0	2.89351851851853	4.00034237467833	330
HARRINGTON_CDA_CS	2016	3	12	72	-3.8	2.5	9.47265755043251	-999.9	0	4.47916666666667	4.01463634335476	330
HARRINGTON_CDA_CS	2016	3	13	73	-4.7	3	10.5996935237397	-999.9	3.6	8.09027777777778	4.19584283317536	330
HARRINGTON_CDA_CS	2016	3	14	74	-7.5	-3.5	7.73163900464463	-999.9	0	4.82638888888889	2.77996603042647	330
HARRINGTON_CDA_CS	2016	3	15	75	-7.6	1.9	12.0571183000518	-999.9	0	4.375	3.75238726880984	330
HARRINGTON_CDA_CS	2016	3	16	76	-1.7	5.7	10.7667238257881	-999.9	4.2	3.48379629629631	6.58071987776132	330
HARRINGTON_CDA_CS	2016	3	17	77	-4	-1.4	6.45632828631363	-999.9	2.4	3.84259259259258	4.2364351517073	330
HARRINGTON_CDA_CS	2016	3	18	78	-7.9	-2.1	9.75413569284263	-999.9	5	4.09722222222222	3.881139361759	330
HARRINGTON_CDA_CS	2016	3	19	79	-9.3	-5	8.49432759892254	-999.9	0.4	3.29861111111111	2.73147980398221	330
HARRINGTON_CDA_CS	2016	3	20	80	-9.3	-4.4	9.16972754516623	-999.9	0	3.18287037037036	2.3129175262912	330
HARRINGTON_CDA_CS	2016	3	21	81	-8.9	-1.8	11.1607753564033	-999.9	11.7	3.84259259259258	3.67440491509009	330
HARRINGTON_CDA_CS	2016	3	22	82	-7.9	-3.1	9.27759469214188	-999.9	0.3	5.67129629629631	2.66781581159508	330
HARRINGTON_CDA_CS	2016	3	23	83	-8.7	-0.4	12.3323496119767	-999.9	0.9	3.81944444444444	2.71415949106591	330
HARRINGTON_CDA_CS	2016	3	24	84	-10.9	-4	11.3648949708703	-999.9	0.2	3.41435185185186	1.69959254781711	330
HARRINGTON_CDA_CS	2016	3	25	85	-5	0.4	10.1604668862266	-999.9	3.6	2.83564814814814	4.20627535802354	330
HARRINGTON_CDA_CS	2016	3	26	86	-8.5	-1.9	11.3502703436183	-999.9	0	3.34490740740742	3.54982484983393	330
HARRINGTON_CDA_CS	2016	3	27	87	-10.1	3.2	16.2786670049105	-999.9	1.4	1.84027777777778	3.72053372409745	330
HARRINGTON_CDA_CS	2016	3	28	88	-2.6	5.6	12.9121886893311	-999.9	17.2	4.59490740740742	5.65395295772945	330
HARRINGTON_CDA_CS	2016	3	29	89	-2.3	4.8	12.1356490776949	-999.9	6.7	8.10185185185186	6.19977459146543	330
HARRINGTON_CDA_CS	2016	3	30	90	-3.2	4.4	12.680091217466	-999.9	0	5.19675925925925	3.76334749985359	330
HARRINGTON_CDA_CS	2016	3	31	91	2.7	9.7	12.2881667134604	-999.9	1.1	5.35879629629631	7.31553588453089	330
HARRINGTON_CDA_CS	2016	4	1	92	7.3	14.8	12.8419765083471	-999.9	4.2	6.68981481481481	11.8413103450164	330
HARRINGTON_CDA_CS	2016	4	2	93	3.1	9.2	11.6914921713852	-999.9	10.3	2.78935185185186	8.15658447863098	330
HARRINGTON_CDA_CS	2016	4	3	94	-8.2	5.2	17.4904831768909	-999.9	2	4.71064814814814	4.53768042184324	330
HARRINGTON_CDA_CS	2016	4	4	95	-10.4	-2.4	13.6389009999683	-999.9	0	5.90277777777778	1.78314699422745	330
HARRINGTON_CDA_CS	2016	4	5	96	-8.7	-5.6	8.56723774075168	-999.9	0	4.375	2.10940056954169	330
HARRINGTON_CDA_CS	2016	4	6	97	-8.9	-0.6	14.143772401246	-999.9	0	5.01157407407408	2.18249406873961	330
HARRINGTON_CDA_CS	2016	4	7	98	-2.7	11.1	18.3980887679073	-999.9	0.2	8.14814814814814	6.13691005542437	330
HARRINGTON_CDA_CS	2016	4	8	99	7.9	11.8	9.86536629732535	-999.9	8.7	8.80787037037036	10.3230487839387	330
HARRINGTON_CDA_CS	2016	4	9	100	1.1	10.3	15.2814110258094	-999.9	0.2	3.99305555555556	6.96713120692323	330
HARRINGTON_CDA_CS	2016	4	10	101	-5.4	2	13.8202224949967	-999.9	9.2	5.92592592592592	3.78485671617248	330
HARRINGTON_CDA_CS	2016	4	11	102	-7.8	4.7	18.1102706586148	-999.9	7.7	3.90046296296297	2.99156987387652	330
HARRINGTON_CDA_CS	2016	4	12	103	4.2	13.2	15.4918477091813	-999.9	6.7	8.11342592592592	9.80860522749826	330
HARRINGTON_CDA_CS	2016	4	13	104	-1.8	9.6	17.5746970282437	-999.9	6.1	4.59490740740742	6.45500147442668	330
HARRINGTON_CDA_CS	2016	4	14	105	-2.2	5.1	14.1739828965508	-999.9	0	4.75694444444445	5.32622886995783	330
HARRINGTON_CDA_CS	2016	4	15	106	-1.3	1.7	9.15646694429882	-999.9	0.7	6.99074074074075	5.39437209107707	330
HARRINGTON_CDA_CS	2016	4	16	107	-2.8	0.1	9.07078979679205	-999.9	0.2	7.16435185185186	5.11369846416601	330
HARRINGTON_CDA_CS	2016	4	17	108	-3.6	11.4	20.7832137438045	-999.9	0	3.29861111111111	6.20153283014291	330
HARRINGTON_CDA_CS	2016	4	18	109	-4.5	5.7	17.2635661723365	-999.9	0	4.98842592592592	4.52456399201703	330
HARRINGTON_CDA_CS	2016	4	19	110	-4.2	3.4	15.0087035644931	-999.9	0	2.68518518518519	4.50091985003846	330
HARRINGTON_CDA_CS	2016	4	20	111	-1.6	4.8	13.8699583499926	-999.9	0	4.6875	5.23540155923692	330
HARRINGTON_CDA_CS	2016	4	21	112	0.3	12.5	19.2822156710058	-999.9	0	4.44444444444444	5.45428708733154	330
HARRINGTON_CDA_CS	2016	4	22	113	1.1	12.5	18.7656928115105	-999.9	0	2.83564814814814	6.65260177029935	330
HARRINGTON_CDA_CS	2016	4	23	114	1.7	15.3	20.6329031371115	-999.9	14.6	2.61574074074074	8.62724234332429	330
HARRINGTON_CDA_CS	2016	4	24	115	-1.3	3.2	11.9459213979709	-999.9	2.4	5.09259259259258	5.10517702905541	330
HARRINGTON_CDA_CS	2016	4	25	116	-2.6	3.8	14.3373851366459	-999.9	0.2	3.63425925925925	3.54165988985512	330
HARRINGTON_CDA_CS	2016	4	26	117	-3.2	5.2	16.5283877509404	-999.9	0	2.80092592592592	4.09898704917696	330
HARRINGTON_CDA_CS	2016	4	27	118	-4.1	10.8	22.1482515194291	-999.9	0.3	3.18287037037036	4.76655984997052	330
HARRINGTON_CDA_CS	2016	4	28	119	-3.5	1.2	12.5139825740502	-999.9	0.6	4.86111111111111	3.75085367252122	330
HARRINGTON_CDA_CS	2016	4	29	120	-3.6	9.4	20.9345535715479	-999.9	0	3.59953703703703	3.65293674043921	330
HARRINGTON_CDA_CS	2016	4	30	121	-1.7	9.3	19.3677492727275	-999.9	0	2.78935185185186	3.8928200093475	330
HARRINGTON_CDA_CS	2016	5	1	122	-2.3	11.7	21.9726912352399	-999.9	0.3	2.2337962962963	5.12596929897973	330
HARRINGTON_CDA_CS	2016	5	2	123	2.8	14.2	19.9367329023846	-999.9	0	3.09027777777778	5.72982618496349	330
HARRINGTON_CDA_CS	2016	5	3	124	1.7	7.7	14.5413822970858	-999.9	3	4.82638888888889	7.8033409900089	330
HARRINGTON_CDA_CS	2016	5	4	125	1.1	6.5	13.8676185403116	-999.9	0	3.81944444444444	7.35944334525782	330
HARRINGTON_CDA_CS	2016	5	5	126	2.3	4.5	8.89688523775498	-999.9	8.2	4.62962962962964	7.37984830981063	330
HARRINGTON_CDA_CS	2016	5	6	127	0.9	4.6	11.5956771306025	-999.9	12.2	5.41666666666667	7.16353820667988	330
HARRINGTON_CDA_CS	2016	5	7	128	1.1	11.9	19.9077856817712	-999.9	0.2	2.26851851851852	8.29470926423745	330
HARRINGTON_CDA_CS	2016	5	8	129	8.4	19.1	19.9097713930982	-999.9	1.7	2.8125	13.6310546871923	330
HARRINGTON_CDA_CS	2016	5	9	130	3.3	9.3	14.978249066934	-999.9	0.7	7.8125	6.78298195083823	330
HARRINGTON_CDA_CS	2016	5	10	131	3.5	10.9	16.7093787627628	-999.9	0	4.59490740740742	7.18617496906838	330
HARRINGTON_CDA_CS	2016	5	11	132	2.6	8.6	15.1121869922156	-999.9	0	3.48379629629631	5.4994041647154	330
HARRINGTON_CDA_CS	2016	5	12	133	-0.6	10.3	20.4559975709222	-999.9	0.2	3.64583333333333	5.61130762147548	330
HARRINGTON_CDA_CS	2016	5	13	134	-1.4	17.2	26.832943513041	-999.9	0	3.19444444444444	6.02247736852869	330
HARRINGTON_CDA_CS	2016	5	14	135	3.6	14.8	20.9061579602129	-999.9	10.4	4.02046783625731	9.70993453392395	330
HARRINGTON_CDA_CS	2016	5	15	136	3.6	14.7	20.8943683939419	-999.9	3.5	4.07407407407408	10.5398500383408	330
HARRINGTON_CDA_CS	2016	5	16	137	3.5	7.5	12.5906945851238	-999.9	0.9	7.39583333333333	6.89000761634731	330
HARRINGTON_CDA_CS	2016	5	17	138	4.1	12	17.7596656715522	-999.9	0.2	3.53009259259258	8.7621213180966	330
HARRINGTON_CDA_CS	2016	5	18	139	6.4	15.1	18.7039027855497	-999.9	0	2.85185185185186	8.56233302227955	330
HARRINGTON_CDA_CS	2016	5	19	140	6.1	19.1	22.9427612921803	-999.9	0	2.79166666666667	8.7178622223054	330
HARRINGTON_CDA_CS	2016	5	20	141	10	19.8	19.986588883769	-999.9	0	4.29398148148147	10.0507986450267	330
HARRINGTON_CDA_CS	2016	5	21	142	9.7	26.4	26.1749544126576	-999.9	0	4.16666666666667	9.55767978578762	330
HARRINGTON_CDA_CS	2016	5	22	143	10.9	20.7	20.1137666792315	-999.9	0	4.51388888888889	9.80762422364579	330
HARRINGTON_CDA_CS	2016	5	23	144	9.3	16.4	17.1716889831905	-999.9	0	4.38657407407408	11.7272554706429	330
HARRINGTON_CDA_CS	2016	5	24	145	10.2	22.1	22.2952200866589	-999.9	0	3.00925925925925	14.907296862724	330
HARRINGTON_CDA_CS	2016	5	25	146	12.1	23.2	21.5926209472049	-999.9	0	3.51851851851853	16.1745256003631	330
HARRINGTON_CDA_CS	2016	5	26	147	4.6	15.8	21.7475220650071	-999.9	1.4	5.56712962962964	11.3759259709293	330
HARRINGTON_CDA_CS	2016	5	27	148	4.7	11.1	16.4815905192984	-999.9	8.2	3.56481481481481	9.59762677604904	330
HARRINGTON_CDA_CS	2016	5	28	149	3.9	13.1	19.8090217788219	-999.9	0	5.10416666666667	9.96451133949081	330
HARRINGTON_CDA_CS	2016	5	29	150	4.7	15.9	21.9073513716833	-999.9	0	2.75462962962963	9.40287933102034	330
HARRINGTON_CDA_CS	2016	5	30	151	9.2	17.3	18.6718359103758	-999.9	3.6	5.70601851851853	12.9771218138886	330
HARRINGTON_CDA_CS	2016	5	31	152	9.6	26.9	27.3453351500216	-999.9	2.3	4.96527777777778	16.3566190578177	330
HARRINGTON_CDA_CS	2016	6	1	153	1.9	9.6	18.2798829710173	-999.9	0.2	4.84953703703703	7.38990358880897	330
HARRINGTON_CDA_CS	2016	6	2	154	0.6	17.5	27.1326076096708	-999.9	0.2	3.14814814814814	7.4564515117702	330
HARRINGTON_CDA_CS	2016	6	3	155	7.5	17.5	20.9083958520422	-999.9	8.4	5.04629629629631	10.8355547630545	330
HARRINGTON_CDA_CS	2016	6	4	156	8.7	16.7	18.7322845759101	-999.9	0	2.90509259259258	12.1275393219427	330
HARRINGTON_CDA_CS	2016	6	5	157	8.9	13.8	14.6832246407779	-999.9	0	2.68518518518519	11.9326333305382	330
HARRINGTON_CDA_CS	2016	6	6	158	10.3	13.8	12.4276147687753	-999.9	3.6	6.19212962962964	12.5622988441249	330
HARRINGTON_CDA_CS	2016	6	7	159	11	24.4	24.3494589437128	-999.9	0	4.51388888888889	16.4287088209031	330
HARRINGTON_CDA_CS	2016	6	8	160	11.2	19.2	18.8372694495142	-999.9	3.6	5.38194444444445	14.9509895243569	330
HARRINGTON_CDA_CS	2016	6	9	161	6.8	11.7	14.7591042783137	-999.9	12.4	5.28935185185186	10.3023336113902	330
HARRINGTON_CDA_CS	2016	6	10	162	6.7	11.3	14.3147220829832	-999.9	1.4	5.37037037037036	9.99513938450838	330
HARRINGTON_CDA_CS	2016	6	11	163	8.3	21.3	24.0863411284356	-999.9	0	3.44907407407408	11.7750074929012	330
HARRINGTON_CDA_CS	2016	6	12	164	11	15.9	14.7994481161399	-999.9	17.7	5.35879629629631	12.8885121027914	330
HARRINGTON_CDA_CS	2016	6	13	165	11	17.2	16.6588446958436	-999.9	0.2	3.53009259259258	14.2625847849996	330
HARRINGTON_CDA_CS	2016	6	14	166	7.2	11.6	14.0420401640933	-999.9	17.9	3.72685185185186	10.9689836430999	330
HARRINGTON_CDA_CS	2016	6	15	167	7.5	8.7	7.3367321737893	-999.9	5.4	5.12731481481481	10.0861551222236	330
HARRINGTON_CDA_CS	2016	6	16	168	7.4	10.2	11.2112129780429	-999.9	0.2	4.65277777777778	9.19283289152061	330
HARRINGTON_CDA_CS	2016	6	17	169	4.3	12.8	19.5388054071569	-999.9	0	4.07407407407408	7.96597030446962	330
HARRINGTON_CDA_CS	2016	6	18	170	4.9	24.8	29.9008466971249	-999.9	0	3.22916666666667	8.86001290993185	330
HARRINGTON_CDA_CS	2016	6	19	171	13.9	24.6	21.9265707191861	-999.9	0	7.52314814814814	8.44823461061514	330
HARRINGTON_CDA_CS	2016	6	20	172	12.3	24.7	23.6028823397211	-999.9	0	7.17592592592592	9.00764381194193	330
HARRINGTON_CDA_CS	2016	6	21	173	11.9	25	24.2559749225656	-999.9	0	5.89120370370369	14.1841433715248	330
HARRINGTON_CDA_CS	2016	6	22	174	13.8	21.1	18.1020155246518	-999.9	0	3.05555555555556	14.1143492421104	330
HARRINGTON_CDA_CS	2016	6	23	175	12.8	23.1	21.4941396743106	-999.9	0	3.31018518518519	14.5488725385065	330
HARRINGTON_CDA_CS	2016	6	24	176	11.5	19.8	19.2854594794621	-999.9	0	2.25694444444444	11.588102971369	330
HARRINGTON_CDA_CS	2016	6	25	177	11.5	25.5	25.0321405443013	-999.9	0	3.92361111111111	12.4289447256766	330
HARRINGTON_CDA_CS	2016	6	26	178	13.2	26.6	24.4727585575473	-999.9	0	3.78472222222222	12.7938700644781	330
HARRINGTON_CDA_CS	2016	6	27	179	14.7	27	23.4278888477636	-999.9	0	4.81481481481481	15.9249639483882	330
HARRINGTON_CDA_CS	2016	6	28	180	15.3	25.6	21.4191772051398	-999.9	0	5.96064814814814	16.5059738518864	330
HARRINGTON_CDA_CS	2016	6	29	181	18.6	25.3	17.2575294059003	-999.9	0	5.53240740740742	21.8464239134356	330
HARRINGTON_CDA_CS	2016	6	30	182	15.1	25.6	21.5797479736982	-999.9	0.8	4.13194444444444	19.4125720105173	330
HARRINGTON_CDA_CS	2016	7	1	183	14.2	28.2	24.8874069972102	-999.9	0	2.30324074074074	16.4634191779391	330
HARRINGTON_CDA_CS	2016	7	2	184	15.3	23.3	18.7878859747002	-999.9	0	4.89583333333333	16.9807642450613	330
HARRINGTON_CDA_CS	2016	7	3	185	13.7	20.7	17.5490076901046	-999.9	0	5.05787037037036	12.4207816998179	330
HARRINGTON_CDA_CS	2016	7	4	186	12.9	25.9	23.8780646856368	-999.9	0	4.28240740740742	12.5912507301691	330
HARRINGTON_CDA_CS	2016	7	5	187	16.3	25.5	20.0538836949144	-999.9	2.4	2.55787037037037	16.7729165742114	330
HARRINGTON_CDA_CS	2016	7	6	188	10.5	16.9	16.6964776132396	-999.9	0.4	3.86574074074075	13.2869441898613	330
HARRINGTON_CDA_CS	2016	7	7	189	10.4	17.1	17.0512281289924	-999.9	13.8	2.03703703703704	12.4230726011118	330
HARRINGTON_CDA_CS	2016	7	8	190	10.1	15.6	15.4182833384069	-999.9	1	3.17129629629631	12.5240116809626	330
HARRINGTON_CDA_CS	2016	7	9	191	11.7	15.5	12.7889777932514	-999.9	0	1.875	12.3016028055542	330
HARRINGTON_CDA_CS	2016	7	10	192	11.9	15	11.5256943028927	-999.9	9.5	1.80555555555556	13.7041587752936	330
HARRINGTON_CDA_CS	2016	7	11	193	11.7	16.6	14.4570362331432	-999.9	0.6	4.36342592592592	12.9733137126501	330
HARRINGTON_CDA_CS	2016	7	12	194	10.1	25.4	25.4844104545909	-999.9	0	1.23842592592593	13.5653977436315	330
HARRINGTON_CDA_CS	2016	7	13	195	10.5	24.2	24.0541141399245	-999.9	0	2.10648148148148	13.4933931521575	330
HARRINGTON_CDA_CS	2016	7	14	196	16.4	27.2	21.3006874432932	-999.9	0	6.57407407407408	17.5929356670009	330
HARRINGTON_CDA_CS	2016	7	15	197	19	26.9	18.1677137336838	-999.9	1.9	5.84490740740742	21.8629501782287	330
HARRINGTON_CDA_CS	2016	7	16	198	15.2	23.2	18.2300946827017	-999.9	0.5	2.60416666666667	16.7729378437201	330
HARRINGTON_CDA_CS	2016	7	17	199	13.4	24.7	21.6019236925771	-999.9	0	1.2962962962963	17.2977169431416	330
HARRINGTON_CDA_CS	2016	7	18	200	16.7	26.1	19.6416671436052	-999.9	0.2	3.20601851851853	20.089413381094	330
HARRINGTON_CDA_CS	2016	7	19	201	11.7	22.7	21.1798935124534	-999.9	0	3.66898148148147	13.1924627836136	330
HARRINGTON_CDA_CS	2016	7	20	202	11.5	20.8	19.4103585516476	-999.9	0	3.58796296296297	12.6037920761842	330
HARRINGTON_CDA_CS	2016	7	21	203	13.4	27.3	23.6491548431346	-999.9	0	3.46064814814814	14.7399177972419	330
HARRINGTON_CDA_CS	2016	7	22	204	17.3	26.7	19.3793682951629	-999.9	0	5.41666666666667	18.1629509194234	330
HARRINGTON_CDA_CS	2016	7	23	205	16.5	27.8	21.1706177053429	-999.9	0.3	4.16666666666667	20.6138797401216	330
HARRINGTON_CDA_CS	2016	7	24	206	15.6	24.9	19.1339827611252	-999.9	0.3	0.694444444444445	19.4624619534491	330
HARRINGTON_CDA_CS	2016	7	25	207	15.2	27.7	22.0973045669723	-999.9	0	0.879629629629631	20.4703047812834	330
HARRINGTON_CDA_CS	2016	7	26	208	17.6	22.5	13.7801305729809	-999.9	3.9	2.46527777777778	20.6504928365452	330
HARRINGTON_CDA_CS	2016	7	27	209	16.5	24.4	17.425700612622	-999.9	0	1.31944444444444	20.0472922027496	330
HARRINGTON_CDA_CS	2016	7	28	210	18.6	28.8	19.7173438691319	-999.9	4.3	3.15972222222222	21.9481011792508	330
HARRINGTON_CDA_CS	2016	7	29	211	18.4	24.2	14.8041661365298	-999.9	0.3	1.57407407407407	21.863715060057	330
HARRINGTON_CDA_CS	2016	7	30	212	16.4	24.2	17.0918345171326	-999.9	0	1.75925925925926	18.4958163776761	330
HARRINGTON_CDA_CS	2016	7	31	213	13.1	25.6	21.5385959317596	-999.9	0	2.08333333333333	15.8992814234994	330
HARRINGTON_CDA_CS	2016	8	1	214	11.8	25	22.0302645039123	-999.9	0.3	1.41203703703704	13.7767807865944	330
HARRINGTON_CDA_CS	2016	8	2	215	12.4	23.2	19.8318907332567	-999.9	0	2.40740740740741	14.2389781469922	330
HARRINGTON_CDA_CS	2016	8	3	216	11	23.3	21.0607193356093	-999.9	0	1.99074074074074	13.9641438674093	330
HARRINGTON_CDA_CS	2016	8	4	217	15.4	25.3	18.7998902816646	-999.9	14.8	5.16203703703703	16.8155388748127	330
HARRINGTON_CDA_CS	2016	8	5	218	15.5	26.7	19.8935474967982	-999.9	12.9	5.64814814814814	16.7709570970713	330
HARRINGTON_CDA_CS	2016	8	6	219	17.5	27.8	18.9773486443496	-999.9	0	6.08796296296297	19.7954953722117	330
HARRINGTON_CDA_CS	2016	8	7	220	16.2	23.1	15.4490977233791	-999.9	0	2.56944444444444	17.8596024653646	330
HARRINGTON_CDA_CS	2016	8	8	221	12.2	22.8	19.0432410136712	-999.9	0	3.73842592592592	12.8510020366815	330
HARRINGTON_CDA_CS	2016	8	9	222	11.1	20.7	18.0210612295161	-999.9	0	2.63888888888889	12.9012484489362	330
HARRINGTON_CDA_CS	2016	8	10	223	13.7	26.6	20.7703409003275	-999.9	0	3.96990740740742	15.4502627364573	330
HARRINGTON_CDA_CS	2016	8	11	224	18.3	23.8	13.4828312003504	-999.9	1.8	3.75	21.3353374306063	330
HARRINGTON_CDA_CS	2016	8	12	225	13.5	21.7	16.3645614436629	-999.9	4.4	1.16898148148148	17.8072615341471	330
HARRINGTON_CDA_CS	2016	8	13	226	10.9	21.2	18.2288893299453	-999.9	0.2	1.79398148148148	13.0135499005962	330
HARRINGTON_CDA_CS	2016	8	14	227	14.3	15.7	6.67876209698524	-999.9	13.2	2.30324074074074	15.2164178016291	330
HARRINGTON_CDA_CS	2016	8	15	228	13.3	19.4	13.8526606010419	-999.9	0.7	1.49305555555556	16.3938000518552	330
HARRINGTON_CDA_CS	2016	8	16	229	12.7	24.2	18.897277053001	-999.9	0	2.24537037037037	16.0017094819463	330
HARRINGTON_CDA_CS	2016	8	17	230	15.3	18.5	9.90268128966345	-999.9	38.6	3.77314814814814	17.2856087664582	330
HARRINGTON_CDA_CS	2016	8	18	231	15.7	24.5	16.3114240542732	-999.9	14	2.43055555555556	18.7409620404109	330
HARRINGTON_CDA_CS	2016	8	19	232	15.6	21.2	12.9229681653545	-999.9	0	3.21759259259258	17.5308650112191	330
HARRINGTON_CDA_CS	2016	8	20	233	16	22.2	13.5028853330269	-999.9	0	1.86342592592593	16.7519600984115	330
HARRINGTON_CDA_CS	2016	8	21	234	15.9	24.5	15.7901756395299	-999.9	0	4.84953703703703	17.7975141906498	330
HARRINGTON_CDA_CS	2016	8	22	235	15.5	25.3	16.734089087928	-999.9	7.9	5.53240740740742	19.4225991654814	330
HARRINGTON_CDA_CS	2016	8	23	236	14.3	23	15.6510707802829	-999.9	0	4.50231481481481	14.4981765840584	330
HARRINGTON_CDA_CS	2016	8	24	237	15.6	25.2	16.3177138567323	-999.9	0	3.72685185185186	16.7453487900639	330
HARRINGTON_CDA_CS	2016	8	25	238	16.9	26.3	16.0239863603047	-999.9	0	5.38194444444445	19.0955121478618	330
HARRINGTON_CDA_CS	2016	8	26	239	18.7	23.1	10.8782592371646	-999.9	7.4	5.21990740740742	20.7851802183508	330
HARRINGTON_CDA_CS	2016	8	27	240	12.1	19.1	13.6129362881533	-999.9	0	4.21296296296297	15.3991042686737	330
HARRINGTON_CDA_CS	2016	8	28	241	10.6	21.3	16.695811546013	-999.9	0.5	2.08333333333333	13.1512979408335	330
HARRINGTON_CDA_CS	2016	8	29	242	14.5	21.5	13.3943142636559	-999.9	13.3	5.27777777777778	17.1391762545611	330
HARRINGTON_CDA_CS	2016	8	30	243	11.2	17.5	12.6020261119131	-999.9	0	4.10879629629631	11.0492067765197	330
HARRINGTON_CDA_CS	2016	8	31	244	11.1	23.8	17.74243725367	-999.9	4.8	3.54166666666667	15.9215214035188	330
HARRINGTON_CDA_CS	2016	9	1	245	16.3	21.8	11.576483007056	-999.9	14.1	2.77777777777778	19.3419925818766	330
HARRINGTON_CDA_CS	2016	9	2	246	11.5	16.7	11.1589490457385	-999.9	0.6	5.52083333333333	13.1318088322483	330
HARRINGTON_CDA_CS	2016	9	3	247	8.8	18.2	14.8714816693163	-999.9	0	2.59259259259259	11.4190534150297	330
HARRINGTON_CDA_CS	2016	9	4	248	7.6	19.7	16.7222217168658	-999.9	0.5	2.40740740740741	11.1883152951152	330
HARRINGTON_CDA_CS	2016	9	5	249	12.5	21.6	14.3706098900351	-999.9	0	4.29398148148147	13.6883916025041	330
HARRINGTON_CDA_CS	2016	9	6	250	15.1	27.2	16.4188447807267	-999.9	0	2.55787037037037	21.1823006825563	330
HARRINGTON_CDA_CS	2016	9	7	251	19.5	27	12.806136669838	-999.9	0	5	21.2815405704218	330
HARRINGTON_CDA_CS	2016	9	8	252	19.2	24.6	10.7637637059087	-999.9	0	3.46064814814814	21.5926202938528	330
HARRINGTON_CDA_CS	2016	9	9	253	16.1	24.6	13.3751520175371	-999.9	0	4.18981481481481	19.9841198434715	330
HARRINGTON_CDA_CS	2016	9	10	254	13.8	20.4	11.6714680617761	-999.9	0.3	2.06018518518519	15.9480367001761	330
HARRINGTON_CDA_CS	2016	9	11	255	12.2	25.5	16.4053664339719	-999.9	6	6.63194444444445	17.7774465518726	330
HARRINGTON_CDA_CS	2016	9	12	256	11.2	20.1	13.2863032333036	-999.9	0.2	4.6875	10.8717746486057	330
HARRINGTON_CDA_CS	2016	9	13	257	12.7	23.4	14.4209098935903	-999.9	0	5.15046296296297	13.3720629002974	330
HARRINGTON_CDA_CS	2016	9	14	258	11.3	22.4	14.5377305847272	-999.9	7.5	5.81018518518519	15.8115796871191	330
HARRINGTON_CDA_CS	2016	9	15	259	6.3	14.6	12.4408899783737	-999.9	0	5.19675925925925	9.00341795326994	330
HARRINGTON_CDA_CS	2016	9	16	260	6.4	18.8	15.0467833176572	-999.9	0	3.36805555555556	10.1622865113554	330
HARRINGTON_CDA_CS	2016	9	17	261	12	21.1	12.7531462453258	-999.9	0	4.54861111111111	14.114387920598	330
HARRINGTON_CDA_CS	2016	9	18	262	15.1	18.7	7.93515473282202	-999.9	6.2	5.20833333333333	16.8748137771342	330
HARRINGTON_CDA_CS	2016	9	19	263	15.5	19.8	8.57807605746827	-999.9	5.4	1.69082125603865	18.6990438762482	330
HARRINGTON_CDA_CS	2016	9	20	264	14.3	19.1	8.96338745100451	-999.9	0.8	2.28009259259259	17.4572323835553	330
HARRINGTON_CDA_CS	2016	9	21	265	14.4	23.1	11.9330602619286	-999.9	0	3.78472222222222	15.542355519801	330
HARRINGTON_CDA_CS	2016	9	22	266	10.7	18.3	11.027698166522	-999.9	0	3.31018518518519	11.4455314324016	330
HARRINGTON_CDA_CS	2016	9	23	267	10	13.8	7.70906012059804	-999.9	15.1	3.22916666666667	12.2520363863229	330
HARRINGTON_CDA_CS	2016	9	24	268	6.2	13.6	10.6341620034849	-999.9	1.3	3.20601851851853	8.65441954402371	330
HARRINGTON_CDA_CS	2016	9	25	269	5.8	11.7	9.38508014018469	-999.9	8.4	4.38657407407408	8.52469400610597	330
HARRINGTON_CDA_CS	2016	9	26	270	6.4	12	9.03603631851094	-999.9	0.6	4.38657407407408	8.11544111497185	330
HARRINGTON_CDA_CS	2016	9	27	271	8.2	12.5	7.82416915095194	-999.9	0	3.88888888888889	9.92494288792419	330
HARRINGTON_CDA_CS	2016	9	28	272	9.6	14.6	8.33600268008636	-999.9	0	3.29861111111111	10.4183804236184	330
HARRINGTON_CDA_CS	2016	9	29	273	5.4	12.8	10.0186015540262	-999.9	0.7	5.05787037037036	9.27462645886851	330
HARRINGTON_CDA_CS	2016	9	30	274	6	16.7	11.9001358819228	-999.9	0.3	2.10648148148148	10.2183041563966	330
HARRINGTON_CDA_CS	2016	10	1	275	7	18.9	12.3952007276467	-999.9	0	1.2962962962963	10.588728084445	330
HARRINGTON_CDA_CS	2016	10	2	276	9	17	10.0368476498835	-999.9	0	1.08796296296296	12.0861872632511	330
HARRINGTON_CDA_CS	2016	10	3	277	2.4	12.7	11.2459567051973	-999.9	0	5.19675925925925	7.87463252067186	330
HARRINGTON_CDA_CS	2016	10	4	278	1.6	14.3	12.3298948500285	-999.9	0	2.17592592592593	7.67490373504136	330
HARRINGTON_CDA_CS	2016	10	5	279	6.3	18.5	11.9308814512473	-999.9	0	3.27546296296297	11.0055637289154	330
HARRINGTON_CDA_CS	2016	10	6	280	7.9	20.6	12.0167258466278	-999.9	0.2	2.11352657004831	12.1263619460844	330
HARRINGTON_CDA_CS	2016	10	7	281	10.7	22.2	11.2871091051168	-999.9	0	2.29166666666667	13.3338588230012	330
HARRINGTON_CDA_CS	2016	10	8	282	10	21.8	11.2845300490742	-999.9	0	4.35185185185186	12.2966205192848	330
HARRINGTON_CDA_CS	2016	10	9	283	9.1	16.7	8.93755034103881	-999.9	5.2	4.43287037037036	12.4181924967795	330
HARRINGTON_CDA_CS	2016	10	10	284	7	9.9	5.44806109872248	-999.9	57.8	12.1180555555556	10.2756121129045	330
HARRINGTON_CDA_CS	2016	10	11	285	4.7	9.2	6.6964414782737	-999.9	0	5.54398148148147	7.22664784554688	330
HARRINGTON_CDA_CS	2016	10	12	286	7.3	16.8	9.59974478739194	-999.9	0	3.86363636363636	11.0497974189892	330
HARRINGTON_CDA_CS	2016	10	13	287	9.2	18.2	9.21819997998489	-999.9	0	4.74537037037036	12.781961612063	330
HARRINGTON_CDA_CS	2016	10	14	288	6.4	13.8	8.24586898895933	-999.9	0.3	4.83796296296297	9.34001641992467	330
HARRINGTON_CDA_CS	2016	10	15	289	1.6	9.6	8.45730227817648	-999.9	0	3.87731481481481	5.85334505559328	330
HARRINGTON_CDA_CS	2016	10	16	290	1	13.7	10.5106012734941	-999.9	1.6	4.24768518518519	7.43600962585658	330
HARRINGTON_CDA_CS	2016	10	17	291	8.9	16.1	7.80558382439263	-999.9	0.3	3.26388888888889	11.5510530630212	330
HARRINGTON_CDA_CS	2016	10	18	292	8.2	13.3	6.47909604542642	-999.9	0	3.78472222222222	10.3719706509932	330
HARRINGTON_CDA_CS	2016	10	19	293	8	19.6	9.63668107984799	-999.9	2.3	5.40509259259258	12.0732198657989	330
HARRINGTON_CDA_CS	2016	10	20	294	6.8	11.1	5.78606335079422	-999.9	0	2.15909090909091	8.24761497699115	330
HARRINGTON_CDA_CS	2016	10	21	295	8.2	15.4	7.3832809474905	-999.9	0	5.61342592592592	11.7082040110706	330
HARRINGTON_CDA_CS	2016	10	22	296	15.1	20.5	6.30522313207009	-999.9	32.5	5.68287037037036	18.7664616176825	330
HARRINGTON_CDA_CS	2016	10	23	297	5.5	15.5	8.46082820221514	-999.9	1.1	8.29861111111111	8.88655943116259	330
HARRINGTON_CDA_CS	2016	10	24	298	3.4	10.9	7.22510870028043	-999.9	0.6	6.64351851851853	6.47223209810239	330
HARRINGTON_CDA_CS	2016	10	25	299	1.3	6	5.63972540690678	-999.9	0.2	2.80092592592592	6.43471735078731	330
HARRINGTON_CDA_CS	2016	10	26	300	1.6	9.4	7.16389033283398	-999.9	7.5	3.90046296296297	7.85755668370053	330
HARRINGTON_CDA_CS	2016	10	27	301	0.3	5.9	5.98533666767198	-999.9	0.5	4.07407407407408	5.6342814626363	330
HARRINGTON_CDA_CS	2016	10	28	302	-0.8	6.5	6.73833218800032	-999.9	9	2.83564814814814	5.92342586962599	330
HARRINGTON_CDA_CS	2016	10	29	303	6.2	11.5	5.66150695035398	-999.9	7.9	4.25925925925925	10.4764878833466	330
HARRINGTON_CDA_CS	2016	10	30	304	6	9.1	4.26960917735078	-999.9	8.1	3.19444444444444	9.49934871462079	330
HARRINGTON_CDA_CS	2016	10	31	305	5.9	8.3	3.70458486993733	-999.9	1.3	1.95601851851852	9.09547486513589	330
HARRINGTON_CDA_CS	2016	11	1	306	5.8	7.4	2.98289249594241	-999.9	0.5	4.94212962962964	8.44174171273118	330
HARRINGTON_CDA_CS	2016	11	2	307	4.6	8.1	4.35086888136844	-999.9	0.8	0.208333333333333	8.33427938418212	330
HARRINGTON_CDA_CS	2016	11	3	308	5.9	8.1	3.40206110632942	-999.9	0.4	1.95601851851852	8.50095233803311	330
HARRINGTON_CDA_CS	2016	11	4	309	1.8	7.5	5.4011380888003	-999.9	10	2.07175925925926	7.90342965135578	330
HARRINGTON_CDA_CS	2016	11	5	310	0.4	3.9	4.17475698651746	-999.9	0	1.94444444444444	5.73158121205093	330
HARRINGTON_CDA_CS	2016	11	6	311	2.2	5.3	3.87582039577306	-999.9	2.2	2.53472222222222	6.63457341248277	330
HARRINGTON_CDA_CS	2016	11	7	312	-0.2	6	5.40760178270383	-999.9	0	1.90972222222222	5.49515052764346	330
HARRINGTON_CDA_CS	2016	11	8	313	-0.5	9.8	6.87698717468026	-999.9	0	2.5462962962963	6.58440407860577	330
HARRINGTON_CDA_CS	2016	11	9	314	1.3	13.4	7.35515866762084	-999.9	2.3	2.12962962962963	8.50875956608734	330
HARRINGTON_CDA_CS	2016	11	10	315	1.2	5.2	4.17352045933208	-999.9	0.2	3.27546296296297	5.86409176718037	330
HARRINGTON_CDA_CS	2016	11	11	316	3.1	9	5.00299050378122	-999.9	3	5.39351851851853	7.81675908532957	330
HARRINGTON_CDA_CS	2016	11	12	317	0.2	5.9	4.85439073311908	-999.9	0.5	6.14583333333333	5.37556445669892	330
HARRINGTON_CDA_CS	2016	11	13	318	2.3	9.3	5.31137675699989	-999.9	0	5.04629629629631	6.1164476178915	330
HARRINGTON_CDA_CS	2016	11	14	319	1.7	12.5	6.51482307172784	-999.9	0	2.80092592592592	8.17537578365114	330
HARRINGTON_CDA_CS	2016	11	15	320	0.1	9.7	6.06646466873807	-999.9	0	0.115740740740741	7.99647584817501	330
HARRINGTON_CDA_CS	2016	11	16	321	6.5	12.4	4.69804149821388	-999.9	15	4.14351851851853	11.1870867551157	330
HARRINGTON_CDA_CS	2016	11	17	322	6.5	12	4.48176756268524	-999.9	0	2.91666666666667	10.7434420914212	330
HARRINGTON_CDA_CS	2016	11	18	323	5.3	6.9	2.38889128726828	-999.9	0	6.11111111111111	8.68353680648506	330
HARRINGTON_CDA_CS	2016	11	19	324	5.6	9.8	3.82582997441997	-999.9	8	6.05324074074075	9.83704562891829	330
HARRINGTON_CDA_CS	2016	11	20	325	8.5	15.1	4.74175153174731	-999.9	0.2	3.98148148148147	12.9010279607642	330
HARRINGTON_CDA_CS	2016	11	21	326	4.4	11.3	4.79472091811554	-999.9	1	4.95370370370369	8.37173389940553	330
HARRINGTON_CDA_CS	2016	11	22	327	0.6	4.7	3.65606422821877	-999.9	1.9	4.32870370370369	5.86476023505103	330
HARRINGTON_CDA_CS	2016	11	23	328	0.4	4.2	3.48267456529479	-999.9	12.3	3.96990740740742	6.48172472366263	330
HARRINGTON_CDA_CS	2016	11	24	329	0.5	2.9	2.73934658261903	-999.9	0.7	4.81481481481481	5.54479959266287	330
HARRINGTON_CDA_CS	2016	11	25	330	0.4	2.4	2.47572614901901	-999.9	0	1.31944444444444	5.54278152619093	330
HARRINGTON_CDA_CS	2016	11	26	331	-1.5	4.6	4.28183198688035	-999.9	0.3	1.66666666666667	5.86686446660102	330
HARRINGTON_CDA_CS	2016	11	27	332	-0.3	4.4	3.72328609570174	-999.9	27.8	8.80787037037036	6.37205602051274	330
HARRINGTON_CDA_CS	2016	11	28	333	-0.7	0.9	2.15273551448009	-999.9	10.1	4.98842592592592	5.85768695214779	330
HARRINGTON_CDA_CS	2016	11	29	334	-1.1	1.4	2.66746663832808	-999.9	1.6	3.71527777777778	5.67200451712095	330
HARRINGTON_CDA_CS	2016	11	30	335	0	2.6	2.69751368649567	-999.9	24.9	3.41435185185186	6.17168317963278	330
HARRINGTON_CDA_CS	2016	12	1	336	-0.1	4	3.36024588520564	-999.9	20.3	6.08796296296297	6.26172627506912	330
HARRINGTON_CDA_CS	2016	12	2	337	1.1	3.8	2.70596183818893	-999.9	2.9	4.88425925925925	6.8930391603068	330
HARRINGTON_CDA_CS	2016	12	3	338	0.2	3	2.73553443468076	-999.9	3.2	5.08101851851853	6.05056276692512	330
HARRINGTON_CDA_CS	2016	12	4	339	-3.2	0.6	3.16479188363833	-999.9	0.9	5.64814814814814	4.16995816856507	330
HARRINGTON_CDA_CS	2016	12	5	340	-3.5	-1.1	2.49873317418578	-999.9	0	3.34490740740742	3.98375539814864	330
HARRINGTON_CDA_CS	2016	12	6	341	-3.2	-1.6	2.02772761288471	-999.9	0.4	3.18287037037036	4.01869193006314	330
HARRINGTON_CDA_CS	2016	12	7	342	-2.9	0.1	2.76072805042581	-999.9	0	2.39583333333333	4.50651891740499	330
HARRINGTON_CDA_CS	2016	12	8	343	-2.2	1.3	2.96614087058964	-999.9	2.6	2.03703703703704	5.33622322469755	330
HARRINGTON_CDA_CS	2016	12	9	344	-5.3	-0.8	3.34690420313427	-999.9	0.2	4.13194444444444	3.94324058277893	330
HARRINGTON_CDA_CS	2016	12	10	345	-10.5	-5.3	3.58183375195086	-999.9	0	5.12731481481481	2.35996218035001	330
HARRINGTON_CDA_CS	2016	12	11	346	-11.3	-6	3.60162562402544	-999.9	0.2	4.91898148148147	2.21080250590244	330
HARRINGTON_CDA_CS	2016	12	12	347	-13.1	-2	5.19363723919854	-999.9	8.8	3.24074074074075	2.98969301899651	330
HARRINGTON_CDA_CS	2016	12	13	348	-7.5	-0.6	4.08205616450066	-999.9	2.9	3.743961352657	4.84249401424289	330
HARRINGTON_CDA_CS	2016	12	14	349	-7.3	1.7	4.64961249487623	-999.9	2.7	4.12037037037036	4.51108237595132	330
HARRINGTON_CDA_CS	2016	12	15	350	-13.5	-5	4.50862891796881	-999.9	5.8	3.72685185185186	2.59450702262121	330
HARRINGTON_CDA_CS	2016	12	16	351	-16.5	-13.5	2.67383769520011	-999.9	1.3	9.22453703703703	1.4909708385564	330
HARRINGTON_CDA_CS	2016	12	17	352	-18.9	0	6.70263691582121	-999.9	5.5	4.44444444444444	2.42185027549711	330
HARRINGTON_CDA_CS	2016	12	18	353	-2.9	10.5	5.63909501328426	-999.9	8.1	6.49305555555556	7.36951098321303	330
HARRINGTON_CDA_CS	2016	12	19	354	-13.8	-2.9	5.08410943221191	-999.9	0	4.45601851851853	2.16393970113769	330
HARRINGTON_CDA_CS	2016	12	20	355	-16.4	-4.8	5.24539196588682	-999.9	0	3.20601851851853	1.97553622758732	330
HARRINGTON_CDA_CS	2016	12	21	356	-5.3	1.1	3.89842263690942	-999.9	0	4.95370370370369	3.83702844433633	330
HARRINGTON_CDA_CS	2016	12	22	357	-4.4	1.2	3.65044067686608	-999.9	4	2.38425925925926	4.63636456498886	330
HARRINGTON_CDA_CS	2016	12	23	358	-6.2	0.2	3.90836750419872	-999.9	0.6	3.21759259259258	4.34395217972051	330
HARRINGTON_CDA_CS	2016	12	24	359	-4	3.3	4.18236433051615	-999.9	4.9	4.42129629629631	5.31565589353328	330
HARRINGTON_CDA_CS	2016	12	25	360	-6.5	1.3	4.33373647864223	-999.9	0	8.10185185185186	3.68908017082296	330
HARRINGTON_CDA_CS	2016	12	26	361	-9.3	-5.8	2.9114027707963	-999.9	2.4	4.66435185185186	2.49358043771165	330
HARRINGTON_CDA_CS	2016	12	27	362	-6.6	7.1	5.77933963690975	-999.9	10.6	6.67824074074075	5.38657261093807	330
HARRINGTON_CDA_CS	2016	12	28	363	-3.7	0.8	3.32482258051247	-999.9	0.8	3.11342592592592	4.61330842887396	330
HARRINGTON_CDA_CS	2016	12	29	364	-1.8	1.1	2.68038937311433	-999.9	0.3	3.91203703703703	5.12935954212441	330
HARRINGTON_CDA_CS	2016	12	30	365	-1.9	5.1	4.18383433826335	-999.9	6.4	10.1851851851852	5.70612845381743	330
HARRINGTON_CDA_CS	2016	12	31	366	-8.8	-1.2	4.38173394920245	-999.9	0	3.50694444444444	2.96159702093297	330
