HARRINGTON_CDA_CS	2011	1	1	1	-1.1	2	2.79845288621606	-999.9	0.4	3.18287037037036	5.88940663778845	330
HARRINGTON_CDA_CS	2011	1	2	2	-2.7	1.4	3.23610741629256	-999.9	0.2	2.00231481481481	5.39254119001465	330
HARRINGTON_CDA_CS	2011	1	3	3	-5.1	1.2	4.03530297106373	-999.9	14.7	2.98611111111111	5.01408203615349	330
HARRINGTON_CDA_CS	2011	1	4	4	-9.1	-5.1	3.235849995939	-999.9	0.2	5.40509259259258	2.994661706013	330
HARRINGTON_CDA_CS	2011	1	5	5	-9.9	-4.9	3.64225174359663	-999.9	0.2	3.99305555555556	2.39290057232074	330
HARRINGTON_CDA_CS	2011	1	6	6	-11.6	-4.5	4.3713038816308	-999.9	0	2.11805555555556	2.41263528564805	330
HARRINGTON_CDA_CS	2011	1	7	7	-8.4	0.8	5.01347623035102	-999.9	2.8	3.51851851851853	4.16725481736521	330
HARRINGTON_CDA_CS	2011	1	8	8	-2.2	0.2	2.58092953872213	-999.9	8.5	4.21296296296297	5.46093029145864	330
HARRINGTON_CDA_CS	2011	1	9	9	-2.7	1.2	3.31731204913351	-999.9	3.2	5.85648148148147	5.55591881397691	330
HARRINGTON_CDA_CS	2011	1	10	10	0	1.2	1.85601626948925	-999.9	3.1	7.31481481481481	6.08973193730745	330
HARRINGTON_CDA_CS	2011	1	11	11	-1	1.4	2.6483967795436	-999.9	0	4.53703703703703	5.39956148221807	330
HARRINGTON_CDA_CS	2011	1	12	12	-3.1	0.1	3.08662047010913	-999.9	1	4.64120370370369	4.92269573036327	330
HARRINGTON_CDA_CS	2011	1	13	13	-0.6	1.3	2.40135129478905	-999.9	4.1	9.58333333333333	6.15758295961642	330
HARRINGTON_CDA_CS	2011	1	14	14	-5.1	-0.5	3.7736666420742	-999.9	0.8	4.46759259259258	4.49442863390812	330
HARRINGTON_CDA_CS	2011	1	15	15	-8.4	-4.7	3.41917571045567	-999.9	0.5	2.4537037037037	2.97615080862057	330
HARRINGTON_CDA_CS	2011	1	16	16	-10.9	-2.1	5.32872313396826	-999.9	1.9	3.93518518518519	3.33754908079813	330
HARRINGTON_CDA_CS	2011	1	17	17	-13.9	-9	4.01940253591976	-999.9	0	4.0625	2.0047697349682	330
HARRINGTON_CDA_CS	2011	1	18	18	-17	0.5	7.68032389547114	-999.9	0.2	3.94675925925925	2.70141954483324	330
HARRINGTON_CDA_CS	2011	1	19	19	-3.1	2.4	4.35461053881338	-999.9	22.8	7.85879629629631	5.69818440175951	330
HARRINGTON_CDA_CS	2011	1	20	20	-12	-3.1	5.60371261458602	-999.9	0.6	4.72222222222222	3.10685080058273	330
HARRINGTON_CDA_CS	2011	1	21	21	-13.7	3.6	7.9052788419876	-999.9	5.2	4.80324074074075	3.85885515394938	330
HARRINGTON_CDA_CS	2011	1	22	22	-14.2	-5.5	5.67364927208016	-999.9	0	9.84953703703703	2.07360803862195	330
HARRINGTON_CDA_CS	2011	1	23	23	-18.1	-10.1	5.50740520849218	-999.9	0	3.22916666666667	1.59936462998883	330
HARRINGTON_CDA_CS	2011	1	24	24	-22.1	-15.4	5.10298324468484	-999.9	0	6.16898148148147	0.98450936962374	330
HARRINGTON_CDA_CS	2011	1	25	25	-19.5	-12.1	5.4308515640065	-999.9	0.2	3.30917874396136	1.2027386565457	330
HARRINGTON_CDA_CS	2011	1	26	26	-15	-3.4	6.88687463899984	-999.9	0	1.33101851851852	2.64176657665033	330
HARRINGTON_CDA_CS	2011	1	27	27	-3.8	-0.5	3.72102206019101	-999.9	10	7.1875	5.01015329069438	330
HARRINGTON_CDA_CS	2011	1	28	28	-11.7	-3.5	5.94279211869059	-999.9	0.6	3.56481481481481	3.02874561285858	330
HARRINGTON_CDA_CS	2011	1	29	29	-9	-3.4	4.97642588859866	-999.9	1.6	1.95601851851852	3.56977003015278	330
HARRINGTON_CDA_CS	2011	1	30	30	-11.1	-4.2	5.59815563030851	-999.9	1.2	2.03703703703704	2.88338783268202	330
HARRINGTON_CDA_CS	2011	1	31	31	-16.1	-8	6.14769465636451	-999.9	0	4.17824074074075	1.77871812293408	330
HARRINGTON_CDA_CS	2011	2	1	32	-18.1	-9	6.60522867677949	-999.9	0	3.61111111111111	1.57441236456589	330
HARRINGTON_CDA_CS	2011	2	2	33	-14.1	-6	6.31757968318138	-999.9	9.8	3.37962962962964	2.413401214111	330
HARRINGTON_CDA_CS	2011	2	3	34	-15.3	-5.8	6.93666137313251	-999.9	1	5.19675925925925	2.28307051301613	330
HARRINGTON_CDA_CS	2011	2	4	35	-13.4	-3.1	7.32357316686511	-999.9	0.8	3.61111111111111	2.47949765524755	330
HARRINGTON_CDA_CS	2011	2	5	36	-13.1	-1.8	7.77840466147935	-999.9	0	3.58796296296297	2.79718533384309	330
HARRINGTON_CDA_CS	2011	2	6	37	-6.5	-0.2	5.88973412731608	-999.9	12.3	6.59722222222222	4.53675673919168	330
HARRINGTON_CDA_CS	2011	2	7	38	-9.4	-1.6	6.6461502497758	-999.9	1.2	3.03240740740742	3.56501756224617	330
HARRINGTON_CDA_CS	2011	2	8	39	-3.7	-0.5	4.31732601395329	-999.9	10.3	2.44212962962963	4.96401851312997	330
HARRINGTON_CDA_CS	2011	2	9	40	-12.9	-3.2	7.62357401702034	-999.9	1.8	6.20772946859903	2.68594871578089	330
HARRINGTON_CDA_CS	2011	2	10	41	-14.5	-7.2	6.70778936125483	-999.9	0	2.53472222222222	2.01492694369381	330
HARRINGTON_CDA_CS	2011	2	11	42	-19	-7.8	8.42715739279669	-999.9	0	3.31018518518519	1.72440885583805	330
HARRINGTON_CDA_CS	2011	2	12	43	-18.3	-2.2	10.2481308338762	-999.9	0.3	4.13194444444444	2.33335665750741	330
HARRINGTON_CDA_CS	2011	2	13	44	-13.3	-5	7.4633304591147	-999.9	0.8	4.65277777777778	2.05186993169506	330
HARRINGTON_CDA_CS	2011	2	14	45	-9.9	0.6	8.51430700593106	-999.9	5.2	4.91898148148147	3.95756528638207	330
HARRINGTON_CDA_CS	2011	2	15	46	-12.6	-0.2	9.38474805673282	-999.9	1.2	8.24074074074075	3.52504681599057	330
HARRINGTON_CDA_CS	2011	2	16	47	-13.2	-5	7.74049924209923	-999.9	0.2	5.06944444444445	2.36272281476316	330
HARRINGTON_CDA_CS	2011	2	17	48	-6.1	3.4	8.45015036476007	-999.9	0	4.64120370370369	3.78852333169139	330
HARRINGTON_CDA_CS	2011	2	18	49	-7.3	0.5	7.76565528089886	-999.9	11.2	2.87037037037036	4.20431339761861	330
HARRINGTON_CDA_CS	2011	2	19	50	-1.8	0.4	4.18268608556239	-999.9	4.2	4.16666666666667	5.72547410710885	330
HARRINGTON_CDA_CS	2011	2	20	51	-5.1	-0.2	6.33049271910733	-999.9	2.4	6.48148148148147	4.92433155257859	330
HARRINGTON_CDA_CS	2011	2	21	52	-8.7	-3.1	6.86292118418557	-999.9	5.4	2.92824074074075	3.67066010656828	330
HARRINGTON_CDA_CS	2011	2	22	53	-5.4	-2.8	4.74192671103425	-999.9	1.3	7.25694444444445	4.07824248104249	330
HARRINGTON_CDA_CS	2011	2	23	54	-6.4	-4.3	4.32121994090966	-999.9	0	6.78240740740742	3.49804717685417	330
HARRINGTON_CDA_CS	2011	2	24	55	-11.5	-2.9	8.86640880980884	-999.9	0.2	3.59953703703703	2.91795439464183	330
HARRINGTON_CDA_CS	2011	2	25	56	-4.4	1.3	7.31827851950724	-999.9	33.7	4.66435185185186	4.94120894757399	330
HARRINGTON_CDA_CS	2011	2	26	57	-15.2	-4.3	10.2595175392365	-999.9	0.8	7.51157407407408	2.31779343491356	330
HARRINGTON_CDA_CS	2011	2	27	58	-18.8	-10.5	9.07532599360319	-999.9	0	2.38425925925926	1.36001789287073	330
HARRINGTON_CDA_CS	2011	2	28	59	-19.1	2	14.6669370092887	-999.9	11.4	5.03472222222222	2.71524756947092	330
HARRINGTON_CDA_CS	2011	3	1	60	-9.7	2	11.0695491560635	-999.9	0	6.08796296296297	3.43238371368134	330
HARRINGTON_CDA_CS	2011	3	2	61	-14.2	1.4	12.953891554011	-999.9	0.3	6.30787037037036	2.80004843844435	330
HARRINGTON_CDA_CS	2011	3	3	62	-13.7	-1	11.8440808985502	-999.9	0.2	5.32407407407408	2.55595272918237	330
HARRINGTON_CDA_CS	2011	3	4	63	-16.2	-8.5	9.34470338884869	-999.9	1.3	2.97453703703703	1.65310484910905	330
HARRINGTON_CDA_CS	2011	3	5	64	-13.9	1.9	13.5621034444073	-999.9	0	6.92129629629631	2.9197599491546	330
HARRINGTON_CDA_CS	2011	3	6	65	1.7	6.5	7.57275381048191	-999.9	0	8.07870370370369	7.01252525745739	330
HARRINGTON_CDA_CS	2011	3	7	66	-0.2	7.4	9.6522779281989	-999.9	1.4	6.01851851851853	7.29284805925566	330
HARRINGTON_CDA_CS	2011	3	8	67	-6.4	0.5	9.31518028188619	-999.9	0.5	4.35185185185186	4.04451071690692	330
HARRINGTON_CDA_CS	2011	3	9	68	-8.2	-5.1	6.32330345640092	-999.9	0	4.39814814814814	2.73323897994118	330
HARRINGTON_CDA_CS	2011	3	10	69	-8.1	-1	9.69037320163683	-999.9	0	2.38425925925926	3.50366701058507	330
HARRINGTON_CDA_CS	2011	3	11	70	-1.1	6.2	9.94882056563955	-999.9	0.2	6.92129629629631	6.59081763191047	330
HARRINGTON_CDA_CS	2011	3	12	71	1.6	8	9.43080438025044	-999.9	9.7	7.83564814814814	7.9516440689268	330
HARRINGTON_CDA_CS	2011	3	13	72	-2.8	6.5	11.5079419000587	-999.9	0	5.17361111111111	5.39892834652852	330
HARRINGTON_CDA_CS	2011	3	14	73	-7.5	-2.4	8.62554878867942	-999.9	0	8.17129629629631	3.29164388798569	330
HARRINGTON_CDA_CS	2011	3	15	74	-9.8	-0.9	11.5315944892979	-999.9	0.3	3.04398148148147	2.70186903821629	330
HARRINGTON_CDA_CS	2011	3	16	75	-3	4.2	10.4954205034468	-999.9	5.4	5.52083333333333	4.95191360165264	330
HARRINGTON_CDA_CS	2011	3	17	76	0.4	6.9	10.08963287441	-999.9	0.3	3.04398148148147	6.68130931555078	330
HARRINGTON_CDA_CS	2011	3	18	77	-3.2	6.7	12.5969847808229	-999.9	4.2	7.21064814814814	6.01848612686811	330
HARRINGTON_CDA_CS	2011	3	19	78	-4.8	-3	5.43325686118888	-999.9	0.2	6.70138888888889	3.64331232178467	330
HARRINGTON_CDA_CS	2011	3	20	79	-9.6	-2.1	11.216922503201	-999.9	0	4.07407407407408	2.75258301660037	330
HARRINGTON_CDA_CS	2011	3	21	80	-9.9	2.1	14.3481680344561	-999.9	1	2.63888888888889	3.10065053911884	330
HARRINGTON_CDA_CS	2011	3	22	81	-3.7	1.6	9.6416132426463	-999.9	0	3.81944444444444	4.17023070271592	330
HARRINGTON_CDA_CS	2011	3	23	82	-4.2	0.2	8.88151073898505	-999.9	1	3.71527777777778	4.05986025658595	330
HARRINGTON_CDA_CS	2011	3	24	83	-3.8	-0.6	7.65643611529222	-999.9	0.9	4.67592592592592	4.12434425971583	330
HARRINGTON_CDA_CS	2011	3	25	84	-6.7	-1.7	9.6731951488952	-999.9	4.1	4.84953703703703	3.89958544762633	330
HARRINGTON_CDA_CS	2011	3	26	85	-9.3	-1.3	12.3653106383992	-999.9	0.2	5.11574074074075	2.62930274117601	330
HARRINGTON_CDA_CS	2011	3	27	86	-7.2	-2.2	9.87783330337522	-999.9	0	5.91435185185186	2.73346434470002	330
HARRINGTON_CDA_CS	2011	3	28	87	-7.3	1.6	13.314647975746	-999.9	0	5.09259259259258	3.2792062751108	330
HARRINGTON_CDA_CS	2011	3	29	88	-1.5	2.5	9.01703651229192	-999.9	0	5.04629629629631	4.33021208442528	330
HARRINGTON_CDA_CS	2011	3	30	89	-1.9	3.6	10.6796081608877	-999.9	0	3.29861111111111	4.33703345236467	330
HARRINGTON_CDA_CS	2011	3	31	90	-2.1	5.7	12.8440586798822	-999.9	0	2.12962962962963	4.66745682698093	330
HARRINGTON_CDA_CS	2011	4	1	91	-2.8	4.6	12.6325960426935	-999.9	7.3	5.02314814814814	5.18860956132488	330
HARRINGTON_CDA_CS	2011	4	2	92	-0.3	2.4	7.70408540912881	-999.9	3.4	5.79861111111111	6.27737218653179	330
HARRINGTON_CDA_CS	2011	4	3	93	-4.7	0.5	10.7930447022332	-999.9	0.6	4.61805555555556	4.53865650272926	330
HARRINGTON_CDA_CS	2011	4	4	94	-6.1	5	15.9164974871933	-999.9	0.7	3.15972222222222	4.20318064949537	330
HARRINGTON_CDA_CS	2011	4	5	95	0.3	12.6	16.9091935557084	-999.9	9.6	8.13657407407408	9.06018780473593	330
HARRINGTON_CDA_CS	2011	4	6	96	-0.2	5.2	11.3055625229715	-999.9	0	5.10416666666667	5.3564913545901	330
HARRINGTON_CDA_CS	2011	4	7	97	-2.9	1.3	10.0597125453107	-999.9	0	4.90740740740742	3.50049422452475	330
HARRINGTON_CDA_CS	2011	4	8	98	-3.9	1.5	11.50705446974	-999.9	0	3.24074074074075	4.17958960136031	330
HARRINGTON_CDA_CS	2011	4	9	99	-4.1	6.9	16.5657387216218	-999.9	0	2.21064814814815	4.37990086908809	330
HARRINGTON_CDA_CS	2011	4	10	100	-1.4	11	17.738357042672	-999.9	0.3	2.24537037037037	5.8818408368612	330
HARRINGTON_CDA_CS	2011	4	11	101	2.2	10.6	14.7221520921401	-999.9	7.3	7.66203703703703	8.09293924757453	330
HARRINGTON_CDA_CS	2011	4	12	102	2	10.9	15.2790699371604	-999.9	2.9	7.26851851851853	6.89335701549422	330
HARRINGTON_CDA_CS	2011	4	13	103	-1.9	10.5	18.1812739633428	-999.9	0.3	3.46064814814814	4.18843483337733	330
HARRINGTON_CDA_CS	2011	4	14	104	0.4	11.8	17.5719070978567	-999.9	2.4	6.46990740740742	8.10043179407137	330
HARRINGTON_CDA_CS	2011	4	15	105	-6.9	0.4	14.1717188709774	-999.9	0	5.41666666666667	3.13274994341952	330
HARRINGTON_CDA_CS	2011	4	16	106	-6.2	4.8	17.5304824946226	-999.9	0.3	3.06712962962964	3.53103305502086	330
HARRINGTON_CDA_CS	2011	4	17	107	-0.9	9.8	17.420789753734	-999.9	3.5	8.99305555555556	7.10626255713257	330
HARRINGTON_CDA_CS	2011	4	18	108	3.5	9.8	13.4668755585725	-999.9	0	5.82175925925925	7.28456156829103	330
HARRINGTON_CDA_CS	2011	4	19	109	-1.3	10.6	18.6437420124542	-999.9	0.2	3.47222222222222	6.16260186292961	330
HARRINGTON_CDA_CS	2011	4	20	110	-1.9	2.7	11.6746583951572	-999.9	11.3	2.70833333333333	4.65175249664054	330
HARRINGTON_CDA_CS	2011	4	21	111	-0.6	3.7	11.367056384926	-999.9	4.8	2.48842592592593	6.36629422060717	330
HARRINGTON_CDA_CS	2011	4	22	112	0.4	7	14.1800371388261	-999.9	0	4.91898148148147	5.28839794702199	330
HARRINGTON_CDA_CS	2011	4	23	113	1.7	12.2	18.0067360654557	-999.9	0.2	6.875	5.19362916510011	330
HARRINGTON_CDA_CS	2011	4	24	114	2	14.2	19.5388408346612	-999.9	0	5.92592592592592	7.8131551103605	330
HARRINGTON_CDA_CS	2011	4	25	115	0.8	13.6	20.1440238971449	-999.9	0.8	2.60416666666667	6.06851440321092	330
HARRINGTON_CDA_CS	2011	4	26	116	2.4	10.8	16.4228050737064	-999.9	1.3	3.57638888888889	8.23375677198273	330
HARRINGTON_CDA_CS	2011	4	27	117	1.5	6.8	13.1267262851592	-999.9	5.8	3.61111111111111	7.41744640557198	330
HARRINGTON_CDA_CS	2011	4	28	118	4.5	18.6	21.5418729490194	-999.9	9.7	6.95601851851853	12.7145048598585	330
HARRINGTON_CDA_CS	2011	4	29	119	11.3	17.6	14.4858659208748	-999.9	2	4.6875	14.6022048570289	330
HARRINGTON_CDA_CS	2011	4	30	120	2.4	11.3	17.3186729663429	-999.9	0.3	5.63657407407408	8.76752725881685	330
HARRINGTON_CDA_CS	2011	5	1	121	0.9	4.1	10.4444463803377	-999.9	0	6.75925925925925	6.48288496515533	330
HARRINGTON_CDA_CS	2011	5	2	122	1	9.8	17.4175983664064	-999.9	0	5.27777777777778	6.90986595873913	330
HARRINGTON_CDA_CS	2011	5	3	123	4.4	12.5	16.8024219063842	-999.9	0.3	4.47916666666667	9.35159638291448	330
HARRINGTON_CDA_CS	2011	5	4	124	6.2	16.7	19.2332498122591	-999.9	0	7.71990740740742	11.7791587751991	330
HARRINGTON_CDA_CS	2011	5	5	125	9.2	16.5	16.1210962849274	-999.9	5.9	7.29166666666667	13.1776007597405	330
HARRINGTON_CDA_CS	2011	5	6	126	6.7	13.3	15.4073150942591	-999.9	4.6	6.27314814814814	9.10302787291566	330
HARRINGTON_CDA_CS	2011	5	7	127	6.3	15.6	18.3808386931576	-999.9	7	6.08796296296297	9.05008826242093	330
HARRINGTON_CDA_CS	2011	5	8	128	4.1	14	19.0571326708241	-999.9	0.2	4.43287037037036	10.043482354051	330
HARRINGTON_CDA_CS	2011	5	9	129	3.7	5.5	8.16469259563661	-999.9	17.4	6.89814814814814	8.26012086591957	330
HARRINGTON_CDA_CS	2011	5	10	130	4.6	6.6	8.64629356843896	-999.9	14.2	8.73842592592592	8.56308606962606	330
HARRINGTON_CDA_CS	2011	5	11	131	4.4	6.3	8.46547228802622	-999.9	1.8	8.66666666666667	8.16851797414569	330
HARRINGTON_CDA_CS	2011	5	12	132	3.1	6.3	11.0346117962349	-999.9	0.4	7.51157407407408	7.9177280315482	330
HARRINGTON_CDA_CS	2011	5	13	133	3.4	7.3	12.2340586769883	-999.9	0.2	4.42129629629631	8.76400706879733	330
HARRINGTON_CDA_CS	2011	5	14	134	3.6	8.5	13.770231042893	-999.9	1.4	2.5	9.19572364171331	330
HARRINGTON_CDA_CS	2011	5	15	135	3.7	9.9	15.5522397405497	-999.9	9.6	4.08564814814814	9.4393348922271	330
HARRINGTON_CDA_CS	2011	5	16	136	3.5	9.5	15.359456234782	-999.9	20	4.59490740740742	8.6713733079748	330
HARRINGTON_CDA_CS	2011	5	17	137	3.1	10.3	16.8895863246875	-999.9	32.1	2.78935185185186	9.35002631961594	330
HARRINGTON_CDA_CS	2011	5	18	138	2.8	12	19.1623547279584	-999.9	0.2	1.77083333333333	9.31870731212502	330
HARRINGTON_CDA_CS	2011	5	19	139	7.6	22.6	24.5557187100964	-999.9	0	3.29861111111111	13.7997108420031	330
HARRINGTON_CDA_CS	2011	5	20	140	13.7	21.3	17.5394488744295	-999.9	0	4.20138888888889	17.1430359200262	330
HARRINGTON_CDA_CS	2011	5	21	141	4.1	16.1	22.1132290752654	-999.9	0.8	6.50462962962964	11.3828217830865	330
HARRINGTON_CDA_CS	2011	5	22	142	1.4	8.4	16.9439016079573	-999.9	0	3.72685185185186	6.89088875221246	330
HARRINGTON_CDA_CS	2011	5	23	143	1.4	15.4	24.0370922629967	-999.9	0	6.07638888888889	8.13080296376209	330
HARRINGTON_CDA_CS	2011	5	24	144	6.5	16.5	20.3761561442584	-999.9	1.3	9.21296296296297	11.4442332967718	330
HARRINGTON_CDA_CS	2011	5	25	145	4.4	13.9	19.9177108054947	-999.9	0.8	3.68055555555556	9.14265051824664	330
HARRINGTON_CDA_CS	2011	5	26	146	3.4	18.7	25.347193345372	-999.9	0	3.81944444444444	10.5090247272998	330
HARRINGTON_CDA_CS	2011	5	27	147	6.1	26.2	29.1299728807484	-999.9	0	5.06944444444445	14.7378082162228	330
HARRINGTON_CDA_CS	2011	5	28	148	6	14.2	18.6534158410434	-999.9	0.8	2.06018518518519	11.8534427654858	330
HARRINGTON_CDA_CS	2011	5	29	149	14.2	24.6	21.0585840420417	-999.9	0	5.40509259259258	18.519317129328	330
HARRINGTON_CDA_CS	2011	5	30	150	11.4	23.8	23.0481563767356	-999.9	0	4.46759259259258	15.0625016002785	330
HARRINGTON_CDA_CS	2011	5	31	151	3.9	13	19.7884072228883	-999.9	0	4.59490740740742	7.59178753032035	330
HARRINGTON_CDA_CS	2011	6	1	152	4	17.5	24.1531564600247	-999.9	2.5	6.93287037037036	9.59163430107526	330
HARRINGTON_CDA_CS	2011	6	2	153	12.4	22.9	21.3437501330096	-999.9	0	5.35879629629631	15.225574910347	330
HARRINGTON_CDA_CS	2011	6	3	154	6.8	12.4	15.6167796099363	-999.9	3.8	4.29398148148147	11.0374897754645	330
HARRINGTON_CDA_CS	2011	6	4	155	6.6	10.7	13.3863822275915	-999.9	0.2	2.48842592592593	10.6322644956423	330
HARRINGTON_CDA_CS	2011	6	5	156	5.6	10.5	14.6587082996433	-999.9	0	4.13194444444444	10.5018926989461	330
HARRINGTON_CDA_CS	2011	6	6	157	8	14.1	16.3810447544518	-999.9	0.8	2.5462962962963	12.4604638271088	330
HARRINGTON_CDA_CS	2011	6	7	158	8.7	12.7	13.2842926842443	-999.9	0.5	4.20138888888889	12.3809966085681	330
HARRINGTON_CDA_CS	2011	6	8	159	9.2	19.6	21.4491311672137	-999.9	0.2	2.67361111111111	14.6522089862544	330
HARRINGTON_CDA_CS	2011	6	9	160	12.2	21.6	20.4171198464988	-999.9	2.9	5.27777777777778	15.3121818569604	330
HARRINGTON_CDA_CS	2011	6	10	161	6.3	12.2	16.1937366777963	-999.9	0	5.21990740740742	9.88082995269397	330
HARRINGTON_CDA_CS	2011	6	11	162	6.7	16.1	20.4610814590445	-999.9	0	3.72685185185186	8.61675979634327	330
HARRINGTON_CDA_CS	2011	6	12	163	8.5	22.2	24.7241673594855	-999.9	0	2.70833333333333	10.8989150923234	330
HARRINGTON_CDA_CS	2011	6	13	164	9.7	13.1	12.3268124923033	-999.9	8.8	3.63425925925925	10.9514054479703	330
HARRINGTON_CDA_CS	2011	6	14	165	9.4	14.1	14.5031876190766	-999.9	0	4.30555555555556	12.368310468668	330
HARRINGTON_CDA_CS	2011	6	15	166	9.1	13.3	13.71815495186	-999.9	1.4	6.28472222222222	10.9685525511228	330
HARRINGTON_CDA_CS	2011	6	16	167	8.1	11.1	11.5995615646845	-999.9	0	5.50925925925925	10.6524029097143	330
HARRINGTON_CDA_CS	2011	6	17	168	7.7	20.8	24.2482215120702	-999.9	0	2.55787037037037	13.4462660209681	330
HARRINGTON_CDA_CS	2011	6	18	169	13.3	22	19.7660828201903	-999.9	13.5	5.57870370370369	17.0980579683251	330
HARRINGTON_CDA_CS	2011	6	19	170	10.1	18.8	19.7692789835162	-999.9	8.1	4.00462962962964	15.127165864188	330
HARRINGTON_CDA_CS	2011	6	20	171	9.1	12	11.4144220788495	-999.9	2.4	5.19675925925925	11.8549460956674	330
HARRINGTON_CDA_CS	2011	6	21	172	8.3	11.8	12.5390953145922	-999.9	0	4.51388888888889	10.8191109360368	330
HARRINGTON_CDA_CS	2011	6	22	173	5.3	13.1	18.7158812408111	-999.9	0	4.51388888888889	9.86315758784222	330
HARRINGTON_CDA_CS	2011	6	23	174	5.4	20	25.5990449526557	-999.9	0	2.40740740740741	10.8250882904068	330
HARRINGTON_CDA_CS	2011	6	24	175	6.6	17.9	22.5125389717822	-999.9	0	3.86574074074075	11.8071673852051	330
HARRINGTON_CDA_CS	2011	6	25	176	8.6	14.5	16.2593339107255	-999.9	0.9	5.42824074074075	11.6630581658298	330
HARRINGTON_CDA_CS	2011	6	26	177	11.3	18.7	18.1985865026395	-999.9	0	2.99768518518519	15.4589673587109	330
HARRINGTON_CDA_CS	2011	6	27	178	11.3	18.7	18.1859615137212	-999.9	1.5	2.92824074074075	15.5160378427301	330
HARRINGTON_CDA_CS	2011	6	28	179	11.4	24.3	23.9920532970716	-999.9	1.1	2.36111111111111	16.3710044094568	330
HARRINGTON_CDA_CS	2011	6	29	180	12.2	25.7	24.5213924091637	-999.9	3.6	3.69212962962964	16.6018183576905	330
HARRINGTON_CDA_CS	2011	6	30	181	15	23.8	19.7778355978739	-999.9	0.9	3.15972222222222	19.772787449023	330
HARRINGTON_CDA_CS	2011	7	1	182	12.5	19	16.9787909915898	-999.9	0	2.77777777777778	16.4536789234364	330
HARRINGTON_CDA_CS	2011	7	2	183	12.5	21.6	20.0648943530953	-999.9	1	1.50462962962963	16.4538056390053	330
HARRINGTON_CDA_CS	2011	7	3	184	14.1	24.4	21.3183845161212	-999.9	0	4.73379629629631	16.8402725386763	330
HARRINGTON_CDA_CS	2011	7	4	185	15.6	20.3	14.3799528018509	-999.9	1.9	5.30092592592592	18.6760897927535	330
HARRINGTON_CDA_CS	2011	7	5	186	16.1	26.2	21.0472507678588	-999.9	0	2.83564814814814	20.7609719767869	330
HARRINGTON_CDA_CS	2011	7	6	187	15	28.8	24.5614293198061	-999.9	0	3.32175925925925	17.9975149801614	330
HARRINGTON_CDA_CS	2011	7	7	188	13.9	24.2	21.1819186249695	-999.9	0	3.85416666666667	17.2422162470674	330
HARRINGTON_CDA_CS	2011	7	8	189	13.7	23.8	20.9359694659877	-999.9	0	1.46990740740741	15.5060416050351	330
HARRINGTON_CDA_CS	2011	7	9	190	12.9	18.8	15.9697141981143	-999.9	23.6	0.972222222222222	16.4685532338793	330
HARRINGTON_CDA_CS	2011	7	10	191	14.6	22.9	18.9017447705833	-999.9	4.1	3.53009259259258	15.696689657556	330
HARRINGTON_CDA_CS	2011	7	11	192	15.9	25.8	20.5979989192022	-999.9	0.8	4.27083333333333	17.7656415995655	330
HARRINGTON_CDA_CS	2011	7	12	193	15.9	21.9	15.9985427481556	-999.9	13.4	5.09259259259258	19.5223038444768	330
HARRINGTON_CDA_CS	2011	7	13	194	12.9	18.3	15.1409013703662	-999.9	0	4.49074074074075	14.939429514385	330
HARRINGTON_CDA_CS	2011	7	14	195	12.4	15.2	10.8751809651459	-999.9	0	6.29629629629631	11.7827760855391	330
HARRINGTON_CDA_CS	2011	7	15	196	13.2	15.1	8.93489324420965	-999.9	0	6.92129629629631	12.5465154025211	330
HARRINGTON_CDA_CS	2011	7	16	197	11.9	18.6	16.7323678951186	-999.9	0	4.29398148148147	12.7419003330536	330
HARRINGTON_CDA_CS	2011	7	17	198	12.8	27.2	24.4602508108574	-999.9	0	4.00462962962964	16.0525898942822	330
HARRINGTON_CDA_CS	2011	7	18	199	17.2	23.5	16.1310144113966	-999.9	23.9	2.96296296296297	20.2548530275025	330
HARRINGTON_CDA_CS	2011	7	19	200	15	24.4	19.643506987134	-999.9	0.5	0.497685185185186	18.6853690309674	330
HARRINGTON_CDA_CS	2011	7	20	201	14.2	23.6	19.5809845526106	-999.9	4.8	2.61574074074074	15.6763094979514	330
HARRINGTON_CDA_CS	2011	7	21	202	16.2	22.6	16.1037766032809	-999.9	13.7	3.27546296296297	19.7256645046736	330
HARRINGTON_CDA_CS	2011	7	22	203	14.7	21.1	16.0489411495993	-999.9	5.5	1.875	18.4388304381146	330
HARRINGTON_CDA_CS	2011	7	23	204	15.5	26.1	20.5816082647657	-999.9	0.9	2.43055555555556	21.9115477435337	330
HARRINGTON_CDA_CS	2011	7	24	205	13.2	19.6	15.9344654738193	-999.9	0	2.7662037037037	14.6849746299817	330
HARRINGTON_CDA_CS	2011	7	25	206	13.4	24.7	21.0939957339917	-999.9	1	1.09953703703704	14.9944380560602	330
HARRINGTON_CDA_CS	2011	7	26	207	14.4	20.2	15.0541606879079	-999.9	9.4	2.08333333333333	14.3666985347217	330
HARRINGTON_CDA_CS	2011	7	27	208	15.3	19.9	13.3534964230138	-999.9	36.2	2.69675925925926	18.893378195095	330
HARRINGTON_CDA_CS	2011	7	28	209	12	19.3	16.7533418686411	-999.9	0.5	2.83564814814814	15.9233816747595	330
HARRINGTON_CDA_CS	2011	7	29	210	12.8	23.6	20.2920560748593	-999.9	0.2	3.26388888888889	17.1023928886263	330
HARRINGTON_CDA_CS	2011	7	30	211	15.4	18.8	11.3364687819972	-999.9	11.5	3.59953703703703	17.8161187484321	330
HARRINGTON_CDA_CS	2011	7	31	212	13	19.3	15.3632313035001	-999.9	0.2	1.53935185185185	16.9488646501255	330
HARRINGTON_CDA_CS	2011	8	1	213	13.4	25.1	20.8414897764474	-999.9	2.1	1.27314814814815	18.0297689860689	330
HARRINGTON_CDA_CS	2011	8	2	214	14.3	21.4	16.1598711443933	-999.9	27.2	5.46296296296297	17.4385608042476	330
HARRINGTON_CDA_CS	2011	8	3	215	14.9	19.7	13.2236503623162	-999.9	0.8	4.42129629629631	17.193235146732	330
HARRINGTON_CDA_CS	2011	8	4	216	13.6	19.1	14.0858481769114	-999.9	0	4.07407407407408	15.9317215731171	330
HARRINGTON_CDA_CS	2011	8	5	217	12	19.1	15.923935749493	-999.9	0	3.93518518518519	14.371336975439	330
HARRINGTON_CDA_CS	2011	8	6	218	11.1	22	19.6291955632197	-999.9	0.8	1.88657407407407	14.3761451254821	330
HARRINGTON_CDA_CS	2011	8	7	219	15.4	25.4	18.7027491552302	-999.9	1.2	2.66203703703704	19.9906291237168	330
HARRINGTON_CDA_CS	2011	8	8	220	16.8	18.6	7.89234096367267	-999.9	41.6	4.35185185185186	19.3311703011039	330
HARRINGTON_CDA_CS	2011	8	9	221	14.7	18.4	11.2533617945271	-999.9	1.1	3.29861111111111	17.7360172837955	330
HARRINGTON_CDA_CS	2011	8	10	222	13.9	19.4	13.6433821533863	-999.9	1.4	3.64583333333333	16.4799290101558	330
HARRINGTON_CDA_CS	2011	8	11	223	13.8	19.2	13.4413860830466	-999.9	0.8	2.77777777777778	16.9775045791099	330
HARRINGTON_CDA_CS	2011	8	12	224	15.1	23	16.1627086406484	-999.9	0	3.26388888888889	17.9178165089685	330
HARRINGTON_CDA_CS	2011	8	13	225	14.5	20.1	13.5267894283572	-999.9	1	2.40740740740741	17.6322924850282	330
HARRINGTON_CDA_CS	2011	8	14	226	15.6	26.7	18.9281760262541	-999.9	0	3.55324074074075	18.218545826464	330
HARRINGTON_CDA_CS	2011	8	15	227	16.2	23.7	15.4621777598161	-999.9	0	2.58101851851852	18.4431052574868	330
HARRINGTON_CDA_CS	2011	8	16	228	15.2	18.6	10.3447067749761	-999.9	18.1	3.76157407407408	17.6255243288229	330
HARRINGTON_CDA_CS	2011	8	17	229	14.2	21.5	15.0599852911602	-999.9	1.1	2.93981481481481	17.9355165209135	330
HARRINGTON_CDA_CS	2011	8	18	230	14	25.2	18.5311328493674	-999.9	0	4.20138888888889	16.8964636565828	330
HARRINGTON_CDA_CS	2011	8	19	231	16.6	26.5	17.3055578173991	-999.9	0	4.46759259259258	21.6805739406709	330
HARRINGTON_CDA_CS	2011	8	20	232	17.4	25.9	15.9256615873961	-999.9	0	4.16666666666667	21.0721202810606	330
HARRINGTON_CDA_CS	2011	8	21	233	18.1	26.6	15.8147463393038	-999.9	0	3.62268518518519	22.0915835804706	330
HARRINGTON_CDA_CS	2011	8	22	234	17.6	24.4	14.0448295982372	-999.9	6.5	6.36574074074075	20.3198403627161	330
HARRINGTON_CDA_CS	2011	8	23	235	12.1	21.4	16.3063598322276	-999.9	0.2	2.99768518518519	14.0153445537854	330
HARRINGTON_CDA_CS	2011	8	24	236	11.2	23.1	18.3099272453913	-999.9	0	4.06565656565656	11.1178368911598	330
HARRINGTON_CDA_CS	2011	8	25	237	15	25.6	17.1517134290665	-999.9	0	5.38194444444445	17.3099315991506	330
HARRINGTON_CDA_CS	2011	8	26	238	15.9	25.7	16.3663828695891	-999.9	3.7	3.84259259259258	20.5343679134992	330
HARRINGTON_CDA_CS	2011	8	27	239	13.8	25.8	17.9704451852922	-999.9	0	3.04398148148147	18.2123018500978	330
HARRINGTON_CDA_CS	2011	8	28	240	17.5	23.6	12.7117383596894	-999.9	20.6	4.20138888888889	21.8767694540214	330
HARRINGTON_CDA_CS	2011	8	29	241	14.2	23.7	15.7368114854437	-999.9	1	8.27546296296297	16.0042999782609	330
HARRINGTON_CDA_CS	2011	8	30	242	13.6	23.4	15.8535243550932	-999.9	0	2.53472222222222	16.0017094819463	330
HARRINGTON_CDA_CS	2011	8	31	243	10.6	21.5	16.5816088683622	-999.9	0	3.26388888888889	15.210543324991	330
HARRINGTON_CDA_CS	2011	9	1	244	9.1	19.8	16.2910315941261	-999.9	0	1.72453703703704	14.0496143231773	330
HARRINGTON_CDA_CS	2011	9	2	245	10.5	21.7	16.5253822166887	-999.9	0	1.73611111111111	14.6670362409072	330
HARRINGTON_CDA_CS	2011	9	3	246	13.2	22.8	15.1672323763721	-999.9	0	3.91203703703703	16.3189134111438	330
HARRINGTON_CDA_CS	2011	9	4	247	15.5	25.1	15.0340811131846	-999.9	0	2.69675925925926	18.1071650637056	330
HARRINGTON_CDA_CS	2011	9	5	248	18.4	26.3	13.5166048695776	-999.9	0	6.04166666666667	20.7415699155418	330
HARRINGTON_CDA_CS	2011	9	6	249	11.4	21.1	14.8420857071769	-999.9	0.7	5.68287037037036	16.0726000933207	330
HARRINGTON_CDA_CS	2011	9	7	250	9.5	16.7	12.669879072607	-999.9	0	2.39583333333333	11.4212832656928	330
HARRINGTON_CDA_CS	2011	9	8	251	13	19.2	11.6477317785081	-999.9	5.1	2.65046296296296	16.4276929921644	330
HARRINGTON_CDA_CS	2011	9	9	252	11.8	22.4	15.0862010099934	-999.9	0	3.15972222222222	14.9691290766359	330
HARRINGTON_CDA_CS	2011	9	10	253	6.4	15.4	13.7680307120046	-999.9	3.4	4.34027777777778	10.13571368746	330
HARRINGTON_CDA_CS	2011	9	11	254	5.9	18	15.8091709114358	-999.9	0	4.02777777777778	10.1563299205416	330
HARRINGTON_CDA_CS	2011	9	12	255	11.9	22.9	14.9252251084194	-999.9	0	5.09259259259258	14.9815739126234	330
HARRINGTON_CDA_CS	2011	9	13	256	11.9	23.8	15.3691046690255	-999.9	0	3.51851851851853	16.9115564418446	330
HARRINGTON_CDA_CS	2011	9	14	257	16.4	23.1	11.4157792145541	-999.9	0	4.69907407407408	19.7581736251724	330
HARRINGTON_CDA_CS	2011	9	15	258	13.9	24.8	14.4117649473561	-999.9	5.9	4.57175925925925	19.4335022497071	330
HARRINGTON_CDA_CS	2011	9	16	259	8.4	14.4	10.5817668135456	-999.9	2.8	5.41666666666667	10.5115446730261	330
HARRINGTON_CDA_CS	2011	9	17	260	6	15.8	13.3818863920753	-999.9	0	3.84259259259258	9.01740297382748	330
HARRINGTON_CDA_CS	2011	9	18	261	7.1	17.3	13.507328961794	-999.9	0	1.93287037037037	9.47059009313767	330
HARRINGTON_CDA_CS	2011	9	19	262	7.6	14.8	11.2264996773775	-999.9	0	1.72453703703704	10.6624792937348	330
HARRINGTON_CDA_CS	2011	9	20	263	10.1	18.3	11.8505289798469	-999.9	0	2.7662037037037	12.5600645552236	330
HARRINGTON_CDA_CS	2011	9	21	264	11.4	21.5	13.007340514141	-999.9	0	3.65740740740742	14.4332346976892	330
HARRINGTON_CDA_CS	2011	9	22	265	10.3	21.1	13.300912411361	-999.9	0	3.37962962962964	15.0802035448402	330
HARRINGTON_CDA_CS	2011	9	23	266	16	22.3	10.0444630144821	-999.9	0	2.44212962962963	20.1796499695812	330
HARRINGTON_CDA_CS	2011	9	24	267	14.6	17.3	6.50086079517469	-999.9	0	1.6087962962963	17.608591517079	330
HARRINGTON_CDA_CS	2011	9	25	268	15.2	24.7	12.0539528692101	-999.9	0	3.71527777777778	18.9579032389511	330
HARRINGTON_CDA_CS	2011	9	26	269	11.1	21	12.1621602942756	-999.9	0	2.92824074074075	13.7025025423925	330
HARRINGTON_CDA_CS	2011	9	27	270	3.6	14.8	12.7842404706003	-999.9	0.5	3.95833333333333	8.68989945424401	330
HARRINGTON_CDA_CS	2011	9	28	271	3.6	15.8	13.1845906377947	-999.9	0.3	2.62731481481481	8.84116557926224	330
HARRINGTON_CDA_CS	2011	9	29	272	11.2	19.1	10.4826197726031	-999.9	0	5.01157407407408	13.4045846146361	330
HARRINGTON_CDA_CS	2011	9	30	273	15	22.4	10.0228494575792	-999.9	2.9	5.77546296296297	17.1596340154816	330
HARRINGTON_CDA_CS	2011	10	1	274	12.4	16.6	7.45880722701755	-999.9	41.4	3.68055555555556	15.2031470625926	330
HARRINGTON_CDA_CS	2011	10	2	275	12.6	14.3	4.68694436857916	-999.9	13.8	5.61342592592592	14.9082086251776	330
HARRINGTON_CDA_CS	2011	10	3	276	11.3	13.9	5.72433128610378	-999.9	4	3.53009259259258	13.9708551498453	330
HARRINGTON_CDA_CS	2011	10	4	277	11	14.2	6.27103129501585	-999.9	14.8	3.80787037037036	13.0614373178982	330
HARRINGTON_CDA_CS	2011	10	5	278	3	12.1	10.4415451995126	-999.9	59.6	11.3310185185185	9.72645958044162	330
HARRINGTON_CDA_CS	2011	10	6	279	2.5	5.5	5.91888810533048	-999.9	8.3	9.14351851851853	6.40525987721477	330
HARRINGTON_CDA_CS	2011	10	7	280	0.5	7.2	8.73190188678349	-999.9	0.7	3.76157407407408	5.50871853576728	330
HARRINGTON_CDA_CS	2011	10	8	281	6.1	21.2	12.9392659085401	-999.9	0	4.86111111111111	10.6505416408365	330
HARRINGTON_CDA_CS	2011	10	9	282	15.4	24.6	9.96836424498039	-999.9	0	4.44444444444444	15.1819741108628	330
HARRINGTON_CDA_CS	2011	10	10	283	9.2	18.8	10.0492794772634	-999.9	0	5.13888888888889	9.83700474218433	330
HARRINGTON_CDA_CS	2011	10	11	284	3.3	10.4	8.52824720902494	-999.9	0	4.71064814814814	7.06481185100294	330
HARRINGTON_CDA_CS	2011	10	12	285	2.7	13.1	10.1845559966576	-999.9	0	1.48148148148148	8.69269494347219	330
HARRINGTON_CDA_CS	2011	10	13	286	7.4	14.5	8.30260895178862	-999.9	0	3.14814814814814	11.3235934448495	330
HARRINGTON_CDA_CS	2011	10	14	287	12.7	17.6	6.80472047763678	-999.9	15.9	4.60648148148147	16.3745491842402	330
HARRINGTON_CDA_CS	2011	10	15	288	11.4	19.5	8.63078413136034	-999.9	4	6.66666666666667	13.8862894089005	330
HARRINGTON_CDA_CS	2011	10	16	289	9.2	16	7.80060389650395	-999.9	1	6.11111111111111	11.0472904417737	330
HARRINGTON_CDA_CS	2011	10	17	290	7.1	15.3	8.44927044222854	-999.9	11.2	4.07407407407408	11.3135805867238	330
HARRINGTON_CDA_CS	2011	10	18	291	9.2	14.2	6.50744257752045	-999.9	0.7	2.53472222222222	11.3377544081553	330
HARRINGTON_CDA_CS	2011	10	19	292	7.4	14.6	7.70160658940834	-999.9	2.5	2.40740740740741	10.9556590312681	330
HARRINGTON_CDA_CS	2011	10	20	293	9.2	17.9	8.34917114327671	-999.9	54.1	4.24768518518519	14.8296864329668	330
HARRINGTON_CDA_CS	2011	10	21	294	8.1	16.6	8.1384761789805	-999.9	0	5.85648148148147	11.0537544841597	330
HARRINGTON_CDA_CS	2011	10	22	295	6.9	15.2	7.93060355982384	-999.9	0.2	2.36111111111111	10.7799043757152	330
HARRINGTON_CDA_CS	2011	10	23	296	3.8	13.1	8.27805700274391	-999.9	0.7	1.875	9.60233431969571	330
HARRINGTON_CDA_CS	2011	10	24	297	4.3	13.4	8.07451005455122	-999.9	1	2.2337962962963	9.89923149268856	330
HARRINGTON_CDA_CS	2011	10	25	298	7.6	11	4.86670482611462	-999.9	12.6	2.11805555555556	10.8267625820937	330
HARRINGTON_CDA_CS	2011	10	26	299	3.5	8.5	5.8193563560187	-999.9	4.5	5.90277777777778	7.71986224996721	330
HARRINGTON_CDA_CS	2011	10	27	300	1	6.4	5.96318787865276	-999.9	0.2	3.04398148148147	6.02484151746424	330
HARRINGTON_CDA_CS	2011	10	28	301	0.8	6.6	6.09379101204832	-999.9	2.2	3.76157407407408	5.70827075188952	330
HARRINGTON_CDA_CS	2011	10	29	302	0.1	7.4	6.74109345600278	-999.9	0	2.89351851851853	5.91305935902612	330
HARRINGTON_CDA_CS	2011	10	30	303	0.7	4.3	4.66790675785296	-999.9	36.3	9.57175925925925	6.51349348718156	330
HARRINGTON_CDA_CS	2011	10	31	304	-0.4	4.1	5.14622967863568	-999.9	0.5	4.93055555555556	5.14085898504319	330
HARRINGTON_CDA_CS	2011	11	1	305	-0.6	9.7	7.67762561457044	-999.9	0	2.61574074074074	6.36813787428436	330
HARRINGTON_CDA_CS	2011	11	2	306	0.7	10.1	7.23293605071229	-999.9	0	2.96783625730994	6.48257939665843	330
HARRINGTON_CDA_CS	2011	11	3	307	3.6	12.3	6.86235727177894	-999.9	0	4.62962962962964	7.71080971742751	330
HARRINGTON_CDA_CS	2011	11	4	308	0.2	8.9	6.76800540870361	-999.9	9.7	4.36342592592592	6.91123993379691	330
HARRINGTON_CDA_CS	2011	11	5	309	-1.2	2.3	4.23399842334762	-999.9	3	6.28472222222222	4.70351664105194	330
HARRINGTON_CDA_CS	2011	11	6	310	-1.5	9.4	7.37017328274823	-999.9	0	5.05787037037036	4.79543632677768	330
HARRINGTON_CDA_CS	2011	11	7	311	1.2	10.8	6.82313682167879	-999.9	0	3.20601851851853	6.29953280407866	330
HARRINGTON_CDA_CS	2011	11	8	312	2.1	13.2	7.2382628290842	-999.9	0	3.70370370370369	7.25135817706136	330
HARRINGTON_CDA_CS	2011	11	9	313	3	11.3	6.17562511703294	-999.9	0	1.77083333333333	7.49215048519667	330
HARRINGTON_CDA_CS	2011	11	10	314	5.3	15.2	6.6554503848024	-999.9	0	4.58333333333333	9.47625743059352	330
HARRINGTON_CDA_CS	2011	11	11	315	3.2	16.2	7.52667000941932	-999.9	39.4	8.58796296296297	11.2226412734485	330
HARRINGTON_CDA_CS	2011	11	12	316	1.7	5.3	3.90941404447124	-999.9	0	6.88657407407408	5.46075225128135	330
HARRINGTON_CDA_CS	2011	11	13	317	2.2	10.5	5.85991252066797	-999.9	0	3.35648148148147	7.2241147557872	330
HARRINGTON_CDA_CS	2011	11	14	318	8.4	13.9	4.70968865545047	-999.9	0	6.29629629629631	10.9852474560712	330
HARRINGTON_CDA_CS	2011	11	15	319	6.4	12.6	4.93784302569402	-999.9	0.4	4.51388888888889	10.5512310248072	330
HARRINGTON_CDA_CS	2011	11	16	320	3.7	11.8	5.57430999762457	-999.9	9	3.94675925925925	7.92525937602692	330
HARRINGTON_CDA_CS	2011	11	17	321	0.1	10.6	6.26948476135532	-999.9	12.9	3.61111111111111	7.75811674998033	330
HARRINGTON_CDA_CS	2011	11	18	322	-2.8	1.5	3.96411569674058	-999.9	8.7	4.57175925925925	4.81173121055837	330
HARRINGTON_CDA_CS	2011	11	19	323	-2.3	7.2	5.82290897378018	-999.9	0	4.21296296296297	5.503412260316	330
HARRINGTON_CDA_CS	2011	11	20	324	3.1	13.1	5.90527954990637	-999.9	0.6	5.60185185185186	8.56780918984587	330
HARRINGTON_CDA_CS	2011	11	21	325	-5	3.2	5.28701783304936	-999.9	0.2	4.43287037037036	3.77913241481205	330
HARRINGTON_CDA_CS	2011	11	22	326	-6.4	-1	4.24297252196091	-999.9	0	2.55787037037037	3.20004521021692	330
HARRINGTON_CDA_CS	2011	11	23	327	-5.7	0.1	4.3497861768263	-999.9	13.2	3.09027777777778	3.98648950159058	330
HARRINGTON_CDA_CS	2011	11	24	328	-6.4	0.6	4.72824049546196	-999.9	0.2	5.94907407407408	4.1387839754549	330
HARRINGTON_CDA_CS	2011	11	25	329	-6	5.5	5.99814678431141	-999.9	0	3.54166666666667	5.28446151038961	330
HARRINGTON_CDA_CS	2011	11	26	330	0.8	7.5	4.53261807851126	-999.9	0	4.20138888888889	6.52693864724831	330
HARRINGTON_CDA_CS	2011	11	27	331	-0.3	3.2	3.24429327043389	-999.9	0	2.80092592592592	5.15239261470506	330
HARRINGTON_CDA_CS	2011	11	28	332	2.4	12.1	5.350346799654	-999.9	2.1	7.06018518518519	8.6304563364278	330
HARRINGTON_CDA_CS	2011	11	29	333	-1	7	4.81494599584088	-999.9	0	3.78472222222222	6.01948760374641	330
HARRINGTON_CDA_CS	2011	11	30	334	6.3	16.8	5.46810052412276	-999.9	18.1	6.76328502415458	12.462326600303	330
HARRINGTON_CDA_CS	2011	12	1	335	1.2	8.7	4.58265874805923	-999.9	0	4.59490740740742	7.25304607637223	330
HARRINGTON_CDA_CS	2011	12	2	336	-1.1	3.9	3.71168439950516	-999.9	0	2.10648148148148	4.9005092411244	330
HARRINGTON_CDA_CS	2011	12	3	337	-2.1	1.8	3.25293927427038	-999.9	0.4	2.60416666666667	4.89964047382744	330
HARRINGTON_CDA_CS	2011	12	4	338	-2.8	5.8	4.79527117900342	-999.9	0	4.39814814814814	5.59410768952767	330
HARRINGTON_CDA_CS	2011	12	5	339	5.2	10.5	3.73842722305244	-999.9	0	4.13194444444444	9.09835404083423	330
HARRINGTON_CDA_CS	2011	12	6	340	3.4	11.1	4.47665965153439	-999.9	11.7	4.12037037037036	9.63598793735022	330
HARRINGTON_CDA_CS	2011	12	7	341	3.4	4.3	1.52111518093604	-999.9	5.1	3.69212962962964	7.78317717047364	330
HARRINGTON_CDA_CS	2011	12	8	342	-2.2	14.9	6.59248274264958	-999.9	19	7.29166666666667	8.06076056269352	330
HARRINGTON_CDA_CS	2011	12	9	343	-3.1	4.6	4.40035524249281	-999.9	0	3.76157407407408	4.31670179215322	330
HARRINGTON_CDA_CS	2011	12	10	344	-4.7	5.3	4.9902038377957	-999.9	4.5	3.84259259259258	5.37611832154275	330
HARRINGTON_CDA_CS	2011	12	11	345	-7.3	-3.5	3.06248101142219	-999.9	0.2	4.375	2.65735155089461	330
HARRINGTON_CDA_CS	2011	12	12	346	-3.5	4.6	4.45325481657832	-999.9	0	3.77314814814814	4.46847435575235	330
HARRINGTON_CDA_CS	2011	12	13	347	-4.2	2.4	4.00546557924907	-999.9	0.5	2.25694444444444	5.1418233806093	330
HARRINGTON_CDA_CS	2011	12	14	348	-2.3	0.9	2.78033292056529	-999.9	0	4.73379629629631	4.06566985619401	330
HARRINGTON_CDA_CS	2011	12	15	349	-2.5	6.7	4.70168176390551	-999.9	16	5.55555555555556	5.63727645138731	330
HARRINGTON_CDA_CS	2011	12	16	350	-1.6	9.1	5.05926141701928	-999.9	10.3	6.42361111111111	7.0070760168255	330
HARRINGTON_CDA_CS	2011	12	17	351	-6.3	-1.6	3.34718639844283	-999.9	0	3.72685185185186	3.1631077437688	330
HARRINGTON_CDA_CS	2011	12	18	352	-5.7	-2.8	2.62583033724558	-999.9	0.2	4.46759259259258	3.2451408844603	330
HARRINGTON_CDA_CS	2011	12	19	353	-6.5	0.3	4.01754379341859	-999.9	0.9	3.78472222222222	3.32437370762933	330
HARRINGTON_CDA_CS	2011	12	20	354	-10	0.4	4.96665170429427	-999.9	0.2	5.84490740740742	3.11605680257651	330
HARRINGTON_CDA_CS	2011	12	21	355	-12.1	3.6	6.10295803160255	-999.9	14.2	4.90740740740742	3.45726591933901	330
HARRINGTON_CDA_CS	2011	12	22	356	-1.1	5.5	3.95921132619165	-999.9	3.4	3.78472222222222	6.69932858868054	330
HARRINGTON_CDA_CS	2011	12	23	357	-4.8	0	3.379915380174	-999.9	7.2	2.91666666666667	4.82500365135649	330
HARRINGTON_CDA_CS	2011	12	24	358	-10.4	-4.8	3.65619592973969	-999.9	0.4	5.46296296296297	2.72644960851883	330
HARRINGTON_CDA_CS	2011	12	25	359	-11.6	-4.5	4.12492189998457	-999.9	0.2	3.26388888888889	2.6129925412036	330
HARRINGTON_CDA_CS	2011	12	26	360	-4.9	0.4	3.57252528225664	-999.9	3.7	4.66435185185186	4.69452303697235	330
HARRINGTON_CDA_CS	2011	12	27	361	-7.1	2.5	4.82194318344733	-999.9	0	4.86111111111111	4.38126678277953	330
HARRINGTON_CDA_CS	2011	12	28	362	2.1	8.2	3.8565330133758	-999.9	10.9	7.90509259259258	7.9914712890202	330
HARRINGTON_CDA_CS	2011	12	29	363	-9	2.8	5.38410345647472	-999.9	0.2	9.65277777777778	3.33862393172816	330
HARRINGTON_CDA_CS	2011	12	30	364	-10.4	-5.9	3.33896038694675	-999.9	0	5.13888888888889	2.2862600201671	330
HARRINGTON_CDA_CS	2011	12	31	365	-9.9	5.1	6.12453518380822	-999.9	19.6	3.66898148148147	4.5355034322751	330
