HARRINGTON_CDA_CS	2007	1	1	1	-8.7	1.7	5.12570753530697	-999.9	21.3	3.99305555555556	3.6928717633235	330
HARRINGTON_CDA_CS	2007	1	2	2	-4.6	2.6	4.28841936627979	-999.9	4.3	4.76851851851853	5.19703683810561	330
HARRINGTON_CDA_CS	2007	1	3	3	-6.9	0.9	4.49007064201068	-999.9	1.4	4.25925925925925	3.55432914421891	330
HARRINGTON_CDA_CS	2007	1	4	4	-2.3	5.6	4.54749186503191	-999.9	0.7	3.70370370370369	4.9348138189132	330
HARRINGTON_CDA_CS	2007	1	5	5	1.7	7.4	3.88886068799787	-999.9	2	4.50231481481481	7.78091316634967	330
HARRINGTON_CDA_CS	2007	1	6	6	2.8	12	4.9759469076234	-999.9	13.8	4.44444444444444	10.0597233350957	330
HARRINGTON_CDA_CS	2007	1	7	7	3.9	5.6	2.15511032328573	-999.9	0	7.5	5.90703844142548	330
HARRINGTON_CDA_CS	2007	1	8	8	-2.8	8.9	5.69853812470893	-999.9	26.1	4.36342592592592	6.557358187524	330
HARRINGTON_CDA_CS	2007	1	9	9	-1	3.2	3.44253740540059	-999.9	0	5.75231481481481	5.05900263996188	330
HARRINGTON_CDA_CS	2007	1	10	10	-3.1	0.7	3.30280515773	-999.9	1.5	2.59259259259259	3.9757643237155	330
HARRINGTON_CDA_CS	2007	1	11	11	-8.8	-0.5	4.92511614354356	-999.9	0	4.49074074074075	3.31662747768425	330
HARRINGTON_CDA_CS	2007	1	12	12	-9.5	2.8	6.05146880145405	-999.9	1.2	4.31712962962964	4.11672353516823	330
HARRINGTON_CDA_CS	2007	1	13	13	-2.6	3.4	4.26731323372091	-999.9	0.7	6.13425925925925	5.04663810756079	330
HARRINGTON_CDA_CS	2007	1	14	14	-7.1	-3	3.56267778182076	-999.9	0	3.17129629629631	3.04959910259912	330
HARRINGTON_CDA_CS	2007	1	15	15	-7.9	-3.6	3.68599537026484	-999.9	11.2	2.70833333333333	3.05600467962511	330
HARRINGTON_CDA_CS	2007	1	16	16	-7.9	-2.5	4.17425234579143	-999.9	3.8	4.52546296296297	3.79320167597338	330
HARRINGTON_CDA_CS	2007	1	17	17	-19.7	-17.9	2.43612581954337	-999.9	1.7	7.00231481481481	1.1172522059775	330
HARRINGTON_CDA_CS	2007	1	18	18	-21.4	-1.9	8.10732936551762	-999.9	0	4.89583333333333	1.93730782001593	330
HARRINGTON_CDA_CS	2007	1	19	19	-12.3	5.3	7.78976414425897	-999.9	31.5	7.46527777777778	4.28167635694062	330
HARRINGTON_CDA_CS	2007	1	20	20	-5.6	-5.1	1.32820727084238	-999.9	0.6	7.68518518518519	3.48777391054917	330
HARRINGTON_CDA_CS	2007	1	21	21	-13.9	-11.9	2.68787544374868	-999.9	2	6.67824074074075	1.68745601689767	330
HARRINGTON_CDA_CS	2007	1	22	22	-15.4	-10.7	4.17015106942797	-999.9	0	4.50231481481481	1.54713577332122	330
HARRINGTON_CDA_CS	2007	1	23	23	-13.8	-5	5.77621531312498	-999.9	0	1.89814814814815	2.29767780430413	330
HARRINGTON_CDA_CS	2007	1	24	24	-10.3	-3.3	5.21597812078696	-999.9	0	2.66203703703704	2.83846919354622	330
HARRINGTON_CDA_CS	2007	1	25	25	-13.6	-9.5	4.04244389742137	-999.9	0	2.93981481481481	1.8124959377089	330
HARRINGTON_CDA_CS	2007	1	26	26	-19.2	-7.8	6.82724689642861	-999.9	1.4	5.60185185185186	1.68236285908561	330
HARRINGTON_CDA_CS	2007	1	27	27	-16.6	-10.2	5.18197438397994	-999.9	1.3	7.48842592592592	1.569221187499	330
HARRINGTON_CDA_CS	2007	1	28	28	-15.3	-6.1	6.294736081247	-999.9	0	3.125	1.64459576685437	330
HARRINGTON_CDA_CS	2007	1	29	29	-12.7	-6.5	5.23623792624248	-999.9	0	3.81944444444444	2.27418496458295	330
HARRINGTON_CDA_CS	2007	1	30	30	-17.2	-13.1	4.31531348871708	-999.9	0	4.03935185185186	1.13890389406483	330
HARRINGTON_CDA_CS	2007	1	31	31	-19.2	-12	5.79610210690619	-999.9	0	2.66203703703704	1.07285862988879	330
HARRINGTON_CDA_CS	2007	2	1	32	-17.5	-2.2	8.56471423187185	-999.9	0.6	3.39120370370369	1.96847756113936	330
HARRINGTON_CDA_CS	2007	2	2	33	-12.5	0.2	7.91061192071666	-999.9	2.1	3.94675925925925	3.54238461024637	330
HARRINGTON_CDA_CS	2007	2	3	34	-2.9	-0.8	3.26135698447212	-999.9	4.3	4.46759259259258	4.78198200214985	330
HARRINGTON_CDA_CS	2007	2	4	35	-13.5	-6.2	6.16546508212041	-999.9	0	4.95370370370369	1.87905623546453	330
HARRINGTON_CDA_CS	2007	2	5	36	-15.9	-13.5	3.5847339762142	-999.9	0	4.75694444444445	1.14990046343506	330
HARRINGTON_CDA_CS	2007	2	6	37	-22.3	-14.9	6.38324149964392	-999.9	0	5.65972222222222	0.829688643672879	330
HARRINGTON_CDA_CS	2007	2	7	38	-18.3	-11.4	6.25096977793072	-999.9	0	3.35648148148147	1.16502827472354	330
HARRINGTON_CDA_CS	2007	2	8	39	-19.8	-13.1	6.24708272421209	-999.9	0	3.46064814814814	1.10146423766923	330
HARRINGTON_CDA_CS	2007	2	9	40	-17.6	-11	6.28846606797017	-999.9	0	4.32870370370369	1.24852318700842	330
HARRINGTON_CDA_CS	2007	2	10	41	-16.9	-8.7	7.10926842991521	-999.9	0	2.92824074074075	1.56124556647138	330
HARRINGTON_CDA_CS	2007	2	11	42	-14.7	-10.2	5.34168594434174	-999.9	0	3.85416666666667	1.47682099250711	330
HARRINGTON_CDA_CS	2007	2	12	43	-15.1	-4.6	8.27611225632478	-999.9	0	4.23611111111111	1.76063339876001	330
HARRINGTON_CDA_CS	2007	2	13	44	-17.1	-10.9	6.45044193461328	-999.9	0	4.20138888888889	1.26305407226362	330
HARRINGTON_CDA_CS	2007	2	14	45	-14.6	1.1	10.4112885324974	-999.9	0.9	4.17824074074075	2.84000765923378	330
HARRINGTON_CDA_CS	2007	2	15	46	-4.9	2	7.00061704083208	-999.9	0.7	10.6481481481481	4.5514309685761	330
HARRINGTON_CDA_CS	2007	2	16	47	-16.3	-10.5	6.50992586783167	-999.9	0.8	7.5	1.290796253126	330
HARRINGTON_CDA_CS	2007	2	17	48	-12.5	-5.7	7.14919413987907	-999.9	0	4.73379629629631	2.17355056325435	330
HARRINGTON_CDA_CS	2007	2	18	49	-9.9	-0.9	8.34165187997181	-999.9	0	2.58101851851852	3.09567757990815	330
HARRINGTON_CDA_CS	2007	2	19	50	-6	-4.4	3.56700667893019	-999.9	0.6	6.18055555555556	3.49245745510106	330
HARRINGTON_CDA_CS	2007	2	20	51	-17.7	-8.5	8.67427901154189	-999.9	0	3.85416666666667	1.61635466523523	330
HARRINGTON_CDA_CS	2007	2	21	52	-13.4	-5.9	7.9422879693423	-999.9	0.7	1.63194444444444	2.35086856131276	330
HARRINGTON_CDA_CS	2007	2	22	53	-12.8	-6.7	7.26328492356229	-999.9	0	3.71527777777778	1.96701860083311	330
HARRINGTON_CDA_CS	2007	2	23	54	-12.8	-5.6	8.00134455366423	-999.9	0	3.11342592592592	2.34554142160786	330
HARRINGTON_CDA_CS	2007	2	24	55	-13.2	-1.9	10.1633702668879	-999.9	1.8	4.43287037037036	2.97812188007441	330
HARRINGTON_CDA_CS	2007	2	25	56	-6.2	-0.4	7.38219482929443	-999.9	0.7	8.02083333333333	3.6241223737254	330
HARRINGTON_CDA_CS	2007	2	26	57	-5.2	-3	4.60919444397051	-999.9	0	4.62962962962964	3.84401271372	330
HARRINGTON_CDA_CS	2007	2	27	58	-5.7	-2.4	5.72242564035083	-999.9	0	2.67361111111111	4.10657672708957	330
HARRINGTON_CDA_CS	2007	2	28	59	-4.9	-2.6	4.84241623738365	-999.9	0	1.12268518518519	3.81563665475025	330
HARRINGTON_CDA_CS	2007	3	1	60	-6.6	-3	6.14028108899326	-999.9	1.2	1.40046296296296	3.85251416074726	330
HARRINGTON_CDA_CS	2007	3	2	61	-7.5	0.5	9.27647441852109	-999.9	10	4.47916666666667	3.99517747749604	330
HARRINGTON_CDA_CS	2007	3	3	62	-3.2	4.7	9.34142325655554	-999.9	1.3	6.65509259259258	4.89388790748821	330
HARRINGTON_CDA_CS	2007	3	4	63	-1.6	0.9	5.32463892518765	-999.9	2.2	4.58994708994708	5.24326645412869	330
HARRINGTON_CDA_CS	2007	3	5	64	-6.4	-2.5	6.73799699025832	-999.9	0	2.96296296296297	3.55769187239817	330
HARRINGTON_CDA_CS	2007	3	6	65	-12.2	-9.3	5.88616210550729	-999.9	0.6	4.69907407407408	1.98264069953958	330
HARRINGTON_CDA_CS	2007	3	7	66	-19.3	-13.7	8.28546783878966	-999.9	0	5.50925925925925	0.984106687314228	330
HARRINGTON_CDA_CS	2007	3	8	67	-18.9	-14.4	7.52268671726491	-999.9	0	2.89351851851853	1.04147649100256	330
HARRINGTON_CDA_CS	2007	3	9	68	-20.5	-5.1	14.0936518043691	-999.9	0	4.20138888888889	1.36956409729134	330
HARRINGTON_CDA_CS	2007	3	10	69	-11.9	3.7	14.3639415099414	-999.9	0	4.80324074074075	2.92031629258532	330
HARRINGTON_CDA_CS	2007	3	11	70	-1	4.8	8.86796897068163	-999.9	3.7	4.64120370370369	6.27284504792206	330
HARRINGTON_CDA_CS	2007	3	12	71	-3.5	0.3	7.26692282260962	-999.9	0.6	4.81481481481481	3.69225696220653	330
HARRINGTON_CDA_CS	2007	3	13	72	-4	3.8	10.5390990864178	-999.9	0	3.56481481481481	4.76276667582881	330
HARRINGTON_CDA_CS	2007	3	14	73	-2.4	10.4	13.6649055038982	-999.9	1.6	7.08333333333333	6.4869422560953	330
HARRINGTON_CDA_CS	2007	3	15	74	5.7	7.5	5.18597729662729	-999.9	4.9	4.54861111111111	9.28183774791119	330
HARRINGTON_CDA_CS	2007	3	16	75	-7	-2.1	8.65828017762351	-999.9	7.7	7.11805555555556	3.24898716557889	330
HARRINGTON_CDA_CS	2007	3	17	76	-7	7.5	15.069633385033	-999.9	7	8.77314814814814	5.88315135721572	330
HARRINGTON_CDA_CS	2007	3	18	77	1	5.4	8.39798985388192	-999.9	0.6	7.93981481481481	6.52030390130259	330
HARRINGTON_CDA_CS	2007	3	19	78	-6	-0.3	9.66855144504994	-999.9	0.7	6.96759259259258	2.96829680584258	330
HARRINGTON_CDA_CS	2007	3	20	79	-2.9	2.1	9.15857887239488	-999.9	4.8	6.75925925925925	5.15916695834983	330
HARRINGTON_CDA_CS	2007	3	21	80	-8.4	-3.3	9.35386115604777	-999.9	0	6.38888888888889	2.46908344842357	330
HARRINGTON_CDA_CS	2007	3	22	81	-8	7	16.2202446810034	-999.9	1.5	8.39120370370369	4.62111013081479	330
HARRINGTON_CDA_CS	2007	3	23	82	1.9	8	10.4574410365072	-999.9	0	4.71064814814814	7.04498184569622	330
HARRINGTON_CDA_CS	2007	3	24	83	-5.2	-3.1	6.20242214214176	-999.9	0	4.01620370370369	3.47400568964018	330
HARRINGTON_CDA_CS	2007	3	25	84	-9.4	-3.3	10.6843932609252	-999.9	0	3.07870370370369	2.93330853409836	330
HARRINGTON_CDA_CS	2007	3	26	85	-8.7	4.7	16.0034064977861	-999.9	0	2.19907407407407	3.49881319174763	330
HARRINGTON_CDA_CS	2007	3	27	86	-2.5	8.2	14.4500243683613	-999.9	0	2.85879629629631	6.23203604252517	330
HARRINGTON_CDA_CS	2007	3	28	87	-0.6	3	8.46809917639304	-999.9	3.7	8.61111111111111	5.36606974902874	330
HARRINGTON_CDA_CS	2007	3	29	88	-4.3	0.2	9.56401149607246	-999.9	0	9.93055555555556	3.99708734515722	330
HARRINGTON_CDA_CS	2007	3	30	89	-3.1	4.1	12.21912821905	-999.9	0	4.83796296296297	3.87942454348694	330
HARRINGTON_CDA_CS	2007	3	31	90	-5.5	-1.8	8.84618141924663	-999.9	0	6.67824074074075	2.86719379236589	330
HARRINGTON_CDA_CS	2007	4	1	91	-6.1	-1.5	9.9599157489804	-999.9	0	4.09722222222222	2.98489044637424	330
HARRINGTON_CDA_CS	2007	4	2	92	-8.1	-0.5	12.9254598475795	-999.9	0	2.95138888888889	3.20978671198051	330
HARRINGTON_CDA_CS	2007	4	3	93	-6.1	0.8	12.432739937331	-999.9	0	4.03935185185186	3.61565059482346	330
HARRINGTON_CDA_CS	2007	4	4	94	-4.9	0.8	11.4057393719089	-999.9	0	5.23148148148147	4.29747185765669	330
HARRINGTON_CDA_CS	2007	4	5	95	-2.2	4.8	12.7561424290095	-999.9	5.6	6.31944444444445	6.21382029738175	330
HARRINGTON_CDA_CS	2007	4	6	96	0.3	3.1	8.14093546233513	-999.9	0	6.85185185185186	5.6257455721178	330
HARRINGTON_CDA_CS	2007	4	7	97	-2.3	3.5	11.8215635867241	-999.9	10.6	4.91898148148147	4.89849490044819	330
HARRINGTON_CDA_CS	2007	4	8	98	-2.7	-0.5	7.34477725317184	-999.9	3.7	11.0648148148148	4.98443315107487	330
HARRINGTON_CDA_CS	2007	4	9	99	-1.9	0.9	8.3578289824599	-999.9	0.6	5.54398148148147	4.3498603365834	330
HARRINGTON_CDA_CS	2007	4	10	100	-4.7	0.1	11.0362916382793	-999.9	0	2.71990740740741	3.57544207371801	330
HARRINGTON_CDA_CS	2007	4	11	101	-6	2.2	14.5458325329255	-999.9	0	2.80092592592592	3.29776515923037	330
HARRINGTON_CDA_CS	2007	4	12	102	-3.8	6.8	16.6745778658329	-999.9	0	1.92028985507246	3.91038646883637	330
HARRINGTON_CDA_CS	2007	4	13	103	-1.5	0.9	7.9986941224112	-999.9	6.5	5.3125	5.02424181480224	330
HARRINGTON_CDA_CS	2007	4	14	104	-0.9	-0.2	4.35427137880297	-999.9	0	6.96759259259258	5.43696227287666	330
HARRINGTON_CDA_CS	2007	4	15	105	-4.6	1.1	12.5227158517714	-999.9	0	2.70833333333333	4.6402902841843	330
HARRINGTON_CDA_CS	2007	4	16	106	-3.4	2.6	12.9471193671011	-999.9	0	3.61111111111111	4.86109279609562	330
HARRINGTON_CDA_CS	2007	4	17	107	-0.3	1.3	6.73652524917101	-999.9	0.7	7.38425925925925	5.58976550763532	330
HARRINGTON_CDA_CS	2007	4	18	108	-0.2	0.6	4.79889851528554	-999.9	0	9.18981481481481	5.47480765376268	330
HARRINGTON_CDA_CS	2007	4	19	109	-0.8	1.1	7.44965918137122	-999.9	0	7.5	5.40215617778858	330
HARRINGTON_CDA_CS	2007	4	20	110	-2	11	19.6262326246354	-999.9	0	2.95138888888889	5.57644214552764	330
HARRINGTON_CDA_CS	2007	4	21	111	0.4	5.3	12.1342189331393	-999.9	0	4.02777777777778	5.10781326982103	330
HARRINGTON_CDA_CS	2007	4	22	112	-3.6	10.4	20.6523472347789	-999.9	0	3.10185185185186	4.52186991927389	330
HARRINGTON_CDA_CS	2007	4	23	113	3.8	19.9	22.2973518693927	-999.9	0	7.22222222222222	7.08193349637599	330
HARRINGTON_CDA_CS	2007	4	24	114	8.4	13.5	12.6329264548527	-999.9	0	5.86805555555556	7.94079346326496	330
HARRINGTON_CDA_CS	2007	4	25	115	-0.9	8.2	16.984858741491	-999.9	0	3.20601851851853	4.24538058254947	330
HARRINGTON_CDA_CS	2007	4	26	116	-1.6	10.8	19.953474838994	-999.9	0	4.43287037037036	4.14958370960893	330
HARRINGTON_CDA_CS	2007	4	27	117	-1.8	11.1	20.4792170963214	-999.9	12.2	4.21296296296297	5.204610390038	330
HARRINGTON_CDA_CS	2007	4	28	118	3.1	7.3	11.7570549776427	-999.9	0	4.28240740740742	8.27278292309409	330
HARRINGTON_CDA_CS	2007	4	29	119	0.2	4.4	11.8276599961717	-999.9	0	4.13194444444444	6.7925336838755	330
HARRINGTON_CDA_CS	2007	4	30	120	-0.2	6.8	15.3592011481972	-999.9	6.8	1.74768518518519	6.89053913813522	330
HARRINGTON_CDA_CS	2007	5	1	121	-0.3	6.7	15.4475445190959	-999.9	1.9	3.46064814814814	7.19581639231075	330
HARRINGTON_CDA_CS	2007	5	2	122	1.3	11.9	19.1161252975504	-999.9	0	2.58101851851852	7.74845857690302	330
HARRINGTON_CDA_CS	2007	5	3	123	3.9	8	11.9542216618157	-999.9	0.7	4.78009259259258	6.50690872868498	330
HARRINGTON_CDA_CS	2007	5	4	124	2.1	5.1	10.2806044616725	-999.9	0.6	5.84490740740742	6.28693798211695	330
HARRINGTON_CDA_CS	2007	5	5	125	1.4	5.5	12.0816171707063	-999.9	1.4	4.07407407407408	6.44644760349821	330
HARRINGTON_CDA_CS	2007	5	6	126	0.7	8.7	16.9628956366637	-999.9	0.6	4.85449735449736	6.47103834993735	330
HARRINGTON_CDA_CS	2007	5	7	127	0.6	18.6	25.571729516132	-999.9	0	5.08101851851853	5.85632103627954	330
HARRINGTON_CDA_CS	2007	5	8	128	7.5	20.8	22.0884774224214	-999.9	0	6.44675925925925	7.62817297151123	330
HARRINGTON_CDA_CS	2007	5	9	129	7.5	22.2	23.3325525603212	-999.9	0	3.31018518518519	8.18665192877703	330
HARRINGTON_CDA_CS	2007	5	10	130	9.4	17.6	17.5074101206797	-999.9	0	4.53703703703703	9.96254149984733	330
HARRINGTON_CDA_CS	2007	5	11	131	6.4	21.7	24.0226053870746	-999.9	7.5	6.12268518518519	12.4250738617788	330
HARRINGTON_CDA_CS	2007	5	12	132	4.5	6.7	9.14941675883521	-999.9	0	5.86805555555556	6.69823621446305	330
HARRINGTON_CDA_CS	2007	5	13	133	-1.2	9.3	20.0739531002429	-999.9	0	2.08333333333333	5.26110765894286	330
HARRINGTON_CDA_CS	2007	5	14	134	0.2	10.7	20.1575542189162	-999.9	0	3.35648148148147	6.20592018982024	330
HARRINGTON_CDA_CS	2007	5	15	135	1.5	16.4	24.1096125860895	-999.9	0	5.11574074074075	7.54078271680835	330
HARRINGTON_CDA_CS	2007	5	16	136	4	5.6	7.93158909388165	-999.9	7.4	3.72685185185186	5.94663467716934	330
HARRINGTON_CDA_CS	2007	5	17	137	-0.6	4.1	13.645884571047	-999.9	1.9	5.06944444444445	6.42903597877348	330
HARRINGTON_CDA_CS	2007	5	18	138	2.1	11.1	18.9529237978488	-999.9	2.1	3.27546296296297	8.60078902036235	330
HARRINGTON_CDA_CS	2007	5	19	139	5.2	13.9	18.7010782147511	-999.9	37.8	5.20833333333333	11.4525834099745	330
HARRINGTON_CDA_CS	2007	5	20	140	12.3	14.5	9.43670735257018	-999.9	3.3	3.51851851851853	14.6055609431061	330
HARRINGTON_CDA_CS	2007	5	21	141	2.8	6.2	11.7706650210723	-999.9	1.2	4.28240740740742	7.1979107845559	330
HARRINGTON_CDA_CS	2007	5	22	142	1.7	3.9	9.49895305314	-999.9	0	6.79398148148147	6.17859078847641	330
HARRINGTON_CDA_CS	2007	5	23	143	-0.1	7.6	17.8263847275015	-999.9	0	3.1159420289855	5.84798448180839	330
HARRINGTON_CDA_CS	2007	5	24	144	0.8	15.9	25.038639863518	-999.9	0	4.98842592592592	8.11696722417543	330
HARRINGTON_CDA_CS	2007	5	25	145	7.4	21.2	24.0058541357865	-999.9	0	5.35879629629631	12.0007242377809	330
HARRINGTON_CDA_CS	2007	5	26	146	10.2	23.9	23.9852608385961	-999.9	0	4.75694444444445	13.2886709895585	330
HARRINGTON_CDA_CS	2007	5	27	147	6	12	15.9154043471186	-999.9	2	3.34490740740742	7.19496338202478	330
HARRINGTON_CDA_CS	2007	5	28	148	5.4	12.8	17.7201464055085	-999.9	5.1	5.08101851851853	9.7968681989925	330
HARRINGTON_CDA_CS	2007	5	29	149	6.5	9.9	12.0407060803914	-999.9	0	4.67592592592592	10.0912566439651	330
HARRINGTON_CDA_CS	2007	5	30	150	4.4	12.9	19.0824798363005	-999.9	0	3.33333333333333	8.88140022278754	330
HARRINGTON_CDA_CS	2007	5	31	151	5.9	9.9	13.1195862374259	-999.9	0	3.05555555555556	9.38365274667126	330
HARRINGTON_CDA_CS	2007	6	1	152	2.6	19.7	27.1834807345272	-999.9	0	4.58333333333333	10.706999040264	330
HARRINGTON_CDA_CS	2007	6	2	153	5.1	10.3	15.0202703756332	-999.9	0	3.81944444444444	7.09744820968893	330
HARRINGTON_CDA_CS	2007	6	3	154	2.6	13.4	21.6874926848958	-999.9	0	3.19444444444444	6.60670075905314	330
HARRINGTON_CDA_CS	2007	6	4	155	4	16	22.901393874493	-999.9	3.8	5.44973544973544	8.80066996549538	330
HARRINGTON_CDA_CS	2007	6	5	156	9.6	22.5	23.7844174004275	-999.9	0	8.05555555555556	15.9224610548471	330
HARRINGTON_CDA_CS	2007	6	6	157	14.3	26	22.6866102590978	-999.9	19.8	5.81018518518519	18.2630028756585	330
HARRINGTON_CDA_CS	2007	6	7	158	7.6	14.5	17.4474910920783	-999.9	0.6	4.02777777777778	11.2111005507438	330
HARRINGTON_CDA_CS	2007	6	8	159	5.7	17.1	22.4566753765039	-999.9	0	2.55787037037037	9.30474716228167	330
HARRINGTON_CDA_CS	2007	6	9	160	6.9	23.5	27.1321741074988	-999.9	0	3.33333333333333	12.8626202771172	330
HARRINGTON_CDA_CS	2007	6	10	161	11.7	21.3	20.6564974505792	-999.9	0	3.09027777777778	16.0273297159868	330
HARRINGTON_CDA_CS	2007	6	11	162	10.8	17.2	16.8831953106323	-999.9	0.7	4.67592592592592	14.7655380494514	330
HARRINGTON_CDA_CS	2007	6	12	163	9.8	15.2	15.5223785678904	-999.9	0	3.85416666666667	12.9456683934647	330
HARRINGTON_CDA_CS	2007	6	13	164	6.8	14.1	18.0622879422436	-999.9	0	3.63425925925925	11.2768473833582	330
HARRINGTON_CDA_CS	2007	6	14	165	7.3	14	17.3161738591455	-999.9	0.6	2.1412037037037	10.8037653014766	330
HARRINGTON_CDA_CS	2007	6	15	166	5.7	21.5	26.6072262359362	-999.9	0	2.17391304347826	12.2109498740468	330
HARRINGTON_CDA_CS	2007	6	16	167	11.9	24.5	23.7720272520079	-999.9	0	4.35185185185186	17.4783657384274	330
HARRINGTON_CDA_CS	2007	6	17	168	12.7	22.3	20.7577300351601	-999.9	1.4	5.35879629629631	16.264549452675	330
HARRINGTON_CDA_CS	2007	6	18	169	10.3	11.7	7.92912021381384	-999.9	0.7	6.96759259259258	11.543255781316	330
HARRINGTON_CDA_CS	2007	6	19	170	8.6	11.7	11.8008163254409	-999.9	0	6.48148148148147	10.6990974234598	330
HARRINGTON_CDA_CS	2007	6	20	171	3.5	20.3	27.4732203616874	-999.9	3	1.9212962962963	10.8298209351988	330
HARRINGTON_CDA_CS	2007	6	21	172	10.6	12.8	9.94130783115927	-999.9	16.7	2.73148148148148	12.8621100236607	330
HARRINGTON_CDA_CS	2007	6	22	173	11.6	18.9	18.106078939261	-999.9	0	2.19907407407407	15.2655529675111	330
HARRINGTON_CDA_CS	2007	6	23	174	9.7	16.9	17.9768495303048	-999.9	10.8	1.68981481481481	14.4339331253443	330
HARRINGTON_CDA_CS	2007	6	24	175	10.8	18.4	18.4625656259508	-999.9	1.4	2.26851851851852	14.9054213973453	330
HARRINGTON_CDA_CS	2007	6	25	176	11.9	22.6	21.8961940414659	-999.9	8.7	3.58796296296297	13.3422760975133	330
HARRINGTON_CDA_CS	2007	6	26	177	13.5	21.6	19.0398843846628	-999.9	0	3.35648148148147	16.8053399631951	330
HARRINGTON_CDA_CS	2007	6	27	178	16.3	21.4	15.0975159067804	-999.9	12.3	3.96990740740742	14.1963781817112	330
HARRINGTON_CDA_CS	2007	6	28	179	10.8	18.8	18.8937235205511	-999.9	0.7	3.47222222222222	14.7258018347228	330
HARRINGTON_CDA_CS	2007	6	29	180	11.4	18.4	17.6574206408552	-999.9	0	3.26388888888889	13.5310117160479	330
HARRINGTON_CDA_CS	2007	6	30	181	10.4	19.8	20.4409630532869	-999.9	3.5	3.13657407407408	13.3617387497231	330
HARRINGTON_CDA_CS	2007	7	1	182	9.3	18.6	20.3091411585471	-999.9	0	2.7662037037037	12.5787939633234	330
HARRINGTON_CDA_CS	2007	7	2	183	9.5	15.2	15.8801137537965	-999.9	1.3	2.90509259259258	12.5476678967328	330
HARRINGTON_CDA_CS	2007	7	3	184	7.2	17.2	21.0056284268985	-999.9	0	1.74768518518519	10.8974209922921	330
HARRINGTON_CDA_CS	2007	7	4	185	9.4	22.9	24.3711159475096	-999.9	0	3.84259259259258	13.3741950148263	330
HARRINGTON_CDA_CS	2007	7	5	186	13.7	18.6	14.6599580859867	-999.9	5.3	6.05324074074075	14.8918888039512	330
HARRINGTON_CDA_CS	2007	7	6	187	13.1	20.1	17.4929523523519	-999.9	0	2.95138888888889	17.1411575586658	330
HARRINGTON_CDA_CS	2007	7	7	188	14.7	20.2	15.4784699247947	-999.9	0	2.83564814814814	17.7286935649271	330
HARRINGTON_CDA_CS	2007	7	8	189	12.2	19.1	17.3044155087863	-999.9	6.7	3.50241545893719	15.1271686983547	330
HARRINGTON_CDA_CS	2007	7	9	190	11.6	15.5	12.983848565807	-999.9	0	3.62268518518519	13.0119851231561	330
HARRINGTON_CDA_CS	2007	7	10	191	10.4	18.1	18.2057347524202	-999.9	0	3.00925925925925	14.3537149081138	330
HARRINGTON_CDA_CS	2007	7	11	192	12.5	23.7	21.9086917536413	-999.9	0	5.11574074074075	17.8146666271801	330
HARRINGTON_CDA_CS	2007	7	12	193	18	22.6	14.0082446098538	-999.9	8.8	5.47453703703703	21.7540879199214	330
HARRINGTON_CDA_CS	2007	7	13	194	17.5	24.4	17.1150982226296	-999.9	0	2.68518518518519	18.6587017431514	330
HARRINGTON_CDA_CS	2007	7	14	195	14	24.1	20.6546653874511	-999.9	0	3.37962962962964	15.6221731024793	330
HARRINGTON_CDA_CS	2007	7	15	196	15.3	24.4	19.5538943125936	-999.9	0	6.12268518518519	18.7842406993895	330
HARRINGTON_CDA_CS	2007	7	16	197	17.8	24.5	16.7323678951186	-999.9	0	4.25925925925925	18.4069333999385	330
HARRINGTON_CDA_CS	2007	7	17	198	14.7	25.3	20.9861412920304	-999.9	0	3.35648148148147	15.3114656301962	330
HARRINGTON_CDA_CS	2007	7	18	199	14.5	25.6	21.4117859843206	-999.9	0.8	3.39120370370369	17.1792388241535	330
HARRINGTON_CDA_CS	2007	7	19	200	17.1	21.6	13.5913111730734	-999.9	20.7	1.64351851851852	20.3693150193804	330
HARRINGTON_CDA_CS	2007	7	20	201	18.4	22.2	12.4498006178531	-999.9	18.6	4.08564814814814	22.7965927503042	330
HARRINGTON_CDA_CS	2007	7	21	202	18.2	20	8.54031722916988	-999.9	4.1	4.21497584541064	20.2817152479969	330
HARRINGTON_CDA_CS	2007	7	22	203	15.5	21.6	15.6682796765379	-999.9	0	2.37268518518519	15.9046939603342	330
HARRINGTON_CDA_CS	2007	7	23	204	13.1	24.1	20.9663445190435	-999.9	0	3.33333333333333	14.5565362029531	330
HARRINGTON_CDA_CS	2007	7	24	205	17.9	26.4	18.3635641048845	-999.9	0	4.18981481481481	22.4387422761397	330
HARRINGTON_CDA_CS	2007	7	25	206	15.8	26.7	20.7172869347378	-999.9	0	2.8125	21.5170446908204	330
HARRINGTON_CDA_CS	2007	7	26	207	18.9	29.4	20.2552309854219	-999.9	0	3.95833333333333	23.0789474750518	330
HARRINGTON_CDA_CS	2007	7	27	208	19	30.1	20.7432866069432	-999.9	0	3.79629629629631	21.5217376611447	330
HARRINGTON_CDA_CS	2007	7	28	209	19	27.9	18.4984365408632	-999.9	7.5	4.43287037037036	23.3392657464162	330
HARRINGTON_CDA_CS	2007	7	29	210	18.7	26.3	17.022407079602	-999.9	0	3.65740740740742	24.4689967571098	330
HARRINGTON_CDA_CS	2007	7	30	211	18.1	24.6	15.6745476423497	-999.9	0	3.59953703703703	23.5110326019592	330
HARRINGTON_CDA_CS	2007	7	31	212	17.7	26.3	17.9498787824959	-999.9	0	2.11805555555556	20.8112409073456	330
HARRINGTON_CDA_CS	2007	8	1	213	14.4	22.1	16.9075698921139	-999.9	0	3.09027777777778	15.8951197229648	330
HARRINGTON_CDA_CS	2007	8	2	214	16	25.8	18.985487663592	-999.9	0	4.20454545454544	16.7500195726055	330
HARRINGTON_CDA_CS	2007	8	3	215	18.2	28.6	19.4646862966511	-999.9	0.9	4.01620370370369	22.9845347842216	330
HARRINGTON_CDA_CS	2007	8	4	216	16.2	25.5	18.3165270895683	-999.9	22.5	4.72222222222222	21.7047447615108	330
HARRINGTON_CDA_CS	2007	8	5	217	11.9	20.8	17.8285591228185	-999.9	0	2.73148148148148	16.8053399631951	330
HARRINGTON_CDA_CS	2007	8	6	218	10.8	23.5	21.188056061672	-999.9	5.2	3.73842592592592	14.9165042269921	330
HARRINGTON_CDA_CS	2007	8	7	219	14.1	22.8	17.4447630705669	-999.9	0.6	2.91062801932367	18.829996258516	330
HARRINGTON_CDA_CS	2007	8	8	220	14	23.1	17.7455834500756	-999.9	21.1	4.03935185185186	20.4177245263482	330
HARRINGTON_CDA_CS	2007	8	9	221	11.7	17.6	14.2104367327687	-999.9	3.4	6.11111111111111	14.3414899619905	330
HARRINGTON_CDA_CS	2007	8	10	222	11	23.5	20.5681724882788	-999.9	0	2.39583333333333	19.8275310427441	330
HARRINGTON_CDA_CS	2007	8	11	223	13.7	25.7	20.0372353290079	-999.9	0	3.47222222222222	16.4247194369866	330
HARRINGTON_CDA_CS	2007	8	12	224	15.3	23.4	16.3660211440074	-999.9	0	2.65046296296296	16.5416998849672	330
HARRINGTON_CDA_CS	2007	8	13	225	15.1	19.8	12.3922351229931	-999.9	10	3.61111111111111	17.0517093781876	330
HARRINGTON_CDA_CS	2007	8	14	226	12.7	21.3	16.6608249854015	-999.9	0	2.46527777777778	17.6486026520518	330
HARRINGTON_CDA_CS	2007	8	15	227	9.9	20.9	18.7256271878502	-999.9	0.8	2.92824074074075	12.5311904889574	330
HARRINGTON_CDA_CS	2007	8	16	228	14.6	22.9	16.1628436777979	-999.9	0.7	4.24768518518519	15.7693174870878	330
HARRINGTON_CDA_CS	2007	8	17	229	11.3	18.9	15.3663214418305	-999.9	2.1	2.91666666666667	13.3330192682621	330
HARRINGTON_CDA_CS	2007	8	18	230	11.6	17.3	13.2199674555236	-999.9	30.5	3.41435185185186	15.4379980394795	330
HARRINGTON_CDA_CS	2007	8	19	231	9.9	17.2	14.8603635877689	-999.9	1.8	4.23611111111111	12.3472125617189	330
HARRINGTON_CDA_CS	2007	8	20	232	8.9	16.7	15.255811762661	-999.9	0	3.46064814814814	11.4342728207122	330
HARRINGTON_CDA_CS	2007	8	21	233	9.7	20.2	17.5771078349536	-999.9	0	2.47474747474748	12.7241238233799	330
HARRINGTON_CDA_CS	2007	8	22	234	8.5	19.2	17.6178905199903	-999.9	0	1.71296296296296	12.0854719624495	330
HARRINGTON_CDA_CS	2007	8	23	235	6.8	20	19.4268556410431	-999.9	0	2.22222222222222	11.737185698445	330
HARRINGTON_CDA_CS	2007	8	24	236	14.9	18.3	9.78706778985883	-999.9	22.9	6.23842592592592	17.0147128740467	330
HARRINGTON_CDA_CS	2007	8	25	237	17.5	25.7	15.0855623941704	-999.9	0	3.22916666666667	23.8127189362257	330
HARRINGTON_CDA_CS	2007	8	26	238	17.9	26.5	15.3316499332171	-999.9	0	4.42129629629631	22.9092873157463	330
HARRINGTON_CDA_CS	2007	8	27	239	12.4	20.4	14.6728070515402	-999.9	0	2.90509259259258	14.2948318395996	330
HARRINGTON_CDA_CS	2007	8	28	240	13.1	24.3	17.2245957948349	-999.9	0	2.10648148148148	14.9673148431567	330
HARRINGTON_CDA_CS	2007	8	29	241	14.2	24.2	16.1456279149102	-999.9	0	4.28240740740742	15.8700660508007	330
HARRINGTON_CDA_CS	2007	8	30	242	15.9	25.6	15.7724316271095	-999.9	0	4.27083333333333	19.7018935386276	330
HARRINGTON_CDA_CS	2007	8	31	243	16.3	24.9	14.728639868521	-999.9	2.1	2.47685185185185	20.5875120430419	330
HARRINGTON_CDA_CS	2007	9	1	244	14.1	18.6	10.5648407235681	-999.9	8.8	6.08796296296297	15.9100229917814	330
HARRINGTON_CDA_CS	2007	9	2	245	12.3	18	11.7890804016426	-999.9	0	3.80787037037036	12.2339416455951	330
HARRINGTON_CDA_CS	2007	9	3	246	12.7	21.2	14.2718471877708	-999.9	0	6.16898148148147	14.3720103492548	330
HARRINGTON_CDA_CS	2007	9	4	247	9.9	18.2	13.9791356351538	-999.9	0	4.49074074074075	11.3548751922106	330
HARRINGTON_CDA_CS	2007	9	5	248	6.4	12.3	11.6810014660922	-999.9	5	4.52546296296297	9.0446005478192	330
HARRINGTON_CDA_CS	2007	9	6	249	7.1	17.2	15.1450166422285	-999.9	4.2	3.57638888888889	10.0532127102924	330
HARRINGTON_CDA_CS	2007	9	7	250	13.5	23.5	14.9315956817566	-999.9	0	4.85507246376811	17.7294044632933	330
HARRINGTON_CDA_CS	2007	9	8	251	16.4	27.1	15.3016197474348	-999.9	0	4.96527777777778	21.4174868989576	330
HARRINGTON_CDA_CS	2007	9	9	252	10.7	16.7	11.3501756510535	-999.9	0	4.375	12.1982804507117	330
HARRINGTON_CDA_CS	2007	9	10	253	9	17.5	13.3801207947419	-999.9	0	1.70138888888889	11.916460946776	330
HARRINGTON_CDA_CS	2007	9	11	254	12.6	19.2	11.6758465118143	-999.9	38.2	3.32175925925925	16.5441317250857	330
HARRINGTON_CDA_CS	2007	9	12	255	12.5	20.1	12.4059876250475	-999.9	0.7	7.23379629629631	14.8940978192326	330
HARRINGTON_CDA_CS	2007	9	13	256	7.2	15.9	13.1411905867667	-999.9	0	4.56018518518519	8.00585227355588	330
HARRINGTON_CDA_CS	2007	9	14	257	4.4	17.7	16.083996869529	-999.9	0	3.26388888888889	8.55758562749086	330
HARRINGTON_CDA_CS	2007	9	15	258	9.7	19.9	13.9413235743713	-999.9	13.9	6.65509259259258	15.0849677331306	330
HARRINGTON_CDA_CS	2007	9	16	259	6.5	13.5	11.4296144749344	-999.9	0	3.51851851851853	9.71434859350086	330
HARRINGTON_CDA_CS	2007	9	17	260	5.9	17	14.2418297589607	-999.9	0	2.24537037037037	10.0420876497963	330
HARRINGTON_CDA_CS	2007	9	18	261	6.6	19.1	14.9528644905645	-999.9	0	2.28009259259259	10.6192663656671	330
HARRINGTON_CDA_CS	2007	9	19	262	9.7	19.8	13.2965449750124	-999.9	0	4.45601851851853	12.8806750625098	330
HARRINGTON_CDA_CS	2007	9	20	263	12.8	21.4	12.1361248640961	-999.9	0	5.03472222222222	15.7440976119386	330
HARRINGTON_CDA_CS	2007	9	21	264	8.9	18.8	12.8779110206488	-999.9	0	2.10648148148148	12.2050643183176	330
HARRINGTON_CDA_CS	2007	9	22	265	8.7	20.1	13.6653884534763	-999.9	0	4.64120370370369	14.0963172167525	330
HARRINGTON_CDA_CS	2007	9	23	266	10.4	21.1	13.0902619722746	-999.9	0	5.34722222222222	13.1419160730323	330
HARRINGTON_CDA_CS	2007	9	24	267	6.5	12.8	9.93022889208627	-999.9	2.4	5.86805555555556	7.62273615432974	330
HARRINGTON_CDA_CS	2007	9	25	268	6.1	19.1	14.1006574577993	-999.9	0	3.36805555555556	10.7604270988105	330
HARRINGTON_CDA_CS	2007	9	26	269	15	26.6	13.1650381005651	-999.9	2.1	4.46759259259258	18.1705517873206	330
HARRINGTON_CDA_CS	2007	9	27	270	11.8	18.9	10.178765148021	-999.9	0	3.24074074074075	14.0902696794644	330
HARRINGTON_CDA_CS	2007	9	28	271	12	20.5	11.0051558611083	-999.9	19.4	5.97222222222222	17.6000010669745	330
HARRINGTON_CDA_CS	2007	9	29	272	9.2	13.3	7.55176063734436	-999.9	0	5.06944444444445	10.7558326311268	330
HARRINGTON_CDA_CS	2007	9	30	273	2	11.1	11.1146564570353	-999.9	0	3.94675925925925	6.59434606255378	330
HARRINGTON_CDA_CS	2007	10	1	274	3.2	15.5	12.7643085405085	-999.9	0	4.21296296296297	8.43767972546145	330
HARRINGTON_CDA_CS	2007	10	2	275	10	18.3	10.3562943170267	-999.9	0	4.87268518518519	12.5871628606286	330
HARRINGTON_CDA_CS	2007	10	3	276	11.2	20.8	10.99951920735	-999.9	0	3.57638888888889	15.3495195168317	330
HARRINGTON_CDA_CS	2007	10	4	277	12	22.2	11.196030291627	-999.9	0	4.52546296296297	15.2220135460505	330
HARRINGTON_CDA_CS	2007	10	5	278	10	21.3	11.635453057827	-999.9	0	4.09722222222222	10.7822336082603	330
HARRINGTON_CDA_CS	2007	10	6	279	7.4	14.6	9.16950202400405	-999.9	0	3.51851851851853	8.55035644695958	330
HARRINGTON_CDA_CS	2007	10	7	280	7.6	9.8	5.00360233266186	-999.9	0	6.00694444444445	7.22466843772065	330
HARRINGTON_CDA_CS	2007	10	8	281	3.5	10.2	8.61903343902503	-999.9	0	4.50231481481481	7.40202443788051	330
HARRINGTON_CDA_CS	2007	10	9	282	3.2	11.4	9.41102465721978	-999.9	0.6	4.15509259259258	8.71175463607684	330
HARRINGTON_CDA_CS	2007	10	10	283	2.1	12.7	10.5597160578183	-999.9	0	2.04861111111111	9.1162203756156	330
HARRINGTON_CDA_CS	2007	10	11	284	8.8	14.1	7.36832106192756	-999.9	0	2.41898148148148	12.1084075506023	330
HARRINGTON_CDA_CS	2007	10	12	285	10.3	13.4	5.56040311066416	-999.9	19.7	6.29629629629631	13.0622328933157	330
HARRINGTON_CDA_CS	2007	10	13	286	8.8	13.7	6.89736881339718	-999.9	0	3.25231481481481	12.2179536294206	330
HARRINGTON_CDA_CS	2007	10	14	287	4.8	11.8	8.13319659339508	-999.9	2.8	1.88657407407407	9.29885845748416	330
HARRINGTON_CDA_CS	2007	10	15	288	5.2	8.3	5.33935247887411	-999.9	5.4	3.68055555555556	8.82741129868806	330
HARRINGTON_CDA_CS	2007	10	16	289	5.7	9.7	5.98279008048491	-999.9	5.9	4.14251207729469	8.50730174932166	330
HARRINGTON_CDA_CS	2007	10	17	290	1.9	9.6	8.18761942192229	-999.9	0	3.61111111111111	6.5353961764397	330
HARRINGTON_CDA_CS	2007	10	18	291	1.8	12.2	9.385167154155	-999.9	0	2.8125	7.65421053710476	330
HARRINGTON_CDA_CS	2007	10	19	292	2.7	16.1	10.5067278074141	-999.9	1.2	3.76157407407408	9.17782706980017	330
HARRINGTON_CDA_CS	2007	10	20	293	12.7	19.3	7.27203072039796	-999.9	19	6.84027777777778	16.8175360018409	330
HARRINGTON_CDA_CS	2007	10	21	294	12.1	16.8	6.05177207129221	-999.9	0.6	5.24305555555556	12.7717487136455	330
HARRINGTON_CDA_CS	2007	10	22	295	11.4	20.8	8.4397799073188	-999.9	0	3.24074074074075	12.6461084916382	330
HARRINGTON_CDA_CS	2007	10	23	296	11.1	19.6	7.91400647413572	-999.9	3.2	6.62037037037036	14.0097538527246	330
HARRINGTON_CDA_CS	2007	10	24	297	5.9	15.8	8.42195818468944	-999.9	0.6	4.03935185185186	10.9758105162377	330
HARRINGTON_CDA_CS	2007	10	25	298	2.9	10.9	7.46518442536888	-999.9	0	2.41898148148148	7.8391518653144	330
HARRINGTON_CDA_CS	2007	10	26	299	1.6	11.6	8.22981268296372	-999.9	0	3.10185185185186	7.2019883404267	330
HARRINGTON_CDA_CS	2007	10	27	300	6.1	15.5	7.86765920004453	-999.9	0	5.71759259259258	11.0872789717514	330
HARRINGTON_CDA_CS	2007	10	28	301	3	16.7	9.3655619886768	-999.9	1.8	6.06481481481481	9.11877813984101	330
HARRINGTON_CDA_CS	2007	10	29	302	0.9	4.1	4.46317491184543	-999.9	0	4.09722222222222	4.84226818454945	330
HARRINGTON_CDA_CS	2007	10	30	303	-1	5.4	6.22387567713728	-999.9	0	3.05555555555556	5.36305821723531	330
HARRINGTON_CDA_CS	2007	10	31	304	1.4	9.1	6.73175452233805	-999.9	0	4.15509259259258	5.91897750236642	330
HARRINGTON_CDA_CS	2007	11	1	305	6.7	17.8	7.97021079596217	-999.9	0.6	8.26388888888889	10.7778552766115	330
HARRINGTON_CDA_CS	2007	11	2	306	-0.3	7.4	6.54630236815102	-999.9	0	3.58796296296297	5.29095464916053	330
HARRINGTON_CDA_CS	2007	11	3	307	-0.9	16.1	9.59264028553148	-999.9	25.6	4.52546296296297	8.90536645016634	330
HARRINGTON_CDA_CS	2007	11	4	308	1.2	17.4	9.23546098668536	-999.9	2.3	9.88425925925925	9.5230419633355	330
HARRINGTON_CDA_CS	2007	11	5	309	-1.3	7.6	6.75167724294807	-999.9	0	1.93287037037037	6.1375134897313	330
HARRINGTON_CDA_CS	2007	11	6	310	0.2	9.3	6.73418659658011	-999.9	0	3.37962962962964	6.9617381753302	330
HARRINGTON_CDA_CS	2007	11	7	311	0.9	10.9	6.9638348576285	-999.9	16.4	4.95370370370369	7.65108736686194	330
HARRINGTON_CDA_CS	2007	11	8	312	0.8	7.4	5.58142157912191	-999.9	0.7	2.60416666666667	6.92341203326683	330
HARRINGTON_CDA_CS	2007	11	9	313	0.3	6	5.11775282294276	-999.9	1.4	2.41898148148148	6.2822661663759	330
HARRINGTON_CDA_CS	2007	11	10	314	0.2	4.1	4.1772662429181	-999.9	9.9	5.84490740740742	5.95029811141304	330
HARRINGTON_CDA_CS	2007	11	11	315	0.7	3.3	3.36602915705412	-999.9	17.2	10.8912037037037	6.63683912267939	330
HARRINGTON_CDA_CS	2007	11	12	316	-2.6	2.1	4.46693206314195	-999.9	0.7	5.83333333333333	4.53382777311835	330
HARRINGTON_CDA_CS	2007	11	13	317	-3	2.8	4.89853350995069	-999.9	6.9	3.05555555555556	5.41269645675214	330
HARRINGTON_CDA_CS	2007	11	14	318	0.1	8.6	5.85491124792403	-999.9	0	5.39351851851853	7.02166141043298	330
HARRINGTON_CDA_CS	2007	11	15	319	8	15.5	5.43090325609754	-999.9	4.3	7.52314814814814	12.7388965501263	330
HARRINGTON_CDA_CS	2007	11	16	320	2.8	18	7.63607880138819	-999.9	7.3	9.32870370370369	11.0963077582693	330
HARRINGTON_CDA_CS	2007	11	17	321	-1.5	3.5	4.32635550863303	-999.9	0	6.55092592592592	4.67630916877935	330
HARRINGTON_CDA_CS	2007	11	18	322	-2.4	3.1	4.48325496668975	-999.9	0.7	4.82638888888889	4.4385142667436	330
HARRINGTON_CDA_CS	2007	11	19	323	-2.3	0.8	3.32628184460292	-999.9	0	3.48379629629631	3.70555418943488	330
HARRINGTON_CDA_CS	2007	11	20	324	-3.1	2.4	4.37947252638926	-999.9	0	1.66666666666667	4.44875687164398	330
HARRINGTON_CDA_CS	2007	11	21	325	-1	3.5	3.91660799378778	-999.9	0	2.1412037037037	5.42726076606761	330
HARRINGTON_CDA_CS	2007	11	22	326	0.8	9.2	5.2919164928913	-999.9	0.6	3.34490740740742	7.67647503704619	330
HARRINGTON_CDA_CS	2007	11	23	327	-2.8	11.9	6.92488522034102	-999.9	0.7	6.20370370370369	7.48983885994426	330
HARRINGTON_CDA_CS	2007	11	24	328	-8.2	-2.8	4.15286121999559	-999.9	0	5.52083333333333	2.87512379185916	330
HARRINGTON_CDA_CS	2007	11	25	329	-7.8	3	5.81272861421097	-999.9	0	4.60648148148147	3.75492506378898	330
HARRINGTON_CDA_CS	2007	11	26	330	1.7	7.3	4.14386633968059	-999.9	4	4.49074074074075	6.65154635183986	330
HARRINGTON_CDA_CS	2007	11	27	331	2.1	12.7	5.6459758498693	-999.9	16.7	4.65277777777778	9.66767416015189	330
HARRINGTON_CDA_CS	2007	11	28	332	-6.3	3	5.23886901653205	-999.9	0	5.56712962962964	4.02874963105711	330
HARRINGTON_CDA_CS	2007	11	29	333	-7.4	6.2	6.27792150340135	-999.9	4	5.41666666666667	4.9547103288169	330
HARRINGTON_CDA_CS	2007	11	30	334	-6	3.4	5.17375390485449	-999.9	0	5.19675925925925	3.99785727371074	330
HARRINGTON_CDA_CS	2007	12	1	335	-6	-3.2	2.8000507462844	-999.9	8.8	5.13888888888889	3.70741088659002	330
HARRINGTON_CDA_CS	2007	12	2	336	-6.7	-0.6	4.09968941743964	-999.9	0.8	7.09490740740742	3.59713111221464	330
HARRINGTON_CDA_CS	2007	12	3	337	-2.7	0.5	2.94658274697867	-999.9	2.1	4.32870370370369	4.42275740627596	330
HARRINGTON_CDA_CS	2007	12	4	338	-2.2	0.1	2.47986400284501	-999.9	9.3	12.1875	5.54378716507057	330
HARRINGTON_CDA_CS	2007	12	5	339	-8.2	-2	4.04340124509359	-999.9	1.3	4.0625	3.90965261171811	330
HARRINGTON_CDA_CS	2007	12	6	340	-10.8	-3.4	4.38858560926758	-999.9	1.3	2.07175925925926	3.34193422312595	330
HARRINGTON_CDA_CS	2007	12	7	341	-13.6	-1.3	5.62332781487489	-999.9	2.2	3.41435185185186	3.0187445682069	330
HARRINGTON_CDA_CS	2007	12	8	342	-7.9	0.7	4.67519976071536	-999.9	2.2	5.17361111111111	4.42234395064147	330
HARRINGTON_CDA_CS	2007	12	9	343	-16.3	-7.9	4.59602115591309	-999.9	0	4.25925925925925	2.02818486081423	330
HARRINGTON_CDA_CS	2007	12	10	344	-17	-9.1	4.43539018923625	-999.9	0	2.52314814814815	1.9016487467727	330
HARRINGTON_CDA_CS	2007	12	11	345	-11.5	-5.3	3.91180728392608	-999.9	0	3.78472222222222	2.77968384976544	330
HARRINGTON_CDA_CS	2007	12	12	346	-9.5	-0.5	4.69414274050095	-999.9	1.9	4.93055555555556	3.78406675380231	330
HARRINGTON_CDA_CS	2007	12	13	347	-12.1	-9.5	2.51401410632923	-999.9	0	5.56712962962964	2.16155095562743	330
HARRINGTON_CDA_CS	2007	12	14	348	-14.1	-4.4	4.84069455718383	-999.9	3.2	2.25694444444444	2.62997879832111	330
HARRINGTON_CDA_CS	2007	12	15	349	-12.2	-7.7	3.28825563874327	-999.9	0	6.52777777777778	2.47810883097053	330
HARRINGTON_CDA_CS	2007	12	16	350	-12.1	1	5.5979740304112	-999.9	9.8	4.22453703703703	3.5835316163007	330
HARRINGTON_CDA_CS	2007	12	17	351	-8.9	5	5.75623305688449	-999.9	0	10.6944444444444	4.19018221259171	330
HARRINGTON_CDA_CS	2007	12	18	352	-9.8	-7.3	2.4380222623519	-999.9	0	5.28935185185186	2.2910319561036	330
HARRINGTON_CDA_CS	2007	12	19	353	-15.2	-8.7	3.92792187718517	-999.9	0	2.97453703703703	1.96788683755398	330
HARRINGTON_CDA_CS	2007	12	20	354	-11.1	-5	3.8037498935235	-999.9	0	4.72222222222222	2.56429459714496	330
HARRINGTON_CDA_CS	2007	12	21	355	-6.5	-5.6	1.4612072284435	-999.9	0	5.42824074074075	2.82286874842884	330
HARRINGTON_CDA_CS	2007	12	22	356	-10.8	-3.9	4.04819347748428	-999.9	0	2.61574074074074	2.73222533119495	330
HARRINGTON_CDA_CS	2007	12	23	357	-3.9	3.4	4.16818166373486	-999.9	0	5.56712962962964	4.92916154141454	330
HARRINGTON_CDA_CS	2007	12	24	358	-1.2	8.6	4.83669258730891	-999.9	2.7	8.17129629629631	6.66464769631	330
HARRINGTON_CDA_CS	2007	12	25	359	-5.5	1.3	4.03683512609785	-999.9	0	5.99537037037036	3.58049568548642	330
HARRINGTON_CDA_CS	2007	12	26	360	-7.1	0.4	4.24979526016768	-999.9	0	3.24074074074075	3.57525893092946	330
HARRINGTON_CDA_CS	2007	12	27	361	-4.5	-0.3	3.18941562487118	-999.9	6	4.58333333333333	4.51191452553514	330
HARRINGTON_CDA_CS	2007	12	28	362	-4.6	-2	2.51778597433062	-999.9	3.9	4.89583333333333	4.28998215683377	330
HARRINGTON_CDA_CS	2007	12	29	363	-7.4	0	4.26371583606277	-999.9	13	3.22916666666667	4.27061994599508	330
HARRINGTON_CDA_CS	2007	12	30	364	-9	-0.6	4.56188835927103	-999.9	0.9	3.54166666666667	3.80234188330497	330
HARRINGTON_CDA_CS	2007	12	31	365	-8.8	-1.3	4.33070036008639	-999.9	15.3	4.50231481481481	3.9884762530834	330
