HARRINGTON_CDA_CS	2014	1	1	1	-20.2	-15.2	3.55403871953489	-999.9	0	3.77314814814814	1.20100860105961	330
HARRINGTON_CDA_CS	2014	1	2	2	-26	-16.2	5.00315592732642	-999.9	0.4	4.18981481481481	0.821862192362563	330
HARRINGTON_CDA_CS	2014	1	3	3	-21.1	-11.1	5.08400386963557	-999.9	1.5	7.83564814814814	1.49774324021403	330
HARRINGTON_CDA_CS	2014	1	4	4	-21.9	-8.4	5.94463603067818	-999.9	0	5.32407407407408	1.36889001928401	330
HARRINGTON_CDA_CS	2014	1	5	5	-8.7	-4.6	3.298199230832	-999.9	0	2.47685185185185	3.09756748832812	330
HARRINGTON_CDA_CS	2014	1	6	6	-9.5	8.7	6.99870226185029	-999.9	4.9	7.17592592592592	5.54417941792817	330
HARRINGTON_CDA_CS	2014	1	7	7	-14	7.8	7.71744056249575	-999.9	0.5	7.74305555555556	3.48723341161606	330
HARRINGTON_CDA_CS	2014	1	8	8	-14.7	-9.8	3.68781025196849	-999.9	0	7.75252525252525	1.32593020693305	330
HARRINGTON_CDA_CS	2014	1	9	9	-16.3	-9.1	4.50733949799002	-999.9	0	4.34782608695653	1.47802065449208	330
HARRINGTON_CDA_CS	2014	1	10	10	-18.7	-3.4	6.6273036753843	-999.9	0	3.48379629629631	1.78641233306465	330
HARRINGTON_CDA_CS	2014	1	11	11	-7.6	8.7	6.9019408405933	-999.9	10.3	4.95370370370369	6.15917624887324	330
HARRINGTON_CDA_CS	2014	1	12	12	1.2	8.9	4.78799408788615	-999.9	0.5	7.17592592592592	7.7081115662872	330
HARRINGTON_CDA_CS	2014	1	13	13	-2.1	2.1	3.57029040335415	-999.9	0	4.80324074074075	4.08401475416667	330
HARRINGTON_CDA_CS	2014	1	14	14	1.1	8.4	4.75385627117552	-999.9	12.6	6.59722222222222	7.63847384077079	330
HARRINGTON_CDA_CS	2014	1	15	15	0.9	8	4.73641482691478	-999.9	8.5	4.15509259259258	8.04741935413376	330
HARRINGTON_CDA_CS	2014	1	16	16	-0.2	2	2.66436156698413	-999.9	14.9	2.08333333333333	6.51373841036393	330
HARRINGTON_CDA_CS	2014	1	17	17	-0.6	2.8	3.34813469042391	-999.9	0.6	2.52314814814815	6.55704337790352	330
HARRINGTON_CDA_CS	2014	1	18	18	-1.7	2.5	3.76257492064182	-999.9	0.4	2.08333333333333	6.13915496444015	330
HARRINGTON_CDA_CS	2014	1	19	19	-4.8	0.3	4.19327227436342	-999.9	2.4	4.45601851851853	5.04234549852437	330
HARRINGTON_CDA_CS	2014	1	20	20	-10.2	0.8	6.22984431547117	-999.9	1.5	4.81481481481481	3.70480108013504	330
HARRINGTON_CDA_CS	2014	1	21	21	-16.2	-10.2	4.65553683298945	-999.9	0.2	3.64583333333333	1.50493801602214	330
HARRINGTON_CDA_CS	2014	1	22	22	-14.1	-7.1	5.08922766353283	-999.9	6.3	7.62731481481481	2.38253327447452	330
HARRINGTON_CDA_CS	2014	1	23	23	-18.4	-8.7	6.06440091503388	-999.9	0.2	4.67592592592592	1.77289789369827	330
HARRINGTON_CDA_CS	2014	1	24	24	-21.2	-14	5.28996732162475	-999.9	0	2.73148148148148	1.2105457694745	330
HARRINGTON_CDA_CS	2014	1	25	25	-20.3	3.2	9.6780086089015	-999.9	0.4	6.80555555555556	2.68580673825931	330
HARRINGTON_CDA_CS	2014	1	26	26	-15.6	5	9.17755071770412	-999.9	4.6	9.07407407407408	3.1451567566692	330
HARRINGTON_CDA_CS	2014	1	27	27	-15.5	5.4	9.36436682814406	-999.9	3.4	6.37731481481481	3.24578238777494	330
HARRINGTON_CDA_CS	2014	1	28	28	-13.3	-4.8	6.05052521818937	-999.9	0	5	1.72185355454963	330
HARRINGTON_CDA_CS	2014	1	29	29	-14.2	-9.4	4.60727511269312	-999.9	1.7	3.22916666666667	1.85223210494515	330
HARRINGTON_CDA_CS	2014	1	30	30	-13.4	-8.8	4.5708749316482	-999.9	0	3.98148148148147	1.84793698906196	330
HARRINGTON_CDA_CS	2014	1	31	31	-9	1.1	6.86484073923253	-999.9	0	5.90277777777778	3.47903787942802	330
HARRINGTON_CDA_CS	2014	2	1	32	-7.2	-0.7	5.582437119635	-999.9	0	2.89351851851853	3.13836622712079	330
HARRINGTON_CDA_CS	2014	2	2	33	-3.6	2.1	5.29963118218329	-999.9	6.1	3.95833333333333	5.31225932626016	330
HARRINGTON_CDA_CS	2014	2	3	34	-9.1	-3.5	5.32577365401248	-999.9	0	2.29166666666667	3.32674215455583	330
HARRINGTON_CDA_CS	2014	2	4	35	-12.2	-4.1	6.49451795588152	-999.9	0.3	1.6087962962963	2.8523026580104	330
HARRINGTON_CDA_CS	2014	2	5	36	-11.7	-6.7	5.17411781535117	-999.9	4.5	2.53472222222222	2.39789155676623	330
HARRINGTON_CDA_CS	2014	2	6	37	-17.9	-11.7	5.84280322699243	-999.9	0.2	4.31712962962964	1.55238119534259	330
HARRINGTON_CDA_CS	2014	2	7	38	-15.6	-6.7	7.09933806023306	-999.9	0	2.96296296296297	2.02507892264508	330
HARRINGTON_CDA_CS	2014	2	8	39	-15.2	-6.5	7.11868018015789	-999.9	0	3.91203703703703	1.88320318781798	330
HARRINGTON_CDA_CS	2014	2	9	40	-17.9	-10.3	6.7480695523361	-999.9	0	2.80092592592592	1.43382392435117	330
HARRINGTON_CDA_CS	2014	2	10	41	-14.5	-8.6	6.03037045226459	-999.9	0.7	2.15277777777778	2.12918130830452	330
HARRINGTON_CDA_CS	2014	2	11	42	-17.1	-11	6.2192356307877	-999.9	0	2.67361111111111	1.42520201259921	330
HARRINGTON_CDA_CS	2014	2	12	43	-18.6	-10.7	7.17869114762497	-999.9	0.2	3.11342592592592	1.43470807286544	330
HARRINGTON_CDA_CS	2014	2	13	44	-15.3	0.8	10.3945708420795	-999.9	8.6	4.61805555555556	2.97101880847581	330
HARRINGTON_CDA_CS	2014	2	14	45	-3.5	7.4	8.67496847434694	-999.9	20.7	7.14120370370369	6.69295836759746	330
HARRINGTON_CDA_CS	2014	2	15	46	-7	-3.5	4.98592564536081	-999.9	3.3	3.80787037037036	3.15723360653025	330
HARRINGTON_CDA_CS	2014	2	16	47	-10.5	-2.1	7.83432690107846	-999.9	14.4	7.56944444444445	3.49939383773316	330
HARRINGTON_CDA_CS	2014	2	17	48	-11.4	-6.7	5.94362722479125	-999.9	0.9	5.10416666666667	2.52100980071952	330
HARRINGTON_CDA_CS	2014	2	18	49	-14	-4.6	8.52500679187993	-999.9	0.6	3.26388888888889	2.36267363143972	330
HARRINGTON_CDA_CS	2014	2	19	50	-5.2	-0.9	5.84760675321483	-999.9	11.5	4.28240740740742	4.60892962282473	330
HARRINGTON_CDA_CS	2014	2	20	51	-3.4	0.5	5.64770205138585	-999.9	15.4	4.24768518518519	5.17708084492115	330
HARRINGTON_CDA_CS	2014	2	21	52	-6.5	0.7	7.78182116605368	-999.9	0.8	3.39120370370369	4.10365700212353	330
HARRINGTON_CDA_CS	2014	2	22	53	-0.3	5.8	7.26328492356229	-999.9	8	5.08101851851853	6.00974265964153	330
HARRINGTON_CDA_CS	2014	2	23	54	-1	3.2	6.1111278464315	-999.9	0	4.76851851851853	4.05107874234495	330
HARRINGTON_CDA_CS	2014	2	24	55	-7.2	1.9	9.12051206718646	-999.9	0.4	2.74154589371981	3.94573874052257	330
HARRINGTON_CDA_CS	2014	2	25	56	-15.7	-7.1	8.9891935532567	-999.9	0	4.32870370370369	1.49419947612333	330
HARRINGTON_CDA_CS	2014	2	26	57	-17.4	-7	10.0214452684825	-999.9	0	3.10185185185186	1.61859699261387	330
HARRINGTON_CDA_CS	2014	2	27	58	-12.7	-3.2	9.70923450605493	-999.9	0	2.16435185185185	2.73012769145897	330
HARRINGTON_CDA_CS	2014	2	28	59	-13.5	-7.1	8.07770867486813	-999.9	0	4.51388888888889	1.81704442170171	330
HARRINGTON_CDA_CS	2014	3	1	60	-17.3	-3.9	11.8464820705789	-999.9	0.2	3.72685185185186	1.48965492161243	330
HARRINGTON_CDA_CS	2014	3	2	61	-14.6	-2	11.6418829997138	-999.9	1.6	4.20138888888889	2.76717417878455	330
HARRINGTON_CDA_CS	2014	3	3	62	-18.4	-9.9	9.68966957343115	-999.9	0	2.80092592592592	1.30069941959096	330
HARRINGTON_CDA_CS	2014	3	4	63	-20.6	-10.7	10.5958976753812	-999.9	0	3.13657407407408	1.05341629916677	330
HARRINGTON_CDA_CS	2014	3	5	64	-20.2	-12.1	9.71048716554869	-999.9	0	2.63888888888889	1.03298000078879	330
HARRINGTON_CDA_CS	2014	3	6	65	-17.7	-8.1	10.7094911432961	-999.9	0	3.02083333333333	1.35947160797953	330
HARRINGTON_CDA_CS	2014	3	7	66	-15.9	0.4	14.1356838868503	-999.9	0	4.12037037037036	1.82861509322712	330
HARRINGTON_CDA_CS	2014	3	8	67	-7.9	5.4	12.9327993483693	-999.9	0	3.65740740740742	4.67695810205485	330
HARRINGTON_CDA_CS	2014	3	9	68	-13.1	-3.8	10.9522828581623	-999.9	0	4.08564814814814	2.35078854730304	330
HARRINGTON_CDA_CS	2014	3	10	69	-12.6	-5.4	9.75837665490172	-999.9	0	2.62731481481481	1.95589116884143	330
HARRINGTON_CDA_CS	2014	3	11	70	-12.7	0.3	13.276446331007	-999.9	0.7	3.64583333333333	3.05427977309101	330
HARRINGTON_CDA_CS	2014	3	12	71	-5.9	4.3	11.9058069263833	-999.9	13.6	3.49537037037036	4.74532883503803	330
HARRINGTON_CDA_CS	2014	3	13	72	-11.4	-0.4	12.5156246199098	-999.9	9.2	2.15277777777778	3.74483150521919	330
HARRINGTON_CDA_CS	2014	3	14	73	-13.3	-6.5	9.95992583010463	-999.9	0.2	0	2.3914162636555	330
HARRINGTON_CDA_CS	2014	3	15	74	-7.8	4.7	13.6662501260541	-999.9	12.2	3.79629629629631	4.94348390565299	330
HARRINGTON_CDA_CS	2014	3	16	75	-12	2.7	14.9965811738104	-999.9	0.6	6.14583333333333	2.912204747689	330
HARRINGTON_CDA_CS	2014	3	17	76	-14.3	-8.2	9.77425360830328	-999.9	0	6.20370370370369	1.25317516548201	330
HARRINGTON_CDA_CS	2014	3	18	77	-14.6	-5.3	12.2092920309688	-999.9	0	3.48379629629631	1.66286257791782	330
HARRINGTON_CDA_CS	2014	3	19	78	-12.9	-1	13.9700340694706	-999.9	0	2.03703703703704	2.49667260624741	330
HARRINGTON_CDA_CS	2014	3	20	79	-4.9	3.6	11.941325882631	-999.9	4.1	6.45833333333333	4.95025074540778	330
HARRINGTON_CDA_CS	2014	3	21	80	-0.6	3.7	8.58894969114114	-999.9	0	5.28935185185186	5.59992787394256	330
HARRINGTON_CDA_CS	2014	3	22	81	-2.8	2.1	9.27064202669531	-999.9	2.8	3.66898148148147	4.36181857431984	330
HARRINGTON_CDA_CS	2014	3	23	82	-11.4	1.2	15.0295431482956	-999.9	0.7	4.76851851851853	3.1179129251157	330
HARRINGTON_CDA_CS	2014	3	24	83	-14.8	-8.2	10.9957192283781	-999.9	0	5.13888888888889	1.5716798824565	330
HARRINGTON_CDA_CS	2014	3	25	84	-12.7	-3	13.4732017914786	-999.9	0.2	3.71527777777778	1.87383823421804	330
HARRINGTON_CDA_CS	2014	3	26	85	-10.3	-4.1	10.8856879923909	-999.9	14.2	9.96527777777778	3.1148715623784	330
HARRINGTON_CDA_CS	2014	3	27	86	-5.9	-2.2	8.49723350092597	-999.9	4.3	9.4212962962963	2.99496965850592	330
HARRINGTON_CDA_CS	2014	3	28	87	-7.6	5	15.8423629176427	-999.9	4.5	4.05092592592592	3.8141279400149	330
HARRINGTON_CDA_CS	2014	3	29	88	-3	4.1	12.0133189314448	-999.9	1.1	3.90046296296297	5.51815183441982	330
HARRINGTON_CDA_CS	2014	3	30	89	-2.5	0.9	8.39679271668475	-999.9	37.7	3.02083333333333	5.39910825257504	330
HARRINGTON_CDA_CS	2014	3	31	90	-3	0.9	9.08212099050262	-999.9	29.2	3.18287037037036	5.40454346871503	330
HARRINGTON_CDA_CS	2014	4	1	91	-3.7	-2.4	5.29478616074391	-999.9	7.1	1.28472222222222	4.55600021902904	330
HARRINGTON_CDA_CS	2014	4	2	92	-4	-0.1	9.2591583243893	-999.9	0	2.30324074074074	4.69213764050271	330
HARRINGTON_CDA_CS	2014	4	3	93	-4.4	2.8	12.7001412802537	-999.9	1	1.90972222222222	5.4642449473112	330
HARRINGTON_CDA_CS	2014	4	4	94	-4.1	1.8	11.6041149284744	-999.9	0.2	2.30324074074074	4.82386490426059	330
HARRINGTON_CDA_CS	2014	4	5	95	-4.7	3.9	14.1390283519207	-999.9	11.3	5.83333333333333	5.49201643953369	330
HARRINGTON_CDA_CS	2014	4	6	96	0.3	3.7	8.97087395580194	-999.9	0.4	6.03009259259258	5.62669271415409	330
HARRINGTON_CDA_CS	2014	4	7	97	-0.3	9.3	15.2088558032507	-999.9	3	3.24074074074075	4.92432975809236	330
HARRINGTON_CDA_CS	2014	4	8	98	1.4	8	12.7215273727698	-999.9	22.5	6.63194444444445	6.90611763293504	330
HARRINGTON_CDA_CS	2014	4	9	99	-2.5	8.1	16.2617543880957	-999.9	0.2	4.38657407407408	6.20047850888093	330
HARRINGTON_CDA_CS	2014	4	10	100	-4.2	4.5	14.8580623329336	-999.9	0	5.3125	3.26931641883458	330
HARRINGTON_CDA_CS	2014	4	11	101	2	11	15.2388751772788	-999.9	0	5.75231481481481	6.77590263626429	330
HARRINGTON_CDA_CS	2014	4	12	102	2.2	8.8	13.1575152863963	-999.9	0.2	2.70833333333333	6.67155317848397	330
HARRINGTON_CDA_CS	2014	4	13	103	-1.5	2.4	10.1963743533587	-999.9	4.6	3.29861111111111	4.12072846245982	330
HARRINGTON_CDA_CS	2014	4	14	104	0.1	13	18.6922391152581	-999.9	18.1	5.64393939393939	9.11129751129036	330
HARRINGTON_CDA_CS	2014	4	15	105	8.8	19.2	16.9152245758009	-999.9	0	7.75252525252525	12.6426271935273	330
HARRINGTON_CDA_CS	2014	4	16	106	-3.4	13	21.4052079272694	-999.9	20	6.31944444444445	7.23891182553726	330
HARRINGTON_CDA_CS	2014	4	17	107	-4.4	2.3	13.7852089052727	-999.9	0	3.50694444444444	3.12236288607423	330
HARRINGTON_CDA_CS	2014	4	18	108	-4.6	8.2	19.1955940611422	-999.9	0	2.97453703703703	4.33261120308648	330
HARRINGTON_CDA_CS	2014	4	19	109	-1.3	7.4	15.9411346537276	-999.9	0	3.59953703703703	6.19323795694546	330
HARRINGTON_CDA_CS	2014	4	20	110	0	6	13.3333994805924	-999.9	0	4.58333333333333	4.9094661805055	330
HARRINGTON_CDA_CS	2014	4	21	111	-0.2	11.3	18.58928589186	-999.9	0	5.43981481481481	5.1264341936828	330
HARRINGTON_CDA_CS	2014	4	22	112	3.3	11.1	15.4153255866312	-999.9	0.2	2.33796296296296	8.00635933869003	330
HARRINGTON_CDA_CS	2014	4	23	113	5.1	11.3	13.8368169031964	-999.9	0	4.57175925925925	9.50889377181564	330
HARRINGTON_CDA_CS	2014	4	24	114	-0.7	5.7	14.1517082541766	-999.9	32.2	7.74305555555556	6.96343876096713	330
HARRINGTON_CDA_CS	2014	4	25	115	-0.8	0.8	7.1219879490275	-999.9	0.8	6.11111111111111	5.85111193333333	330
HARRINGTON_CDA_CS	2014	4	26	116	-0.5	5.5	13.8798035826201	-999.9	0	3.92361111111111	6.19210400590615	330
HARRINGTON_CDA_CS	2014	4	27	117	0.5	2.6	8.2628171474831	-999.9	1.1	4.73379629629631	6.67915538834666	330
HARRINGTON_CDA_CS	2014	4	28	118	0.2	4.6	12.0337294192316	-999.9	2.7	8.00925925925925	6.8684546798423	330
HARRINGTON_CDA_CS	2014	4	29	119	-1.1	3.8	12.7753329173534	-999.9	0	7.1875	5.89362629865019	330
HARRINGTON_CDA_CS	2014	4	30	120	-1.1	6.5	16.0039211950516	-999.9	0	3.06712962962964	5.17862364852574	330
HARRINGTON_CDA_CS	2014	5	1	121	-0.5	9.9	18.8289934840708	-999.9	17.2	4.15404040404042	6.46936711069409	330
HARRINGTON_CDA_CS	2014	5	2	122	3.4	10.5	15.6450195504521	-999.9	4	2.77777777777778	9.33931055677404	330
HARRINGTON_CDA_CS	2014	5	3	123	4.9	13.9	17.7113078104276	-999.9	0.3	2.90509259259258	9.7403390514976	330
HARRINGTON_CDA_CS	2014	5	4	124	2.5	10.9	17.2027416033785	-999.9	12.2	2.92824074074075	8.75872030730821	330
HARRINGTON_CDA_CS	2014	5	5	125	0.5	4.7	12.2280663622062	-999.9	9.9	5.74074074074075	7.04089217553018	330
HARRINGTON_CDA_CS	2014	5	6	126	-1.7	4.7	15.1720750955258	-999.9	0	3.80787037037036	5.80499101557201	330
HARRINGTON_CDA_CS	2014	5	7	127	-2.5	10.9	22.0635935624218	-999.9	0.2	2.00231481481481	5.86078361873486	330
HARRINGTON_CDA_CS	2014	5	8	128	-1.4	15.1	24.6026524868557	-999.9	0	2.75462962962963	5.46201128374536	330
HARRINGTON_CDA_CS	2014	5	9	129	-0.7	13	22.5249517323818	-999.9	0	2.5	6.41894634553742	330
HARRINGTON_CDA_CS	2014	5	10	130	6.7	12.8	15.1001025505944	-999.9	5.2	6.74768518518519	10.4263910325716	330
HARRINGTON_CDA_CS	2014	5	11	131	0.4	14.3	22.8971691277699	-999.9	0.7	4.93055555555556	9.68059885822696	330
HARRINGTON_CDA_CS	2014	5	12	132	-0.1	7.5	17.0054788685093	-999.9	0.2	3.33333333333333	6.43138502693916	330
HARRINGTON_CDA_CS	2014	5	13	133	-0.7	9	19.2940821245082	-999.9	0	2.45614035087719	5.59086241783297	330
HARRINGTON_CDA_CS	2014	5	14	134	0.3	18.5	26.5386533121059	-999.9	0	2.96296296296297	5.29452066983633	330
HARRINGTON_CDA_CS	2014	5	15	135	9.2	19	19.5528530105596	-999.9	0	4.79166666666667	9.80678906642019	330
HARRINGTON_CDA_CS	2014	5	16	136	10.1	24.6	23.8772450585233	-999.9	0	4.62962962962964	13.1026417792977	330
HARRINGTON_CDA_CS	2014	5	17	137	10	22.6	22.3428225809402	-999.9	0	4.94212962962964	12.0563883960993	330
HARRINGTON_CDA_CS	2014	5	18	138	9.1	19.3	20.1769281578078	-999.9	0	4.43287037037036	10.8528713147078	330
HARRINGTON_CDA_CS	2014	5	19	139	7.5	14.6	16.8941441170653	-999.9	2.2	3.83101851851853	11.8744792815571	330
HARRINGTON_CDA_CS	2014	5	20	140	7.3	13.6	15.9690625279252	-999.9	0.3	2.53472222222222	11.7708402268119	330
HARRINGTON_CDA_CS	2014	5	21	141	7.1	17.7	20.7832984658209	-999.9	0	3.55324074074075	11.7224012131743	330
HARRINGTON_CDA_CS	2014	5	22	142	4.9	9.9	14.3202105356665	-999.9	3.9	3.93518518518519	9.82707876974441	330
HARRINGTON_CDA_CS	2014	5	23	143	4.1	6.5	9.95230171045715	-999.9	0.7	4.91898148148147	8.46473419891318	330
HARRINGTON_CDA_CS	2014	5	24	144	3.4	6.2	10.7820483666257	-999.9	0.5	5.91435185185186	7.944444753337	330
HARRINGTON_CDA_CS	2014	5	25	145	2.5	5.9	11.9156318943094	-999.9	0.6	5.46296296296297	7.53825172162364	330
HARRINGTON_CDA_CS	2014	5	26	146	2.1	7.5	15.0584767273649	-999.9	9.1	3.62268518518519	8.03083654041452	330
HARRINGTON_CDA_CS	2014	5	27	147	3.5	8	13.783144476106	-999.9	1	4.40972222222222	8.62862894233778	330
HARRINGTON_CDA_CS	2014	5	28	148	0.6	8.3	18.0757700761957	-999.9	0	4.10879629629631	7.24725983009155	330
HARRINGTON_CDA_CS	2014	5	29	149	0.8	20.8	29.203001750865	-999.9	0	3.04398148148147	7.34816729506105	330
HARRINGTON_CDA_CS	2014	5	30	150	8.6	22.8	24.6643413028511	-999.9	0	3.76157407407408	7.56621790918752	330
HARRINGTON_CDA_CS	2014	5	31	151	4.6	13.9	20.0046803916214	-999.9	0	3.76157407407408	8.40556714725702	330
HARRINGTON_CDA_CS	2014	6	1	152	4.1	18.5	24.9452727274714	-999.9	0	2.63888888888889	9.47297551001847	330
HARRINGTON_CDA_CS	2014	6	2	153	9.3	23.8	25.0818796501436	-999.9	0	5.49768518518519	9.05660053583723	330
HARRINGTON_CDA_CS	2014	6	3	154	10.3	25.1	25.3879904106209	-999.9	0	4.15509259259258	10.7519502288427	330
HARRINGTON_CDA_CS	2014	6	4	155	13.5	22.3	19.611582046232	-999.9	0	4.03935185185186	16.6112497571847	330
HARRINGTON_CDA_CS	2014	6	5	156	14.1	23.2	19.9764521273796	-999.9	1.3	2.40740740740741	16.8889773275403	330
HARRINGTON_CDA_CS	2014	6	6	157	10.2	16.2	16.2462190480755	-999.9	8.9	4.07407407407408	14.2130625555159	330
HARRINGTON_CDA_CS	2014	6	7	158	7.4	10.5	11.6947054214083	-999.9	3.4	4.80324074074075	10.8164603046194	330
HARRINGTON_CDA_CS	2014	6	8	159	4.7	16.1	22.4566753765039	-999.9	0	3.55324074074075	9.1756914843701	330
HARRINGTON_CDA_CS	2014	6	9	160	3.8	24.4	30.2248505024579	-999.9	0	1.90972222222222	10.6144861755282	330
HARRINGTON_CDA_CS	2014	6	10	161	7.9	15.6	18.4997742929039	-999.9	0	2.90509259259258	10.5906553591731	330
HARRINGTON_CDA_CS	2014	6	11	162	6.8	18.4	22.7296973046989	-999.9	0	3.24074074074075	8.60590028889556	330
HARRINGTON_CDA_CS	2014	6	12	163	4.8	19.1	25.2597710488954	-999.9	0	1.96759259259259	9.46398622867338	330
HARRINGTON_CDA_CS	2014	6	13	164	11.1	19.8	19.7183675505377	-999.9	0.2	2.65046296296296	13.8273555546452	330
HARRINGTON_CDA_CS	2014	6	14	165	11.1	17.3	16.6575214428393	-999.9	1.6	6.15740740740742	13.6981933822342	330
HARRINGTON_CDA_CS	2014	6	15	166	9.5	16	17.0658426559429	-999.9	17.8	2.96296296296297	13.9635413894906	330
HARRINGTON_CDA_CS	2014	6	16	167	8.8	13.6	14.6724137614999	-999.9	2	6.74768518518519	11.6363487490603	330
HARRINGTON_CDA_CS	2014	6	17	168	10.7	23.7	24.155493747894	-999.9	0	2.68518518518519	11.5095412710804	330
HARRINGTON_CDA_CS	2014	6	18	169	11.6	15.2	12.7148790937008	-999.9	18.1	5.64814814814814	13.248549336327	330
HARRINGTON_CDA_CS	2014	6	19	170	8.8	16.2	18.2325353288606	-999.9	1.5	3.66898148148147	13.2124643697234	330
HARRINGTON_CDA_CS	2014	6	20	171	8.4	13.7	15.4309570891055	-999.9	11.1	3.21759259259258	11.6809938184032	330
HARRINGTON_CDA_CS	2014	6	21	172	8.6	12.5	13.2362354823294	-999.9	0.5	4.03935185185186	10.9940321031539	330
HARRINGTON_CDA_CS	2014	6	22	173	10.4	17.3	17.6030338777847	-999.9	0	1.94444444444444	12.2781485357925	330
HARRINGTON_CDA_CS	2014	6	23	174	9.5	23.7	25.2459377653672	-999.9	0	2.93981481481481	13.505872875869	330
HARRINGTON_CDA_CS	2014	6	24	175	13.4	23.7	21.4933379940866	-999.9	0	5.30092592592592	12.991168567078	330
HARRINGTON_CDA_CS	2014	6	25	176	10.5	17	17.0660660670701	-999.9	1.5	4.27083333333333	14.1393313026469	330
HARRINGTON_CDA_CS	2014	6	26	177	10.5	13.5	11.587304633078	-999.9	11.2	3.33333333333333	13.5300385885436	330
HARRINGTON_CDA_CS	2014	6	27	178	10.4	18.3	18.7903103616707	-999.9	0	3.50694444444444	13.8012141786218	330
HARRINGTON_CDA_CS	2014	6	28	179	11.1	27.4	26.9690944695908	-999.9	0.2	1.23842592592593	13.5808649505454	330
HARRINGTON_CDA_CS	2014	6	29	180	13.1	28.1	25.8478171372403	-999.9	0	2.89351851851853	13.8772825260544	330
HARRINGTON_CDA_CS	2014	6	30	181	16.7	29.1	23.4773064594809	-999.9	0	3.64583333333333	17.2329117189219	330
HARRINGTON_CDA_CS	2014	7	1	182	17.1	28.1	22.0874930809166	-999.9	0	4.73379629629631	20.5017806637535	330
HARRINGTON_CDA_CS	2014	7	2	183	19.1	27.9	19.7313825772458	-999.9	0	6.62037037037036	22.5575167579077	330
HARRINGTON_CDA_CS	2014	7	3	184	20.1	28.5	19.2519764572757	-999.9	0	5.46296296296297	23.8211456124233	330
HARRINGTON_CDA_CS	2014	7	4	185	19.9	28.6	19.5644731781767	-999.9	0	4.64120370370369	23.4016697291735	330
HARRINGTON_CDA_CS	2014	7	5	186	11.6	22.8	22.1637733292293	-999.9	12.3	10.0694444444444	16.4351652102019	330
HARRINGTON_CDA_CS	2014	7	6	187	12.4	25.3	23.7470107226192	-999.9	1.5	6.03009259259258	16.0234538807732	330
HARRINGTON_CDA_CS	2014	7	7	188	17.2	23.4	16.4339714312606	-999.9	0	4.39814814814814	17.4195512005269	330
HARRINGTON_CDA_CS	2014	7	8	189	16.6	27.1	21.3465177523941	-999.9	1.3	5.35879629629631	21.4167130002165	330
HARRINGTON_CDA_CS	2014	7	9	190	17.7	27.5	20.5818389642243	-999.9	0	5.9375	21.7408362382837	330
HARRINGTON_CDA_CS	2014	7	10	191	17.4	27.2	20.5388387966372	-999.9	0	4.50231481481481	20.1088611377562	330
HARRINGTON_CDA_CS	2014	7	11	192	14.4	22.4	18.5162240511255	-999.9	0	2.16435185185185	14.201771453533	330
HARRINGTON_CDA_CS	2014	7	12	193	13	26.6	24.0865309280174	-999.9	0	2.41898148148148	13.6906269080046	330
HARRINGTON_CDA_CS	2014	7	13	194	15.5	25.9	21.0121997226411	-999.9	0	4.39814814814814	16.2510750150782	330
HARRINGTON_CDA_CS	2014	7	14	195	16.6	22.6	15.9196348458216	-999.9	2	5.85648148148147	18.1593754389131	330
HARRINGTON_CDA_CS	2014	7	15	196	19.4	22.7	11.7752337565779	-999.9	1.4	4.39814814814814	22.4973700384558	330
HARRINGTON_CDA_CS	2014	7	16	197	21.3	28	16.7323678951186	-999.9	5.8	5.59027777777778	26.363992592025	330
HARRINGTON_CDA_CS	2014	7	17	198	17.5	22.7	14.6987814182093	-999.9	2.5	4.79166666666667	21.0737393532141	330
HARRINGTON_CDA_CS	2014	7	18	199	15.4	24.1	18.9561890286396	-999.9	0	3.96990740740742	17.4393659625605	330
HARRINGTON_CDA_CS	2014	7	19	200	14.7	23.3	18.789028470351	-999.9	0	2.19907407407407	16.895981252179	330
HARRINGTON_CDA_CS	2014	7	20	201	12.4	26.6	24.0666016833604	-999.9	0.2	1.18055555555556	16.4252201020135	330
HARRINGTON_CDA_CS	2014	7	21	202	17.5	25.2	17.6637582745385	-999.9	0	2.46527777777778	16.1013875825117	330
HARRINGTON_CDA_CS	2014	7	22	203	15.9	27	21.1357608815111	-999.9	0	3.94675925925925	17.0264013039291	330
HARRINGTON_CDA_CS	2014	7	23	204	17.9	28.6	20.6784634268606	-999.9	0	6.01851851851853	20.8147351248388	330
HARRINGTON_CDA_CS	2014	7	24	205	15.4	20.7	14.5005824595439	-999.9	7.2	2.10144927536232	18.7859407267845	330
HARRINGTON_CDA_CS	2014	7	25	206	14.7	22.8	17.8592057861045	-999.9	0	0.925925925925925	16.8768918874475	330
HARRINGTON_CDA_CS	2014	7	26	207	14.8	25.9	20.825912529548	-999.9	0	4.51388888888889	16.4545612961048	330
HARRINGTON_CDA_CS	2014	7	27	208	16.4	25.8	19.0888605529324	-999.9	0	5.70601851851853	17.1583012996878	330
HARRINGTON_CDA_CS	2014	7	28	209	18.6	27.6	18.6020700494432	-999.9	0.6	6.46990740740742	22.397676316123	330
HARRINGTON_CDA_CS	2014	7	29	210	16.1	27.6	20.9393451803196	-999.9	0	6.48148148148147	19.7345995048197	330
HARRINGTON_CDA_CS	2014	7	30	211	15.3	25	19.1480346643048	-999.9	5.5	2.34953703703704	18.4313711234276	330
HARRINGTON_CDA_CS	2014	7	31	212	14	23.3	18.6661077619945	-999.9	0.3	4.13194444444444	17.1596340154816	330
HARRINGTON_CDA_CS	2014	8	1	213	14	26	21.1069971652801	-999.9	0	2.41898148148148	16.4145312873891	330
HARRINGTON_CDA_CS	2014	8	2	214	16.6	24.7	17.2604148056479	-999.9	0	3.20601851851853	19.2336733207996	330
HARRINGTON_CDA_CS	2014	8	3	215	17.5	26.1	17.7002730003732	-999.9	0	2.51157407407408	17.6257175347033	330
HARRINGTON_CDA_CS	2014	8	4	216	16.6	27	19.3694963381986	-999.9	0.2	1.33101851851852	19.7893208030674	330
HARRINGTON_CDA_CS	2014	8	5	217	16.8	24.6	16.6904691200708	-999.9	2.7	1.65509259259259	20.745401229179	330
HARRINGTON_CDA_CS	2014	8	6	218	16.4	25.2	17.6372385511485	-999.9	19.3	1.94444444444444	20.7193622190262	330
HARRINGTON_CDA_CS	2014	8	7	219	14.8	21.2	14.9621993241842	-999.9	17.5	2.51157407407408	18.0198795180196	330
HARRINGTON_CDA_CS	2014	8	8	220	13	21.5	17.1505893976848	-999.9	0	4.27083333333333	16.1263919147652	330
HARRINGTON_CDA_CS	2014	8	9	221	12.4	19.7	15.8067596492442	-999.9	2	4.31712962962964	16.0372864951465	330
HARRINGTON_CDA_CS	2014	8	10	222	15.2	18.7	10.8836538654133	-999.9	3	5.60185185185186	16.9335192439894	330
HARRINGTON_CDA_CS	2014	8	11	223	13.5	21	15.8408254131146	-999.9	0.2	4.49074074074075	16.3329286964605	330
HARRINGTON_CDA_CS	2014	8	12	224	12.8	21.7	17.1551927421561	-999.9	0	2.2337962962963	15.9694239606769	330
HARRINGTON_CDA_CS	2014	8	13	225	11.4	24.6	20.7676655677777	-999.9	0.3	2.46527777777778	15.8612930879742	330
HARRINGTON_CDA_CS	2014	8	14	226	15.4	24.7	17.3256186489964	-999.9	0	4.98842592592592	18.5244173109524	330
HARRINGTON_CDA_CS	2014	8	15	227	14.9	20.9	13.8297922204537	-999.9	14.2	4.98842592592592	18.052721843552	330
HARRINGTON_CDA_CS	2014	8	16	228	14	22.1	15.9669231806028	-999.9	0	3.22916666666667	16.7954500235705	330
HARRINGTON_CDA_CS	2014	8	17	229	14.5	22	15.2648924690751	-999.9	1.1	2.75462962962963	17.2540774461434	330
HARRINGTON_CDA_CS	2014	8	18	230	15.8	17.9	8.02421590422824	-999.9	3.1	2.75462962962963	17.68834895207	330
HARRINGTON_CDA_CS	2014	8	19	231	15.8	20	11.2717838108594	-999.9	4.1	4.02777777777778	17.8639576417658	330
HARRINGTON_CDA_CS	2014	8	20	232	13.1	19.9	14.2443447584299	-999.9	0	3.34490740740742	15.2342085492476	330
HARRINGTON_CDA_CS	2014	8	21	233	13.4	19.9	13.8295944883232	-999.9	0	3.34490740740742	16.0574725204547	330
HARRINGTON_CDA_CS	2014	8	22	234	14	19.8	12.9710763248605	-999.9	0	3.72685185185186	15.8276892945435	330
HARRINGTON_CDA_CS	2014	8	23	235	12.1	20.2	15.2180167166213	-999.9	0	3.55324074074075	13.844140807398	330
HARRINGTON_CDA_CS	2014	8	24	236	11	22.4	17.9211371547476	-999.9	0.2	1.5162037037037	14.8724485454435	330
HARRINGTON_CDA_CS	2014	8	25	237	13.7	25.8	18.3251384457411	-999.9	0	4.20138888888889	17.5166595513143	330
HARRINGTON_CDA_CS	2014	8	26	238	16.2	27.1	17.2604819432513	-999.9	0	4.69907407407408	19.4515656371349	330
HARRINGTON_CDA_CS	2014	8	27	239	15.5	25.6	16.4865164391786	-999.9	0.2	4.84953703703703	17.3491410658573	330
HARRINGTON_CDA_CS	2014	8	28	240	14.1	22.3	14.7382851251628	-999.9	3.7	2.63888888888889	19.0609491294506	330
HARRINGTON_CDA_CS	2014	8	29	241	6.1	15.2	15.4019473995246	-999.9	0.2	7.22222222222222	10.0770546309737	330
HARRINGTON_CDA_CS	2014	8	30	242	6.7	21.7	19.6136497586086	-999.9	0	4.44444444444444	11.1916001322705	330
HARRINGTON_CDA_CS	2014	8	31	243	14.1	20.1	12.3023773192256	-999.9	48.6	5.92592592592592	16.2335514237087	330
HARRINGTON_CDA_CS	2014	9	1	244	15.1	19.7	10.6815828390747	-999.9	0.5	2.91666666666667	18.4817085503672	330
HARRINGTON_CDA_CS	2014	9	2	245	14.7	22.6	13.8789319831497	-999.9	2.5	3.04398148148147	19.9834854596697	330
HARRINGTON_CDA_CS	2014	9	3	246	16	24.1	13.9319925496246	-999.9	3.3	4.20138888888889	20.0894451284026	330
HARRINGTON_CDA_CS	2014	9	4	247	13.9	24.4	15.7230183788406	-999.9	0	3.63425925925925	15.171969303698	330
HARRINGTON_CDA_CS	2014	9	5	248	16.9	25.5	14.1027334720114	-999.9	0.2	2.44212962962963	18.4752637479879	330
HARRINGTON_CDA_CS	2014	9	6	249	14.7	24.4	14.8420857071769	-999.9	5.7	6.19212962962964	19.1136253306058	330
HARRINGTON_CDA_CS	2014	9	7	250	11.1	18.4	12.7575609428496	-999.9	2.2	2.70833333333333	13.1412464005704	330
HARRINGTON_CDA_CS	2014	9	8	251	6.7	16	14.2654997590727	-999.9	0	2.71990740740741	8.15434205858139	330
HARRINGTON_CDA_CS	2014	9	9	252	6.5	18.7	16.1847826943458	-999.9	0.7	2.02546296296296	9.82659536533464	330
HARRINGTON_CDA_CS	2014	9	10	253	8.3	20.3	15.8979524755738	-999.9	0.3	1.01851851851852	12.7030393494237	330
HARRINGTON_CDA_CS	2014	9	11	254	11.6	21.3	14.1547523882747	-999.9	1.1	4.00462962962964	15.8467179651452	330
HARRINGTON_CDA_CS	2014	9	12	255	10.5	17.6	11.9909535833274	-999.9	0.8	4.43287037037036	11.5366070417599	330
HARRINGTON_CDA_CS	2014	9	13	256	7.8	16.7	13.2913804984973	-999.9	0.3	2.01388888888889	9.15609026830402	330
HARRINGTON_CDA_CS	2014	9	14	257	9.3	17.5	12.6291780355465	-999.9	3.8	3.13657407407408	13.4029013674298	330
HARRINGTON_CDA_CS	2014	9	15	258	6	13.5	11.9545863400929	-999.9	0	2.37268518518519	9.22510047607212	330
HARRINGTON_CDA_CS	2014	9	16	259	5.7	17.2	14.6497927875387	-999.9	0	3.24074074074075	10.0250575407237	330
HARRINGTON_CDA_CS	2014	9	17	260	8.8	19.4	13.9173719228822	-999.9	0	2.71990740740741	11.79910860222	330
HARRINGTON_CDA_CS	2014	9	18	261	5.9	19.6	15.6541566203552	-999.9	3.4	3.71527777777778	11.3538804212156	330
HARRINGTON_CDA_CS	2014	9	19	262	1.5	10.2	12.3406417904057	-999.9	0.9	4.22453703703703	6.08512078034829	330
HARRINGTON_CDA_CS	2014	9	20	263	4.9	14.1	12.5523408629245	-999.9	0	5.61342592592592	7.33717901301327	330
HARRINGTON_CDA_CS	2014	9	21	264	12.8	24	13.6973588594179	-999.9	19.3	6.77083333333333	14.9277971762199	330
HARRINGTON_CDA_CS	2014	9	22	265	10.6	23.3	14.4235251552951	-999.9	43.5	6.01851851851853	16.0823849593466	330
HARRINGTON_CDA_CS	2014	9	23	266	8.4	13.3	8.85838372983529	-999.9	0.2	3.85416666666667	8.70100286948265	330
HARRINGTON_CDA_CS	2014	9	24	267	6.6	13.5	10.3923443767222	-999.9	0	3.48484848484847	7.76313053084647	330
HARRINGTON_CDA_CS	2014	9	25	268	8.9	20	13.0295427697047	-999.9	0	4.94212962962964	11.7563636076931	330
HARRINGTON_CDA_CS	2014	9	26	269	11.2	22.1	12.7616366345269	-999.9	0	2.62731481481481	15.1746694249765	330
HARRINGTON_CDA_CS	2014	9	27	270	8.4	19	12.4370921567999	-999.9	0	3.65740740740742	12.3622358331138	330
HARRINGTON_CDA_CS	2014	9	28	271	11.4	25.5	14.174126066782	-999.9	0	5.47453703703703	15.6096854189142	330
HARRINGTON_CDA_CS	2014	9	29	272	7.8	17.1	11.3735950633937	-999.9	0	6.50462962962964	10.7931099486497	330
HARRINGTON_CDA_CS	2014	9	30	273	8.1	15.2	9.81758164936211	-999.9	0	1.9212962962963	11.3320021228137	330
HARRINGTON_CDA_CS	2014	10	1	274	7.5	12.6	8.21920525027796	-999.9	0	4.15509259259258	10.3019450213123	330
HARRINGTON_CDA_CS	2014	10	2	275	6.5	14.6	10.2307588374948	-999.9	0	4.21296296296297	9.99943581366621	330
HARRINGTON_CDA_CS	2014	10	3	276	5.4	15.2	11.1135069068099	-999.9	0	2.00231481481481	10.0265931773924	330
HARRINGTON_CDA_CS	2014	10	4	277	10.2	19.3	10.5751046814842	-999.9	0	3.42592592592592	14.0990221296581	330
HARRINGTON_CDA_CS	2014	10	5	278	11	19.1	9.85114215413603	-999.9	9.4	5.97222222222222	14.2017835824569	330
HARRINGTON_CDA_CS	2014	10	6	279	6.9	16.5	10.5880289237871	-999.9	0	2.21064814814815	10.2505724786061	330
HARRINGTON_CDA_CS	2014	10	7	280	6.4	18.1	11.5388991272211	-999.9	0	3.28703703703703	10.6162772130532	330
HARRINGTON_CDA_CS	2014	10	8	281	11.8	18.4	8.55447048172404	-999.9	28.6	5.82175925925925	14.7689933413114	330
HARRINGTON_CDA_CS	2014	10	9	282	9.4	15.5	8.11698797541359	-999.9	0.2	3.78019323671497	11.18644947096	330
HARRINGTON_CDA_CS	2014	10	10	283	6.8	14.3	8.88239208051466	-999.9	0	4.90740740740742	8.54497242258748	330
HARRINGTON_CDA_CS	2014	10	11	284	4.8	12.2	8.70655737491429	-999.9	0	2.06018518518519	9.01727913387285	330
HARRINGTON_CDA_CS	2014	10	12	285	3.3	10.8	8.6488041434813	-999.9	2.4	3.29861111111111	8.41173151100503	330
HARRINGTON_CDA_CS	2014	10	13	286	4.2	16.4	10.8834183732372	-999.9	0.2	3.46064814814814	9.03074754032779	330
HARRINGTON_CDA_CS	2014	10	14	287	8.4	18.2	9.62332798763186	-999.9	0	4.31712962962964	12.5873608928412	330
HARRINGTON_CDA_CS	2014	10	15	288	11.7	21.3	9.39600764530799	-999.9	0	5.04629629629631	15.2420612340668	330
HARRINGTON_CDA_CS	2014	10	16	289	11.2	15.8	6.41582759425633	-999.9	0.5	2.65046296296296	13.8271531147979	330
HARRINGTON_CDA_CS	2014	10	17	290	13.5	19.3	7.10601764767463	-999.9	10.7	6.66666666666667	16.7995485538526	330
HARRINGTON_CDA_CS	2014	10	18	291	11.5	18.9	7.91664557572173	-999.9	0	3.80787037037036	14.5246442455087	330
HARRINGTON_CDA_CS	2014	10	19	292	6	17.2	9.6055910617622	-999.9	6.2	3.57638888888889	11.8630616130635	330
HARRINGTON_CDA_CS	2014	10	20	293	2.6	7.4	6.20160863579541	-999.9	6.7	5.40509259259258	6.6325036340052	330
HARRINGTON_CDA_CS	2014	10	21	294	1.6	11.1	8.60390163137641	-999.9	0	2.29166666666667	6.56445171572646	330
HARRINGTON_CDA_CS	2014	10	22	295	4.6	10.7	6.79879759231789	-999.9	0	4.32870370370369	8.3902919356174	330
HARRINGTON_CDA_CS	2014	10	23	296	9.4	13.7	5.62886931946213	-999.9	2.1	5.37037037037036	10.9659032926151	330
HARRINGTON_CDA_CS	2014	10	24	297	9.9	12.2	4.05937713822884	-999.9	14.4	5.69444444444445	12.3885977979373	330
HARRINGTON_CDA_CS	2014	10	25	298	6.9	10.3	4.86670482611462	-999.9	2.9	4.46759259259258	10.5979194132821	330
HARRINGTON_CDA_CS	2014	10	26	299	5.5	10.4	5.7608688780746	-999.9	33	3.19444444444444	9.75745071343854	330
HARRINGTON_CDA_CS	2014	10	27	300	5.3	8.2	4.36999169549008	-999.9	6.2	6.38888888888889	8.65789192480225	330
HARRINGTON_CDA_CS	2014	10	28	301	5.2	7.9	4.15772193979129	-999.9	1.1	4.39814814814814	8.29492881337934	330
HARRINGTON_CDA_CS	2014	10	29	302	5.2	14.9	7.77060414014627	-999.9	0	4.31286549707603	11.3975712134672	330
HARRINGTON_CDA_CS	2014	10	30	303	4.6	14.7	7.81864705456865	-999.9	0	3.14814814814814	9.26409149535451	330
HARRINGTON_CDA_CS	2014	10	31	304	2.8	9	6.04058156531819	-999.9	0	2.03703703703704	6.326038716735	330
HARRINGTON_CDA_CS	2014	11	1	305	3.5	6.7	4.27940418963376	-999.9	12.8	5.37037037037036	7.16777184275634	330
HARRINGTON_CDA_CS	2014	11	2	306	5.7	16.7	7.82432787576759	-999.9	29.6	7.60416666666667	12.4488341232175	330
HARRINGTON_CDA_CS	2014	11	3	307	0.7	10.4	7.24602062060409	-999.9	3	5.70601851851853	8.38040690014071	330
HARRINGTON_CDA_CS	2014	11	4	308	0.3	5.7	5.33209588675308	-999.9	4.6	4.6875	6.33663658181524	330
HARRINGTON_CDA_CS	2014	11	5	309	2.4	12.3	7.12088983653448	-999.9	0.2	4.48232323232322	8.46920215682727	330
HARRINGTON_CDA_CS	2014	11	6	310	3.4	8.9	5.2353508876871	-999.9	0	2.5	6.78789690804358	330
HARRINGTON_CDA_CS	2014	11	7	311	1.2	13.9	7.84784332309767	-999.9	18.4	4.12037037037036	9.59543408092961	330
HARRINGTON_CDA_CS	2014	11	8	312	-1.6	1.3	3.69974556552028	-999.9	0.5	6.5625	4.72321309051061	330
HARRINGTON_CDA_CS	2014	11	9	313	-1.3	9.4	7.01186857665871	-999.9	0.3	2.93981481481481	6.42643443681945	330
HARRINGTON_CDA_CS	2014	11	10	314	1.4	8.6	5.67578715883638	-999.9	0.2	2.15277777777778	6.26382841824597	330
HARRINGTON_CDA_CS	2014	11	11	315	0.7	9.2	6.08612212117981	-999.9	0	1.80555555555556	7.26034657569419	330
HARRINGTON_CDA_CS	2014	11	12	316	1.5	10.6	6.21557218598514	-999.9	5.9	3.61111111111111	8.7977938697283	330
HARRINGTON_CDA_CS	2014	11	13	317	1.3	9.7	5.89510750690368	-999.9	0.9	2.4537037037037	7.1621307915404	330
HARRINGTON_CDA_CS	2014	11	14	318	-1.7	3.4	4.53519475134645	-999.9	4.6	1.51515151515151	5.37743514958791	330
HARRINGTON_CDA_CS	2014	11	15	319	-8	-1.5	5.05589578150883	-999.9	1.2	3.91203703703703	3.27194923605791	330
HARRINGTON_CDA_CS	2014	11	16	320	-7.7	1.4	5.90839203064942	-999.9	3	2.65046296296296	3.64116463180962	330
HARRINGTON_CDA_CS	2014	11	17	321	-0.1	10	6.14890648927923	-999.9	27.8	1.21527777777778	8.33351997602305	330
HARRINGTON_CDA_CS	2014	11	18	322	-3.1	13.9	7.88200224490661	-999.9	9.8	5.54398148148147	7.57420396780856	330
HARRINGTON_CDA_CS	2014	11	19	323	-4.6	0	4.0518850326325	-999.9	0	7.08333333333333	2.78906085629604	330
HARRINGTON_CDA_CS	2014	11	20	324	-7	3.2	5.9640399976688	-999.9	5	2.91666666666667	4.2434805389017	330
HARRINGTON_CDA_CS	2014	11	21	325	-6.1	-0.1	4.52250935904722	-999.9	0.7	4.78009259259258	3.85570349188606	330
HARRINGTON_CDA_CS	2014	11	22	326	-7.7	0.3	5.16438169145017	-999.9	1.5	5	3.39274866265699	330
HARRINGTON_CDA_CS	2014	11	23	327	-0.1	4.8	3.99808434607115	-999.9	2	4.01620370370369	5.82602992091048	330
HARRINGTON_CDA_CS	2014	11	24	328	1	15.6	6.82852598056466	-999.9	8.7	5.97222222222222	9.30801989438809	330
HARRINGTON_CDA_CS	2014	11	25	329	5.9	15.7	5.53708521259135	-999.9	0	5.94907407407408	10.4099036680032	330
HARRINGTON_CDA_CS	2014	11	26	330	-0.1	6.3	4.42997945704851	-999.9	15.3	3.10185185185186	5.15836993319594	330
HARRINGTON_CDA_CS	2014	11	27	331	-2.2	1.1	3.15023573363385	-999.9	20.7	8.69212962962964	5.4418582316996	330
HARRINGTON_CDA_CS	2014	11	28	332	-4.3	-1.8	2.71622705258181	-999.9	2.1	2.91666666666667	3.83331028258788	330
HARRINGTON_CDA_CS	2014	11	29	333	-11.3	-2.4	5.07856985271802	-999.9	1.2	2.73148148148148	3.02434958388308	330
HARRINGTON_CDA_CS	2014	11	30	334	-10.7	7.2	7.13950917227319	-999.9	1	6.26157407407408	4.37128794886927	330
HARRINGTON_CDA_CS	2014	12	1	335	-1.9	11.1	6.03335059609091	-999.9	0	5.42824074074075	7.03547896701873	330
HARRINGTON_CDA_CS	2014	12	2	336	-8.5	-1.9	4.26440071142705	-999.9	0	4.79166666666667	2.80578712420762	330
HARRINGTON_CDA_CS	2014	12	3	337	-5.8	10	6.54745008046357	-999.9	16.5	6.5625	6.12217147068871	330
HARRINGTON_CDA_CS	2014	12	4	338	-9.1	9.4	7.0331488786479	-999.9	0	6.52777777777778	4.30719464703604	330
HARRINGTON_CDA_CS	2014	12	5	339	-11.7	-5.9	3.91079447103868	-999.9	1.3	2.63888888888889	2.28186020554339	330
HARRINGTON_CDA_CS	2014	12	6	340	-9.3	7.1	6.53327048453049	-999.9	24	3.46064814814814	5.03401363265029	330
HARRINGTON_CDA_CS	2014	12	7	341	-9.9	2	5.53113586734441	-999.9	2.1	6.90972222222222	3.66935723825887	330
HARRINGTON_CDA_CS	2014	12	8	342	-13	-8	3.56480639764214	-999.9	1.4	3.14814814814814	2.18487568949749	330
HARRINGTON_CDA_CS	2014	12	9	343	-10.8	2.3	5.73955238319581	-999.9	0.9	3.64583333333333	3.79964316861693	330
HARRINGTON_CDA_CS	2014	12	10	344	2.2	6.1	3.11638129786341	-999.9	92.9	7.28009259259258	7.70737916409597	330
HARRINGTON_CDA_CS	2014	12	11	345	4.9	10.3	3.65071967327338	-999.9	30.9	4.81481481481481	9.5255538145232	330
HARRINGTON_CDA_CS	2014	12	12	346	5.1	9.4	3.24466052141823	-999.9	5.9	2.33796296296296	9.76007481576193	330
HARRINGTON_CDA_CS	2014	12	13	347	-1	7.8	4.62511326081846	-999.9	1.6	1.96759259259259	7.12863331429541	330
HARRINGTON_CDA_CS	2014	12	14	348	0.1	1.7	1.96599226208791	-999.9	1.4	4.36342592592592	6.38682081720159	330
HARRINGTON_CDA_CS	2014	12	15	349	-1.4	2.3	2.98167413970331	-999.9	0.2	6.20370370370369	5.63749595314644	330
HARRINGTON_CDA_CS	2014	12	16	350	-1.9	-0.7	1.69428261506431	-999.9	0	2.17391304347826	4.62548962057374	330
HARRINGTON_CDA_CS	2014	12	17	351	-1.9	2.5	3.23859996866426	-999.9	1.1	1.99074074074074	5.47282049844946	330
HARRINGTON_CDA_CS	2014	12	18	352	-0.1	6.5	3.96131729814086	-999.9	13	4.45652173913044	7.267003940535	330
HARRINGTON_CDA_CS	2014	12	19	353	-2	0.9	2.62364554924522	-999.9	2.5	4.67391304347825	5.46389004640283	330
HARRINGTON_CDA_CS	2014	12	20	354	-1.6	0.6	2.2843275423123	-999.9	0.4	5.03472222222222	4.81098498677676	330
HARRINGTON_CDA_CS	2014	12	21	355	-3.3	-1.2	2.23203091011965	-999.9	0	1.94444444444444	4.10905789982577	330
HARRINGTON_CDA_CS	2014	12	22	356	-3.5	-2.8	1.28939426862824	-999.9	0	1.08585858585859	3.84212488340884	330
HARRINGTON_CDA_CS	2014	12	23	357	-3.3	0.5	3.00730174994683	-999.9	0.7	1.01851851851852	4.63349562870482	330
HARRINGTON_CDA_CS	2014	12	24	358	-1.3	9.6	5.10092216059703	-999.9	4.9	4.10879629629631	7.47267169290988	330
HARRINGTON_CDA_CS	2014	12	25	359	5	14.5	4.77142782051363	-999.9	26.6	8.34490740740742	10.9738145773056	330
HARRINGTON_CDA_CS	2014	12	26	360	1.6	5.9	3.21789303612116	-999.9	0	7.43055555555556	4.69151928712742	330
HARRINGTON_CDA_CS	2014	12	27	361	-1.7	3	3.37392482106418	-999.9	0	4.94212962962964	3.84175175482691	330
HARRINGTON_CDA_CS	2014	12	28	362	-1.7	5.6	4.2188449636725	-999.9	5.2	3.56481481481481	6.06383209562118	330
HARRINGTON_CDA_CS	2014	12	29	363	-11	0	5.19838852418003	-999.9	0	4.89583333333333	2.51488369500683	330
HARRINGTON_CDA_CS	2014	12	30	364	-16.4	-11	3.65764784509382	-999.9	0	5.09259259259258	1.36475560989804	330
HARRINGTON_CDA_CS	2014	12	31	365	-17	-14.2	2.64610162830245	-999.9	1.1	3.73015873015872	1.26754216498522	330
