HARRINGTON_CDA_CS	2020	1	1	1	-2.7	2.9	3.76124113785944	-999.9	0.2	6.20370370370369	5.33219524667806	330
HARRINGTON_CDA_CS	2020	1	2	2	-3.4	1.1	3.39029354006839	-999.9	0	5.71759259259258	4.37170078258876	330
HARRINGTON_CDA_CS	2020	1	3	3	-3.6	1.6	3.66612817922615	-999.9	0	2.19907407407407	4.93789822174994	330
HARRINGTON_CDA_CS	2020	1	4	4	-1.6	3.7	3.72474460117384	-999.9	0	2.58101851851852	5.4383586124166	330
HARRINGTON_CDA_CS	2020	1	5	5	-5.7	-0.6	3.67849631980224	-999.9	1	7.17592592592592	4.48067760593518	330
HARRINGTON_CDA_CS	2020	1	6	6	-6.6	-5	2.07511523410782	-999.9	0	4.16666666666667	2.9546914810071	330
HARRINGTON_CDA_CS	2020	1	7	7	-11.4	-2.5	4.93106353544268	-999.9	0.7	2.33796296296296	3.0548831485866	330
HARRINGTON_CDA_CS	2020	1	8	8	-8.6	-2.4	4.14827068956227	-999.9	9.9	4.96527777777778	3.75533308511155	330
HARRINGTON_CDA_CS	2020	1	9	9	-11.4	-4.5	4.41244670993461	-999.9	1	6.35416666666667	2.73152991420754	330
HARRINGTON_CDA_CS	2020	1	10	10	-14	2.1	6.79837646991487	-999.9	0.4	4.94212962962964	3.3008826764112	330
HARRINGTON_CDA_CS	2020	1	11	11	-0.3	8.9	5.185285744203	-999.9	14.5	5.06944444444445	7.73383195374652	330
HARRINGTON_CDA_CS	2020	1	12	12	-5.9	-0.2	4.11952626080328	-999.9	31.3	7.11805555555556	4.54785723382971	330
HARRINGTON_CDA_CS	2020	1	13	13	-7.5	-5.5	2.46374511799139	-999.9	0.8	3.11342592592592	3.08093563732168	330
HARRINGTON_CDA_CS	2020	1	14	14	-8	-4.9	3.09790177435336	-999.9	1.7	2.24537037037037	3.39020029062639	330
HARRINGTON_CDA_CS	2020	1	15	15	-8.3	-2.6	4.24385448428586	-999.9	1.9	2.59259259259259	3.7651521007843	330
HARRINGTON_CDA_CS	2020	1	16	16	-7.1	-4.8	2.72426014598744	-999.9	0.2	2.6207729468599	3.33039755551188	330
HARRINGTON_CDA_CS	2020	1	17	17	-12.7	-4.8	5.10364206222662	-999.9	0.2	11.5509259259259	2.47238094053474	330
HARRINGTON_CDA_CS	2020	1	18	18	-16.7	-10.8	4.45954036457839	-999.9	0.2	4.60648148148147	1.73449439050334	330
HARRINGTON_CDA_CS	2020	1	19	19	-12.7	-2.1	6.04539791391911	-999.9	6.8	5.77546296296297	3.18759621972744	330
HARRINGTON_CDA_CS	2020	1	20	20	-13	-3.4	5.81997172906532	-999.9	0.2	4.88425925925925	2.65487803066505	330
HARRINGTON_CDA_CS	2020	1	21	21	-20	-12.7	5.13523617449442	-999.9	0	3.26388888888889	1.29182474188259	330
HARRINGTON_CDA_CS	2020	1	22	22	-17.3	-7.1	6.14339242462133	-999.9	0	2.83564814814814	1.99180984796487	330
HARRINGTON_CDA_CS	2020	1	23	23	-7.4	2.2	6.03314063383812	-999.9	0	4.6875	4.16870285053477	330
HARRINGTON_CDA_CS	2020	1	24	24	-7.9	-0.5	5.36301358772888	-999.9	0	3.36805555555556	3.54149851469525	330
HARRINGTON_CDA_CS	2020	1	25	25	-10.4	-2.7	5.53992968423024	-999.9	0	1.72453703703704	3.31516641254218	330
HARRINGTON_CDA_CS	2020	1	26	26	-4.8	5.2	6.39441088420706	-999.9	5.4	6.28472222222222	5.76281886208858	330
HARRINGTON_CDA_CS	2020	1	27	27	-2	3.7	4.89047019571863	-999.9	1.2	3.75	5.77816225214349	330
HARRINGTON_CDA_CS	2020	1	28	28	-4.7	-1.3	3.82676295151842	-999.9	1.1	5.3125	4.63108782899382	330
HARRINGTON_CDA_CS	2020	1	29	29	-11.7	-4.4	5.68190594773413	-999.9	1.3	5.63657407407408	2.80500157777767	330
HARRINGTON_CDA_CS	2020	1	30	30	-13.3	-6.5	5.55756528697355	-999.9	0.2	6.15740740740742	2.33099644901033	330
HARRINGTON_CDA_CS	2020	1	31	31	-12.7	-3.8	6.44429043815348	-999.9	0	2.98611111111111	2.19928273679118	330
HARRINGTON_CDA_CS	2020	2	1	32	-12.6	-1.8	7.1959809857197	-999.9	0	2.21064814814815	2.8552989321802	330
HARRINGTON_CDA_CS	2020	2	2	33	-6.5	-2.3	4.54929912481322	-999.9	0	5.18518518518519	4.08508811984486	330
HARRINGTON_CDA_CS	2020	2	3	34	-7.6	-0.2	6.12233173933196	-999.9	0	4.38657407407408	3.51675515692267	330
HARRINGTON_CDA_CS	2020	2	4	35	-4	0.1	4.62071668501842	-999.9	0	3.39120370370369	3.91637427816832	330
HARRINGTON_CDA_CS	2020	2	5	36	-12.3	-0.6	7.91512815348401	-999.9	0	4.44444444444444	2.52677654466085	330
HARRINGTON_CDA_CS	2020	2	6	37	-13.6	-5.3	6.76050119851209	-999.9	1.3	2.85879629629631	2.46987794609279	330
HARRINGTON_CDA_CS	2020	2	7	38	-5.4	6	8.03508452476352	-999.9	15.3	4.08564814814814	5.9955349682154	330
HARRINGTON_CDA_CS	2020	2	8	39	-12.4	-2.9	7.43905175899307	-999.9	0.3	6.07638888888889	2.83058985881769	330
HARRINGTON_CDA_CS	2020	2	9	40	-16	-9.7	6.14412038758491	-999.9	0	3.32175925925925	1.6522808773905	330
HARRINGTON_CDA_CS	2020	2	10	41	-10	0.4	8.00667356782126	-999.9	5.2	5.625	3.93135631101372	330
HARRINGTON_CDA_CS	2020	2	11	42	-11.6	-2.3	7.67948022659842	-999.9	1.2	2.43055555555556	3.38293078261557	330
HARRINGTON_CDA_CS	2020	2	12	43	-6	-1.2	5.59591880126747	-999.9	6.3	3.21759259259258	4.20661985548823	330
HARRINGTON_CDA_CS	2020	2	13	44	-11	0.8	8.89927253471234	-999.9	1.9	5.25462962962964	3.68544314294575	330
HARRINGTON_CDA_CS	2020	2	14	45	-18.3	-10.9	7.14810990042308	-999.9	0.2	5.05787037037036	1.40765994328805	330
HARRINGTON_CDA_CS	2020	2	15	46	-23.5	-7	10.8261811688271	-999.9	0	3.88888888888889	1.35996434497337	330
HARRINGTON_CDA_CS	2020	2	16	47	-7	0.6	7.4523155128512	-999.9	0	5.32407407407408	4.04528945221024	330
HARRINGTON_CDA_CS	2020	2	17	48	-10.2	2.6	9.80913854362902	-999.9	0	3.79629629629631	3.71324235464809	330
HARRINGTON_CDA_CS	2020	2	18	49	-14.6	-3.1	9.42982957718722	-999.9	3.6	3.37962962962964	2.36090848056221	330
HARRINGTON_CDA_CS	2020	2	19	50	-12.1	1.8	10.5142021958706	-999.9	3.8	6.94444444444445	3.32810930208979	330
HARRINGTON_CDA_CS	2020	2	20	51	-18.5	-12.1	7.235279931512	-999.9	0	4.72222222222222	1.0193874039002	330
HARRINGTON_CDA_CS	2020	2	21	52	-20.9	-8.1	10.3764011484814	-999.9	0	2.99768518518519	1.18314477510531	330
HARRINGTON_CDA_CS	2020	2	22	53	-11.4	0.4	10.1026855881752	-999.9	0	4.54861111111111	3.00596571382911	330
HARRINGTON_CDA_CS	2020	2	23	54	-6.1	4.3	9.61705213470117	-999.9	0	3.46064814814814	4.06651891023502	330
HARRINGTON_CDA_CS	2020	2	24	55	-5.5	3.6	9.12113138247796	-999.9	0	3.78472222222222	4.86895308528833	330
HARRINGTON_CDA_CS	2020	2	25	56	-2.1	4.9	8.11056171610148	-999.9	0	2.32638888888889	5.37867671326644	330
HARRINGTON_CDA_CS	2020	2	26	57	-3.8	1.6	7.22174084725456	-999.9	0	2.75462962962963	5.11189570010338	330
HARRINGTON_CDA_CS	2020	2	27	58	-3.6	0.7	6.53265426157565	-999.9	9.3	6.44675925925925	4.93186276151851	330
HARRINGTON_CDA_CS	2020	2	28	59	-7.5	1.2	9.41870110301359	-999.9	1.9	5.79861111111111	3.6937008584617	330
HARRINGTON_CDA_CS	2020	2	29	60	-8.1	0.3	9.38017130298226	-999.9	0.7	2.08333333333333	3.73535389622975	330
HARRINGTON_CDA_CS	2020	3	1	61	-4.3	-0.7	6.2233506249568	-999.9	10.5	4.43287037037036	4.88941416528989	330
HARRINGTON_CDA_CS	2020	3	2	62	-7.3	-1.1	8.2762071176749	-999.9	1.2	3.98148148148147	3.80584541282761	330
HARRINGTON_CDA_CS	2020	3	3	63	-1.2	5.3	8.58645264267366	-999.9	0	4.32870370370369	6.64871391496077	330
HARRINGTON_CDA_CS	2020	3	4	64	-0.4	4.7	7.70586650953713	-999.9	14.8	6.88657407407408	6.95999119476963	330
HARRINGTON_CDA_CS	2020	3	5	65	-4.1	0.2	7.16813661164651	-999.9	1.5	7.26851851851853	4.43707404015206	330
HARRINGTON_CDA_CS	2020	3	6	66	-7.3	-3.2	7.09013849969833	-999.9	0	3.76157407407408	3.00368508686839	330
HARRINGTON_CDA_CS	2020	3	7	67	-7.1	-4.4	5.82759430303725	-999.9	0	10.0925925925926	3.18649018625252	330
HARRINGTON_CDA_CS	2020	3	8	68	-9.2	0.2	11.0120646440175	-999.9	0	3.71527777777778	3.06830303678234	330
HARRINGTON_CDA_CS	2020	3	9	69	-9.5	-3	9.2727935816909	-999.9	2.2	3.4375	3.04378522934853	330
HARRINGTON_CDA_CS	2020	3	10	70	-9.5	1.4	12.1581342957211	-999.9	1.5	4.44444444444444	4.00268449158363	330
HARRINGTON_CDA_CS	2020	3	11	71	-6.7	2.2	11.122392134025	-999.9	0.5	3.85416666666667	4.6445122164821	330
HARRINGTON_CDA_CS	2020	3	12	72	-10	-3	9.98505778471935	-999.9	0	2.47685185185185	3.03055753798887	330
HARRINGTON_CDA_CS	2020	3	13	73	-9.5	4.9	14.4953662111304	-999.9	5	6.85185185185186	4.20843574598349	330
HARRINGTON_CDA_CS	2020	3	14	74	-4.7	4.6	11.789165023367	-999.9	0	6.75925925925925	4.280927175	330
HARRINGTON_CDA_CS	2020	3	15	75	-6.3	-2.9	7.21308712494836	-999.9	0	5.08101851851853	3.02159444682337	330
HARRINGTON_CDA_CS	2020	3	16	76	-8.4	-4.7	7.61322342837752	-999.9	0.2	4.43287037037036	3.05738957085063	330
HARRINGTON_CDA_CS	2020	3	17	77	-9.8	0.9	13.0975727619955	-999.9	4.4	5.56712962962964	3.68987615888338	330
HARRINGTON_CDA_CS	2020	3	18	78	-6.9	0.9	11.3115494250438	-999.9	0.2	4.16666666666667	3.11952373246218	330
HARRINGTON_CDA_CS	2020	3	19	79	-9.5	3.4	14.7126069774684	-999.9	0	2.70833333333333	2.88465250686513	330
HARRINGTON_CDA_CS	2020	3	20	80	1.1	8.4	11.1923123556345	-999.9	6.1	7.1875	8.04523517159411	330
HARRINGTON_CDA_CS	2020	3	21	81	-8	7.7	16.5964429963499	-999.9	0	6.64351851851853	3.61928174918529	330
HARRINGTON_CDA_CS	2020	3	22	82	-10.4	-6.3	8.57445855207248	-999.9	0	5.02314814814814	1.97948845957608	330
HARRINGTON_CDA_CS	2020	3	23	83	-10.7	-0.6	13.6040264867597	-999.9	0	3.57638888888889	2.66266065458391	330
HARRINGTON_CDA_CS	2020	3	24	84	-2.8	-0.7	6.26975439465011	-999.9	1.8	6.44675925925925	4.9365732586832	330
HARRINGTON_CDA_CS	2020	3	25	85	-4.2	1.9	10.7989542773162	-999.9	0	2.83564814814814	4.65518191586488	330
HARRINGTON_CDA_CS	2020	3	26	86	-3.4	1.5	9.77985189730136	-999.9	5.2	4.66435185185186	4.90461436276847	330
HARRINGTON_CDA_CS	2020	3	27	87	-1.9	0.2	6.46848635336732	-999.9	1.5	5.83333333333333	5.3932865641044	330
HARRINGTON_CDA_CS	2020	3	28	88	-5.6	4.2	14.1158155727985	-999.9	0	3.73842592592592	3.14949679236548	330
HARRINGTON_CDA_CS	2020	3	29	89	-5.6	3.2	13.51061664508	-999.9	0	1.99074074074074	3.49314355136112	330
HARRINGTON_CDA_CS	2020	3	30	90	-2.5	-0.5	6.50474954579259	-999.9	0	6.21527777777778	4.60414139771872	330
HARRINGTON_CDA_CS	2020	3	31	91	-1.9	-0.7	5.08778438184968	-999.9	0	5.83333333333333	5.2653571074352	330
HARRINGTON_CDA_CS	2020	4	1	92	-1.1	4.2	10.7954108237218	-999.9	2.2	2.97453703703703	6.8197993995323	330
HARRINGTON_CDA_CS	2020	4	2	93	1.2	5.2	9.4674936248598	-999.9	0	6.46990740740742	7.3373523428077	330
HARRINGTON_CDA_CS	2020	4	3	94	-0.6	2.9	8.93888664710771	-999.9	0	9.12037037037036	5.93401349613482	330
HARRINGTON_CDA_CS	2020	4	4	95	-2.3	0.1	7.47033373726239	-999.9	0	4.86111111111111	4.92781081339606	330
HARRINGTON_CDA_CS	2020	4	5	96	-3.3	5.4	14.3522370270178	-999.9	0	2.01388888888889	5.19745372479937	330
HARRINGTON_CDA_CS	2020	4	6	97	-0.8	7.6	14.2287207470152	-999.9	0.8	4.46759259259258	5.80245997338319	330
HARRINGTON_CDA_CS	2020	4	7	98	-2.3	1.1	9.13214135507073	-999.9	0	3.06712962962964	3.98041452305153	330
HARRINGTON_CDA_CS	2020	4	8	99	-4.9	2.6	13.6808015524003	-999.9	0	2.16435185185185	4.41387152968769	330
HARRINGTON_CDA_CS	2020	4	9	100	-5.3	7.1	17.7410935537802	-999.9	0	3.39120370370369	4.18418645844873	330
HARRINGTON_CDA_CS	2020	4	10	101	-1.3	4	11.6959932732783	-999.9	3.2	8.72685185185186	5.75781541898854	330
HARRINGTON_CDA_CS	2020	4	11	102	-1	5.2	12.7545687520523	-999.9	0.8	5.10416666666667	5.52720825682197	330
HARRINGTON_CDA_CS	2020	4	12	103	-0.1	8.8	15.4055414793788	-999.9	0	4.71064814814814	5.02264592052302	330
HARRINGTON_CDA_CS	2020	4	13	104	0.8	11.1	16.7052905503488	-999.9	11.3	5.64814814814814	7.46845602798813	330
HARRINGTON_CDA_CS	2020	4	14	105	3.9	13.8	16.5062368138136	-999.9	0	6.15740740740742	7.62360092786329	330
HARRINGTON_CDA_CS	2020	4	15	106	1.5	7.4	12.8408363268911	-999.9	0	3.07870370370369	5.29092266778571	330
HARRINGTON_CDA_CS	2020	4	16	107	-1.6	5.3	13.9917053015207	-999.9	0.3	3.36805555555556	4.71269845348796	330
HARRINGTON_CDA_CS	2020	4	17	108	-2.8	6.3	16.1877977893598	-999.9	0.4	3.62268518518519	3.71484227141386	330
HARRINGTON_CDA_CS	2020	4	18	109	-3.2	4.6	15.0965506789316	-999.9	0	3.09027777777778	4.19687166493696	330
HARRINGTON_CDA_CS	2020	4	19	110	-2.6	2.8	12.6512449278658	-999.9	0	4.96527777777778	4.98959526222966	330
HARRINGTON_CDA_CS	2020	4	20	111	-0.7	10.3	18.1836688015296	-999.9	0	4.84953703703703	5.82784596993775	330
HARRINGTON_CDA_CS	2020	4	21	112	-1.1	6.9	15.6142818437854	-999.9	0	3.57638888888889	5.04483160188243	330
HARRINGTON_CDA_CS	2020	4	22	113	-2	7.4	17.0402555653303	-999.9	5.8	7.44212962962964	5.17241426765221	330
HARRINGTON_CDA_CS	2020	4	23	114	-3.1	4.8	15.7254988365114	-999.9	0	6.18055555555556	3.78842192063069	330
HARRINGTON_CDA_CS	2020	4	24	115	-0.4	11.4	19.3443615037716	-999.9	0	3.78472222222222	4.43334006252079	330
HARRINGTON_CDA_CS	2020	4	25	116	-1.3	10.5	19.4679834446476	-999.9	0	2.70833333333333	4.62169203585186	330
HARRINGTON_CDA_CS	2020	4	26	117	-2.4	11.6	21.338056833017	-999.9	0	2.71990740740741	3.47159355688412	330
HARRINGTON_CDA_CS	2020	4	27	118	1.4	6.8	13.3334701348909	-999.9	0	6.50462962962964	5.24739793214431	330
HARRINGTON_CDA_CS	2020	4	28	119	1.6	4.1	9.12675980884313	-999.9	0	8.64583333333333	5.29360919023993	330
HARRINGTON_CDA_CS	2020	4	29	120	-4.3	4.5	17.2239741070228	-999.9	0	5.97222222222222	4.91746894971422	330
HARRINGTON_CDA_CS	2020	4	30	121	-4.3	13.1	24.3588867242765	-999.9	0	3.34490740740742	5.62502985372173	330
HARRINGTON_CDA_CS	2020	5	1	122	2.2	15.5	21.416330267187	-999.9	3.2	7.52314814814814	8.55866086644978	330
HARRINGTON_CDA_CS	2020	5	2	123	3.6	11.6	16.7011569894629	-999.9	3.6	5.28935185185186	9.64347676408401	330
HARRINGTON_CDA_CS	2020	5	3	124	3.9	11.2	16.0395247929555	-999.9	0	4.23611111111111	6.12325834386132	330
HARRINGTON_CDA_CS	2020	5	4	125	2.7	8.5	14.3720594099031	-999.9	12.2	5.79861111111111	7.56976808554944	330
HARRINGTON_CDA_CS	2020	5	5	126	0.3	2.8	9.48411153011509	-999.9	12	7.23379629629631	6.63712522104429	330
HARRINGTON_CDA_CS	2020	5	6	127	-0.3	8.5	17.8828440164458	-999.9	0.3	5.43981481481481	6.33046634922961	330
HARRINGTON_CDA_CS	2020	5	7	128	-1.5	5.1	15.5626319508278	-999.9	0	2.28009259259259	5.84960746438221	330
HARRINGTON_CDA_CS	2020	5	8	129	-1.3	10.3	20.7301946114705	-999.9	2.4	3.33333333333333	6.46472496516922	330
HARRINGTON_CDA_CS	2020	5	9	130	0.3	7.2	16.0623826650275	-999.9	11.5	3.70370370370369	7.31917279343698	330
HARRINGTON_CDA_CS	2020	5	10	131	0.4	4.7	12.7373379423217	-999.9	3.8	7.87037037037036	5.64421146163665	330
HARRINGTON_CDA_CS	2020	5	11	132	2.9	14.4	20.9218755150697	-999.9	0	6.06481481481481	6.6102593958451	330
HARRINGTON_CDA_CS	2020	5	12	133	1.2	7.4	15.4277736775963	-999.9	9.8	3.4375	7.59479677255557	330
HARRINGTON_CDA_CS	2020	5	13	134	1.3	9.8	18.1393327303437	-999.9	0	4.35185185185186	6.53078030910148	330
HARRINGTON_CDA_CS	2020	5	14	135	1.9	10	17.7790161961789	-999.9	0	5.06944444444445	5.08657928279644	330
HARRINGTON_CDA_CS	2020	5	15	136	2.6	11.3	18.4981111430702	-999.9	0	2.90509259259258	6.14097395227737	330
HARRINGTON_CDA_CS	2020	5	16	137	-0.3	8.5	18.6750180267357	-999.9	0	2.37268518518519	5.96373115736845	330
HARRINGTON_CDA_CS	2020	5	17	138	-0.7	19	28.0449295443746	-999.9	0	3.81944444444444	7.88663143746515	330
HARRINGTON_CDA_CS	2020	5	18	139	2.4	11.1	18.7039027855497	-999.9	0	3.27546296296297	7.12852248170982	330
HARRINGTON_CDA_CS	2020	5	19	140	-0.9	7.9	18.8762337390938	-999.9	0	4.25925925925925	5.83860213629782	330
HARRINGTON_CDA_CS	2020	5	20	141	-1.1	17.9	27.8293102149059	-999.9	0	3.31018518518519	5.82484636598498	330
HARRINGTON_CDA_CS	2020	5	21	142	9	23.2	24.1363653217322	-999.9	0	6.34259259259258	9.11713995977062	330
HARRINGTON_CDA_CS	2020	5	22	143	3.1	21.2	27.3350364645532	-999.9	0	5.60185185185186	7.36006938813837	330
HARRINGTON_CDA_CS	2020	5	23	144	-1.2	7.7	19.2255530976512	-999.9	0	4.61805555555556	4.12062619514979	330
HARRINGTON_CDA_CS	2020	5	24	145	-1.2	17.8	28.1718315951131	-999.9	0.2	3.22916666666667	5.4327320840277	330
HARRINGTON_CDA_CS	2020	5	25	146	7.7	21.1	23.7244564269148	-999.9	0	5.78703703703703	6.04618085100239	330
HARRINGTON_CDA_CS	2020	5	26	147	10.1	22.8	23.1580842348405	-999.9	0.8	7.25694444444445	14.4175293280508	330
HARRINGTON_CDA_CS	2020	5	27	148	15.4	21.3	15.8246873669275	-999.9	8.9	2.63888888888889	19.0803101510996	330
HARRINGTON_CDA_CS	2020	5	28	149	15.9	26.3	21.0613296368733	-999.9	0	6.74768518518519	18.6762718234551	330
HARRINGTON_CDA_CS	2020	5	29	150	16.4	23.9	17.9271599887024	-999.9	0	7.43055555555556	20.0160134553719	330
HARRINGTON_CDA_CS	2020	5	30	151	14.3	22.7	19.0144669829092	-999.9	1.6	7.24537037037036	18.7993357499481	330
HARRINGTON_CDA_CS	2020	5	31	152	9.1	21.9	23.5215092035478	-999.9	0	4.02777777777778	14.586128928182	330
HARRINGTON_CDA_CS	2020	6	1	153	5.9	11.3	15.3082282252172	-999.9	0	4.21296296296297	8.49423007231297	330
HARRINGTON_CDA_CS	2020	6	2	154	5.9	10	13.3641121084798	-999.9	6.6	3.42592592592592	9.12510079450645	330
HARRINGTON_CDA_CS	2020	6	3	155	6.5	13.9	17.9860821931352	-999.9	0	6.03009259259258	10.1576345854842	330
HARRINGTON_CDA_CS	2020	6	4	156	9.8	22.2	23.3215062211034	-999.9	0	4.35185185185186	13.067628607491	330
HARRINGTON_CDA_CS	2020	6	5	157	14.4	25.5	22.0996243986559	-999.9	0	4.98842592592592	16.8867418708195	330
HARRINGTON_CDA_CS	2020	6	6	158	8.8	16.3	18.1921652391361	-999.9	1.5	3.88888888888889	12.4083654520033	330
HARRINGTON_CDA_CS	2020	6	7	159	8.1	10.4	10.0879015278558	-999.9	10.9	6.60879629629631	9.64895278336785	330
HARRINGTON_CDA_CS	2020	6	8	160	4.2	10.9	17.2389320511058	-999.9	9.9	3.40277777777778	9.19610485605457	330
HARRINGTON_CDA_CS	2020	6	9	161	3.1	15.8	23.760951161759	-999.9	0.4	3.26388888888889	10.0314636736042	330
HARRINGTON_CDA_CS	2020	6	10	162	1.1	17.7	27.1930579935897	-999.9	0.2	3.48379629629631	7.37186754961368	330
HARRINGTON_CDA_CS	2020	6	11	163	8.7	19.2	21.6468050654334	-999.9	0	8.40277777777778	9.79019370670146	330
HARRINGTON_CDA_CS	2020	6	12	164	14.8	19.3	14.1825308645015	-999.9	0	5.81018518518519	17.9874275825516	330
HARRINGTON_CDA_CS	2020	6	13	165	9.1	18	19.9592417301428	-999.9	0	3.79629629629631	12.3059073367185	330
HARRINGTON_CDA_CS	2020	6	14	166	8.8	11.8	11.5948330568368	-999.9	0	4.78009259259258	10.3934836752583	330
HARRINGTON_CDA_CS	2020	6	15	167	8.1	14.4	16.8105652700037	-999.9	0	2.5462962962963	9.39454756374984	330
HARRINGTON_CDA_CS	2020	6	16	168	7.2	25.4	28.5830968730428	-999.9	0	3.27546296296297	11.0174456018373	330
HARRINGTON_CDA_CS	2020	6	17	169	12.8	27.1	25.3429147990797	-999.9	0	5.30092592592592	10.9272871979281	330
HARRINGTON_CDA_CS	2020	6	18	170	15.3	29.9	25.6114033615961	-999.9	0	5.49768518518519	14.5933212111329	330
HARRINGTON_CDA_CS	2020	6	19	171	17.8	31.5	24.8107052151042	-999.9	0	4.32870370370369	18.044688262986	330
HARRINGTON_CDA_CS	2020	6	20	172	10.7	21.5	22.027543958427	-999.9	0	4.30555555555556	15.4861243817095	330
HARRINGTON_CDA_CS	2020	6	21	173	10	22.9	24.0701026438335	-999.9	0	3.65740740740742	15.7617687314363	330
HARRINGTON_CDA_CS	2020	6	22	174	12.7	26.8	25.1579389723919	-999.9	0	4.0625	18.6760633826202	330
HARRINGTON_CDA_CS	2020	6	23	175	17.9	28.2	21.4941396743106	-999.9	0	3.86574074074075	23.2727703221383	330
HARRINGTON_CDA_CS	2020	6	24	176	18.5	27.7	20.3041520932446	-999.9	0	4.59490740740742	22.799746535103	330
HARRINGTON_CDA_CS	2020	6	25	177	16	25.7	20.8362633478744	-999.9	0	4.83796296296297	19.7327259228821	330
HARRINGTON_CDA_CS	2020	6	26	178	14.7	27.2	23.6366286909351	-999.9	0	3.22916666666667	15.669406062053	330
HARRINGTON_CDA_CS	2020	6	27	179	15.6	26.9	22.4553496030008	-999.9	0	3.34490740740742	17.8470655167892	330
HARRINGTON_CDA_CS	2020	6	28	180	17.1	24.4	18.032070703346	-999.9	0	4.32870370370369	19.3832922346644	330
HARRINGTON_CDA_CS	2020	6	29	181	16.7	24.5	18.6203792437973	-999.9	0	1.90972222222222	20.5976636761992	330
HARRINGTON_CDA_CS	2020	6	30	182	17.1	23.4	16.7156009034972	-999.9	0	3.05555555555556	21.3728634520992	330
HARRINGTON_CDA_CS	2020	7	1	183	17.2	23.6	16.826958330282	-999.9	0	1.12268518518519	22.02965945615	330
HARRINGTON_CDA_CS	2020	7	2	184	13.9	28.1	25.0309362675879	-999.9	3.7	4.54861111111111	22.3595973621194	330
HARRINGTON_CDA_CS	2020	7	3	185	11.4	18.9	18.164948711363	-999.9	0	3.57638888888889	14.0438264344215	330
HARRINGTON_CDA_CS	2020	7	4	186	13.6	20.5	17.3961039285482	-999.9	0	4.38657407407408	15.9561942637056	330
HARRINGTON_CDA_CS	2020	7	5	187	13.6	20.4	17.2408643373005	-999.9	0	3.70370370370369	16.1715514082139	330
HARRINGTON_CDA_CS	2020	7	6	188	8.8	14.4	15.6181246986709	-999.9	5.7	2.40740740740741	12.5087870284181	330
HARRINGTON_CDA_CS	2020	7	7	189	7.9	21	23.8426163897255	-999.9	0	2.41898148148148	13.1698309342493	330
HARRINGTON_CDA_CS	2020	7	8	190	13.5	20.1	16.889883164903	-999.9	5.4	5.74074074074075	16.239813483053	330
HARRINGTON_CDA_CS	2020	7	9	191	14.9	24.3	20.1144407288122	-999.9	5.9	2.06018518518519	20.3159801941387	330
HARRINGTON_CDA_CS	2020	7	10	192	14	28	24.4934672547354	-999.9	0	1.30787037037037	20.0185506397012	330
HARRINGTON_CDA_CS	2020	7	11	193	17.8	27	19.8095743144521	-999.9	5.8	5.05787037037036	23.3257655115765	330
HARRINGTON_CDA_CS	2020	7	12	194	20.3	28.4	18.54263225486	-999.9	0	5.49768518518519	26.4269806447321	330
HARRINGTON_CDA_CS	2020	7	13	195	17.2	28.7	22.0382956028055	-999.9	0	4.79166666666667	21.9569843725436	330
HARRINGTON_CDA_CS	2020	7	14	196	14.3	17.2	11.0377547708314	-999.9	0	5.64814814814814	15.512985239843	330
HARRINGTON_CDA_CS	2020	7	15	197	12.4	14.8	10.0136487459778	-999.9	0	5.85648148148147	13.6698954904941	330
HARRINGTON_CDA_CS	2020	7	16	198	8.2	18.2	20.3818654733892	-999.9	0	3.22916666666667	10.8803882180233	330
HARRINGTON_CDA_CS	2020	7	17	199	7.8	22.2	24.3856564978048	-999.9	0.3	2.43055555555556	12.8408589043283	330
HARRINGTON_CDA_CS	2020	7	18	200	13.6	21	17.4273069309417	-999.9	0	2.1875	17.2582134784552	330
HARRINGTON_CDA_CS	2020	7	19	201	15.6	28.8	23.2014108846561	-999.9	0	2.93981481481481	20.7258508413716	330
HARRINGTON_CDA_CS	2020	7	20	202	19	28.9	20.0267133135334	-999.9	0	6.14583333333333	23.0592050554656	330
HARRINGTON_CDA_CS	2020	7	21	203	15	25.3	20.3576122000605	-999.9	0	2.89351851851853	17.2726014181933	330
HARRINGTON_CDA_CS	2020	7	22	204	15.2	26.2	20.9638977178123	-999.9	0.3	2.30324074074074	14.3409863740853	330
HARRINGTON_CDA_CS	2020	7	23	205	18	21.9	12.437314362738	-999.9	0.7	2.01388888888889	19.7502614238609	330
HARRINGTON_CDA_CS	2020	7	24	206	17.6	25.7	17.8569142659824	-999.9	0.6	2.01388888888889	20.3421454150495	330
HARRINGTON_CDA_CS	2020	7	25	207	17.4	30.7	22.7934526728525	-999.9	0.8	3.83101851851853	18.4127475375239	330
HARRINGTON_CDA_CS	2020	7	26	208	14.7	21.4	16.1136042831877	-999.9	1	2.68518518518519	17.4818652081861	330
HARRINGTON_CDA_CS	2020	7	27	209	14.3	26.5	21.6549217092802	-999.9	0	1.63194444444444	20.4654232817488	330
HARRINGTON_CDA_CS	2020	7	28	210	19.2	27.2	17.4619732338159	-999.9	13.6	2.06018518518519	25.9836875136354	330
HARRINGTON_CDA_CS	2020	7	29	211	17.9	23.7	14.8041661365298	-999.9	0	0.775462962962964	23.1037332680411	330
HARRINGTON_CDA_CS	2020	7	30	212	17.7	28.3	19.9248155925806	-999.9	0.8	1.93287037037037	24.3313477789964	330
HARRINGTON_CDA_CS	2020	7	31	213	16.6	23.3	15.768841348857	-999.9	0	2.26851851851852	20.1629836730453	330
HARRINGTON_CDA_CS	2020	8	1	214	13.8	21.1	16.3830280922428	-999.9	0	2.83564814814814	17.4191316669081	330
HARRINGTON_CDA_CS	2020	8	2	215	12.9	29.7	24.7347134852612	-999.9	0.2	2.77777777777778	17.6563011585337	330
HARRINGTON_CDA_CS	2020	8	3	216	18.6	28.3	18.7027949297204	-999.9	0	5.72916666666667	21.3862885042456	330
HARRINGTON_CDA_CS	2020	8	4	217	15.6	24	17.3171875462305	-999.9	0	4.16666666666667	18.4538443149532	330
HARRINGTON_CDA_CS	2020	8	5	218	15.2	29.1	22.1620853939593	-999.9	0.8	5	21.4648601096215	330
HARRINGTON_CDA_CS	2020	8	6	219	16.4	27.3	19.5222636189106	-999.9	0	5.17361111111111	17.265116989976	330
HARRINGTON_CDA_CS	2020	8	7	220	15.9	27.8	20.2885988671712	-999.9	0	4.07407407407408	15.0840504293106	330
HARRINGTON_CDA_CS	2020	8	8	221	14.7	29.7	22.6534087246571	-999.9	0	2.31481481481481	16.2246125711223	330
HARRINGTON_CDA_CS	2020	8	9	222	16.1	31.1	22.5263265368951	-999.9	0	3.61111111111111	17.2214980744696	330
HARRINGTON_CDA_CS	2020	8	10	223	15.7	31	22.620098141433	-999.9	0	2.83564814814814	20.591527782804	330
HARRINGTON_CDA_CS	2020	8	11	224	20.1	29.4	17.5323942032893	-999.9	0	5.16203703703703	25.0550030150922	330
HARRINGTON_CDA_CS	2020	8	12	225	20.9	30.3	17.521100135607	-999.9	0	5.625	24.8618803369588	330
HARRINGTON_CDA_CS	2020	8	13	226	18.4	30.2	19.5111379523128	-999.9	0.2	2.69675925925926	21.43140421694	330
HARRINGTON_CDA_CS	2020	8	14	227	17.2	25.6	16.3595592510544	-999.9	0	3.95833333333333	18.3193270640762	330
HARRINGTON_CDA_CS	2020	8	15	228	15.2	25.4	17.9130014986923	-999.9	0	3.95833333333333	18.1669575735472	330
HARRINGTON_CDA_CS	2020	8	16	229	14.3	23.8	17.1756077296943	-999.9	0	1.78240740740741	16.4282060379784	330
HARRINGTON_CDA_CS	2020	8	17	230	13.2	21.4	15.8520246453542	-999.9	0.2	1.99074074074074	15.4654742133404	330
HARRINGTON_CDA_CS	2020	8	18	231	13.6	20.4	14.3385421940807	-999.9	0.3	2.71990740740741	16.7146561422241	330
HARRINGTON_CDA_CS	2020	8	19	232	15.3	26.8	18.518985052661	-999.9	0	4.43287037037036	16.3312690832904	330
HARRINGTON_CDA_CS	2020	8	20	233	11.2	23.6	19.0959635691353	-999.9	0	4.30555555555556	11.8056797757632	330
HARRINGTON_CDA_CS	2020	8	21	234	10.3	22.1	18.4960392723748	-999.9	0	2.51157407407408	14.4219430113795	330
HARRINGTON_CDA_CS	2020	8	22	235	9.8	23.6	19.8576833917113	-999.9	0	2.25694444444444	12.6057919489454	330
HARRINGTON_CDA_CS	2020	8	23	236	9.9	27.2	22.0702615920496	-999.9	0	3.28703703703703	14.4346317411978	330
HARRINGTON_CDA_CS	2020	8	24	237	13.8	24.6	17.3075491823356	-999.9	0	3.125	15.5163636989353	330
HARRINGTON_CDA_CS	2020	8	25	238	14	21.3	14.1210850864984	-999.9	0.4	4.5	18.8435102962014	330
HARRINGTON_CDA_CS	2020	8	26	239	11.7	18.2	13.2217744494143	-999.9	1.7	4.03703703703703	12.3819777235523	330
HARRINGTON_CDA_CS	2020	8	27	240	10.6	17.1	13.1177536377482	-999.9	0	6.05820105820106	9.46140496141284	330
HARRINGTON_CDA_CS	2020	8	28	241	10.4	20.4	16.1404502357607	-999.9	0	3.73188405797103	11.1521430731235	330
HARRINGTON_CDA_CS	2020	8	29	242	8.1	21.1	18.2533735031421	-999.9	24.5	3.07870370370369	11.3806785575813	330
HARRINGTON_CDA_CS	2020	8	30	243	12	22.4	16.1914882896017	-999.9	3.6	4.23611111111111	17.7568743005328	330
HARRINGTON_CDA_CS	2020	8	31	244	8.7	17	14.3433456312918	-999.9	1.1	3.50694444444444	11.7063701728547	330
HARRINGTON_CDA_CS	2020	9	1	245	7.5	20	17.4522047846954	-999.9	0.4	1.93287037037037	12.2844517059878	330
HARRINGTON_CDA_CS	2020	9	2	246	11.2	21.4	15.6286587520328	-999.9	0	5.13888888888889	13.1108377992307	330
HARRINGTON_CDA_CS	2020	9	3	247	16.6	21	10.174583764708	-999.9	11.4	4.98842592592592	20.1814581311435	330
HARRINGTON_CDA_CS	2020	9	4	248	17.2	26	14.2607585963725	-999.9	6.5	5.70601851851853	21.0385263856318	330
HARRINGTON_CDA_CS	2020	9	5	249	13.5	22.3	14.1317465528989	-999.9	0	3.26388888888889	13.2392346980041	330
HARRINGTON_CDA_CS	2020	9	6	250	10.7	22.2	16.0065904175872	-999.9	0	3.00925925925925	13.6165554764924	330
HARRINGTON_CDA_CS	2020	9	7	251	9.9	23.2	17.0534919755745	-999.9	0.7	4.34027777777778	13.6479662157692	330
HARRINGTON_CDA_CS	2020	9	8	252	15.7	25.2	14.2767409044691	-999.9	0	5.15046296296297	19.1291726303035	330
HARRINGTON_CDA_CS	2020	9	9	253	14.2	25.3	15.2844830025276	-999.9	1.1	2.30324074074074	19.9336208161811	330
HARRINGTON_CDA_CS	2020	9	10	254	14.3	24.6	14.5804903749357	-999.9	0	3.76157407407408	20.2470236245951	330
HARRINGTON_CDA_CS	2020	9	11	255	7.2	14.5	12.1540647279845	-999.9	2.9	5.32407407407408	10.6537587773525	330
HARRINGTON_CDA_CS	2020	9	12	256	6	19.5	16.3634939804132	-999.9	0.2	2.92824074074075	10.5793428127585	330
HARRINGTON_CDA_CS	2020	9	13	257	11.1	20.2	13.2990760821924	-999.9	0	5.56712962962964	12.7372129891352	330
HARRINGTON_CDA_CS	2020	9	14	258	10.2	20.8	14.2065315262603	-999.9	1.3	5.05787037037036	12.700245592013	330
HARRINGTON_CDA_CS	2020	9	15	259	5.1	14.3	13.0980401356384	-999.9	0	2.85879629629631	8.49879698052087	330
HARRINGTON_CDA_CS	2020	9	16	260	4.7	17.4	15.2277130647158	-999.9	0	5.52083333333333	8.94025709418766	330
HARRINGTON_CDA_CS	2020	9	17	261	12.1	21.7	13.098822595712	-999.9	0	6.40046296296297	13.9428652258803	330
HARRINGTON_CDA_CS	2020	9	18	262	9.8	12.6	6.99814867928808	-999.9	0	4.69907407407408	9.44375123249892	330
HARRINGTON_CDA_CS	2020	9	19	263	3	14.2	13.8440983572159	-999.9	0.7	4.29398148148147	6.81127859953769	330
HARRINGTON_CDA_CS	2020	9	20	264	3	13.2	13.0662702604168	-999.9	0.8	3.09027777777778	7.6414374156273	330
HARRINGTON_CDA_CS	2020	9	21	265	2.4	14.5	14.0729418343673	-999.9	0.2	2.4537037037037	7.67072354745517	330
HARRINGTON_CDA_CS	2020	9	22	266	5.7	14	11.5243680776116	-999.9	25.2	5.52083333333333	10.1801692159949	330
HARRINGTON_CDA_CS	2020	9	23	267	10.4	16.5	9.76730055435065	-999.9	42.7	5.33564814814814	14.4227046534502	330
HARRINGTON_CDA_CS	2020	9	24	268	10	19.2	11.8571776298016	-999.9	0	3.72685185185186	12.4095975719503	330
HARRINGTON_CDA_CS	2020	9	25	269	7.2	15.4	11.0641716758518	-999.9	0	3.14814814814814	8.63267608571169	330
HARRINGTON_CDA_CS	2020	9	26	270	6.2	20.4	14.3889176313018	-999.9	0	4.01620370370369	11.4500257461784	330
HARRINGTON_CDA_CS	2020	9	27	271	14.1	22.1	10.6720781440174	-999.9	0	5.53240740740742	17.8989275988386	330
HARRINGTON_CDA_CS	2020	9	28	272	18.8	25.3	9.50450539939502	-999.9	0	5.55555555555556	22.299944612398	330
HARRINGTON_CDA_CS	2020	9	29	273	19.2	25.7	9.38961798102668	-999.9	0	7.29166666666667	22.3396908762475	330
HARRINGTON_CDA_CS	2020	9	30	274	14.6	24.9	11.6755848391	-999.9	1.8	7.88194444444445	20.5214478141155	330
HARRINGTON_CDA_CS	2020	10	1	275	12.9	20.8	10.0993547864523	-999.9	0	4.65277777777778	14.7322359896794	330
HARRINGTON_CDA_CS	2020	10	2	276	12.2	18.9	9.1852237452655	-999.9	0	2.69675925925926	15.4701367420112	330
HARRINGTON_CDA_CS	2020	10	3	277	7.8	14.2	8.86477632207918	-999.9	2.3	2.53472222222222	11.2467116270862	330
HARRINGTON_CDA_CS	2020	10	4	278	7.7	13.2	8.11407200204337	-999.9	0	2.16435185185185	9.58197569615648	330
HARRINGTON_CDA_CS	2020	10	5	279	6.8	13.8	9.0373610930804	-999.9	2.6	2.37268518518519	10.7236851233376	330
HARRINGTON_CDA_CS	2020	10	6	280	9.3	16.8	9.23453271862235	-999.9	0	5.39351851851853	12.1780772976548	330
HARRINGTON_CDA_CS	2020	10	7	281	11.3	17	7.94641478972763	-999.9	7.1	4.65277777777778	13.7659391457467	330
HARRINGTON_CDA_CS	2020	10	8	282	4.7	13.4	9.68951635255371	-999.9	1.1	6.79398148148147	8.88294515377553	330
HARRINGTON_CDA_CS	2020	10	9	283	2.3	8.7	8.20165868197803	-999.9	0	6.13425925925925	4.6601093751817	330
HARRINGTON_CDA_CS	2020	10	10	284	3.1	18.4	12.513784908732	-999.9	12.5	6.13425925925925	9.28817016499605	330
HARRINGTON_CDA_CS	2020	10	11	285	4.5	14.3	9.88213673503926	-999.9	4.7	5.50925925925925	8.72387003193909	330
HARRINGTON_CDA_CS	2020	10	12	286	2.3	10	8.64257679575248	-999.9	0	2.26851851851852	6.88707716678179	330
HARRINGTON_CDA_CS	2020	10	13	287	1.2	12.6	10.3747417848956	-999.9	0.3	3.28703703703703	8.02232907300099	330
HARRINGTON_CDA_CS	2020	10	14	288	8.4	17.7	9.24404486948259	-999.9	27.4	6.81712962962964	13.9094534600401	330
HARRINGTON_CDA_CS	2020	10	15	289	6.1	16	9.40815485404847	-999.9	0	3.21759259259258	10.6755895522732	330
HARRINGTON_CDA_CS	2020	10	16	290	9.2	19.2	9.32665045791231	-999.9	0	4.32870370370369	11.8080865802345	330
HARRINGTON_CDA_CS	2020	10	17	291	5.7	19.8	10.9231701851731	-999.9	2.4	6.74768518518519	12.4979261063599	330
HARRINGTON_CDA_CS	2020	10	18	292	2.6	11.5	8.55902575471266	-999.9	0.5	2.09490740740741	7.89681367641264	330
HARRINGTON_CDA_CS	2020	10	19	293	4.8	13.3	8.24912633302373	-999.9	5.7	0.983796296296297	10.6237509541888	330
HARRINGTON_CDA_CS	2020	10	20	294	9.9	18.1	7.99016748398426	-999.9	8.5	2.95138888888889	14.4980464181207	330
HARRINGTON_CDA_CS	2020	10	21	295	7.6	17	8.43620399895277	-999.9	2.6	3.81944444444444	12.621042075721	330
HARRINGTON_CDA_CS	2020	10	22	296	5.5	16.6	9.03993004389136	-999.9	0.6	3.96990740740742	10.5712499424516	330
HARRINGTON_CDA_CS	2020	10	23	297	3.1	10.6	7.32729216017413	-999.9	0.7	2.16435185185185	8.04183371238796	330
HARRINGTON_CDA_CS	2020	10	24	298	7	12.4	6.13070802813386	-999.9	0.3	3.95833333333333	10.5832175669756	330
HARRINGTON_CDA_CS	2020	10	25	299	2.7	7.4	5.63972540690678	-999.9	0.2	5.10416666666667	6.03751293926506	330
HARRINGTON_CDA_CS	2020	10	26	300	-0.6	7.8	7.43432033938755	-999.9	1.9	1.66666666666667	5.49279844753376	330
HARRINGTON_CDA_CS	2020	10	27	301	1	8.8	7.06385655995609	-999.9	5.1	3.32175925925925	7.51436737682085	330
HARRINGTON_CDA_CS	2020	10	28	302	-1.9	3.7	5.90180696481682	-999.9	0.4	2.11805555555556	4.85835087804224	330
HARRINGTON_CDA_CS	2020	10	29	303	1.2	8.1	6.45979380107058	-999.9	0	3.26388888888889	6.54150893802853	330
HARRINGTON_CDA_CS	2020	10	30	304	0.1	3.4	4.40518595924532	-999.9	0.9	6.85185185185186	4.11714532336309	330
HARRINGTON_CDA_CS	2020	10	31	305	-2.9	4.2	6.37181418160731	-999.9	0.2	3.50694444444444	3.87941598771737	330
HARRINGTON_CDA_CS	2020	11	1	306	-3.7	12.2	9.40321080513717	-999.9	3.4	5.65972222222222	5.91946048653138	330
HARRINGTON_CDA_CS	2020	11	2	307	-0.7	14.5	9.06700316449669	-999.9	15.2	9.34027777777778	8.50525080235652	330
HARRINGTON_CDA_CS	2020	11	3	308	-3.1	0.2	4.16665689213775	-999.9	1.1	5.99537037037036	3.78827562490246	330
HARRINGTON_CDA_CS	2020	11	4	309	-3.6	1.6	5.15880990291747	-999.9	1	3.19444444444444	3.62794062897949	330
HARRINGTON_CDA_CS	2020	11	5	310	1.6	12.3	7.29943199536389	-999.9	0	7.22222222222222	7.8058469184623	330
HARRINGTON_CDA_CS	2020	11	6	311	10.6	14.2	4.17670735670613	-999.9	0	4.96527777777778	12.3970717865944	330
HARRINGTON_CDA_CS	2020	11	7	312	3.5	13.6	6.90191401815755	-999.9	0	4.50231481481481	8.71394873681419	330
HARRINGTON_CDA_CS	2020	11	8	313	1.8	4.9	3.77277103309715	-999.9	0	2.16435185185185	5.74697528493272	330
HARRINGTON_CDA_CS	2020	11	9	314	4.7	13.4	6.23675935350103	-999.9	0	3.56481481481481	10.3529589407912	330
HARRINGTON_CDA_CS	2020	11	10	315	9.5	20.9	7.04571345711142	-999.9	0	4.62962962962964	12.7325488361126	330
HARRINGTON_CDA_CS	2020	11	11	316	9.6	17.5	5.78918220344018	-999.9	0	5.67129629629631	13.1539209406691	330
HARRINGTON_CDA_CS	2020	11	12	317	5.2	15.6	6.55713268602042	-999.9	1.2	3.49537037037036	10.1254467846499	330
HARRINGTON_CDA_CS	2020	11	13	318	2.8	7.1	4.1628648983883	-999.9	1.7	2.53472222222222	6.5485478918026	330
HARRINGTON_CDA_CS	2020	11	14	319	2	5.6	3.76133485418485	-999.9	8.8	2.07175925925926	7.4466962075363	330
HARRINGTON_CDA_CS	2020	11	15	320	-1.4	3.2	4.19932001507409	-999.9	0.7	2.69675925925926	5.48338590673418	330
HARRINGTON_CDA_CS	2020	11	16	321	3.1	10.7	5.33209205904135	-999.9	12.9	6.42361111111111	8.48859832893047	330
HARRINGTON_CDA_CS	2020	11	17	322	-2.1	6.4	5.5715681508966	-999.9	0	3.98148148148147	5.00066581254991	330
HARRINGTON_CDA_CS	2020	11	18	323	-3.7	-0.4	3.43078391387038	-999.9	0.3	4.08564814814814	3.86548174593331	330
HARRINGTON_CDA_CS	2020	11	19	324	-4.4	-0.5	3.68666201046047	-999.9	2.3	4.38271604938272	3.9238727487103	330
HARRINGTON_CDA_CS	2020	11	20	325	0.1	8.7	5.41272609946843	-999.9	3.1	4.04761904761906	8.00090170220921	330
HARRINGTON_CDA_CS	2020	11	21	326	0.9	11.3	5.88647708796436	-999.9	0	4.81481481481481	6.42991473148078	330
HARRINGTON_CDA_CS	2020	11	22	327	-2.4	1.4	3.51976514721219	-999.9	0	1.78240740740741	3.7087244593092	330
HARRINGTON_CDA_CS	2020	11	23	328	-0.6	14.4	6.91937272629057	-999.9	16.9	7.00231481481481	8.03481842807053	330
HARRINGTON_CDA_CS	2020	11	24	329	-3	5.6	5.18549939002488	-999.9	2.8	6.67824074074075	4.69688405841876	330
HARRINGTON_CDA_CS	2020	11	25	330	-4.4	2.9	4.72986816645223	-999.9	2	3.87731481481481	4.1060242385535	330
HARRINGTON_CDA_CS	2020	11	26	331	1.2	10.1	5.17201419302596	-999.9	4.4	3.62268518518519	8.38125189743736	330
HARRINGTON_CDA_CS	2020	11	27	332	4.4	15.2	5.64403056871586	-999.9	0.2	4.50231481481481	11.1816327748435	330
HARRINGTON_CDA_CS	2020	11	28	333	0.8	4.9	3.44605823738748	-999.9	0.7	1.84027777777778	7.06654314271171	330
HARRINGTON_CDA_CS	2020	11	29	334	-0.6	5.5	4.16671608949874	-999.9	0.2	3.06712962962964	5.85034303482142	330
HARRINGTON_CDA_CS	2020	11	30	335	-3.1	8.1	5.59868449503687	-999.9	0	3.93518518518519	5.40852584203469	330
HARRINGTON_CDA_CS	2020	12	1	336	8.1	14.1	4.06494575772314	-999.9	4.4	9.57175925925925	11.222156862924	330
HARRINGTON_CDA_CS	2020	12	2	337	5	14.4	5.04898071911942	-999.9	14.5	3.94675925925925	11.3636165788126	330
HARRINGTON_CDA_CS	2020	12	3	338	-1	6.4	4.44712186060502	-999.9	1.3	3.28703703703703	6.20006680222177	330
HARRINGTON_CDA_CS	2020	12	4	339	1.2	8.9	4.5050407158018	-999.9	0.6	4.09722222222222	7.1126351362736	330
HARRINGTON_CDA_CS	2020	12	5	340	3.8	11.4	4.4465282719547	-999.9	18.6	3.31018518518519	10.014715679368	330
HARRINGTON_CDA_CS	2020	12	6	341	2.6	11.6	4.80917829834891	-999.9	3.2	7.22222222222222	8.54679192663581	330
HARRINGTON_CDA_CS	2020	12	7	342	0.2	3.3	2.8063630106162	-999.9	2.7	4.59490740740742	6.43777108200552	330
HARRINGTON_CDA_CS	2020	12	8	343	0	2.2	2.35163053835303	-999.9	2.2	5.71759259259258	6.08354066775931	330
HARRINGTON_CDA_CS	2020	12	9	344	-1.9	0.6	2.49463510412933	-999.9	1.2	3.71527777777778	5.15299666114604	330
HARRINGTON_CDA_CS	2020	12	10	345	-1.8	0.3	2.27621562432921	-999.9	0.4	2.10648148148148	5.28804399705809	330
HARRINGTON_CDA_CS	2020	12	11	346	-2.8	1.8	3.35536328837395	-999.9	0.6	2.92824074074075	4.90962127558818	330
HARRINGTON_CDA_CS	2020	12	12	347	-0.9	2.5	2.87441573265863	-999.9	0.2	2.62731481481481	5.33287453041905	330
HARRINGTON_CDA_CS	2020	12	13	348	-0.8	8.2	4.66203666961934	-999.9	11.5	3.10185185185186	7.60436302148971	330
HARRINGTON_CDA_CS	2020	12	14	349	0	3.1	2.72882918916557	-999.9	0	2.5	6.17831149816403	330
HARRINGTON_CDA_CS	2020	12	15	350	-11.2	0	5.1754014207866	-999.9	0.2	5.49768518518519	3.143389615428	330
HARRINGTON_CDA_CS	2020	12	16	351	-11.6	-7.4	3.16372742637261	-999.9	0	4.96527777777778	2.09137122142567	330
HARRINGTON_CDA_CS	2020	12	17	352	-9.3	-1.1	4.41490861283296	-999.9	0	3.44907407407408	3.38119947743731	330
HARRINGTON_CDA_CS	2020	12	18	353	-1.1	1.4	2.43571806541479	-999.9	0.9	6.96759259259258	5.14787601187922	330
HARRINGTON_CDA_CS	2020	12	19	354	-2.5	0.2	2.53036704630717	-999.9	0.5	4.54861111111111	4.59740204238292	330
HARRINGTON_CDA_CS	2020	12	20	355	-3.2	0.3	2.88126347801866	-999.9	0.3	2.69675925925926	4.45517714144609	330
HARRINGTON_CDA_CS	2020	12	21	356	0.2	6.1	3.74304405761144	-999.9	15.2	3.36805555555556	7.44993775797572	330
HARRINGTON_CDA_CS	2020	12	22	357	-1.1	3.7	3.37965135166993	-999.9	12.9	6.50462962962964	6.16325575608299	330
HARRINGTON_CDA_CS	2020	12	23	358	-9.7	-0.9	4.58296713421886	-999.9	0.2	4.32870370370369	3.18828836331579	330
HARRINGTON_CDA_CS	2020	12	24	359	-9.4	7.3	6.32584676519378	-999.9	0	5.21990740740742	4.50063947372906	330
HARRINGTON_CDA_CS	2020	12	25	360	6.7	13.5	4.0464078512723	-999.9	0.2	8.29861111111111	10.4984680689076	330
HARRINGTON_CDA_CS	2020	12	26	361	0.1	13.7	5.73901979872832	-999.9	13.2	8.36805555555556	8.67593865497356	330
HARRINGTON_CDA_CS	2020	12	27	362	-7.9	0.5	4.5254062991811	-999.9	0	3.81944444444444	3.38885566361779	330
HARRINGTON_CDA_CS	2020	12	28	363	-8.8	4.1	5.62933473423566	-999.9	0	3.40277777777778	3.9157585188342	330
HARRINGTON_CDA_CS	2020	12	29	364	-8.2	5.7	5.8682186676787	-999.9	4.8	5.53240740740742	4.50289866245209	330
HARRINGTON_CDA_CS	2020	12	30	365	-8.1	-2.8	3.64051977806088	-999.9	0	4.18981481481481	2.65563933984377	330
HARRINGTON_CDA_CS	2020	12	31	366	-3.3	4.6	4.46737854328739	-999.9	11	5.79861111111111	5.22434897779534	330
