HARRINGTON_CDA_CS	2008	1	1	1	-10.6	-4	4.0832797199816	-999.9	1.4	3.61111111111111	3.04651554949837	330
HARRINGTON_CDA_CS	2008	1	2	2	-11.7	-0.9	5.25222016777579	-999.9	12	7.60416666666667	3.4834075707723	330
HARRINGTON_CDA_CS	2008	1	3	3	-13.6	-8.8	3.52230202171373	-999.9	2.5	5.11574074074075	2.25723274962215	330
HARRINGTON_CDA_CS	2008	1	4	4	-16.7	-6.3	5.21765349517596	-999.9	0	4.72222222222222	2.13991079459717	330
HARRINGTON_CDA_CS	2008	1	5	5	-10.2	-4.1	4.02300113724187	-999.9	0	3.75	3.00298680798262	330
HARRINGTON_CDA_CS	2008	1	6	6	-5	0.8	3.95090169787171	-999.9	0	2.80092592592592	4.69652281586767	330
HARRINGTON_CDA_CS	2008	1	7	7	-0.6	5.3	4.01487104728589	-999.9	0	4.49074074074075	6.59189300910529	330
HARRINGTON_CDA_CS	2008	1	8	8	2.4	6.1	3.20458728512136	-999.9	0.7	3.31018518518519	8.09879930437276	330
HARRINGTON_CDA_CS	2008	1	9	9	2.7	8	3.86716642754468	-999.9	2	5.70601851851853	8.90663330803257	330
HARRINGTON_CDA_CS	2008	1	10	10	-0.2	4.9	3.82628540003128	-999.9	0	6.43518518518519	5.0966365035821	330
HARRINGTON_CDA_CS	2008	1	11	11	-3.3	2.8	4.22224760255659	-999.9	13.3	3.04398148148147	4.78153690641787	330
HARRINGTON_CDA_CS	2008	1	12	12	-0.4	7	4.6938121816287	-999.9	0	4.36342592592592	7.23069269220396	330
HARRINGTON_CDA_CS	2008	1	13	13	-5.6	-0.3	4.01068647702983	-999.9	0	3.86574074074075	3.68559115531528	330
HARRINGTON_CDA_CS	2008	1	14	14	-7.2	-1.8	4.08868522045607	-999.9	4.2	4.73379629629631	3.76114565799126	330
HARRINGTON_CDA_CS	2008	1	15	15	-3.4	-0.6	2.97441848878478	-999.9	3.2	6.80555555555556	5.42826786631995	330
HARRINGTON_CDA_CS	2008	1	16	16	-4.1	-3	1.88400044739645	-999.9	0.7	8.58796296296297	4.0697190094246	330
HARRINGTON_CDA_CS	2008	1	17	17	-12	-4.1	5.10364206222662	-999.9	0	3.99305555555556	2.66169048526224	330
HARRINGTON_CDA_CS	2008	1	18	18	-10.4	3.4	6.82030248886311	-999.9	8.8	6.74768518518519	4.41801030646942	330
HARRINGTON_CDA_CS	2008	1	19	19	-5.9	-1.7	3.80536749691842	-999.9	0	5.32407407407408	3.19740691828438	330
HARRINGTON_CDA_CS	2008	1	20	20	-19.7	-4.5	7.32330382873327	-999.9	0.6	4.28240740740742	2.02615667595342	330
HARRINGTON_CDA_CS	2008	1	21	21	-22.6	-17.8	4.16408523601807	-999.9	0	5.01157407407408	0.80181456658207	330
HARRINGTON_CDA_CS	2008	1	22	22	-20.7	-0.3	8.68806888587961	-999.9	0	5.23148148148147	2.02008812430859	330
HARRINGTON_CDA_CS	2008	1	23	23	-11.6	-3.5	5.54179353725808	-999.9	0	2.44212962962963	2.94630124803865	330
HARRINGTON_CDA_CS	2008	1	24	24	-15.8	-8.7	5.25317914900457	-999.9	0	2.48842592592593	1.68045505974465	330
HARRINGTON_CDA_CS	2008	1	25	25	-19.7	-13.7	4.89028888527728	-999.9	0.6	3.57638888888889	1.21945912230874	330
HARRINGTON_CDA_CS	2008	1	26	26	-20.1	-13.8	5.07540629411296	-999.9	0	3.09027777777778	1.2054454613083	330
HARRINGTON_CDA_CS	2008	1	27	27	-18.4	-9.4	6.14517766458241	-999.9	0	2.08333333333333	1.61872434664024	330
HARRINGTON_CDA_CS	2008	1	28	28	-9.4	0.4	6.49688441018682	-999.9	16.4	3.26388888888889	4.07457446282387	330
HARRINGTON_CDA_CS	2008	1	29	29	-1.4	0.3	2.74193446955967	-999.9	15.9	1.23842592592593	5.76254353460227	330
HARRINGTON_CDA_CS	2008	1	30	30	-1.7	6.9	6.24999028826506	-999.9	13.5	3.17129629629631	7.22585431674376	330
HARRINGTON_CDA_CS	2008	1	31	31	-7.4	1.7	6.51629591814845	-999.9	0	5.86805555555556	3.01472082885107	330
HARRINGTON_CDA_CS	2008	2	1	32	-9.4	-3.9	5.13522496629009	-999.9	2.4	2.41898148148148	2.62006459222949	330
HARRINGTON_CDA_CS	2008	2	2	33	-5.8	6.3	7.72169304432122	-999.9	18	8.18287037037036	5.54077337951903	330
HARRINGTON_CDA_CS	2008	2	3	34	-8.7	-4.7	4.50122781606587	-999.9	0	2.89351851851853	2.86811804474826	330
HARRINGTON_CDA_CS	2008	2	4	35	-11.9	-6.2	5.44822256301693	-999.9	0	2.29166666666667	2.69087876125805	330
HARRINGTON_CDA_CS	2008	2	5	36	-12.7	-2.4	7.42649054345422	-999.9	6.7	3.99305555555556	3.07069099145118	330
HARRINGTON_CDA_CS	2008	2	6	37	-4.4	-1.2	4.19773324741076	-999.9	0	2.97453703703703	4.7546433533331	330
HARRINGTON_CDA_CS	2008	2	7	38	-8.8	-4.4	4.99188259154356	-999.9	0.6	5.54398148148147	3.25579962475867	330
HARRINGTON_CDA_CS	2008	2	8	39	-11.1	-2.5	7.07790946855154	-999.9	0	1.89814814814815	3.31693202237704	330
HARRINGTON_CDA_CS	2008	2	9	40	-8.4	-2.5	5.94587052231311	-999.9	0	1.67824074074074	3.71115269587494	330
HARRINGTON_CDA_CS	2008	2	10	41	-4.3	-1	4.51016492269916	-999.9	15	4.76851851851853	4.6789538729995	330
HARRINGTON_CDA_CS	2008	2	11	42	-3.5	-2.4	2.64111124799359	-999.9	3.9	5.32608695652175	4.42468804647022	330
HARRINGTON_CDA_CS	2008	2	12	43	-11.7	-6.6	5.77902669340972	-999.9	0	4.76851851851853	2.35958657982108	330
HARRINGTON_CDA_CS	2008	2	13	44	-13.7	6.8	11.7515701540968	-999.9	32.2	2.55555555555556	4.34095198717053	330
HARRINGTON_CDA_CS	2008	2	14	45	-5.9	-2.8	4.62653879383597	-999.9	9	4.64285714285714	3.82546024998162	330
HARRINGTON_CDA_CS	2008	2	15	46	-9.7	-0.5	8.08401725832374	-999.9	1.8	4.24768518518519	3.42970421762727	330
HARRINGTON_CDA_CS	2008	2	16	47	-17.4	-6.4	8.96562933721646	-999.9	0	4.75694444444445	1.70448715286434	330
HARRINGTON_CDA_CS	2008	2	17	48	-20.2	-2.8	11.4366941725864	-999.9	0.5	3.81944444444444	1.951564593382	330
HARRINGTON_CDA_CS	2008	2	18	49	-3.3	7.7	9.22255526414662	-999.9	35.4	8.86574074074075	6.89707263467916	330
HARRINGTON_CDA_CS	2008	2	19	50	-1.4	8	8.64635078955578	-999.9	0.5	5.64814814814814	6.48883398856833	330
HARRINGTON_CDA_CS	2008	2	20	51	-10.6	-1.3	8.72181410219035	-999.9	2.4	5.33564814814814	2.74473792419128	330
HARRINGTON_CDA_CS	2008	2	21	52	-14.1	-10	5.87264429670693	-999.9	0	3.68055555555556	1.40654620097467	330
HARRINGTON_CDA_CS	2008	2	22	53	-15.9	-5.4	9.52994695141473	-999.9	0.2	3.50694444444444	1.62304589128869	330
HARRINGTON_CDA_CS	2008	2	23	54	-13	-6	7.88995126685571	-999.9	1.5	3.03240740740742	2.69246897260467	330
HARRINGTON_CDA_CS	2008	2	24	55	-12.1	-2	9.609232515201	-999.9	0	3.68055555555556	2.59777882931248	330
HARRINGTON_CDA_CS	2008	2	25	56	-6.1	1.7	8.56148725844314	-999.9	0	3.66898148148147	3.51929533929314	330
HARRINGTON_CDA_CS	2008	2	26	57	-6.1	2.4	9.06054835794223	-999.9	0.4	2.62731481481481	4.59506413887363	330
HARRINGTON_CDA_CS	2008	2	27	58	-5.8	4.6	10.1594948795574	-999.9	6.5	5.69444444444445	5.62056072873697	330
HARRINGTON_CDA_CS	2008	2	28	59	-12.6	-5.6	8.44851556896285	-999.9	1.6	4.43287037037036	2.68058367274056	330
HARRINGTON_CDA_CS	2008	2	29	60	-18.9	-10.8	9.21114536305044	-999.9	0	2.88194444444444	1.41046735685518	330
HARRINGTON_CDA_CS	2008	3	1	61	-17.8	-0.1	13.7993824954472	-999.9	4.5	5.61342592592592	2.62514835924075	330
HARRINGTON_CDA_CS	2008	3	2	62	-7.8	0.4	9.51792837049276	-999.9	6.1	8.72685185185186	4.28813844167145	330
HARRINGTON_CDA_CS	2008	3	3	63	-10.5	-1.4	10.1596277775728	-999.9	0	5.21990740740742	2.72347356601816	330
HARRINGTON_CDA_CS	2008	3	4	64	-7.4	6.1	12.5372786235251	-999.9	0	6.81712962962964	4.72910552310433	330
HARRINGTON_CDA_CS	2008	3	5	65	-10.2	7.2	14.4193827498134	-999.9	7.9	6.59722222222222	4.67518588917182	330
HARRINGTON_CDA_CS	2008	3	6	66	-5	4.4	10.7356097794721	-999.9	0	4.46759259259258	4.53883199803349	330
HARRINGTON_CDA_CS	2008	3	7	67	-6.1	5.3	11.9745679750884	-999.9	0	3.37962962962964	4.32704325539017	330
HARRINGTON_CDA_CS	2008	3	8	68	-2	5.5	9.83638360033785	-999.9	38.4	3.40277777777778	6.70273588004374	330
HARRINGTON_CDA_CS	2008	3	9	69	-10.2	2.9	13.1640511685498	-999.9	15	3.19444444444444	4.27256644551468	330
HARRINGTON_CDA_CS	2008	3	10	70	-11.9	-7.4	7.81195879879605	-999.9	0	4.21568627450981	2.23222389701428	330
HARRINGTON_CDA_CS	2008	3	11	71	-4.7	-1.5	6.66926828951206	-999.9	0	3.48484848484847	3.05802165747259	330
HARRINGTON_CDA_CS	2008	3	12	72	-5.6	1	9.69557410930824	-999.9	0	3.96990740740742	3.98807617406855	330
HARRINGTON_CDA_CS	2008	3	13	73	-12.6	-2.3	12.259324989422	-999.9	0	6.15740740740742	2.88464292635512	330
HARRINGTON_CDA_CS	2008	3	14	74	-12.9	-7.8	8.73024960497301	-999.9	0.2	2.39583333333333	2.07914902272048	330
HARRINGTON_CDA_CS	2008	3	15	75	-12.6	-4.1	11.4048921380362	-999.9	0	3.80787037037036	2.49559880106081	330
HARRINGTON_CDA_CS	2008	3	16	76	-10.1	-4.4	9.44941975240264	-999.9	0	4.50231481481481	3.01246799962545	330
HARRINGTON_CDA_CS	2008	3	17	77	-8.2	-2.7	9.3903174799609	-999.9	0	9.24768518518519	3.30503296404614	330
HARRINGTON_CDA_CS	2008	3	18	78	-10	-6.3	7.79068523748216	-999.9	0	8.91203703703703	2.39256558873767	330
HARRINGTON_CDA_CS	2008	3	19	79	-9.3	-3.5	9.86526544481144	-999.9	0	4.78009259259258	3.05863648120154	330
HARRINGTON_CDA_CS	2008	3	20	80	-5.5	4.5	13.0996107788089	-999.9	10.2	5.19675925925925	5.53349580232038	330
HARRINGTON_CDA_CS	2008	3	21	81	-8.4	3.9	14.6898630883658	-999.9	0.8	6.57407407407408	4.55409781957556	330
HARRINGTON_CDA_CS	2008	3	22	82	-9.3	-6	7.69257513770686	-999.9	0.4	5.77546296296297	2.72981764945804	330
HARRINGTON_CDA_CS	2008	3	23	83	-11.1	-5.6	10.038946197253	-999.9	0	6.48148148148147	2.1190841671317	330
HARRINGTON_CDA_CS	2008	3	24	84	-13.5	-3.4	13.7499642200273	-999.9	0	2.95138888888889	1.74252369656657	330
HARRINGTON_CDA_CS	2008	3	25	85	-12.3	-5.7	11.2328187854814	-999.9	0	4.17824074074075	2.08429516467386	330
HARRINGTON_CDA_CS	2008	3	26	86	-10.8	1.1	15.2407984102049	-999.9	0	6.22685185185186	3.51405225372005	330
HARRINGTON_CDA_CS	2008	3	27	87	-3.7	1.7	10.3726541765671	-999.9	0	4.50231481481481	3.55424065552054	330
HARRINGTON_CDA_CS	2008	3	28	88	-4.6	-0.5	9.13029618218627	-999.9	0.2	3.53009259259258	4.44548950710854	330
HARRINGTON_CDA_CS	2008	3	29	89	-7.8	-2.8	10.184010476832	-999.9	0.4	3.73842592592592	2.93294925196799	330
HARRINGTON_CDA_CS	2008	3	30	90	-9.9	-2.9	12.1692720935646	-999.9	1.2	5.41666666666667	3.16334084207254	330
HARRINGTON_CDA_CS	2008	3	31	91	-10.6	3.4	17.3780920228773	-999.9	0.3	3.31018518518519	3.17506645502818	330
HARRINGTON_CDA_CS	2008	4	1	92	-1.1	7.4	13.671327979622	-999.9	12.8	4.80324074074075	7.5593064469961	330
HARRINGTON_CDA_CS	2008	4	2	93	-3.5	7.5	15.7000620293709	-999.9	2	7.61574074074075	5.13048044329955	330
HARRINGTON_CDA_CS	2008	4	3	94	-5.2	3.7	14.2542513052831	-999.9	0.3	7.98611111111111	2.58134308769227	330
HARRINGTON_CDA_CS	2008	4	4	95	0.7	9.5	14.3046000480834	-999.9	1.3	4.62962962962964	4.56899507720315	330
HARRINGTON_CDA_CS	2008	4	5	96	-0.4	2.6	8.42792377753245	-999.9	1.7	4.40972222222222	6.25522001295779	330
HARRINGTON_CDA_CS	2008	4	6	97	-3.5	4.7	14.0583107584075	-999.9	0.2	3.68055555555556	5.20565243237378	330
HARRINGTON_CDA_CS	2008	4	7	98	-4	5.9	15.582988997405	-999.9	0	3.11342592592592	4.99246175808543	330
HARRINGTON_CDA_CS	2008	4	8	99	-2.2	5.7	14.040884187817	-999.9	0.6	2.62731481481481	5.38664699308467	330
HARRINGTON_CDA_CS	2008	4	9	100	-1.3	14	19.7067614223763	-999.9	0.4	2.39583333333333	5.96914604542773	330
HARRINGTON_CDA_CS	2008	4	10	101	2.1	10.1	14.3695831085952	-999.9	2.2	4.72222222222222	6.55599149092157	330
HARRINGTON_CDA_CS	2008	4	11	102	0.7	7.6	13.4553339102831	-999.9	0	3.80434782608694	5.86348485561552	330
HARRINGTON_CDA_CS	2008	4	12	103	-0.2	5.3	12.1105344406547	-999.9	4.6	2.67676767676768	6.4736749424752	330
HARRINGTON_CDA_CS	2008	4	13	104	-1.6	2.2	10.1467560601826	-999.9	0	2.32638888888889	6.15496288149401	330
HARRINGTON_CDA_CS	2008	4	14	105	-1.6	3.5	11.8471956965822	-999.9	1	3.79629629629631	5.48730928917319	330
HARRINGTON_CDA_CS	2008	4	15	106	-0.7	6.3	13.9867342902034	-999.9	0	3.72685185185186	4.19618868326688	330
HARRINGTON_CDA_CS	2008	4	16	107	-2.9	14	21.8972439250273	-999.9	0	3.86574074074075	4.00371846455405	330
HARRINGTON_CDA_CS	2008	4	17	108	2.4	17.8	21.0585000925489	-999.9	0	5.97222222222222	4.45279852577804	330
HARRINGTON_CDA_CS	2008	4	18	109	-0.3	12.2	19.1110889746596	-999.9	0	2.93981481481481	7.07425795638151	330
HARRINGTON_CDA_CS	2008	4	19	110	-2.8	4.8	15.0087035644931	-999.9	0	4.84953703703703	5.54229234818294	330
HARRINGTON_CDA_CS	2008	4	20	111	-3.5	7.6	18.2661348427513	-999.9	0	2.02546296296296	4.67938567706188	330
HARRINGTON_CDA_CS	2008	4	21	112	1.4	10.6	16.7444518310317	-999.9	0	1.96759259259259	6.56560002810187	330
HARRINGTON_CDA_CS	2008	4	22	113	0.2	16.4	22.3701905984297	-999.9	0	2.10648148148148	7.40702173682359	330
HARRINGTON_CDA_CS	2008	4	23	114	-0.2	7.9	15.9233116292868	-999.9	0.2	3.18287037037036	6.46176063827425	330
HARRINGTON_CDA_CS	2008	4	24	115	-1.2	1.8	9.75380397747464	-999.9	14.2	3.20601851851853	5.77860846326253	330
HARRINGTON_CDA_CS	2008	4	25	116	-1	2.8	11.0476972127874	-999.9	3.3	5.83333333333333	5.60620938398806	330
HARRINGTON_CDA_CS	2008	4	26	117	-0.9	7.3	16.3304358465901	-999.9	0	5.65972222222222	6.45596937834943	330
HARRINGTON_CDA_CS	2008	4	27	118	-1.6	8.7	18.414711742053	-999.9	0	3.64583333333333	6.24392209066036	330
HARRINGTON_CDA_CS	2008	4	28	119	-0.8	7.3	16.4281676559176	-999.9	0	3.56481481481481	7.06223569399849	330
HARRINGTON_CDA_CS	2008	4	29	120	5.7	15.6	18.2687833350859	-999.9	0	5.45454545454544	11.2574089321541	330
HARRINGTON_CDA_CS	2008	4	30	121	4.4	8.2	11.3834684967707	-999.9	18.2	5	9.17180598299445	330
HARRINGTON_CDA_CS	2008	5	1	122	1.2	4.4	10.5049556753719	-999.9	20.8	4.64120370370369	7.21356728189022	330
HARRINGTON_CDA_CS	2008	5	2	123	1.7	7.4	14.0973990299811	-999.9	1.6	1.97916666666667	8.13233214603426	330
HARRINGTON_CDA_CS	2008	5	3	124	-1	8.4	18.2009473729346	-999.9	0	3.05555555555556	7.10451444426646	330
HARRINGTON_CDA_CS	2008	5	4	125	-2.4	16.6	26.012482885225	-999.9	0.2	1.68981481481481	7.60558965520875	330
HARRINGTON_CDA_CS	2008	5	5	126	6.3	14.2	16.8593254310335	-999.9	0	2.31481481481481	9.02550624750113	330
HARRINGTON_CDA_CS	2008	5	6	127	5.7	16.1	19.4407010524426	-999.9	0	1.95601851851852	9.0719547159559	330
HARRINGTON_CDA_CS	2008	5	7	128	3.8	19.2	23.7723129758022	-999.9	0	2.10648148148148	9.95126040140919	330
HARRINGTON_CDA_CS	2008	5	8	129	4.4	11.2	15.8718971626392	-999.9	12.7	3.24074074074075	9.49702869361886	330
HARRINGTON_CDA_CS	2008	5	9	130	3.6	9.1	14.3405816834087	-999.9	0	5.54398148148147	8.56757484956946	330
HARRINGTON_CDA_CS	2008	5	10	131	3.4	8	13.1741729199975	-999.9	0	5.18518518518519	8.41957495138083	330
HARRINGTON_CDA_CS	2008	5	11	132	3.3	6.8	11.5421234680258	-999.9	2.3	8.53009259259258	7.59783815332172	330
HARRINGTON_CDA_CS	2008	5	12	133	2	7.2	14.1289239103811	-999.9	0	6.93287037037036	7.42239481333813	330
HARRINGTON_CDA_CS	2008	5	13	134	2	6.7	13.4884104585684	-999.9	0	7.11805555555556	6.73813470343144	330
HARRINGTON_CDA_CS	2008	5	14	135	1.9	9.6	17.334470440482	-999.9	0	5.56712962962964	7.20081467191516	330
HARRINGTON_CDA_CS	2008	5	15	136	1.9	10.7	18.6041183785041	-999.9	12.3	4.09722222222222	7.97739396691633	330
HARRINGTON_CDA_CS	2008	5	16	137	2.6	10.4	17.581948150445	-999.9	3	2.80092592592592	9.12499022086279	330
HARRINGTON_CDA_CS	2008	5	17	138	3.5	7.2	12.154080325593	-999.9	6.8	3.77314814814814	8.8015402896487	330
HARRINGTON_CDA_CS	2008	5	18	139	4.9	16.1	21.2217708898643	-999.9	0.2	4.45601851851853	10.6872430218166	330
HARRINGTON_CDA_CS	2008	5	19	140	6.1	13.6	17.4262781626458	-999.9	18.7	4.91898148148147	10.4200027764719	330
HARRINGTON_CDA_CS	2008	5	20	141	5.6	14	18.503985714484	-999.9	0.2	5.49768518518519	9.04769469768612	330
HARRINGTON_CDA_CS	2008	5	21	142	5.4	7.1	8.35126296683305	-999.9	12.5	5.26620370370369	8.88019368475464	330
HARRINGTON_CDA_CS	2008	5	22	143	4	18.3	24.2967614021005	-999.9	0.2	3.00925925925925	10.7515187867931	330
HARRINGTON_CDA_CS	2008	5	23	144	5.6	10.8	14.6955387174122	-999.9	2.6	3.87731481481481	10.0912566439651	330
HARRINGTON_CDA_CS	2008	5	24	145	5.6	8.9	11.7407341178553	-999.9	0.6	3.84259259259258	8.82728379873602	330
HARRINGTON_CDA_CS	2008	5	25	146	4.7	16.2	21.9782339352944	-999.9	0.3	2.63888888888889	8.254461061582	330
HARRINGTON_CDA_CS	2008	5	26	147	9.2	20.8	22.1324638444067	-999.9	0	6.28472222222222	9.42376367367653	330
HARRINGTON_CDA_CS	2008	5	27	148	8.7	21.4	23.2172615296181	-999.9	6	7.09490740740742	13.8427900641946	330
HARRINGTON_CDA_CS	2008	5	28	149	6.2	13	17.0303499481205	-999.9	0	4.44444444444444	7.68673393062481	330
HARRINGTON_CDA_CS	2008	5	29	150	5.8	15.4	20.2822662326842	-999.9	1.7	5.12731481481481	8.58775075761922	330
HARRINGTON_CDA_CS	2008	5	30	151	5.9	15.1	19.8993287238006	-999.9	0.2	4.28240740740742	7.48425716587453	330
HARRINGTON_CDA_CS	2008	5	31	152	6.8	15.8	19.7233850671949	-999.9	8	5.20833333333333	9.69145336033823	330
HARRINGTON_CDA_CS	2008	6	1	153	10	19.7	20.5170026984611	-999.9	0.2	4.43287037037036	15.3101023083622	330
HARRINGTON_CDA_CS	2008	6	2	154	8.4	14.2	15.8950602558222	-999.9	0	1.68981481481481	12.7445412686529	330
HARRINGTON_CDA_CS	2008	6	3	155	8.4	21.3	23.7473727402916	-999.9	1.2	3.62268518518519	13.1695231893227	330
HARRINGTON_CDA_CS	2008	6	4	156	9	13.8	14.5099652397836	-999.9	3.2	1.70138888888889	12.366854864778	330
HARRINGTON_CDA_CS	2008	6	5	157	4.2	14.8	21.5961500254965	-999.9	0.2	3.35648148148147	9.12552325450601	330
HARRINGTON_CDA_CS	2008	6	6	158	4.5	17.6	24.0430416177689	-999.9	0	2.39583333333333	8.49124775440953	330
HARRINGTON_CDA_CS	2008	6	7	159	10.5	20.4	20.9292908606011	-999.9	0	3.47222222222222	12.4939771021195	330
HARRINGTON_CDA_CS	2008	6	8	160	13.3	19.8	16.9796852224887	-999.9	0	3.86574074074075	16.6037676490349	330
HARRINGTON_CDA_CS	2008	6	9	161	9.3	17.5	19.0927676477231	-999.9	0.3	4.35185185185186	13.9817214840654	330
HARRINGTON_CDA_CS	2008	6	10	162	9.8	16.1	16.7522937454274	-999.9	0	2.40740740740741	13.2453083849211	330
HARRINGTON_CDA_CS	2008	6	11	163	11.4	21.1	20.8058289555652	-999.9	2.8	4.95370370370369	15.5608820006246	330
HARRINGTON_CDA_CS	2008	6	12	164	12.8	17.2	14.0240618587338	-999.9	0	5.39351851851853	12.7124503152851	330
HARRINGTON_CDA_CS	2008	6	13	165	10.2	13	11.1951018845993	-999.9	0	8.09027777777778	9.01729827813788	330
HARRINGTON_CDA_CS	2008	6	14	166	8.5	11.9	12.3436423891561	-999.9	0	6.97916666666667	10.5741444608501	330
HARRINGTON_CDA_CS	2008	6	15	167	8.5	13.4	14.8255250342831	-999.9	0	4.10879629629631	12.3010908421255	330
HARRINGTON_CDA_CS	2008	6	16	168	7.2	14.8	18.4705736330665	-999.9	0	2.60416666666667	12.0045466878957	330
HARRINGTON_CDA_CS	2008	6	17	169	8.1	17.5	20.5471916424954	-999.9	0	1.74768518518519	13.2709299476736	330
HARRINGTON_CDA_CS	2008	6	18	170	11.1	17.3	16.6898638120225	-999.9	4.6	4.08564814814814	14.7821255984347	330
HARRINGTON_CDA_CS	2008	6	19	171	11.1	19.5	19.4275693628544	-999.9	0	3.48379629629631	15.461917869904	330
HARRINGTON_CDA_CS	2008	6	20	172	12	21.1	20.2197087224137	-999.9	0	2.99768518518519	15.7897799918	330
HARRINGTON_CDA_CS	2008	6	21	173	11.2	20.8	20.7643673550078	-999.9	0	2.88194444444444	14.915960244057	330
HARRINGTON_CDA_CS	2008	6	22	174	11.7	24.6	24.0635866048373	-999.9	0	3.91203703703703	16.0094485578092	330
HARRINGTON_CDA_CS	2008	6	23	175	15.6	24.4	19.8674802712441	-999.9	0.2	4.36342592592592	19.3491912314992	330
HARRINGTON_CDA_CS	2008	6	24	176	15.8	23.8	18.9337194541933	-999.9	1.1	4.20138888888889	19.3233971884327	330
HARRINGTON_CDA_CS	2008	6	25	177	14.8	21.4	17.1872319667739	-999.9	0	3.85416666666667	13.5284612967921	330
HARRINGTON_CDA_CS	2008	6	26	178	13.7	20.1	16.9129947237929	-999.9	4.8	2.77777777777778	16.0451689947739	330
HARRINGTON_CDA_CS	2008	6	27	179	11	16	14.9370763655703	-999.9	15.3	3.33333333333333	14.9923626469437	330
HARRINGTON_CDA_CS	2008	6	28	180	9.9	15.3	15.5089019898407	-999.9	0	3.86574074074075	12.9393678102543	330
HARRINGTON_CDA_CS	2008	6	29	181	10.2	12.6	10.3287280203225	-999.9	25	4.18981481481481	12.6657346221119	330
HARRINGTON_CDA_CS	2008	6	30	182	12.6	24.4	22.8766655220435	-999.9	2.4	4.54861111111111	19.4586489468657	330
HARRINGTON_CDA_CS	2008	7	1	183	16.4	25.1	19.6189273321338	-999.9	0	4.66435185185186	20.1952116866997	330
HARRINGTON_CDA_CS	2008	7	2	184	16.2	26.2	21.0054950964722	-999.9	0	4.32870370370369	20.0552463946232	330
HARRINGTON_CDA_CS	2008	7	3	185	16.7	25.2	19.3380646199313	-999.9	0	5.94907407407408	18.2913783911614	330
HARRINGTON_CDA_CS	2008	7	4	186	12.7	20.3	18.2572029954019	-999.9	0	2.97453703703703	13.914957499622	330
HARRINGTON_CDA_CS	2008	7	5	187	11.9	24.6	23.5616900526557	-999.9	0	2.75462962962963	13.6114522229392	330
HARRINGTON_CDA_CS	2008	7	6	188	13.8	25.5	22.5750023078144	-999.9	0	3.95833333333333	15.0750407906572	330
HARRINGTON_CDA_CS	2008	7	7	189	13.5	25.8	23.1031298606384	-999.9	0	4.76851851851853	17.4659230561818	330
HARRINGTON_CDA_CS	2008	7	8	190	16.6	28.2	22.3915249746595	-999.9	0	3.86363636363636	19.7709509955001	330
HARRINGTON_CDA_CS	2008	7	9	191	18.7	27.3	19.2394769307932	-999.9	0	5.59027777777778	22.8032921213783	330
HARRINGTON_CDA_CS	2008	7	10	192	16.5	21.9	15.2118883632354	-999.9	0	5.89120370370369	19.6397884851551	330
HARRINGTON_CDA_CS	2008	7	11	193	13.5	21.6	18.5876180140412	-999.9	0	3.125	15.5171550862568	330
HARRINGTON_CDA_CS	2008	7	12	194	11.6	21.3	20.291527594346	-999.9	0	2.77777777777778	14.189801468294	330
HARRINGTON_CDA_CS	2008	7	13	195	12	24.8	23.2505948598627	-999.9	0	5.09259259259258	14.281457203584	330
HARRINGTON_CDA_CS	2008	7	14	196	15.9	21.8	15.7437341586397	-999.9	2	6.53935185185186	18.7275259153848	330
HARRINGTON_CDA_CS	2008	7	15	197	16.8	24.6	18.0523620040543	-999.9	1.7	3.78472222222222	20.9292600288467	330
HARRINGTON_CDA_CS	2008	7	16	198	14.3	27.2	23.1493491879617	-999.9	0	2.52314814814815	16.2383890407051	330
HARRINGTON_CDA_CS	2008	7	17	199	15.7	26.7	21.313243586113	-999.9	0	3.50694444444444	15.5575624605349	330
HARRINGTON_CDA_CS	2008	7	18	200	15.8	24.3	18.6777209688029	-999.9	3.6	1.74768518518519	17.7861966423437	330
HARRINGTON_CDA_CS	2008	7	19	201	15.1	20.2	14.4215691836732	-999.9	10.3	0.752314814814814	18.3774468450432	330
HARRINGTON_CDA_CS	2008	7	20	202	14.3	23	18.7737793761561	-999.9	0	2.89351851851853	17.7821443977467	330
HARRINGTON_CDA_CS	2008	7	21	203	16	19.6	12.0353708005406	-999.9	15.1	3.33333333333333	18.9455146362974	330
HARRINGTON_CDA_CS	2008	7	22	204	15.5	19.3	12.3216108325133	-999.9	0.4	4.375	17.5256147657104	330
HARRINGTON_CDA_CS	2008	7	23	205	14.5	19.9	14.6349481459128	-999.9	0	3.27546296296297	17.7815024202284	330
HARRINGTON_CDA_CS	2008	7	24	206	12.9	26.2	22.8817757244569	-999.9	0	3.26388888888889	20.0965027190493	330
HARRINGTON_CDA_CS	2008	7	25	207	19.7	27.4	17.3432169847848	-999.9	2.4	5.27777777777778	24.0345323445535	330
HARRINGTON_CDA_CS	2008	7	26	208	16.8	24.3	17.0484902052401	-999.9	1.5	4.43287037037036	20.8920610377615	330
HARRINGTON_CDA_CS	2008	7	27	209	15.7	25.6	19.5071713986838	-999.9	0	3.09027777777778	19.0702432766505	330
HARRINGTON_CDA_CS	2008	7	28	210	16.5	22.3	14.8683344455058	-999.9	1.1	3.13657407407408	19.0565186949116	330
HARRINGTON_CDA_CS	2008	7	29	211	15.9	25	18.5434547820908	-999.9	0	2.25694444444444	20.0372029766787	330
HARRINGTON_CDA_CS	2008	7	30	212	14	22.5	17.842300145171	-999.9	0	1.93287037037037	18.3451052907746	330
HARRINGTON_CDA_CS	2008	7	31	213	13	23.3	19.5515410779398	-999.9	0.3	1.16898148148148	18.1603630008573	330
HARRINGTON_CDA_CS	2008	8	1	214	14.7	23.5	17.9876356443778	-999.9	0	3.29861111111111	18.638983764936	330
HARRINGTON_CDA_CS	2008	8	2	215	14.9	18.4	11.2898004410873	-999.9	8.4	4.30555555555556	17.5685769181201	330
HARRINGTON_CDA_CS	2008	8	3	216	15.8	18.1	9.10719347391219	-999.9	40.3	5.92592592592592	18.3034401402241	330
HARRINGTON_CDA_CS	2008	8	4	217	11.7	16.8	13.4934438269274	-999.9	23.9	5.12731481481481	15.8054993086228	330
HARRINGTON_CDA_CS	2008	8	5	218	11.4	15.9	12.6098372314221	-999.9	0.2	6.18055555555556	14.7297515549992	330
HARRINGTON_CDA_CS	2008	8	6	219	11.1	16.3	13.4839954039725	-999.9	0.2	4.09722222222222	14.4805393737481	330
HARRINGTON_CDA_CS	2008	8	7	220	11.3	17.6	14.7621240220824	-999.9	0.3	1.68981481481481	14.9682960857056	330
HARRINGTON_CDA_CS	2008	8	8	221	12.6	20.8	16.7492304303615	-999.9	0	2.32638888888889	16.0733788825354	330
HARRINGTON_CDA_CS	2008	8	9	222	14.3	19.9	13.7638128646153	-999.9	9.6	2.29166666666667	18.0445305272581	330
HARRINGTON_CDA_CS	2008	8	10	223	14.4	20.7	14.5150669782176	-999.9	24.3	1.26157407407407	18.8007635960995	330
HARRINGTON_CDA_CS	2008	8	11	224	14.5	21.8	15.5332088904745	-999.9	0.2	1.59722222222222	18.6062842878307	330
HARRINGTON_CDA_CS	2008	8	12	225	15.1	17.8	9.39029696637629	-999.9	3.5	1.80555555555556	17.2759066022395	330
HARRINGTON_CDA_CS	2008	8	13	226	14.9	21.2	14.2564656055174	-999.9	10.8	3.17129629629631	18.1335251935807	330
HARRINGTON_CDA_CS	2008	8	14	227	13.7	20.6	14.8271097203273	-999.9	0	2.09490740740741	16.4844214495931	330
HARRINGTON_CDA_CS	2008	8	15	228	14.5	22.3	15.6644653970811	-999.9	0	2.60416666666667	17.5662809001306	330
HARRINGTON_CDA_CS	2008	8	16	229	14.5	19.8	12.8288652929202	-999.9	19.6	3.64583333333333	18.2658554409086	330
HARRINGTON_CDA_CS	2008	8	17	230	12.6	23.1	17.9379356707443	-999.9	3.9	3.80787037037036	17.38346694631	330
HARRINGTON_CDA_CS	2008	8	18	231	10.4	23.1	19.5953219266937	-999.9	0	3.20601851851853	13.6945888957632	330
HARRINGTON_CDA_CS	2008	8	19	232	11.7	20.2	15.9212706034788	-999.9	22	4.24768518518519	16.4752523654398	330
HARRINGTON_CDA_CS	2008	8	20	233	10.9	14.7	10.5711572504417	-999.9	1.1	3.75	12.1021481396073	330
HARRINGTON_CDA_CS	2008	8	21	234	10.9	22.2	18.0999325709183	-999.9	0	3.25163398692811	13.6661742152093	330
HARRINGTON_CDA_CS	2008	8	22	235	13.7	27.5	19.8576833917113	-999.9	0	3.10846560846561	17.7038476318202	330
HARRINGTON_CDA_CS	2008	8	23	236	15.7	26.5	17.4379852882656	-999.9	0	4.81481481481481	18.6343967745237	330
HARRINGTON_CDA_CS	2008	8	24	237	14.7	24.4	16.4024817718516	-999.9	0	4.84953703703703	15.5829007313426	330
HARRINGTON_CDA_CS	2008	8	25	238	16.5	24.7	14.9662696597869	-999.9	39.2	3.79629629629631	21.7447982229762	330
HARRINGTON_CDA_CS	2008	8	26	239	13.9	18.1	10.6281508796431	-999.9	1	3.33333333333333	15.532070789579	330
HARRINGTON_CDA_CS	2008	8	27	240	15.6	20.3	11.1545414301018	-999.9	0.2	6.25	16.5952124741896	330
HARRINGTON_CDA_CS	2008	8	28	241	14.8	22.1	13.790406726545	-999.9	2.2	5.32407407407408	17.730179214406	330
HARRINGTON_CDA_CS	2008	8	29	242	14.6	20.4	12.1922949711385	-999.9	0.2	4.66435185185186	18.0131558495932	330
HARRINGTON_CDA_CS	2008	8	30	243	16.2	21.4	11.4491111670799	-999.9	1.4	3.125	19.6095139735807	330
HARRINGTON_CDA_CS	2008	8	31	244	15.1	21.9	12.9827254759729	-999.9	16	3.29861111111111	19.1200827106107	330
HARRINGTON_CDA_CS	2008	9	1	245	15	18	8.54979932181257	-999.9	43.7	6.78240740740742	17.6763935280187	330
HARRINGTON_CDA_CS	2008	9	2	246	12.1	20.2	13.9272102570116	-999.9	0	3.46064814814814	15.9088206829587	330
HARRINGTON_CDA_CS	2008	9	3	247	14.2	21	12.6486673079744	-999.9	7.7	2.17592592592593	18.1693004211297	330
HARRINGTON_CDA_CS	2008	9	4	248	15.9	22.9	12.7189222412196	-999.9	1.6	3.49537037037036	19.4335022497071	330
HARRINGTON_CDA_CS	2008	9	5	249	13.3	20.9	13.1329200382301	-999.9	0	2.41898148148148	14.6836143531033	330
HARRINGTON_CDA_CS	2008	9	6	250	17.3	24	12.2176396942604	-999.9	0.4	5.57870370370369	20.7658299846976	330
HARRINGTON_CDA_CS	2008	9	7	251	16.8	20	8.36493344465273	-999.9	95.2	4.40821256038647	20.5381359261871	330
HARRINGTON_CDA_CS	2008	9	8	252	13	19.7	11.9895995136021	-999.9	0.2	3.76157407407408	16.4484200425087	330
HARRINGTON_CDA_CS	2008	9	9	253	12.6	22.6	14.5073892527923	-999.9	0.5	5.26620370370369	15.9212915182374	330
HARRINGTON_CDA_CS	2008	9	10	254	8.4	16.9	13.245336040757	-999.9	0	4.81481481481481	11.0646901311139	330
HARRINGTON_CDA_CS	2008	9	11	255	8.9	18	13.5700301008617	-999.9	0	2.56944444444444	10.8817623529846	330
HARRINGTON_CDA_CS	2008	9	12	256	9	17.8	13.2114502250854	-999.9	0.2	3.83101851851853	11.9494197412114	330
HARRINGTON_CDA_CS	2008	9	13	257	12.6	16	8.12905820056111	-999.9	0	2.87037037037036	14.4145062719709	330
HARRINGTON_CDA_CS	2008	9	14	258	14.1	18.4	9.04834923664806	-999.9	0	4.69907407407408	16.8866970589737	330
HARRINGTON_CDA_CS	2008	9	15	259	13.5	23.9	13.926086001309	-999.9	0	8.47222222222222	18.4678080071982	330
HARRINGTON_CDA_CS	2008	9	16	260	8.4	14.8	10.8099282491971	-999.9	0	3.63425925925925	10.6401833928344	330
HARRINGTON_CDA_CS	2008	9	17	261	8.1	19.8	14.4607085994725	-999.9	0	3.48379629629631	12.6523541619393	330
HARRINGTON_CDA_CS	2008	9	18	262	8.6	13.9	9.62813307389811	-999.9	2	4.31712962962964	10.2348469880566	330
HARRINGTON_CDA_CS	2008	9	19	263	4.1	14.3	13.2116101711023	-999.9	0	2.60416666666667	6.95678785440599	330
HARRINGTON_CDA_CS	2008	9	20	264	7.9	17.8	12.872685184372	-999.9	0	5.24305555555556	10.9865211813614	330
HARRINGTON_CDA_CS	2008	9	21	265	5.3	14.9	12.5351006087516	-999.9	0	3.39120370370369	10.3640049310792	330
HARRINGTON_CDA_CS	2008	9	22	266	3.5	13.9	12.9001495261627	-999.9	0	2.52314814814815	8.33543179361777	330
HARRINGTON_CDA_CS	2008	9	23	267	4.6	12.8	11.3244354469783	-999.9	0.2	3.15972222222222	7.38940029134947	330
HARRINGTON_CDA_CS	2008	9	24	268	3.9	14.1	12.4849698582092	-999.9	0	2.59259259259259	8.80398389803165	330
HARRINGTON_CDA_CS	2008	9	25	269	4.3	19.3	14.9643414492945	-999.9	0	4.46759259259258	9.93633930909848	330
HARRINGTON_CDA_CS	2008	9	26	270	10.5	19.2	11.2627276054392	-999.9	0	4.15509259259258	12.1204976607868	330
HARRINGTON_CDA_CS	2008	9	27	271	12	18.6	9.69339635150716	-999.9	0	4.40972222222222	15.3673718057889	330
HARRINGTON_CDA_CS	2008	9	28	272	16.1	20.8	8.08205445672464	-999.9	2.5	5.76388888888889	18.5231369782664	330
HARRINGTON_CDA_CS	2008	9	29	273	11.3	17	8.79282992188549	-999.9	11.5	6.97916666666667	15.0327849234311	330
HARRINGTON_CDA_CS	2008	9	30	274	7.5	11.9	7.63108638433955	-999.9	1.5	3.27546296296297	11.3183030878027	330
HARRINGTON_CDA_CS	2008	10	1	275	7.5	14.3	9.36989102173719	-999.9	0	2.12962962962963	11.3958589306265	330
HARRINGTON_CDA_CS	2008	10	2	276	8.5	16.1	9.78270899135937	-999.9	3.1	6.52777777777778	12.8963232210426	330
HARRINGTON_CDA_CS	2008	10	3	277	7.5	16	10.2161499256708	-999.9	4.3	5.9375	9.75683667589214	330
HARRINGTON_CDA_CS	2008	10	4	278	7.4	12.3	7.65870871891228	-999.9	0.2	6.11111111111111	8.96059004676039	330
HARRINGTON_CDA_CS	2008	10	5	279	6.7	12.7	8.36697054887627	-999.9	0	2.98611111111111	9.73736573479109	330
HARRINGTON_CDA_CS	2008	10	6	280	4.7	12.1	9.17276257573961	-999.9	0	3.05555555555556	8.23226505406429	330
HARRINGTON_CDA_CS	2008	10	7	281	5.6	9.4	6.48822050644613	-999.9	1.1	4.36342592592592	7.94682268693017	330
HARRINGTON_CDA_CS	2008	10	8	282	4.9	11.3	8.3106015504709	-999.9	0	4.28240740740742	8.03006167212875	330
HARRINGTON_CDA_CS	2008	10	9	283	7.9	13.5	7.67194919780543	-999.9	0.7	4.76851851851853	11.7996280721657	330
HARRINGTON_CDA_CS	2008	10	10	284	9.7	16.1	8.0934363850921	-999.9	0	4.44444444444444	11.5405157338493	330
HARRINGTON_CDA_CS	2008	10	11	285	5	12.9	8.87260947371004	-999.9	0.2	3.48379629629631	9.6349109107755	330
HARRINGTON_CDA_CS	2008	10	12	286	2.8	13.9	10.3767027001632	-999.9	0.2	1.72453703703704	10.1047018114593	330
HARRINGTON_CDA_CS	2008	10	13	287	6.7	11.3	6.59027878357012	-999.9	1.9	3.20601851851853	10.1200185887358	330
HARRINGTON_CDA_CS	2008	10	14	288	4.5	13.1	8.88934570521499	-999.9	0.3	3.79629629629631	9.22600290710858	330
HARRINGTON_CDA_CS	2008	10	15	289	5.9	13.5	8.24315860172705	-999.9	0	3.09027777777778	9.817923052142	330
HARRINGTON_CDA_CS	2008	10	16	290	6.4	13.9	8.07711622876983	-999.9	10.6	2.65046296296296	11.2041156473409	330
HARRINGTON_CDA_CS	2008	10	17	291	4.6	11.6	7.69640944312977	-999.9	1.5	4.08564814814814	8.81634795853866	330
HARRINGTON_CDA_CS	2008	10	18	292	1.7	8.1	7.25803932393221	-999.9	0.2	3.05555555555556	6.30728376057322	330
HARRINGTON_CDA_CS	2008	10	19	293	0.5	8.3	7.90215953368107	-999.9	0	1.96759259259259	6.10107469510702	330
HARRINGTON_CDA_CS	2008	10	20	294	-0.2	9.5	8.69030109286797	-999.9	0.2	3.03240740740742	7.00620629428193	330
HARRINGTON_CDA_CS	2008	10	21	295	5.9	9.8	5.43394764476255	-999.9	1.3	7.02546296296297	8.25583130015924	330
HARRINGTON_CDA_CS	2008	10	22	296	2.5	6.4	5.358409297997	-999.9	6.3	8.04398148148147	7.22963517097167	330
HARRINGTON_CDA_CS	2008	10	23	297	0.7	6.4	6.38778521119938	-999.9	0.2	6.16898148148147	5.5093430211709	330
HARRINGTON_CDA_CS	2008	10	24	298	1.6	10	7.64633632654046	-999.9	0	3.17129629629631	6.3865746420255	330
HARRINGTON_CDA_CS	2008	10	25	299	0.9	13.5	9.23409424399605	-999.9	0	3.61111111111111	7.65788722309948	330
HARRINGTON_CDA_CS	2008	10	26	300	5.6	15.7	8.15196515145989	-999.9	0	7.65046296296297	10.4646336552419	330
HARRINGTON_CDA_CS	2008	10	27	301	13.1	16.3	4.52448923875889	-999.9	12.3	7.44212962962964	15.526751443411	330
HARRINGTON_CDA_CS	2008	10	28	302	11.3	16.7	5.79545938999086	-999.9	1.4	8.29861111111111	14.7855999218012	330
HARRINGTON_CDA_CS	2008	10	29	303	6.6	14.6	6.95567214704785	-999.9	0.2	7.25694444444445	9.41123370697995	330
HARRINGTON_CDA_CS	2008	10	30	304	3.2	7.5	5.02853531126136	-999.9	0.6	4.40972222222222	6.29807445886164	330
HARRINGTON_CDA_CS	2008	10	31	305	2.7	6.3	4.53717132009062	-999.9	1.7	3.31018518518519	6.90886637499	330
HARRINGTON_CDA_CS	2008	11	1	306	1.1	6.3	5.37748592165855	-999.9	0	4.45601851851853	4.81187563673583	330
HARRINGTON_CDA_CS	2008	11	2	307	-2.1	2.4	4.933421591636	-999.9	2.3	4.72222222222222	4.03994100327416	330
HARRINGTON_CDA_CS	2008	11	3	308	-2.1	6.8	6.84267278865351	-999.9	0	4.67592592592592	4.94467954163869	330
HARRINGTON_CDA_CS	2008	11	4	309	5.2	10.3	5.10896516003676	-999.9	0	3.21759259259258	7.74815860784755	330
HARRINGTON_CDA_CS	2008	11	5	310	8.9	14.2	5.13730218948553	-999.9	0	5.47453703703703	11.6402006290031	330
HARRINGTON_CDA_CS	2008	11	6	311	11.2	18.3	5.8655936243889	-999.9	0	3.76157407407408	14.4652304966621	330
HARRINGTON_CDA_CS	2008	11	7	312	12.9	16.1	3.88493580569219	-999.9	12	3.10185185185186	16.1080140617746	330
HARRINGTON_CDA_CS	2008	11	8	313	9.7	14.4	4.64545792598261	-999.9	0.7	1.70138888888889	13.7080844462688	330
HARRINGTON_CDA_CS	2008	11	9	314	9.7	16.9	5.67369007699387	-999.9	0.2	4.28240740740742	14.7406302435455	330
HARRINGTON_CDA_CS	2008	11	10	315	5.2	9.8	4.47560207995897	-999.9	0.2	3.73842592592592	8.81871753413157	330
HARRINGTON_CDA_CS	2008	11	11	316	2.6	7.6	4.60562607136734	-999.9	1	5.17361111111111	7.86984590530324	330
HARRINGTON_CDA_CS	2008	11	12	317	1.2	5.6	4.26504522332797	-999.9	0	3.46064814814814	6.17923638319246	330
HARRINGTON_CDA_CS	2008	11	13	318	-0.8	6.5	5.42399797592711	-999.9	0	2.07175925925926	5.62741203031454	330
HARRINGTON_CDA_CS	2008	11	14	319	1.3	9.1	5.53653499505746	-999.9	0.9	5.15046296296297	7.23267017079457	330
HARRINGTON_CDA_CS	2008	11	15	320	8.9	16.7	5.46823735598144	-999.9	7.3	6.20370370370369	14.1181421577534	330
HARRINGTON_CDA_CS	2008	11	16	321	6.3	18.4	6.72796197034701	-999.9	17.7	9.83796296296297	13.0115039159591	330
HARRINGTON_CDA_CS	2008	11	17	322	-0.1	7.2	5.16332443203274	-999.9	0	5.26620370370369	4.88726705241407	330
HARRINGTON_CDA_CS	2008	11	18	323	-0.6	4.6	4.30663501387748	-999.9	3.7	2.98611111111111	5.59124898052162	330
HARRINGTON_CDA_CS	2008	11	19	324	0.6	4.9	3.87110764481816	-999.9	22.9	9.40972222222222	7.15728457227859	330
HARRINGTON_CDA_CS	2008	11	20	325	-5.7	0.8	4.70569206141626	-999.9	0.9	5.79861111111111	4.52329347028343	330
HARRINGTON_CDA_CS	2008	11	21	326	-6.5	-1.5	4.08153749471143	-999.9	0	4.00462962962964	3.40671652307229	330
HARRINGTON_CDA_CS	2008	11	22	327	-6.9	4.4	6.06961452028148	-999.9	20.4	7.08333333333333	5.08162777373936	330
HARRINGTON_CDA_CS	2008	11	23	328	-7.3	-4.5	2.98951069564831	-999.9	0	6.26157407407408	2.7410452434769	330
HARRINGTON_CDA_CS	2008	11	24	329	-9.8	-2.9	4.64478811536719	-999.9	0.4	3.18287037037036	2.74928268771901	330
HARRINGTON_CDA_CS	2008	11	25	330	-11.4	0.7	6.0894811591683	-999.9	0	2.53968253968254	3.33245190808064	330
HARRINGTON_CDA_CS	2008	11	26	331	0.7	5.1	3.63656239047839	-999.9	2.4	5.47453703703703	6.36429754519624	330
HARRINGTON_CDA_CS	2008	11	27	332	0.1	3.8	3.30353065791705	-999.9	0	2.06018518518519	7.02081290369778	330
HARRINGTON_CDA_CS	2008	11	28	333	0.2	4.8	3.65014065639923	-999.9	1.3	2.88194444444444	7.18994182396122	330
HARRINGTON_CDA_CS	2008	11	29	334	0.2	6.9	4.36683108838321	-999.9	0.3	5.27777777777778	6.86268914468976	330
HARRINGTON_CDA_CS	2008	11	30	335	-1.4	2.2	3.17415575206731	-999.9	0	3.00925925925925	5.18353178601315	330
HARRINGTON_CDA_CS	2008	12	1	336	0	13.4	6.07479362855645	-999.9	20.2	5.12731481481481	9.25558160931679	330
HARRINGTON_CDA_CS	2008	12	2	337	1.2	8.7	4.50993639698154	-999.9	0	5.64814814814814	6.70550862722485	330
HARRINGTON_CDA_CS	2008	12	3	338	-1.7	4.4	4.03764458937375	-999.9	0	2.02546296296296	5.35604156665617	330
HARRINGTON_CDA_CS	2008	12	4	339	-2.2	8.3	5.26075416098456	-999.9	0.6	5.50925925925925	6.22198429093851	330
HARRINGTON_CDA_CS	2008	12	5	340	-5.7	5.4	5.37372887997399	-999.9	0	3.70370370370369	4.29222619697949	330
HARRINGTON_CDA_CS	2008	12	6	341	-7.5	-1.6	3.89381783288629	-999.9	0	2.40740740740741	3.00340302932293	330
HARRINGTON_CDA_CS	2008	12	7	342	-3.5	3	4.06368165972071	-999.9	19.3	4.81481481481481	5.38955023360758	330
HARRINGTON_CDA_CS	2008	12	8	343	-9.3	0.5	4.96330299898267	-999.9	1.1	6.77083333333333	4.07585419552333	330
HARRINGTON_CDA_CS	2008	12	9	344	-12	4	6.310983088048	-999.9	3	5.34722222222222	3.80448398302878	330
HARRINGTON_CDA_CS	2008	12	10	345	0	12.5	5.55339748457367	-999.9	37.5	7.83564814814814	8.93611933099241	330
HARRINGTON_CDA_CS	2008	12	11	346	-1.4	0.3	2.03978828584078	-999.9	1.5	3.37962962962964	5.01101385528074	330
HARRINGTON_CDA_CS	2008	12	12	347	-0.8	16.8	6.53982996165749	-999.9	21.8	6.29629629629631	10.2197402366603	330
HARRINGTON_CDA_CS	2008	12	13	348	-7.9	4.6	5.49426290538031	-999.9	1.1	5.12731481481481	4.73558743067643	330
HARRINGTON_CDA_CS	2008	12	14	349	-9.2	0.6	4.85186315020196	-999.9	0	4.59490740740742	3.65078349501783	330
HARRINGTON_CDA_CS	2008	12	15	350	0.6	13.1	5.46751566338226	-999.9	0	6.92129629629631	8.4677827371479	330
HARRINGTON_CDA_CS	2008	12	16	351	-5.7	12.8	6.63988073123434	-999.9	1	6.23842592592592	5.35051511425427	330
HARRINGTON_CDA_CS	2008	12	17	352	-6.6	-1.1	3.61573120035091	-999.9	8.7	3.39120370370369	3.72384869942412	330
HARRINGTON_CDA_CS	2008	12	18	353	-10.6	-1.2	4.72303256162253	-999.9	0.4	2.92270531400967	3.55506738577223	330
HARRINGTON_CDA_CS	2008	12	19	354	-14.8	-6.8	4.35558641339544	-999.9	0.6	4.80324074074075	2.11316642096216	330
HARRINGTON_CDA_CS	2008	12	20	355	-10.1	-8	2.23181709328039	-999.9	0.8	5.13888888888889	2.29966539759356	330
HARRINGTON_CDA_CS	2008	12	21	356	-13.8	-4.2	4.77457313107169	-999.9	3.3	3.13657407407408	2.32553903563175	330
HARRINGTON_CDA_CS	2008	12	22	357	-8.8	0.9	4.80437776951897	-999.9	5.2	10.2199074074074	4.11470453792307	330
HARRINGTON_CDA_CS	2008	12	23	358	-13.1	-8.8	3.20360995489534	-999.9	0	5.3125	1.90480956939711	330
HARRINGTON_CDA_CS	2008	12	24	359	-12	2.6	5.9147563590014	-999.9	5.2	3.72685185185186	3.87631964865981	330
HARRINGTON_CDA_CS	2008	12	25	360	-8.7	8.2	6.37908737284165	-999.9	23.6	7.66203703703703	4.6839545205726	330
HARRINGTON_CDA_CS	2008	12	26	361	-12.7	-8.7	3.11242048092117	-999.9	0	4.36342592592592	2.04950658669368	330
HARRINGTON_CDA_CS	2008	12	27	362	-13.8	-0.8	5.62975648890492	-999.9	0.4	3.50694444444444	2.5920547751077	330
HARRINGTON_CDA_CS	2008	12	28	363	-0.8	8.6	4.80536239363495	-999.9	2.9	6.88657407407408	7.90484211972985	330
HARRINGTON_CDA_CS	2008	12	29	364	-2.3	7.4	4.90212922625399	-999.9	0	5.30092592592592	5.30224804812255	330
HARRINGTON_CDA_CS	2008	12	30	365	-3.3	-1.3	2.23635352240022	-999.9	0	3.98148148148147	4.2386811774228	330
HARRINGTON_CDA_CS	2008	12	31	366	-5.2	-3.1	2.30329123907924	-999.9	1.3	2.63888888888889	3.71210537802891	330
