HARRINGTON_CDA_CS	2012	1	1	1	-2.2	4.8	4.20519543201119	-999.9	0.3	5.43981481481481	6.3458499329952	330
HARRINGTON_CDA_CS	2012	1	2	2	-1.8	8.8	5.20336124380711	-999.9	4.7	6.26157407407408	6.96558048899908	330
HARRINGTON_CDA_CS	2012	1	3	3	-11.3	0.3	5.47564101599751	-999.9	0	3.28703703703703	2.84113887706177	330
HARRINGTON_CDA_CS	2012	1	4	4	-12.5	-5.3	4.34135012641403	-999.9	0.6	4.58333333333333	2.54251368012228	330
HARRINGTON_CDA_CS	2012	1	5	5	-12.2	-1.9	5.22761806630346	-999.9	0.2	3.81944444444444	2.82328046380141	330
HARRINGTON_CDA_CS	2012	1	6	6	-14.1	-6.3	4.58173037942856	-999.9	0.4	3.32175925925925	2.01203952289716	330
HARRINGTON_CDA_CS	2012	1	7	7	-9.1	1.4	5.35599600679767	-999.9	1.2	3.20601851851853	4.16104617803828	330
HARRINGTON_CDA_CS	2012	1	8	8	-3.8	0.9	3.61177071342153	-999.9	0	2.91666666666667	5.03957537759257	330
HARRINGTON_CDA_CS	2012	1	9	9	-13.6	-3.8	5.25857370983951	-999.9	1.3	2.58101851851852	2.65030738845722	330
HARRINGTON_CDA_CS	2012	1	10	10	-9.4	0.9	5.43764542494147	-999.9	0.2	4.55314009661836	3.77068025386232	330
HARRINGTON_CDA_CS	2012	1	11	11	-12.2	-3.5	5.0424129162643	-999.9	0	5.72916666666667	2.50834303600076	330
HARRINGTON_CDA_CS	2012	1	12	12	-13.2	-2.3	5.69669668958112	-999.9	9.1	3.51851851851853	2.54496508691344	330
HARRINGTON_CDA_CS	2012	1	13	13	-2.4	7.9	5.59112743845961	-999.9	3.7	6.67824074074075	6.89150511022369	330
HARRINGTON_CDA_CS	2012	1	14	14	-11	0.2	5.88837971359742	-999.9	1.2	7.24537037037036	3.25662541868656	330
HARRINGTON_CDA_CS	2012	1	15	15	-15.2	-9.2	4.3541028302768	-999.9	1.3	4.62962962962964	1.82683165853747	330
HARRINGTON_CDA_CS	2012	1	16	16	-14.1	-5.6	5.23713925459442	-999.9	0.2	3.63425925925925	2.11106832370195	330
HARRINGTON_CDA_CS	2012	1	17	17	-5.7	-0.3	4.21952478601494	-999.9	0.8	3.64583333333333	3.76557894332713	330
HARRINGTON_CDA_CS	2012	1	18	18	-9.6	6.8	7.43508636173595	-999.9	2.6	6.30787037037036	4.59886561653214	330
HARRINGTON_CDA_CS	2012	1	19	19	-13.1	-6.6	4.73400418484436	-999.9	0	4.32870370370369	1.99747907216904	330
HARRINGTON_CDA_CS	2012	1	20	20	-7.5	-0.9	4.82566562894641	-999.9	3.1	3.54166666666667	3.60149213696643	330
HARRINGTON_CDA_CS	2012	1	21	21	-14	-4.4	5.88890581565433	-999.9	0	4.61805555555556	2.46811734783234	330
HARRINGTON_CDA_CS	2012	1	22	22	-16.2	-9.2	5.0892899210033	-999.9	0.4	2.97453703703703	1.74977246252725	330
HARRINGTON_CDA_CS	2012	1	23	23	-13.1	0.3	7.12787757069293	-999.9	0	3.65740740740742	2.89682065076452	330
HARRINGTON_CDA_CS	2012	1	24	24	0.3	7.7	5.36301358772888	-999.9	14.3	5.83333333333333	7.67071794396235	330
HARRINGTON_CDA_CS	2012	1	25	25	-5.5	3.7	6.05553897283982	-999.9	0	3.55324074074075	4.62692257630981	330
HARRINGTON_CDA_CS	2012	1	26	26	-8.8	-5.4	3.72855022616866	-999.9	0	3.92361111111111	2.64438250044019	330
HARRINGTON_CDA_CS	2012	1	27	27	-9.2	0.4	6.34671220117692	-999.9	22.7	4.44444444444444	3.66956152537601	330
HARRINGTON_CDA_CS	2012	1	28	28	-7.4	0.9	5.97903572549774	-999.9	2.5	6.03009259259258	4.21376929009246	330
HARRINGTON_CDA_CS	2012	1	29	29	-5.6	2.1	5.83549865263144	-999.9	0.7	5.68287037037036	4.01710154070448	330
HARRINGTON_CDA_CS	2012	1	30	30	-11	0.4	7.19585730366783	-999.9	0	3.80787037037036	2.66553329075914	330
HARRINGTON_CDA_CS	2012	1	31	31	-13.6	-9.3	4.47934310970224	-999.9	0	3.54166666666667	1.64723118350891	330
HARRINGTON_CDA_CS	2012	2	1	32	-10.8	-3.4	5.95653899451727	-999.9	11.6	3.06712962962964	3.03224531176115	330
HARRINGTON_CDA_CS	2012	2	2	33	-8.7	-3.1	5.25307814867008	-999.9	1	4.90740740740742	3.37727101857136	330
HARRINGTON_CDA_CS	2012	2	3	34	-12.8	-7.2	5.32592457635059	-999.9	0	4.72222222222222	2.22873938886029	330
HARRINGTON_CDA_CS	2012	2	4	35	-14.6	-9	5.40021966639847	-999.9	0.8	3.55324074074075	2.1067452096628	330
HARRINGTON_CDA_CS	2012	2	5	36	-16.4	-10.8	5.4759444460514	-999.9	0	3.03240740740742	1.67769668968003	330
HARRINGTON_CDA_CS	2012	2	6	37	-13.9	0.8	8.99701646591351	-999.9	0.2	4.83796296296297	2.92303315639322	330
HARRINGTON_CDA_CS	2012	2	7	38	-12	-0.1	8.20940165730582	-999.9	0.2	4.23611111111111	2.68164414744361	330
HARRINGTON_CDA_CS	2012	2	8	39	-15.4	-5.2	7.7082512792214	-999.9	0	4.03935185185186	1.74913941109687	330
HARRINGTON_CDA_CS	2012	2	9	40	-8.5	0.7	7.42477599578361	-999.9	0	2.82407407407408	3.83698313467953	330
HARRINGTON_CDA_CS	2012	2	10	41	-9.6	-0.4	7.53059630210674	-999.9	0	3.76157407407408	3.29340884449399	330
HARRINGTON_CDA_CS	2012	2	11	42	-5.6	2.9	7.34175377279379	-999.9	19.5	4.53703703703703	5.0813771194715	330
HARRINGTON_CDA_CS	2012	2	12	43	-17.2	-5.6	8.69920930162134	-999.9	8.5	7.16435185185186	2.10131857410308	330
HARRINGTON_CDA_CS	2012	2	13	44	-21	-12.4	7.5973604033719	-999.9	0	6.34259259259258	1.07276250041185	330
HARRINGTON_CDA_CS	2012	2	14	45	-19.8	-2.1	11.0550826645541	-999.9	0	3.61111111111111	1.6379147401967	330
HARRINGTON_CDA_CS	2012	2	15	46	-4.3	8	9.34729338239485	-999.9	0	1.9212962962963	6.09395605871063	330
HARRINGTON_CDA_CS	2012	2	16	47	-4.5	-1.9	4.35884184442827	-999.9	0	2.87037037037036	4.63531168999515	330
HARRINGTON_CDA_CS	2012	2	17	48	-5.4	-0.2	6.25212360568744	-999.9	1.3	2.15277777777778	4.39242446389354	330
HARRINGTON_CDA_CS	2012	2	18	49	-3.1	-0.1	4.81632240691358	-999.9	7.5	4.20138888888889	5.13458038428844	330
HARRINGTON_CDA_CS	2012	2	19	50	-8.8	-2.3	7.18994557169007	-999.9	1.2	4.47916666666667	3.15688055798348	330
HARRINGTON_CDA_CS	2012	2	20	51	-10	-6.6	5.27357115329826	-999.9	0.2	3.68055555555556	2.57538982975988	330
HARRINGTON_CDA_CS	2012	2	21	52	-12.1	-5.7	7.33722361640311	-999.9	0	3.39120370370369	2.34512572860636	330
HARRINGTON_CDA_CS	2012	2	22	53	-9.6	2.3	10.1454032653389	-999.9	2.9	3.78472222222222	4.29397794023024	330
HARRINGTON_CDA_CS	2012	2	23	54	-1.3	4.7	7.30467546908092	-999.9	10.8	4.54861111111111	6.3282410366731	330
HARRINGTON_CDA_CS	2012	2	24	55	-3.2	1.3	6.41407851966855	-999.9	4.2	4.97685185185186	5.15424330512944	330
HARRINGTON_CDA_CS	2012	2	25	56	-1.6	4.1	7.31879092960558	-999.9	5.6	9.13194444444444	5.41602420133454	330
HARRINGTON_CDA_CS	2012	2	26	57	-7.9	-0.7	8.33894804436027	-999.9	0.2	7.22222222222222	2.99394018526182	330
HARRINGTON_CDA_CS	2012	2	27	58	-11.6	-7.9	6.05977233617071	-999.9	0.7	3.4375	2.11195681352607	330
HARRINGTON_CDA_CS	2012	2	28	59	-11.7	-5.2	8.1411933099827	-999.9	6.4	5.98379629629631	2.82553184543883	330
HARRINGTON_CDA_CS	2012	2	29	60	-14.2	-5.1	9.76319183529305	-999.9	0	2.74305555555556	2.21828694010034	330
HARRINGTON_CDA_CS	2012	3	1	61	-15.4	-8.9	8.36237613273944	-999.9	0.3	4.61352657004831	1.80443801246461	330
HARRINGTON_CDA_CS	2012	3	2	62	-10.7	-4.1	8.53900904653979	-999.9	0	3.31018518518519	2.6852193039916	330
HARRINGTON_CDA_CS	2012	3	3	63	-9.8	5.2	13.0437579222528	-999.9	10.9	5.84490740740742	4.45688036137779	330
HARRINGTON_CDA_CS	2012	3	4	64	-1.3	3	7.07571971327279	-999.9	0.2	3.85416666666667	5.22409189919823	330
HARRINGTON_CDA_CS	2012	3	5	65	-5.6	0	8.18024025783049	-999.9	1.1	3.47222222222222	4.38409759287194	330
HARRINGTON_CDA_CS	2012	3	6	66	-9.7	-4.6	7.90765800670329	-999.9	0.2	5.17361111111111	2.94331493897154	330
HARRINGTON_CDA_CS	2012	3	7	67	-11.5	1.7	12.8852958223915	-999.9	0.2	4.30555555555556	3.26152420714705	330
HARRINGTON_CDA_CS	2012	3	8	68	1.2	10.3	10.8349153218058	-999.9	0	7.12962962962964	7.03487949994712	330
HARRINGTON_CDA_CS	2012	3	9	69	-3.3	8.2	12.3339684754649	-999.9	7	5.79861111111111	5.37791732000845	330
HARRINGTON_CDA_CS	2012	3	10	70	-9.3	-2.5	9.6030268592054	-999.9	0	3.11342592592592	2.66028083161258	330
HARRINGTON_CDA_CS	2012	3	11	71	-9.8	1.2	12.3651543496786	-999.9	0.2	3.51851851851853	3.50006307549875	330
HARRINGTON_CDA_CS	2012	3	12	72	-3.3	5.8	11.3847175043318	-999.9	0	2.85879629629631	5.21095689495622	330
HARRINGTON_CDA_CS	2012	3	13	73	-4.8	1	9.19945167919795	-999.9	3.1	4.42129629629631	3.79176236931751	330
HARRINGTON_CDA_CS	2012	3	14	74	-4.1	-1.3	6.46875329477787	-999.9	7.7	4.57175925925925	4.57409161676912	330
HARRINGTON_CDA_CS	2012	3	15	75	-2.9	-1.8	4.10277841508959	-999.9	4.8	6.79398148148147	4.7542369311366	330
HARRINGTON_CDA_CS	2012	3	16	76	-2.5	0.9	7.29805567034065	-999.9	0.8	2.85879629629631	4.27489715083243	330
HARRINGTON_CDA_CS	2012	3	17	77	-1.7	6.8	11.6736963857204	-999.9	0.6	3.36805555555556	5.70916475879242	330
HARRINGTON_CDA_CS	2012	3	18	78	2.8	8.7	9.8378637151786	-999.9	0	5.71759259259258	6.62197104877085	330
HARRINGTON_CDA_CS	2012	3	19	79	-3.1	9.1	14.307860391012	-999.9	0.3	4.28240740740742	5.67379521765139	330
HARRINGTON_CDA_CS	2012	3	20	80	-1.1	13.8	15.9901127515995	-999.9	0	4.91898148148147	6.68512178403025	330
HARRINGTON_CDA_CS	2012	3	21	81	1	19.9	18.2094192229754	-999.9	0	3.00925925925925	9.68863383289933	330
HARRINGTON_CDA_CS	2012	3	22	82	8.3	24	16.7789431739423	-999.9	0	4.90740740740742	10.9089056111717	330
HARRINGTON_CDA_CS	2012	3	23	83	-3	8.7	14.6419767467665	-999.9	0	8.00925925925925	4.04027399826164	330
HARRINGTON_CDA_CS	2012	3	24	84	-4.1	2	10.6857694206189	-999.9	0	5.67129629629631	3.33240846193258	330
HARRINGTON_CDA_CS	2012	3	25	85	-3.4	3.4	11.4017428326122	-999.9	0.3	2.43055555555556	3.69530452083333	330
HARRINGTON_CDA_CS	2012	3	26	86	-3.7	3.3	11.6891587827078	-999.9	2.9	5.21990740740742	5.55998296567044	330
HARRINGTON_CDA_CS	2012	3	27	87	-6.8	-1.6	10.1787556929508	-999.9	1.6	10.7175925925926	3.66336055993358	330
HARRINGTON_CDA_CS	2012	3	28	88	-7.1	-2.6	9.56531319448231	-999.9	0	5.30092592592592	3.19216791266574	330
HARRINGTON_CDA_CS	2012	3	29	89	-6.5	0.9	12.3893834673276	-999.9	0	1.49305555555556	3.90946594464079	330
HARRINGTON_CDA_CS	2012	3	30	90	-4.7	3.2	12.9279340298936	-999.9	0	1.5162037037037	4.07948706662395	330
HARRINGTON_CDA_CS	2012	3	31	91	-5.5	1	11.8411737331813	-999.9	0	1.93287037037037	4.0075196657081	330
HARRINGTON_CDA_CS	2012	4	1	92	-6	4.4	15.1223020763628	-999.9	0.2	1.25	4.05053742451899	330
HARRINGTON_CDA_CS	2012	4	2	93	-4.1	5.3	14.5133929014338	-999.9	0	1.5625	4.79967030321995	330
HARRINGTON_CDA_CS	2012	4	3	94	-4.2	1.2	11.1031520652617	-999.9	0	5.63657407407408	4.41621725903633	330
HARRINGTON_CDA_CS	2012	4	4	95	-1.2	3.3	10.2291757499762	-999.9	0	4.09722222222222	5.01192927111714	330
HARRINGTON_CDA_CS	2012	4	5	96	0.4	6.2	11.7185524612243	-999.9	0	3.21759259259258	5.07638684976864	330
HARRINGTON_CDA_CS	2012	4	6	97	-0.6	6.2	12.802083907078	-999.9	0	2.88194444444444	4.84656666100123	330
HARRINGTON_CDA_CS	2012	4	7	98	-2.9	5.2	14.0953438954442	-999.9	0.9	4.6875	5.78721139773109	330
HARRINGTON_CDA_CS	2012	4	8	99	-2.3	2.4	10.8300345105387	-999.9	12.2	9.0625	5.61039673780909	330
HARRINGTON_CDA_CS	2012	4	9	100	0.8	8.2	13.7052008128697	-999.9	0.7	6.49305555555556	7.0604384434209	330
HARRINGTON_CDA_CS	2012	4	10	101	2.7	13.8	16.9262466222378	-999.9	0	4.34027777777778	7.53528185347855	330
HARRINGTON_CDA_CS	2012	4	11	102	0.9	13.6	18.2545778856028	-999.9	0	2.90509259259258	7.40670298381582	330
HARRINGTON_CDA_CS	2012	4	12	103	-0.5	2.3	8.64093981028365	-999.9	1	5.59027777777778	6.13844445208819	330
HARRINGTON_CDA_CS	2012	4	13	104	-1.1	5.3	13.1681695036	-999.9	0	4.32870370370369	5.48853564792063	330
HARRINGTON_CDA_CS	2012	4	14	105	-1	10.8	18.0206925793589	-999.9	0	2.84722222222222	4.92258123382668	330
HARRINGTON_CDA_CS	2012	4	15	106	-1.8	17.6	23.284567177278	-999.9	0.3	2.73148148148148	5.54995138698609	330
HARRINGTON_CDA_CS	2012	4	16	107	5.6	19.5	19.8588229568593	-999.9	0	7.17592592592592	11.3097398832081	330
HARRINGTON_CDA_CS	2012	4	17	108	10.5	19.9	16.4524659774642	-999.9	0	8.42592592592592	14.4017989956711	330
HARRINGTON_CDA_CS	2012	4	18	109	-2.5	10.8	19.7131600711907	-999.9	0	4.40972222222222	6.42684281394836	330
HARRINGTON_CDA_CS	2012	4	19	110	-3.2	6.2	16.6916900111536	-999.9	0	1.85185185185185	5.2834822498137	330
HARRINGTON_CDA_CS	2012	4	20	111	0	18.6	23.6451265133531	-999.9	0	3.53009259259258	9.04272384063511	330
HARRINGTON_CDA_CS	2012	4	21	112	3.9	19	21.4518866950183	-999.9	4	5.78703703703703	10.0250575407237	330
HARRINGTON_CDA_CS	2012	4	22	113	0.4	10.7	17.8373687063329	-999.9	12	4.25925925925925	8.77621176735898	330
HARRINGTON_CDA_CS	2012	4	23	114	0.3	15.6	21.8844985857251	-999.9	0.2	5.64814814814814	9.95044536876414	330
HARRINGTON_CDA_CS	2012	4	24	115	9.4	17.3	15.8280328009611	-999.9	11.3	8.44907407407408	13.9238394724019	330
HARRINGTON_CDA_CS	2012	4	25	116	5.6	15	17.3757632837346	-999.9	11	1.19212962962963	11.14298854947	330
HARRINGTON_CDA_CS	2012	4	26	117	5.2	15.1	17.9435532138778	-999.9	7.1	3.92361111111111	9.04347066888064	330
HARRINGTON_CDA_CS	2012	4	27	118	3.2	14	18.8563742982594	-999.9	25.6	5.89120370370369	9.9294136893741	330
HARRINGTON_CDA_CS	2012	4	28	119	-0.7	3.4	11.6879553882463	-999.9	0	7.00231481481481	4.47892963550804	330
HARRINGTON_CDA_CS	2012	4	29	120	-1.8	7.5	17.7065317351277	-999.9	0.2	3.70370370370369	4.02452858127699	330
HARRINGTON_CDA_CS	2012	4	30	121	-2.7	4.5	15.6692806750745	-999.9	0	2.30324074074074	4.43256282356213	330
HARRINGTON_CDA_CS	2012	5	1	122	-2.7	10.4	21.2546952755005	-999.9	0.2	0.983796296296297	5.38367400458728	330
HARRINGTON_CDA_CS	2012	5	2	123	-1.2	10.4	20.1108561463875	-999.9	0	1.75925925925926	6.35393912763044	330
HARRINGTON_CDA_CS	2012	5	3	124	-0.8	9.3	18.8664745470681	-999.9	0	3.48379629629631	6.01327158650853	330
HARRINGTON_CDA_CS	2012	5	4	125	-0.2	11.9	20.7585823935863	-999.9	0	3.56481481481481	7.35965437929736	330
HARRINGTON_CDA_CS	2012	5	5	126	-0.2	14.4	22.9193911274158	-999.9	0	1.86342592592593	8.04875664399728	330
HARRINGTON_CDA_CS	2012	5	6	127	3.8	8.1	12.5005603215374	-999.9	1	5.84490740740742	8.02505700693499	330
HARRINGTON_CDA_CS	2012	5	7	128	2.8	8.6	14.5889849314276	-999.9	1.7	3.62268518518519	8.22795968166346	330
HARRINGTON_CDA_CS	2012	5	8	129	2.6	16.6	22.7739520762967	-999.9	0.7	2.71604938271605	8.02089105626728	330
HARRINGTON_CDA_CS	2012	5	9	130	6.7	11.6	13.5357854780359	-999.9	26.8	6.68981481481481	10.9633913562787	330
HARRINGTON_CDA_CS	2012	5	10	131	11	17.6	15.780342008965	-999.9	9.5	8.03240740740742	14.5849711048939	330
HARRINGTON_CDA_CS	2012	5	11	132	7.8	17.6	19.3136666540361	-999.9	0	5.05787037037036	11.1076955897023	330
HARRINGTON_CDA_CS	2012	5	12	133	4.8	12.5	17.1930440969547	-999.9	0.2	3.22916666666667	8.71666836915873	330
HARRINGTON_CDA_CS	2012	5	13	134	4.2	13.6	19.0754930053626	-999.9	0	1.94444444444444	9.28380939025154	330
HARRINGTON_CDA_CS	2012	5	14	135	8	19.5	21.1843008911413	-999.9	0.2	2.43055555555556	11.9345989706749	330
HARRINGTON_CDA_CS	2012	5	15	136	12.3	21.1	18.6041183785041	-999.9	0.8	4.00462962962964	15.5405157528324	330
HARRINGTON_CDA_CS	2012	5	16	137	13.4	19.8	15.9261088850159	-999.9	2.9	6.27314814814814	15.6080157576602	330
HARRINGTON_CDA_CS	2012	5	17	138	5.3	18.2	22.6942636187881	-999.9	0	5	11.7661080862984	330
HARRINGTON_CDA_CS	2012	5	18	139	4.7	18	23.125888677973	-999.9	0	4.71064814814814	7.11672176896937	330
HARRINGTON_CDA_CS	2012	5	19	140	8	20.6	22.5870380220869	-999.9	0	3.44907407407408	9.04827333155412	330
HARRINGTON_CDA_CS	2012	5	20	141	6.4	18.8	22.4820797493477	-999.9	0	2.22222222222222	6.8175820019123	330
HARRINGTON_CDA_CS	2012	5	21	142	10.9	26.3	25.1355306801587	-999.9	0	5.90277777777778	10.4718322197013	330
HARRINGTON_CDA_CS	2012	5	22	143	11.5	20.8	19.5939431844385	-999.9	0.9	4.71064814814814	14.7378082162228	330
HARRINGTON_CDA_CS	2012	5	23	144	6	18.3	22.6014548365893	-999.9	0.2	3.55324074074075	13.2338565896575	330
HARRINGTON_CDA_CS	2012	5	24	145	5.9	20.6	24.7797517114321	-999.9	0	2.71990740740741	10.2104582267818	330
HARRINGTON_CDA_CS	2012	5	25	146	9	23.6	24.7639717207708	-999.9	0	5.46296296296297	10.916652644185	330
HARRINGTON_CDA_CS	2012	5	26	147	6.4	22.9	26.3962808755316	-999.9	0	5.34722222222222	13.1966891492894	330
HARRINGTON_CDA_CS	2012	5	27	148	4.9	14.8	20.4987193877968	-999.9	0	2.92824074074075	7.90430181231882	330
HARRINGTON_CDA_CS	2012	5	28	149	3.1	16.1	23.5472823822898	-999.9	0	2.98611111111111	8.58193586529093	330
HARRINGTON_CDA_CS	2012	5	29	150	2.5	10	17.9271599887024	-999.9	0	2.85879629629631	6.74303506066839	330
HARRINGTON_CDA_CS	2012	5	30	151	5.3	8.5	11.7359838128259	-999.9	11.4	4.02777777777778	9.1588603843291	330
HARRINGTON_CDA_CS	2012	5	31	152	8.2	11.9	12.6462295587909	-999.9	0.9	0.949074074074075	11.4759116477369	330
HARRINGTON_CDA_CS	2012	6	1	153	6	11.9	16.001255293538	-999.9	0.2	2.73148148148148	10.1872612371659	330
HARRINGTON_CDA_CS	2012	6	2	154	5.6	16.9	22.1864288592703	-999.9	0.2	3.04398148148147	10.4757328230246	330
HARRINGTON_CDA_CS	2012	6	3	155	6	15.3	20.1633267569688	-999.9	0	4.14351851851853	10.3946541091934	330
HARRINGTON_CDA_CS	2012	6	4	156	7.5	11.4	13.07910591931	-999.9	0	6.48148148148147	10.2581412741181	330
HARRINGTON_CDA_CS	2012	6	5	157	7.5	9.6	9.61242690891504	-999.9	1	5.97222222222222	10.2753537143335	330
HARRINGTON_CDA_CS	2012	6	6	158	7.1	8.6	8.13578362652342	-999.9	3.3	6.09953703703703	10.0434060039194	330
HARRINGTON_CDA_CS	2012	6	7	159	7.3	12.4	15.0218009963801	-999.9	0	3.81944444444444	9.57803389394604	330
HARRINGTON_CDA_CS	2012	6	8	160	8.5	23.2	25.5347508030966	-999.9	0	3.75	10.5658730706577	330
HARRINGTON_CDA_CS	2012	6	9	161	10	15.7	15.9183991020235	-999.9	6.3	4.78009259259258	12.8788171808706	330
HARRINGTON_CDA_CS	2012	6	10	162	7.4	16.9	20.5714927750597	-999.9	0.2	3.33333333333333	12.6333985862634	330
HARRINGTON_CDA_CS	2012	6	11	163	7.1	19.7	23.7128868645099	-999.9	0.2	1.74768518518519	12.3352998189685	330
HARRINGTON_CDA_CS	2012	6	12	164	9.2	22.9	24.7461570062404	-999.9	0	4.66435185185186	12.7609339319376	330
HARRINGTON_CDA_CS	2012	6	13	165	9.7	22.8	24.2150116612012	-999.9	0	3.65740740740742	12.1261681360124	330
HARRINGTON_CDA_CS	2012	6	14	166	11.2	17.9	17.3277141137796	-999.9	0	3.68055555555556	14.9123735528478	330
HARRINGTON_CDA_CS	2012	6	15	167	9.3	13.5	13.7257690664204	-999.9	0	5.625	12.0848928295574	330
HARRINGTON_CDA_CS	2012	6	16	168	7.4	16	19.648201929509	-999.9	0	2.07175925925926	11.4528001149859	330
HARRINGTON_CDA_CS	2012	6	17	169	5.8	19.7	24.9859545078207	-999.9	0	1.875	10.6798210715901	330
HARRINGTON_CDA_CS	2012	6	18	170	9.1	21.3	23.4119109456203	-999.9	0	3.18287037037036	12.2917511749305	330
HARRINGTON_CDA_CS	2012	6	19	171	10.3	22.2	23.1234326908961	-999.9	0	3.86574074074075	13.7698686761879	330
HARRINGTON_CDA_CS	2012	6	20	172	12.8	25.1	23.5075167685535	-999.9	0	4.32870370370369	17.4475366793448	330
HARRINGTON_CDA_CS	2012	6	21	173	11.6	17.8	16.6870255870549	-999.9	0	3.58796296296297	14.5261541219113	330
HARRINGTON_CDA_CS	2012	6	22	174	12	18.9	17.5990833578921	-999.9	1.1	2.74305555555556	16.0300083574363	330
HARRINGTON_CDA_CS	2012	6	23	175	12.8	18.8	16.4050319122519	-999.9	3	4.28240740740742	15.4173449702487	330
HARRINGTON_CDA_CS	2012	6	24	176	12.7	18	15.4109311105848	-999.9	5.6	3.48379629629631	16.0006906593814	330
HARRINGTON_CDA_CS	2012	6	25	177	12.7	23.9	22.3894271517545	-999.9	0	3.09027777777778	16.4534037859705	330
HARRINGTON_CDA_CS	2012	6	26	178	14.6	20.4	16.100691294635	-999.9	10.8	6.72453703703703	18.2390523697693	330
HARRINGTON_CDA_CS	2012	6	27	179	14.6	20.8	16.6332242946186	-999.9	0	6.14583333333333	16.3524538547411	330
HARRINGTON_CDA_CS	2012	6	28	180	14.1	21.6	18.2774162762898	-999.9	2.9	4.95370370370369	16.9287168238251	330
HARRINGTON_CDA_CS	2012	6	29	181	13.9	25.6	22.8052139822071	-999.9	0	5.24305555555556	17.4490276611547	330
HARRINGTON_CDA_CS	2012	6	30	182	17	28	22.087576229295	-999.9	0	4.12037037037036	20.8680026225295	330
HARRINGTON_CDA_CS	2012	7	1	183	16.5	26.6	21.1386047876398	-999.9	0	4.08564814814814	17.5087171870163	330
HARRINGTON_CDA_CS	2012	7	2	184	15.4	25.1	20.688013426148	-999.9	1	2.12962962962963	16.9810727950216	330
HARRINGTON_CDA_CS	2012	7	3	185	14.8	25	21.1837884216579	-999.9	0	2.09490740740741	16.9353507996359	330
HARRINGTON_CDA_CS	2012	7	4	186	15.2	26.5	22.2621277170712	-999.9	0	2.87037037037036	17.6001874286731	330
HARRINGTON_CDA_CS	2012	7	5	187	16.5	22.2	15.7849062195785	-999.9	9.8	4.53703703703703	19.603144849365	330
HARRINGTON_CDA_CS	2012	7	6	188	15	23.8	19.5783554326695	-999.9	0	3.46064814814814	19.4617760163167	330
HARRINGTON_CDA_CS	2012	7	7	189	14	24.3	21.1415524969742	-999.9	0	2.37268518518519	19.8352555743439	330
HARRINGTON_CDA_CS	2012	7	8	190	13.9	22.9	19.7231343163327	-999.9	0	2.77777777777778	15.158000454145	330
HARRINGTON_CDA_CS	2012	7	9	191	13.1	22.7	20.3272978811374	-999.9	0	3.51851851851853	13.2992960349361	330
HARRINGTON_CDA_CS	2012	7	10	192	13.6	25.2	22.2953987607982	-999.9	0	4.46759259259258	12.7797425075668	330
HARRINGTON_CDA_CS	2012	7	11	193	11.3	24.7	23.9074705046563	-999.9	0	2.97453703703703	11.5009484992823	330
HARRINGTON_CDA_CS	2012	7	12	194	15.4	28	23.1267256488765	-999.9	0	5.40509259259258	14.1189476986462	330
HARRINGTON_CDA_CS	2012	7	13	195	16.9	23	16.0507008807214	-999.9	1.1	2.89351851851853	16.6982150819864	330
HARRINGTON_CDA_CS	2012	7	14	196	15.4	25.6	20.7005473014964	-999.9	0	3.54166666666667	20.8846979666289	330
HARRINGTON_CDA_CS	2012	7	15	197	14	25.2	21.631953655873	-999.9	0	2.80092592592592	15.7069532172627	330
HARRINGTON_CDA_CS	2012	7	16	198	16.5	22.5	15.7877251086153	-999.9	0	5.03472222222222	18.8814164105709	330
HARRINGTON_CDA_CS	2012	7	17	199	17.7	24.4	16.6337667506863	-999.9	1.3	1.99074074074074	20.3931488296472	330
HARRINGTON_CDA_CS	2012	7	18	200	16.7	24.3	17.6612409812205	-999.9	0	4.15509259259258	19.956489168112	330
HARRINGTON_CDA_CS	2012	7	19	201	13.1	22.9	19.991273810315	-999.9	0.8	2.73148148148148	15.1705454303596	330
HARRINGTON_CDA_CS	2012	7	20	202	8.7	18.6	20.0267133135334	-999.9	0.4	4.05092592592592	11.7785546717625	330
HARRINGTON_CDA_CS	2012	7	21	203	7.5	23.5	25.3727894762615	-999.9	0.3	1.5162037037037	12.4718769067738	330
HARRINGTON_CDA_CS	2012	7	22	204	13.1	27.3	23.8187991202234	-999.9	0	3.59953703703703	15.7473831736968	330
HARRINGTON_CDA_CS	2012	7	23	205	16.8	27.2	20.3100493061978	-999.9	0	5.63657407407408	16.7249584592985	330
HARRINGTON_CDA_CS	2012	7	24	206	16.4	23.6	16.8356602247239	-999.9	15.8	6.42361111111111	19.8969944210664	330
HARRINGTON_CDA_CS	2012	7	25	207	12.8	19.9	16.6538047803889	-999.9	0.5	3.86574074074075	15.6837401733598	330
HARRINGTON_CDA_CS	2012	7	26	208	12	26.8	23.9489319748415	-999.9	0	3.46064814814814	14.2311291935294	330
HARRINGTON_CDA_CS	2012	7	27	209	15.5	24.6	18.7024024746253	-999.9	0	2.5	17.9141548915692	330
HARRINGTON_CDA_CS	2012	7	28	210	12.5	22.9	19.9097127549358	-999.9	0	2.10648148148148	15.911869605805	330
HARRINGTON_CDA_CS	2012	7	29	211	13.1	23.5	19.8237870176339	-999.9	0	1.31944444444444	16.611778795675	330
HARRINGTON_CDA_CS	2012	7	30	212	14.4	24.8	19.7359505188221	-999.9	0	1.27314814814815	15.4397632475887	330
HARRINGTON_CDA_CS	2012	7	31	213	14.4	29.8	23.9068712575423	-999.9	0	3.59953703703703	18.5967506299972	330
HARRINGTON_CDA_CS	2012	8	1	214	14.7	20.4	14.4767199701439	-999.9	5.4	3.75	16.3843645132152	330
HARRINGTON_CDA_CS	2012	8	2	215	16.2	20.3	12.2192393426837	-999.9	2.5	3.26388888888889	19.057792834445	330
HARRINGTON_CDA_CS	2012	8	3	216	16.3	27.5	20.0969270555845	-999.9	0	4.29398148148147	21.9994059103867	330
HARRINGTON_CDA_CS	2012	8	4	217	14.4	25.3	19.7265422209984	-999.9	0	2.66203703703704	18.2575136634422	330
HARRINGTON_CDA_CS	2012	8	5	218	13	29.1	23.8515255489159	-999.9	0	3.33333333333333	19.0636160260717	330
HARRINGTON_CDA_CS	2012	8	6	219	17.9	27.6	18.4163173933378	-999.9	0.3	5.19675925925925	22.3313376171787	330
HARRINGTON_CDA_CS	2012	8	7	220	14.2	25.4	19.6828320294432	-999.9	0.3	2.09490740740741	17.2847787850531	330
HARRINGTON_CDA_CS	2012	8	8	221	15.7	28.9	21.2507810591706	-999.9	0	2.67361111111111	18.8809250794843	330
HARRINGTON_CDA_CS	2012	8	9	222	17.2	28.2	19.2903935672916	-999.9	0	2.10648148148148	21.5961351844945	330
HARRINGTON_CDA_CS	2012	8	10	223	18	26.3	16.6604917412126	-999.9	0.3	1.64351851851852	21.7335907526214	330
HARRINGTON_CDA_CS	2012	8	11	224	17.5	23.2	13.7257846399972	-999.9	1.1	2.75462962962963	20.9768081849185	330
HARRINGTON_CDA_CS	2012	8	12	225	17.8	26.9	17.2392410007614	-999.9	8.7	2.5462962962963	25.0258941931783	330
HARRINGTON_CDA_CS	2012	8	13	226	19.1	27.6	16.5596463915886	-999.9	0	4.27083333333333	23.975281763487	330
HARRINGTON_CDA_CS	2012	8	14	227	17.9	28.2	18.1155101348798	-999.9	0	1.95601851851852	23.6866661357942	330
HARRINGTON_CDA_CS	2012	8	15	228	18	28.3	18.0005961604139	-999.9	0	2.12962962962963	22.6524455247078	330
HARRINGTON_CDA_CS	2012	8	16	229	18.1	25.6	15.2609279452722	-999.9	40.6	3.63425925925925	21.9334406752731	330
HARRINGTON_CDA_CS	2012	8	17	230	18.2	25.4	14.8540219344952	-999.9	0.8	2.80092592592592	22.0075605176023	330
HARRINGTON_CDA_CS	2012	8	18	231	18.1	26.8	16.2184807105036	-999.9	0	1.79398148148148	22.4416552793104	330
HARRINGTON_CDA_CS	2012	8	19	232	18.6	23.7	12.3325631795471	-999.9	0.8	0.983796296296297	21.7826940882777	330
HARRINGTON_CDA_CS	2012	8	20	233	15.7	23.1	14.7518536350021	-999.9	0.2	2.00231481481481	19.9707038152906	330
HARRINGTON_CDA_CS	2012	8	21	234	14.3	26.5	18.8069188470622	-999.9	0.2	1.36574074074074	19.2320832211633	330
HARRINGTON_CDA_CS	2012	8	22	235	14.8	24.9	16.9882923364568	-999.9	0	2.83564814814814	15.2632036483515	330
HARRINGTON_CDA_CS	2012	8	23	236	14.8	25.9	17.6785205858923	-999.9	0	3.99305555555556	15.6624160539401	330
HARRINGTON_CDA_CS	2012	8	24	237	13.3	21.3	14.8959666104115	-999.9	0	3.70370370370369	15.5893962823576	330
HARRINGTON_CDA_CS	2012	8	25	238	11.6	23.9	18.3298620096876	-999.9	0.2	1.45833333333333	14.4777155051454	330
HARRINGTON_CDA_CS	2012	8	26	239	15.2	26.1	17.1216775936863	-999.9	0.2	4.81481481481481	15.9548580600579	330
HARRINGTON_CDA_CS	2012	8	27	240	17.2	28.6	17.372215879685	-999.9	0	4.73379629629631	18.7517446161828	330
HARRINGTON_CDA_CS	2012	8	28	241	13.5	22.8	15.5652865198862	-999.9	4.1	4.75694444444445	16.7963684759975	330
HARRINGTON_CDA_CS	2012	8	29	242	11.6	19.3	14.048075314894	-999.9	3	3.70370370370369	11.8309712417476	330
HARRINGTON_CDA_CS	2012	8	30	243	12.1	25.3	18.2413537685732	-999.9	0	4.79166666666667	15.4093874334609	330
HARRINGTON_CDA_CS	2012	8	31	244	16.2	27.2	16.5123072132363	-999.9	0	5.04629629629631	17.4206093143296	330
HARRINGTON_CDA_CS	2012	9	1	245	7.3	17.2	15.531481766489	-999.9	0	5.63657407407408	9.28774646824042	330
HARRINGTON_CDA_CS	2012	9	2	246	7.3	18.5	16.3768599097602	-999.9	0.2	2.08333333333333	9.60464712908814	330
HARRINGTON_CDA_CS	2012	9	3	247	10.2	21.4	16.233020034882	-999.9	0	2.31481481481481	13.7952570435201	330
HARRINGTON_CDA_CS	2012	9	4	248	12.7	24.1	16.2313154380721	-999.9	0	3.26388888888889	16.2558930104031	330
HARRINGTON_CDA_CS	2012	9	5	249	13.7	16.7	8.2511623279425	-999.9	48.2	4.53703703703703	15.6808348322159	330
HARRINGTON_CDA_CS	2012	9	6	250	15.3	19	9.07926671118062	-999.9	1.7	3.13657407407408	18.4628803984735	330
HARRINGTON_CDA_CS	2012	9	7	251	14.8	19.4	10.0292028760696	-999.9	0.4	2.51157407407408	16.8779989425393	330
HARRINGTON_CDA_CS	2012	9	8	252	16.2	24.5	13.3446233844147	-999.9	0	4.51388888888889	20.1445543228973	330
HARRINGTON_CDA_CS	2012	9	9	253	14.8	23	13.1369997032909	-999.9	34.3	5.48611111111111	20.0521557972047	330
HARRINGTON_CDA_CS	2012	9	10	254	13.1	15.2	6.58359589164759	-999.9	36.4	4.81481481481481	15.0056866180261	330
HARRINGTON_CDA_CS	2012	9	11	255	10.8	19.1	12.9598257118751	-999.9	0	6.01851851851853	11.9990692650446	330
HARRINGTON_CDA_CS	2012	9	12	256	10.1	21.7	15.1683433721912	-999.9	0.8	2.61574074074074	13.1884467155206	330
HARRINGTON_CDA_CS	2012	9	13	257	12.5	23.6	14.6879864698613	-999.9	0	4.57729468599033	15.1139783743001	330
HARRINGTON_CDA_CS	2012	9	14	258	14.7	23.8	13.1630285407341	-999.9	0	4.00462962962964	18.2639218300438	330
HARRINGTON_CDA_CS	2012	9	15	259	13.8	21.9	12.2900857388041	-999.9	5.1	4.90740740740742	16.7313724310487	330
HARRINGTON_CDA_CS	2012	9	16	260	8.9	15.6	11.0603845197884	-999.9	0	3.92361111111111	10.5025741312899	330
HARRINGTON_CDA_CS	2012	9	17	261	9.7	19.5	13.2345653154776	-999.9	0	3.98148148148147	11.0191664714516	330
HARRINGTON_CDA_CS	2012	9	18	262	10.8	20.2	12.8223632545944	-999.9	0	4.81481481481481	13.2969508663477	330
HARRINGTON_CDA_CS	2012	9	19	263	11.8	22.4	13.4681702438606	-999.9	12	7.09490740740742	15.8909337554696	330
HARRINGTON_CDA_CS	2012	9	20	264	11.9	14.1	6.06824199063272	-999.9	3.7	4.16666666666667	12.2490907722426	330
HARRINGTON_CDA_CS	2012	9	21	265	14	21.6	11.1531875080605	-999.9	3.9	2.93981481481481	19.1330939891321	330
HARRINGTON_CDA_CS	2012	9	22	266	19.3	22.7	7.37594268102394	-999.9	9.4	5.40509259259258	22.859020662902	330
HARRINGTON_CDA_CS	2012	9	23	267	12.7	23.4	12.9360451634595	-999.9	16.5	4.94212962962964	18.0640147951386	330
HARRINGTON_CDA_CS	2012	9	24	268	9.5	18.5	11.7275870980148	-999.9	11.2	2.09490740740741	12.1508073531944	330
HARRINGTON_CDA_CS	2012	9	25	269	8.3	18	12.0336630488737	-999.9	0.7	3.96990740740742	10.8486484624281	330
HARRINGTON_CDA_CS	2012	9	26	270	11.5	19.1	10.5266637457985	-999.9	0.8	5.53240740740742	13.8328164574588	330
HARRINGTON_CDA_CS	2012	9	27	271	7	16.5	11.6296275368353	-999.9	1	4.57175925925925	10.3242966131251	330
HARRINGTON_CDA_CS	2012	9	28	272	6.4	15.6	11.3075041833125	-999.9	0	2.01388888888889	9.74751618070215	330
HARRINGTON_CDA_CS	2012	9	29	273	7.3	15.2	10.3515358507733	-999.9	20.1	3.83101851851853	12.1283216908279	330
HARRINGTON_CDA_CS	2012	9	30	274	15.1	19.6	7.71731608615027	-999.9	28.5	5.75231481481481	18.6978688842897	330
HARRINGTON_CDA_CS	2012	10	1	275	11.6	19.4	10.0352312506108	-999.9	16.4	4.40972222222222	15.0207661033146	330
HARRINGTON_CDA_CS	2012	10	2	276	11.2	18	9.25351631191766	-999.9	0	4.07407407407408	14.0085933375237	330
HARRINGTON_CDA_CS	2012	10	3	277	11.3	17.6	8.79524759116325	-999.9	0	4.57175925925925	12.3089541415447	330
HARRINGTON_CDA_CS	2012	10	4	278	10.6	14.7	7.00566620364364	-999.9	0	2.95138888888889	12.4715829906503	330
HARRINGTON_CDA_CS	2012	10	5	279	10.4	16.4	8.36697054887627	-999.9	0.3	1.50462962962963	13.2614120055855	330
HARRINGTON_CDA_CS	2012	10	6	280	13.2	18.3	7.61499076042043	-999.9	0	5.98379629629631	14.9742746569293	330
HARRINGTON_CDA_CS	2012	10	7	281	9.4	16.8	9.05419122950923	-999.9	0.6	2.90509259259258	11.9888787896643	330
HARRINGTON_CDA_CS	2012	10	8	282	5.7	12	8.24541935546018	-999.9	3.6	2.74305555555556	9.3887650976439	330
HARRINGTON_CDA_CS	2012	10	9	283	4.3	11.9	8.93755034103881	-999.9	0.2	1.53935185185185	7.75440958321493	330
HARRINGTON_CDA_CS	2012	10	10	284	9	14.4	7.43429602843172	-999.9	1.3	3.66898148148147	11.7174052406962	330
HARRINGTON_CDA_CS	2012	10	11	285	3.5	16.1	11.2052898097927	-999.9	1.3	7.75462962962964	8.80946408099635	330
HARRINGTON_CDA_CS	2012	10	12	286	2.7	9.1	7.87930426992515	-999.9	12.1	3.63425925925925	7.38296901830253	330
HARRINGTON_CDA_CS	2012	10	13	287	-0.2	6.5	7.95357301144625	-999.9	0.2	4.36342592592592	5.17892909772924	330
HARRINGTON_CDA_CS	2012	10	14	288	-0.6	7	8.35655674687278	-999.9	0.5	2.95138888888889	5.9766771823484	330
HARRINGTON_CDA_CS	2012	10	15	289	7	17.2	9.5496388060582	-999.9	3.3	3.09027777777778	13.1529099792506	330
HARRINGTON_CDA_CS	2012	10	16	290	6	18	10.2168336835289	-999.9	7.6	6.12268518518519	12.7262158276457	330
HARRINGTON_CDA_CS	2012	10	17	291	4.5	9.8	6.69695034086811	-999.9	0	4.60648148148147	7.48365116530422	330
HARRINGTON_CDA_CS	2012	10	18	292	5.2	11.3	7.08588740968241	-999.9	0	2.06018518518519	8.7308493694408	330
HARRINGTON_CDA_CS	2012	10	19	293	5.1	15.8	9.25529744818726	-999.9	0	3.02083333333333	9.68332208189445	330
HARRINGTON_CDA_CS	2012	10	20	294	9.9	18.5	8.18272926344311	-999.9	1.7	6.88657407407408	14.1520899977682	330
HARRINGTON_CDA_CS	2012	10	21	295	8.7	17.1	7.97485488736351	-999.9	1.3	3.92361111111111	13.5635295491141	330
HARRINGTON_CDA_CS	2012	10	22	296	5.8	13.2	7.38107197266313	-999.9	1.5	4.10879629629631	9.11558800871993	330
HARRINGTON_CDA_CS	2012	10	23	297	4.2	7.5	4.86037576492206	-999.9	1.3	4.59490740740742	6.69518716765014	330
HARRINGTON_CDA_CS	2012	10	24	298	3.5	6.7	4.71942124048811	-999.9	1.6	3.79629629629631	6.95457657768974	330
HARRINGTON_CDA_CS	2012	10	25	299	3.7	6.3	4.19464975663162	-999.9	0	4.53703703703703	6.42808965299018	330
HARRINGTON_CDA_CS	2012	10	26	300	3.3	9.8	6.53970722464394	-999.9	0	3.70370370370369	7.29986360666126	330
HARRINGTON_CDA_CS	2012	10	27	301	4.8	11	6.29782248589242	-999.9	0	4.25925925925925	9.57533781465552	330
HARRINGTON_CDA_CS	2012	10	28	302	7.4	11.7	5.17160343045886	-999.9	0	5.06944444444445	11.4825901787343	330
HARRINGTON_CDA_CS	2012	10	29	303	11.4	16.9	5.76733866912087	-999.9	0	6.11111111111111	13.7320662639904	330
HARRINGTON_CDA_CS	2012	10	30	304	11.9	14.5	3.91015479319973	-999.9	0	8.18287037037036	13.0006038917805	330
HARRINGTON_CDA_CS	2012	10	31	305	12	14.9	4.07223588614867	-999.9	11.8	6.82870370370369	13.9630942268815	330
HARRINGTON_CDA_CS	2012	11	1	306	11.7	17.6	5.7280080028893	-999.9	4.9	2.88194444444444	15.1069203994251	330
HARRINGTON_CDA_CS	2012	11	2	307	8.5	13	4.933421591636	-999.9	0	2.66203703703704	11.3528100908207	330
HARRINGTON_CDA_CS	2012	11	3	308	8.1	11.9	4.47118426098813	-999.9	0.4	3.00925925925925	11.3685105433196	330
HARRINGTON_CDA_CS	2012	11	4	309	4.3	9.8	5.30553516983437	-999.9	3.6	2.83564814814814	9.10391614111281	330
HARRINGTON_CDA_CS	2012	11	5	310	1	4.4	4.11468540883989	-999.9	0.7	2.51157407407408	6.29320751532475	330
HARRINGTON_CDA_CS	2012	11	6	311	-2.9	2.3	5.01977751240387	-999.9	0	3.99305555555556	3.64807996313828	330
HARRINGTON_CDA_CS	2012	11	7	312	-4.5	4.9	6.6584445071391	-999.9	4.9	3.83333333333333	4.45437420728343	330
HARRINGTON_CDA_CS	2012	11	8	313	3.6	8.1	4.54554392596062	-999.9	21.5	7.21064814814814	8.74687540010473	330
HARRINGTON_CDA_CS	2012	11	9	314	1.6	7.3	5.04820274415309	-999.9	0.4	4.84953703703703	7.78304946733567	330
HARRINGTON_CDA_CS	2012	11	10	315	-1.2	3.1	4.32719811209266	-999.9	0	5.24305555555556	4.14297349638477	330
HARRINGTON_CDA_CS	2012	11	11	316	-1.9	5.4	5.56499915575173	-999.9	0	2.97453703703703	4.70530894098639	330
HARRINGTON_CDA_CS	2012	11	12	317	5.4	13.4	5.75098580593445	-999.9	0	4.59490740740742	9.123549597882	330
HARRINGTON_CDA_CS	2012	11	13	318	4.9	17.9	7.23818643142428	-999.9	7.7	6.43518518518519	11.1713358354424	330
HARRINGTON_CDA_CS	2012	11	14	319	4	5.3	2.26028094682556	-999.9	1.8	4.21296296296297	6.99548250913762	330
HARRINGTON_CDA_CS	2012	11	15	320	4.1	6.1	2.76894961947995	-999.9	0.8	5.94907407407408	6.94722501682538	330
HARRINGTON_CDA_CS	2012	11	16	321	2.1	4.9	3.2364571279706	-999.9	0.5	3.20601851851853	6.63701537159347	330
HARRINGTON_CDA_CS	2012	11	17	322	-2.8	3.9	4.94658396831558	-999.9	0.6	3.41435185185186	4.84774713430396	330
HARRINGTON_CDA_CS	2012	11	18	323	-3.2	2.5	4.50893342568408	-999.9	0	2.5462962962963	4.30717164457323	330
HARRINGTON_CDA_CS	2012	11	19	324	-3.6	6.3	5.87379273173049	-999.9	0	2.31481481481481	5.37584731994016	330
HARRINGTON_CDA_CS	2012	11	20	325	-2.7	6.6	5.62870256022916	-999.9	0.2	2.39583333333333	5.93682538343817	330
HARRINGTON_CDA_CS	2012	11	21	326	0.1	6.4	4.58151447494455	-999.9	0	1.66666666666667	6.41432416243899	330
HARRINGTON_CDA_CS	2012	11	22	327	-0.1	9.1	5.47666027607088	-999.9	0	3.37962962962964	6.87714198857423	330
HARRINGTON_CDA_CS	2012	11	23	328	3.5	10.5	4.72683144384154	-999.9	0	5.02314814814814	8.3165135299101	330
HARRINGTON_CDA_CS	2012	11	24	329	5.8	10.3	3.75100479031283	-999.9	8.9	2.28009259259259	10.3572883244339	330
HARRINGTON_CDA_CS	2012	11	25	330	-2.5	6.4	5.22255003269163	-999.9	0.4	7.01388888888889	5.28997724464566	330
HARRINGTON_CDA_CS	2012	11	26	331	-3.5	-0.4	3.05242886379437	-999.9	0	6.46990740740742	3.31106122123087	330
HARRINGTON_CDA_CS	2012	11	27	332	-8.3	-1.8	4.37858875977322	-999.9	0	2.84722222222222	2.7763438125328	330
HARRINGTON_CDA_CS	2012	11	28	333	-7.7	0.9	4.99091197074825	-999.9	0.2	1.99074074074074	3.52947332101222	330
HARRINGTON_CDA_CS	2012	11	29	334	-7.2	-0.5	4.36683108838321	-999.9	2.2	3.65740740740742	3.35568240164377	330
HARRINGTON_CDA_CS	2012	11	30	335	-10.9	-5.7	3.81486044012922	-999.9	0.7	5.47453703703703	2.15072448549096	330
HARRINGTON_CDA_CS	2012	12	1	336	-10.6	-3.1	4.54474751955916	-999.9	0.2	3.83101851851853	2.59993303450423	330
HARRINGTON_CDA_CS	2012	12	2	337	-10.4	5.6	6.58718372677431	-999.9	3.1	6.04166666666667	3.76135840199079	330
HARRINGTON_CDA_CS	2012	12	3	338	1.9	9.3	4.44712186060502	-999.9	5.9	5.37037037037036	8.47555230091433	330
HARRINGTON_CDA_CS	2012	12	4	339	1.4	3.2	2.17815915759746	-999.9	0.2	3.41435185185186	6.25540751962413	330
HARRINGTON_CDA_CS	2012	12	5	340	0.8	9.3	4.70244499986003	-999.9	1.9	6.14583333333333	7.86984590530324	330
HARRINGTON_CDA_CS	2012	12	6	341	-1.9	0.8	2.63409543707001	-999.9	1.4	6.09953703703703	4.54834574651275	330
HARRINGTON_CDA_CS	2012	12	7	342	-3.4	0	2.93901944263654	-999.9	0	2.69675925925926	4.40362207430569	330
HARRINGTON_CDA_CS	2012	12	8	343	-0.2	7.1	4.2837013083991	-999.9	5.4	2.56944444444444	7.22843258292358	330
HARRINGTON_CDA_CS	2012	12	9	344	-3.8	7.9	5.39672086890645	-999.9	0.4	4.76851851851853	5.53315788896064	330
HARRINGTON_CDA_CS	2012	12	10	345	-4.6	10.6	6.1238641333679	-999.9	33.6	3.25231481481481	6.60938470295443	330
HARRINGTON_CDA_CS	2012	12	11	346	-5.1	11.3	6.33552423743308	-999.9	6.5	3.96990740740742	6.56694029885502	330
HARRINGTON_CDA_CS	2012	12	12	347	-6.6	-2.4	3.19473447195689	-999.9	0	3.25231481481481	3.33590891693182	330
HARRINGTON_CDA_CS	2012	12	13	348	-7.6	-1.9	3.7101533313716	-999.9	0	2.51157407407408	3.40096366376665	330
HARRINGTON_CDA_CS	2012	12	14	349	-5	3.4	4.49195242580275	-999.9	1.4	2.93981481481481	4.83700270170374	330
HARRINGTON_CDA_CS	2012	12	15	350	-8.5	0.3	4.58750304421137	-999.9	2.7	6.62037037037036	3.66078458928224	330
HARRINGTON_CDA_CS	2012	12	16	351	-10.1	-0.8	4.70777706171888	-999.9	1	4.18981481481481	3.43757413175596	330
HARRINGTON_CDA_CS	2012	12	17	352	-1.2	1.7	2.62551069069529	-999.9	2	2.83564814814814	5.802130614402	330
HARRINGTON_CDA_CS	2012	12	18	353	-0.1	2.1	2.28490608010163	-999.9	0	4.76851851851853	5.63301439554903	330
HARRINGTON_CDA_CS	2012	12	19	354	0.2	1.9	2.00782612879401	-999.9	0	6.89814814814814	5.33313578794011	330
HARRINGTON_CDA_CS	2012	12	20	355	-1.3	1.4	2.53064271454412	-999.9	0	4.32870370370369	5.26006893416261	330
HARRINGTON_CDA_CS	2012	12	21	356	-1.9	3.1	3.44575135311224	-999.9	1.7	2.8125	5.61430549658783	330
HARRINGTON_CDA_CS	2012	12	22	357	2.7	9.5	4.02258970689649	-999.9	16.4	5.625	8.91993073043656	330
HARRINGTON_CDA_CS	2012	12	23	358	-7.8	4.3	5.37400531827323	-999.9	0.8	5.82175925925925	4.73668278767219	330
HARRINGTON_CDA_CS	2012	12	24	359	-8.7	-6.6	2.24321075923888	-999.9	0	8.71527777777778	2.33369269086161	330
HARRINGTON_CDA_CS	2012	12	25	360	-9.3	-4.7	3.32808273490767	-999.9	0	4.53703703703703	2.76179257353702	330
HARRINGTON_CDA_CS	2012	12	26	361	-7.5	-2.6	3.44481821455363	-999.9	0	2.75462962962963	3.65916859582399	330
HARRINGTON_CDA_CS	2012	12	27	362	-4	0.9	3.45633615273789	-999.9	12.2	4.18981481481481	4.73418776238558	330
HARRINGTON_CDA_CS	2012	12	28	363	-2.1	2.8	3.46944700813767	-999.9	5.9	4.79166666666667	6.02332185190354	330
HARRINGTON_CDA_CS	2012	12	29	364	-5.1	-2.1	2.72621131410284	-999.9	0.2	4.08564814814814	4.25760918706991	330
HARRINGTON_CDA_CS	2012	12	30	365	-3.8	0.8	3.39159804184536	-999.9	13	9.12037037037036	5.22520775848615	330
HARRINGTON_CDA_CS	2012	12	31	366	-9.6	-2	4.38173394920245	-999.9	0	7.1875	3.2619528210781	330
