MAPLE_PLAINS	2003	1	1	1	-5.6	2.3	4.47828011239618	-999.9	1.2	4.78009259259258	4.33367705774147	330
MAPLE_PLAINS	2003	1	2	2	-7.6	-5	2.58328868070366	-999.9	0.8	6.18055555555556	2.82120196521548	330
MAPLE_PLAINS	2003	1	3	3	-14.4	-4.9	4.96726423452087	-999.9	0	2.04861111111111	2.35507213011683	330
MAPLE_PLAINS	2003	1	4	4	-14.1	-2.1	5.61813977621095	-999.9	23.2	5.57870370370369	3.24489382674866	330
MAPLE_PLAINS	2003	1	5	5	-5	-2.5	2.5816185470344	-999.9	0	5.09259259259258	3.73618654427368	330
MAPLE_PLAINS	2003	1	6	6	-5.8	-2.5	2.98723322250312	-999.9	0.6	1.15740740740741	3.55729983155303	330
MAPLE_PLAINS	2003	1	7	7	-6.5	-1.1	3.8500391833127	-999.9	1.6	4.20138888888889	4.09388905932086	330
MAPLE_PLAINS	2003	1	8	8	-7.4	-1.8	3.95166685576352	-999.9	0.4	5.38194444444444	3.36087894527254	330
MAPLE_PLAINS	2003	1	9	9	-11.7	-6.4	3.87614477227168	-999.9	0	4.80324074074075	2.14116034472838	330
MAPLE_PLAINS	2003	1	10	10	-18.8	-7.5	5.70860981368811	-999.9	12.2	2.87037037037036	1.71408434698328	330
MAPLE_PLAINS	2003	1	11	11	-15.1	-8.9	4.26643293973996	-999.9	0.4	4.61805555555556	1.836224560678	330
MAPLE_PLAINS	2003	1	12	12	-16.4	-10.5	4.20065771119353	-999.9	0	4.51388888888889	1.43874303315247	330
MAPLE_PLAINS	2003	1	13	13	-12	-3.4	5.12038140193817	-999.9	1.8	4.81884057971014	2.09749367971426	330
MAPLE_PLAINS	2003	1	14	14	-15.1	-2.2	6.3335114946692	-999.9	0.2	4.79166666666667	1.93409887305719	330
MAPLE_PLAINS	2003	1	15	15	-24.3	-14.9	5.4618560803215	-999.9	0	2.15277777777778	0.957858766735831	330
MAPLE_PLAINS	2003	1	16	16	-26.5	-12.7	6.68755854772616	-999.9	0	3.03240740740742	0.993260926494136	330
MAPLE_PLAINS	2003	1	17	17	-16.9	-7.9	5.45910214594152	-999.9	2.6	3.28703703703703	1.65520669563622	330
MAPLE_PLAINS	2003	1	18	18	-26	-11.9	6.90870515716059	-999.9	0	3.06712962962964	1.10389615387878	330
MAPLE_PLAINS	2003	1	19	19	-26.7	-6.1	8.44535861006804	-999.9	0	2.52314814814815	1.69379732775266	330
MAPLE_PLAINS	2003	1	20	20	-10.2	-5.6	4.03706780071549	-999.9	0.4	2.15277777777778	2.69711255854657	330
MAPLE_PLAINS	2003	1	21	21	-17.6	-9.7	5.35307821286232	-999.9	0	9.36342592592592	1.57391419765473	330
MAPLE_PLAINS	2003	1	22	22	-19.5	-14.8	4.17866146065726	-999.9	0	8.70370370370369	0.910487345766494	330
MAPLE_PLAINS	2003	1	23	23	-14.2	-6.5	5.41404902080258	-999.9	0.4	3.51851851851853	2.19886139432967	330
MAPLE_PLAINS	2003	1	24	24	-16	-6	6.24670227682584	-999.9	0.8	5.15046296296297	2.05383852195966	330
MAPLE_PLAINS	2003	1	25	25	-17.7	-10.5	5.36749417520306	-999.9	0	4.10879629629631	1.18112202124388	330
MAPLE_PLAINS	2003	1	26	26	-14.9	-0.5	7.68806075843177	-999.9	11.4	3.58796296296297	2.61314080092093	330
MAPLE_PLAINS	2003	1	27	27	-8.6	0.4	6.15684129912964	-999.9	1.4	3.33333333333333	4.37971861859879	330
MAPLE_PLAINS	2003	1	28	28	-15.5	-9.1	5.2601003187724	-999.9	0	6.46990740740742	1.63330456604721	330
MAPLE_PLAINS	2003	1	29	29	-16.5	-5.5	6.98761955610619	-999.9	0	4.44444444444444	1.70408130507534	330
MAPLE_PLAINS	2003	1	30	30	-20.5	-5	8.4059068816746	-999.9	0	1.38888888888889	1.92558917666091	330
MAPLE_PLAINS	2003	1	31	31	-9.2	-1.9	5.84680232362522	-999.9	7.8	1.67824074074074	3.39877027787504	330
MAPLE_PLAINS	2003	2	1	32	-2.7	0.2	3.73544414213268	-999.9	11.2	2.01388888888889	4.47024494178378	330
MAPLE_PLAINS	2003	2	2	33	-1.6	2.8	4.66444013155545	-999.9	42.8	5.86805555555556	4.80338728713651	330
MAPLE_PLAINS	2003	2	3	34	-3.2	2.9	5.56810554769168	-999.9	1	5.57870370370369	4.68068305244647	330
MAPLE_PLAINS	2003	2	4	35	-10	0.1	7.26453542111526	-999.9	8	4.17824074074075	3.45776325543342	330
MAPLE_PLAINS	2003	2	5	36	-11.1	4.4	9.12533512811747	-999.9	0	7.73148148148147	3.52908618407428	330
MAPLE_PLAINS	2003	2	6	37	-14.1	-10.4	4.52112884310976	-999.9	0	8.20601851851853	1.3773703067516	330
MAPLE_PLAINS	2003	2	7	38	-15.5	-3.1	8.39350358076896	-999.9	6.6	3.49537037037036	2.29506752307978	330
MAPLE_PLAINS	2003	2	8	39	-11	-3.3	6.70785737907452	-999.9	0	4.59490740740742	2.29828760981097	330
MAPLE_PLAINS	2003	2	9	40	-10.4	-2	7.10558868527441	-999.9	0	3.00925925925925	2.84231276711159	330
MAPLE_PLAINS	2003	2	10	41	-19.4	-5	9.43574112546344	-999.9	5.2	3.88888888888889	1.91424027642816	330
MAPLE_PLAINS	2003	2	11	42	-21.6	-4	10.5802124497696	-999.9	1	3.83101851851853	2.58527103472411	330
MAPLE_PLAINS	2003	2	12	43	-23.5	-6.3	10.608430751726	-999.9	9.2	3.64583333333333	1.5990353938842	330
MAPLE_PLAINS	2003	2	13	44	-22.3	-6.2	10.4100081296174	-999.9	0	8.53009259259258	1.14388118672623	330
MAPLE_PLAINS	2003	2	14	45	-25.3	-19.6	6.28240553781602	-999.9	0	9.20138888888889	0.552091528941998	330
MAPLE_PLAINS	2003	2	15	46	-24.2	-18.5	6.37195265565619	-999.9	0	8.31018518518519	0.573107042477224	330
MAPLE_PLAINS	2003	2	16	47	-22.4	-14.1	7.79855182763515	-999.9	0	4.73379629629631	0.753713602876946	330
MAPLE_PLAINS	2003	2	17	48	-21.9	-13.8	7.81353622954201	-999.9	0	2.52314814814815	0.925636333944062	330
MAPLE_PLAINS	2003	2	18	49	-15.3	-5.4	8.7607359867468	-999.9	0	2.08333333333333	1.71851940081293	330
MAPLE_PLAINS	2003	2	19	50	-10.1	-1.7	8.18399873317645	-999.9	0.8	1.96859903381642	2.54824267352615	330
MAPLE_PLAINS	2003	2	20	51	-2.9	2.9	6.89644586812432	-999.9	0	4.52546296296297	4.13596194318458	330
MAPLE_PLAINS	2003	2	21	52	-7.9	3.4	9.76148871241406	-999.9	0	4.59595959595958	3.62885711309466	330
MAPLE_PLAINS	2003	2	22	53	-9	-5.4	5.58690545216043	-999.9	7.4	2.68518518518519	2.21546495984898	330
MAPLE_PLAINS	2003	2	23	54	-8.1	5.7	11.0911950753159	-999.9	20.2	5.99537037037036	3.96062516438619	330
MAPLE_PLAINS	2003	2	24	55	-8	5.4	11.0811100835231	-999.9	0	9.60144927536233	2.90490819036851	330
MAPLE_PLAINS	2003	2	25	56	-15.7	-7.1	9.00001935906573	-999.9	0	5.82175925925925	1.6315063118561	330
MAPLE_PLAINS	2003	2	26	57	-19	-12	8.23144140065828	-999.9	0	5.32407407407408	0.938847912306662	330
MAPLE_PLAINS	2003	2	27	58	-17.1	-9.6	8.6368936795071	-999.9	0	3.29861111111111	1.18134238417499	330
MAPLE_PLAINS	2003	2	28	59	-20.8	-5.8	12.3805020993235	-999.9	0	1.18055555555556	1.53696836336209	330
MAPLE_PLAINS	2003	3	1	60	-19.7	0	14.3798820832118	-999.9	0	1.41203703703704	1.90957749161784	330
MAPLE_PLAINS	2003	3	2	61	-9	1.9	10.8399505477291	-999.9	21.6	5.50925925925925	3.59933396212641	330
MAPLE_PLAINS	2003	3	3	62	-15.7	4.3	14.8792686998183	-999.9	0.6	9.52546296296297	2.94776135994215	330
MAPLE_PLAINS	2003	3	4	63	-17.5	-9	9.82851264881074	-999.9	2.4	7.38425925925925	1.15203645728454	330
MAPLE_PLAINS	2003	3	5	64	-8.6	-4.1	7.24526286874078	-999.9	18.4	3.37962962962964	3.08102343584729	330
MAPLE_PLAINS	2003	3	6	65	-14.2	-5.3	10.322120167134	-999.9	0.8	4.43287037037036	2.61902114987902	330
MAPLE_PLAINS	2003	3	7	66	-17.3	-8	10.6880037432148	-999.9	1	4.00966183574881	1.43762326811574	330
MAPLE_PLAINS	2003	3	8	67	-9.4	-0.9	10.3490336921069	-999.9	0	3.26388888888889	2.94009483738219	330
MAPLE_PLAINS	2003	3	9	68	-5.4	2.9	10.3566062736126	-999.9	2	5.60185185185186	4.31587115618208	330
MAPLE_PLAINS	2003	3	10	69	-19.6	-8.3	12.2365086603834	-999.9	0	4.96527777777778	1.07586207485633	330
MAPLE_PLAINS	2003	3	11	70	-15.9	-3.4	13.0305869756984	-999.9	0	5.64814814814814	1.8504913857068	330
MAPLE_PLAINS	2003	3	12	71	-4.3	2.4	9.65799315978307	-999.9	0	5.15046296296297	4.40335779724485	330
MAPLE_PLAINS	2003	3	13	72	-8.6	-0.5	10.7493320828182	-999.9	2.6	3.48379629629631	2.64554967446118	330
MAPLE_PLAINS	2003	3	14	73	-13.5	-6.9	9.82083794259111	-999.9	2.4	4.40972222222222	1.9270541874162	330
MAPLE_PLAINS	2003	3	15	74	-15.2	-7.2	10.9422473657271	-999.9	0	3.48379629629631	1.31629197466844	330
MAPLE_PLAINS	2003	3	16	75	-11.8	-4.5	10.5768063024621	-999.9	13.2	2.56944444444444	1.88253996299202	330
MAPLE_PLAINS	2003	3	17	76	-8.2	-0.7	10.8467915441305	-999.9	1.2	4.21296296296297	3.65472120520898	330
MAPLE_PLAINS	2003	3	18	77	-9.2	-2.1	10.6763477060336	-999.9	0.4	4.86111111111111	3.29832832858368	330
MAPLE_PLAINS	2003	3	19	78	-12.6	-5.8	10.5685551906851	-999.9	0.4	5.54398148148147	2.08028710424539	330
MAPLE_PLAINS	2003	3	20	79	-10.4	3.6	15.3368805277805	-999.9	2.2	4.27536231884058	3.14992304615389	330
MAPLE_PLAINS	2003	3	21	80	-0.3	5.9	10.3210635772617	-999.9	3.6	4.57175925925925	5.84684129876097	330
MAPLE_PLAINS	2003	3	22	81	-0.6	3.6	8.58918862371272	-999.9	0	2.36111111111111	5.46827042075194	330
MAPLE_PLAINS	2003	3	23	82	-2.5	2.5	9.47445582119505	-999.9	4	2.55787037037037	4.57683129438216	330
MAPLE_PLAINS	2003	3	24	83	-3.7	-0.8	7.29377861317963	-999.9	0	2.62731481481481	4.18847203032416	330
MAPLE_PLAINS	2003	3	25	84	-2.7	3	10.3351673322302	-999.9	0	4.75694444444444	4.63782129425151	330
MAPLE_PLAINS	2003	3	26	85	-0.6	7.3	12.2959488533959	-999.9	1.6	3.91203703703703	5.48640373324103	330
MAPLE_PLAINS	2003	3	27	86	-0.3	5.6	10.7370402657542	-999.9	14.8	2.74305555555556	5.95534749677558	330
MAPLE_PLAINS	2003	3	28	87	-1.1	5.5	11.4731336155247	-999.9	0	3.4375	5.15372941619301	330
MAPLE_PLAINS	2003	3	29	88	0.3	9.2	13.4585365604327	-999.9	5.8	5.49516908212561	6.17300575547555	330
MAPLE_PLAINS	2003	3	30	89	0.6	10.8	14.5524715024848	-999.9	40.6	3.64583333333333	7.58406142616944	330
MAPLE_PLAINS	2003	3	31	90	-2.5	9.3	15.8071096564787	-999.9	27.2	1.6087962962963	4.84227172466468	330
MAPLE_PLAINS	2003	4	1	91	-5.7	-2.3	8.56774562805634	-999.9	0.4	0.694444444444444	3.42992586420954	330
MAPLE_PLAINS	2003	4	2	92	-9.4	2.6	16.2507776598897	-999.9	3.6	1.45833333333333	3.21221852554953	330
MAPLE_PLAINS	2003	4	3	93	-4.9	-0.4	10.0458555441317	-999.9	3.8	3.24074074074075	3.55681585621641	330
MAPLE_PLAINS	2003	4	4	94	-8.8	-3.7	10.7945267656205	-999.9	0	3.93518518518519	2.17838901535596	330
MAPLE_PLAINS	2003	4	5	95	-10.7	-2	14.2284204935056	-999.9	13.4	2.56944444444444	2.8632092863742	330
MAPLE_PLAINS	2003	4	6	96	-4.9	-0.7	9.97564471661987	-999.9	1.2	3.83101851851853	3.91103758880391	330
MAPLE_PLAINS	2003	4	7	97	-11.2	-1.9	14.9767583559497	-999.9	0	4.40972222222222	2.52906194576968	330
MAPLE_PLAINS	2003	4	8	98	-12.2	1.9	18.6031608856521	-999.9	0	1.44675925925926	2.7064847398369	330
MAPLE_PLAINS	2003	4	9	99	-5.9	5.4	16.7980217772749	-999.9	0	1.23842592592593	3.62446107793999	330
MAPLE_PLAINS	2003	4	10	100	-6.9	8.1	19.5185374136512	-999.9	0	1.36574074074074	3.6971961984931	330
MAPLE_PLAINS	2003	4	11	101	-1.7	10.3	17.6041918314184	-999.9	0.4	3.46064814814814	4.21752668510819	330
MAPLE_PLAINS	2003	4	12	102	0	5.4	11.9065902565553	-999.9	34.2	4.81481481481481	5.744556202372	330
MAPLE_PLAINS	2003	4	13	103	-2.3	-0.1	7.66140291406081	-999.9	0.6	8.29861111111111	4.12742681976382	330
MAPLE_PLAINS	2003	4	14	104	-2.6	4.1	13.4766617411765	-999.9	2.2	3.13657407407408	4.0353557065931	330
MAPLE_PLAINS	2003	4	15	105	-0.7	9.6	16.8404310372381	-999.9	5.6	4.0625	6.06074779182158	330
MAPLE_PLAINS	2003	4	16	106	-4.8	5.3	16.8045475171778	-999.9	0.8	3.77314814814814	4.76161310855759	330
MAPLE_PLAINS	2003	4	17	107	-11	-1.2	16.6783388174623	-999.9	0	6.04166666666667	1.82479644382545	330
MAPLE_PLAINS	2003	4	18	108	-8	6.2	20.2255257559922	-999.9	0	2.47685185185185	2.61871390011995	330
MAPLE_PLAINS	2003	4	19	109	-0.3	9.9	17.2668896359053	-999.9	0	2.37268518518519	4.05522465262735	330
MAPLE_PLAINS	2003	4	20	110	-2.8	11.2	20.374132734665	-999.9	0	2.07175925925926	4.47020351317608	330
MAPLE_PLAINS	2003	4	21	111	2.1	15.3	19.9226038393435	-999.9	0	3.87731481481481	5.00944754985646	330
MAPLE_PLAINS	2003	4	22	112	3.2	9.5	13.858511834639	-999.9	1.2	4.72222222222222	7.37371196224847	330
MAPLE_PLAINS	2003	4	23	113	6.1	14.8	16.3959485527604	-999.9	21	3.46064814814814	9.58602005267741	330
MAPLE_PLAINS	2003	4	24	114	3.2	14.4	18.7266539854946	-999.9	0.2	4.34027777777778	8.43300019744143	330
MAPLE_PLAINS	2003	4	25	115	-0.8	10.1	18.5944177910013	-999.9	0	1.64351851851852	6.49326621328105	330
MAPLE_PLAINS	2003	4	26	116	1.7	13.7	19.6346101197282	-999.9	1	1.96759259259259	7.02662620077335	330
MAPLE_PLAINS	2003	4	27	117	3.4	7.8	11.9636787089164	-999.9	13.2	3.87731481481481	6.76317496746003	330
MAPLE_PLAINS	2003	4	28	118	2.8	15.3	20.2882615975629	-999.9	0	4.36342592592592	7.50870856670971	330
MAPLE_PLAINS	2003	4	29	119	3.5	19.7	23.2350552461118	-999.9	0	3.33333333333333	8.14033045605111	330
MAPLE_PLAINS	2003	4	30	120	-2.2	9.8	20.1149246164538	-999.9	0	3.47222222222222	4.5657202953249	330
MAPLE_PLAINS	2003	5	1	121	-4.4	10.6	22.6183269684268	-999.9	6	2.74305555555556	4.74021391261083	330
MAPLE_PLAINS	2003	5	2	122	3.2	8	12.8667325570196	-999.9	6.2	2.70833333333333	6.96483222524297	330
MAPLE_PLAINS	2003	5	3	123	-1.4	4.4	14.2213384014352	-999.9	0.4	5	5.7623791944039	330
MAPLE_PLAINS	2003	5	4	124	-3.7	15.2	25.8096712519896	-999.9	0	3.18287037037036	4.9826073535884	330
MAPLE_PLAINS	2003	5	5	125	-2.1	14.8	24.5338984454215	-999.9	0	2.39583333333333	4.75333236843294	330
MAPLE_PLAINS	2003	5	6	126	-0.6	15.5	24.0688087751492	-999.9	1	2.4537037037037	5.64375462932558	330
MAPLE_PLAINS	2003	5	7	127	8.1	11	10.2661161673106	-999.9	7.2	5.67129629629631	7.82752472811274	330
MAPLE_PLAINS	2003	5	8	128	3.7	8.1	12.7070974133794	-999.9	0.4	2.85879629629631	7.17845616351961	330
MAPLE_PLAINS	2003	5	9	129	1.7	4.3	9.81447620645181	-999.9	11.4	5.32407407407408	6.03034206431822	330
MAPLE_PLAINS	2003	5	10	130	1.5	2.7	6.69852752889172	-999.9	4.2	6.53935185185186	5.74010492954921	330
MAPLE_PLAINS	2003	5	11	131	1.5	5	11.4915631110576	-999.9	0.4	4.17824074074075	5.91625259329066	330
MAPLE_PLAINS	2003	5	12	132	1.1	8.6	16.8958643166817	-999.9	5.4	2.26851851851852	6.13841169556536	330
MAPLE_PLAINS	2003	5	13	133	2.8	4.9	8.9786843678822	-999.9	2.2	2.51157407407407	6.2325600117413	330
MAPLE_PLAINS	2003	5	14	134	2.6	8	14.4577939223521	-999.9	3.2	2.41161616161616	6.63542675366409	330
MAPLE_PLAINS	2003	5	15	135	0.2	3.8	11.8524339410916	-999.9	0.2	5.26620370370369	5.54240391160302	330
MAPLE_PLAINS	2003	5	16	136	-0.1	10.8	20.7047486929901	-999.9	0	2.01388888888889	5.74292870481561	330
MAPLE_PLAINS	2003	5	17	137	-0.4	21	29.1214854966129	-999.9	0	1.53935185185185	7.01364054789862	330
MAPLE_PLAINS	2003	5	18	138	3.1	17.8	24.2250648796562	-999.9	0	2.28009259259259	7.14458515483993	330
MAPLE_PLAINS	2003	5	19	139	0.5	21.6	29.1270891515963	-999.9	0	1.21527777777778	6.25438786507804	330
MAPLE_PLAINS	2003	5	20	140	3.1	23.5	28.7389340982671	-999.9	0	2.44212962962963	7.8596460390256	330
MAPLE_PLAINS	2003	5	21	141	10.6	26.5	25.4568222844573	-999.9	0	3.91203703703703	7.89190592440425	330
MAPLE_PLAINS	2003	5	22	142	3.9	9.9	15.6885152840828	-999.9	0	4.88425925925925	6.63091492944739	330
MAPLE_PLAINS	2003	5	23	143	3.6	13.2	19.9064195272298	-999.9	0	2.00231481481481	7.37766797612887	330
MAPLE_PLAINS	2003	5	24	144	4.9	16	21.4694663310632	-999.9	0	1.84027777777778	8.19026613228479	330
MAPLE_PLAINS	2003	5	25	145	5	12.6	17.8163963001314	-999.9	9.8	3.02083333333333	7.72786371070812	330
MAPLE_PLAINS	2003	5	26	146	5.5	9.1	12.296142348087	-999.9	0.8	4.31712962962964	7.74143523495046	330
MAPLE_PLAINS	2003	5	27	147	6	15.4	19.9222112859528	-999.9	0	1.42361111111111	8.74132502426439	330
MAPLE_PLAINS	2003	5	28	148	4.4	19.8	25.5647491760847	-999.9	4	2.10648148148148	10.0908558546223	330
MAPLE_PLAINS	2003	5	29	149	9.9	13.9	13.0608205214356	-999.9	2	3.54166666666667	10.2148759644077	330
MAPLE_PLAINS	2003	5	30	150	10	19.9	20.5953524451009	-999.9	8	2.95138888888889	10.8564017956256	330
MAPLE_PLAINS	2003	5	31	151	10.1	18.3	18.7854557902325	-999.9	0.8	1.52777777777778	11.1521657669291	330
MAPLE_PLAINS	2003	6	1	152	9.7	15.7	16.1029618011468	-999.9	26.4	3.48379629629631	11.201346971499	330
MAPLE_PLAINS	2003	6	2	153	9	15.6	16.9227019902278	-999.9	2.2	4.52546296296297	10.7363220132271	330
MAPLE_PLAINS	2003	6	3	154	4	13	19.7988055316956	-999.9	0	5.28935185185186	6.6965468083928	330
MAPLE_PLAINS	2003	6	4	155	1.4	18.5	27.3393570398059	-999.9	0	3.10185185185186	6.57333890436966	330
MAPLE_PLAINS	2003	6	5	156	3.4	19.5	26.5722484558703	-999.9	14	2.56944444444444	8.05860944256393	330
MAPLE_PLAINS	2003	6	6	157	6.6	16.6	20.9745770945138	-999.9	1	4.36342592592592	11.1058661455201	330
MAPLE_PLAINS	2003	6	7	158	3.2	21.4	28.3373720378795	-999.9	0	2.15277777777778	9.44619911644416	330
MAPLE_PLAINS	2003	6	8	159	12.6	20.1	18.2153736564253	-999.9	0	2.60416666666667	12.3079525444388	330
MAPLE_PLAINS	2003	6	9	160	9.6	16.4	17.3659473157903	-999.9	1.2	4.59490740740742	10.4215657740019	330
MAPLE_PLAINS	2003	6	10	161	9.6	19.6	21.0830611317174	-999.9	0	3.71527777777778	10.9460645190438	330
MAPLE_PLAINS	2003	6	11	162	7.5	22.6	25.9337271034905	-999.9	11.8	2.77777777777778	9.70352861552426	330
MAPLE_PLAINS	2003	6	12	163	10.4	17.2	17.4191489433989	-999.9	0	3.66898148148147	11.1092080956906	330
MAPLE_PLAINS	2003	6	13	164	5	16.1	22.2732330493983	-999.9	0	2.91666666666667	8.27746633347489	330
MAPLE_PLAINS	2003	6	14	165	8.2	11.9	12.8684212669171	-999.9	14.8	4.38657407407408	8.24339142889836	330
MAPLE_PLAINS	2003	6	15	166	7.1	8.8	8.72780224977974	-999.9	9.8	4.64120370370369	8.22964143691694	330
MAPLE_PLAINS	2003	6	16	167	6.5	16.9	21.5976538850045	-999.9	0.4	2.7662037037037	9.24527757228059	330
MAPLE_PLAINS	2003	6	17	168	5	21.5	27.2141537349999	-999.9	0	3.33333333333333	10.2909938614835	330
MAPLE_PLAINS	2003	6	18	169	10.6	21.4	22.0232401824728	-999.9	2.4	5.13888888888889	11.2645820404623	330
MAPLE_PLAINS	2003	6	19	170	14.7	19.4	14.5307588728395	-999.9	10.4	3.64583333333333	13.8702419309428	330
MAPLE_PLAINS	2003	6	20	171	10.3	20.4	21.3021611116399	-999.9	0	2.8125	12.6156774857184	330
MAPLE_PLAINS	2003	6	21	172	8.1	27	29.1387619230304	-999.9	0	1.88657407407407	12.2468565810427	330
MAPLE_PLAINS	2003	6	22	173	12.5	27.2	25.6938803009706	-999.9	0	1.58564814814815	13.4319195431287	330
MAPLE_PLAINS	2003	6	23	174	12.7	25.6	24.0630323130141	-999.9	0	1.37626262626262	13.8950774994874	330
MAPLE_PLAINS	2003	6	24	175	11.8	22	21.3891583669966	-999.9	0	2.08333333333333	12.2417160794352	330
MAPLE_PLAINS	2003	6	25	176	13.8	24.9	22.3021562462992	-999.9	0	4.36342592592592	13.8241868502826	330
MAPLE_PLAINS	2003	6	26	177	14.8	28.8	25.0319554899217	-999.9	0	2.48842592592593	16.3855024010815	330
MAPLE_PLAINS	2003	6	27	178	18.4	30.9	23.6365885254507	-999.9	0	3.51851851851853	18.0585916633124	330
MAPLE_PLAINS	2003	6	28	179	17.4	23.9	17.0309594557081	-999.9	0	2.39583333333333	16.8950411551751	330
MAPLE_PLAINS	2003	6	29	180	14.9	27.1	23.3114131894461	-999.9	0	1.96759259259259	13.9888217229059	330
MAPLE_PLAINS	2003	6	30	181	15.6	25	20.441484981943	-999.9	13.2	2.51157407407407	14.6801302033198	330
MAPLE_PLAINS	2003	7	1	182	14.4	24.9	21.5802535451172	-999.9	4.6	3.22916666666667	14.1867154827849	330
MAPLE_PLAINS	2003	7	2	183	15.1	20.3	15.1680746861929	-999.9	1.6	2.40740740740741	11.877049159018	330
MAPLE_PLAINS	2003	7	3	184	13.6	23.7	21.1110503862774	-999.9	2.4	4.09722222222222	13.7585163970933	330
MAPLE_PLAINS	2003	7	4	185	17.1	24.8	18.4063771673449	-999.9	0	3.77314814814814	16.2026695207847	330
MAPLE_PLAINS	2003	7	5	186	17.4	25.9	19.3089916787503	-999.9	0	3.33333333333333	17.2332528891084	330
MAPLE_PLAINS	2003	7	6	187	15.2	26.9	22.6164045482201	-999.9	0	2.96296296296297	15.9612765509418	330
MAPLE_PLAINS	2003	7	7	188	13.1	23.2	20.9761162029838	-999.9	0	3.15972222222222	11.9999797025191	330
MAPLE_PLAINS	2003	7	8	189	14	24	20.8329774994097	-999.9	0.8	5.30092592592592	13.4361484633794	330
MAPLE_PLAINS	2003	7	9	190	14.1	21.2	17.519454807938	-999.9	0	3.51851851851853	14.4760994877317	330
MAPLE_PLAINS	2003	7	10	191	12.2	23.3	21.8597910269745	-999.9	0	2.85879629629631	10.8483439925163	330
MAPLE_PLAINS	2003	7	11	192	10.2	20.5	21.0111189498072	-999.9	11.2	2.88194444444444	11.4941491333966	330
MAPLE_PLAINS	2003	7	12	193	14.3	23	19.2658912066597	-999.9	0	4.91898148148147	15.1257006249911	330
MAPLE_PLAINS	2003	7	13	194	16.1	26.2	20.7081750844951	-999.9	0	4.08564814814814	15.8191210526616	330
MAPLE_PLAINS	2003	7	14	195	16.8	26.5	20.2428344114025	-999.9	0	3.73842592592592	15.545263169378	330
MAPLE_PLAINS	2003	7	15	196	16.4	24.1	17.9881984259314	-999.9	12	2.97453703703703	14.7206238995422	330
MAPLE_PLAINS	2003	7	16	197	16.3	25.1	19.1775407016902	-999.9	0	2.68518518518519	16.0434278065832	330
MAPLE_PLAINS	2003	7	17	198	16.9	24.1	17.2973426390434	-999.9	0	2.83564814814814	16.5274621027077	330
MAPLE_PLAINS	2003	7	18	199	17.9	26.2	18.5167989108931	-999.9	0.6	2.66203703703704	17.3942714719093	330
MAPLE_PLAINS	2003	7	19	200	18	24.2	15.9546931103361	-999.9	0.6	2.95138888888889	15.7738109018267	330
MAPLE_PLAINS	2003	7	20	201	14.6	24.1	19.6866597772492	-999.9	0	2.33796296296296	15.1706581750218	330
MAPLE_PLAINS	2003	7	21	202	15.5	24.9	19.5183682901439	-999.9	0	3.26388888888889	14.6137588001468	330
MAPLE_PLAINS	2003	7	22	203	16.4	26.5	20.1632801260663	-999.9	8.2	4.50231481481481	16.259650868209	330
MAPLE_PLAINS	2003	7	23	204	18.9	24.8	15.3567325311848	-999.9	26.8	3.00925925925925	17.8485165150049	330
MAPLE_PLAINS	2003	7	24	205	18.7	22.6	12.4402373547546	-999.9	5.8	2.77777777777778	17.4479366640056	330
MAPLE_PLAINS	2003	7	25	206	16.6	22.2	14.8513173746402	-999.9	0	5.05787037037036	17.2751619192818	330
MAPLE_PLAINS	2003	7	26	207	16	24.8	18.5454670267334	-999.9	2	3.49537037037036	15.5966672072953	330
MAPLE_PLAINS	2003	7	27	208	16.9	20.4	11.6494819904032	-999.9	1.4	3.49537037037036	15.427040102752	330
MAPLE_PLAINS	2003	7	28	209	16.4	22.3	15.0634772890849	-999.9	0	5.71759259259258	13.7115983229466	330
MAPLE_PLAINS	2003	7	29	210	14.3	21.1	16.1038831587125	-999.9	0	3.83101851851853	13.1607075510914	330
MAPLE_PLAINS	2003	7	30	211	12	23.3	20.6700904598795	-999.9	0	1.37731481481481	13.8534232901953	330
MAPLE_PLAINS	2003	7	31	212	12.1	23.1	20.3037550267592	-999.9	0	1.63194444444444	14.486409208081	330
MAPLE_PLAINS	2003	8	1	213	14	25.7	20.844883327322	-999.9	0	2.24537037037037	15.1767364170167	330
MAPLE_PLAINS	2003	8	2	214	16.3	20.5	12.431030312891	-999.9	0	2.10648148148148	14.3243928013147	330
MAPLE_PLAINS	2003	8	3	215	17	20.4	11.1313306140273	-999.9	0	1.75925925925926	15.2647720657344	330
MAPLE_PLAINS	2003	8	4	216	18.2	24.5	15.0782872162132	-999.9	0	1.44675925925926	16.993900782685	330
MAPLE_PLAINS	2003	8	5	217	17.6	21.3	11.4975537403034	-999.9	30	3.63425925925925	15.9507164008373	330
MAPLE_PLAINS	2003	8	6	218	17.1	21.6	12.6148528848069	-999.9	29.4	4.31712962962964	16.1243487802443	330
MAPLE_PLAINS	2003	8	7	219	19.6	24.7	13.359205334249	-999.9	2.4	2.56944444444444	18.3292450060572	330
MAPLE_PLAINS	2003	8	8	220	19.8	21.9	8.52653935896238	-999.9	8.2	2.31481481481481	17.9681642652893	330
MAPLE_PLAINS	2003	8	9	221	18.6	24.4	14.0926457082449	-999.9	1.2	1.12268518518519	17.9986381846883	330
MAPLE_PLAINS	2003	8	10	222	18.2	25.1	15.2850190412017	-999.9	5.8	2.06018518518519	17.7622514470289	330
MAPLE_PLAINS	2003	8	11	223	19	24.1	13.0658207905666	-999.9	1.4	3.79629629629631	18.0670438130636	330
MAPLE_PLAINS	2003	8	12	224	11.7	23.5	19.7583102801411	-999.9	0	2.10648148148148	14.5718653779751	330
MAPLE_PLAINS	2003	8	13	225	11.7	25.5	21.2398916082877	-999.9	15.4	2.48842592592593	15.3909306042173	330
MAPLE_PLAINS	2003	8	14	226	11.7	22.4	18.5889608560668	-999.9	0	3.10185185185186	14.6194396007238	330
MAPLE_PLAINS	2003	8	15	227	10	24.8	21.7265524402921	-999.9	0	1.45833333333333	13.3391297234137	330
MAPLE_PLAINS	2003	8	16	228	16.2	26.5	18.0103156770265	-999.9	0	4.13194444444444	15.7382083190592	330
MAPLE_PLAINS	2003	8	17	229	14.7	20.2	13.0759297240683	-999.9	0	4.39814814814814	14.5265437359863	330
MAPLE_PLAINS	2003	8	18	230	6.7	17.8	18.453840634117	-999.9	0	3.00724637681158	11.1181970774842	330
MAPLE_PLAINS	2003	8	19	231	5.8	25.3	24.2952798473784	-999.9	0	2.87037037037036	12.1518194851616	330
MAPLE_PLAINS	2003	8	20	232	14.4	26.9	19.318970192321	-999.9	0	1.96759259259259	14.8160581851565	330
MAPLE_PLAINS	2003	8	21	233	11.9	26.6	20.8044771830358	-999.9	0	2.15277777777778	14.7377875417881	330
MAPLE_PLAINS	2003	8	22	234	19.1	28	16.0733682085707	-999.9	6	4.03935185185186	17.847823820566	330
MAPLE_PLAINS	2003	8	23	235	13.5	24.6	17.8209760027227	-999.9	1.4	3.69212962962964	14.1971708798952	330
MAPLE_PLAINS	2003	8	24	236	9.3	15.5	13.2211150258754	-999.9	1	3.77314814814814	9.12382396122821	330
MAPLE_PLAINS	2003	8	25	237	6.1	17.4	17.715672001231	-999.9	0	2.92824074074075	8.66430718870036	330
MAPLE_PLAINS	2003	8	26	238	3	20.5	21.8789929861381	-999.9	0.6	1.70138888888889	9.56085864915119	330
MAPLE_PLAINS	2003	8	27	239	13.9	21.9	14.6786706432789	-999.9	0	3.11342592592592	13.7755017104486	330
MAPLE_PLAINS	2003	8	28	240	11.2	20	15.2742482578952	-999.9	0	4.40972222222222	11.7055309836905	330
MAPLE_PLAINS	2003	8	29	241	11	18.5	13.9884338334584	-999.9	0	3.50694444444444	10.1005331401234	330
MAPLE_PLAINS	2003	8	30	242	13.2	20.7	13.874970208602	-999.9	0	3.51851851851853	13.4159429346949	330
MAPLE_PLAINS	2003	8	31	243	3.7	19.4	19.9093501623812	-999.9	0.8	1.71296296296296	9.27267706638913	330
MAPLE_PLAINS	2003	9	1	244	6.8	21.7	19.23308507837	-999.9	0	3.25231481481481	10.8379503424295	330
MAPLE_PLAINS	2003	9	2	245	4.7	17.6	17.74360414879	-999.9	0	2.01690821256039	9.27881174895237	330
MAPLE_PLAINS	2003	9	3	246	4.1	20.6	19.8940233323346	-999.9	0	1.65509259259259	9.35178935870636	330
MAPLE_PLAINS	2003	9	4	247	8.8	18.2	14.8840339665512	-999.9	34	3.55324074074075	11.7941589995084	330
MAPLE_PLAINS	2003	9	5	248	12.4	19.7	12.9997968499391	-999.9	0.4	1.78240740740741	13.5092298608691	330
MAPLE_PLAINS	2003	9	6	249	13.3	21.2	13.4013753275732	-999.9	0	1.73611111111111	12.8784031034876	330
MAPLE_PLAINS	2003	9	7	250	9.5	20.7	15.8105787853505	-999.9	0	2.07175925925926	11.9913954254437	330
MAPLE_PLAINS	2003	9	8	251	6.2	16.7	15.1662624243441	-999.9	0	2.5	9.37727570638347	330
MAPLE_PLAINS	2003	9	9	252	1.8	15.2	16.9716359763814	-999.9	0	2.03703703703704	7.63735120108764	330
MAPLE_PLAINS	2003	9	10	253	5.4	19.4	17.1816543989123	-999.9	0	3.85416666666667	9.41305228948175	330
MAPLE_PLAINS	2003	9	11	254	0	15.1	17.67101109788	-999.9	0	2.07175925925926	6.90602350706266	330
MAPLE_PLAINS	2003	9	12	255	2.4	22.7	20.2878160542603	-999.9	0	2.63888888888889	9.19402238039575	330
MAPLE_PLAINS	2003	9	13	256	10.6	25.4	17.150428797703	-999.9	0	1.99074074074074	11.2562557591996	330
MAPLE_PLAINS	2003	9	14	257	7.8	24.9	18.249108285239	-999.9	0	2.1412037037037	11.6927112268573	330
MAPLE_PLAINS	2003	9	15	258	12.8	27.4	16.6902280319916	-999.9	0	2.22222222222222	14.2171778029289	330
MAPLE_PLAINS	2003	9	16	259	14.8	25	13.8061042579444	-999.9	2.2	2.67361111111111	14.5783137818831	330
MAPLE_PLAINS	2003	9	17	260	8.2	23.7	16.8409010456341	-999.9	0	2.99768518518519	13.0224017121018	330
MAPLE_PLAINS	2003	9	18	261	3.8	21.8	17.9559168295812	-999.9	0	1.21527777777778	9.61381363038163	330
MAPLE_PLAINS	2003	9	19	262	8.4	25.8	17.4647168058476	-999.9	0	1.05324074074074	11.3265973367055	330
MAPLE_PLAINS	2003	9	20	263	7.5	22.7	16.1461270736465	-999.9	8.2	1.875	10.761927692707	330
MAPLE_PLAINS	2003	9	21	264	13.3	20.3	10.836765086587	-999.9	0	2.40740740740741	13.2890422938963	330
MAPLE_PLAINS	2003	9	22	265	6.6	21.4	15.5822576820046	-999.9	0	1.15740740740741	11.0499482646843	330
MAPLE_PLAINS	2003	9	23	266	12.6	22.6	12.6646638771826	-999.9	0.6	3.92676767676767	13.6206858874581	330
MAPLE_PLAINS	2003	9	24	267	9.3	21.7	13.9426201335351	-999.9	0	3.77314814814814	13.1331122652897	330
MAPLE_PLAINS	2003	9	25	268	6	21.5	15.4093937613939	-999.9	0	2.71990740740741	9.95442574528961	330
MAPLE_PLAINS	2003	9	26	269	14	22.6	11.3449325630135	-999.9	0.4	2.56944444444444	11.8347427714064	330
MAPLE_PLAINS	2003	9	27	270	16.1	24.7	11.2119812779363	-999.9	0	4.02777777777778	13.5762211477022	330
MAPLE_PLAINS	2003	9	28	271	17.7	22.2	8.01434369761183	-999.9	20	6.85185185185186	14.1287834599801	330
MAPLE_PLAINS	2003	9	29	272	18.8	24.3	8.75428053833825	-999.9	8.2	5.57870370370369	14.9149930026155	330
MAPLE_PLAINS	2003	9	30	273	8.1	19.5	12.4514107400411	-999.9	0	3.41435185185186	11.0580264122459	330
MAPLE_PLAINS	2003	10	1	274	4.7	18.4	13.483538222802	-999.9	0	1.21527777777778	8.60826727652713	330
MAPLE_PLAINS	2003	10	2	275	3.6	17.6	13.4628303225184	-999.9	6.6	1.30787037037037	8.1694788530877	330
MAPLE_PLAINS	2003	10	3	276	6.9	12.7	8.55790322094802	-999.9	0	4.86111111111111	7.56780402625153	330
MAPLE_PLAINS	2003	10	4	277	0.8	15.4	13.4080021797417	-999.9	0.4	3.14814814814814	6.92724311354435	330
MAPLE_PLAINS	2003	10	5	278	9	15.7	8.96837223192442	-999.9	24.6	3.88888888888889	9.67789922836542	330
MAPLE_PLAINS	2003	10	6	279	5.6	12.9	9.24233418618376	-999.9	0	3.00925925925925	6.91188462848621	330
MAPLE_PLAINS	2003	10	7	280	1.9	11	10.1868889281154	-999.9	0	2.02546296296296	5.96454691206989	330
MAPLE_PLAINS	2003	10	8	281	6.7	17.4	10.9036344048494	-999.9	0	5.01157407407408	7.92231117152974	330
MAPLE_PLAINS	2003	10	9	282	-0.1	13.2	11.9983890205174	-999.9	0	2.97453703703703	7.01659306538173	330
MAPLE_PLAINS	2003	10	10	283	-1.2	16.1	13.5051217364121	-999.9	0	1.66666666666667	6.35195442083191	330
MAPLE_PLAINS	2003	10	11	284	5.7	22.8	13.2499402940481	-999.9	0	1.6087962962963	9.64568090759698	330
MAPLE_PLAINS	2003	10	12	285	7.6	23.1	12.4476039010802	-999.9	4.2	1.43518518518519	10.3873639815397	330
MAPLE_PLAINS	2003	10	13	286	11.7	15.4	6.00053642170913	-999.9	17.8	3.35648148148147	10.1992887077176	330
MAPLE_PLAINS	2003	10	14	287	4.8	15.2	9.92526596238621	-999.9	0	2.2337962962963	7.49866213703917	330
MAPLE_PLAINS	2003	10	15	288	8.4	14.9	7.74082390275889	-999.9	4.2	7.10648148148147	8.84125072220922	330
MAPLE_PLAINS	2003	10	16	289	6.7	13	7.51755200335591	-999.9	0	5.81018518518519	6.58198769271625	330
MAPLE_PLAINS	2003	10	17	290	5.1	10.7	6.99114691261984	-999.9	0	4.76851851851853	5.61743923122452	330
MAPLE_PLAINS	2003	10	18	291	-1	9.9	9.62034293250952	-999.9	6.4	1.59722222222222	5.41996969177968	330
MAPLE_PLAINS	2003	10	19	292	4.2	8.5	5.95951890036525	-999.9	0.6	2.30324074074074	6.01828027859621	330
MAPLE_PLAINS	2003	10	20	293	1.4	5.8	5.94541249905486	-999.9	1	3.35648148148147	4.26841196973869	330
MAPLE_PLAINS	2003	10	21	294	-2.7	13.5	11.2505350245317	-999.9	24.2	3.35648148148147	5.86139151557877	330
MAPLE_PLAINS	2003	10	22	295	6.3	11.7	6.40554842902336	-999.9	18	4.57175925925925	7.21485068644374	330
MAPLE_PLAINS	2003	10	23	296	6.2	8.5	4.12243103948609	-999.9	3.4	4.59490740740742	7.064240582907	330
MAPLE_PLAINS	2003	10	24	297	2.6	6.3	5.15595683630729	-999.9	1	4.6875	5.28988072753239	330
MAPLE_PLAINS	2003	10	25	298	1.6	7.9	6.63421003845425	-999.9	0	3.54166666666667	4.6987172126224	330
MAPLE_PLAINS	2003	10	26	299	6.7	11.7	5.82785709395172	-999.9	0.2	4.81481481481481	6.6373532672844	330
MAPLE_PLAINS	2003	10	27	300	10.8	17.3	6.55213526603214	-999.9	3	5.87962962962964	9.06818425190971	330
MAPLE_PLAINS	2003	10	28	301	4	19	9.81464163199375	-999.9	6.2	4.12037037037036	9.15385653483618	330
MAPLE_PLAINS	2003	10	29	302	4.7	18.7	9.34972754552901	-999.9	31	3.49537037037036	9.67936058953405	330
MAPLE_PLAINS	2003	10	30	303	8.3	19.3	8.17229638718122	-999.9	0.4	5.74074074074075	8.46808247112806	330
MAPLE_PLAINS	2003	10	31	304	4.9	10.1	5.5407978661105	-999.9	0	3.41435185185186	5.97915589467319	330
MAPLE_PLAINS	2003	11	1	305	8	14.6	6.15572128915813	-999.9	0	4.60648148148147	7.40902059166008	330
MAPLE_PLAINS	2003	11	2	306	1.9	7.6	5.64154128024672	-999.9	0	3.05555555555556	4.41963710998535	330
MAPLE_PLAINS	2003	11	3	307	-3.1	5.1	6.6733098654847	-999.9	0	1.63194444444444	4.18143264056731	330
MAPLE_PLAINS	2003	11	4	308	-1.2	6	6.16735634311269	-999.9	0	4.75694444444444	3.50847649471748	330
MAPLE_PLAINS	2003	11	5	309	-1.3	10.4	7.75447513646969	-999.9	15.6	3.57638888888889	5.3082956777011	330
MAPLE_PLAINS	2003	11	6	310	1.9	11.7	7.00053769943995	-999.9	0	2.51157407407407	6.88811704060787	330
MAPLE_PLAINS	2003	11	7	311	-0.4	5.4	5.31284917941716	-999.9	1	0.925925925925925	5.13184501024029	330
MAPLE_PLAINS	2003	11	8	312	-3.5	4.7	6.23240880616906	-999.9	0	6.64351851851853	2.85537129387468	330
MAPLE_PLAINS	2003	11	9	313	-3.7	0.1	4.18620931076485	-999.9	0	6.93287037037036	2.09557632115195	330
MAPLE_PLAINS	2003	11	10	314	-4.4	1.5	5.14735619944401	-999.9	0	3.93518518518519	2.90751109360569	330
MAPLE_PLAINS	2003	11	11	315	-2.1	4.6	5.41349878165087	-999.9	3.8	2.16435185185185	3.87830970178818	330
MAPLE_PLAINS	2003	11	12	316	1.4	7.5	5.09853991683394	-999.9	1.2	3.06712962962964	5.56957651191019	330
MAPLE_PLAINS	2003	11	13	317	-0.9	9.1	6.44441613541442	-999.9	23.4	4.51388888888889	5.72682790061896	330
MAPLE_PLAINS	2003	11	14	318	-1.7	6	5.58339885967791	-999.9	1	5.91435185185186	4.65596131394619	330
MAPLE_PLAINS	2003	11	15	319	-1.1	1.8	3.3837148226139	-999.9	0.8	7.40740740740742	3.77482269388216	330
MAPLE_PLAINS	2003	11	16	320	-2.3	3.5	4.72635925700902	-999.9	0	4.6875	3.76139673808162	330
MAPLE_PLAINS	2003	11	17	321	-3.7	2.9	4.9806269186483	-999.9	0	1.16898148148148	3.93692851393314	330
MAPLE_PLAINS	2003	11	18	322	-5.4	7.8	6.95960379895874	-999.9	0	0.636574074074075	3.90734291121519	330
MAPLE_PLAINS	2003	11	19	323	-0.4	8.3	5.58385051562623	-999.9	0	4.35185185185186	5.33174275082417	330
MAPLE_PLAINS	2003	11	20	324	8.2	16.3	5.32585457525398	-999.9	1.2	6.89814814814814	9.04867017067139	330
MAPLE_PLAINS	2003	11	21	325	13.9	16.8	3.15078968087571	-999.9	3	4.78009259259258	8.56918010004976	330
MAPLE_PLAINS	2003	11	22	326	2.3	13.8	6.2051017226487	-999.9	0.4	7.52314814814814	7.632458479124	330
MAPLE_PLAINS	2003	11	23	327	1.7	4.6	3.08240335295805	-999.9	0.2	5.11574074074075	6.53508856305934	330
MAPLE_PLAINS	2003	11	24	328	2.5	6.8	3.71390724302939	-999.9	0.8	2.2337962962963	7.24214721550286	330
MAPLE_PLAINS	2003	11	25	329	0.6	8.7	5.04506188991958	-999.9	0.2	3.57638888888889	8.68435684556177	330
MAPLE_PLAINS	2003	11	26	330	-4	3.9	4.93276484618877	-999.9	0	2.00231481481481	5.09306518354196	330
MAPLE_PLAINS	2003	11	27	331	-3.5	4.2	4.82287142247545	-999.9	0	1.07638888888889	5.77808982142381	330
MAPLE_PLAINS	2003	11	28	332	-1.6	5.3	4.52276169337518	-999.9	11.4	2.53472222222222	6.86963721346834	330
MAPLE_PLAINS	2003	11	29	333	4.3	15.5	5.71014495855219	-999.9	9	8.14814814814814	9.87884694005191	330
MAPLE_PLAINS	2003	11	30	334	0	3.9	3.34021306967158	-999.9	0	7.32638888888889	4.98883866952665	330
MAPLE_PLAINS	2003	12	1	335	-0.4	5.1	3.93347420594325	-999.9	5.6	4.98842592592592	6.58622480008386	330
MAPLE_PLAINS	2003	12	2	336	-6.9	-0.9	4.07546802151911	-999.9	0.8	6.03009259259258	3.42384282666113	330
MAPLE_PLAINS	2003	12	3	337	-7.8	-3.3	3.5024599044945	-999.9	5.8	4.39814814814814	3.55789270991347	330
MAPLE_PLAINS	2003	12	4	338	-9.1	-5.8	2.97749671497862	-999.9	0.6	5.15046296296297	3.29521142942125	330
MAPLE_PLAINS	2003	12	5	339	-16	-5.5	5.27451815940649	-999.9	0	2.22222222222222	3.04461719099666	330
MAPLE_PLAINS	2003	12	6	340	-14.3	-0.8	5.94181553679147	-999.9	11.4	3.71527777777778	3.89395696489099	330
MAPLE_PLAINS	2003	12	7	341	-1.6	0.1	2.09563154282105	-999.9	57.8	9.80324074074075	5.18031123677262	330
MAPLE_PLAINS	2003	12	8	342	-0.2	0.3	1.1300333096799	-999.9	13.2	9.7337962962963	5.80713597960536	330
MAPLE_PLAINS	2003	12	9	343	-1.8	0.3	2.30362937456625	-999.9	0	5.55555555555556	5.07000561604582	330
MAPLE_PLAINS	2003	12	10	344	-14.3	-2.2	5.50270768814331	-999.9	0	1.88657407407407	3.78092566103337	330
MAPLE_PLAINS	2003	12	11	345	-15	4	6.86480738844597	-999.9	1.4	4.00462962962964	4.91698724110759	330
MAPLE_PLAINS	2003	12	12	346	-2.5	7.2	4.88534131996884	-999.9	1	8.33333333333333	6.34731367068993	330
MAPLE_PLAINS	2003	12	13	347	-9.2	-3.1	3.86032252545591	-999.9	0	7.93981481481481	2.80188986603619	330
MAPLE_PLAINS	2003	12	14	348	-14.6	-8.3	3.91086584277114	-999.9	0	3.65740740740742	2.76619566331865	330
MAPLE_PLAINS	2003	12	15	349	-9.8	2.5	5.44998683772368	-999.9	41.8	6.48148148148147	4.88085927601674	330
MAPLE_PLAINS	2003	12	16	350	-1	2	2.68560255320834	-999.9	2.4	7.37268518518519	5.63458878445009	330
MAPLE_PLAINS	2003	12	17	351	-2	0.9	2.63583182342791	-999.9	1	3.35648148148147	4.99082232788765	330
MAPLE_PLAINS	2003	12	18	352	0.8	5.8	3.4565415542144	-999.9	2.6	8.71527777777778	6.41526093264069	330
MAPLE_PLAINS	2003	12	19	353	-8.1	2.1	4.93283164486455	-999.9	0	3.61111111111111	4.64620906531347	330
MAPLE_PLAINS	2003	12	20	354	-10.9	-4.2	3.99645516232886	-999.9	0	1.08796296296296	3.52887719258711	330
MAPLE_PLAINS	2003	12	21	355	-11.7	-3.5	4.4216869307732	-999.9	0.6	3.02083333333333	3.31488587115739	330
MAPLE_PLAINS	2003	12	22	356	-10.6	-2.1	4.50439241916551	-999.9	0	3.10185185185186	2.86230026935346	330
MAPLE_PLAINS	2003	12	23	357	-1.6	3.6	3.52676069189035	-999.9	0	2.26851851851852	5.61368091196434	330
MAPLE_PLAINS	2003	12	24	358	2.8	8.2	3.59931658377187	-999.9	5.2	3.65740740740742	7.21435756640034	330
MAPLE_PLAINS	2003	12	25	359	6.5	11.1	3.32852131545141	-999.9	22	3.86574074074075	9.8991583706963	330
MAPLE_PLAINS	2003	12	26	360	-0.5	9.5	4.91949975550279	-999.9	1.4	4.12037037037036	6.89386363792208	330
MAPLE_PLAINS	2003	12	27	361	-2.3	0.5	2.61063587899743	-999.9	2	5.12731481481481	5.16023086720432	330
MAPLE_PLAINS	2003	12	28	362	-6.1	-0.3	3.76984723110493	-999.9	0	3.03240740740742	4.78178566219793	330
MAPLE_PLAINS	2003	12	29	363	-6.9	5	5.42025676195254	-999.9	0	1.33101851851852	5.61373947149735	330
MAPLE_PLAINS	2003	12	30	364	-2.6	7.3	4.96469454285616	-999.9	0.2	3.4375	6.55749184451692	330
MAPLE_PLAINS	2003	12	31	365	-3.5	5.1	4.64881406458896	-999.9	0	5.98379629629631	4.76364126465752	330
