MAPLE_PLAINS	2014	1	1	1	-23.6	-15.3	4.59025439782295	-999.9	0.2	2.84722222222222	1.21749269492994	330
MAPLE_PLAINS	2014	1	2	2	-26.3	-19.9	4.05299673604656	-999.9	0	2.5462962962963	0.644903234274486	330
MAPLE_PLAINS	2014	1	3	3	-21.1	-11.8	4.91469911241152	-999.9	1.6	4.94212962962964	1.6971068268206	330
MAPLE_PLAINS	2014	1	4	4	-21.6	-13.4	4.6441778539493	-999.9	0.4	3.81944444444444	1.10869943631935	330
MAPLE_PLAINS	2014	1	5	5	-12.7	-4.5	4.67551004463105	-999.9	0	1.6087962962963	2.839020371451	330
MAPLE_PLAINS	2014	1	6	6	-8.5	8.6	6.80002040478693	-999.9	0	7.33796296296297	5.62176790351974	330
MAPLE_PLAINS	2014	1	7	7	-13.9	8	7.75336674201797	-999.9	0	6.96759259259258	3.09956706726274	330
MAPLE_PLAINS	2014	1	8	8	-14.4	-9.8	3.58150223666998	-999.9	0	5.77020202020203	1.35868154703444	330
MAPLE_PLAINS	2014	1	9	9	-14.1	-9.3	3.68877930974778	-999.9	0	4.16666666666667	1.65352836119862	330
MAPLE_PLAINS	2014	1	10	10	-15.5	-3.1	5.98001096915862	-999.9	0	2.4537037037037	2.12583772639007	330
MAPLE_PLAINS	2014	1	11	11	-10.3	8.2	7.36978711932687	-999.9	0	3.65740740740742	5.33373744843998	330
MAPLE_PLAINS	2014	1	12	12	2.1	8.2	4.27126194507476	-999.9	0	5.25462962962964	8.05629802679077	330
MAPLE_PLAINS	2014	1	13	13	-0.7	2.4	3.07421284449604	-999.9	0	4.375	4.40175187670667	330
MAPLE_PLAINS	2014	1	14	14	0.8	7.6	4.5983726595793	-999.9	0	4.60648148148147	7.30305582154607	330
MAPLE_PLAINS	2014	1	15	15	0.7	7.1	4.50677952420109	-999.9	0	2.21064814814815	7.35665269969365	330
MAPLE_PLAINS	2014	1	16	16	-0.3	1.8	2.6087814717789	-999.9	3.2	1.59722222222222	6.60221477434273	330
MAPLE_PLAINS	2014	1	17	17	-0.8	2.1	3.0988386551432	-999.9	0.9	2.09490740740741	6.17301216997162	330
MAPLE_PLAINS	2014	1	18	18	-0.4	2	2.85031411329325	-999.9	0	1.59722222222222	6.38576629457469	330
MAPLE_PLAINS	2014	1	19	19	-3.4	0.1	3.48111609699965	-999.9	1.1	3.39120370370369	5.42430326087362	330
MAPLE_PLAINS	2014	1	20	20	-8.9	0.1	5.64687770303901	-999.9	0.2	3.49537037037036	4.16659617675967	330
MAPLE_PLAINS	2014	1	21	21	-16.4	-9.1	5.14578306372001	-999.9	0	3.44907407407408	1.43276844895758	330
MAPLE_PLAINS	2014	1	22	22	-14.9	-8.8	4.76050665051194	-999.9	2.9	5.84490740740742	2.26513655724764	330
MAPLE_PLAINS	2014	1	23	23	-14.3	-9.5	4.2746192757988	-999.9	0	3.86574074074075	1.95766785364005	330
MAPLE_PLAINS	2014	1	24	24	-22.7	-14.4	5.69101661817113	-999.9	0	2.38425925925926	1.27581020559885	330
MAPLE_PLAINS	2014	1	25	25	-25.2	1.6	10.3555395248045	-999.9	0	5.64814814814814	2.52698691499188	330
MAPLE_PLAINS	2014	1	26	26	-15.5	4.3	9.01505033595711	-999.9	4.4	7.62731481481481	3.46844087150192	330
MAPLE_PLAINS	2014	1	27	27	-15.7	4.5	9.22385334403205	-999.9	1.5	5.33564814814814	2.97328065161793	330
MAPLE_PLAINS	2014	1	28	28	-13	-3.8	6.30663873113899	-999.9	0	5.12731481481481	1.50629139316346	330
MAPLE_PLAINS	2014	1	29	29	-18.3	-8.8	6.49373724220175	-999.9	0.6	2.66203703703704	2.00678973626617	330
MAPLE_PLAINS	2014	1	30	30	-12.7	-8.6	4.32325302449422	-999.9	0	3.37962962962964	1.90836800639909	330
MAPLE_PLAINS	2014	1	31	31	-8.2	1.4	6.70490451395212	-999.9	0	4.35185185185186	3.82288646479946	330
MAPLE_PLAINS	2014	2	1	32	-10.8	-1.6	6.65330084111065	-999.9	0	2.12962962962963	3.31867240115787	330
MAPLE_PLAINS	2014	2	2	33	-2.8	2	4.87184882668115	-999.9	1.6	3.18287037037036	5.47744315909444	330
MAPLE_PLAINS	2014	2	3	34	-7.1	-2.3	4.93927447172862	-999.9	0.2	1.67824074074074	3.80799414066045	330
MAPLE_PLAINS	2014	2	4	35	-15	-5.3	7.11923003388327	-999.9	0	1.11111111111111	2.468140815818	330
MAPLE_PLAINS	2014	2	5	36	-16.1	-7.4	6.83663824406815	-999.9	1.8	1.16898148148148	2.30940287207748	330
MAPLE_PLAINS	2014	2	6	37	-21.4	-9.9	7.9706720728537	-999.9	0.4	3.03240740740742	1.63328903685097	330
MAPLE_PLAINS	2014	2	7	38	-18.1	-6.5	8.11823151020344	-999.9	0	2.75462962962963	2.05989917518113	330
MAPLE_PLAINS	2014	2	8	39	-19.6	-6.9	8.61470317303887	-999.9	0	3.10185185185186	2.00436858888745	330
MAPLE_PLAINS	2014	2	9	40	-23.5	-10.1	8.97455287095272	-999.9	0	1.2037037037037	1.16088010922361	330
MAPLE_PLAINS	2014	2	10	41	-20.3	-8.5	8.54153205147499	-999.9	0	1.35416666666667	1.86823692581565	330
MAPLE_PLAINS	2014	2	11	42	-23.8	-11.1	8.98752093380008	-999.9	0	1.81712962962963	1.27275861473111	330
MAPLE_PLAINS	2014	2	12	43	-21.9	-10.9	8.48366019473651	-999.9	0	2.5462962962963	1.38356017362539	330
MAPLE_PLAINS	2014	2	13	44	-19	-2.2	10.6339048867062	-999.9	6.9	3.99305555555556	2.70432520087757	330
MAPLE_PLAINS	2014	2	14	45	-2.9	7.2	8.36275216334964	-999.9	0	6.43518518518519	7.04013618692791	330
MAPLE_PLAINS	2014	2	15	46	-6.8	-2.8	5.33783454654249	-999.9	1.3	3.68055555555556	3.26615596061561	330
MAPLE_PLAINS	2014	2	16	47	-9.4	-4	6.29030634307621	-999.9	8	7.44212962962964	3.35812163898359	330
MAPLE_PLAINS	2014	2	17	48	-11.2	-7.2	5.49079357013266	-999.9	0	4.69907407407408	2.37464733145665	330
MAPLE_PLAINS	2014	2	18	49	-18.9	-4.9	10.4180638113348	-999.9	0	2.08333333333333	2.26165741595331	330
MAPLE_PLAINS	2014	2	19	50	-4.5	-2	4.4647373431195	-999.9	3.1	3.73842592592592	4.61999685901689	330
MAPLE_PLAINS	2014	2	20	51	-3.4	0.4	5.58217096140243	-999.9	7	3.76157407407408	5.04666784821484	330
MAPLE_PLAINS	2014	2	21	52	-11.4	-0.1	9.76148871241406	-999.9	5.8	2.52314814814815	3.9885121582588	330
MAPLE_PLAINS	2014	2	22	53	-0.4	5.4	7.09143404792798	-999.9	0	5.27777777777778	5.98831485532108	330
MAPLE_PLAINS	2014	2	23	54	-1.3	2.9	6.118760379539	-999.9	0	3.59953703703703	4.26552450804137	330
MAPLE_PLAINS	2014	2	24	55	-4.9	0.9	7.2902910490101	-999.9	0.6	2.00231481481481	4.31437630770972	330
MAPLE_PLAINS	2014	2	25	56	-12.5	-5.6	8.0615539242909	-999.9	0.2	4.02777777777778	1.76226619772192	330
MAPLE_PLAINS	2014	2	26	57	-20.7	-7.4	11.3462589566648	-999.9	0	2.22222222222222	1.45597766114788	330
MAPLE_PLAINS	2014	2	27	58	-22.3	-4.1	13.4543473531603	-999.9	0.6	1.85185185185185	1.92489143914389	330
MAPLE_PLAINS	2014	2	28	59	-20.2	-7.6	11.3469176023419	-999.9	0	3.88888888888889	1.86979765061998	330
MAPLE_PLAINS	2014	3	1	60	-24.2	-5.2	14.1220912117727	-999.9	0	2.73148148148148	1.40584794090446	330
MAPLE_PLAINS	2014	3	2	61	-11	-2.4	9.62860293458657	-999.9	1.3	3.48379629629631	3.46668442651746	330
MAPLE_PLAINS	2014	3	3	62	-22.5	-10.3	11.6210803540484	-999.9	0	1.77083333333333	1.30546442792654	330
MAPLE_PLAINS	2014	3	4	63	-26.6	-9.4	13.9811392587667	-999.9	0.2	2.29166666666667	1.04461958213042	330
MAPLE_PLAINS	2014	3	5	64	-26.3	-13.5	12.2194842196621	-999.9	0	1.79398148148148	0.967355266875868	330
MAPLE_PLAINS	2014	3	6	65	-27.9	-6.6	15.9684847946297	-999.9	0	1.73611111111111	1.07206723803443	330
MAPLE_PLAINS	2014	3	7	66	-23	0.8	17.0979326284599	-999.9	0	2.63888888888889	1.88811980933669	330
MAPLE_PLAINS	2014	3	8	67	-9.2	4	12.8966615760313	-999.9	0	2.85879629629631	4.37082263216701	330
MAPLE_PLAINS	2014	3	9	68	-14.6	-3.7	11.8683861694733	-999.9	0	2.02546296296296	2.71001966998195	330
MAPLE_PLAINS	2014	3	10	69	-19.3	-5.7	13.4241796145594	-999.9	0.2	1.67824074074074	1.70260013574906	330
MAPLE_PLAINS	2014	3	11	70	-11.6	0.2	12.6604743158813	-999.9	0.2	3.91203703703703	3.37605826715676	330
MAPLE_PLAINS	2014	3	12	71	-3.8	3.8	10.2862313584247	-999.9	5	3.09178743961353	5.29834060535326	330
MAPLE_PLAINS	2014	3	13	72	-10.8	-2	11.2041859130725	-999.9	9.3	6.15740740740742	3.28899699889261	330
MAPLE_PLAINS	2014	3	14	73	-13.7	-5.7	10.8123867179709	-999.9	0.4	3.14814814814814	2.16460640275406	330
MAPLE_PLAINS	2014	3	15	74	-8.2	4.9	14.0022292158569	-999.9	0	5.59027777777778	5.54070943118737	330
MAPLE_PLAINS	2014	3	16	75	-10	2.6	13.8956348603334	-999.9	0.6	5.60185185185186	3.59156637775833	330
MAPLE_PLAINS	2014	3	17	76	-14.3	-8.2	9.78217841785837	-999.9	0	5.67129629629631	1.26817437199685	330
MAPLE_PLAINS	2014	3	18	77	-15	-5	12.6704936340206	-999.9	0	2.91666666666667	1.66213076899929	330
MAPLE_PLAINS	2014	3	19	78	-18.3	-2.2	16.2620054158132	-999.9	0	1.5162037037037	2.28224776696751	330
MAPLE_PLAINS	2014	3	20	79	-4	3.5	11.2254471193979	-999.9	1.7	6.5625	4.92688262613017	330
MAPLE_PLAINS	2014	3	21	80	-0.2	3.5	7.97314148082079	-999.9	0	4.35185185185186	5.74127032089293	330
MAPLE_PLAINS	2014	3	22	81	-3.2	1.1	8.69083936462191	-999.9	3.5	3.31018518518519	4.22732677181678	330
MAPLE_PLAINS	2014	3	23	82	-8.4	1.3	13.1963899392632	-999.9	0.4	4.27083333333333	3.79809526622356	330
MAPLE_PLAINS	2014	3	24	83	-14.8	-8.2	11.0033656704211	-999.9	0	4.31712962962964	1.4808888386515	330
MAPLE_PLAINS	2014	3	25	84	-12.8	-4.4	12.5464172826675	-999.9	0	3.28703703703703	1.85241529687991	330
MAPLE_PLAINS	2014	3	26	85	-8.9	-4.1	9.58449248133445	-999.9	5.5	8.18287037037036	3.41050289966264	330
MAPLE_PLAINS	2014	3	27	86	-6.6	-2.3	9.16627333821585	-999.9	0.2	7.91666666666667	3.03819362639943	330
MAPLE_PLAINS	2014	3	28	87	-10.6	4.3	17.2386486362163	-999.9	5.5	3.46064814814814	3.94408920976863	330
MAPLE_PLAINS	2014	3	29	88	-4.2	4	12.918430749909	-999.9	0.8	2.83564814814814	5.81563521509627	330
MAPLE_PLAINS	2014	3	30	89	-2.3	0.7	7.89218576356746	-999.9	21.7	3.47222222222222	5.09325621258087	330
MAPLE_PLAINS	2014	3	31	90	-2.8	0.9	8.85140728091066	-999.9	6.7	5.77546296296297	5.3100819804087	330
MAPLE_PLAINS	2014	4	1	91	-3.8	-2.8	4.64651245392013	-999.9	2.7	7.36111111111111	4.53362517123032	330
MAPLE_PLAINS	2014	4	2	92	-3.1	0.9	9.38239085647807	-999.9	5.1	3.71527777777778	4.72928976316976	330
MAPLE_PLAINS	2014	4	3	93	-3	1.9	10.4828340814501	-999.9	0.9	1.53935185185185	5.44695433479867	330
MAPLE_PLAINS	2014	4	4	94	-3.4	2.7	11.8054742151852	-999.9	0	1.67824074074074	5.0110439445418	330
MAPLE_PLAINS	2014	4	5	95	-2.6	3.9	12.2985452523051	-999.9	9.1	5.92592592592592	5.76815430731077	330
MAPLE_PLAINS	2014	4	6	96	0.3	3.4	8.57032270448575	-999.9	0.2	4.86111111111111	5.584642666344	330
MAPLE_PLAINS	2014	4	7	97	-0.9	9.1	15.5301749587701	-999.9	0	2.7662037037037	4.68906275312361	330
MAPLE_PLAINS	2014	4	8	98	2.5	7.5	11.0780210956768	-999.9	0	5.87962962962964	6.77821620557688	330
MAPLE_PLAINS	2014	4	9	99	0	7.6	13.7760818465576	-999.9	0	3.68055555555556	7.04400339606844	330
MAPLE_PLAINS	2014	4	10	100	-3.8	4.2	14.2543243079537	-999.9	0	4.20138888888889	3.22813133535955	330
MAPLE_PLAINS	2014	4	11	101	2.1	8.2	12.5513484575298	-999.9	0	4.08564814814814	6.37390710853822	330
MAPLE_PLAINS	2014	4	12	102	0.3	9.3	15.3713419245847	-999.9	0	2.11805555555556	6.01975316090673	330
MAPLE_PLAINS	2014	4	13	103	-2.6	3.9	13.1690255554337	-999.9	6.5	2.5	4.41894096146545	330
MAPLE_PLAINS	2014	4	14	104	0.1	11.9	17.884875866513	-999.9	0	5.38194444444445	8.75901540175681	330
MAPLE_PLAINS	2014	4	15	105	10	16.8	13.6832432393481	-999.9	0	5.09259259259258	11.9226228813947	330
MAPLE_PLAINS	2014	4	16	106	-2	12.2	19.9255495596116	-999.9	0	5.72916666666667	7.1534729648251	330
MAPLE_PLAINS	2014	4	17	107	-4.7	2.1	13.8929416186506	-999.9	0	2.71990740740741	3.23321542284046	330
MAPLE_PLAINS	2014	4	18	108	-5.9	7.5	19.6475338993387	-999.9	0	2.83564814814814	4.05456638077902	330
MAPLE_PLAINS	2014	4	19	109	-1.1	5.6	13.9943080186061	-999.9	0	3.05555555555556	5.61899824132386	330
MAPLE_PLAINS	2014	4	20	110	-0.7	7	15.1098612362709	-999.9	0	3.15972222222222	4.67443335206145	330
MAPLE_PLAINS	2014	4	21	111	-1.5	8.5	17.3404008844345	-999.9	0	3.81944444444444	5.32110349842324	330
MAPLE_PLAINS	2014	4	22	112	-1	10.2	18.4780157795187	-999.9	0	1.19212962962963	7.46721262962267	330
MAPLE_PLAINS	2014	4	23	113	5.6	12	14.062641571176	-999.9	3.2	4.29398148148147	9.77077204406636	330
MAPLE_PLAINS	2014	4	24	114	-0.9	5.8	14.4840019985086	-999.9	1.2	6.37731481481481	6.66360984155032	330
MAPLE_PLAINS	2014	4	25	115	-0.9	1.2	8.16166910024835	-999.9	0	5.65972222222222	5.69710427866103	330
MAPLE_PLAINS	2014	4	26	116	-3	6.2	17.1919671501313	-999.9	0	2.69675925925926	6.10686238223076	330
MAPLE_PLAINS	2014	4	27	117	0.3	3	9.37174115814862	-999.9	2.6	3.69212962962964	6.4832892317626	330
MAPLE_PLAINS	2014	4	28	118	0.1	5	12.7024609816858	-999.9	0	6.49305555555556	6.73998470710947	330
MAPLE_PLAINS	2014	4	29	119	-1.5	4.4	14.022072491079	-999.9	0	4.73379629629631	5.68045456154789	330
MAPLE_PLAINS	2014	4	30	120	-3.4	7.5	19.170835263383	-999.9	0	2.24537037037037	5.16077412473025	330
MAPLE_PLAINS	2014	5	1	121	-3.4	7.2	19.0137500727185	-999.9	2.4	3.0050505050505	6.41613245586478	330
MAPLE_PLAINS	2014	5	2	122	3.7	7.4	11.2966199292763	-999.9	4	2.11805555555556	8.71045781339456	330
MAPLE_PLAINS	2014	5	3	123	3.9	14.7	19.4061038745629	-999.9	0.2	2.21064814814815	9.15389850335274	330
MAPLE_PLAINS	2014	5	4	124	4.7	12.5	16.5805476882803	-999.9	11.6	2.47685185185185	8.57362681363913	330
MAPLE_PLAINS	2014	5	5	125	1.7	5.6	11.7857035911205	-999.9	5.2	4.57175925925925	7.23060028490689	330
MAPLE_PLAINS	2014	5	6	126	-0.8	6.5	16.2070170328108	-999.9	0	2.48842592592593	6.24599014404213	330
MAPLE_PLAINS	2014	5	7	127	-3.5	11.3	23.1919909568872	-999.9	0	1.8287037037037	5.67800349769332	330
MAPLE_PLAINS	2014	5	8	128	-2.6	14.9	25.3418925612562	-999.9	0	2.4537037037037	5.33435832407784	330
MAPLE_PLAINS	2014	5	9	129	-2.3	15.6	25.7517630718712	-999.9	0	1.96759259259259	6.88085011269869	330
MAPLE_PLAINS	2014	5	10	130	6.3	12.3	14.9783629037556	-999.9	5.2	4.23611111111111	10.3703535996276	330
MAPLE_PLAINS	2014	5	11	131	0.7	13.2	21.7170129766158	-999.9	0	3.59953703703703	9.64633847408929	330
MAPLE_PLAINS	2014	5	12	132	-0.6	7.3	17.3405683296366	-999.9	0	1.99074074074074	6.20843853028835	330
MAPLE_PLAINS	2014	5	13	133	-3.7	10.9	23.6744274882209	-999.9	0.2	1.95601851851852	5.93957703617812	330
MAPLE_PLAINS	2014	5	14	134	-2.3	18.3	28.2383138237447	-999.9	0	2.34953703703704	6.57721651534359	330
MAPLE_PLAINS	2014	5	15	135	8.7	17.7	18.7403435352677	-999.9	0	3.66898148148147	9.43577268466804	330
MAPLE_PLAINS	2014	5	16	136	9.7	24.5	24.1261249258291	-999.9	0	3.65740740740742	12.9369892081832	330
MAPLE_PLAINS	2014	5	17	137	10	21.5	21.3479195856406	-999.9	0	4.12037037037036	12.1564957655579	330
MAPLE_PLAINS	2014	5	18	138	8.1	19.5	21.3333327381406	-999.9	0	3.68055555555556	10.2978701707506	330
MAPLE_PLAINS	2014	5	19	139	7.5	16.8	19.3373666447993	-999.9	0	3.69212962962964	11.1906054293056	330
MAPLE_PLAINS	2014	5	20	140	7.6	12	13.3469462352578	-999.9	3.2	1.42361111111111	11.4174968363924	330
MAPLE_PLAINS	2014	5	21	141	8.5	18.3	19.9856678963108	-999.9	0	2.47685185185185	11.1245999956739	330
MAPLE_PLAINS	2014	5	22	142	5.9	10.6	13.8852962130739	-999.9	0.8	2.99768518518519	10.5919406701841	330
MAPLE_PLAINS	2014	5	23	143	4.5	8	12.0196427098662	-999.9	0.6	4.14351851851853	8.61518308184713	330
MAPLE_PLAINS	2014	5	24	144	3	6.2	11.5274898642453	-999.9	0	4.74537037037036	7.63091299467034	330
MAPLE_PLAINS	2014	5	25	145	2.6	5.4	10.8141423969856	-999.9	0.2	3.99305555555556	7.35337258784038	330
MAPLE_PLAINS	2014	5	26	146	1.2	7.7	16.5224448200077	-999.9	8.2	3.32175925925925	8.13522661646653	330
MAPLE_PLAINS	2014	5	27	147	3.1	7.5	13.6301285920529	-999.9	0.8	3.79629629629631	8.49077556503811	330
MAPLE_PLAINS	2014	5	28	148	-1.4	7.9	19.8665589345446	-999.9	0	2.96296296296297	7.1927491284644	330
MAPLE_PLAINS	2014	5	29	149	-3.3	20.7	31.9923458995884	-999.9	0	2.1412037037037	7.19424659725573	330
MAPLE_PLAINS	2014	5	30	150	6.1	22.2	26.2642237204998	-999.9	0	2.03703703703704	8.03786296231294	330
MAPLE_PLAINS	2014	5	31	151	4.6	15.5	21.6584842464201	-999.9	0	2.93981481481481	8.67687084563472	330
MAPLE_PLAINS	2014	6	1	152	3.7	19.8	26.3780735908444	-999.9	0	2.58101851851852	8.88640483055397	330
MAPLE_PLAINS	2014	6	2	153	9.6	22.7	23.8414896153355	-999.9	0	3.93518518518519	8.99778197126719	330
MAPLE_PLAINS	2014	6	3	154	10.5	24.5	24.6934489889898	-999.9	0	3.59953703703703	10.7540514130009	330
MAPLE_PLAINS	2014	6	4	155	13.9	21.8	18.5824848401446	-999.9	0	3.92361111111111	16.1695391355843	330
MAPLE_PLAINS	2014	6	5	156	14.1	21.9	18.4953548413735	-999.9	0	2.4537037037037	16.0512103937274	330
MAPLE_PLAINS	2014	6	6	157	10.1	16.5	16.779661675611	-999.9	11.8	3.36805555555556	14.8014725488777	330
MAPLE_PLAINS	2014	6	7	158	8.1	10.6	10.5025288295248	-999.9	0.6	4.0625	10.7315670205884	330
MAPLE_PLAINS	2014	6	8	159	4.1	17.9	24.7085349807607	-999.9	0	2.40740740740741	9.0295218962945	330
MAPLE_PLAINS	2014	6	9	160	2.1	24.4	31.4482479024203	-999.9	0	2.25694444444444	10.5034845259832	330
MAPLE_PLAINS	2014	6	10	161	8.1	16.8	19.6649702774972	-999.9	0	2.43055555555556	11.3112717436853	330
MAPLE_PLAINS	2014	6	11	162	3.3	19.6	26.9445084455188	-999.9	0	2.08333333333333	9.27014264508681	330
MAPLE_PLAINS	2014	6	12	163	2.6	18.7	26.8031239223766	-999.9	0	2.47685185185185	10.2594344166242	330
MAPLE_PLAINS	2014	6	13	164	10.6	19	19.3758790511927	-999.9	1.8	2.62731481481481	13.1400197393586	330
MAPLE_PLAINS	2014	6	14	165	11.3	17.6	16.7917006140012	-999.9	4	5.54398148148147	13.8143271400485	330
MAPLE_PLAINS	2014	6	15	166	9.8	15.1	15.410558263539	-999.9	5.8	3.04398148148147	14.4427250842768	330
MAPLE_PLAINS	2014	6	16	167	5.2	14.9	20.8581494342959	-999.9	1.6	5.57870370370369	11.0316714017195	330
MAPLE_PLAINS	2014	6	17	168	4.3	23.2	29.1261957386283	-999.9	0	1.5625	11.5731853460695	330
MAPLE_PLAINS	2014	6	18	169	11.9	14.9	11.6072667389261	-999.9	33.4	4.36342592592592	13.7220029428833	330
MAPLE_PLAINS	2014	6	19	170	8.2	19.6	22.6303771980621	-999.9	7	2.75462962962963	13.851749237019	330
MAPLE_PLAINS	2014	6	20	171	7.4	12.5	15.1372877324324	-999.9	4	2.66203703703704	10.8553125500675	330
MAPLE_PLAINS	2014	6	21	172	8.5	12	12.5393266285555	-999.9	1.2	2.75462962962963	11.1036857875948	330
MAPLE_PLAINS	2014	6	22	173	8.3	18.3	21.1919552975592	-999.9	0	1.23842592592593	12.746678549246	330
MAPLE_PLAINS	2014	6	23	174	6.6	23.4	27.4606074516735	-999.9	0	2.25694444444444	13.9178150678673	330
MAPLE_PLAINS	2014	6	24	175	12.2	22.7	21.7014253717937	-999.9	0	3.86574074074075	13.3154277066783	330
MAPLE_PLAINS	2014	6	25	176	11.8	16.3	14.2001071546349	-999.9	6.2	3.00925925925925	15.3264185597224	330
MAPLE_PLAINS	2014	6	26	177	10.8	13.6	11.1946308170428	-999.9	9.8	2.36111111111111	13.5363177616475	330
MAPLE_PLAINS	2014	6	27	178	8.8	20.4	22.7697772999369	-999.9	0	2.55787037037037	13.1642918897024	330
MAPLE_PLAINS	2014	6	28	179	6.2	27.2	30.6120267457126	-999.9	0	1.14583333333333	13.6207215501615	330
MAPLE_PLAINS	2014	6	29	180	9.5	27.5	28.3155459357511	-999.9	0	2.16435185185185	15.2884262514434	330
MAPLE_PLAINS	2014	6	30	181	12.5	27.6	25.9081849689698	-999.9	0	2.62731481481481	17.0113003435653	330
MAPLE_PLAINS	2014	7	1	182	15.6	27	22.4861093863482	-999.9	0	3.40277777777778	19.8273628376009	330
MAPLE_PLAINS	2014	7	2	183	18	26.2	19.0474004658045	-999.9	0	4.6875	21.1195091230389	330
MAPLE_PLAINS	2014	7	3	184	19.1	27.9	19.7056375961752	-999.9	0	3.68055555555556	23.1348857433881	330
MAPLE_PLAINS	2014	7	4	185	20.6	28.3	18.4063771673449	-999.9	0	3.66898148148147	22.9259234379534	330
MAPLE_PLAINS	2014	7	5	186	12.3	20.9	19.4222418679035	-999.9	5.8	8.11342592592592	17.482134182828	330
MAPLE_PLAINS	2014	7	6	187	12.4	24.6	23.0946055180517	-999.9	5.2	5.54398148148147	14.6931365786773	330
MAPLE_PLAINS	2014	7	7	188	16	23.2	17.7104926300761	-999.9	2	3.66898148148147	17.2689593133543	330
MAPLE_PLAINS	2014	7	8	189	16.8	25.5	19.4317077941464	-999.9	2.2	3.72685185185186	20.1329347231703	330
MAPLE_PLAINS	2014	7	9	190	18.2	26.4	18.8277463570729	-999.9	0	4.81481481481481	20.5502032083436	330
MAPLE_PLAINS	2014	7	10	191	16.7	26.2	20.2230343326089	-999.9	0	3.26388888888889	19.2907481067743	330
MAPLE_PLAINS	2014	7	11	192	12.5	22.8	21.0111189498072	-999.9	0	1.40046296296296	14.7797834894881	330
MAPLE_PLAINS	2014	7	12	193	9.1	26.4	27.1676784741537	-999.9	0	1.97916666666667	14.9050367422407	330
MAPLE_PLAINS	2014	7	13	194	14.9	26	21.7091405673893	-999.9	0	3.03240740740742	17.1781288621012	330
MAPLE_PLAINS	2014	7	14	195	16.7	22.9	16.1838297146125	-999.9	6.4	4.05092592592592	18.4491295348334	330
MAPLE_PLAINS	2014	7	15	196	18.3	22.4	13.1260554737207	-999.9	2.8	3.05555555555556	22.4222121686203	330
MAPLE_PLAINS	2014	7	16	197	20.3	26	15.4343734742693	-999.9	16.2	3.19444444444444	24.4974299551513	330
MAPLE_PLAINS	2014	7	17	198	18.2	21.9	12.3997806363781	-999.9	6.6	2.98611111111111	22.4649656948926	330
MAPLE_PLAINS	2014	7	18	199	15.8	23.9	18.2923445684888	-999.9	0.2	2.70833333333333	17.6102800172414	330
MAPLE_PLAINS	2014	7	19	200	11.4	24.1	22.8346558543311	-999.9	0	1.41203703703704	16.3565741647215	330
MAPLE_PLAINS	2014	7	20	201	10.1	25.4	24.983653539513	-999.9	0	1.72453703703704	16.1970260721841	330
MAPLE_PLAINS	2014	7	21	202	15.1	24.6	19.6219147371322	-999.9	0	1.81712962962963	16.1530446878149	330
MAPLE_PLAINS	2014	7	22	203	13.1	26	22.78743023366	-999.9	0	2.84722222222222	17.0601564750933	330
MAPLE_PLAINS	2014	7	23	204	16.8	26.1	19.2803222620557	-999.9	0	4.34027777777778	20.1819398253924	330
MAPLE_PLAINS	2014	7	24	205	15.9	19.7	12.2797114377897	-999.9	7.6	1.83574879227053	18.6894967869369	330
MAPLE_PLAINS	2014	7	25	206	11.9	22.4	20.336003836897	-999.9	0	1.12268518518519	16.3827668655442	330
MAPLE_PLAINS	2014	7	26	207	11	25.4	23.7234411314934	-999.9	0	3.02083333333333	16.3638350162926	330
MAPLE_PLAINS	2014	7	27	208	16	25.4	19.0913446960392	-999.9	0	4.03935185185186	17.56181629639	330
MAPLE_PLAINS	2014	7	28	209	18.5	26.6	17.6498793346531	-999.9	2.6	4.95370370370369	22.0792984493723	330
MAPLE_PLAINS	2014	7	29	210	16.3	27.1	20.2949521763932	-999.9	3	4.80324074074075	20.958920054725	330
MAPLE_PLAINS	2014	7	30	211	13.8	23.8	19.4447854469853	-999.9	1.4	2.07175925925926	18.9019331225799	330
MAPLE_PLAINS	2014	7	31	212	15.6	23.1	16.7652739353481	-999.9	0.4	3.03240740740742	19.3763165005276	330
MAPLE_PLAINS	2014	8	1	213	11.9	25.6	22.556245945947	-999.9	0	1.97916666666667	16.2584594385362	330
MAPLE_PLAINS	2014	8	2	214	15.1	24	18.0957873307057	-999.9	0	2.29166666666667	18.8210191165453	330
MAPLE_PLAINS	2014	8	3	215	16.2	26	18.8982095957142	-999.9	0	2.07175925925926	17.2680804820332	330
MAPLE_PLAINS	2014	8	4	216	15.1	25.8	19.6505009246237	-999.9	0	1.42361111111111	19.3773874146739	330
MAPLE_PLAINS	2014	8	5	217	15	24.9	18.8071151423024	-999.9	0	1.72453703703704	19.7929341276211	330
MAPLE_PLAINS	2014	8	6	218	14.2	25.6	20.0783656466393	-999.9	0.8	1.2962962962963	19.2039110855967	330
MAPLE_PLAINS	2014	8	7	219	12.7	21.9	17.9427683717532	-999.9	13	1.70138888888889	17.8497658204971	330
MAPLE_PLAINS	2014	8	8	220	9.3	19.6	18.8834684116296	-999.9	3.8	3.27546296296297	15.8143114150148	330
MAPLE_PLAINS	2014	8	9	221	9.8	18.1	16.858447710387	-999.9	3	2.55787037037037	15.7016184336121	330
MAPLE_PLAINS	2014	8	10	222	14.3	17.4	10.2452435197763	-999.9	4.6	3.81944444444444	15.782691397596	330
MAPLE_PLAINS	2014	8	11	223	10.2	19.9	18.0192817610157	-999.9	0.2	2.48842592592593	15.8745186480596	330
MAPLE_PLAINS	2014	8	12	224	6	21.8	22.863217141306	-999.9	0.2	1.09953703703704	14.2835732485496	330
MAPLE_PLAINS	2014	8	13	225	10.4	24.2	21.2398916082877	-999.9	0.2	2.32638888888889	17.4852284219142	330
MAPLE_PLAINS	2014	8	14	226	16	24.2	16.2730946422143	-999.9	0	5.04629629629631	18.3150608691053	330
MAPLE_PLAINS	2014	8	15	227	15.3	20.5	12.8783917623511	-999.9	20	5	18.4094900032142	330
MAPLE_PLAINS	2014	8	16	228	11.9	20.6	16.5524520690736	-999.9	0.2	2.37268518518519	16.1815896480806	330
MAPLE_PLAINS	2014	8	17	229	14	20.8	14.5393733728399	-999.9	3.4	1.88657407407407	16.5118867786899	330
MAPLE_PLAINS	2014	8	18	230	15.5	16.8	6.31534313829682	-999.9	26.2	2.5	17.5083353322294	330
MAPLE_PLAINS	2014	8	19	231	15.2	20.3	12.4248080552648	-999.9	5.8	2.5462962962963	17.2843816212206	330
MAPLE_PLAINS	2014	8	20	232	11.9	19.5	15.0638423534438	-999.9	0.2	1.84027777777778	15.4693642520332	330
MAPLE_PLAINS	2014	8	21	233	9.1	20	17.9147762376226	-999.9	0	1.71296296296296	15.1533192460978	330
MAPLE_PLAINS	2014	8	22	234	11.5	19.6	15.3339626030819	-999.9	0.2	1.95601851851852	15.688545541887	330
MAPLE_PLAINS	2014	8	23	235	9.8	19.9	16.9992860885209	-999.9	0.4	1.86342592592593	14.2313272519424	330
MAPLE_PLAINS	2014	8	24	236	8	21.7	19.653166003774	-999.9	0	1.09953703703704	13.714452184821	330
MAPLE_PLAINS	2014	8	25	237	10.3	25.1	20.2744586474151	-999.9	0	2.61574074074074	17.0485619187447	330
MAPLE_PLAINS	2014	8	26	238	15.3	25.7	16.8665001442162	-999.9	0.2	3.35648148148147	18.3101807724615	330
MAPLE_PLAINS	2014	8	27	239	16.8	24	13.9254096768631	-999.9	0.8	3.56481481481481	17.7226851581485	330
MAPLE_PLAINS	2014	8	28	240	14	22.4	14.9230691711617	-999.9	1.6	2.28009259259259	18.1044995940569	330
MAPLE_PLAINS	2014	8	29	241	3.2	15.1	17.6202449670645	-999.9	1.2	4.81481481481481	11.1795301814869	330
MAPLE_PLAINS	2014	8	30	242	2.1	20.5	21.7325325676462	-999.9	0	3.36805555555556	11.1652101205402	330
MAPLE_PLAINS	2014	8	31	243	14.4	19.4	11.2354962967594	-999.9	8.2	4.15509259259258	17.1317140027798	330
MAPLE_PLAINS	2014	9	1	244	16.6	20.2	9.45381433575549	-999.9	12.4	2.07175925925926	19.4849713951865	330
MAPLE_PLAINS	2014	9	2	245	16	22.8	12.8825382678894	-999.9	6.4	2.38425925925926	20.1083247212824	330
MAPLE_PLAINS	2014	9	3	246	12	24.3	17.1764419737386	-999.9	7	3.14814814814814	19.9631179049032	330
MAPLE_PLAINS	2014	9	4	247	9.7	24.4	18.6129578137728	-999.9	0	2.25694444444444	15.6311945027486	330
MAPLE_PLAINS	2014	9	5	248	16.6	25.4	14.2730396280254	-999.9	0	2.15277777777778	18.0113749733744	330
MAPLE_PLAINS	2014	9	6	249	16.9	23.3	12.0621801894569	-999.9	1.6	4.42129629629631	20.8645261974986	330
MAPLE_PLAINS	2014	9	7	250	9.5	18.2	13.934724397845	-999.9	4	2.24537037037037	13.2343197357266	330
MAPLE_PLAINS	2014	9	8	251	3.4	16.4	16.8754589553474	-999.9	0	1.70138888888889	8.6918587810733	330
MAPLE_PLAINS	2014	9	9	252	2	18.6	18.8897127101913	-999.9	0	1.93287037037037	9.71643467999006	330
MAPLE_PLAINS	2014	9	10	253	5.1	19.8	17.6059566703388	-999.9	0	1.2962962962963	12.1914791096748	330
MAPLE_PLAINS	2014	9	11	254	8.9	20.5	15.4882346831569	-999.9	4.2	3.125	15.9640423519669	330
MAPLE_PLAINS	2014	9	12	255	5.1	17.7	15.9835245395948	-999.9	0.2	3.48379629629631	12.1422861613166	330
MAPLE_PLAINS	2014	9	13	256	1.6	16.5	17.2082718920953	-999.9	0	1.57407407407407	10.0037293252571	330
MAPLE_PLAINS	2014	9	14	257	11	15.8	9.66861376455314	-999.9	8	2.92824074074075	13.863107221754	330
MAPLE_PLAINS	2014	9	15	258	3.7	12.7	13.1040969381453	-999.9	0	1.88657407407407	9.75807606764014	330
MAPLE_PLAINS	2014	9	16	259	2.4	16.4	16.1746570316617	-999.9	0	2.25694444444444	10.1316730999164	330
MAPLE_PLAINS	2014	9	17	260	8.7	19	13.7283419215846	-999.9	0	2.39583333333333	11.7568311065686	330
MAPLE_PLAINS	2014	9	18	261	6.2	19.2	15.2595950497472	-999.9	4.4	2.70833333333333	11.3459451945405	330
MAPLE_PLAINS	2014	9	19	262	-2.1	10.5	14.861826818695	-999.9	0	2.80092592592592	6.34003652066205	330
MAPLE_PLAINS	2014	9	20	263	-2.1	13.7	16.4617164077543	-999.9	0	4.39814814814814	8.50323467113073	330
MAPLE_PLAINS	2014	9	21	264	13.4	23.4	12.9524116641249	-999.9	5.2	4.82638888888889	15.223436799225	330
MAPLE_PLAINS	2014	9	22	265	12.8	22.6	12.6798046328154	-999.9	36.2	5.03472222222222	18.843380038282	330
MAPLE_PLAINS	2014	9	23	266	9.1	13.2	8.10934162309281	-999.9	0.2	4.6875	8.88337059709813	330
MAPLE_PLAINS	2014	9	24	267	3.5	12.6	11.9441224961287	-999.9	0	2.59259259259259	7.70275000973484	330
MAPLE_PLAINS	2014	9	25	268	8.5	18.7	12.5002814011051	-999.9	0	3.50694444444444	11.415828058807	330
MAPLE_PLAINS	2014	9	26	269	8.2	20.5	13.5676692775282	-999.9	0	1.41203703703704	13.8414717453058	330
MAPLE_PLAINS	2014	9	27	270	6.2	21	14.7083513605744	-999.9	0.2	2.83564814814814	12.6929129033143	330
MAPLE_PLAINS	2014	9	28	271	7.4	23.9	15.3462998139395	-999.9	0	3.29861111111111	15.0960076014331	330
MAPLE_PLAINS	2014	9	29	272	7.5	16.6	11.2605553913549	-999.9	0	4.30555555555556	9.89814540709808	330
MAPLE_PLAINS	2014	9	30	273	8.2	14.4	9.1825220247858	-999.9	0.6	2.31481481481481	11.334875804852	330
MAPLE_PLAINS	2014	10	1	274	2.2	12.3	11.5772196729014	-999.9	0.2	2.44212962962963	10.4645256544693	330
MAPLE_PLAINS	2014	10	2	275	-0.4	14.9	14.0740169524291	-999.9	0	2.29166666666667	9.29331589776161	330
MAPLE_PLAINS	2014	10	3	276	0.1	16.3	14.3024645943038	-999.9	0	1.96759259259259	9.41544264594963	330
MAPLE_PLAINS	2014	10	4	277	8.8	18.9	11.1518862485992	-999.9	0	3.94675925925925	13.6140453896366	330
MAPLE_PLAINS	2014	10	5	278	12.6	18.6	8.48695401771587	-999.9	8.8	5.63657407407408	14.7730927268918	330
MAPLE_PLAINS	2014	10	6	279	3.6	15.5	11.800318200889	-999.9	0	2.1412037037037	10.8128785125648	330
MAPLE_PLAINS	2014	10	7	280	1.6	17.8	13.5918440223625	-999.9	0	2.1875	10.057521266535	330
MAPLE_PLAINS	2014	10	8	281	12	18.7	8.62813226164726	-999.9	17.8	4.82638888888889	15.0076911483739	330
MAPLE_PLAINS	2014	10	9	282	10.1	14.4	6.82230837654941	-999.9	0.2	3.04292929292931	11.5006557331612	330
MAPLE_PLAINS	2014	10	10	283	7.7	14.1	8.2142031369821	-999.9	0	4.50231481481481	8.62628654360864	330
MAPLE_PLAINS	2014	10	11	284	1.9	11.3	9.82380634917122	-999.9	0	1.34259259259259	8.94271703060475	330
MAPLE_PLAINS	2014	10	12	285	-1.1	11.1	11.0433243099077	-999.9	0	1.49305555555556	7.45408855447345	330
MAPLE_PLAINS	2014	10	13	286	-1	16.1	12.899927494613	-999.9	0.2	2.33796296296296	8.57927756996676	330
MAPLE_PLAINS	2014	10	14	287	3.7	18.2	11.7195108282229	-999.9	0.2	2.95138888888889	12.4586017562335	330
MAPLE_PLAINS	2014	10	15	288	12.3	18.7	7.68104830624399	-999.9	0	3.20601851851853	14.7147062040596	330
MAPLE_PLAINS	2014	10	16	289	11	17.1	7.39726341024304	-999.9	0.2	2.69675925925926	14.2153309798448	330
MAPLE_PLAINS	2014	10	17	290	14.3	19.2	6.53961912190646	-999.9	10.8	5.64814814814814	17.005712680158	330
MAPLE_PLAINS	2014	10	18	291	11.2	18.3	7.76437457554135	-999.9	0.2	2.99768518518519	13.9048449180716	330
MAPLE_PLAINS	2014	10	19	292	6.9	15.7	8.52546959232505	-999.9	3	2.60416666666667	12.6616701102901	330
MAPLE_PLAINS	2014	10	20	293	4	6.9	4.82674830250801	-999.9	1	5.16203703703703	6.6665938418929	330
MAPLE_PLAINS	2014	10	21	294	3.1	9.8	7.23524213961714	-999.9	0	2.30324074074074	6.73986547341426	330
MAPLE_PLAINS	2014	10	22	295	5.9	10.4	5.84743894627979	-999.9	0.2	3.95833333333333	8.64131936889637	330
MAPLE_PLAINS	2014	10	23	296	9.5	13.2	5.22865929272745	-999.9	1.8	5.04629629629631	10.5007122837554	330
MAPLE_PLAINS	2014	10	24	297	9.9	11.7	3.59620684611465	-999.9	26	4.52546296296297	12.0626252000564	330
MAPLE_PLAINS	2014	10	25	298	7.2	10.1	4.50109253438573	-999.9	1	3.42592592592592	10.8822238028975	330
MAPLE_PLAINS	2014	10	26	299	5.1	9.6	5.5287906884572	-999.9	18	2.58101851851852	9.9130385946266	330
MAPLE_PLAINS	2014	10	27	300	5.5	8	4.06346179357445	-999.9	2.2	5.06944444444445	8.79712324977523	330
MAPLE_PLAINS	2014	10	28	301	4.6	7.2	4.08616115645324	-999.9	0	2.7662037037037	8.25906531658395	330
MAPLE_PLAINS	2014	10	29	302	5.2	14.5	7.62037620056209	-999.9	0	3.70370370370369	11.5041211888816	330
MAPLE_PLAINS	2014	10	30	303	5.6	14.5	7.35093816730789	-999.9	0	3.10185185185186	9.86232829302558	330
MAPLE_PLAINS	2014	10	31	304	-1.5	8.4	7.64518910858876	-999.9	0	1.13425925925926	6.37742578225961	330
MAPLE_PLAINS	2014	11	1	305	2.5	6.7	4.91056682646128	-999.9	0	3.47222222222222	7.26628524226626	330
MAPLE_PLAINS	2014	11	2	306	4.8	14.1	7.20612542259987	-999.9	0	5.27777777777778	9.95120088378748	330
MAPLE_PLAINS	2014	11	3	307	1.3	11.6	7.47916263879582	-999.9	0	5.48611111111111	7.06515352534721	330
MAPLE_PLAINS	2014	11	4	308	-0.7	4.7	5.34108726732668	-999.9	0	3.18287037037036	6.71610622287822	330
MAPLE_PLAINS	2014	11	5	309	0.9	11.5	7.38095248530315	-999.9	0	3.96464646464647	8.47059558030967	330
MAPLE_PLAINS	2014	11	6	310	5.6	8.5	3.80817905271294	-999.9	0	2.41898148148148	7.22691397862236	330
MAPLE_PLAINS	2014	11	7	311	2.8	13.7	7.28327552537255	-999.9	0	3.77314814814814	10.4616304895967	330
MAPLE_PLAINS	2014	11	8	312	-0.7	1.6	3.300752222334	-999.9	0.4	6.92129629629631	4.91724549936584	330
MAPLE_PLAINS	2014	11	9	313	-0.9	8.6	6.61897809211028	-999.9	0	2.48842592592593	6.68129921738878	330
MAPLE_PLAINS	2014	11	10	314	-1.9	7.6	6.53160660431156	-999.9	0	0.740740740740742	5.95783109619068	330
MAPLE_PLAINS	2014	11	11	315	-2.6	8.6	6.9992201427003	-999.9	0	1.68981481481481	6.659644035701	330
MAPLE_PLAINS	2014	11	12	316	0.6	11	6.65729153498543	-999.9	0	3.40277777777778	9.45844973214363	330
MAPLE_PLAINS	2014	11	13	317	-1.2	9.5	6.66615588470874	-999.9	0	2.39583333333333	7.11885853349104	330
MAPLE_PLAINS	2014	11	14	318	-2.2	2.6	4.40832809203383	-999.9	4.1	1.28787878787879	5.91857524337858	330
MAPLE_PLAINS	2014	11	15	319	-10.8	-2.3	5.79300919380582	-999.9	2.9	2.80092592592592	3.57602104227142	330
MAPLE_PLAINS	2014	11	16	320	-12	1.2	7.13016694812715	-999.9	0	1.8287037037037	3.66745404467056	330
MAPLE_PLAINS	2014	11	17	321	-0.1	6.2	4.86611444097223	-999.9	0	2.22222222222222	6.4504179799513	330
MAPLE_PLAINS	2014	11	18	322	-1.7	12.4	7.19295108992226	-999.9	0	5	8.10204307424184	330
MAPLE_PLAINS	2014	11	19	323	-4.1	0.1	3.8797058728369	-999.9	0	6.45833333333333	2.8538771581201	330
MAPLE_PLAINS	2014	11	20	324	-7.2	2.5	5.82817604274684	-999.9	5.7	2.69675925925926	4.61949159446732	330
MAPLE_PLAINS	2014	11	21	325	-5.2	0.1	4.25949732947761	-999.9	0.2	4.50231481481481	3.86951741891125	330
MAPLE_PLAINS	2014	11	22	326	-7.1	2	5.5197661830962	-999.9	0.2	4.73379629629631	3.25408043402256	330
MAPLE_PLAINS	2014	11	23	327	-0.3	4.8	4.08766745706407	-999.9	0	3.04398148148147	5.68809597926154	330
MAPLE_PLAINS	2014	11	24	328	0.3	12.8	6.33215929266109	-999.9	0	5.09259259259258	8.00856239083526	330
MAPLE_PLAINS	2014	11	25	329	8.2	14.7	4.51939881251665	-999.9	0	5.10416666666667	11.9721531785519	330
MAPLE_PLAINS	2014	11	26	330	-0.1	7.4	4.80626263009278	-999.9	0	2.1875	5.83816046174419	330
MAPLE_PLAINS	2014	11	27	331	-2.7	0.2	2.95977924320309	-999.9	19.9	5.96064814814814	5.51975861441305	330
MAPLE_PLAINS	2014	11	28	332	-5.7	-2.5	3.08002434284089	-999.9	0.5	2.10648148148148	3.85980964356853	330
MAPLE_PLAINS	2014	11	29	333	-12.6	-4	5.00365488605614	-999.9	0.4	2.02546296296296	3.21694468766583	330
MAPLE_PLAINS	2014	11	30	334	-13.9	7.1	7.75088895425917	-999.9	0	4.20138888888889	4.68890364818111	330
MAPLE_PLAINS	2014	12	1	335	0	10.3	5.38286606806271	-999.9	0	4.6875	8.728048245684	330
MAPLE_PLAINS	2014	12	2	336	-10.1	-0.9	5.04656391796618	-999.9	0	3.62268518518519	2.4706583455314	330
MAPLE_PLAINS	2014	12	3	337	-9.6	9.2	7.15889248406363	-999.9	0	6.35416666666667	6.16976654252286	330
MAPLE_PLAINS	2014	12	4	338	-7.3	9.1	6.6376789864224	-999.9	0	5.75231481481481	4.65895733639606	330
MAPLE_PLAINS	2014	12	5	339	-12.2	-7.4	3.56622517125218	-999.9	0	2.19907407407407	2.18238212152493	330
MAPLE_PLAINS	2014	12	6	340	-10.4	6.2	6.58879999806663	-999.9	0	3.10185185185186	5.21848241717899	330
MAPLE_PLAINS	2014	12	7	341	-10.3	3.6	5.99235958285532	-999.9	0.2	4.46759259259258	3.58676945265718	330
MAPLE_PLAINS	2014	12	8	342	-14.8	-9.2	3.78181479544468	-999.9	0	2.17592592592593	2.13232256744923	330
MAPLE_PLAINS	2014	12	9	343	-14	1.5	6.25847914654114	-999.9	3.5	3.72685185185186	4.05594525144692	330
MAPLE_PLAINS	2014	12	10	344	1.7	5.9	3.24196560599929	-999.9	0	7.26851851851853	7.81595432502421	330
MAPLE_PLAINS	2014	12	11	345	2.4	9.2	4.10682325217272	-999.9	0	4.87268518518519	8.87330997187762	330
MAPLE_PLAINS	2014	12	12	346	3	9.7	4.06019082818492	-999.9	0	1.875	9.67511715449261	330
MAPLE_PLAINS	2014	12	13	347	-1.5	5.1	4.01541688837809	-999.9	0	0.972222222222222	6.7640294645699	330
MAPLE_PLAINS	2014	12	14	348	-0.8	1.1	2.14772881576753	-999.9	0.3	2.68518518518519	6.13162402119251	330
MAPLE_PLAINS	2014	12	15	349	-1.4	2.2	2.94845258454757	-999.9	0	4.46759259259258	5.51317590991968	330
MAPLE_PLAINS	2014	12	16	350	-1.9	-1	1.47096509888568	-999.9	0	1.53935185185185	4.51345401146457	330
MAPLE_PLAINS	2014	12	17	351	-1.9	0.9	2.5899877728314	-999.9	5.4	1.84027777777778	5.04448947693098	330
MAPLE_PLAINS	2014	12	18	352	-0.1	5.9	3.78645156039439	-999.9	0	3.87681159420289	6.9796246004284	330
MAPLE_PLAINS	2014	12	19	353	-2.1	0.5	2.49047898564735	-999.9	5.3	3.21759259259258	5.61733641278388	330
MAPLE_PLAINS	2014	12	20	354	-2.1	0.2	2.34153935489065	-999.9	0.2	3.03240740740742	4.75043298228133	330
MAPLE_PLAINS	2014	12	21	355	-3.4	-1.6	2.07165444561761	-999.9	0.2	1.2962962962963	4.23491245870448	330
MAPLE_PLAINS	2014	12	22	356	-3.7	-3.1	1.19674709301808	-999.9	0	0.782828282828283	3.96408541962181	330
MAPLE_PLAINS	2014	12	23	357	-3.4	-0.6	2.58793482923889	-999.9	0	1.33101851851852	4.48622534901975	330
MAPLE_PLAINS	2014	12	24	358	-1.9	9.5	5.22968575149054	-999.9	0	4.38657407407408	6.45810431917408	330
MAPLE_PLAINS	2014	12	25	359	5.4	14	4.55115526823694	-999.9	0	6.28472222222222	11.7589706777886	330
MAPLE_PLAINS	2014	12	26	360	2.4	5.1	2.55624705730605	-999.9	0	6.12268518518519	5.08511186757526	330
MAPLE_PLAINS	2014	12	27	361	0.9	3	2.26087699124289	-999.9	0	4.75694444444445	4.5225675321101	330
MAPLE_PLAINS	2014	12	28	362	-1.1	4.7	3.76984723110493	-999.9	0	2.97453703703703	6.03803498392432	330
MAPLE_PLAINS	2014	12	29	363	-9.4	-0.4	4.71376181456912	-999.9	0.2	4.84953703703703	3.27966369772337	330
MAPLE_PLAINS	2014	12	30	364	-15.3	-9.7	3.73395388053799	-999.9	0	5.09259259259258	1.43238647631217	330
MAPLE_PLAINS	2014	12	31	365	-16.4	-12.4	3.1704648773004	-999.9	0	3.994708994709	1.38064706103973	330
