MAPLE_PLAINS	2004	1	1	1	-7.6	-3.5	3.22618783118158	-999.9	0	5	2.82275156062286	330
MAPLE_PLAINS	2004	1	2	2	-13.5	-7	4.0845384643056	-999.9	0	3.20601851851853	2.61760205207537	330
MAPLE_PLAINS	2004	1	3	3	-13.8	0.6	6.11556810952463	-999.9	1.4	3.13657407407408	3.6364643583383	330
MAPLE_PLAINS	2004	1	4	4	-4.1	4	4.61577473616883	-999.9	4.8	4.97685185185186	5.26779675336069	330
MAPLE_PLAINS	2004	1	5	5	-7.2	-4.1	2.87477060318666	-999.9	0	3.65740740740742	2.87188439649886	330
MAPLE_PLAINS	2004	1	6	6	-8	-2.2	3.96028609262184	-999.9	1.6	1.41203703703704	3.76190076859131	330
MAPLE_PLAINS	2004	1	7	7	-14.6	-8	4.25638384168532	-999.9	0.8	7.08333333333333	1.57643565269861	330
MAPLE_PLAINS	2004	1	8	8	-21.3	-12.4	4.981751153957	-999.9	0.6	5.32407407407408	1.01701217075819	330
MAPLE_PLAINS	2004	1	9	9	-22.7	-15.3	4.58014070256023	-999.9	0	3.77314814814814	1.12099751088625	330
MAPLE_PLAINS	2004	1	10	10	-20	-15.8	3.48030175086673	-999.9	0	3.15972222222222	1.17869339203069	330
MAPLE_PLAINS	2004	1	11	11	-20.9	-14.6	4.30071539678184	-999.9	1.4	3.40277777777778	1.02536140511233	330
MAPLE_PLAINS	2004	1	12	12	-21.7	-9.8	5.96576819582907	-999.9	0	0.833333333333333	1.81752145684149	330
MAPLE_PLAINS	2004	1	13	13	-19.9	-6.1	6.48626234948368	-999.9	8.4	1.5162037037037	1.95390757638264	330
MAPLE_PLAINS	2004	1	14	14	-23.9	-10.9	6.35804450509533	-999.9	2	9.02777777777778	0.847459034935896	330
MAPLE_PLAINS	2004	1	15	15	-26.6	-17.8	5.28469783191487	-999.9	0	5.81018518518519	0.621318896736424	330
MAPLE_PLAINS	2004	1	16	16	-25.6	-7.5	7.65896668499689	-999.9	5.6	5.05787037037036	1.6650723944143	330
MAPLE_PLAINS	2004	1	17	17	-6.5	-0.7	4.38245194722654	-999.9	3.8	8.17129629629631	2.29836974910195	330
MAPLE_PLAINS	2004	1	18	18	-7.9	-0.3	5.07221297538332	-999.9	2.4	2.82407407407408	3.81972533947108	330
MAPLE_PLAINS	2004	1	19	19	-4.4	-2.2	2.75994107758016	-999.9	17.4	5.50925925925925	4.81652793149544	330
MAPLE_PLAINS	2004	1	20	20	-5.8	-2.7	3.31415168491637	-999.9	12.2	6.94444444444445	4.32332336734033	330
MAPLE_PLAINS	2004	1	21	21	-12.8	-4.3	5.55270186746271	-999.9	0	3.64583333333333	3.43043370144299	330
MAPLE_PLAINS	2004	1	22	22	-12	-2.3	6.00315336521717	-999.9	2.8	2.96296296296297	3.27610931531619	330
MAPLE_PLAINS	2004	1	23	23	-17.3	-0.3	8.04464857081365	-999.9	2.4	5.72916666666667	2.636632438461	330
MAPLE_PLAINS	2004	1	24	24	-21.7	-14.7	5.22644186531966	-999.9	0	4.82638888888889	1.01767482639774	330
MAPLE_PLAINS	2004	1	25	25	-23.3	-18.7	4.2903336373165	-999.9	0	4.36342592592592	0.741525348098655	330
MAPLE_PLAINS	2004	1	26	26	-24.6	-17.3	5.47399437830919	-999.9	0	5.76388888888889	0.759821272253668	330
MAPLE_PLAINS	2004	1	27	27	-18.5	-11.2	5.54505742894197	-999.9	0	4.375	1.31611923027824	330
MAPLE_PLAINS	2004	1	28	28	-12.9	-7.6	4.78685711714964	-999.9	0.4	2.04861111111111	2.41798767297142	330
MAPLE_PLAINS	2004	1	29	29	-11	-7.1	4.16077561830011	-999.9	0	4.89583333333333	2.61310274887632	330
MAPLE_PLAINS	2004	1	30	30	-21.7	-9.6	7.4271313613959	-999.9	0	3.99305555555556	1.89319811013697	330
MAPLE_PLAINS	2004	1	31	31	-24.9	-8.3	8.81701028853968	-999.9	4.4	1.18055555555556	2.37051028297385	330
MAPLE_PLAINS	2004	2	1	32	-8.3	-0.2	6.24304873075328	-999.9	0.2	6.18055555555556	3.41190113892761	330
MAPLE_PLAINS	2004	2	2	33	-16.5	-1.5	8.61252397443927	-999.9	0	3.84259259259258	3.94685095022754	330
MAPLE_PLAINS	2004	2	3	34	-17.4	1.5	9.80134667569278	-999.9	0	1.12268518518519	3.72560230409046	330
MAPLE_PLAINS	2004	2	4	35	-6.6	3.8	7.37185575208028	-999.9	0	6.04166666666667	4.66287540895155	330
MAPLE_PLAINS	2004	2	5	36	-11.5	-2.8	6.83685404991278	-999.9	0	8.32175925925925	1.90758785186834	330
MAPLE_PLAINS	2004	2	6	37	-10.1	-5	5.30817878552719	-999.9	7	4.78009259259258	2.31033806885946	330
MAPLE_PLAINS	2004	2	7	38	-6.2	-1.7	5.05654486016396	-999.9	14.6	4.375	4.06037073872247	330
MAPLE_PLAINS	2004	2	8	39	-14.6	-4.8	7.56776116745518	-999.9	2.4	4.0625	3.34189865679963	330
MAPLE_PLAINS	2004	2	9	40	-14.7	-5.1	7.59648571705568	-999.9	0	4.25925925925925	2.34453064775209	330
MAPLE_PLAINS	2004	2	10	41	-6.5	3.4	7.82401789750409	-999.9	1	2.48842592592593	4.16343551079956	330
MAPLE_PLAINS	2004	2	11	42	-12.9	-0.7	8.80919509119988	-999.9	0.4	1.52777777777778	4.34395217972051	330
MAPLE_PLAINS	2004	2	12	43	-18.7	-3.9	9.84094585300036	-999.9	0	3.62268518518519	2.4640795616309	330
MAPLE_PLAINS	2004	2	13	44	-15.2	-0.5	9.94756248748025	-999.9	0	3.55324074074075	2.47291052051326	330
MAPLE_PLAINS	2004	2	14	45	-13.6	2.9	10.689348009958	-999.9	0	4.08564814814814	4.04136326364717	330
MAPLE_PLAINS	2004	2	15	46	-27.4	-13.6	9.91507944897816	-999.9	0	3.57638888888889	0.884108834733258	330
MAPLE_PLAINS	2004	2	16	47	-28.8	-12.6	10.8956919226182	-999.9	0	3.55324074074075	0.847500568291046	330
MAPLE_PLAINS	2004	2	17	48	-19.4	-8.8	8.93884286146902	-999.9	0	2.84722222222222	1.4387955550682	330
MAPLE_PLAINS	2004	2	18	49	-8.9	-1.6	7.5233028087697	-999.9	7.8	2.96296296296297	2.90262217980711	330
MAPLE_PLAINS	2004	2	19	50	-5.6	-3.7	3.89249178048846	-999.9	41.2	10.6481481481481	3.82679169861433	330
MAPLE_PLAINS	2004	2	20	51	-17.7	-1.1	11.6678612727088	-999.9	0	7.78935185185186	3.42993938640951	330
MAPLE_PLAINS	2004	2	21	52	-19.7	-5.1	11.096347093339	-999.9	0	2.09490740740741	2.70963887407715	330
MAPLE_PLAINS	2004	2	22	53	-5.2	-1.5	5.66433073667654	-999.9	3.6	4.76851851851853	4.19346841496727	330
MAPLE_PLAINS	2004	2	23	54	-4.6	-2.6	4.22262364322127	-999.9	0.4	4.21296296296297	4.45125410255421	330
MAPLE_PLAINS	2004	2	24	55	-9	-1.9	8.06658164166834	-999.9	0	3.34490740740742	3.98395550877562	330
MAPLE_PLAINS	2004	2	25	56	-9.6	-0.8	9.10470672965807	-999.9	0	1.80555555555556	3.89291537180848	330
MAPLE_PLAINS	2004	2	26	57	-8.1	-4.7	5.73716922053871	-999.9	0.2	7.92824074074075	2.87473511683586	330
MAPLE_PLAINS	2004	2	27	58	-8.4	-5	5.81565531125688	-999.9	3	7.40740740740742	3.25579962475867	330
MAPLE_PLAINS	2004	2	28	59	-21.3	-5.6	12.6670546539269	-999.9	0.2	6.13425925925925	3.36902975205459	330
MAPLE_PLAINS	2004	2	29	60	-21.9	-3.4	13.9361303638461	-999.9	0	0.810185185185186	2.40552369205231	330
MAPLE_PLAINS	2004	3	1	61	-21.4	3.9	16.5161711379954	-999.9	0	1.27314814814815	3.40745578726913	330
MAPLE_PLAINS	2004	3	2	62	-6.5	4.6	11.0857244507698	-999.9	5.4	3.88888888888889	5.42492907705507	330
MAPLE_PLAINS	2004	3	3	63	0.6	3.9	6.12452272303305	-999.9	0	4.83796296296297	6.49439932574165	330
MAPLE_PLAINS	2004	3	4	64	-11.1	1	11.8816966255527	-999.9	0	3.15972222222222	4.43336810363296	330
MAPLE_PLAINS	2004	3	5	65	-11.7	3.3	13.4016528260187	-999.9	6.6	1.65509259259259	4.41856736712816	330
MAPLE_PLAINS	2004	3	6	66	-2.1	0.6	5.75939378133562	-999.9	18	3.48379629629631	5.74556382326492	330
MAPLE_PLAINS	2004	3	7	67	-8.2	-0.2	10.0409785743079	-999.9	2.4	6.15740740740742	4.39232420003645	330
MAPLE_PLAINS	2004	3	8	68	-7	-3.6	6.6291756499285	-999.9	0.4	3.53009259259258	3.3764042534399	330
MAPLE_PLAINS	2004	3	9	69	-16.8	-2.6	13.7184504013796	-999.9	0	3.94675925925925	3.48578910389905	330
MAPLE_PLAINS	2004	3	10	70	-16.7	2.1	15.9820106843462	-999.9	0	2.25694444444444	3.48965974717113	330
MAPLE_PLAINS	2004	3	11	71	-13	0.9	13.912377136515	-999.9	21.8	3.62268518518519	3.71032736445747	330
MAPLE_PLAINS	2004	3	12	72	-3.2	-1	5.60267830799303	-999.9	5.8	4.21296296296297	5.18766245674272	330
MAPLE_PLAINS	2004	3	13	73	-5.3	-1.2	7.74131613155093	-999.9	1.2	4.22453703703703	4.92722610852034	330
MAPLE_PLAINS	2004	3	14	74	-8	-1	10.2366479812814	-999.9	0.4	3.02083333333333	3.79622426574749	330
MAPLE_PLAINS	2004	3	15	75	-4	2.3	9.82678648480982	-999.9	1	4.17824074074075	4.94441219540955	330
MAPLE_PLAINS	2004	3	16	76	-7.3	-0.3	10.4801792260834	-999.9	0	4.16666666666667	3.30945280663075	330
MAPLE_PLAINS	2004	3	17	77	-9.6	-6.5	7.05544329152347	-999.9	0.4	5.11574074074075	2.79718533384309	330
MAPLE_PLAINS	2004	3	18	78	-11.3	-4.6	10.4917848529881	-999.9	1.6	4.08564814814814	3.10923915455659	330
MAPLE_PLAINS	2004	3	19	79	-14.8	-1.9	14.7237882375425	-999.9	1	1.73611111111111	3.33153803464409	330
MAPLE_PLAINS	2004	3	20	80	-7.3	0.1	11.2770895516235	-999.9	0	3.70370370370369	3.86168424924736	330
MAPLE_PLAINS	2004	3	21	81	-3.9	0.4	8.6919084534302	-999.9	8.8	2.17592592592593	5.37699012031368	330
MAPLE_PLAINS	2004	3	22	82	-10.9	-0.1	13.9262895493319	-999.9	0	2.38425925925926	4.38632900035995	330
MAPLE_PLAINS	2004	3	23	83	-14.2	-4.8	13.1332621409205	-999.9	0	4.03935185185186	1.8381183905101	330
MAPLE_PLAINS	2004	3	24	84	-11.8	0.4	15.1222333005851	-999.9	0.6	3.48379629629631	3.74813208692025	330
MAPLE_PLAINS	2004	3	25	85	-6.5	3.8	14.0418348862483	-999.9	0	3.65740740740742	4.21885329219076	330
MAPLE_PLAINS	2004	3	26	86	-1.5	7.2	13.0399447006229	-999.9	0	4.80324074074075	5.48491777962422	330
MAPLE_PLAINS	2004	3	27	87	-1.4	5.9	12.067848439239	-999.9	27.8	4.14351851851853	7.55425232272263	330
MAPLE_PLAINS	2004	3	28	88	-11.1	-1.3	14.1245616404271	-999.9	0	5.84490740740742	4.21357809330335	330
MAPLE_PLAINS	2004	3	29	89	-12.6	4.2	18.6788947048285	-999.9	0	1.03009259259259	3.738765088698	330
MAPLE_PLAINS	2004	3	30	90	-7.4	6.3	17.0346159973201	-999.9	0	2.77777777777778	4.29508701325585	330
MAPLE_PLAINS	2004	3	31	91	-4	4.8	13.7857299715252	-999.9	0	3.54166666666667	5.63908124888315	330
MAPLE_PLAINS	2004	4	1	92	-4.3	4.5	13.9183224643183	-999.9	0	2.83564814814814	5.65388133639166	330
MAPLE_PLAINS	2004	4	2	93	-1.7	5.3	12.5311928508291	-999.9	2	3.98148148148147	5.76510317263308	330
MAPLE_PLAINS	2004	4	3	94	-0.1	4.9	10.6897343795251	-999.9	5.6	2.44212962962963	6.31943235248659	330
MAPLE_PLAINS	2004	4	4	95	-0.3	1.4	6.29050583606421	-999.9	6.6	2.62731481481481	6.31816977472399	330
MAPLE_PLAINS	2004	4	5	96	0	4.3	10.0952070707561	-999.9	4	2.92824074074075	6.60997157234828	330
MAPLE_PLAINS	2004	4	6	97	-1.7	0.5	7.28539286312399	-999.9	3	2.8125	5.76812680569459	330
MAPLE_PLAINS	2004	4	7	98	-1.3	1.8	8.72416579465308	-999.9	0.2	1.9212962962963	6.28923455512463	330
MAPLE_PLAINS	2004	4	8	99	-1.8	7.2	14.9936241408576	-999.9	0	1.96759259259259	6.30720901538299	330
MAPLE_PLAINS	2004	4	9	100	0.4	11.4	16.7172554320269	-999.9	0	3.31018518518519	5.36579570390876	330
MAPLE_PLAINS	2004	4	10	101	-1.4	5.1	12.9583488010257	-999.9	0	3.58796296296297	5.39036671763262	330
MAPLE_PLAINS	2004	4	11	102	-2.4	7.1	15.7950261805233	-999.9	0	3.85416666666667	4.63859984367841	330
MAPLE_PLAINS	2004	4	12	103	-3	10	18.62675207998	-999.9	0	2.30324074074074	5.14598986947329	330
MAPLE_PLAINS	2004	4	13	104	-2.8	8.4	17.4270102361781	-999.9	4.6	3.04398148148147	7.36776802827071	330
MAPLE_PLAINS	2004	4	14	105	7.6	11.6	10.4962450750076	-999.9	1.6	5.52083333333333	9.78364041270674	330
MAPLE_PLAINS	2004	4	15	106	0.4	9.8	16.2143610988964	-999.9	16.2	5.3125	6.75672510070707	330
MAPLE_PLAINS	2004	4	16	107	-1.3	1.2	8.42519404363567	-999.9	10.2	6.27314814814814	5.58221289284053	330
MAPLE_PLAINS	2004	4	17	108	-0.5	3.7	11.0014719317931	-999.9	4.5	2.97453703703703	6.93835488233627	330
MAPLE_PLAINS	2004	4	18	109	0.5	10.5	17.0995566858778	-999.9	1	3.73842592592592	6.53038524845174	330
MAPLE_PLAINS	2004	4	19	110	0.5	10.6	17.3080012592744	-999.9	3.4	5.72916666666667	7.52998879701417	330
MAPLE_PLAINS	2004	4	20	111	0.1	11	18.1068859431098	-999.9	0	6.33101851851853	6.65622564027095	330
MAPLE_PLAINS	2004	4	21	112	-3.7	9.6	20.139271793166	-999.9	0	2.1875	4.59163685883108	330
MAPLE_PLAINS	2004	4	22	113	3.1	13.7	18.1009630134941	-999.9	0.8	5.41666666666667	8.06985983393959	330
MAPLE_PLAINS	2004	4	23	114	-2.4	6.1	16.3167118098552	-999.9	0	3.92361111111111	5.11190180923591	330
MAPLE_PLAINS	2004	4	24	115	-3.4	4.5	15.8327018749968	-999.9	5.2	2.46527777777778	5.1323009418248	330
MAPLE_PLAINS	2004	4	25	116	-3.5	5.1	16.6246746224171	-999.9	0	5.41666666666667	5.08901697616615	330
MAPLE_PLAINS	2004	4	26	117	-3	4.7	15.8290962759873	-999.9	2.4	3.03240740740742	6.09111584113933	330
MAPLE_PLAINS	2004	4	27	118	2.7	6.3	10.8896391477267	-999.9	8.8	1.875	8.00990788205177	330
MAPLE_PLAINS	2004	4	28	119	-1.5	10.7	20.1668722884362	-999.9	0	2.41898148148148	8.48337077795086	330
MAPLE_PLAINS	2004	4	29	120	-0.3	11.1	19.6088729107081	-999.9	0	3.71527777777778	5.31095075047032	330
MAPLE_PLAINS	2004	4	30	121	4.4	24.7	26.3169311039282	-999.9	0	2.90509259259258	10.4596775629492	330
MAPLE_PLAINS	2004	5	1	122	7.1	25.4	25.1272811687447	-999.9	0	2.97453703703703	11.7142921254234	330
MAPLE_PLAINS	2004	5	2	123	5.6	20.1	22.489648297028	-999.9	0	4.83796296296297	12.2374681413018	330
MAPLE_PLAINS	2004	5	3	124	10.5	17.8	16.0429801051019	-999.9	1	5.96064814814814	15.04736974263	330
MAPLE_PLAINS	2004	5	4	125	3.9	12.8	17.806972149878	-999.9	1.6	7.65046296296297	12.9860888119083	330
MAPLE_PLAINS	2004	5	5	126	2.7	14.7	20.7827940078208	-999.9	0	5.37037037037036	7.28036755558838	330
MAPLE_PLAINS	2004	5	6	127	3.1	15.7	21.4024677202625	-999.9	0	3.93518518518519	8.32637122706462	330
MAPLE_PLAINS	2004	5	7	128	1.7	16.4	23.2300319542779	-999.9	0.8	5.10416666666667	9.81561811349561	330
MAPLE_PLAINS	2004	5	8	129	0.5	10.1	18.8619621119729	-999.9	0	6.88657407407408	3.2306334474347	330
MAPLE_PLAINS	2004	5	9	130	0.2	15.6	24.0004578929059	-999.9	0	5.02314814814814	5.3093236167231	330
MAPLE_PLAINS	2004	5	10	131	-1.6	14.7	24.8032698563659	-999.9	3.8	3.03240740740742	5.03620920954521	330
MAPLE_PLAINS	2004	5	11	132	1.8	14.6	22.0762035637857	-999.9	0.4	3.20601851851853	10.4369986801531	330
MAPLE_PLAINS	2004	5	12	133	-1.8	12	23.0203413718161	-999.9	0	2.39583333333333	5.75190332034357	330
MAPLE_PLAINS	2004	5	13	134	-3.9	10.4	23.5310781485644	-999.9	0	2.19907407407407	5.10986851195916	330
MAPLE_PLAINS	2004	5	14	135	5.3	10.2	13.8300086463958	-999.9	0.8	3.66898148148147	7.70934915465313	330
MAPLE_PLAINS	2004	5	15	136	7.7	21.7	23.4686590168878	-999.9	2.8	5.20833333333333	12.9577531965901	330
MAPLE_PLAINS	2004	5	16	137	-3.4	10.1	23.133452428676	-999.9	0.2	3.85416666666667	7.66213688304572	330
MAPLE_PLAINS	2004	5	17	138	-4.3	13.7	26.8107407051014	-999.9	0	2.15277777777778	6.03318960553455	330
MAPLE_PLAINS	2004	5	18	139	5.4	15	19.6497515661087	-999.9	1	6.00694444444445	10.7657046648613	330
MAPLE_PLAINS	2004	5	19	140	4.9	16.5	21.6745171377054	-999.9	0	3.75	11.2178317451444	330
MAPLE_PLAINS	2004	5	20	141	1.3	20.7	28.1235793270352	-999.9	0	3.65740740740742	8.78520310360323	330
MAPLE_PLAINS	2004	5	21	142	-0.2	15.5	25.3816203456161	-999.9	0	4.44444444444444	9.70601726100211	330
MAPLE_PLAINS	2004	5	22	143	-2.6	14.5	26.5716209665275	-999.9	0	2.10648148148148	5.71898539290539	330
MAPLE_PLAINS	2004	5	23	144	0.2	17.5	26.8067639991698	-999.9	0	1.93287037037037	9.0606478316909	330
MAPLE_PLAINS	2004	5	24	145	2.4	12.9	20.9444220725377	-999.9	2.4	3.14814814814814	6.33521809138229	330
MAPLE_PLAINS	2004	5	25	146	-1.6	10	22.0752858418601	-999.9	0	3.4375	6.47391196678992	330
MAPLE_PLAINS	2004	5	26	147	-3.1	13.5	26.4780730591876	-999.9	0	2.30324074074074	6.04901097201372	330
MAPLE_PLAINS	2004	5	27	148	6.2	11.9	15.5552247582604	-999.9	0.8	2.87037037037036	10.5983220639789	330
MAPLE_PLAINS	2004	5	28	149	8.3	14.2	15.8643795191372	-999.9	3.6	2.07175925925926	11.3897317021973	330
MAPLE_PLAINS	2004	5	29	150	5.6	10.5	14.4912278284096	-999.9	8	3.68055555555556	11.7241512868047	330
MAPLE_PLAINS	2004	5	30	151	3.9	7.2	11.9186248534378	-999.9	2.4	5.57870370370369	8.80489265056692	330
MAPLE_PLAINS	2004	5	31	152	6	10.2	13.4743545673181	-999.9	0	4.74537037037036	7.5492327966898	330
MAPLE_PLAINS	2004	6	1	153	5	13.2	18.8649924135663	-999.9	0	2.1875	7.97419843307828	330
MAPLE_PLAINS	2004	6	2	154	4.9	14.5	20.4505063560086	-999.9	0	1.79398148148148	9.68929288468619	330
MAPLE_PLAINS	2004	6	3	155	6.3	10.4	13.3884897566417	-999.9	13.2	3.24074074074075	10.9380631125968	330
MAPLE_PLAINS	2004	6	4	156	5.9	17.3	22.3622697962678	-999.9	0	4.76851851851853	10.3011349830339	330
MAPLE_PLAINS	2004	6	5	157	3.4	15.7	23.2644340798515	-999.9	0	3.48379629629631	8.11155813280691	330
MAPLE_PLAINS	2004	6	6	158	0.9	20.2	29.1842040380112	-999.9	0	3.31018518518519	9.39288350635378	330
MAPLE_PLAINS	2004	6	7	159	6.2	11.3	15.0222996862384	-999.9	3.6	3.66898148148147	10.2729339402452	330
MAPLE_PLAINS	2004	6	8	160	9.1	17	18.719746947837	-999.9	0.2	2.38425925925926	13.3637212810619	330
MAPLE_PLAINS	2004	6	9	161	12.5	28.3	26.5034924122973	-999.9	0	4.07407407407408	16.3822735005594	330
MAPLE_PLAINS	2004	6	10	162	9.4	19	20.6800424876087	-999.9	0	4.46759259259258	7.58473867814272	330
MAPLE_PLAINS	2004	6	11	163	5	14.9	21.019764169363	-999.9	0	4.42129629629631	6.67239701105846	330
MAPLE_PLAINS	2004	6	12	164	2.7	13.8	22.2750870738967	-999.9	0	4.10879629629631	8.64561870584494	330
MAPLE_PLAINS	2004	6	13	165	3.7	21.6	28.306450983317	-999.9	0	2.65046296296296	10.6262081405643	330
MAPLE_PLAINS	2004	6	14	166	11.2	22	22.0001239920782	-999.9	12	5.01157407407408	11.891552250846	330
MAPLE_PLAINS	2004	6	15	167	12.9	20.6	18.585162623386	-999.9	1.6	4.23611111111111	17.1727687298205	330
MAPLE_PLAINS	2004	6	16	168	6.9	22.2	26.2076404208316	-999.9	0.2	3.83101851851853	12.9774216174334	330
MAPLE_PLAINS	2004	6	17	169	5.5	23.3	28.275279001758	-999.9	0	2.29166666666667	11.1392886196881	330
MAPLE_PLAINS	2004	6	18	170	3.1	19.2	26.8954025790735	-999.9	0	1.875	8.44750079415968	330
MAPLE_PLAINS	2004	6	19	171	9.5	16.5	17.7351920022649	-999.9	12.2	3.09027777777778	12.0072099157398	330
MAPLE_PLAINS	2004	6	20	172	8.3	15	17.350005298055	-999.9	0	4.28240740740742	9.44257799516798	330
MAPLE_PLAINS	2004	6	21	173	8.5	21.1	23.7890122220448	-999.9	2.2	3.69212962962964	13.1946291707221	330
MAPLE_PLAINS	2004	6	22	174	5.9	17.1	22.4224300735686	-999.9	0	2.71990740740741	12.5362447064743	330
MAPLE_PLAINS	2004	6	23	175	9	12.6	12.7075275225674	-999.9	9	2.21064814814815	11.9938737829388	330
MAPLE_PLAINS	2004	6	24	176	10.2	17.3	17.8372844940876	-999.9	0	1.45833333333333	12.9577531965901	330
MAPLE_PLAINS	2004	6	25	177	11	21.8	21.9864347377795	-999.9	6.4	4.29398148148147	15.0771548528636	330
MAPLE_PLAINS	2004	6	26	178	13.2	16.7	12.5075984260712	-999.9	22.8	2.38425925925926	16.7929567494203	330
MAPLE_PLAINS	2004	6	27	179	9.4	21.9	23.6181284387474	-999.9	1.6	2.8125	16.1318583228607	330
MAPLE_PLAINS	2004	6	28	180	9.2	22.2	24.0639153668928	-999.9	0	3.27546296296297	10.7937654089109	330
MAPLE_PLAINS	2004	6	29	181	6.9	20.6	24.6781496336893	-999.9	0	1.40046296296296	11.8157810605686	330
MAPLE_PLAINS	2004	6	30	182	6.7	21.1	25.272300347942	-999.9	0	2.67361111111111	12.8960423744444	330
MAPLE_PLAINS	2004	7	1	183	11.2	23.9	23.7044617355878	-999.9	0	1.57407407407407	16.367525495216	330
MAPLE_PLAINS	2004	7	2	184	13.5	23.2	20.6886554019878	-999.9	20	3.21759259259258	17.7964841780557	330
MAPLE_PLAINS	2004	7	3	185	14	19.3	15.2705929846784	-999.9	0.8	3.15972222222222	16.964135159054	330
MAPLE_PLAINS	2004	7	4	186	10.3	20.6	21.2550193407587	-999.9	0.4	1.19212962962963	15.5069704009207	330
MAPLE_PLAINS	2004	7	5	187	9.3	22.2	23.7473948422298	-999.9	0	2.88194444444444	15.1094486508234	330
MAPLE_PLAINS	2004	7	6	188	10.2	18.6	19.1289981862544	-999.9	0.4	3.11342592592592	14.7894662132919	330
MAPLE_PLAINS	2004	7	7	189	7.4	22.7	25.768131872675	-999.9	0	1.45833333333333	13.620214082872	330
MAPLE_PLAINS	2004	7	8	190	8.7	21.5	23.5223082624244	-999.9	0.2	2.61574074074074	12.8088887315992	330
MAPLE_PLAINS	2004	7	9	191	14.4	21.4	17.3586010940476	-999.9	4	1.58564814814815	18.6447550218814	330
MAPLE_PLAINS	2004	7	10	192	11.6	16.1	13.8872304332974	-999.9	0.8	3.37962962962964	14.9822645823659	330
MAPLE_PLAINS	2004	7	11	193	6.1	16.9	21.4643520837383	-999.9	2	3.90046296296297	12.1765279868926	330
MAPLE_PLAINS	2004	7	12	194	6.1	24.7	28.1003441475058	-999.9	0	1.5162037037037	13.3290291357427	330
MAPLE_PLAINS	2004	7	13	195	12.9	25.8	23.3427445641932	-999.9	0	2.74305555555556	14.7306324036334	330
MAPLE_PLAINS	2004	7	14	196	13.1	22.7	20.0838559691894	-999.9	0	4.58333333333333	14.7836690762548	330
MAPLE_PLAINS	2004	7	15	197	14.7	19.4	14.0141652757545	-999.9	0.6	5.30092592592592	17.5142888978405	330
MAPLE_PLAINS	2004	7	16	198	16.7	25.7	19.3374260452549	-999.9	0	3.68055555555556	19.9499142181808	330
MAPLE_PLAINS	2004	7	17	199	16.6	26.1	19.8084488386582	-999.9	0	3.72685185185186	19.7268655812229	330
MAPLE_PLAINS	2004	7	18	200	15.7	26.1	20.6618213037121	-999.9	0	1.84027777777778	20.90927084652	330
MAPLE_PLAINS	2004	7	19	201	18.3	21.3	11.0618481461896	-999.9	6.6	2.65046296296296	21.7678069327694	330
MAPLE_PLAINS	2004	7	20	202	17.5	24.8	17.1986890648845	-999.9	0	3.03240740740742	22.8149494174127	330
MAPLE_PLAINS	2004	7	21	203	17.3	25.1	17.7173851172338	-999.9	0	2.44212962962963	22.2988217528452	330
MAPLE_PLAINS	2004	7	22	204	16.5	26.9	20.3863181859981	-999.9	0	3.4375	21.6019899789287	330
MAPLE_PLAINS	2004	7	23	205	17.8	27.7	19.8180425233511	-999.9	0	4.29398148148147	22.308112097036	330
MAPLE_PLAINS	2004	7	24	206	13.6	24.6	20.8118927971478	-999.9	2	2.96296296296297	19.7582478024334	330
MAPLE_PLAINS	2004	7	25	207	10.8	20.4	19.3675104736149	-999.9	0	1.33101851851852	14.0274941147476	330
MAPLE_PLAINS	2004	7	26	208	9	23.5	23.7080485206499	-999.9	0	0.902777777777778	13.9559479826229	330
MAPLE_PLAINS	2004	7	27	209	12.8	22.4	19.2119536217906	-999.9	0	1.11111111111111	16.49381813021	330
MAPLE_PLAINS	2004	7	28	210	14.3	22	17.1338778243555	-999.9	0.2	1.48148148148148	17.5658012848928	330
MAPLE_PLAINS	2004	7	29	211	14.3	23.9	19.0489213025288	-999.9	0.2	1.80555555555556	19.1569902616291	330
MAPLE_PLAINS	2004	7	30	212	15	28.1	22.1536226323858	-999.9	0	2.59259259259259	20.7362797264232	330
MAPLE_PLAINS	2004	7	31	213	15.4	25.2	19.0741910908409	-999.9	0	4.57175925925925	20.0176327801371	330
MAPLE_PLAINS	2004	8	1	214	17.6	25.6	17.1534507738127	-999.9	0	5.12731481481481	22.2367184989233	330
MAPLE_PLAINS	2004	8	2	215	14.9	27.7	21.5940504856678	-999.9	0	1.86342592592593	18.345172452234	330
MAPLE_PLAINS	2004	8	3	216	14.8	28.1	21.9041570137422	-999.9	0	2.82407407407408	19.0863061875802	330
MAPLE_PLAINS	2004	8	4	217	9.5	25.3	23.7547029917187	-999.9	0	2.39583333333333	15.4637777344503	330
MAPLE_PLAINS	2004	8	5	218	7.9	23.7	23.6329778340388	-999.9	0	2.19907407407407	13.0968580750676	330
MAPLE_PLAINS	2004	8	6	219	8.9	21	20.5730981094772	-999.9	0.4	1.2037037037037	14.1320786052636	330
MAPLE_PLAINS	2004	8	7	220	15.7	21.8	14.5290446846054	-999.9	16.6	2.52314814814815	20.3539492262815	330
MAPLE_PLAINS	2004	8	8	221	12.9	21.8	17.4534004034068	-999.9	0.2	3.34490740740742	16.3533606471311	330
MAPLE_PLAINS	2004	8	9	222	9.6	19.8	18.5799940728796	-999.9	9.2	2.03703703703704	14.6451062510406	330
MAPLE_PLAINS	2004	8	10	223	8.7	25.6	23.7791625179516	-999.9	0	1.59722222222222	14.9410592820017	330
MAPLE_PLAINS	2004	8	11	224	15.5	26	18.6338502604142	-999.9	0	3.44907407407408	18.3247137085931	330
MAPLE_PLAINS	2004	8	12	225	17.9	27	17.2436888632003	-999.9	0	3.84259259259258	20.7197599809487	330
MAPLE_PLAINS	2004	8	13	226	18.5	26	15.5592326612348	-999.9	0	4.65277777777778	20.0750647324827	330
MAPLE_PLAINS	2004	8	14	227	18.1	24.5	14.2837379265232	-999.9	2.6	4.18981481481481	22.6691645726912	330
MAPLE_PLAINS	2004	8	15	228	13.5	23.3	17.5632668730667	-999.9	0.2	1.71296296296296	15.8751722046039	330
MAPLE_PLAINS	2004	8	16	229	12.2	22.5	17.8894520291893	-999.9	0	0.486111111111111	15.7048796453638	330
MAPLE_PLAINS	2004	8	17	230	10.2	21.8	18.8598887005635	-999.9	1.2	1.2037037037037	16.2014254563189	330
MAPLE_PLAINS	2004	8	18	231	9.5	26.3	22.5445607466665	-999.9	0	2.46527777777778	15.9162542869719	330
MAPLE_PLAINS	2004	8	19	232	15.3	25.5	17.4465392839391	-999.9	0	3.65740740740742	18.1591776400035	330
MAPLE_PLAINS	2004	8	20	233	18.8	24.9	13.3980324052612	-999.9	1	3.88888888888889	20.9329679427168	330
MAPLE_PLAINS	2004	8	21	234	16.5	21.7	12.2825708875678	-999.9	24.2	2.96296296296297	20.5722580115225	330
MAPLE_PLAINS	2004	8	22	235	8	20.9	19.206062713899	-999.9	6	2.44212962962963	13.0480439805713	330
MAPLE_PLAINS	2004	8	23	236	7	23.6	21.6270644365905	-999.9	0	2.98611111111111	12.8219008488433	330
MAPLE_PLAINS	2004	8	24	237	12.7	18.4	12.5783870533695	-999.9	0	2.87037037037036	12.8560649022052	330
MAPLE_PLAINS	2004	8	25	238	3.9	18.9	20.2498077868961	-999.9	0	2.38425925925926	10.4269560624599	330
MAPLE_PLAINS	2004	8	26	239	2.8	22.3	22.9099367939347	-999.9	0	1.31944444444444	11.1632564740354	330
MAPLE_PLAINS	2004	8	27	240	10.2	23.3	18.6301744185707	-999.9	0	2.47685185185185	15.6235169634891	330
MAPLE_PLAINS	2004	8	28	241	16.4	26.3	16.0663329934984	-999.9	0	2.92824074074075	21.6142467746696	330
MAPLE_PLAINS	2004	8	29	242	14.3	21.7	13.7776759357734	-999.9	0	2.85879629629631	14.9374180959147	330
MAPLE_PLAINS	2004	8	30	243	17.4	23.5	12.4059166498178	-999.9	12	3.19444444444444	21.4597838526665	330
MAPLE_PLAINS	2004	8	31	244	17.6	23.6	12.2007397705911	-999.9	0	2.77777777777778	22.8795835365349	330
MAPLE_PLAINS	2004	9	1	245	11.6	21.7	15.6949690584489	-999.9	0.2	2.80092592592592	15.8904557186075	330
MAPLE_PLAINS	2004	9	2	246	7	16.1	14.7690392815335	-999.9	0	2.71990740740741	9.91445659858634	330
MAPLE_PLAINS	2004	9	3	247	5.9	16	15.4229145826518	-999.9	4.4	1.62037037037037	11.0819648747363	330
MAPLE_PLAINS	2004	9	4	248	7.7	16.2	14.0227056524702	-999.9	15	3.68055555555556	11.7874447200278	330
MAPLE_PLAINS	2004	9	5	249	4.2	16	16.3727738957971	-999.9	0	1.9212962962963	9.45379292116406	330
MAPLE_PLAINS	2004	9	6	250	4.7	18.5	17.543732265489	-999.9	0	3.66898148148147	9.99445797747982	330
MAPLE_PLAINS	2004	9	7	251	11.4	22.1	15.3044522214916	-999.9	0	4.03935185185186	14.6150317496573	330
MAPLE_PLAINS	2004	9	8	252	13.6	20.5	12.1740805849037	-999.9	0.4	2.28009259259259	16.9269443237164	330
MAPLE_PLAINS	2004	9	9	253	12.6	20.2	12.654542537188	-999.9	4.8	2.90509259259258	16.1909258008565	330
MAPLE_PLAINS	2004	9	10	254	12.7	23.3	14.8000426647783	-999.9	1.8	5.77546296296297	18.2789098896251	330
MAPLE_PLAINS	2004	9	11	255	2.3	18.4	18.0607501618404	-999.9	0	3.05555555555556	10.1254467846499	330
MAPLE_PLAINS	2004	9	12	256	1.9	20	18.959089718072	-999.9	0	2.09490740740741	10.3186382555151	330
MAPLE_PLAINS	2004	9	13	257	10.1	14.4	9.14766887535513	-999.9	0	3.76157407407408	10.0477618042369	330
MAPLE_PLAINS	2004	9	14	258	5.4	14.6	13.2437496201113	-999.9	0	2.43055555555556	8.5122557479804	330
MAPLE_PLAINS	2004	9	15	259	10.2	20.6	13.9353401494908	-999.9	0	4.14351851851853	12.4506746622176	330
MAPLE_PLAINS	2004	9	16	260	11.6	22.2	13.9213365020017	-999.9	0	3.84259259259258	15.70686723886	330
MAPLE_PLAINS	2004	9	17	261	16.7	24.1	11.5083866657168	-999.9	0	4.14351851851853	20.8364280154209	330
MAPLE_PLAINS	2004	9	18	262	8.3	17.3	12.5555056499888	-999.9	25.8	2.61574074074074	13.1534333637939	330
MAPLE_PLAINS	2004	9	19	263	8.5	12.8	8.5843151716688	-999.9	3.8	5.63657407407408	11.3851338378789	330
MAPLE_PLAINS	2004	9	20	264	4.9	12	10.9094672185168	-999.9	0	7.23379629629631	7.59643082544593	330
MAPLE_PLAINS	2004	9	21	265	-2	10.9	14.5417619552496	-999.9	0	4.44444444444444	6.33077755585818	330
MAPLE_PLAINS	2004	9	22	266	-2.4	14.4	16.4085397793893	-999.9	3.6	2.51157407407408	7.55552661159994	330
MAPLE_PLAINS	2004	9	23	267	-0.9	13.7	15.1227450444396	-999.9	0	4.84953703703703	7.79126407681504	330
MAPLE_PLAINS	2004	9	24	268	-1.2	17	16.6907220071604	-999.9	0	1.55092592592593	8.59462351334071	330
MAPLE_PLAINS	2004	9	25	269	7.3	21.8	14.7250082947823	-999.9	0.2	3.66898148148147	13.7722200504389	330
MAPLE_PLAINS	2004	9	26	270	6.7	16.4	11.9024684772324	-999.9	0	2.66203703703704	10.6058970875944	330
MAPLE_PLAINS	2004	9	27	271	5.7	21.6	15.0583551923425	-999.9	0	3.02083333333333	11.7260889493939	330
MAPLE_PLAINS	2004	9	28	272	9.8	19.2	11.439830709607	-999.9	0	4.13194444444444	13.3312466291702	330
MAPLE_PLAINS	2004	9	29	273	3.3	14.8	12.5006026749972	-999.9	0	1.36574074074074	9.24077745719381	330
MAPLE_PLAINS	2004	9	30	274	2.5	15.9	13.3294208463334	-999.9	0	1.65509259259259	9.56901359806588	330
MAPLE_PLAINS	2004	10	1	275	0.6	17.6	14.8289895960482	-999.9	0.2	1.09953703703704	10.1208515007361	330
MAPLE_PLAINS	2004	10	2	276	-0.5	16.2	14.5152948552788	-999.9	0	1.5625	8.96907806475182	330
MAPLE_PLAINS	2004	10	3	277	11	13.4	5.43384293246968	-999.9	2.8	2.4537037037037	13.2041309459252	330
MAPLE_PLAINS	2004	10	4	278	12.9	17.2	7.18164424133212	-999.9	0.2	4.84953703703703	14.9413102300773	330
MAPLE_PLAINS	2004	10	5	279	2.5	14.4	11.7952413320417	-999.9	2.8	4.00462962962964	9.25408718527734	330
MAPLE_PLAINS	2004	10	6	280	-0.5	9.1	10.4584984896281	-999.9	0	2.77777777777778	5.73867710365641	330
MAPLE_PLAINS	2004	10	7	281	5.7	13.8	9.48275522831088	-999.9	0	2.39583333333333	9.38730004488218	330
MAPLE_PLAINS	2004	10	8	282	7	18.7	11.2487052687221	-999.9	0.2	3.33333333333333	11.6650088917117	330
MAPLE_PLAINS	2004	10	9	283	9.9	19.2	9.89758688791546	-999.9	0	3.86574074074075	12.7502531915724	330
MAPLE_PLAINS	2004	10	10	284	12	17.6	7.57918038895946	-999.9	1	3.46064814814814	15.1835622934779	330
MAPLE_PLAINS	2004	10	11	285	10.3	14.9	6.77815064749927	-999.9	41.4	6.33101851851853	13.6900952822643	330
MAPLE_PLAINS	2004	10	12	286	11.5	18.9	8.48237658642906	-999.9	9	5.59027777777778	15.5941205382128	330
MAPLE_PLAINS	2004	10	13	287	8.2	12.4	6.30467565906435	-999.9	7.2	3.71527777777778	11.8348392025886	330
MAPLE_PLAINS	2004	10	14	288	4.1	14	9.54906681898481	-999.9	0.2	1.67824074074074	10.0579890690545	330
MAPLE_PLAINS	2004	10	15	289	9.1	16	7.86400538523063	-999.9	6	4.88425925925925	13.8548891175836	330
MAPLE_PLAINS	2004	10	16	290	11.2	19.8	8.65998333729237	-999.9	4.2	5.38194444444445	16.2141766519841	330
MAPLE_PLAINS	2004	10	17	291	8	16.2	8.3406141799222	-999.9	4.4	4.15509259259258	11.7885982571101	330
MAPLE_PLAINS	2004	10	18	292	0.8	13.2	10.1158426174842	-999.9	0	2.09490740740741	7.98536203350743	330
MAPLE_PLAINS	2004	10	19	293	-0.7	10.1	9.31069898440763	-999.9	0.2	1.78240740740741	7.21710740212	330
MAPLE_PLAINS	2004	10	20	294	-0.6	8.2	8.28843102319907	-999.9	0	2.53472222222222	6.53725291224908	330
MAPLE_PLAINS	2004	10	21	295	1.1	10.8	8.5814614926579	-999.9	0.6	3.71527777777778	7.49683531218305	330
MAPLE_PLAINS	2004	10	22	296	2	9.7	7.53965521007143	-999.9	4.4	1.9212962962963	8.09406550796009	330
MAPLE_PLAINS	2004	10	23	297	4.9	11.5	6.88331701897647	-999.9	0	2.34953703703704	8.99477654874618	330
MAPLE_PLAINS	2004	10	24	298	5.5	9.8	5.47862249058621	-999.9	0	2.96296296296297	8.09566428379016	330
MAPLE_PLAINS	2004	10	25	299	1.4	12.6	8.71870498462124	-999.9	0.2	2.04861111111111	8.75245980365539	330
MAPLE_PLAINS	2004	10	26	300	0.5	13.8	9.36854207703866	-999.9	0	1.35416666666667	8.87753962766639	330
MAPLE_PLAINS	2004	10	27	301	5.1	11	6.15284300973814	-999.9	0	2.29166666666667	9.39024656988381	330
MAPLE_PLAINS	2004	10	28	302	-3.4	7.6	8.28425291667101	-999.9	0	6.18055555555556	4.9292702268859	330
MAPLE_PLAINS	2004	10	29	303	-5.3	5.8	8.20601759420561	-999.9	0	1.74768518518519	5.18010039538052	330
MAPLE_PLAINS	2004	10	30	304	-5.9	8.2	9.12020414595087	-999.9	0.2	1.81712962962963	5.38559287181626	330
MAPLE_PLAINS	2004	10	31	305	-5.2	13.1	10.2460892543001	-999.9	0	4.22453703703703	7.29355574754051	330
MAPLE_PLAINS	2004	11	1	306	5.4	9.3	4.66465531192486	-999.9	6	6.15740740740742	9.52550248132613	330
MAPLE_PLAINS	2004	11	2	307	3.8	6.1	3.53286105956616	-999.9	7.8	3.72685185185186	7.78233227721468	330
MAPLE_PLAINS	2004	11	3	308	3.4	6.4	3.97945062079258	-999.9	18	3.93518518518519	7.96385196665481	330
MAPLE_PLAINS	2004	11	4	309	2.2	3.9	2.95471176116884	-999.9	0	6.62698412698414	4.93334060038384	330
MAPLE_PLAINS	2004	11	5	310	1.5	9.7	6.40115016136976	-999.9	7.8	9.11616161616161	7.00823722934729	330
MAPLE_PLAINS	2004	11	6	311	1.6	8.2	5.66525929030015	-999.9	6.2	8.02083333333333	5.99916932399349	330
MAPLE_PLAINS	2004	11	7	312	2	9.1	5.79714521256439	-999.9	1.8	5.35879629629631	6.31004297930667	330
MAPLE_PLAINS	2004	11	8	313	2.4	9.5	5.72000013072578	-999.9	13.8	4.61805555555556	7.96245295422366	330
MAPLE_PLAINS	2004	11	9	314	-2.5	1	3.96307003177793	-999.9	0	3.49537037037036	3.85753981048592	330
MAPLE_PLAINS	2004	11	10	315	-4	1.1	4.72135962315663	-999.9	0	2.66203703703704	3.89369648318771	330
MAPLE_PLAINS	2004	11	11	316	-7.1	7.9	7.99226343022124	-999.9	0	4.76851851851853	4.5385519548434	330
MAPLE_PLAINS	2004	11	12	317	-1.6	4.1	4.86369373621651	-999.9	0	2.84722222222222	4.84015025876526	330
MAPLE_PLAINS	2004	11	13	318	-4.3	2	5.04859811827888	-999.9	4.2	2.71990740740741	5.00426198907266	330
MAPLE_PLAINS	2004	11	14	319	-0.1	2.4	3.14061045702168	-999.9	17	6.30787037037036	6.11073743249582	330
MAPLE_PLAINS	2004	11	15	320	0.3	2.4	2.84298016045793	-999.9	0	6.67824074074075	5.23720704695223	330
MAPLE_PLAINS	2004	11	16	321	-0.3	0.7	1.9380531578427	-999.9	0	7.96296296296297	4.59001646422093	330
MAPLE_PLAINS	2004	11	17	322	-1.3	1.2	3.02777393503168	-999.9	0	6.63194444444445	4.99633519084813	330
MAPLE_PLAINS	2004	11	18	323	-1.1	3.9	4.23172420832653	-999.9	0	2.58101851851852	5.62766332597946	330
MAPLE_PLAINS	2004	11	19	324	-4.3	6.2	6.06180557090603	-999.9	0.2	2.73148148148148	5.26737705313418	330
MAPLE_PLAINS	2004	11	20	325	2.4	4	2.33960953760683	-999.9	0.6	5.25462962962964	6.2822661663759	330
MAPLE_PLAINS	2004	11	21	326	-1.3	5.9	4.90830659017254	-999.9	0.2	0.914351851851853	6.39723296748825	330
MAPLE_PLAINS	2004	11	22	327	-1.7	5.7	4.92237057093552	-999.9	0.4	2.69675925925926	6.36215018702777	330
MAPLE_PLAINS	2004	11	23	328	-1.2	2.9	3.62542822061751	-999.9	0	2.69675925925926	4.94842142802841	330
MAPLE_PLAINS	2004	11	24	329	-5.6	6.7	6.21512313235408	-999.9	0.2	3.84259259259258	5.12018251044666	330
MAPLE_PLAINS	2004	11	25	330	0.7	14.2	6.44643535045265	-999.9	18.2	6.93287037037036	9.53011432488297	330
MAPLE_PLAINS	2004	11	26	331	1	1	0	-999.9	0.2	7.70833333333333	4.74503799254155	330
MAPLE_PLAINS	2004	11	27	332	-3.7	0.1	3.35546236142751	-999.9	0	4.81481481481481	3.54186408164792	330
MAPLE_PLAINS	2004	11	28	333	-9.2	5.2	6.47297046560306	-999.9	0	4.24768518518519	4.14379643164051	330
MAPLE_PLAINS	2004	11	29	334	-2.9	10.9	6.28157518745441	-999.9	15.6	6.26157407407408	7.2867488826338	330
MAPLE_PLAINS	2004	11	30	335	-0.8	3.1	3.31144359249802	-999.9	0.2	1.53935185185185	5.76489925740249	330
MAPLE_PLAINS	2004	12	1	336	-6.2	7.4	6.13429148985269	-999.9	16	4.91898148148147	5.94817237911566	330
MAPLE_PLAINS	2004	12	2	337	0.7	2.9	2.44835500033748	-999.9	0	9.36342592592592	4.75189615822388	330
MAPLE_PLAINS	2004	12	3	338	-8	-6.4	2.07278155914771	-999.9	0	3.85416666666667	2.31825211108047	330
MAPLE_PLAINS	2004	12	4	339	-10.5	2	5.75367743889987	-999.9	0	2.4537037037037	3.52983501021857	330
MAPLE_PLAINS	2004	12	5	340	-11.2	4.8	6.46722274400148	-999.9	0	6.06481481481481	3.48961782415938	330
MAPLE_PLAINS	2004	12	6	341	-11.2	-7.9	2.91914867068057	-999.9	0	6.63194444444445	1.61840801614499	330
MAPLE_PLAINS	2004	12	7	342	-12.6	-2.6	5.05263931751863	-999.9	0	2.41898148148148	2.69173619175254	330
MAPLE_PLAINS	2004	12	8	343	-13.4	0.7	5.96798731743265	-999.9	8.4	4.28240740740742	3.46476248700423	330
MAPLE_PLAINS	2004	12	9	344	-2	-1.5	1.11837512592268	-999.9	0	4.53703703703703	4.72995772928932	330
MAPLE_PLAINS	2004	12	10	345	-6.3	0.3	4.04525282757193	-999.9	6	1.42361111111111	4.32754442833347	330
MAPLE_PLAINS	2004	12	11	346	-2.2	8.1	5.03330505535339	-999.9	10.4	4.74537037037036	7.15488094523282	330
MAPLE_PLAINS	2004	12	12	347	1.9	5.8	3.08617155074131	-999.9	9.6	2.69675925925926	7.80683424394013	330
MAPLE_PLAINS	2004	12	13	348	-2	2.6	3.34129004696313	-999.9	12.4	3.37962962962964	5.68451985870466	330
MAPLE_PLAINS	2004	12	14	349	-1.4	-0.5	1.47400969750862	-999.9	0	5.34722222222222	4.7334402308638	330
MAPLE_PLAINS	2004	12	15	350	-8	-4.7	2.81629329695296	-999.9	0	3.53009259259258	2.98248785511353	330
MAPLE_PLAINS	2004	12	16	351	-8.4	1.9	4.96684669735	-999.9	0	2.29166666666667	3.68429042641592	330
MAPLE_PLAINS	2004	12	17	352	-9.6	4.9	5.88556161555169	-999.9	3	5.42824074074075	4.20311429184832	330
MAPLE_PLAINS	2004	12	18	353	-9.9	-0.1	4.83459496235602	-999.9	10	3.125	3.14868241081312	330
MAPLE_PLAINS	2004	12	19	354	-9.5	7.5	6.36526676441456	-999.9	32.4	3.00925925925925	5.39198515499704	330
MAPLE_PLAINS	2004	12	20	355	-0.5	0.7	1.69133673501139	-999.9	0	3.04398148148147	6.02769897450564	330
MAPLE_PLAINS	2004	12	21	356	-5.1	-3.1	2.18476118608896	-999.9	0	5.27777777777778	4.11035462656252	330
MAPLE_PLAINS	2004	12	22	357	-6.9	2.3	4.69066380133083	-999.9	0	3.81944444444444	3.74395233459414	330
MAPLE_PLAINS	2004	12	23	358	-0.6	10.8	5.22932402115141	-999.9	4.6	5.39351851851853	7.60151393375391	330
MAPLE_PLAINS	2004	12	24	359	1.3	11.1	4.85802047206757	-999.9	10	5.92592592592592	8.09310911303852	330
MAPLE_PLAINS	2004	12	25	360	-7.3	-6.2	1.63153016622853	-999.9	0	2.84722222222222	2.52000679622152	330
MAPLE_PLAINS	2004	12	26	361	-13.4	-5.6	4.35708853302069	-999.9	13	2.29166666666667	2.33330683082137	330
MAPLE_PLAINS	2004	12	27	362	-7.9	-5.8	2.26832458528144	-999.9	45.4	10.1736111111111	3.42128592502877	330
MAPLE_PLAINS	2004	12	28	363	-16.1	-4.6	5.32825652198659	-999.9	0	5.65972222222222	2.04894909278153	330
MAPLE_PLAINS	2004	12	29	364	-16.1	-2.7	5.7759205922836	-999.9	1.4	4.21296296296297	2.55409261397483	330
MAPLE_PLAINS	2004	12	30	365	-19.3	-8	5.3288086806964	-999.9	0.4	1.84027777777778	1.69080035743243	330
MAPLE_PLAINS	2004	12	31	366	-20.8	5.3	8.13991778455959	-999.9	0	4.42129629629631	2.80416130729299	330
