MAPLE_PLAINS	2019	1	1	1	-8.9	-0.9	4.50653452588523	-999.9	7.2	5.43981481481481	4.10446994007383	330
MAPLE_PLAINS	2019	1	2	2	-23.8	-8.9	6.18414125861744	-999.9	0.2	4.36342592592592	1.4054075516864	330
MAPLE_PLAINS	2019	1	3	3	-26.6	-7.2	7.09833228097443	-999.9	0	1.44675925925926	1.36533016130003	330
MAPLE_PLAINS	2019	1	4	4	-7.3	0.7	4.5871919184503	-999.9	1.3	2.89351851851853	4.47850872193072	330
MAPLE_PLAINS	2019	1	5	5	-5.9	4.3	5.21461385294822	-999.9	0	1.55092592592593	5.47630729818827	330
MAPLE_PLAINS	2019	1	6	6	-5	0	3.67702991260906	-999.9	1.1	4.66435185185186	4.89367138267369	330
MAPLE_PLAINS	2019	1	7	7	-12.8	-4.9	4.65673811949159	-999.9	0	4.56018518518519	2.40394995256806	330
MAPLE_PLAINS	2019	1	8	8	-10.5	-3.3	4.48076904194007	-999.9	0	2.08333333333333	3.14953719916749	330
MAPLE_PLAINS	2019	1	9	9	-3.3	3.4	4.35812272595085	-999.9	8.8	8.18287037037036	5.87829447000934	330
MAPLE_PLAINS	2019	1	10	10	-2.9	2.2	3.83509588006708	-999.9	0.2	4.50231481481481	5.10931363835964	330
MAPLE_PLAINS	2019	1	11	11	-14	-2.8	5.73426937056641	-999.9	0.5	4.60648148148147	2.77560607394672	330
MAPLE_PLAINS	2019	1	12	12	-15.8	-12	3.3711888911555	-999.9	0	4.54861111111111	1.64238734466909	330
MAPLE_PLAINS	2019	1	13	13	-15	-11.2	3.40364991615523	-999.9	0	2.69675925925926	1.82614349412779	330
MAPLE_PLAINS	2019	1	14	14	-23.2	-13.5	5.49206381743847	-999.9	0	0.821759259259258	1.08571355856522	330
MAPLE_PLAINS	2019	1	15	15	-19	-4.8	6.66141755654999	-999.9	0	1.30787037037037	1.99921709586265	330
MAPLE_PLAINS	2019	1	16	16	-18.3	-0.7	7.49486916667514	-999.9	0.3	2.4537037037037	2.50789953863269	330
MAPLE_PLAINS	2019	1	17	17	-20.9	-3.1	7.6194536719599	-999.9	0	4.27083333333333	1.50990590081415	330
MAPLE_PLAINS	2019	1	18	18	-21.3	-2.5	7.91798599446998	-999.9	0	2.97453703703703	1.79620381344773	330
MAPLE_PLAINS	2019	1	19	19	-17	-1.8	7.20096013848892	-999.9	0	3.31018518518519	1.88414607694305	330
MAPLE_PLAINS	2019	1	20	20	-17.1	7.6	9.28657770397021	-999.9	37.6	5.56712962962964	3.72646658352764	330
MAPLE_PLAINS	2019	1	21	21	-10.3	0.1	6.09766081709668	-999.9	1.4	2.8125	3.8010511502815	330
MAPLE_PLAINS	2019	1	22	22	-12.6	-7.2	4.44711736265333	-999.9	0	4.45601851851853	2.2041148382555	330
MAPLE_PLAINS	2019	1	23	23	-13.2	-0.8	6.82210527767117	-999.9	1.2	3.75	2.7254332637373	330
MAPLE_PLAINS	2019	1	24	24	-0.8	8.6	6.01427307306654	-999.9	11.7	4.46759259259258	7.74600176931202	330
MAPLE_PLAINS	2019	1	25	25	-2.6	7.9	6.43733866379479	-999.9	0	4.78009259259258	5.44405235638629	330
MAPLE_PLAINS	2019	1	26	26	-6.2	-2.1	4.07447913536405	-999.9	0.2	2.74305555555556	2.47452415477798	330
MAPLE_PLAINS	2019	1	27	27	-7.7	1.6	6.21671918160995	-999.9	0.2	2.97453703703703	4.20038435508386	330
MAPLE_PLAINS	2019	1	28	28	-15.8	1.8	8.66526993265392	-999.9	0.2	4.43287037037036	2.44213364154783	330
MAPLE_PLAINS	2019	1	29	29	-16.4	-7.8	6.13822294540854	-999.9	0	2.33796296296296	1.83145092931525	330
MAPLE_PLAINS	2019	1	30	30	-10.6	1.7	7.4399620601995	-999.9	5.1	5.39351851851853	3.82469145397772	330
MAPLE_PLAINS	2019	1	31	31	-16.7	-9.1	5.92791833372832	-999.9	0.5	4.57175925925925	1.4526381937012	330
MAPLE_PLAINS	2019	2	1	32	-17.1	-11.6	5.11213211573843	-999.9	0	4.93055555555556	1.12553686763599	330
MAPLE_PLAINS	2019	2	2	33	-15.1	-10	4.99085331548911	-999.9	0.2	4.52546296296297	1.50038728494073	330
MAPLE_PLAINS	2019	2	3	34	-15.2	-7	6.41660109366866	-999.9	0	3.29861111111111	1.73038094992425	330
MAPLE_PLAINS	2019	2	4	35	-8.3	1.3	7.04007595104847	-999.9	0	3.59953703703703	3.93590184726613	330
MAPLE_PLAINS	2019	2	5	36	-3.6	4.8	6.6781490878575	-999.9	0.2	3.81944444444444	5.67840793803317	330
MAPLE_PLAINS	2019	2	6	37	-7.2	-1.1	5.77142770086741	-999.9	0	4.87268518518519	3.59844924797867	330
MAPLE_PLAINS	2019	2	7	38	-8.7	-3.9	5.19235146489848	-999.9	0.2	1.35416666666667	3.16208360485893	330
MAPLE_PLAINS	2019	2	8	39	-6.7	3.5	7.67693970580192	-999.9	9	3.95833333333333	5.03448222881272	330
MAPLE_PLAINS	2019	2	9	40	-11.8	-0.9	8.04936555785565	-999.9	0	8.17129629629631	2.0238613972454	330
MAPLE_PLAINS	2019	2	10	41	-12.3	-6.6	5.9041636752528	-999.9	0	7.80092592592592	1.46055886684978	330
MAPLE_PLAINS	2019	2	11	42	-13.9	-8.9	5.60902337271364	-999.9	0	6.55092592592592	1.36655429474596	330
MAPLE_PLAINS	2019	2	12	43	-13.3	-5.3	7.19670813605692	-999.9	0	2.40740740740741	1.92434383171954	330
MAPLE_PLAINS	2019	2	13	44	-8.9	-2	6.77957068137557	-999.9	9.4	4.94212962962964	3.48855150395204	330
MAPLE_PLAINS	2019	2	14	45	-10.4	-5.6	5.73569387052088	-999.9	0	4.97685185185186	2.58569874835662	330
MAPLE_PLAINS	2019	2	15	46	-18.3	1.6	11.8461022649554	-999.9	0.2	3.27546296296297	2.43155156799138	330
MAPLE_PLAINS	2019	2	16	47	-3	4.6	7.42561246663523	-999.9	16.6	4.74537037037036	5.54152866600963	330
MAPLE_PLAINS	2019	2	17	48	-11.8	-3	8.1046352245452	-999.9	0	4.61805555555556	2.19459389505659	330
MAPLE_PLAINS	2019	2	18	49	-14.1	-8.6	6.49871514958929	-999.9	0	2.66203703703704	1.60253698300664	330
MAPLE_PLAINS	2019	2	19	50	-14.8	-9.5	6.4702764873721	-999.9	0.2	5.15046296296297	1.3992967164238	330
MAPLE_PLAINS	2019	2	20	51	-15.7	-9.1	7.32281070565473	-999.9	0	4.78009259259258	1.18588000552853	330
MAPLE_PLAINS	2019	2	21	52	-14.6	-8.3	7.25565787012732	-999.9	2.8	2.75462962962963	2.01872463321185	330
MAPLE_PLAINS	2019	2	22	53	-16.7	-4.1	10.4056658444638	-999.9	0.2	2.03703703703704	2.08611823732178	330
MAPLE_PLAINS	2019	2	23	54	-15.9	-5	9.81411364508363	-999.9	0	1.78240740740741	1.69742715750517	330
MAPLE_PLAINS	2019	2	24	55	-20.4	-5.9	11.4775199775384	-999.9	3.7	2.98611111111111	1.52094484124565	330
MAPLE_PLAINS	2019	2	25	56	-6.1	1.2	8.25700663597293	-999.9	2.8	8.51851851851853	4.12098642751469	330
MAPLE_PLAINS	2019	2	26	57	-16.1	-4.4	10.597910046348	-999.9	0	8.41435185185186	1.64845267123454	330
MAPLE_PLAINS	2019	2	27	58	-16.7	-7.5	9.52696046641695	-999.9	0	7.14120370370369	1.34063019299821	330
MAPLE_PLAINS	2019	2	28	59	-16.6	-8	9.33701545815478	-999.9	0	5.01157407407408	1.19647601937876	330
MAPLE_PLAINS	2019	3	1	60	-12.3	-1.6	10.5563230747996	-999.9	0	3.96990740740742	1.99994848808018	330
MAPLE_PLAINS	2019	3	2	61	-11.5	-0.8	10.6988351015338	-999.9	0	2.32638888888889	2.74170518464423	330
MAPLE_PLAINS	2019	3	3	62	-7.4	-3.1	6.87326327946875	-999.9	0	2.95138888888889	2.78492625339567	330
MAPLE_PLAINS	2019	3	4	63	-6.6	-3.8	5.62018686865974	-999.9	8.7	4.72222222222222	3.53417919672496	330
MAPLE_PLAINS	2019	3	5	64	-14.5	-3.7	11.1836621036328	-999.9	0.2	3.69212962962964	2.2867965369467	330
MAPLE_PLAINS	2019	3	6	65	-16.6	-6.6	10.9025646793509	-999.9	0	1.65509259259259	1.7839942543553	330
MAPLE_PLAINS	2019	3	7	66	-17.3	-10.2	9.30613150013194	-999.9	0	4.20138888888889	1.15839131225159	330
MAPLE_PLAINS	2019	3	8	67	-19.4	-3.8	13.9722798916001	-999.9	0	3.73842592592592	1.54225775480065	330
MAPLE_PLAINS	2019	3	9	68	-12.8	-2.1	11.7196415744707	-999.9	0	3.17129629629631	2.24474487447543	330
MAPLE_PLAINS	2019	3	10	69	-19.4	-1.5	15.3503346757115	-999.9	0.2	2.48842592592593	1.79768252933337	330
MAPLE_PLAINS	2019	3	11	70	-1.5	4.4	8.92352933022815	-999.9	3.2	5.87962962962964	5.70809867657867	330
MAPLE_PLAINS	2019	3	12	71	-1.9	1.7	7.05717190433114	-999.9	0	2.84722222222222	4.4504957264008	330
MAPLE_PLAINS	2019	3	13	72	-5.9	1.9	10.5158440808049	-999.9	0	2.19907407407407	3.48114241805194	330
MAPLE_PLAINS	2019	3	14	73	-4.3	5.3	11.8085781825085	-999.9	0	2.11805555555556	4.6643252030031	330
MAPLE_PLAINS	2019	3	15	74	-0.3	5.9	9.60439437008037	-999.9	2.4	5.02314814814814	6.54130158375134	330
MAPLE_PLAINS	2019	3	16	75	-3.1	5.6	11.5130975004573	-999.9	2.1	3.77314814814814	5.66728364346486	330
MAPLE_PLAINS	2019	3	17	76	-6.2	-1.4	8.65281046215733	-999.9	0	5.96064814814814	2.31642954382053	330
MAPLE_PLAINS	2019	3	18	77	-8.6	-2.6	9.78726147798895	-999.9	0	3.72685185185186	2.27322382059922	330
MAPLE_PLAINS	2019	3	19	78	-9.6	-2	11.1425799967497	-999.9	0	2.2337962962963	2.45144723213405	330
MAPLE_PLAINS	2019	3	20	79	-8.2	2.4	13.3097277724372	-999.9	0	3.03240740740742	3.06017926492696	330
MAPLE_PLAINS	2019	3	21	80	-2.9	5.8	12.1942904612025	-999.9	0	3.37962962962964	4.79582168805188	330
MAPLE_PLAINS	2019	3	22	81	-0.7	8.2	12.4714093312131	-999.9	11.7	5.32407407407408	6.87125177489562	330
MAPLE_PLAINS	2019	3	23	82	0.2	5.4	9.6380322545946	-999.9	2.6	4.59490740740742	6.80708104580624	330
MAPLE_PLAINS	2019	3	24	83	-1.2	7.9	12.8888973213075	-999.9	0.2	4.39814814814814	4.72003550741091	330
MAPLE_PLAINS	2019	3	25	84	-5.7	0.8	11.0103716355061	-999.9	0.2	2.10648148148148	3.06519651633324	330
MAPLE_PLAINS	2019	3	26	85	-8.1	-1.3	11.381292079736	-999.9	0	2.7662037037037	2.26223964591092	330
MAPLE_PLAINS	2019	3	27	86	-8.8	-1	12.3173577425846	-999.9	0	2.31481481481481	2.40968664159447	330
MAPLE_PLAINS	2019	3	28	87	-0.1	6.5	11.4731336155247	-999.9	0	4.69444444444444	5.05335115397876	330
MAPLE_PLAINS	2019	3	29	88	0.4	7.9	12.354735923195	-999.9	3.2	3.59903381642511	6.60719260374076	330
MAPLE_PLAINS	2019	3	30	89	-0.7	9	14.1913116897696	-999.9	0	2.95138888888889	5.96030372566881	330
MAPLE_PLAINS	2019	3	31	90	4.3	15.2	15.1923414053416	-999.9	0	5.35879629629631	9.92365453116507	330
MAPLE_PLAINS	2019	4	1	91	-2.2	8.5	15.1991392662036	-999.9	11.3	6.12268518518519	5.73649065016712	330
MAPLE_PLAINS	2019	4	2	92	-2.2	6.7	13.995181294245	-999.9	0	5.16203703703703	3.75988314975961	330
MAPLE_PLAINS	2019	4	3	93	-0.8	5.4	11.7917025856139	-999.9	17.5	7.12962962962964	5.89631755588304	330
MAPLE_PLAINS	2019	4	4	94	-4	2.1	11.8054742151852	-999.9	0	9.29398148148147	3.16604122457638	330
MAPLE_PLAINS	2019	4	5	95	-4.5	3.7	13.8135082473563	-999.9	0	5.83333333333333	2.77208970896409	330
MAPLE_PLAINS	2019	4	6	96	-0.3	5	11.2060940458943	-999.9	0.4	3.05555555555556	5.95666881029331	330
MAPLE_PLAINS	2019	4	7	97	-4.7	8.3	17.7071238354797	-999.9	0	4.57175925925925	4.1986729535287	330
MAPLE_PLAINS	2019	4	8	98	-7.8	-0.7	13.2009856822394	-999.9	0.7	2.71990740740741	2.64721858271556	330
MAPLE_PLAINS	2019	4	9	99	-6.2	1	13.4086534485736	-999.9	0.2	2.88194444444444	3.37214888466979	330
MAPLE_PLAINS	2019	4	10	100	-4.4	1.1	11.8190613423812	-999.9	1.5	1.21527777777778	4.45209296059038	330
MAPLE_PLAINS	2019	4	11	101	-4.1	7.4	17.2335357550085	-999.9	0	2.41898148148148	4.96846496657846	330
MAPLE_PLAINS	2019	4	12	102	-4.9	10.7	20.2373120195097	-999.9	0	1.97916666666667	4.82124668070037	330
MAPLE_PLAINS	2019	4	13	103	2.4	12.5	16.4156335626211	-999.9	5.1	3.75	9.10067357924646	330
MAPLE_PLAINS	2019	4	14	104	3.5	12.2	15.356935239513	-999.9	1.6	3.24074074074075	6.96752933161387	330
MAPLE_PLAINS	2019	4	15	105	2.5	11.6	15.8290658956647	-999.9	22.4	5.34722222222222	9.37284488552369	330
MAPLE_PLAINS	2019	4	16	106	-0.4	2.5	9.00461471375229	-999.9	7.8	4.43287037037036	6.05031240739831	330
MAPLE_PLAINS	2019	4	17	107	-4.7	3	14.7837672629978	-999.9	0	5.15046296296297	4.55986572737778	330
MAPLE_PLAINS	2019	4	18	108	-5.4	9.5	20.7180454655925	-999.9	4.2	2.24537037037037	4.96496801971791	330
MAPLE_PLAINS	2019	4	19	109	1.3	12.3	17.931241918331	-999.9	14.2	6.04166666666667	9.21193085408759	330
MAPLE_PLAINS	2019	4	20	110	2.9	8.2	12.5358286775366	-999.9	21.2	2.71990740740741	8.76860013529709	330
MAPLE_PLAINS	2019	4	21	111	8.3	18.9	17.8530354002582	-999.9	0.5	4.46759259259258	14.4191986274849	330
MAPLE_PLAINS	2019	4	22	112	2.6	12.3	17.1961881971625	-999.9	0	2.85879629629631	9.26550942100593	330
MAPLE_PLAINS	2019	4	23	113	2.4	5	8.96321047301095	-999.9	12.3	3.20601851851853	7.01787402421444	330
MAPLE_PLAINS	2019	4	24	114	1.8	4.6	9.36332699274731	-999.9	4	2.38425925925926	7.3598694258413	330
MAPLE_PLAINS	2019	4	25	115	-0.6	2.9	10.5366695008392	-999.9	3.1	3.96990740740742	6.29675533840904	330
MAPLE_PLAINS	2019	4	26	116	-1.1	8.4	17.4700223913719	-999.9	0	2.59259259259259	6.67464466785447	330
MAPLE_PLAINS	2019	4	27	117	2.9	7.9	12.7533243549467	-999.9	6.5	8.22916666666667	7.90449631130071	330
MAPLE_PLAINS	2019	4	28	118	2.8	8.9	14.172770252204	-999.9	0	3.22916666666667	7.85683744481203	330
MAPLE_PLAINS	2019	4	29	119	1.3	6.3	12.9083640256177	-999.9	0	4.89583333333333	4.78548390804271	330
MAPLE_PLAINS	2019	4	30	120	1	10.1	17.5165463447258	-999.9	0	4.86111111111111	3.85909745537815	330
MAPLE_PLAINS	2019	5	1	121	-2.9	9.8	20.8121385712015	-999.9	0	4.08564814814814	4.08469057642923	330
MAPLE_PLAINS	2019	5	2	122	-3.9	7	19.3892452629628	-999.9	0	2.5462962962963	4.85601604837247	330
MAPLE_PLAINS	2019	5	3	123	-4.2	16.7	26.99601227863	-999.9	0	1.55092592592593	5.99445483813784	330
MAPLE_PLAINS	2019	5	4	124	0.1	11.7	20.2199727201327	-999.9	1.3	2.09490740740741	8.11738014696525	330
MAPLE_PLAINS	2019	5	5	125	0.2	16.4	24.0204267134303	-999.9	0.2	2.25694444444444	7.67728412548938	330
MAPLE_PLAINS	2019	5	6	126	-0.1	16.9	24.7323918787758	-999.9	0	2.19907407407407	7.13924162671794	330
MAPLE_PLAINS	2019	5	7	127	1	19.5	25.9294341565801	-999.9	6.1	3.36805555555556	8.87350875552812	330
MAPLE_PLAINS	2019	5	8	128	3.4	11.8	17.557378190419	-999.9	0	3.90046296296297	7.11468462350219	330
MAPLE_PLAINS	2019	5	9	129	-2	9.3	20.4606616766381	-999.9	0	4.28240740740742	6.06816172749026	330
MAPLE_PLAINS	2019	5	10	130	-1.8	10.3	21.2706816958886	-999.9	9.2	2.12962962962963	6.86138619177332	330
MAPLE_PLAINS	2019	5	11	131	4.2	12.1	17.2646838505646	-999.9	0.7	3.90046296296297	9.62718623022101	330
MAPLE_PLAINS	2019	5	12	132	1.8	7.5	14.7294730240381	-999.9	0	4.54861111111111	6.40209973115251	330
MAPLE_PLAINS	2019	5	13	133	1	11.1	19.6908173798072	-999.9	0	2.75462962962963	7.03121767014246	330
MAPLE_PLAINS	2019	5	14	134	1.6	9.7	17.7071089580373	-999.9	4.5	4.75845410628019	6.22583017724114	330
MAPLE_PLAINS	2019	5	15	135	2.4	5.2	10.4528642129832	-999.9	5.3	4.03935185185186	7.35608746593941	330
MAPLE_PLAINS	2019	5	16	136	2.4	5.9	11.7325046972724	-999.9	1.3	2.02546296296296	7.40325247121601	330
MAPLE_PLAINS	2019	5	17	137	2.2	10.5	18.136174435474	-999.9	0.3	1.21527777777778	7.93606815877959	330
MAPLE_PLAINS	2019	5	18	138	2.4	6.3	12.477816225006	-999.9	4.7	4.61805555555556	7.40014751888824	330
MAPLE_PLAINS	2019	5	19	139	3	15	21.9657724581764	-999.9	0	2.33796296296296	8.23722443269191	330
MAPLE_PLAINS	2019	5	20	140	6.6	9.8	11.3823139940671	-999.9	20.2	3.65740740740742	9.79552549795171	330
MAPLE_PLAINS	2019	5	21	141	2.5	9	16.2765481354046	-999.9	33.9	3.53009259259258	8.84087160415735	330
MAPLE_PLAINS	2019	5	22	142	-1.4	8.1	19.7409488216733	-999.9	0.4	5.99537037037036	6.43700106604358	330
MAPLE_PLAINS	2019	5	23	143	-1.2	14.2	25.2126152519031	-999.9	0	2.02546296296296	6.97030988464485	330
MAPLE_PLAINS	2019	5	24	144	-0.5	13.6	24.1974341243094	-999.9	0	2.90509259259258	6.26401703901213	330
MAPLE_PLAINS	2019	5	25	145	-1.2	20	29.7564418390874	-999.9	0	1.70138888888889	7.49522544033681	330
MAPLE_PLAINS	2019	5	26	146	7.3	13.6	16.266267369244	-999.9	1.9	4.15509259259258	9.66207507787494	330
MAPLE_PLAINS	2019	5	27	147	4.6	11.3	16.8194200285138	-999.9	0.2	2.31481481481481	10.2172599027889	330
MAPLE_PLAINS	2019	5	28	148	0	16.1	26.13930966087	-999.9	0	2.66203703703704	6.07259927105904	330
MAPLE_PLAINS	2019	5	29	149	0.2	17.2	26.9255712835568	-999.9	0	3.25231481481481	7.21996181333126	330
MAPLE_PLAINS	2019	5	30	150	2.6	16.8	24.6658339359817	-999.9	0	2.98611111111111	9.41010163305302	330
MAPLE_PLAINS	2019	5	31	151	3.5	15.7	22.913673787508	-999.9	2.1	4.0625	10.3973453752563	330
MAPLE_PLAINS	2019	6	1	152	0.3	22.1	30.6943459971822	-999.9	0	1.63194444444444	8.67578560487084	330
MAPLE_PLAINS	2019	6	2	153	7.6	17.1	20.302968528942	-999.9	6.9	4.82638888888889	11.5797612216786	330
MAPLE_PLAINS	2019	6	3	154	7.9	22.1	24.8692052923177	-999.9	0.2	3.55324074074075	15.145079696605	330
MAPLE_PLAINS	2019	6	4	155	6	17.6	22.51745150743	-999.9	0	3.00925925925925	9.60049567277696	330
MAPLE_PLAINS	2019	6	5	156	7.1	18.7	22.5550794444556	-999.9	0	3.31018518518519	11.0051951550407	330
MAPLE_PLAINS	2019	6	6	157	9	14.3	15.2697226129246	-999.9	5.1	2.1412037037037	12.8506054529776	330
MAPLE_PLAINS	2019	6	7	158	6.2	21.5	25.9818214201352	-999.9	0	1.86342592592593	11.7864910727792	330
MAPLE_PLAINS	2019	6	8	159	2.4	16.9	25.3274492541888	-999.9	0	2.84722222222222	7.62171926497866	330
MAPLE_PLAINS	2019	6	9	160	1.7	21	29.256520729106	-999.9	0	1.80555555555556	8.50383017398465	330
MAPLE_PLAINS	2019	6	10	161	2.7	20	27.730437381384	-999.9	0	2.12962962962963	8.29095431982694	330
MAPLE_PLAINS	2019	6	11	162	8.1	26.5	28.6276286073819	-999.9	6.1	3.58796296296297	13.4331522814592	330
MAPLE_PLAINS	2019	6	12	163	9.9	21.1	22.3553507182941	-999.9	1.1	4.54861111111111	11.4258009937425	330
MAPLE_PLAINS	2019	6	13	164	10.8	26.2	26.2350642559119	-999.9	10.3	2.69675925925926	12.2596616075491	330
MAPLE_PLAINS	2019	6	14	165	10.4	25	25.5623534539196	-999.9	4.7	5.45138888888889	16.7167831375151	330
MAPLE_PLAINS	2019	6	15	166	11.5	25	24.5950279946986	-999.9	0	2.85879629629631	16.2804987518518	330
MAPLE_PLAINS	2019	6	16	167	11.5	25.6	25.1477690783817	-999.9	0	2.85879629629631	15.3939519873519	330
MAPLE_PLAINS	2019	6	17	168	8.5	23.1	25.5993707158431	-999.9	0	2.22222222222222	15.3422483069742	330
MAPLE_PLAINS	2019	6	18	169	7.7	23.3	26.4686405765882	-999.9	0	2.1412037037037	12.1698409037154	330
MAPLE_PLAINS	2019	6	19	170	8.3	27.6	29.4454381866488	-999.9	0	2.52314814814815	14.3416482412221	330
MAPLE_PLAINS	2019	6	20	171	12.3	25.5	24.3528584085727	-999.9	2.5	2.90509259259258	16.5807119689871	330
MAPLE_PLAINS	2019	6	21	172	10.3	15	14.5307865070657	-999.9	50.6	4.12037037037036	14.0135794775207	330
MAPLE_PLAINS	2019	6	22	173	10.9	18.2	18.1064145432947	-999.9	1.9	5.18518518518519	13.2299519212445	330
MAPLE_PLAINS	2019	6	23	174	6.7	21.6	25.8611976392631	-999.9	0	3.59953703703703	10.1164062915783	330
MAPLE_PLAINS	2019	6	24	175	4.1	18.9	25.7646630925816	-999.9	0	1.62037037037037	9.62768832903023	330
MAPLE_PLAINS	2019	6	25	176	4.7	23.2	28.7919599088109	-999.9	0	2.17592592592593	11.1142772817881	330
MAPLE_PLAINS	2019	6	26	177	11	23.1	23.2714500551304	-999.9	0	3.02083333333333	13.8923306907417	330
MAPLE_PLAINS	2019	6	27	178	11.8	14.6	11.1868754813491	-999.9	13.6	4.03935185185186	13.6417469548028	330
MAPLE_PLAINS	2019	6	28	179	11.8	18.7	17.5471658981668	-999.9	6.2	2.5462962962963	15.9048467583904	330
MAPLE_PLAINS	2019	6	29	180	11.6	21.9	21.4193999019686	-999.9	2.6	1.93287037037037	17.9366298745794	330
MAPLE_PLAINS	2019	6	30	181	12	16.1	13.5002074999605	-999.9	1.2	2.97453703703703	15.3866299285083	330
MAPLE_PLAINS	2019	7	1	182	11.6	13.9	10.1001032010972	-999.9	4.7	5.43981481481481	14.1181421577534	330
MAPLE_PLAINS	2019	7	2	183	9.6	18	19.2782864770874	-999.9	0	3.00925925925925	14.271351202765	330
MAPLE_PLAINS	2019	7	3	184	10	21.1	22.1314895441502	-999.9	0.6	2.37268518518519	14.7629304909478	330
MAPLE_PLAINS	2019	7	4	185	9.2	27.5	28.3758251411714	-999.9	0	1.48148148148148	17.2652458443824	330
MAPLE_PLAINS	2019	7	5	186	13.6	30.8	27.4671978612797	-999.9	0	2.26851851851852	20.7930335021216	330
MAPLE_PLAINS	2019	7	6	187	15.5	25	20.3794489024554	-999.9	7.1	3.57638888888889	20.1447656448424	330
MAPLE_PLAINS	2019	7	7	188	8.4	23.5	25.6479623213784	-999.9	0	1.95601851851852	13.0524160014288	330
MAPLE_PLAINS	2019	7	8	189	7.1	26.4	28.9420973044017	-999.9	0.2	2.52314814814815	13.3744348596262	330
MAPLE_PLAINS	2019	7	9	190	13	21.2	18.8277463570729	-999.9	0	2.2337962962963	13.7291794201516	330
MAPLE_PLAINS	2019	7	10	191	4.9	18.1	23.8380914825875	-999.9	0	2.1875	10.5586676249978	330
MAPLE_PLAINS	2019	7	11	192	4.4	24.1	29.0578636894451	-999.9	0	1.81712962962963	12.6553091962053	330
MAPLE_PLAINS	2019	7	12	193	13.6	19.1	15.3183088632024	-999.9	3.1	4.40972222222222	15.7469613070595	330
MAPLE_PLAINS	2019	7	13	194	15.4	26.2	21.4137643472907	-999.9	0	3.91203703703703	20.709084757608	330
MAPLE_PLAINS	2019	7	14	195	13.5	27.5	24.3192105773101	-999.9	9.2	2.98611111111111	20.5618427323622	330
MAPLE_PLAINS	2019	7	15	196	11.8	21.5	20.1896213575567	-999.9	0	2.12962962962963	16.6037676490349	330
MAPLE_PLAINS	2019	7	16	197	11.5	28.6	26.7331190404279	-999.9	0	1.97916666666667	17.5003554667098	330
MAPLE_PLAINS	2019	7	17	198	15.7	27.6	22.2375337806013	-999.9	4.5	3.03240740740742	22.2970766348621	330
MAPLE_PLAINS	2019	7	18	199	9.9	24.6	24.6425434750282	-999.9	0	2.36111111111111	14.267560879508	330
MAPLE_PLAINS	2019	7	19	200	9.4	27.3	27.1093513123853	-999.9	0	2.39583333333333	15.3616418153864	330
MAPLE_PLAINS	2019	7	20	201	12.3	31.7	28.1326794798321	-999.9	0	1.90972222222222	21.3154728512356	330
MAPLE_PLAINS	2019	7	21	202	12.7	24.9	22.2361449778122	-999.9	0.4	1.89814814814815	19.2372963472303	330
MAPLE_PLAINS	2019	7	22	203	13.6	26	22.3414491394769	-999.9	0	2.07175925925926	18.6374165882433	330
MAPLE_PLAINS	2019	7	23	204	12.7	22.8	20.0924779910671	-999.9	1.3	1.31944444444444	18.3435557489712	330
MAPLE_PLAINS	2019	7	24	205	11.6	27.5	25.1185708015457	-999.9	0	1.45833333333333	19.1613378251905	330
MAPLE_PLAINS	2019	7	25	206	7.8	24.1	25.337558698661	-999.9	0	1.33101851851852	14.3372397818582	330
MAPLE_PLAINS	2019	7	26	207	7.4	29.4	29.3229580380141	-999.9	0	1.5625	16.0256897324781	330
MAPLE_PLAINS	2019	7	27	208	13.5	29.1	24.5943240725971	-999.9	0	2.73148148148148	18.3769665119432	330
MAPLE_PLAINS	2019	7	28	209	11.9	28.2	25.0376194008071	-999.9	0	3.07870370370369	16.5906108840357	330
MAPLE_PLAINS	2019	7	29	210	17.1	30.1	22.2662884406232	-999.9	0	2.91666666666667	22.8035547751823	330
MAPLE_PLAINS	2019	7	30	211	15.9	31.6	24.3642463313456	-999.9	0	2.28009259259259	24.3390954417949	330
MAPLE_PLAINS	2019	7	31	212	17.2	31	22.7415240174039	-999.9	0	3.26388888888889	23.9265239147225	330
MAPLE_PLAINS	2019	8	1	213	10	28.3	26.0694628394247	-999.9	0	1.8287037037037	18.0654765721688	330
MAPLE_PLAINS	2019	8	2	214	8.8	29.8	27.7966288099848	-999.9	0	1.79398148148148	16.0909834379566	330
MAPLE_PLAINS	2019	8	3	215	11.2	29.4	25.7539185284938	-999.9	3	2.69675925925926	16.7917298471898	330
MAPLE_PLAINS	2019	8	4	216	8.4	24.6	24.1790506039042	-999.9	0	2.31481481481481	14.739489405638	330
MAPLE_PLAINS	2019	8	5	217	7.9	24.6	24.4265888115658	-999.9	0	2.47685185185185	14.2738334644493	330
MAPLE_PLAINS	2019	8	6	218	9	30	27.2511968316653	-999.9	0	1.65509259259259	16.4252201020135	330
MAPLE_PLAINS	2019	8	7	219	8.2	28.9	26.9141525576298	-999.9	0	2.5	16.3937335449784	330
MAPLE_PLAINS	2019	8	8	220	15.2	27.1	20.2972235250612	-999.9	9.1	4.67592592592592	19.293928795195	330
MAPLE_PLAINS	2019	8	9	221	13.5	28.8	22.8888647252747	-999.9	6.3	3.71527777777778	21.0945558992501	330
MAPLE_PLAINS	2019	8	10	222	10.8	24.9	21.8499775477202	-999.9	1.3	1.99074074074074	17.4619324820599	330
MAPLE_PLAINS	2019	8	11	223	12	23.7	19.7899428473402	-999.9	1.7	3.34490740740742	16.4302460414695	330
MAPLE_PLAINS	2019	8	12	224	13.3	26	20.4979607896558	-999.9	0	2.89351851851853	17.5619424242751	330
MAPLE_PLAINS	2019	8	13	225	6.6	24.8	24.3920581614907	-999.9	0	2.28009259259259	14.5354955494056	330
MAPLE_PLAINS	2019	8	14	226	5.2	26.1	25.9798337200604	-999.9	0	1.55092592592593	13.0265894078285	330
MAPLE_PLAINS	2019	8	15	227	9.9	26.1	22.7309437730496	-999.9	0	1.8287037037037	15.8612930879742	330
MAPLE_PLAINS	2019	8	16	228	13.5	28.7	21.8788507977019	-999.9	0	2.71990740740741	17.5037704533728	330
MAPLE_PLAINS	2019	8	17	229	11.5	29	23.3243880075751	-999.9	0	2.48842592592593	17.5499138262835	330
MAPLE_PLAINS	2019	8	18	230	15.9	26.5	18.0334246271277	-999.9	2.5	1.78240740740741	22.0460245293835	330
MAPLE_PLAINS	2019	8	19	231	18	29.2	18.4125361086341	-999.9	0	2.96296296296297	24.8633093219519	330
MAPLE_PLAINS	2019	8	20	232	10.4	27.7	22.7275183700252	-999.9	0	2.83564814814814	15.1331897962458	330
MAPLE_PLAINS	2019	8	21	233	9.5	30.3	24.747413022054	-999.9	0	2.44212962962963	16.1187207955203	330
MAPLE_PLAINS	2019	8	22	234	17	27	17.0377362256466	-999.9	26.2	2.25694444444444	23.7932444748354	330
MAPLE_PLAINS	2019	8	23	235	13.6	26.4	19.1370495264818	-999.9	0	2.90509259259258	16.8058192799371	330
MAPLE_PLAINS	2019	8	24	236	2.8	18.6	21.1057496520818	-999.9	0	3.11342592592592	10.4161862772084	330
MAPLE_PLAINS	2019	8	25	237	1.6	23.4	24.6063193392844	-999.9	0	1.49305555555556	11.0538423799935	330
MAPLE_PLAINS	2019	8	26	238	5.6	19.3	19.3583611717794	-999.9	1.4	1.2037037037037	11.6802343023355	330
MAPLE_PLAINS	2019	8	27	239	11.7	18.8	13.8283673121703	-999.9	3.4	2.02546296296296	15.1750014505315	330
MAPLE_PLAINS	2019	8	28	240	8.2	28.5	23.1988537991482	-999.9	0	1.64351851851852	16.2422371063645	330
MAPLE_PLAINS	2019	8	29	241	12.7	22.6	16.0714868966508	-999.9	65.1	4.32870370370369	18.5650173441108	330
MAPLE_PLAINS	2019	8	30	242	17	26	15.199268335927	-999.9	1.4	3.07870370370369	21.1783970850385	330
MAPLE_PLAINS	2019	8	31	243	10.3	23.5	18.2555206820037	-999.9	0	3.19444444444444	13.556234647693	330
MAPLE_PLAINS	2019	9	1	244	6.6	21.6	19.2975177046747	-999.9	0	1.65509259259259	11.4019908569086	330
MAPLE_PLAINS	2019	9	2	245	6	24.5	21.2487236853294	-999.9	0.6	3.80787037037036	14.1994656429973	330
MAPLE_PLAINS	2019	9	3	246	8.6	21	17.2461235660386	-999.9	1.9	1.93287037037037	14.944118361206	330
MAPLE_PLAINS	2019	9	4	247	9.1	25.8	19.8387799922525	-999.9	0.9	3.53009259259258	16.5657448129097	330
MAPLE_PLAINS	2019	9	5	248	6.8	20.9	18.0669437256243	-999.9	0	3.02083333333333	11.7035641454682	330
MAPLE_PLAINS	2019	9	6	249	3.7	19.4	18.892335571808	-999.9	0	1.8287037037037	9.81159768286613	330
MAPLE_PLAINS	2019	9	7	250	8.9	14.4	11.0794984753161	-999.9	88.8	7.12962962962964	12.3846703403137	330
MAPLE_PLAINS	2019	9	8	251	7	15.7	13.8052267139226	-999.9	17.6	6.92129629629631	10.3423674518937	330
MAPLE_PLAINS	2019	9	9	252	3.3	21.6	19.833385518688	-999.9	0	1.85185185185185	11.2357487274426	330
MAPLE_PLAINS	2019	9	10	253	6	18.3	16.1047325541484	-999.9	0	1.77083333333333	10.4420048690234	330
MAPLE_PLAINS	2019	9	11	254	10.8	15.6	9.96307832779319	-999.9	34.4	2.00231481481481	14.0353199241829	330
MAPLE_PLAINS	2019	9	12	255	4	15.5	15.2699002401603	-999.9	5.7	2.55787037037037	9.99917701618154	330
MAPLE_PLAINS	2019	9	13	256	0.9	15.7	17.150428797703	-999.9	0.2	1.78240740740741	8.82246373848005	330
MAPLE_PLAINS	2019	9	14	257	1.4	17.5	17.7074706648453	-999.9	0.6	3.14814814814814	9.45835398833937	330
MAPLE_PLAINS	2019	9	15	258	11.8	22.1	14.0185938929234	-999.9	0	3.00925925925925	16.0580668369282	330
MAPLE_PLAINS	2019	9	16	259	11	16.3	9.95196861174061	-999.9	4.2	2.39583333333333	13.7936934000838	330
MAPLE_PLAINS	2019	9	17	260	3.2	11	11.9466674922068	-999.9	0.2	4.18981481481481	8.56789511657812	330
MAPLE_PLAINS	2019	9	18	261	-1.9	13.4	16.5545373481777	-999.9	0	2.21064814814815	7.55347393225836	330
MAPLE_PLAINS	2019	9	19	262	-2.5	18	18.9567487584197	-999.9	0	1.25	8.35030121965741	330
MAPLE_PLAINS	2019	9	20	263	1.8	23.8	19.4248606791107	-999.9	0	1.67824074074074	11.9475473713445	330
MAPLE_PLAINS	2019	9	21	264	2.9	16.9	15.3255001577026	-999.9	0	2.80092592592592	9.41474295915314	330
MAPLE_PLAINS	2019	9	22	265	2.5	23.8	18.693444200923	-999.9	0	3.13657407407408	11.9384258542002	330
MAPLE_PLAINS	2019	9	23	266	13.1	22.1	12.0147550957068	-999.9	0.6	3.79629629629631	17.3189300121704	330
MAPLE_PLAINS	2019	9	24	267	11.5	17.7	9.85892124393078	-999.9	58.2	3.75	15.8509145456844	330
MAPLE_PLAINS	2019	9	25	268	11.4	17.8	9.90169833265696	-999.9	0	2.8125	15.7535843686495	330
MAPLE_PLAINS	2019	9	26	269	11.3	19.8	11.2787807888039	-999.9	0	2.96296296296297	15.1460005436071	330
MAPLE_PLAINS	2019	9	27	270	4.8	18.4	14.0994636579684	-999.9	2.7	3.40277777777778	11.3601958028759	330
MAPLE_PLAINS	2019	9	28	271	4	19.4	14.8259341509182	-999.9	5.7	1.86342592592593	11.8957260862837	330
MAPLE_PLAINS	2019	9	29	272	6.7	16.3	11.5657747949536	-999.9	0.2	2.99768518518519	10.6722016854816	330
MAPLE_PLAINS	2019	9	30	273	2.5	11.7	11.1856196474804	-999.9	0	2.29166666666667	7.0653479926856	330
MAPLE_PLAINS	2019	10	1	274	4.7	12.2	9.97640838544755	-999.9	6.1	1.44675925925926	8.97084618261707	330
MAPLE_PLAINS	2019	10	2	275	5.2	13	10.0489261767641	-999.9	1.6	3.69212962962964	9.79203262732468	330
MAPLE_PLAINS	2019	10	3	276	-0.7	11.2	12.2582042879343	-999.9	0.2	2.83564814814814	6.34431764214017	330
MAPLE_PLAINS	2019	10	4	277	2.5	7.5	7.84643978362594	-999.9	1.9	1.84027777777778	7.88088901806121	330
MAPLE_PLAINS	2019	10	5	278	-2	11.1	12.5404139307985	-999.9	0	2.39583333333333	6.5775227835364	330
MAPLE_PLAINS	2019	10	6	279	-2.3	16.4	14.7924817103852	-999.9	0	2.43055555555556	7.52117689543951	330
MAPLE_PLAINS	2019	10	7	280	12.3	17.7	7.8472548050944	-999.9	17.2	4.21296296296297	14.8525934660064	330
MAPLE_PLAINS	2019	10	8	281	1.3	16.7	13.0809640739521	-999.9	0.9	2.15277777777778	10.2016703761152	330
MAPLE_PLAINS	2019	10	9	282	-0.7	14.4	12.7845542975991	-999.9	0	1.00694444444444	8.15554886040941	330
MAPLE_PLAINS	2019	10	10	283	-0.9	14.2	12.617227254282	-999.9	0.2	1.59722222222222	8.30716322165866	330
MAPLE_PLAINS	2019	10	11	284	1.3	16.9	12.6554666957577	-999.9	0	2.96296296296297	9.05219016214904	330
MAPLE_PLAINS	2019	10	12	285	8.6	11.2	5.09807928084299	-999.9	27.5	3.49537037037036	11.1752233498891	330
MAPLE_PLAINS	2019	10	13	286	3.6	11.2	8.59995166307533	-999.9	0.2	1.96759259259259	9.6633659274602	330
MAPLE_PLAINS	2019	10	14	287	6.2	14.3	8.75927160342789	-999.9	0	2.12962962962963	11.2561793817616	330
MAPLE_PLAINS	2019	10	15	288	0.2	14.2	11.3604236493954	-999.9	4.5	2.01388888888889	9.41299678089088	330
MAPLE_PLAINS	2019	10	16	289	-0.9	15.2	12.017637625279	-999.9	0	1.5625	8.05297728198574	330
MAPLE_PLAINS	2019	10	17	290	7	13.7	7.64701278664102	-999.9	14.1	6.50462962962964	10.8023045157374	330
MAPLE_PLAINS	2019	10	18	291	7.3	12.8	6.83374311286035	-999.9	5.7	4.17824074074075	10.7469155249095	330
MAPLE_PLAINS	2019	10	19	292	5.7	11.1	6.67842193149086	-999.9	0	3.54166666666667	8.34756288395315	330
MAPLE_PLAINS	2019	10	20	293	-0.2	11.2	9.56991497464678	-999.9	0	2.34953703703704	7.24905902806042	330
MAPLE_PLAINS	2019	10	21	294	1	16.9	11.1458766100306	-999.9	0	1.03009259259259	9.67813832762344	330
MAPLE_PLAINS	2019	10	22	295	-0.5	12.4	9.90043539753075	-999.9	0	2.40740740740741	7.8059428224453	330
MAPLE_PLAINS	2019	10	23	296	8	13.2	6.19856490795337	-999.9	13.7	8.39120370370369	10.7320148010845	330
MAPLE_PLAINS	2019	10	24	297	8.4	14.4	6.56574537023835	-999.9	0	4.81481481481481	10.2183041563966	330
MAPLE_PLAINS	2019	10	25	298	5.1	11.4	6.63421003845425	-999.9	0	2.53472222222222	7.970450106415	330
MAPLE_PLAINS	2019	10	26	299	-1.4	9.5	8.60472788125232	-999.9	0.4	1.44675925925926	6.7762340146305	330
MAPLE_PLAINS	2019	10	27	300	-2.7	9.9	9.12244910148091	-999.9	0	1.2037037037037	6.31340929993639	330
MAPLE_PLAINS	2019	10	28	301	2.5	8	5.94306064248917	-999.9	0	1.69082125603865	6.66062061010488	330
MAPLE_PLAINS	2019	10	29	302	-2.4	12.7	9.71009348988361	-999.9	0	1.09953703703704	7.4544827164666	330
MAPLE_PLAINS	2019	10	30	303	4.2	13.6	7.55460380680303	-999.9	0	2.24537037037037	9.82767078310286	330
MAPLE_PLAINS	2019	10	31	304	9.9	17.1	6.51983917850093	-999.9	11.5	4.24768518518519	14.9470489429158	330
MAPLE_PLAINS	2019	11	1	305	5.4	19.4	8.965427403298	-999.9	0.5	7.96296296296297	10.6923238198275	330
MAPLE_PLAINS	2019	11	2	306	0.1	7.5	6.42800494715617	-999.9	0	3.51851851851853	4.91636320146043	330
MAPLE_PLAINS	2019	11	3	307	-1.6	9.1	7.62300586319334	-999.9	0	2.25694444444444	6.12447975608551	330
MAPLE_PLAINS	2019	11	4	308	-2.8	8.5	7.72630798142093	-999.9	0	2.55787037037037	5.43846702649872	330
MAPLE_PLAINS	2019	11	5	309	-2.5	11.5	8.48249270425613	-999.9	0	3.83101851851853	6.7008953973755	330
MAPLE_PLAINS	2019	11	6	310	1.1	12.1	7.41676815649181	-999.9	9.3	6.07638888888889	6.63920555957795	330
MAPLE_PLAINS	2019	11	7	311	0.1	5.6	5.17362367534602	-999.9	16.7	2.58101851851852	5.40382710913249	330
MAPLE_PLAINS	2019	11	8	312	0.1	0.5	1.37650883117512	-999.9	7.7	1.38888888888889	6.10646553394694	330
MAPLE_PLAINS	2019	11	9	313	-4.2	-0.6	4.07455694125862	-999.9	0	3.18376068376069	3.71062998058302	330
MAPLE_PLAINS	2019	11	10	314	0.5	7.1	5.44415127889322	-999.9	0	4.81481481481481	5.71506247924034	330
MAPLE_PLAINS	2019	11	11	315	0.4	6.1	4.99318974466808	-999.9	1.6	2.62962962962963	6.55144169218659	330
MAPLE_PLAINS	2019	11	12	316	-1.7	13.6	8.02136228323984	-999.9	14.4	5.68287037037036	8.66915993675417	330
MAPLE_PLAINS	2019	11	13	317	-4.3	-3.8	1.44101525540831	-999.9	0.4	6.94444444444445	3.37877852206784	330
MAPLE_PLAINS	2019	11	14	318	-2.6	-0.2	3.11715868757227	-999.9	0	2.82051282051283	3.54477670549581	330
MAPLE_PLAINS	2019	11	15	319	-1.3	9.2	6.43856974394475	-999.9	1.8	6.08187134502925	6.50843112528296	330
MAPLE_PLAINS	2019	11	16	320	-5.1	-3	2.8439527748171	-999.9	0.2	6.64529914529914	2.72926266937219	330
MAPLE_PLAINS	2019	11	17	321	-7.9	0.2	5.51765514085398	-999.9	0	1.93287037037037	3.56852854254803	330
MAPLE_PLAINS	2019	11	18	322	-7.6	3.4	6.35321998664726	-999.9	10.7	2.69323671497584	4.96709376074257	330
MAPLE_PLAINS	2019	11	19	323	0.7	3.8	3.30911113614251	-999.9	13.3	7.52645502645503	7.0084056455451	330
MAPLE_PLAINS	2019	11	20	324	0.9	3.9	3.21756490341361	-999.9	1.7	6.73611111111111	6.69522374322681	330
MAPLE_PLAINS	2019	11	21	325	1.4	3.9	2.9254347765749	-999.9	2.3	4.19191919191919	6.49705419849797	330
MAPLE_PLAINS	2019	11	22	326	1.2	2.9	2.38574732727341	-999.9	15.3	4.30555555555556	6.05115757967256	330
MAPLE_PLAINS	2019	11	23	327	-0.7	-0.2	1.27989832774589	-999.9	1.2	7.22222222222222	3.83901297931675	330
MAPLE_PLAINS	2019	11	24	328	0.4	2.1	2.33518496437397	-999.9	17	2.67676767676768	4.97686077456036	330
MAPLE_PLAINS	2019	11	25	329	1	7.8	4.58695440497672	-999.9	4.5	8.62268518518519	7.64121977017706	330
MAPLE_PLAINS	2019	11	26	330	2.2	6.1	3.46584527122918	-999.9	0.2	3.26923076923078	6.52511039444388	330
MAPLE_PLAINS	2019	11	27	331	-1.8	6.1	4.88510459532668	-999.9	0	3.35648148148147	5.64322608352599	330
MAPLE_PLAINS	2019	11	28	332	-1.2	3.6	3.77224401765564	-999.9	0	4.58333333333333	6.26960525994432	330
MAPLE_PLAINS	2019	11	29	333	-2.9	2.3	3.85975439478371	-999.9	0.5	11.9097222222222	4.97670167810839	330
MAPLE_PLAINS	2019	11	30	334	-4	-1.1	2.85713955556429	-999.9	1.1	10.0347222222222	4.31468981847741	330
MAPLE_PLAINS	2019	12	1	335	-15.8	-2.3	6.1625697257952	-999.9	0	1.68981481481481	2.63182851946347	330
MAPLE_PLAINS	2019	12	2	336	-16.1	0	6.67597655116514	-999.9	0	3.59126984126983	3.76091438933755	330
MAPLE_PLAINS	2019	12	3	337	-0.8	1.2	2.334973269663	-999.9	21	6.62037037037036	5.36176828121332	330
MAPLE_PLAINS	2019	12	4	338	-0.6	-0.1	1.15898902442763	-999.9	1.4	3.88888888888889	4.87876945027083	330
MAPLE_PLAINS	2019	12	5	339	-2	1.2	2.9118106591458	-999.9	0.6	0.972222222222222	5.32626638818743	330
MAPLE_PLAINS	2019	12	6	340	-1.8	-1.5	0.885753563335343	-999.9	0	5.33333333333333	3.67462370712473	330
MAPLE_PLAINS	2019	12	7	341	-6.3	-5.4	1.52479591825187	-999.9	0	4.88425925925925	2.36270026220895	330
MAPLE_PLAINS	2019	12	8	342	-7.9	-1.6	4.01122033057583	-999.9	0	3.26923076923078	2.70736588993103	330
MAPLE_PLAINS	2019	12	9	343	-0.8	2.3	2.79887696148617	-999.9	3	5	5.10945665376127	330
MAPLE_PLAINS	2019	12	10	344	4.9	11.4	3.99853530217532	-999.9	13.6	10.1157407407407	10.1322040334131	330
MAPLE_PLAINS	2019	12	11	345	-9	4.9	5.82108190737517	-999.9	0.7	4.78009259259258	3.86114690884359	330
MAPLE_PLAINS	2019	12	12	346	-9.6	-6.2	2.8923344005884	-999.9	0	5.10683760683761	1.72346817462352	330
MAPLE_PLAINS	2019	12	13	347	-13.5	-0.3	5.67865702212626	-999.9	0	3.65497076023392	2.87890188426494	330
MAPLE_PLAINS	2019	12	14	348	-0.1	-0.1	0	-999.9	19.9	4.44444444444444	4.99633519084813	330
MAPLE_PLAINS	2019	12	15	349	-2.7	12.7	6.04505253282606	-999.9	0.6	10.1851851851852	6.97927735179854	330
MAPLE_PLAINS	2019	12	16	350	-6.7	-4.8	2.13726273850599	-999.9	0	9.76495726495728	1.66940514680922	330
MAPLE_PLAINS	2019	12	17	351	-7	-2.3	3.35558023075294	-999.9	0	4.61805555555556	2.71360429992347	330
MAPLE_PLAINS	2019	12	18	352	-5.3	-2.9	2.39476223614898	-999.9	0	1.875	3.17313101798834	330
MAPLE_PLAINS	2019	12	19	353	-10.8	-7.4	2.84797167802966	-999.9	0	4.76495726495728	1.98135245847427	330
MAPLE_PLAINS	2019	12	20	354	-9.6	1.2	5.07398782990343	-999.9	0	4.02777777777778	4.1517883376885	330
MAPLE_PLAINS	2019	12	21	355	-3.1	-3.1	0	-999.9	0	1.66666666666667	4.0063487180738	330
MAPLE_PLAINS	2019	12	22	356	-0.7	0.1	1.38188451261178	-999.9	3.3	3.72222222222222	5.26810724426986	330
MAPLE_PLAINS	2019	12	23	357	-6	-0.1	3.7237258568876	-999.9	0.3	4.52546296296297	4.50998492971712	330
MAPLE_PLAINS	2019	12	24	358	-2.8	1.6	3.22056279777442	-999.9	0	7.65046296296297	4.40636294064745	330
MAPLE_PLAINS	2019	12	25	359	-11.9	-2.7	4.66611147097196	-999.9	0	3.80787037037036	2.74304825715281	330
MAPLE_PLAINS	2019	12	26	360	-12.6	-5.5	4.1452441748971	-999.9	0	2.97979797979797	2.55060041230265	330
MAPLE_PLAINS	2019	12	27	361	-14	-1.9	5.42700187823335	-999.9	5.2	2.89351851851853	3.43379856215329	330
MAPLE_PLAINS	2019	12	28	362	-0.8	1	2.10012916936756	-999.9	0	4.21717171717172	3.98501935528268	330
MAPLE_PLAINS	2019	12	29	363	-5.2	-2.6	2.53357084754291	-999.9	0	3.42592592592592	2.99573867730109	330
MAPLE_PLAINS	2019	12	30	364	-4.7	-0.1	3.38418309611919	-999.9	0	3.70370370370369	4.02752923553792	330
MAPLE_PLAINS	2019	12	31	365	-1.6	-1	1.227915766952	-999.9	2.9	6.80555555555556	4.15070305965102	330
