MAPLE_PLAINS	2011	1	1	1	-0.9	1.9	2.666101780043	-999.9	0	2.07175925925926	6.2991435820205	330
MAPLE_PLAINS	2011	1	2	2	-1	0.9	2.20832539886589	-999.9	0	1.40046296296296	5.79878149061856	330
MAPLE_PLAINS	2011	1	3	3	-4.5	0.6	3.63949015046	-999.9	16.7	2.60416666666667	5.47832794241975	330
MAPLE_PLAINS	2011	1	4	4	-7	-4.8	2.40554373616264	-999.9	0	6.34259259259258	3.0773470685501	330
MAPLE_PLAINS	2011	1	5	5	-9.4	-5.4	3.2655178633453	-999.9	0	3.72685185185186	2.44180810599351	330
MAPLE_PLAINS	2011	1	6	6	-12.2	-4.3	4.62195493115094	-999.9	0	2.19907407407407	2.37530658836383	330
MAPLE_PLAINS	2011	1	7	7	-16.7	0.7	6.91103183868814	-999.9	1.3	2.55787037037037	3.93866158845121	330
MAPLE_PLAINS	2011	1	8	8	-2	0.4	2.58697321254064	-999.9	2.7	3.09027777777778	5.65718036906776	330
MAPLE_PLAINS	2011	1	9	9	-3.6	0.8	3.53173730568324	-999.9	2.1	4.15509259259258	5.6087421706924	330
MAPLE_PLAINS	2011	1	10	10	-1.1	1	2.4609386404516	-999.9	0	5.01157407407408	5.806576070578	330
MAPLE_PLAINS	2011	1	11	11	-1.1	1	2.48301147352676	-999.9	0	2.82407407407408	5.22310046034918	330
MAPLE_PLAINS	2011	1	12	12	-5.1	-0.5	3.70911419710787	-999.9	1.5	3.88888888888889	5.17760538958447	330
MAPLE_PLAINS	2011	1	13	13	-0.8	0.8	2.20857970572121	-999.9	1.3	7.62731481481481	5.98592907682107	330
MAPLE_PLAINS	2011	1	14	14	-5	-0.9	3.57060358172244	-999.9	0.2	3.05555555555556	4.4803644066329	330
MAPLE_PLAINS	2011	1	15	15	-7.5	-4.7	2.98095445870852	-999.9	0.8	2.21064814814815	3.12813660082007	330
MAPLE_PLAINS	2011	1	16	16	-8.9	-2.7	4.48253716200996	-999.9	0.6	3.70370370370369	3.4410271644136	330
MAPLE_PLAINS	2011	1	17	17	-16.1	-8.7	4.9501211228132	-999.9	0	3.29861111111111	2.1130306220795	330
MAPLE_PLAINS	2011	1	18	18	-21.4	-1	8.31002223990579	-999.9	0.5	2.96296296296297	2.27218384432669	330
MAPLE_PLAINS	2011	1	19	19	-2.9	2.3	4.24312823482556	-999.9	16.1	6.60879629629631	6.20191741739749	330
MAPLE_PLAINS	2011	1	20	20	-11.8	-3.2	5.51996536845498	-999.9	0.4	3.54166666666667	3.63027448796748	330
MAPLE_PLAINS	2011	1	21	21	-11.3	3.3	7.27723619774261	-999.9	6.2	3.99305555555556	3.70254848584518	330
MAPLE_PLAINS	2011	1	22	22	-11.4	-3.1	5.55299528725106	-999.9	0	7.99768518518519	2.1941826968652	330
MAPLE_PLAINS	2011	1	23	23	-19.7	-11	5.75488232198262	-999.9	0.2	2.04861111111111	1.62017058794313	330
MAPLE_PLAINS	2011	1	24	24	-22	-15	5.22636609267958	-999.9	0	6.88657407407408	0.994406861808013	330
MAPLE_PLAINS	2011	1	25	25	-19	-12.6	5.06052203902051	-999.9	0	3.57638888888889	1.23411528862054	330
MAPLE_PLAINS	2011	1	26	26	-19.2	-5.7	7.44393282050925	-999.9	0.2	1.13425925925926	2.34192123082702	330
MAPLE_PLAINS	2011	1	27	27	-5.2	-1.1	4.15555115490032	-999.9	5	6.75925925925925	5.07691170588358	330
MAPLE_PLAINS	2011	1	28	28	-15.9	-3.2	7.40979000964558	-999.9	0	2.7662037037037	3.15914111564664	330
MAPLE_PLAINS	2011	1	29	29	-16.3	-4.4	7.26785726847669	-999.9	0	0.775462962962964	2.61014288294223	330
MAPLE_PLAINS	2011	1	30	30	-20.1	-6.2	7.9602393382605	-999.9	1	0.601851851851853	2.05146865127078	330
MAPLE_PLAINS	2011	1	31	31	-14.5	-8.5	5.30069243950823	-999.9	0.2	3.93518518518519	1.71579219283616	330
MAPLE_PLAINS	2011	2	1	32	-20.1	-9.4	7.17521859446489	-999.9	0	2.46527777777778	1.61783746689255	330
MAPLE_PLAINS	2011	2	2	33	-16.7	-6.7	7.03190807883882	-999.9	8.6	2.31481481481481	2.31102747893782	330
MAPLE_PLAINS	2011	2	3	34	-20.3	-6.3	8.43541705522739	-999.9	0.2	3.40277777777778	2.45062520962233	330
MAPLE_PLAINS	2011	2	4	35	-13.2	-3.5	7.11923003388327	-999.9	0	2.93981481481481	2.75808601239213	330
MAPLE_PLAINS	2011	2	5	36	-17.9	-1.2	9.47198953127007	-999.9	0	2.52314814814815	2.88152693249627	330
MAPLE_PLAINS	2011	2	6	37	-5.5	-0.3	5.35978900560901	-999.9	11.1	5.48611111111111	5.02861581507632	330
MAPLE_PLAINS	2011	2	7	38	-13.5	-1.7	8.18791717899249	-999.9	0.3	1.99074074074074	3.35721246208282	330
MAPLE_PLAINS	2011	2	8	39	-3.8	-0.4	4.45736210064448	-999.9	6.1	2.31481481481481	5.26207355551956	330
MAPLE_PLAINS	2011	2	9	40	-12.9	-2.4	7.94428966021347	-999.9	0.7	5.37037037037036	2.37809351029463	330
MAPLE_PLAINS	2011	2	10	41	-22.3	-7.4	9.59815823530294	-999.9	0.2	1.35416666666667	1.78800379122294	330
MAPLE_PLAINS	2011	2	11	42	-21.2	-7.5	9.33465643116531	-999.9	0.2	2.62731481481481	1.73595377185136	330
MAPLE_PLAINS	2011	2	12	43	-25.2	-2.4	12.2138996037467	-999.9	0	3.71527777777778	2.24414081098691	330
MAPLE_PLAINS	2011	2	13	44	-13.3	-3.7	8.0384765130683	-999.9	1.3	4.42129629629631	2.02614549792726	330
MAPLE_PLAINS	2011	2	14	45	-9.7	0.1	8.23761664504904	-999.9	3.9	5.14492753623189	3.81082231514096	330
MAPLE_PLAINS	2011	2	15	46	-13.6	0.7	10.0926016262106	-999.9	1.2	6.09953703703703	3.37421140532724	330
MAPLE_PLAINS	2011	2	16	47	-14.7	-6.8	7.60831460054873	-999.9	0	3.96990740740742	1.88706800721115	330
MAPLE_PLAINS	2011	2	17	48	-7.9	3.3	9.18785498816065	-999.9	0	3.48379629629631	3.93214263229577	330
MAPLE_PLAINS	2011	2	18	49	-13.4	0.3	10.305837229473	-999.9	16.3	2.68115942028986	4.14630629008932	330
MAPLE_PLAINS	2011	2	19	50	-2	0.2	4.18829487952798	-999.9	3.2	3.58796296296297	5.76028678118408	330
MAPLE_PLAINS	2011	2	20	51	-3.1	0.1	5.12255139080431	-999.9	1.5	5.41666666666667	5.52592091825663	330
MAPLE_PLAINS	2011	2	21	52	-9.1	-4	6.55785670524123	-999.9	3.4	3.09027777777778	3.23363287679057	330
MAPLE_PLAINS	2011	2	22	53	-7.5	-3.4	5.96227495216237	-999.9	0.8	5.49768518518519	3.86263936687569	330
MAPLE_PLAINS	2011	2	23	54	-8.9	-6.9	4.22234580378842	-999.9	0	4.46759259259258	2.8825429404761	330
MAPLE_PLAINS	2011	2	24	55	-15.3	-3.5	10.398528196879	-999.9	0	2.33796296296296	3.01517333165923	330
MAPLE_PLAINS	2011	2	25	56	-4.6	0.9	7.19739872703995	-999.9	12.6	4.03935185185186	5.21665159451619	330
MAPLE_PLAINS	2011	2	26	57	-13.4	-2.9	10.0814156396166	-999.9	0.8	7.02546296296297	2.33444589441484	330
MAPLE_PLAINS	2011	2	27	58	-23.9	-12	10.8792867163873	-999.9	0.2	1.55092592592593	1.25221536554318	330
MAPLE_PLAINS	2011	2	28	59	-24.6	-0.9	15.5620498304541	-999.9	11.5	4.58333333333333	2.04699344025059	330
MAPLE_PLAINS	2011	3	1	60	-8	1.4	9.93313043840261	-999.9	0.2	6.00694444444445	3.47152545530895	330
MAPLE_PLAINS	2011	3	2	61	-17.9	1.4	14.4242322487567	-999.9	0.8	4.29398148148147	3.38457783604288	330
MAPLE_PLAINS	2011	3	3	62	-15	-1.2	12.3596488444681	-999.9	0.4	4.36342592592592	1.96158914295191	330
MAPLE_PLAINS	2011	3	4	63	-17.6	-9.7	9.47527631764639	-999.9	0	2.61574074074074	1.45132149317335	330
MAPLE_PLAINS	2011	3	5	64	-14.5	1.6	13.7044253031086	-999.9	0	4.78009259259258	3.48539240359806	330
MAPLE_PLAINS	2011	3	6	65	1.5	7.7	8.61528704952907	-999.9	2.1	5.69444444444445	7.23797797659942	330
MAPLE_PLAINS	2011	3	7	66	-0.5	8	10.2179691190036	-999.9	4.3	4.28240740740742	8.03901892807695	330
MAPLE_PLAINS	2011	3	8	67	-7.8	-0.8	9.39159504414669	-999.9	0.2	3.32175925925925	3.61221611310487	330
MAPLE_PLAINS	2011	3	9	68	-9.6	-5.4	7.36721026411255	-999.9	0.6	2.24537037037037	2.90886896800764	330
MAPLE_PLAINS	2011	3	10	69	-10.1	-1.1	10.9204253610984	-999.9	0	2.34953703703704	3.5603160151735	330
MAPLE_PLAINS	2011	3	11	70	-1.1	5.3	9.3239290446032	-999.9	0	7.53472222222222	6.63284199223769	330
MAPLE_PLAINS	2011	3	12	71	2.1	8.6	9.51275190643534	-999.9	13.5	6.31944444444445	8.59775728243674	330
MAPLE_PLAINS	2011	3	13	72	-2.9	6.3	11.4559968127414	-999.9	0	4.28240740740742	5.68009337775048	330
MAPLE_PLAINS	2011	3	14	73	-10.2	-2.6	10.5386109716607	-999.9	0.2	6.23842592592592	3.30038198729102	330
MAPLE_PLAINS	2011	3	15	74	-15.6	-1.3	14.6295023710757	-999.9	0	2.15277777777778	2.93517949138569	330
MAPLE_PLAINS	2011	3	16	75	-3.4	3.6	10.3571947127405	-999.9	3.2	3.56481481481481	5.20302936277292	330
MAPLE_PLAINS	2011	3	17	76	0.1	6.2	9.78217841785836	-999.9	0.4	2.41898148148148	6.44270023087858	330
MAPLE_PLAINS	2011	3	18	77	-3.1	6.2	12.218981557588	-999.9	7.2	5.19675925925925	6.1666123022863	330
MAPLE_PLAINS	2011	3	19	78	-7.2	-3.1	8.20640774707113	-999.9	0.2	4.80324074074075	3.59917636180408	330
MAPLE_PLAINS	2011	3	20	79	-11.9	-2.4	12.6338239066869	-999.9	0.2	2.53472222222222	3.08398621492245	330
MAPLE_PLAINS	2011	3	21	80	-14.5	1.9	16.7861280824395	-999.9	0	1.78240740740741	3.16862600925986	330
MAPLE_PLAINS	2011	3	22	81	-2.9	2.1	9.37157310152789	-999.9	0	2.90509259259258	4.08816357774919	330
MAPLE_PLAINS	2011	3	23	82	-4	0.9	9.37923274290713	-999.9	0	2.59259259259259	4.04364871525291	330
MAPLE_PLAINS	2011	3	24	83	-4	-1	7.41846762163067	-999.9	1.4	3.11342592592592	4.07403415152093	330
MAPLE_PLAINS	2011	3	25	84	-3.2	-1.5	5.64422795421076	-999.9	1.6	3.37962962962964	4.47848476880482	330
MAPLE_PLAINS	2011	3	26	85	-6.4	-1.1	10.0713209728293	-999.9	0	5.02314814814814	2.92490682369734	330
MAPLE_PLAINS	2011	3	27	86	-6.9	-2	9.78490505549052	-999.9	0	6.42361111111111	2.75832314848602	330
MAPLE_PLAINS	2011	3	28	87	-6.9	1.8	13.1725455775378	-999.9	0	5.20833333333333	3.42501875540675	330
MAPLE_PLAINS	2011	3	29	88	-3.5	4	12.354735923195	-999.9	0	3.78472222222222	4.46912284331053	330
MAPLE_PLAINS	2011	3	30	89	-4.7	3.8	13.2845281822701	-999.9	0	1.84027777777778	4.59130471037043	330
MAPLE_PLAINS	2011	3	31	90	-6.1	6.8	16.5274677185783	-999.9	0	1.41203703703704	4.65763344477933	330
MAPLE_PLAINS	2011	4	1	91	-1.3	4.2	10.8970376210414	-999.9	8.2	5.10416666666667	4.9973823030627	330
MAPLE_PLAINS	2011	4	2	92	-0.8	2.2	8.12538882994484	-999.9	2.1	5.30092592592592	6.23918899808098	330
MAPLE_PLAINS	2011	4	3	93	-5.5	1.2	12.2579564293823	-999.9	0.2	2.96296296296297	5.00160003829868	330
MAPLE_PLAINS	2011	4	4	94	-9	5.2	18.0120312456485	-999.9	0.4	2.12962962962963	4.39224615994983	330
MAPLE_PLAINS	2011	4	5	95	0.5	11.5	15.9990209727055	-999.9	5.9	6.08796296296297	8.89260245937672	330
MAPLE_PLAINS	2011	4	6	96	-0.8	4.6	11.3113178947335	-999.9	0	4.80324074074075	5.72672357068535	330
MAPLE_PLAINS	2011	4	7	97	-6.1	1.3	13.3595616449421	-999.9	0.2	3.62268518518519	3.64730531427453	330
MAPLE_PLAINS	2011	4	8	98	-8.5	1.5	15.6666876777614	-999.9	0	1.89814814814815	3.94807167565785	330
MAPLE_PLAINS	2011	4	9	99	-8.3	6.5	19.2242663929472	-999.9	0	1.58564814814815	4.28879263016412	330
MAPLE_PLAINS	2011	4	10	100	-5.6	10.2	20.032270937558	-999.9	0	1.72453703703704	5.5784344730331	330
MAPLE_PLAINS	2011	4	11	101	1.7	8.8	13.5411217754949	-999.9	5.9	4.64120370370369	8.03239733678681	330
MAPLE_PLAINS	2011	4	12	102	2	10.9	15.2857070414242	-999.9	2.1	5.72916666666667	7.64051750751657	330
MAPLE_PLAINS	2011	4	13	103	-3.7	10.2	19.2576975766829	-999.9	0	2.70833333333333	4.71756695207956	330
MAPLE_PLAINS	2011	4	14	104	4.1	9.8	12.4303212972891	-999.9	12.3	4.12037037037036	8.4864829764918	330
MAPLE_PLAINS	2011	4	15	105	-7.5	3.2	17.1643151426693	-999.9	0.2	4.34027777777778	3.27206354609263	330
MAPLE_PLAINS	2011	4	16	106	-8.9	4.2	19.138230636292	-999.9	0	2.1875	3.59917879236599	330
MAPLE_PLAINS	2011	4	17	107	-0.7	9.2	16.7632164079501	-999.9	5.6	7.62731481481481	7.01780204898016	330
MAPLE_PLAINS	2011	4	18	108	2.2	7.9	12.8142465419172	-999.9	0.4	4.10879629629631	7.18569140517502	330
MAPLE_PLAINS	2011	4	19	109	-1.2	9.9	18.0125631605585	-999.9	0	3.02083333333333	6.11680050225969	330
MAPLE_PLAINS	2011	4	20	110	-4.5	3	14.912338216517	-999.9	10.1	2.04861111111111	4.81144256987832	330
MAPLE_PLAINS	2011	4	21	111	-0.4	3	10.1111043394471	-999.9	2.5	2.29166666666667	6.29501505132666	330
MAPLE_PLAINS	2011	4	22	112	-0.1	7.4	15.1208760718273	-999.9	0	3.62268518518519	5.0639151917908	330
MAPLE_PLAINS	2011	4	23	113	0.3	12.1	19.094923564264	-999.9	0	4.80324074074075	5.08345885146312	330
MAPLE_PLAINS	2011	4	24	114	-0.7	13.5	21.0860555792733	-999.9	0	4.47916666666667	8.01937415346105	330
MAPLE_PLAINS	2011	4	25	115	-2.7	14.4	23.2898875131034	-999.9	0	1.41203703703704	6.64667040345769	330
MAPLE_PLAINS	2011	4	26	116	3.9	11.1	15.2089036005966	-999.9	0.2	2.69675925925926	8.85501349915457	330
MAPLE_PLAINS	2011	4	27	117	1.9	5.8	11.2634310953604	-999.9	5.5	3.32175925925925	7.35547867845716	330
MAPLE_PLAINS	2011	4	28	118	5.2	16.8	19.5442416693067	-999.9	4.1	5.48611111111111	12.6550844604497	330
MAPLE_PLAINS	2011	4	29	119	10.7	17.5	15.0536099349056	-999.9	0	3.61111111111111	13.5272559002571	330
MAPLE_PLAINS	2011	4	30	120	2.8	10.2	15.7958734674851	-999.9	0.4	5.08101851851853	8.28643785383444	330
MAPLE_PLAINS	2011	5	1	121	1	5.1	11.8251532220875	-999.9	0	5.09259259259258	6.6465901498871	330
MAPLE_PLAINS	2011	5	2	122	0	11.7	20.0881797661287	-999.9	0	4.05092592592592	6.56884850597567	330
MAPLE_PLAINS	2011	5	3	123	4	12	16.7021149157674	-999.9	0	4.00462962962964	9.13393544908688	330
MAPLE_PLAINS	2011	5	4	124	6.4	17.2	19.5102775865993	-999.9	0	5.33564814814814	11.0532538215154	330
MAPLE_PLAINS	2011	5	5	125	10.3	16.3	14.6183661687172	-999.9	5.8	6.12268518518519	13.6460392222076	330
MAPLE_PLAINS	2011	5	6	126	5.8	12.8	15.8705025242306	-999.9	1.7	4.82638888888889	8.64085413280974	330
MAPLE_PLAINS	2011	5	7	127	6.2	15.2	18.0854129679946	-999.9	5.4	4.51388888888889	9.18755896331361	330
MAPLE_PLAINS	2011	5	8	128	4.6	13.8	18.3744325020137	-999.9	0.2	3.32175925925925	10.1459601517686	330
MAPLE_PLAINS	2011	5	9	129	3.7	5.5	8.16613781635	-999.9	9.4	5.96064814814814	8.35325425437668	330
MAPLE_PLAINS	2011	5	10	130	5	6.3	6.97204850169089	-999.9	6.6	7.06018518518519	8.65467724851571	330
MAPLE_PLAINS	2011	5	11	131	5	7	8.6868051906463	-999.9	1.4	7.29166666666667	8.46816465817904	330
MAPLE_PLAINS	2011	5	12	132	3.4	7.7	12.7933419836683	-999.9	2.4	5.86805555555556	8.29598137327359	330
MAPLE_PLAINS	2011	5	13	133	3.5	7.8	12.8480519888207	-999.9	0	3.95833333333333	8.61552116369538	330
MAPLE_PLAINS	2011	5	14	134	3.7	9.6	15.1123205200082	-999.9	1.6	1.86342592592593	9.44697483513852	330
MAPLE_PLAINS	2011	5	15	135	4.3	9.5	14.2448527712185	-999.9	13	3.10185185185186	9.93675520552594	330
MAPLE_PLAINS	2011	5	16	136	3.8	8.8	14.0230252733302	-999.9	27.8	4.20138888888889	7.8156609021901	330
MAPLE_PLAINS	2011	5	17	137	3.4	9.7	15.80072129614	-999.9	6.9	2.37268518518519	9.74768287501206	330
MAPLE_PLAINS	2011	5	18	138	3	14.2	21.1453701954744	-999.9	0	1.58564814814815	10.0594731883203	330
MAPLE_PLAINS	2011	5	19	139	6.1	23	26.0674896481327	-999.9	0	2.1875	14.1547152242578	330
MAPLE_PLAINS	2011	5	20	140	13.3	21.3	17.9970186322302	-999.9	0.9	2.67361111111111	16.5628260711477	330
MAPLE_PLAINS	2011	5	21	141	3.9	15.6	21.8372808418872	-999.9	3.2	4.45601851851853	9.09732054081368	330
MAPLE_PLAINS	2011	5	22	142	0.1	8.9	18.9997355420469	-999.9	0	2.93981481481481	7.45356048514761	330
MAPLE_PLAINS	2011	5	23	143	-0.6	14.1	24.6329374144849	-999.9	0	4.25925925925925	8.04746329780605	330
MAPLE_PLAINS	2011	5	24	144	6.7	15.2	18.7875099122343	-999.9	1.9	5.54398148148147	11.327449420958	330
MAPLE_PLAINS	2011	5	25	145	4.1	14.9	21.2385540472362	-999.9	0	2.70833333333333	10.9520707158288	330
MAPLE_PLAINS	2011	5	26	146	1.9	18.7	26.5627033828879	-999.9	0	2.93981481481481	11.8810885862596	330
MAPLE_PLAINS	2011	5	27	147	6.6	22.4	25.8286768300767	-999.9	0	3.70370370370369	13.9741108768048	330
MAPLE_PLAINS	2011	5	28	148	6.1	11.4	14.9975082828965	-999.9	0	2.07175925925926	10.7891417827358	330
MAPLE_PLAINS	2011	5	29	149	11.7	24	22.9030341992375	-999.9	0.7	3.92361111111111	17.430627924379	330
MAPLE_PLAINS	2011	5	30	150	7.9	23.4	25.7701816690598	-999.9	0	3.91203703703703	14.3159581817801	330
MAPLE_PLAINS	2011	5	31	151	2.9	12.8	20.6410795636769	-999.9	0	3.44907407407408	8.45790717982361	330
MAPLE_PLAINS	2011	6	1	152	3.3	19.1	26.131159511693	-999.9	0.6	5.27777777777778	10.4121851934256	330
MAPLE_PLAINS	2011	6	2	153	13.5	22	19.2046855966845	-999.9	0	4.13194444444444	14.1831057635533	330
MAPLE_PLAINS	2011	6	3	154	6.9	13.1	16.4328760686476	-999.9	8.3	3.42592592592592	10.9924796223249	330
MAPLE_PLAINS	2011	6	4	155	6.9	10	11.6404853458453	-999.9	0.8	2.5	10.4145352968317	330
MAPLE_PLAINS	2011	6	5	156	6.8	12	15.1013939910265	-999.9	0	3.17129629629631	10.4982140685809	330
MAPLE_PLAINS	2011	6	6	157	7.9	16.3	19.2235174410593	-999.9	0	2.37268518518519	12.096993528042	330
MAPLE_PLAINS	2011	6	7	158	8.9	15.1	16.5393989401428	-999.9	0	3.10185185185186	12.163864468074	330
MAPLE_PLAINS	2011	6	8	159	9.4	19.2	20.8219064351091	-999.9	0	2.40740740740741	14.2898786640808	330
MAPLE_PLAINS	2011	6	9	160	13.8	22.3	19.4157193458936	-999.9	4.5	3.70370370370369	16.0254731100683	330
MAPLE_PLAINS	2011	6	10	161	1.2	15.6	25.2996733580609	-999.9	0	4.43287037037036	10.0594859764141	330
MAPLE_PLAINS	2011	6	11	162	-0.2	16.6	27.3546463053799	-999.9	0	2.5462962962963	7.77705455799616	330
MAPLE_PLAINS	2011	6	12	163	1.2	21.6	30.1708509945767	-999.9	0	1.81712962962963	10.2468268272123	330
MAPLE_PLAINS	2011	6	13	164	9.5	13.4	13.2024361348901	-999.9	9.3	2.98611111111111	11.1987459491437	330
MAPLE_PLAINS	2011	6	14	165	9.1	14.4	15.4014759672227	-999.9	0	3.31018518518519	11.448420928154	330
MAPLE_PLAINS	2011	6	15	166	9.5	13.2	12.8760098133212	-999.9	0	4.36342592592592	10.4179602930947	330
MAPLE_PLAINS	2011	6	16	167	5	12.2	17.9703342720249	-999.9	0	3.87731481481481	10.2574105125337	330
MAPLE_PLAINS	2011	6	17	168	3.4	20.9	28.0266949169447	-999.9	0	2.25694444444444	12.7128435209337	330
MAPLE_PLAINS	2011	6	18	169	12.9	20	17.8565893734396	-999.9	9.6	4.20138888888889	16.2076077564158	330
MAPLE_PLAINS	2011	6	19	170	11.3	19	18.5987916636713	-999.9	16	2.91666666666667	14.7440140004011	330
MAPLE_PLAINS	2011	6	20	171	9	12.5	12.5399845172261	-999.9	0.2	3.39181286549708	11.8700915531188	330
MAPLE_PLAINS	2011	6	21	172	8.2	11.6	12.3588952558973	-999.9	0	2.91666666666667	10.5118820851531	330
MAPLE_PLAINS	2011	6	22	173	3.9	13.9	21.1919552975592	-999.9	0.2	3.20601851851853	10.7563911150661	330
MAPLE_PLAINS	2011	6	23	174	2.3	21.7	29.5091271749392	-999.9	0	1.70138888888889	11.4018306246916	330
MAPLE_PLAINS	2011	6	24	175	6.8	18.4	22.8098592149125	-999.9	0	3.28703703703703	11.6263608257775	330
MAPLE_PLAINS	2011	6	25	176	9.1	13.9	14.6658076064698	-999.9	13.9	5.98379629629631	11.6584331411359	330
MAPLE_PLAINS	2011	6	26	177	11.8	18.7	17.5733802138775	-999.9	0	2.75462962962963	15.5445730847397	330
MAPLE_PLAINS	2011	6	27	178	12.7	19.6	17.5612058541278	-999.9	5.1	2.1875	15.9926548560963	330
MAPLE_PLAINS	2011	6	28	179	8.4	25.5	27.62361369356	-999.9	0	1.33101851851852	16.0602712137401	330
MAPLE_PLAINS	2011	6	29	180	14.1	25.1	22.1352804841752	-999.9	0	3.24074074074075	16.9414927332716	330
MAPLE_PLAINS	2011	6	30	181	14.8	23.9	20.1126460832792	-999.9	0.4	2.52314814814815	19.0540228647806	330
MAPLE_PLAINS	2011	7	1	182	12	19	17.6202032351416	-999.9	0	2.1875	16.3151010219045	330
MAPLE_PLAINS	2011	7	2	183	9.9	22.9	23.9828318639566	-999.9	0	1.59722222222222	15.4039415826908	330
MAPLE_PLAINS	2011	7	3	184	14.1	24.2	21.1110503862774	-999.9	0	4.08564814814814	16.5564047437902	330
MAPLE_PLAINS	2011	7	4	185	15	19.8	14.5326084663881	-999.9	2.2	3.55324074074075	18.6534436875784	330
MAPLE_PLAINS	2011	7	5	186	16.3	25.7	20.3055173629657	-999.9	0	2.46527777777778	19.6260365472747	330
MAPLE_PLAINS	2011	7	6	187	12.4	28.5	26.5303861436406	-999.9	0	2.83564814814814	17.4857728305114	330
MAPLE_PLAINS	2011	7	7	188	11.9	26	24.7841454801914	-999.9	0	3.40277777777778	17.3390025239549	330
MAPLE_PLAINS	2011	7	8	189	9.8	24.6	25.344410985591	-999.9	0	1.90972222222222	14.486964823869	330
MAPLE_PLAINS	2011	7	9	190	10.3	18.8	19.1690625988517	-999.9	15.2	2.21064814814815	15.7608777106063	330
MAPLE_PLAINS	2011	7	10	191	13.6	24.1	21.2607786533344	-999.9	0	3.06712962962964	15.2076354764318	330
MAPLE_PLAINS	2011	7	11	192	15.3	25.3	20.7028706682376	-999.9	0.7	3.70370370370369	16.9183560404111	330
MAPLE_PLAINS	2011	7	12	193	15.6	22.1	16.652757411776	-999.9	2.5	3.63425925925925	19.4467265086094	330
MAPLE_PLAINS	2011	7	13	194	12.9	17.9	14.5702211452957	-999.9	0	3.50694444444444	15.4108124641779	330
MAPLE_PLAINS	2011	7	14	195	9.1	15.6	16.570748798007	-999.9	0	3.27546296296297	11.7913775385405	330
MAPLE_PLAINS	2011	7	15	196	12.1	15.6	12.1276409047245	-999.9	0	4.50231481481481	12.4249370768166	330
MAPLE_PLAINS	2011	7	16	197	9.2	20.4	21.6351837673347	-999.9	0	2.44212962962963	13.3537117814049	330
MAPLE_PLAINS	2011	7	17	198	7.8	26.2	27.6517136992885	-999.9	0	2.97453703703703	15.8356960586353	330
MAPLE_PLAINS	2011	7	18	199	16.1	24.4	18.5167989108931	-999.9	2.6	2.10648148148148	19.7123108966579	330
MAPLE_PLAINS	2011	7	19	200	10.8	26.4	25.3078300487766	-999.9	0	1.13425925925926	17.2921561303205	330
MAPLE_PLAINS	2011	7	20	201	9.8	24.5	24.4888787343452	-999.9	4.7	2.83564814814814	14.6511232604388	330
MAPLE_PLAINS	2011	7	21	202	15.4	21.6	15.8516847362902	-999.9	11.5	2.67361111111111	19.5975083501618	330
MAPLE_PLAINS	2011	7	22	203	15	21.2	15.7977901880585	-999.9	1.2	2.29166666666667	18.3495360150476	330
MAPLE_PLAINS	2011	7	23	204	16.1	25.8	19.6905878321374	-999.9	3.5	2.52314814814815	20.0054415365147	330
MAPLE_PLAINS	2011	7	24	205	10.1	20.6	20.4122562927504	-999.9	0.2	2.34953703703704	15.211531984545	330
MAPLE_PLAINS	2011	7	25	206	8.3	24.7	25.4151624292241	-999.9	0	1.58564814814815	14.5497528146691	330
MAPLE_PLAINS	2011	7	26	207	12.8	20.9	17.7925808486201	-999.9	0.6	2.71990740740741	14.3513738908547	330
MAPLE_PLAINS	2011	7	27	208	15.2	19.2	12.4538200975663	-999.9	33.1	2.99768518518519	17.9486704096968	330
MAPLE_PLAINS	2011	7	28	209	11.3	19.9	18.1864719379007	-999.9	0.7	2.70833333333333	16.5416365040272	330
MAPLE_PLAINS	2011	7	29	210	9.4	23.6	23.2712829521026	-999.9	0	2.55787037037037	16.6142128490835	330
MAPLE_PLAINS	2011	7	30	211	15.7	18.5	10.2892133179462	-999.9	14.2	3.34490740740742	17.5294473224033	330
MAPLE_PLAINS	2011	7	31	212	12.1	20.5	17.7426981979217	-999.9	0	1.81712962962963	17.6246882078593	330
MAPLE_PLAINS	2011	8	1	213	12.2	25.3	22.0567837660149	-999.9	0	2.5462962962963	17.6844246604665	330
MAPLE_PLAINS	2011	8	2	214	14.7	21.9	16.2760392500325	-999.9	3	4.67592592592592	17.7222831264559	330
MAPLE_PLAINS	2011	8	3	215	16.3	18.9	9.73406624454473	-999.9	1.9	3.98148148148147	17.452471010033	330
MAPLE_PLAINS	2011	8	4	216	14.2	20.8	15.4331189919934	-999.9	0.3	3.31018518518519	15.9779407100513	330
MAPLE_PLAINS	2011	8	5	217	8.5	19.6	19.9143472409591	-999.9	0.2	2.7662037037037	14.1522045498862	330
MAPLE_PLAINS	2011	8	6	218	6.8	22.3	23.4121761114571	-999.9	0	1.52777777777778	14.4988528825875	330
MAPLE_PLAINS	2011	8	7	219	16.1	24.3	16.9395731752461	-999.9	3.2	2.4537037037037	19.8944143476188	330
MAPLE_PLAINS	2011	8	8	220	17.1	18.4	6.7086452919567	-999.9	38.3	3.03240740740742	19.5687745152703	330
MAPLE_PLAINS	2011	8	9	221	14.7	17.7	10.1353596569084	-999.9	0.7	3.40277777777778	17.0044005380228	330
MAPLE_PLAINS	2011	8	10	222	14.8	18.4	11.0406003402437	-999.9	3.6	3.10185185185186	16.4594106647438	330
MAPLE_PLAINS	2011	8	11	223	13.9	18.7	12.6757080482111	-999.9	0.2	2.53472222222222	16.7702480492151	330
MAPLE_PLAINS	2011	8	12	224	14.6	22.7	16.3700990428116	-999.9	0	2.17592592592593	17.0055963731814	330
MAPLE_PLAINS	2011	8	13	225	13.6	22	16.5711403630651	-999.9	0	1.8287037037037	17.9121343152391	330
MAPLE_PLAINS	2011	8	14	226	14.9	25.6	18.5889608560668	-999.9	0.8	2.17592592592593	17.7517956774258	330
MAPLE_PLAINS	2011	8	15	227	14.8	23.4	16.5618629323486	-999.9	0	1.85185185185185	18.7748479577219	330
MAPLE_PLAINS	2011	8	16	228	15.4	18.8	10.3476604957465	-999.9	21.8	3.03240740740742	17.5220681502058	330
MAPLE_PLAINS	2011	8	17	229	13.4	22.3	16.6335993454873	-999.9	0	2.25694444444444	17.0332831471888	330
MAPLE_PLAINS	2011	8	18	230	10.7	24.1	20.2757849129941	-999.9	0	2.85879629629631	16.355599213205	330
MAPLE_PLAINS	2011	8	19	231	16.3	25.4	16.5968357627531	-999.9	0	3.15972222222222	20.7166906088368	330
MAPLE_PLAINS	2011	8	20	232	18.5	25.2	14.1438084892435	-999.9	0	2.93981481481481	21.8168470157741	330
MAPLE_PLAINS	2011	8	21	233	18.3	25.7	14.7609394562111	-999.9	0	2.69675925925926	20.877886302643	330
MAPLE_PLAINS	2011	8	22	234	18.3	23.6	12.4036591987283	-999.9	7.8	5	20.8182503458673	330
MAPLE_PLAINS	2011	8	23	235	10.5	20.5	16.9149218650976	-999.9	0	2.28009259259259	14.7202370406322	330
MAPLE_PLAINS	2011	8	24	236	7.5	22.4	20.4958235307346	-999.9	0	2.82407407407408	13.1228591393545	330
MAPLE_PLAINS	2011	8	25	237	15.9	24.2	15.182995221361	-999.9	0	4.39814814814814	17.4920733822651	330
MAPLE_PLAINS	2011	8	26	238	14.4	24.9	16.9473950934204	-999.9	6.2	3.26388888888889	20.5249873663793	330
MAPLE_PLAINS	2011	8	27	239	11.6	25	18.9973984496618	-999.9	0	2.22222222222222	17.7185148560063	330
MAPLE_PLAINS	2011	8	28	240	16.5	22.8	12.9237570046584	-999.9	14.3	3.03240740740742	21.5949982357808	330
MAPLE_PLAINS	2011	8	29	241	15.6	23.1	13.9884338334584	-999.9	0	6.71296296296297	17.4880332868376	330
MAPLE_PLAINS	2011	8	30	242	8.9	22.8	18.8889939602417	-999.9	0	1.63194444444444	14.8887963552318	330
MAPLE_PLAINS	2011	8	31	243	8.3	21.7	18.3933001512084	-999.9	0	1.88131313131313	14.3653768770362	330
MAPLE_PLAINS	2011	9	1	244	7	20.4	18.2393021433276	-999.9	0	1.07638888888889	13.8465305119267	330
MAPLE_PLAINS	2011	9	2	245	8.5	20.7	17.2554742598006	-999.9	0	1.72453703703704	14.6346891183237	330
MAPLE_PLAINS	2011	9	3	246	10	21.7	16.7522668260157	-999.9	0	2.70833333333333	15.5805316740024	330
MAPLE_PLAINS	2011	9	4	247	13.3	24.9	16.5342964598296	-999.9	0	1.97916666666667	18.1038406743187	330
MAPLE_PLAINS	2011	9	5	248	18.1	25.2	12.8204807188298	-999.9	0	4.13194444444444	19.8703484757411	330
MAPLE_PLAINS	2011	9	6	249	11.9	20.3	13.8189634410957	-999.9	0.3	3.98148148148147	16.1845618483799	330
MAPLE_PLAINS	2011	9	7	250	3.9	15.6	16.1596402504682	-999.9	0	0.914351851851853	11.4391871832638	330
MAPLE_PLAINS	2011	9	8	251	13	18.3	10.775113453817	-999.9	2.8	1.875	15.2095711351817	330
MAPLE_PLAINS	2011	9	9	252	10.6	20.5	14.5877699603525	-999.9	0	2.08333333333333	15.0962048696838	330
MAPLE_PLAINS	2011	9	10	253	4.5	15.5	15.2299088420504	-999.9	0.9	2.58101851851852	11.1071192692087	330
MAPLE_PLAINS	2011	9	11	254	1	18	18.7498322549031	-999.9	0	2.85879629629631	9.99351948702426	330
MAPLE_PLAINS	2011	9	12	255	12.2	21.8	13.9515640142623	-999.9	0	3.31018518518519	14.8475779926238	330
MAPLE_PLAINS	2011	9	13	256	9.1	23.6	16.9757169876118	-999.9	0	2.66203703703704	16.6793643771663	330
MAPLE_PLAINS	2011	9	14	257	16.6	21.9	10.1597150579196	-999.9	0	3.33333333333333	19.0190325541021	330
MAPLE_PLAINS	2011	9	15	258	17.4	24.2	11.3904347036221	-999.9	0.5	2.98611111111111	20.1511895631813	330
MAPLE_PLAINS	2011	9	16	259	9.3	18	12.7506019796249	-999.9	2.7	5.27777777777778	10.9390354350763	330
MAPLE_PLAINS	2011	9	17	260	3.6	15.5	14.7561464100135	-999.9	0	3.88888888888889	8.76624185398605	330
MAPLE_PLAINS	2011	9	18	261	1	18.1	17.5012628610422	-999.9	0	1.00694444444444	8.99191475325011	330
MAPLE_PLAINS	2011	9	19	262	3	14.7	14.3212146658013	-999.9	0	1.52777777777778	10.4446527496697	330
MAPLE_PLAINS	2011	9	20	263	7	17.8	13.6100101762551	-999.9	0	1.88657407407407	11.8822687325708	330
MAPLE_PLAINS	2011	9	21	264	9	21.3	14.364919440702	-999.9	0	2.98611111111111	14.0343449753666	330
MAPLE_PLAINS	2011	9	22	265	5.1	20.4	15.8432851821392	-999.9	0	2.1875	14.2213483437682	330
MAPLE_PLAINS	2011	9	23	266	14.8	22.6	11.1851282815697	-999.9	0	1.71296296296296	19.3514189324717	330
MAPLE_PLAINS	2011	9	24	267	15	17.7	6.50602060940331	-999.9	0	1.35416666666667	17.9171375653299	330
MAPLE_PLAINS	2011	9	25	268	15.6	25	12.0000658903585	-999.9	0	2.87037037037036	18.2611426137219	330
MAPLE_PLAINS	2011	9	26	269	12.6	23	12.4758275418161	-999.9	0	1.73611111111111	15.2816726223919	330
MAPLE_PLAINS	2011	9	27	270	-0.3	14.6	14.7579580827234	-999.9	0	2.5	9.23761532532776	330
MAPLE_PLAINS	2011	9	28	271	-1.6	15.2	15.4851831860723	-999.9	0	1.62037037037037	8.38895691577302	330
MAPLE_PLAINS	2011	9	29	272	10.5	19.2	11.0102895789857	-999.9	1.8	3.53009259259258	13.2467230020159	330
MAPLE_PLAINS	2011	9	30	273	14.5	20.8	9.25627840663246	-999.9	0	4.64120370370369	17.1610481083927	330
MAPLE_PLAINS	2011	10	1	274	11.9	16.9	8.14570333665662	-999.9	20.7	2.68518518518519	15.3303398622288	330
MAPLE_PLAINS	2011	10	2	275	12	14	5.0884715680633	-999.9	10.5	3.98148148148147	14.3252548877076	330
MAPLE_PLAINS	2011	10	3	276	11.7	13.6	4.89812850122747	-999.9	2.3	2.75462962962963	14.2465008852716	330
MAPLE_PLAINS	2011	10	4	277	10.7	13.9	6.27715182690075	-999.9	18.4	2.68518518518519	12.4318854371659	330
MAPLE_PLAINS	2011	10	5	278	2.5	11.1	10.160742599911	-999.9	37.8	8.34490740740742	9.59630619784217	330
MAPLE_PLAINS	2011	10	6	279	1.5	4.2	5.62085160593739	-999.9	0.6	5.18518518518519	6.48419994251768	330
MAPLE_PLAINS	2011	10	7	280	-1.5	6.2	9.3705749202628	-999.9	0	2.48842592592593	5.89821680083206	330
MAPLE_PLAINS	2011	10	8	281	6.3	20.8	12.692974091963	-999.9	0	3.32175925925925	10.6637885317489	330
MAPLE_PLAINS	2011	10	9	282	14.3	25.2	10.8620142278902	-999.9	0	3.37962962962964	14.9846652362102	330
MAPLE_PLAINS	2011	10	10	283	6.4	19.4	11.7070406919491	-999.9	0	3.61111111111111	10.8799307533282	330
MAPLE_PLAINS	2011	10	11	284	-0.7	10.2	10.5786223911445	-999.9	0	2.17592592592593	7.73367613696609	330
MAPLE_PLAINS	2011	10	12	285	-2	12.6	12.0808179225915	-999.9	0	1.27314814814815	7.85493512537416	330
MAPLE_PLAINS	2011	10	13	286	7.7	14.3	8.01421855539572	-999.9	0	2.63888888888889	11.8101910582737	330
MAPLE_PLAINS	2011	10	14	287	12.8	17.1	6.38204278412695	-999.9	8.5	4.89583333333333	16.0771663634234	330
MAPLE_PLAINS	2011	10	15	288	11.2	19	8.47964773043244	-999.9	0.6	5.21990740740742	14.7545968255126	330
MAPLE_PLAINS	2011	10	16	289	9.5	15.4	7.27498617166249	-999.9	0.5	4.39814814814814	11.0500077438686	330
MAPLE_PLAINS	2011	10	17	290	7.1	14.8	8.19784641454825	-999.9	2.9	3.22916666666667	10.837553681139	330
MAPLE_PLAINS	2011	10	18	291	9.3	14.1	6.38407415763944	-999.9	0.5	2.30324074074074	10.795259148845	330
MAPLE_PLAINS	2011	10	19	292	5.1	12.9	8.02646423772451	-999.9	1.9	1.875	10.126023975069	330
MAPLE_PLAINS	2011	10	20	293	9.1	16.9	7.91594840574392	-999.9	26.1	3.95833333333333	12.8435076644078	330
MAPLE_PLAINS	2011	10	21	294	10.2	16	6.73177614172694	-999.9	0	4.53703703703703	12.0083111942292	330
MAPLE_PLAINS	2011	10	22	295	7.2	14.6	7.49851559392444	-999.9	0	1.875	10.6439245356194	330
MAPLE_PLAINS	2011	10	23	296	2	12.8	8.93308279456416	-999.9	0	1.71296296296296	9.88729111637714	330
MAPLE_PLAINS	2011	10	24	297	1.1	13.1	9.28536614967944	-999.9	0	1.48148148148148	9.1177596426013	330
MAPLE_PLAINS	2011	10	25	298	7.1	11.7	5.66888775852152	-999.9	4.6	1.30787037037037	10.4018382615205	330
MAPLE_PLAINS	2011	10	26	299	4.9	8.4	4.87593507086245	-999.9	0.2	5.01157407407408	8.07824047766517	330
MAPLE_PLAINS	2011	10	27	300	2	6.6	5.51194775156879	-999.9	0	2.51157407407408	6.25257144152473	330
MAPLE_PLAINS	2011	10	28	301	2.5	5.5	4.3892411727875	-999.9	0	3.76157407407408	5.54558449001274	330
MAPLE_PLAINS	2011	10	29	302	-0.6	6.3	6.56386262431225	-999.9	0	2.21014492753623	5.67647797607748	330
MAPLE_PLAINS	2011	10	30	303	1.3	4	4.04883099007181	-999.9	43.7	7.01388888888889	6.75159529488549	330
MAPLE_PLAINS	2011	10	31	304	-3.9	4.3	6.9578900446706	-999.9	0	3.03030303030303	5.43547603230145	330
MAPLE_PLAINS	2011	11	1	305	-3.7	9.2	8.60600978534812	-999.9	0	1.41203703703704	5.87863077134055	330
MAPLE_PLAINS	2011	11	2	306	-3.6	10.3	8.80983435167485	-999.9	0	1.9212962962963	6.56726736588151	330
MAPLE_PLAINS	2011	11	3	307	2.2	11.2	6.99126267466878	-999.9	0	3.125	8.26509337708977	330
MAPLE_PLAINS	2011	11	4	308	0.6	9	6.66150620906571	-999.9	2.1	3.53009259259258	7.19244166248614	330
MAPLE_PLAINS	2011	11	5	309	-5.4	2.2	6.2498022073329	-999.9	0.4	3.72685185185186	4.70928828558514	330
MAPLE_PLAINS	2011	11	6	310	-6.1	9.4	8.80408465765563	-999.9	0	3.40277777777778	5.15591329020455	330
MAPLE_PLAINS	2011	11	7	311	-2.9	9	7.61004055676447	-999.9	0	1.99494949494949	6.64166513826411	330
MAPLE_PLAINS	2011	11	8	312	-1.1	13	8.17256837360107	-999.9	0	2.90509259259258	7.75201873045817	330
MAPLE_PLAINS	2011	11	9	313	-2.4	9.5	7.40802811114683	-999.9	0	0.949074074074075	6.9626507820913	330
MAPLE_PLAINS	2011	11	10	314	5.5	15	6.53160660431156	-999.9	0	4.09722222222222	9.2624351183553	330
MAPLE_PLAINS	2011	11	11	315	4.7	15.8	6.96790356439539	-999.9	55.7	6.875	14.2814639392456	330
MAPLE_PLAINS	2011	11	12	316	1.8	4.9	3.63464294092737	-999.9	0	6.70138888888889	5.52020483651617	330
MAPLE_PLAINS	2011	11	13	317	3.7	10	5.11509673179555	-999.9	0	2.70833333333333	7.31872722681164	330
MAPLE_PLAINS	2011	11	14	318	7.6	13.5	4.88741589325301	-999.9	0	4.27083333333333	10.9170323698846	330
MAPLE_PLAINS	2011	11	15	319	8.8	12.1	3.60953888556439	-999.9	1.7	3.33333333333333	11.6627406233435	330
MAPLE_PLAINS	2011	11	16	320	-0.3	11.4	6.71283023162367	-999.9	8.7	3.15972222222222	8.12966490821633	330
MAPLE_PLAINS	2011	11	17	321	1.2	10.2	5.81611919614525	-999.9	5.5	2.84722222222222	9.02613554877014	330
MAPLE_PLAINS	2011	11	18	322	-0.9	0.7	2.42302303140622	-999.9	3.1	4.24768518518519	4.94606340992012	330
MAPLE_PLAINS	2011	11	19	323	-0.8	7.5	5.45397575770624	-999.9	0	3.86574074074075	5.87267290239572	330
MAPLE_PLAINS	2011	11	20	324	5.4	12.5	4.98627203569406	-999.9	0	4.81481481481481	8.88901633779047	330
MAPLE_PLAINS	2011	11	21	325	-4.9	4.5	5.67262849623495	-999.9	0.2	2.55787037037037	4.0649578435282	330
MAPLE_PLAINS	2011	11	22	326	-7.2	-2	4.17255103305622	-999.9	0	1.73611111111111	3.25801702803948	330
MAPLE_PLAINS	2011	11	23	327	-9.1	-0.5	5.30810732230498	-999.9	8.9	1.79398148148148	4.33936016558684	330
MAPLE_PLAINS	2011	11	24	328	-5.6	0.1	4.27596609391155	-999.9	0	3.59953703703703	4.88245038382069	330
MAPLE_PLAINS	2011	11	25	329	-6.3	4.6	5.85244360968711	-999.9	0	2.70833333333333	5.87815174924232	330
MAPLE_PLAINS	2011	11	26	330	-0.3	7.4	4.86992451159266	-999.9	0	3.31018518518519	6.96698816174397	330
MAPLE_PLAINS	2011	11	27	331	-1.1	2.5	3.2977032449761	-999.9	0	2.48842592592593	5.34132274696682	330
MAPLE_PLAINS	2011	11	28	332	2.6	11.5	5.13658126143934	-999.9	1.6	5.45138888888889	8.90984516072248	330
MAPLE_PLAINS	2011	11	29	333	-2	6.9	5.09017982670995	-999.9	0	2.47685185185185	6.61177650078998	330
MAPLE_PLAINS	2011	11	30	334	6	15.4	5.18568096306144	-999.9	7.3	5.23148148148147	12.093858975682	330
MAPLE_PLAINS	2011	12	1	335	1.7	8.3	4.30890510391967	-999.9	1	2.89351851851853	7.57883124830538	330
MAPLE_PLAINS	2011	12	2	336	-1.3	1.8	2.92942721200798	-999.9	0	1.12268518518519	5.28263832577093	330
MAPLE_PLAINS	2011	12	3	337	-1.6	1.4	2.85974653685621	-999.9	0	1.50462962962963	5.46244343644847	330
MAPLE_PLAINS	2011	12	4	338	-1.2	5.5	4.24259643227654	-999.9	0	3.32175925925925	6.34458239439973	330
MAPLE_PLAINS	2011	12	5	339	4.8	10.8	3.98716095299535	-999.9	0	3.17129629629631	9.12780420351795	330
MAPLE_PLAINS	2011	12	6	340	3.7	10.3	4.15455247278785	-999.9	6.8	2.66203703703704	9.66091482141154	330
MAPLE_PLAINS	2011	12	7	341	3.1	4	1.52479591825187	-999.9	5.3	2.56944444444444	7.7686093091477	330
MAPLE_PLAINS	2011	12	8	342	-1	13.7	6.12724026466984	-999.9	17.6	6.71296296296297	7.43013189157463	330
MAPLE_PLAINS	2011	12	9	343	-1.8	4.2	3.89384433446452	-999.9	0	3.63425925925925	4.68831655938669	330
MAPLE_PLAINS	2011	12	10	344	-2.3	4.8	4.21514901257314	-999.9	10.2	2.84722222222222	6.5478040035282	330
MAPLE_PLAINS	2011	12	11	345	-7.4	-3.1	3.26577141742062	-999.9	0	3.53009259259258	2.7300108071742	330
MAPLE_PLAINS	2011	12	12	346	-5.3	4.1	4.80920147087467	-999.9	0	3.39120370370369	4.57421394690281	330
MAPLE_PLAINS	2011	12	13	347	-5.9	3.1	4.68899671195603	-999.9	0	0.983796296296297	5.37793770334704	330
MAPLE_PLAINS	2011	12	14	348	-2.7	0.7	2.87304284181019	-999.9	0	3.07870370370369	4.25591464218813	330
MAPLE_PLAINS	2011	12	15	349	-2.8	4.2	4.11142069603673	-999.9	11.1	3.96990740740742	5.02435116392763	330
MAPLE_PLAINS	2011	12	16	350	0.4	8.2	4.33040399869087	-999.9	4.2	5.01157407407408	8.24027274381811	330
MAPLE_PLAINS	2011	12	17	351	-8	-0.4	4.26702801565859	-999.9	0	2.62731481481481	3.15984228330485	330
MAPLE_PLAINS	2011	12	18	352	-7.7	-3.6	3.13003150193875	-999.9	0	3.41435185185186	3.07318667161454	330
MAPLE_PLAINS	2011	12	19	353	-11.1	-0.4	5.05228796929121	-999.9	0.8	2.97453703703703	3.11999785561758	330
MAPLE_PLAINS	2011	12	20	354	-9.7	0.3	4.88244706576605	-999.9	0	4.56018518518519	3.24221524057499	330
MAPLE_PLAINS	2011	12	21	355	-12.8	2.7	6.07920673743849	-999.9	15.3	3.58796296296297	3.60476947603463	330
MAPLE_PLAINS	2011	12	22	356	-0.6	5	3.65612276098248	-999.9	1.6	3.00925925925925	6.80252422693009	330
MAPLE_PLAINS	2011	12	23	357	-3.4	-0.3	2.72304718423536	-999.9	4.5	0.601851851851853	5.48965517395104	330
MAPLE_PLAINS	2011	12	24	358	-11.3	-4.3	4.09800220277913	-999.9	0.8	1.97916666666667	2.76505061915923	330
MAPLE_PLAINS	2011	12	25	359	-11.1	-6.2	3.43534585697399	-999.9	0	2.47685185185185	2.38998185239937	330
MAPLE_PLAINS	2011	12	26	360	-5.6	-0.2	3.61507925721853	-999.9	1.3	3.13657407407408	4.68667814426417	330
MAPLE_PLAINS	2011	12	27	361	-6.2	2.2	4.52175398248579	-999.9	0	3.61111111111111	4.93673922372897	330
MAPLE_PLAINS	2011	12	28	362	2.3	8	3.73720724678515	-999.9	7.6	6.57407407407408	8.09850445216638	330
MAPLE_PLAINS	2011	12	29	363	-8.3	4.2	5.55522157330005	-999.9	0	8.39120370370369	2.91063926118255	330
MAPLE_PLAINS	2011	12	30	364	-11.6	-6.1	3.70046482844954	-999.9	0	4.73379629629631	2.31079966430425	330
MAPLE_PLAINS	2011	12	31	365	-12.1	5	6.55527636532476	-999.9	21.5	3.62268518518519	4.85837046482498	330
