MAPLE_PLAINS	2009	1	1	1	-9.2	-4.6	3.41724899941056	-999.9	7	8.59953703703703	3.56030918677973	330
MAPLE_PLAINS	2009	1	2	2	-11.2	-7.4	3.12304372920912	-999.9	0	5.42824074074075	2.23537390746992	330
MAPLE_PLAINS	2009	1	3	3	-19.3	-8.2	5.3692910943292	-999.9	0	3.17129629629631	1.87493503977555	330
MAPLE_PLAINS	2009	1	4	4	-11	-1.5	4.99877650178783	-999.9	0	5.63657407407408	3.44508052450844	330
MAPLE_PLAINS	2009	1	5	5	-6.7	-0.6	4.03261708405801	-999.9	0.2	4.86111111111111	3.73766643681032	330
MAPLE_PLAINS	2009	1	6	6	-8.5	-5	3.07642394425009	-999.9	0.2	7.26851851851853	2.29914543803333	330
MAPLE_PLAINS	2009	1	7	7	-11.8	-5.4	4.19139177281679	-999.9	3.6	3.78472222222222	2.16389805244933	330
MAPLE_PLAINS	2009	1	8	8	-5.1	5.2	5.35926118760588	-999.9	2	5.98379629629631	5.03259981012261	330
MAPLE_PLAINS	2009	1	9	9	-10.6	-5.1	3.94860234708984	-999.9	0	3.70370370370369	3.04528281615313	330
MAPLE_PLAINS	2009	1	10	10	-12.5	-5.8	4.39570500585537	-999.9	0	4.25925925925925	2.45443883661473	330
MAPLE_PLAINS	2009	1	11	11	-20.6	-9.8	5.63094073840443	-999.9	0.2	1.63194444444444	1.8713000353985	330
MAPLE_PLAINS	2009	1	12	12	-20.3	-9.3	5.73571589480183	-999.9	0	1.71296296296296	2.1837356869301	330
MAPLE_PLAINS	2009	1	13	13	-20.1	-2.2	7.3871956479511	-999.9	0	2.88194444444444	2.46556099545994	330
MAPLE_PLAINS	2009	1	14	14	-15.3	1.3	7.18461915699989	-999.9	1.3	6.20370370370369	3.69655679439432	330
MAPLE_PLAINS	2009	1	15	15	-24.9	-15.5	5.4618560803215	-999.9	0.2	3.34490740740742	0.847294908857971	330
MAPLE_PLAINS	2009	1	16	16	-30	-18.4	6.13136327973461	-999.9	0	2.47685185185185	0.663807712206602	330
MAPLE_PLAINS	2009	1	17	17	-24.7	-19.6	4.10946280381024	-999.9	0	3.62268518518519	0.67482413500122	330
MAPLE_PLAINS	2009	1	18	18	-28.9	-7.8	8.45139363477153	-999.9	3.3	3.19444444444444	1.0668245300171	330
MAPLE_PLAINS	2009	1	19	19	-7.4	5.1	6.57869105543206	-999.9	3.7	6.43518518518519	5.43964291858183	330
MAPLE_PLAINS	2009	1	20	20	-13.4	-3.8	5.83207021385069	-999.9	0.2	1.95601851851852	3.26418837410812	330
MAPLE_PLAINS	2009	1	21	21	-19.4	-8.4	6.31664377599484	-999.9	0	1.13425925925926	1.86358200425023	330
MAPLE_PLAINS	2009	1	22	22	-12.3	-4	5.55299528725106	-999.9	0	4.35185185185186	2.66982478567626	330
MAPLE_PLAINS	2009	1	23	23	-16.2	-7.1	5.88569180606273	-999.9	0.5	3.98148148148147	1.39346423291123	330
MAPLE_PLAINS	2009	1	24	24	-15.9	1.1	8.14470330153358	-999.9	1.6	6.37731481481481	2.99473233112266	330
MAPLE_PLAINS	2009	1	25	25	-20.1	-12.5	5.5145760424127	-999.9	0.2	4.60648148148147	1.07811728623799	330
MAPLE_PLAINS	2009	1	26	26	-24	-19.1	4.4847021090852	-999.9	0	3.07870370370369	0.697966106897657	330
MAPLE_PLAINS	2009	1	27	27	-25.7	-14	7.01987914550307	-999.9	0	2.01388888888889	0.997560435275482	330
MAPLE_PLAINS	2009	1	28	28	-22.7	-7.4	8.1329809558664	-999.9	7.4	2.80092592592592	1.55398208401294	330
MAPLE_PLAINS	2009	1	29	29	-8.2	3.5	7.20652404304138	-999.9	4.9	7.82407407407408	3.85258757491766	330
MAPLE_PLAINS	2009	1	30	30	-17	-4.7	7.48809389239981	-999.9	0	1.73611111111111	2.28954415222955	330
MAPLE_PLAINS	2009	1	31	31	-10.1	-0.7	6.63469415496602	-999.9	1.9	3.24074074074075	3.62685856359944	330
MAPLE_PLAINS	2009	2	1	32	-10.5	-4.9	5.19083544064433	-999.9	0	3.80787037037036	2.97680096306154	330
MAPLE_PLAINS	2009	2	2	33	-7.7	3.5	7.44187200754939	-999.9	0	2.38425925925926	4.7794655111352	330
MAPLE_PLAINS	2009	2	3	34	-7.7	1.4	6.80085065136367	-999.9	4.7	4.88425925925925	3.80925140969948	330
MAPLE_PLAINS	2009	2	4	35	-13.2	-6.7	5.82778923786754	-999.9	0.4	3.63425925925925	2.81914172347349	330
MAPLE_PLAINS	2009	2	5	36	-15.1	-10.4	5.02495182863855	-999.9	0	2.75462962962963	1.97775416700281	330
MAPLE_PLAINS	2009	2	6	37	-20.6	-8.8	8.07396802859038	-999.9	0	2.84722222222222	1.67070145959096	330
MAPLE_PLAINS	2009	2	7	38	-13.9	-1.3	8.46092236326287	-999.9	0	3.92361111111111	2.63827615337405	330
MAPLE_PLAINS	2009	2	8	39	-5.5	3.6	7.29220977877363	-999.9	1.4	4.54861111111111	5.68635279725159	330
MAPLE_PLAINS	2009	2	9	40	-12.3	-7.7	5.25822707532567	-999.9	0	5.83333333333333	1.81187918604688	330
MAPLE_PLAINS	2009	2	10	41	-15.2	-7.8	6.76410952473729	-999.9	0	3.53009259259258	1.62462425976195	330
MAPLE_PLAINS	2009	2	11	42	-8.6	0.6	7.64948096292099	-999.9	0.7	2.85879629629631	3.57710750161083	330
MAPLE_PLAINS	2009	2	12	43	-0.3	1.6	3.52584911203912	-999.9	17.3	3.59953703703703	6.12066713279151	330
MAPLE_PLAINS	2009	2	13	44	-12.4	-0.2	9.06187455740646	-999.9	0.4	7.12962962962964	2.64955474398039	330
MAPLE_PLAINS	2009	2	14	45	-19.6	-7.3	9.22871204164606	-999.9	0.6	2.55787037037037	2.07898987303794	330
MAPLE_PLAINS	2009	2	15	46	-20.7	-0.5	11.9952912475532	-999.9	0.2	5.20833333333333	3.95241853799141	330
MAPLE_PLAINS	2009	2	16	47	-8.6	0.4	8.12075056975901	-999.9	0	1.58564814814815	3.93224701249551	330
MAPLE_PLAINS	2009	2	17	48	-11.4	-2.3	8.2818205678352	-999.9	0	1.46990740740741	3.12320841305462	330
MAPLE_PLAINS	2009	2	18	49	-17.9	-4.4	10.2303355736404	-999.9	0	2.56944444444444	2.33936771572886	330
MAPLE_PLAINS	2009	2	19	50	-19.1	-1.1	11.9801474410764	-999.9	2.9	5.20833333333333	2.69155230790522	330
MAPLE_PLAINS	2009	2	20	51	-4.6	2	7.35670434364647	-999.9	0.6	4.89583333333333	5.09076846899128	330
MAPLE_PLAINS	2009	2	21	52	-8.6	-1.5	7.73759526435054	-999.9	0	5.55555555555556	3.14561170382907	330
MAPLE_PLAINS	2009	2	22	53	-8.5	-1.1	8.01006298928298	-999.9	0	3.57638888888889	2.98083956141499	330
MAPLE_PLAINS	2009	2	23	54	-5.5	1.5	7.89928568312944	-999.9	4.2	6.41203703703703	4.99938502931463	330
MAPLE_PLAINS	2009	2	24	55	-7	-4.1	5.15501423757863	-999.9	0.2	5.04629629629631	3.34263843911034	330
MAPLE_PLAINS	2009	2	25	56	-13.6	-1.9	10.4975305901493	-999.9	0	2.17592592592593	2.60605444022329	330
MAPLE_PLAINS	2009	2	26	57	-17.5	1.4	13.5256384077674	-999.9	0.2	2.33796296296296	3.24875357003982	330
MAPLE_PLAINS	2009	2	27	58	-0.5	6.3	8.22396774095121	-999.9	0	4.83796296296297	5.72735673875659	330
MAPLE_PLAINS	2009	2	28	59	-8.8	6	12.2976884468153	-999.9	7.3	5.54398148148147	5.45726236445057	330
MAPLE_PLAINS	2009	3	1	60	-10.4	-6.8	6.14714506561702	-999.9	1.1	3.77314814814814	2.59887680934357	330
MAPLE_PLAINS	2009	3	2	61	-7.1	-0.4	8.49867953465607	-999.9	15.4	2.1412037037037	4.72217034686052	330
MAPLE_PLAINS	2009	3	3	62	-6.5	-0.1	8.41698543739062	-999.9	0.8	0	4.45245235473348	330
MAPLE_PLAINS	2009	3	4	63	-13.5	-7.2	8.46152443220867	-999.9	0	4.83	2.38990790694267	330
MAPLE_PLAINS	2009	3	5	64	-15.5	-5.6	10.7464615051531	-999.9	0.2	6.78	2.15940002433878	330
MAPLE_PLAINS	2009	3	6	65	-19.6	1.1	15.7419699887097	-999.9	22.6	5.24	2.78774000240162	330
MAPLE_PLAINS	2009	3	7	66	-0.7	4.8	8.21933095204093	-999.9	0.3	3.44444444444444	5.90256902634653	330
MAPLE_PLAINS	2009	3	8	67	-1	1.6	5.72370196676474	-999.9	3.8	1.15740740740741	5.54393677175163	330
MAPLE_PLAINS	2009	3	9	68	-12.9	0.6	13.208250717974	-999.9	0.2	4.18981481481481	3.4853361973229	330
MAPLE_PLAINS	2009	3	10	69	-14.9	-0.8	13.6687202926537	-999.9	0	1.37731481481481	2.83134899614715	330
MAPLE_PLAINS	2009	3	11	70	-7.3	2.4	11.4787564142917	-999.9	0.5	4.94212962962964	4.06187411122328	330
MAPLE_PLAINS	2009	3	12	71	-10.1	3.6	13.8105118772033	-999.9	0.2	6.99074074074075	2.694630591192	330
MAPLE_PLAINS	2009	3	13	72	-15.3	-7.6	10.480556246109	-999.9	0	4.78009259259258	1.18479859955559	330
MAPLE_PLAINS	2009	3	14	73	-11.6	2.4	14.3034431674045	-999.9	0	3.95833333333333	3.13546577206203	330
MAPLE_PLAINS	2009	3	15	74	-7.8	-1.2	9.93878973343977	-999.9	0	2.83564814814814	3.03617150553226	330
MAPLE_PLAINS	2009	3	16	75	-17.4	-2.1	15.312243837902	-999.9	0	1.98067632850242	2.15581960420651	330
MAPLE_PLAINS	2009	3	17	76	-17.8	-0.3	16.5687477661283	-999.9	0	1.53935185185185	2.46259162451513	330
MAPLE_PLAINS	2009	3	18	77	-5.7	5.8	13.5875906719779	-999.9	0	3.96990740740742	4.34114367140618	330
MAPLE_PLAINS	2009	3	19	78	-2.7	5.7	11.7462923692084	-999.9	0.2	4.6875	5.97656319732156	330
MAPLE_PLAINS	2009	3	20	79	-11.9	-3.7	11.7376172303654	-999.9	0	2.58101851851852	2.70917837900084	330
MAPLE_PLAINS	2009	3	21	80	-15.6	-2.3	15.1166107086584	-999.9	0	1.6087962962963	2.52690190522626	330
MAPLE_PLAINS	2009	3	22	81	-15.1	3.1	17.8798219209841	-999.9	4.6	2.08333333333333	3.80237630608252	330
MAPLE_PLAINS	2009	3	23	82	-9.2	-1.5	11.7574904714389	-999.9	0.4	3.40277777777778	3.96608041413138	330
MAPLE_PLAINS	2009	3	24	83	-3.7	-2	5.58441955057135	-999.9	0	7.51157407407408	4.31721276451559	330
MAPLE_PLAINS	2009	3	25	84	-4.5	-2.6	5.96701164138293	-999.9	0	7.45370370370369	3.878811562392	330
MAPLE_PLAINS	2009	3	26	85	-5.6	-0.5	9.87946871712006	-999.9	0	4.04761904761906	4.1671037396605	330
MAPLE_PLAINS	2009	3	27	86	-3.9	2	10.7370402657542	-999.9	0	1.31944444444444	4.85400838353531	330
MAPLE_PLAINS	2009	3	28	87	-5.4	8.6	16.7099096412132	-999.9	0.4	1.68981481481481	5.5797824213396	330
MAPLE_PLAINS	2009	3	29	88	-3	7.2	14.4079741683335	-999.9	0	2.47685185185185	5.76881582294003	330
MAPLE_PLAINS	2009	3	30	89	-2.2	1.4	8.64545634145406	-999.9	7.4	6.07487922705314	5.50771228111456	330
MAPLE_PLAINS	2009	3	31	90	-5.1	-0.3	10.0816607932059	-999.9	1	5.69444444444445	5.12448826324066	330
MAPLE_PLAINS	2009	4	1	91	-12.3	1.1	17.0090283376631	-999.9	0	1.40046296296296	3.84709925529017	330
MAPLE_PLAINS	2009	4	2	92	-0.4	7.2	12.9327332976859	-999.9	0.5	3.65740740740742	6.64848372092478	330
MAPLE_PLAINS	2009	4	3	93	1.5	9.4	13.3104953371986	-999.9	5.7	3.61111111111111	8.55050803466089	330
MAPLE_PLAINS	2009	4	4	94	3.7	13.5	14.9634438164051	-999.9	4.4	6.16898148148147	10.1484528220475	330
MAPLE_PLAINS	2009	4	5	95	1.1	4	8.21478240206866	-999.9	0.5	2.90509259259258	6.859709609149	330
MAPLE_PLAINS	2009	4	6	96	-0.7	2.4	8.57032270448575	-999.9	0	2.63888888888889	5.96741714294267	330
MAPLE_PLAINS	2009	4	7	97	-0.6	10.7	16.5088024309006	-999.9	4.1	7.09490740740742	8.04214011668589	330
MAPLE_PLAINS	2009	4	8	98	1.4	6	10.625664557314	-999.9	0.6	4.43287037037036	6.24632573778773	330
MAPLE_PLAINS	2009	4	9	99	1.2	7.8	12.8378082901749	-999.9	0	4.62962962962964	5.6049895979779	330
MAPLE_PLAINS	2009	4	10	100	0.6	7.9	13.6164241762345	-999.9	0	2.41898148148148	6.02184630762054	330
MAPLE_PLAINS	2009	4	11	101	-3	6	15.2456773391029	-999.9	3.3	1.2962962962963	5.33694146595069	330
MAPLE_PLAINS	2009	4	12	102	-0.7	0.3	5.12378064152823	-999.9	7.7	5.15046296296297	5.86317253947847	330
MAPLE_PLAINS	2009	4	13	103	-1	0.3	5.88936726787635	-999.9	2.3	4.22453703703703	5.56282294950277	330
MAPLE_PLAINS	2009	4	14	104	-1.1	2.5	9.87861766018448	-999.9	0	3.56481481481481	4.91666947475943	330
MAPLE_PLAINS	2009	4	15	105	-3.6	3.9	14.3702797447276	-999.9	0	2.8125	4.39963171237893	330
MAPLE_PLAINS	2009	4	16	106	-5.2	1.2	13.3769197953943	-999.9	0	3.71527777777778	3.85741412235987	330
MAPLE_PLAINS	2009	4	17	107	-5.7	5.7	17.9883852467414	-999.9	2.2	2.04861111111111	4.91499964960639	330
MAPLE_PLAINS	2009	4	18	108	-3.7	1.3	12.0016414972694	-999.9	0.2	2.88194444444444	4.84776624890207	330
MAPLE_PLAINS	2009	4	19	109	-5.3	2.1	14.7071962343407	-999.9	0	2.34953703703704	4.04142966866453	330
MAPLE_PLAINS	2009	4	20	110	-6	6.5	19.2517458551943	-999.9	0	1.80555555555556	4.46559659364665	330
MAPLE_PLAINS	2009	4	21	111	-0.4	10.5	18.103910022088	-999.9	7.2	5.10416666666667	5.64978556284985	330
MAPLE_PLAINS	2009	4	22	112	5.8	12.8	14.6081541259527	-999.9	7.7	6.79398148148147	12.1932720913592	330
MAPLE_PLAINS	2009	4	23	113	5.3	12.2	14.6016342563493	-999.9	1.7	6.90972222222222	9.54282827558168	330
MAPLE_PLAINS	2009	4	24	114	2.7	12.6	17.6063273376139	-999.9	0	4.91898148148147	7.44886991134186	330
MAPLE_PLAINS	2009	4	25	115	0.8	21.4	25.5624776683115	-999.9	0	3.21759259259258	8.58868305697228	330
MAPLE_PLAINS	2009	4	26	116	1.3	13.1	19.4703008702443	-999.9	0	4.71064814814814	7.87444669046084	330
MAPLE_PLAINS	2009	4	27	117	-3.2	10.5	21.1105081170677	-999.9	0	2.1875	5.44956739139095	330
MAPLE_PLAINS	2009	4	28	118	6.1	23.1	23.6599754810853	-999.9	7.9	4.51388888888889	11.3686578925887	330
MAPLE_PLAINS	2009	4	29	119	-1.2	9.1	18.5269877569127	-999.9	0	4.96527777777778	4.75449653243117	330
MAPLE_PLAINS	2009	4	30	120	1.6	12.2	18.905175743368	-999.9	0.2	3.10185185185186	5.04308762371371	330
MAPLE_PLAINS	2009	5	1	121	4.8	10.9	14.4238024588734	-999.9	4.2	5.59027777777778	9.08651280882143	330
MAPLE_PLAINS	2009	5	2	122	6.3	13.9	16.190283421401	-999.9	2.5	3.37962962962964	11.2915710067254	330
MAPLE_PLAINS	2009	5	3	123	1.7	16.1	22.4082385918014	-999.9	0	3.20601851851853	8.3474542730623	330
MAPLE_PLAINS	2009	5	4	124	6.1	17.7	20.2199727201327	-999.9	0	3.69212962962964	9.24972354474827	330
MAPLE_PLAINS	2009	5	5	125	2.6	11.1	17.399335956021	-999.9	0.9	3.27546296296297	5.40416108493776	330
MAPLE_PLAINS	2009	5	6	126	4.2	11.1	15.7567340142198	-999.9	6.1	4.20138888888889	9.32483048054981	330
MAPLE_PLAINS	2009	5	7	127	4.1	8.4	12.5009035120511	-999.9	7.7	3.32125603864733	8.76938624582199	330
MAPLE_PLAINS	2009	5	8	128	6.5	11.6	13.680598869076	-999.9	6	2.82407407407408	10.4699218829824	330
MAPLE_PLAINS	2009	5	9	129	6.4	19.2	21.7763675102667	-999.9	4.9	3.34490740740742	12.3535146325187	330
MAPLE_PLAINS	2009	5	10	130	1.8	12.6	20.0955825866752	-999.9	7.2	5.74074074074075	9.73568876112721	330
MAPLE_PLAINS	2009	5	11	131	1.9	9.7	17.1550657019708	-999.9	1.1	2.33796296296296	7.17465011265343	330
MAPLE_PLAINS	2009	5	12	132	3.1	12.9	19.3135816249451	-999.9	0.5	2.16435185185185	7.54900835488975	330
MAPLE_PLAINS	2009	5	13	133	-0.6	19.4	27.7088215243298	-999.9	0	2.09490740740741	7.27575298327658	330
MAPLE_PLAINS	2009	5	14	134	5.1	19.8	23.8541429548167	-999.9	1	4.16666666666667	8.15870228757544	330
MAPLE_PLAINS	2009	5	15	135	9.6	16.7	16.6450639273861	-999.9	0	5.85648148148147	11.5158048228586	330
MAPLE_PLAINS	2009	5	16	136	5.5	16.1	20.4178329940003	-999.9	0	2.89351851851853	8.37713872682812	330
MAPLE_PLAINS	2009	5	17	137	11.1	14.9	12.2715221706083	-999.9	8.7	5.13888888888889	13.265328041802	330
MAPLE_PLAINS	2009	5	18	138	3.2	10.8	17.4185932404853	-999.9	6.6	2.83564814814814	7.9288351065228	330
MAPLE_PLAINS	2009	5	19	139	3.1	11	17.822531997228	-999.9	2.4	2.61574074074074	8.20770465102667	330
MAPLE_PLAINS	2009	5	20	140	6.7	12.7	15.5858753278932	-999.9	0	3.28703703703703	7.64371096585342	330
MAPLE_PLAINS	2009	5	21	141	7.1	25	27.0104701743435	-999.9	0	4.82638888888889	10.4372470503172	330
MAPLE_PLAINS	2009	5	22	142	7.2	23.8	26.0951780226212	-999.9	0	3.31018518518519	9.70048419061607	330
MAPLE_PLAINS	2009	5	23	143	1.7	13.5	22.0698072248653	-999.9	0	2.55787037037037	6.84520419418972	330
MAPLE_PLAINS	2009	5	24	144	7.2	16.9	20.0699193363142	-999.9	0	3.71527777777778	9.7042705922147	330
MAPLE_PLAINS	2009	5	25	145	2.6	14.5	22.2939256766209	-999.9	0	4.0625	8.10982328241897	330
MAPLE_PLAINS	2009	5	26	146	3.8	10.8	17.146151305362	-999.9	0	3.47222222222222	6.30976261440156	330
MAPLE_PLAINS	2009	5	27	147	-1.8	14.2	25.9916353982583	-999.9	0	1.63194444444444	7.0709951835225	330
MAPLE_PLAINS	2009	5	28	148	6.7	13.4	16.8623685440988	-999.9	0.2	1.74768518518519	9.71719866624675	330
MAPLE_PLAINS	2009	5	29	149	3.9	14.5	21.2614754106307	-999.9	1.5	5.28935185185186	9.88344366441883	330
MAPLE_PLAINS	2009	5	30	150	10.6	18.7	18.6291972233259	-999.9	0	3.02083333333333	14.6313611282963	330
MAPLE_PLAINS	2009	5	31	151	10.8	21.3	21.257366491009	-999.9	2.3	3.28502415458936	12.1958658211508	330
MAPLE_PLAINS	2009	6	1	152	7.5	13.5	16.1029618011468	-999.9	4.9	5.33564814814814	10.3527636515905	330
MAPLE_PLAINS	2009	6	2	153	6.3	17.7	22.240787695238	-999.9	0.3	3.40277777777778	10.0342559828983	330
MAPLE_PLAINS	2009	6	3	154	2.9	19.1	26.5628850253021	-999.9	0	1.79398148148148	9.69667911232973	330
MAPLE_PLAINS	2009	6	4	155	4.7	20.7	26.4454056342095	-999.9	0	2.03703703703704	9.81988925582276	330
MAPLE_PLAINS	2009	6	5	156	2.3	21.7	29.1686434284151	-999.9	0	3.55324074074075	9.84912844085339	330
MAPLE_PLAINS	2009	6	6	157	9.9	17.7	18.5242449171103	-999.9	1.9	3.27546296296297	11.65228573972	330
MAPLE_PLAINS	2009	6	7	158	7	19.7	23.6714977984114	-999.9	0	2.74305555555556	11.0046729654724	330
MAPLE_PLAINS	2009	6	8	159	3.1	15.3	23.2320411409386	-999.9	0	2.40740740740741	8.81346684935779	330
MAPLE_PLAINS	2009	6	9	160	1.8	12.6	21.8854711499228	-999.9	0	2.69675925925926	8.54630826111107	330
MAPLE_PLAINS	2009	6	10	161	5.4	13.2	18.62005542455	-999.9	0	2.65046296296296	9.5742689556791	330
MAPLE_PLAINS	2009	6	11	162	9.4	15.3	16.21072612924	-999.9	6	3.35648148148147	12.8266724567418	330
MAPLE_PLAINS	2009	6	12	163	12	17.3	15.378373730929	-999.9	83.7	3.18287037037036	16.8154416184728	330
MAPLE_PLAINS	2009	6	13	164	9.6	17.6	18.908921779501	-999.9	0	2.97453703703703	12.8733425671777	330
MAPLE_PLAINS	2009	6	14	165	9	19.3	21.4705426031921	-999.9	0	2.09490740740741	13.1406661691872	330
MAPLE_PLAINS	2009	6	15	166	9.2	20.5	22.5019242687904	-999.9	0	2.44212962962963	12.1287288409529	330
MAPLE_PLAINS	2009	6	16	167	9.7	19.6	21.0720847697001	-999.9	0	2.53472222222222	10.9415765326284	330
MAPLE_PLAINS	2009	6	17	168	10	23.6	24.7071308854727	-999.9	0	3.47222222222222	11.374234479489	330
MAPLE_PLAINS	2009	6	18	169	11.7	23.8	23.3110600209272	-999.9	0	3.49537037037036	12.234178634309	330
MAPLE_PLAINS	2009	6	19	170	12.9	23	21.3010030207754	-999.9	0	2.85879629629631	13.0926175425623	330
MAPLE_PLAINS	2009	6	20	171	15.5	22.5	17.7342161762097	-999.9	2.1	4.84953703703703	16.5185286068459	330
MAPLE_PLAINS	2009	6	21	172	13.6	18.9	15.4304335202249	-999.9	0.2	5.24305555555556	16.034785715732	330
MAPLE_PLAINS	2009	6	22	173	11.9	14.2	10.1633047256668	-999.9	17.6	4.67592592592592	13.905474319268	330
MAPLE_PLAINS	2009	6	23	174	12	19.5	18.3478901280096	-999.9	2	2.85879629629631	15.4828073424926	330
MAPLE_PLAINS	2009	6	24	175	14.2	25	22.0092623839738	-999.9	0	1.01851851851852	19.4646921790949	330
MAPLE_PLAINS	2009	6	25	176	17.3	25.8	19.5161805645496	-999.9	5	2.15277777777778	22.1302902705374	330
MAPLE_PLAINS	2009	6	26	177	17	24	17.7002654732834	-999.9	0	2.71990740740741	19.3880853299017	330
MAPLE_PLAINS	2009	6	27	178	13.5	25.3	22.9652296170247	-999.9	0	1.48148148148148	19.2986789113595	330
MAPLE_PLAINS	2009	6	28	179	15.3	23.3	18.8941531039704	-999.9	0	3.91203703703703	18.6038276352374	330
MAPLE_PLAINS	2009	6	29	180	15	18.8	13.0100955206814	-999.9	6	5.86805555555556	17.1277673215813	330
MAPLE_PLAINS	2009	6	30	181	14.9	19.4	14.1434308757221	-999.9	4.5	2.34953703703704	17.1316285999133	330
MAPLE_PLAINS	2009	7	1	182	13.7	19.5	16.0389483974686	-999.9	1.1	3.33333333333333	16.0211524455867	330
MAPLE_PLAINS	2009	7	2	183	13.7	20	16.6954858305917	-999.9	2.1	2.63888888888889	16.3227124634121	330
MAPLE_PLAINS	2009	7	3	184	14.9	22.8	18.6707902924326	-999.9	3.3	3.76157407407408	18.7320710944356	330
MAPLE_PLAINS	2009	7	4	185	17	21.4	13.9139132921292	-999.9	35.3	3.22916666666667	19.3365837588906	330
MAPLE_PLAINS	2009	7	5	186	13.1	19.5	16.7548336195517	-999.9	2.1	2.91666666666667	16.8595449760924	330
MAPLE_PLAINS	2009	7	6	187	9	14	14.7848061690619	-999.9	1.1	4.15509259259258	11.9441453019567	330
MAPLE_PLAINS	2009	7	7	188	4.3	15	21.590180948626	-999.9	0	2.80092592592592	10.1368105245247	330
MAPLE_PLAINS	2009	7	8	189	2.5	17.6	25.5999913427969	-999.9	0	1.22685185185185	9.81372648575013	330
MAPLE_PLAINS	2009	7	9	190	2.9	21.2	28.1265819106748	-999.9	0	1.22685185185185	9.9746538202619	330
MAPLE_PLAINS	2009	7	10	191	9.5	26.4	26.9729140703511	-999.9	0.7	2.51157407407408	13.678032239017	330
MAPLE_PLAINS	2009	7	11	192	10.4	25.2	25.1861291940731	-999.9	0	2.75462962962963	13.6905964702029	330
MAPLE_PLAINS	2009	7	12	193	13.4	21.8	18.9308066677241	-999.9	0	3.76157407407408	15.9674399994169	330
MAPLE_PLAINS	2009	7	13	194	12.6	22.7	20.7081750844951	-999.9	12.7	2.19907407407407	17.8326383054169	330
MAPLE_PLAINS	2009	7	14	195	11.2	21	20.3469113669001	-999.9	0	3.09027777777778	13.2802647347837	330
MAPLE_PLAINS	2009	7	15	196	8.5	21.6	23.4626982267154	-999.9	0.2	2.2337962962963	13.5501874636704	330
MAPLE_PLAINS	2009	7	16	197	10.5	20.5	20.4433270776962	-999.9	0	2.70833333333333	13.7865117695729	330
MAPLE_PLAINS	2009	7	17	198	15.7	21.4	15.3904234091053	-999.9	6.1	2.83564814814814	18.5900008812948	330
MAPLE_PLAINS	2009	7	18	199	17.9	22.8	14.2273791088246	-999.9	0	3.68055555555556	21.1252296421663	330
MAPLE_PLAINS	2009	7	19	200	15.6	25.2	19.8530952716002	-999.9	0	3.25231481481481	19.8201149803184	330
MAPLE_PLAINS	2009	7	20	201	12.7	25.3	22.6722961531494	-999.9	0	2.8125	16.8076678791557	330
MAPLE_PLAINS	2009	7	21	202	14.7	23.5	18.8851708295196	-999.9	0.8	1.49305555555556	17.5704101190185	330
MAPLE_PLAINS	2009	7	22	203	16.3	22.5	15.7977901880585	-999.9	38.4	2.32638888888889	19.4195589031568	330
MAPLE_PLAINS	2009	7	23	204	13	20.5	17.3142405152503	-999.9	0	3.21759259259258	16.4775875264692	330
MAPLE_PLAINS	2009	7	24	205	12.1	18.3	15.6852775470921	-999.9	11.6	3.94675925925925	15.3908650076759	330
MAPLE_PLAINS	2009	7	25	206	15.2	19.2	12.5516540675007	-999.9	3.4	5.91435185185186	17.1146536901285	330
MAPLE_PLAINS	2009	7	26	207	14.9	24.8	19.670438242312	-999.9	0	2.70833333333333	18.6024109148379	330
MAPLE_PLAINS	2009	7	27	208	17.4	25.6	17.8311567711189	-999.9	0	2.74305555555556	22.4070906805175	330
MAPLE_PLAINS	2009	7	28	209	17.5	26.2	18.2919016439542	-999.9	0	2.99768518518519	20.5636796891622	330
MAPLE_PLAINS	2009	7	29	210	14.2	27.4	22.4369138357677	-999.9	0	2.48842592592593	20.4450980562204	330
MAPLE_PLAINS	2009	7	30	211	17.6	23.5	14.9358231054329	-999.9	11.9	3.58796296296297	22.1634683687669	330
MAPLE_PLAINS	2009	7	31	212	17.6	27.3	19.0662766098835	-999.9	22.1	2.67361111111111	21.1618438039258	330
MAPLE_PLAINS	2009	8	1	213	16.2	25.6	18.6840260690414	-999.9	7.6	2.02546296296296	19.9636697701663	330
MAPLE_PLAINS	2009	8	2	214	12.9	26.7	22.5331560046852	-999.9	0	2.12962962962963	18.8947376250638	330
MAPLE_PLAINS	2009	8	3	215	17.1	23.9	15.7420787216162	-999.9	21.2	2.71990740740741	20.8282236052024	330
MAPLE_PLAINS	2009	8	4	216	13.2	26.6	21.9904509868791	-999.9	0	1.79398148148148	18.3311225946925	330
MAPLE_PLAINS	2009	8	5	217	16.7	24.5	16.6936724352339	-999.9	0	3.96990740740742	19.9381550060153	330
MAPLE_PLAINS	2009	8	6	218	14.1	24.7	19.3610481869391	-999.9	0	1.48148148148148	17.63695926334	330
MAPLE_PLAINS	2009	8	7	219	12.1	23	19.5302942262338	-999.9	29.1	1.5162037037037	16.703333088747	330
MAPLE_PLAINS	2009	8	8	220	9.5	19.8	18.8834684116296	-999.9	4.5	2.52314814814815	13.6855970132036	330
MAPLE_PLAINS	2009	8	9	221	8	23.6	23.1121760106964	-999.9	0.4	2.15277777777778	13.2851182900406	330
MAPLE_PLAINS	2009	8	10	222	14.3	17.8	10.8861787443665	-999.9	1.4	2.4537037037037	15.98524408975	330
MAPLE_PLAINS	2009	8	11	223	12.1	19.6	15.8446350602639	-999.9	0	1.65509259259259	16.8115749428438	330
MAPLE_PLAINS	2009	8	12	224	8.9	23.2	21.7508791938151	-999.9	0.2	1.13425925925926	14.6955200439085	330
MAPLE_PLAINS	2009	8	13	225	10.5	24.1	21.0854176192049	-999.9	0	1.75925925925926	16.475574552393	330
MAPLE_PLAINS	2009	8	14	226	11.7	26.6	21.9359454910103	-999.9	0	2.1875	17.6494665196002	330
MAPLE_PLAINS	2009	8	15	227	13.8	29.6	22.4485608382148	-999.9	0	2.4537037037037	19.9696976187522	330
MAPLE_PLAINS	2009	8	16	228	18	24.5	14.3073562452719	-999.9	0	2.16435185185185	19.7924944532882	330
MAPLE_PLAINS	2009	8	17	229	18.5	28.4	17.543200639216	-999.9	0	1.95601851851852	22.3943191662942	330
MAPLE_PLAINS	2009	8	18	230	18.3	28.8	17.9481597304258	-999.9	0	2.74305555555556	22.2172002170296	330
MAPLE_PLAINS	2009	8	19	231	19.9	25.6	13.1353614540681	-999.9	0	3.13657407407408	21.3528890083715	330
MAPLE_PLAINS	2009	8	20	232	16.9	25.5	16.02426769599	-999.9	0	2.06018518518519	18.2312869260512	330
MAPLE_PLAINS	2009	8	21	233	15.3	26.9	18.4810709226202	-999.9	0	2.58101851851852	19.9308006530328	330
MAPLE_PLAINS	2009	8	22	234	21.2	27	12.9755533332082	-999.9	0	4.56018518518519	24.4209200219884	330
MAPLE_PLAINS	2009	8	23	235	15.7	22.6	14.0505893604015	-999.9	28.6	4.16666666666667	22.2202094404285	330
MAPLE_PLAINS	2009	8	24	236	12.8	18.2	12.3386918690767	-999.9	1.6	0.625	16.7353563788961	330
MAPLE_PLAINS	2009	8	25	237	11.9	22.8	17.3992952648497	-999.9	0	1.11111111111111	17.0192391630005	330
MAPLE_PLAINS	2009	8	26	238	16.1	20.5	10.9707076734494	-999.9	0	4.65277777777778	17.7252697625904	330
MAPLE_PLAINS	2009	8	27	239	7.6	19.8	18.1268210692646	-999.9	0	4.02777777777778	9.58718816105236	330
MAPLE_PLAINS	2009	8	28	240	5.4	17.8	18.1313170247681	-999.9	0	2.40740740740741	9.79123266331866	330
MAPLE_PLAINS	2009	8	29	241	3.1	15.9	18.274413436084	-999.9	49.6	2.10648148148148	11.2876456308522	330
MAPLE_PLAINS	2009	8	30	242	11.9	18.3	12.8171484558951	-999.9	20.4	4.18981481481481	15.9441957249306	330
MAPLE_PLAINS	2009	8	31	243	12	20.4	14.5628676234439	-999.9	0	2.92824074074075	14.7216509694209	330
MAPLE_PLAINS	2009	9	1	244	7.5	18.8	16.749237479267	-999.9	0	2.28009259259259	11.0210721853364	330
MAPLE_PLAINS	2009	9	2	245	7.9	22.7	19.0054362382026	-999.9	0	3.125	12.8117452334887	330
MAPLE_PLAINS	2009	9	3	246	13.6	22.6	14.6927099613282	-999.9	0	3.47222222222222	15.8876064673392	330
MAPLE_PLAINS	2009	9	4	247	12.6	23.9	16.3190903689812	-999.9	0	2.25694444444444	16.5738858310803	330
MAPLE_PLAINS	2009	9	5	248	6.4	18.6	16.8056397957881	-999.9	0	2.03703703703704	11.9916670338418	330
MAPLE_PLAINS	2009	9	6	249	3.3	15.6	16.7220062172575	-999.9	0	2.8125	10.2336824506852	330
MAPLE_PLAINS	2009	9	7	250	3.9	18.3	17.9275112357276	-999.9	0	3.95833333333333	10.8729560329837	330
MAPLE_PLAINS	2009	9	8	251	6.2	20.8	17.8838222517593	-999.9	0.4	2.19907407407407	13.7777675035407	330
MAPLE_PLAINS	2009	9	9	252	1.8	14.6	16.587322696416	-999.9	0	2.40740740740741	8.63312514301537	330
MAPLE_PLAINS	2009	9	10	253	-0.3	16.7	18.9332610088744	-999.9	0	1.6087962962963	8.64591312756188	330
MAPLE_PLAINS	2009	9	11	254	6	20.1	17.0758559430228	-999.9	0	2.78935185185186	10.3420373153051	330
MAPLE_PLAINS	2009	9	12	255	6.9	22.7	17.898466494531	-999.9	0	1.70138888888889	13.0098982673775	330
MAPLE_PLAINS	2009	9	13	256	10.2	17.7	12.2088499679428	-999.9	5.1	3.00925925925925	16.6082265616455	330
MAPLE_PLAINS	2009	9	14	257	11.2	16.3	9.96617895113835	-999.9	0.4	2.8125	12.5214346352302	330
MAPLE_PLAINS	2009	9	15	258	8.5	14.9	11.0503448011141	-999.9	0.2	3.14814814814814	11.0669720736094	330
MAPLE_PLAINS	2009	9	16	259	-0.1	11.5	14.7231269705324	-999.9	1.6	2.11805555555556	8.87658023461379	330
MAPLE_PLAINS	2009	9	17	260	-0.6	15	16.8951391926407	-999.9	0	1.09953703703704	8.62373934829195	330
MAPLE_PLAINS	2009	9	18	261	1.3	17.8	17.1914815172592	-999.9	0.8	2.7662037037037	10.697520553878	330
MAPLE_PLAINS	2009	9	19	262	8.2	12.3	8.47771577124224	-999.9	0	4.14351851851853	8.86881072703499	330
MAPLE_PLAINS	2009	9	20	263	4.7	16.5	14.2261562980335	-999.9	0	2.68518518518519	9.72446895131111	330
MAPLE_PLAINS	2009	9	21	264	3.2	19.9	16.7382046952868	-999.9	0	1.28472222222222	11.3298660144392	330
MAPLE_PLAINS	2009	9	22	265	7.4	20.9	14.8821750474675	-999.9	0	3.41435185185186	12.7512064222627	330
MAPLE_PLAINS	2009	9	23	266	14.8	19.4	8.5895929540419	-999.9	2.2	4.82638888888889	16.7817747250226	330
MAPLE_PLAINS	2009	9	24	267	6.1	17	13.0721433456485	-999.9	11.3	2.44212962962963	13.9521793553145	330
MAPLE_PLAINS	2009	9	25	268	4.2	11.3	10.4291491449723	-999.9	3.1	3.54166666666667	9.5324887513047	330
MAPLE_PLAINS	2009	9	26	269	4.1	11.7	10.6649663424216	-999.9	0	2.54830917874396	8.08788883034369	330
MAPLE_PLAINS	2009	9	27	270	6.9	14.1	10.2588666928873	-999.9	0	3.44907407407408	10.1634475509046	330
MAPLE_PLAINS	2009	9	28	271	12.1	20.2	10.7523703817442	-999.9	13.2	4.95370370370369	16.392370495402	330
MAPLE_PLAINS	2009	9	29	272	12.4	19	9.58983385115266	-999.9	10.4	4.34027777777778	15.4496578929716	330
MAPLE_PLAINS	2009	9	30	273	11.5	18.7	9.895377849775	-999.9	0.7	3.18287037037036	13.7361167211131	330
MAPLE_PLAINS	2009	10	1	274	8.8	16.5	10.1085520024967	-999.9	3.5	2.46527777777778	13.1160357166908	330
MAPLE_PLAINS	2009	10	2	275	3.9	11.8	10.1131372210113	-999.9	0.7	1.05324074074074	9.78994382456572	330
MAPLE_PLAINS	2009	10	3	276	7.4	14	9.12904487354116	-999.9	0	1.85185185185185	9.75616976324248	330
MAPLE_PLAINS	2009	10	4	277	9.5	13.6	7.10525342039365	-999.9	25.7	4.95370370370369	11.8817401972105	330
MAPLE_PLAINS	2009	10	5	278	11.3	13	4.51752624873392	-999.9	35.1	4.39814814814814	13.0453429084662	330
MAPLE_PLAINS	2009	10	6	279	7.9	11.2	6.2140852597203	-999.9	0	3.70370370370369	10.016028222239	330
MAPLE_PLAINS	2009	10	7	280	8	12.5	7.16353078540168	-999.9	36.6	3.125	10.6881760073584	330
MAPLE_PLAINS	2009	10	8	281	7.7	10.6	5.67647058125459	-999.9	16.5	5.12731481481481	10.8744086384464	330
MAPLE_PLAINS	2009	10	9	282	6.1	10.9	7.20804911203898	-999.9	0.5	1.55092592592593	9.675414060719	330
MAPLE_PLAINS	2009	10	10	283	5.6	10.9	7.47503768626281	-999.9	11.8	3.37962962962964	10.6076911157105	330
MAPLE_PLAINS	2009	10	11	284	3.7	10.6	8.41667216533185	-999.9	0	4.54861111111111	6.67553795294273	330
MAPLE_PLAINS	2009	10	12	285	3.8	9.1	7.27876747477871	-999.9	0	5.18518518518519	5.77688842668877	330
MAPLE_PLAINS	2009	10	13	286	-0.9	7.7	9.14825875021118	-999.9	0	1.9212962962963	6.2998665565144	330
MAPLE_PLAINS	2009	10	14	287	2.1	7.1	6.88193372115402	-999.9	0.8	3.59953703703703	5.88285408488892	330
MAPLE_PLAINS	2009	10	15	288	-2.4	5.5	8.53383133433615	-999.9	0	2.5	5.45336169678561	330
MAPLE_PLAINS	2009	10	16	289	-5	7.1	10.4183477979822	-999.9	1.3	2.29166666666667	5.91533924867212	330
MAPLE_PLAINS	2009	10	17	290	0.5	7.7	7.92721547567533	-999.9	0	3.28703703703703	6.64535561298529	330
MAPLE_PLAINS	2009	10	18	291	-1.7	8.2	9.16842848467606	-999.9	7.9	2.80092592592592	6.93466535044195	330
MAPLE_PLAINS	2009	10	19	292	4.3	6.9	4.63408128829115	-999.9	8.7	5.39351851851853	8.19250895502211	330
MAPLE_PLAINS	2009	10	20	293	2.8	9.1	7.1141976746676	-999.9	0	1.86342592592593	7.64205472205952	330
MAPLE_PLAINS	2009	10	21	294	1.8	9.1	7.55226288494183	-999.9	0	2.7662037037037	7.14550328797051	330
MAPLE_PLAINS	2009	10	22	295	-1.7	6.3	7.79658526170639	-999.9	21.9	1.84027777777778	6.48047346922068	330
MAPLE_PLAINS	2009	10	23	296	0.2	4.4	5.57075587082403	-999.9	2.8	4.31712962962964	5.89871944755534	330
MAPLE_PLAINS	2009	10	24	297	-0.8	8.3	8.08591379733853	-999.9	13.4	3.86574074074075	6.47662849852551	330
MAPLE_PLAINS	2009	10	25	298	7.4	16.2	7.84079823582607	-999.9	24.9	5.76388888888889	11.2804119094568	330
MAPLE_PLAINS	2009	10	26	299	1	7.2	6.48962700787411	-999.9	0	4.58333333333333	5.28377216527727	330
MAPLE_PLAINS	2009	10	27	300	-3.1	4.1	6.89592333438946	-999.9	0	1.68981481481481	4.74467988753871	330
MAPLE_PLAINS	2009	10	28	301	-3.5	5.6	7.644507537296	-999.9	0	1.43518518518519	5.21244634710437	330
MAPLE_PLAINS	2009	10	29	302	-5.7	5	8.17385306667886	-999.9	0.2	1.65509259259259	4.93151365079146	330
MAPLE_PLAINS	2009	10	30	303	-5.6	8.5	9.25246226777738	-999.9	0	1.36574074074074	5.33991179644555	330
MAPLE_PLAINS	2009	10	31	304	6.2	17	7.98513959616697	-999.9	3.8	5.68287037037036	10.2290829182243	330
MAPLE_PLAINS	2009	11	1	305	3.5	17.2	8.86884906680259	-999.9	2.4	3.83101851851853	9.55158696315224	330
MAPLE_PLAINS	2009	11	2	306	-2.7	6.8	7.28319847511241	-999.9	0	1.875	5.90864794180283	330
MAPLE_PLAINS	2009	11	3	307	1.1	5.8	5.0522321007124	-999.9	10.4	1.95601851851852	7.60803866753285	330
MAPLE_PLAINS	2009	11	4	308	1.3	5.3	4.59687600822149	-999.9	0	3.50694444444444	5.57244409709494	330
MAPLE_PLAINS	2009	11	5	309	-3.8	3.1	5.95503094088479	-999.9	0	1.63194444444444	4.31341989892832	330
MAPLE_PLAINS	2009	11	6	310	0.6	3.6	3.87328084634687	-999.9	5.5	6.62037037037036	5.70326517123236	330
MAPLE_PLAINS	2009	11	7	311	-4.1	1.7	5.31284917941717	-999.9	0.2	3.53009259259258	4.1561226249164	330
MAPLE_PLAINS	2009	11	8	312	-1.6	9.7	7.31624479395425	-999.9	0	3.81944444444444	7.21882311970563	330
MAPLE_PLAINS	2009	11	9	313	5.1	13.6	6.2609264772842	-999.9	0	4.01620370370369	6.28237209444128	330
MAPLE_PLAINS	2009	11	10	314	-0.5	13	7.78619186192735	-999.9	0	2.59259259259259	8.25132244912843	330
MAPLE_PLAINS	2009	11	11	315	-2.3	6.8	6.30901177819158	-999.9	0.2	2.40740740740741	5.86688610159801	330
MAPLE_PLAINS	2009	11	12	316	-3.9	9.8	7.64084148211806	-999.9	0	2.01388888888889	5.50585085521161	330
MAPLE_PLAINS	2009	11	13	317	-3.3	9.7	7.34776490671188	-999.9	0	0.983796296296297	5.65191568557333	330
MAPLE_PLAINS	2009	11	14	318	-0.6	9.8	6.48888325485968	-999.9	0	3.22916666666667	7.05638603853257	330
MAPLE_PLAINS	2009	11	15	319	6.3	13.6	5.36853989671731	-999.9	17.6	3.78472222222222	12.089064003189	330
MAPLE_PLAINS	2009	11	16	320	4	12.2	5.61978446291471	-999.9	0.2	4.39814814814814	9.08805325288711	330
MAPLE_PLAINS	2009	11	17	321	-3.6	4.3	5.44911017995677	-999.9	0.4	3.50694444444444	5.37488017496011	330
MAPLE_PLAINS	2009	11	18	322	-5.6	9	7.31937467088995	-999.9	0	3.09027777777778	5.26470958332949	330
MAPLE_PLAINS	2009	11	19	323	-0.6	9.6	6.04608492231989	-999.9	0	2.59259259259259	5.45212024967128	330
MAPLE_PLAINS	2009	11	20	324	1.9	11.1	5.67597805790718	-999.9	1	3.49537037037036	8.69847260950916	330
MAPLE_PLAINS	2009	11	21	325	5.7	10.3	3.96825279976826	-999.9	0	4.375	8.26927947188385	330
MAPLE_PLAINS	2009	11	22	326	-4.3	6.1	5.90087826064197	-999.9	0	2.87037037037036	5.43156202968238	330
MAPLE_PLAINS	2009	11	23	327	-6.9	3.6	5.86523096874295	-999.9	0.2	1.31944444444444	4.77627994942999	330
MAPLE_PLAINS	2009	11	24	328	-1.2	6.4	4.93746035073109	-999.9	1.9	1.00694444444444	6.89663085470715	330
MAPLE_PLAINS	2009	11	25	329	4.1	10.7	4.55403072749688	-999.9	0.8	2.24537037037037	9.68049617859678	330
MAPLE_PLAINS	2009	11	26	330	3.1	8.6	4.11583742117923	-999.9	0.4	1.73611111111111	9.04612270369831	330
MAPLE_PLAINS	2009	11	27	331	1.8	7.3	4.0760703027137	-999.9	14.9	3.57638888888889	7.64685754769421	330
MAPLE_PLAINS	2009	11	28	332	1.7	8.1	4.35581219808487	-999.9	1.2	4.31712962962964	8.00720471420887	330
MAPLE_PLAINS	2009	11	29	333	1.1	3.1	2.41297665341849	-999.9	0.2	7.22222222222222	5.02727714481205	330
MAPLE_PLAINS	2009	11	30	334	-0.9	7.4	4.87282611127128	-999.9	4.7	2.71990740740741	6.21081440809816	330
MAPLE_PLAINS	2009	12	1	335	-3	1.2	3.43731716686794	-999.9	0.2	3.83101851851853	5.11422836131163	330
MAPLE_PLAINS	2009	12	2	336	-3.3	1.9	3.79405424954646	-999.9	0	4.83796296296297	4.65773427212314	330
MAPLE_PLAINS	2009	12	3	337	-1.2	9	5.27311206662704	-999.9	18.9	4.47916666666667	7.33668716671633	330
MAPLE_PLAINS	2009	12	4	338	0.7	3.5	2.74266861450026	-999.9	0	2.30324074074074	6.36091425892449	330
MAPLE_PLAINS	2009	12	5	339	-2.3	3.6	3.95379500277972	-999.9	6.3	1.79398148148148	5.81922247779546	330
MAPLE_PLAINS	2009	12	6	340	-4.5	0	3.43050879964166	-999.9	3.9	5.17361111111111	4.71382466271823	330
MAPLE_PLAINS	2009	12	7	341	-4.6	-3.2	1.90175463694996	-999.9	0	4.43287037037036	3.57838876970936	330
MAPLE_PLAINS	2009	12	8	342	-11.6	-3.9	4.43457092932179	-999.9	0	2.40740740740741	3.03517667175675	330
MAPLE_PLAINS	2009	12	9	343	-7.7	-2.6	3.58994709513737	-999.9	3.7	3.48379629629631	3.43649204961525	330
MAPLE_PLAINS	2009	12	10	344	-1.8	3.5	3.64184696893382	-999.9	3.8	6.51620370370369	5.64049719627934	330
MAPLE_PLAINS	2009	12	11	345	-6.7	-0.4	3.95295463796861	-999.9	0.2	9.49074074074075	2.70200962988158	330
MAPLE_PLAINS	2009	12	12	346	-9.8	-7	2.62475069950719	-999.9	0	8.73842592592592	2.03456935641821	330
MAPLE_PLAINS	2009	12	13	347	-10.4	-1.1	4.7665060407905	-999.9	0.8	4.87268518518519	2.58873221981541	330
MAPLE_PLAINS	2009	12	14	348	-6.3	0	3.91086584277115	-999.9	1.5	1.875	5.04921190656348	330
MAPLE_PLAINS	2009	12	15	349	-6.1	-0.1	3.80643591901166	-999.9	1.9	1.72453703703704	5.12568183759898	330
MAPLE_PLAINS	2009	12	16	350	-13.1	-0.3	5.54735678032428	-999.9	2.2	5.35879629629631	3.88850429224887	330
MAPLE_PLAINS	2009	12	17	351	-15.8	-12.7	2.72520730905992	-999.9	0.3	5.18518518518519	1.6354005692727	330
MAPLE_PLAINS	2009	12	18	352	-13.5	-8.8	3.35124137373754	-999.9	0	5.26620370370369	2.10864992001044	330
MAPLE_PLAINS	2009	12	19	353	-16.1	-8.4	4.28589542525709	-999.9	0.2	2.08333333333333	2.19711774159722	330
MAPLE_PLAINS	2009	12	20	354	-9.6	-1.6	4.36699341423891	-999.9	0.2	2.40740740740741	3.92547350931446	330
MAPLE_PLAINS	2009	12	21	355	-1.6	-0.5	1.61948677677218	-999.9	7	4.49074074074075	5.50610124293349	330
MAPLE_PLAINS	2009	12	22	356	-1.7	0.2	2.12962706000751	-999.9	1	4.08564814814814	5.42323295432918	330
MAPLE_PLAINS	2009	12	23	357	-0.1	0.8	1.46722113587325	-999.9	7	4.60648148148147	5.89203818565736	330
MAPLE_PLAINS	2009	12	24	358	-3.3	0.1	2.8560290860749	-999.9	0.2	5.23148148148147	4.76853733926154	330
MAPLE_PLAINS	2009	12	25	359	-3.5	-1.8	2.02347054697597	-999.9	0.2	4.16666666666667	4.22756022330181	330
MAPLE_PLAINS	2009	12	26	360	-3.7	-1.5	2.30744991836578	-999.9	0.2	2.01388888888889	4.29103658060637	330
MAPLE_PLAINS	2009	12	27	361	-3.2	2	3.55769700800177	-999.9	1.9	4.40972222222222	4.7400726112524	330
MAPLE_PLAINS	2009	12	28	362	-2.2	4.4	4.0214411930846	-999.9	1	3.32175925925925	6.20183463226895	330
MAPLE_PLAINS	2009	12	29	363	-10.8	-1.3	4.84292988939839	-999.9	4.7	5.10416666666667	4.40694087221888	330
MAPLE_PLAINS	2009	12	30	364	-13.3	-11.4	2.17496231518137	-999.9	0	6.73611111111111	1.84866667783897	330
MAPLE_PLAINS	2009	12	31	365	-15.3	-8.3	4.19413080290088	-999.9	0	2.04861111111111	2.02344198938039	330
