MAPLE_PLAINS	2005	1	1	1	-2.8	5.7	4.6452294639294	-999.9	0	5.57870370370369	5.63970408434807	330
MAPLE_PLAINS	2005	1	2	2	-9.8	-0.8	4.80626288817578	-999.9	1.2	4.30555555555556	3.11065147135193	330
MAPLE_PLAINS	2005	1	3	3	-10.3	2.5	5.76581156826525	-999.9	1	4.87268518518519	4.00189095556031	330
MAPLE_PLAINS	2005	1	4	4	-5.7	-4.7	1.62181725607017	-999.9	0	1.71296296296296	3.32209367680345	330
MAPLE_PLAINS	2005	1	5	5	-11.6	-9.1	2.5816185470344	-999.9	0	4.07407407407408	1.90143405038739	330
MAPLE_PLAINS	2005	1	6	6	-16.8	-5.8	5.45391673497937	-999.9	2.5	2.70833333333333	1.78623414441439	330
MAPLE_PLAINS	2005	1	7	7	-12.8	-3.8	4.97037921307203	-999.9	0.6	2.53472222222222	3.01649383251663	330
MAPLE_PLAINS	2005	1	8	8	-9.7	-3.7	4.09036379873564	-999.9	0.7	2.98611111111111	3.03555412519842	330
MAPLE_PLAINS	2005	1	9	9	-6.6	-4.8	2.2589067706545	-999.9	0	3.86574074074075	3.22498245215788	330
MAPLE_PLAINS	2005	1	10	10	-8.9	0.3	5.1509229282594	-999.9	0.7	3.59953703703703	3.92617389117616	330
MAPLE_PLAINS	2005	1	11	11	-10.7	-9.1	2.16735010073909	-999.9	0	6.52777777777778	1.90443255761549	330
MAPLE_PLAINS	2005	1	12	12	-14.6	-4	5.6304644597239	-999.9	0	2.09490740740741	2.3069322696256	330
MAPLE_PLAINS	2005	1	13	13	-16.1	8.9	8.7301778301293	-999.9	0.6	5.02314814814814	4.27525934030972	330
MAPLE_PLAINS	2005	1	14	14	0.5	12.1	6.00590837707349	-999.9	0	5.39351851851853	9.15582722692651	330
MAPLE_PLAINS	2005	1	15	15	-9.2	-7.7	2.18183525528243	-999.9	0	3.86574074074075	2.30223525544825	330
MAPLE_PLAINS	2005	1	16	16	-14.2	-5.1	5.43061168983935	-999.9	0	1.36574074074074	2.1041194329452	330
MAPLE_PLAINS	2005	1	17	17	-6.7	-4.9	2.44138469888804	-999.9	0	8.19444444444445	3.62236206862085	330
MAPLE_PLAINS	2005	1	18	18	-15.5	-14.4	1.92967177680585	-999.9	0	3.76157407407408	1.54862384627716	330
MAPLE_PLAINS	2005	1	19	19	-22.3	-7.3	7.20659497983522	-999.9	0	2.17592592592593	1.57680250413141	330
MAPLE_PLAINS	2005	1	20	20	-18.8	-1	7.94140104289475	-999.9	0.6	6.95652173913044	2.48404246645499	330
MAPLE_PLAINS	2005	1	21	21	-18	-16.8	2.08631877437438	-999.9	0	5.21990740740742	1.24489723577368	330
MAPLE_PLAINS	2005	1	22	22	-19.8	-15.2	4.13396860925401	-999.9	0	3.62268518518519	1.20844831804912	330
MAPLE_PLAINS	2005	1	23	23	-24.8	-7.2	8.18527273997508	-999.9	6.6	4.95370370370369	1.55596147771197	330
MAPLE_PLAINS	2005	1	24	24	-11.8	-10.5	2.25228053616532	-999.9	27.8	9.96527777777778	2.27903123102845	330
MAPLE_PLAINS	2005	1	25	25	-14.7	-12.4	3.03367638989416	-999.9	21.3	4.22453703703703	1.56453299433758	330
MAPLE_PLAINS	2005	1	26	26	-20.7	-16.6	4.10230068176424	-999.9	0	2.22222222222222	1.02170968655846	330
MAPLE_PLAINS	2005	1	27	27	-30.5	-15.7	7.89528046636788	-999.9	0	3.19444444444444	0.750369932699313	330
MAPLE_PLAINS	2005	1	28	28	-21.3	-14.4	5.46170935365722	-999.9	0	5	1.14379570457723	330
MAPLE_PLAINS	2005	1	29	29	-18.3	-10.1	6.03309043299156	-999.9	0	2.03703703703704	1.64447401964064	330
MAPLE_PLAINS	2005	1	30	30	-21	-5.8	8.32416192294744	-999.9	0	2.53472222222222	1.8166085882042	330
MAPLE_PLAINS	2005	1	31	31	-15.1	-11.2	4.27355486917728	-999.9	0	3.99305555555556	1.81019363086263	330
MAPLE_PLAINS	2005	2	1	32	-25.5	-6.7	9.51091219478564	-999.9	0	1.5162037037037	1.36909374764318	330
MAPLE_PLAINS	2005	2	2	33	-23	-2.6	10.0435736522239	-999.9	0	0.358796296296297	1.80947306905952	330
MAPLE_PLAINS	2005	2	3	34	-19.3	-2.9	9.12986730731373	-999.9	0	1.57407407407407	2.35331809189697	330
MAPLE_PLAINS	2005	2	4	35	-5	1	5.59915878854931	-999.9	0	2.98611111111111	4.87492469329989	330
MAPLE_PLAINS	2005	2	5	36	-7.6	-2.3	5.33606251089279	-999.9	0	4.83796296296297	3.80877614491856	330
MAPLE_PLAINS	2005	2	6	37	-8.9	-2.5	5.94615202627429	-999.9	0	2.97453703703703	3.39234013000728	330
MAPLE_PLAINS	2005	2	7	38	-18.5	2.2	10.8447016900773	-999.9	0	0.868055555555556	2.54581127849525	330
MAPLE_PLAINS	2005	2	8	39	-7.9	3.7	8.23317700091662	-999.9	0	1.09953703703704	3.40070349552323	330
MAPLE_PLAINS	2005	2	9	40	-3.5	3.3	6.39314975502275	-999.9	0	1.00694444444444	5.13596854221838	330
MAPLE_PLAINS	2005	2	10	41	-3.1	5	7.07680584409758	-999.9	26.1	4.54861111111111	5.92442460830071	330
MAPLE_PLAINS	2005	2	11	42	-3.3	5	7.26569395618406	-999.9	0	6.14583333333333	5.91190337181994	330
MAPLE_PLAINS	2005	2	12	43	-6.2	-1.4	5.60412148202985	-999.9	0	4.62962962962964	3.61084805454593	330
MAPLE_PLAINS	2005	2	13	44	-16.9	-4.4	9.17261440454787	-999.9	0	1.79398148148148	2.19468469576772	330
MAPLE_PLAINS	2005	2	14	45	-12.4	-3.6	7.80602387954683	-999.9	0	2.30324074074074	2.71890990947044	330
MAPLE_PLAINS	2005	2	15	46	-11	3.7	10.2327833628009	-999.9	0	6.23842592592592	4.0818094925942	330
MAPLE_PLAINS	2005	2	16	47	-0.2	6.2	6.84801816281295	-999.9	2.6	3.71527777777778	6.82187451826055	330
MAPLE_PLAINS	2005	2	17	48	0	4.7	5.95187839971777	-999.9	0	5.19675925925925	6.37307498390677	330
MAPLE_PLAINS	2005	2	18	49	-6.5	-3.4	4.90234467291515	-999.9	0	4.23611111111111	2.9245329342586	330
MAPLE_PLAINS	2005	2	19	50	-14.2	-9.8	5.92314342184625	-999.9	0	2.91666666666667	1.68369330984489	330
MAPLE_PLAINS	2005	2	20	51	-18.2	-9.6	8.39770395819425	-999.9	0	3.51851851851853	1.49953294916159	330
MAPLE_PLAINS	2005	2	21	52	-19.5	-10.4	8.75986737247331	-999.9	0	1.88657407407407	1.40609279941195	330
MAPLE_PLAINS	2005	2	22	53	-14.9	-7.7	7.90107746214147	-999.9	0	2.65046296296296	1.88895342027357	330
MAPLE_PLAINS	2005	2	23	54	-10.5	-5.6	6.60901656924732	-999.9	0	1.03009259259259	2.83978582353384	330
MAPLE_PLAINS	2005	2	24	55	-20.1	-7.8	10.6165504010541	-999.9	0	1.21527777777778	1.66291977993139	330
MAPLE_PLAINS	2005	2	25	56	-21.4	-8.6	10.9799206817863	-999.9	0.8	3.63425925925925	1.69035415692404	330
MAPLE_PLAINS	2005	2	26	57	-11	-3.7	8.40597900295667	-999.9	0	6.16898148148147	2.51629139372954	330
MAPLE_PLAINS	2005	2	27	58	-10.8	-5.9	6.98111804715584	-999.9	0	7.07175925925925	1.94102128971396	330
MAPLE_PLAINS	2005	2	28	59	-10.8	-3.3	8.75433698892592	-999.9	0	3.68055555555556	1.93781071237488	330
MAPLE_PLAINS	2005	3	1	60	-7.5	3	10.4982488064315	-999.9	12.4	6.25661375661375	4.26151956442799	330
MAPLE_PLAINS	2005	3	2	61	-2.1	2.7	7.19340762042822	-999.9	6.8	2.8125	5.56429553065849	330
MAPLE_PLAINS	2005	3	3	62	-7.7	-4.8	5.66585671994995	-999.9	0	4.89583333333333	2.93347998731857	330
MAPLE_PLAINS	2005	3	4	63	-13.8	-7.9	8.18849982122139	-999.9	0	3.98148148148147	1.97362373210563	330
MAPLE_PLAINS	2005	3	5	64	-12.1	-4.9	9.16461316474657	-999.9	0	4.39814814814814	2.22401050745996	330
MAPLE_PLAINS	2005	3	6	65	-17.3	-0.9	14.0118613549657	-999.9	0	2.60416666666667	1.92904221096404	330
MAPLE_PLAINS	2005	3	7	66	-9.2	1.8	11.6238893060092	-999.9	1.3	4.17824074074075	3.25649369628522	330
MAPLE_PLAINS	2005	3	8	67	-10.1	9.3	15.6347594206027	-999.9	14.6	8.11342592592592	5.32310774758964	330
MAPLE_PLAINS	2005	3	9	68	-2.5	0.3	6.01530199162355	-999.9	2.1	9.30555555555556	4.28115364727033	330
MAPLE_PLAINS	2005	3	10	69	-12.8	-5.1	10.1009835248211	-999.9	0	3.125	1.90530777654381	330
MAPLE_PLAINS	2005	3	11	70	-15.2	-4.1	12.2792110037633	-999.9	0	2.66203703703704	1.88928810227694	330
MAPLE_PLAINS	2005	3	12	71	-8.8	-3.3	8.75045905242991	-999.9	0	5.72916666666667	2.65567180703254	330
MAPLE_PLAINS	2005	3	13	72	-6.8	-3.3	7.06598957966498	-999.9	0	6.90972222222222	3.46123367417338	330
MAPLE_PLAINS	2005	3	14	73	-5.1	0.6	9.12670482205954	-999.9	0.9	3.88888888888889	4.91920338480719	330
MAPLE_PLAINS	2005	3	15	74	-1.6	2.3	7.64000844166556	-999.9	0	4.05092592592592	5.4941751332704	330
MAPLE_PLAINS	2005	3	16	75	-5.5	1.3	10.2081625586013	-999.9	0.6	5.42824074074075	4.17468694743793	330
MAPLE_PLAINS	2005	3	17	76	-2.6	-0.7	5.45943202080533	-999.9	0.6	4.10879629629631	4.56395908316503	330
MAPLE_PLAINS	2005	3	18	77	-2.1	0.8	6.82326964069497	-999.9	2.2	2.8125	5.69874226705019	330
MAPLE_PLAINS	2005	3	19	78	-2.1	0.7	6.78172506134253	-999.9	0.7	4.50231481481481	5.24430098605301	330
MAPLE_PLAINS	2005	3	20	79	-4.7	0.4	9.25674083361263	-999.9	0	4.34027777777778	3.70429231136483	330
MAPLE_PLAINS	2005	3	21	80	-2.6	0.9	7.75465767199105	-999.9	0	2.95138888888889	5.01489434513082	330
MAPLE_PLAINS	2005	3	22	81	-5.1	0.9	10.266043974031	-999.9	0	1.78240740740741	4.3062422083866	330
MAPLE_PLAINS	2005	3	23	82	-6.7	2.4	12.7817397038179	-999.9	0	3.49537037037036	4.33328201640856	330
MAPLE_PLAINS	2005	3	24	83	-9.5	-0.6	12.7775791981283	-999.9	0	1.74768518518519	3.67843659704661	330
MAPLE_PLAINS	2005	3	25	84	-4.5	3.6	12.3203371924984	-999.9	0	4.09722222222222	5.0230530077213	330
MAPLE_PLAINS	2005	3	26	85	-7.4	-1	11.0672186282888	-999.9	0	2.96296296296297	2.85157185857675	330
MAPLE_PLAINS	2005	3	27	86	-9.1	6.3	17.3467826279491	-999.9	0	3.75	3.30601182875202	330
MAPLE_PLAINS	2005	3	28	87	-2.6	7.2	13.9805134437995	-999.9	29	4.21296296296297	5.40143726971885	330
MAPLE_PLAINS	2005	3	29	88	1.9	7.8	10.9579380567582	-999.9	20.8	6.26157407407408	8.30459028475474	330
MAPLE_PLAINS	2005	3	30	89	-0.9	-0.4	3.22197134599965	-999.9	0.8	10.0231481481481	5.39983169184883	330
MAPLE_PLAINS	2005	3	31	90	-2.5	0.4	7.83628930857461	-999.9	0.7	8.64583333333333	5.0292935073501	330
MAPLE_PLAINS	2005	4	1	91	-2.1	7.1	14.0935700749243	-999.9	0	2.53472222222222	6.17679974489303	330
MAPLE_PLAINS	2005	4	2	92	-0.3	8.8	14.151556888483	-999.9	0	2.82407407407408	6.53812939550436	330
MAPLE_PLAINS	2005	4	3	93	1.2	8.1	12.4395656759977	-999.9	5.9	7.80092592592592	7.11344414572502	330
MAPLE_PLAINS	2005	4	4	94	6	11.1	10.7945267656205	-999.9	0.6	5.64814814814814	9.40115392153076	330
MAPLE_PLAINS	2005	4	5	95	0.8	7.7	12.671312758952	-999.9	0	2.68518518518519	7.0629872045002	330
MAPLE_PLAINS	2005	4	6	96	1.9	12.6	15.9223885231189	-999.9	0	3.58796296296297	6.53381597705764	330
MAPLE_PLAINS	2005	4	7	97	-1.5	5.4	12.9003321907812	-999.9	7.4	2.32638888888889	4.6578973282	330
MAPLE_PLAINS	2005	4	8	98	0.5	5.7	11.2974091477697	-999.9	0	2.83564814814814	6.86717978722679	330
MAPLE_PLAINS	2005	4	9	99	-1.6	6.4	14.1339617511213	-999.9	0	3.13657407407408	5.40358956670779	330
MAPLE_PLAINS	2005	4	10	100	-1.4	10.9	17.6747873613756	-999.9	0	4.27083333333333	5.46068087485828	330
MAPLE_PLAINS	2005	4	11	101	-2	0.3	7.70707148817442	-999.9	0.7	4.81481481481481	4.99813013289781	330
MAPLE_PLAINS	2005	4	12	102	-2.2	4.6	13.3611852327927	-999.9	0	3.99305555555556	5.76489925740249	330
MAPLE_PLAINS	2005	4	13	103	-5	4.5	15.9205755779061	-999.9	0.7	3.14814814814814	5.07928828886879	330
MAPLE_PLAINS	2005	4	14	104	-1.7	1.1	8.71212187531297	-999.9	0	5.71759259259258	4.13599189236459	330
MAPLE_PLAINS	2005	4	15	105	-5.8	3.4	15.9158011525817	-999.9	0	3.98148148148147	3.07143608037185	330
MAPLE_PLAINS	2005	4	16	106	-6	13.5	23.3498148836413	-999.9	0	2.34953703703704	4.20491678595898	330
MAPLE_PLAINS	2005	4	17	107	-0.2	17.4	22.3509552106001	-999.9	0	2.63888888888889	6.18952152765128	330
MAPLE_PLAINS	2005	4	18	108	3.3	9.2	13.0371197118917	-999.9	0	4.52546296296297	5.8362406538131	330
MAPLE_PLAINS	2005	4	19	109	-4.5	11.5	21.6258914429806	-999.9	0	2.92824074074075	4.50134210845695	330
MAPLE_PLAINS	2005	4	20	110	3.9	13.7	17.0462224343936	-999.9	2.6	3.84057971014492	7.11033278243298	330
MAPLE_PLAINS	2005	4	21	111	-1.2	5	13.6538453102559	-999.9	1.8	2.46527777777778	5.41652398481161	330
MAPLE_PLAINS	2005	4	22	112	-3.6	10	20.3617816746374	-999.9	0	5.24305555555556	4.12062619514979	330
MAPLE_PLAINS	2005	4	23	113	-1.1	9.5	18.0979695527621	-999.9	10	2.16435185185185	5.46730344645231	330
MAPLE_PLAINS	2005	4	24	114	6.4	18.1	19.1400957301438	-999.9	8.2	6.05324074074075	12.2739484577069	330
MAPLE_PLAINS	2005	4	25	115	9	12	9.75506040853733	-999.9	29.4	6.46990740740742	11.9089457529388	330
MAPLE_PLAINS	2005	4	26	116	1.8	13.1	19.0533296181559	-999.9	0	2.60416666666667	8.23311651735451	330
MAPLE_PLAINS	2005	4	27	117	-0.9	11.4	20.0028076522295	-999.9	0	2.4537037037037	7.30553898276964	330
MAPLE_PLAINS	2005	4	28	118	1	6.9	13.9384934509918	-999.9	5.8	7.53472222222222	6.57883493233589	330
MAPLE_PLAINS	2005	4	29	119	2.9	12.4	17.7929519038841	-999.9	2.2	6.96759259259258	8.52221476479377	330
MAPLE_PLAINS	2005	4	30	120	1.2	11.8	18.905175743368	-999.9	9.8	4.29398148148147	7.62643434792926	330
MAPLE_PLAINS	2005	5	1	121	6.9	11.8	12.9274506452181	-999.9	7.8	7.07175925925925	10.4952893427231	330
MAPLE_PLAINS	2005	5	2	122	6.1	14.4	16.919467926272	-999.9	0	4.59490740740742	8.60096152854202	330
MAPLE_PLAINS	2005	5	3	123	2.7	13.7	19.5849657558243	-999.9	0	3.78472222222222	7.69810921622587	330
MAPLE_PLAINS	2005	5	4	124	2.3	14.8	20.9897167146619	-999.9	0	2.08333333333333	8.01271895649116	330
MAPLE_PLAINS	2005	5	5	125	0.5	13.8	21.7645168856247	-999.9	0	2.01388888888889	6.68471509541371	330
MAPLE_PLAINS	2005	5	6	126	-0.8	17.6	25.7306388983962	-999.9	0	2.16435185185185	5.90786080350496	330
MAPLE_PLAINS	2005	5	7	127	5.5	13.3	16.8366031983846	-999.9	27	4.08564814814814	7.89490500627972	330
MAPLE_PLAINS	2005	5	8	128	3.6	7.3	11.6525475296033	-999.9	3.2	5.96064814814814	7.75928998154747	330
MAPLE_PLAINS	2005	5	9	129	4	12.2	17.4295983260292	-999.9	0	3.35648148148147	9.33150104273825	330
MAPLE_PLAINS	2005	5	10	130	1.7	12.8	20.3727761304568	-999.9	0	3.25231481481481	9.39209303840308	330
MAPLE_PLAINS	2005	5	11	131	3.1	16.6	22.5689819184787	-999.9	0.2	1.72453703703704	10.8945670557138	330
MAPLE_PLAINS	2005	5	12	132	3	7.6	13.2320976549978	-999.9	2.4	5.21990740740742	6.66444066387352	330
MAPLE_PLAINS	2005	5	13	133	-1.6	3.2	13.5744948216911	-999.9	0	6.57407407407408	3.76390382253662	330
MAPLE_PLAINS	2005	5	14	134	-1	7.7	18.351213020662	-999.9	0	6.08796296296297	5.49736710965115	330
MAPLE_PLAINS	2005	5	15	135	3.4	10.6	16.761872826623	-999.9	0	3.05555555555556	8.39196576959679	330
MAPLE_PLAINS	2005	5	16	136	1.5	8.4	16.4733247459859	-999.9	4.4	1.65509259259259	7.75678052958781	330
MAPLE_PLAINS	2005	5	17	137	3.4	9.8	15.9256301276299	-999.9	0	1.63194444444444	8.82916464157633	330
MAPLE_PLAINS	2005	5	18	138	-1	13.3	23.8931989988453	-999.9	0.2	1.48148148148148	7.93442069905737	330
MAPLE_PLAINS	2005	5	19	139	3	7.7	13.746900409779	-999.9	16.6	3.93518518518519	8.51253448909308	330
MAPLE_PLAINS	2005	5	20	140	3.2	5.1	8.77066197140212	-999.9	1.6	5.82175925925925	7.93173189390619	330
MAPLE_PLAINS	2005	5	21	141	3.2	8.7	14.9722466616007	-999.9	3.2	3.35648148148147	8.68631231369853	330
MAPLE_PLAINS	2005	5	22	142	3.7	8.9	14.6052128904847	-999.9	6.8	6.49305555555556	8.48871416109025	330
MAPLE_PLAINS	2005	5	23	143	5.4	12.3	16.8764882520251	-999.9	0	5.91435185185186	8.71609442753832	330
MAPLE_PLAINS	2005	5	24	144	4.1	11.2	17.170736918601	-999.9	0	4.24768518518519	8.10885656670779	330
MAPLE_PLAINS	2005	5	25	145	3.4	13.5	20.538738010691	-999.9	0	3.88888888888889	7.61964730107381	330
MAPLE_PLAINS	2005	5	26	146	4.5	11.9	17.6292360013502	-999.9	2.8	5.09259259259258	8.87193438040216	330
MAPLE_PLAINS	2005	5	27	147	7.9	17	19.6017258601627	-999.9	0	4.36342592592592	12.9638590282096	330
MAPLE_PLAINS	2005	5	28	148	4.9	9.8	14.4204633689466	-999.9	0.2	2.36111111111111	9.78830467551921	330
MAPLE_PLAINS	2005	5	29	149	6.2	13.2	17.2778415090837	-999.9	0.2	1.78240740740741	11.0212479800712	330
MAPLE_PLAINS	2005	5	30	150	3.3	18.5	25.5195742727869	-999.9	0	1.84027777777778	9.91750671894637	330
MAPLE_PLAINS	2005	5	31	151	8.3	20.6	23.0073906358407	-999.9	0	1.28472222222222	11.6665676459422	330
MAPLE_PLAINS	2005	6	1	152	5.4	24.3	28.579922027937	-999.9	0	2.68518518518519	10.0437106346988	330
MAPLE_PLAINS	2005	6	2	153	11.4	25.4	24.6468689913321	-999.9	0	4.19082125603864	11.5544337573944	330
MAPLE_PLAINS	2005	6	3	154	8.8	23.6	25.3891752243005	-999.9	0	4.23611111111111	12.5036396941608	330
MAPLE_PLAINS	2005	6	4	155	10.9	17.5	16.9848693004281	-999.9	0.2	2.09490740740741	11.4558086099693	330
MAPLE_PLAINS	2005	6	5	156	8.4	13.2	14.5089500379979	-999.9	0.8	2.47685185185185	9.06599106536661	330
MAPLE_PLAINS	2005	6	6	157	-2.3	16.5	28.758891189894	-999.9	8.6	2.67361111111111	6.25920613688934	330
MAPLE_PLAINS	2005	6	7	158	8.1	18.9	21.8290962488326	-999.9	3	5.59027777777778	13.4193297785468	330
MAPLE_PLAINS	2005	6	8	159	12.4	18	15.7398817855869	-999.9	0	2.91666666666667	13.8453822758182	330
MAPLE_PLAINS	2005	6	9	160	5.4	23.7	28.4884989926248	-999.9	0	1.875	11.1860182035115	330
MAPLE_PLAINS	2005	6	10	161	12.9	25.5	23.6656774257891	-999.9	1.2	4.05092592592592	16.9311731063968	330
MAPLE_PLAINS	2005	6	11	162	9.1	16.5	18.1548356919753	-999.9	0	2.93981481481481	12.2381968156785	330
MAPLE_PLAINS	2005	6	12	163	8.6	19.8	22.3553507182941	-999.9	12	3.21759259259258	14.3485527119545	330
MAPLE_PLAINS	2005	6	13	164	11.2	14.1	11.3846784995423	-999.9	15.6	2.46527777777778	13.9091940348927	330
MAPLE_PLAINS	2005	6	14	165	9.2	18.3	20.1811125220072	-999.9	0	4.89583333333333	11.1292775799546	330
MAPLE_PLAINS	2005	6	15	166	2.9	19.1	26.9425032703349	-999.9	1.6	3.36805555555556	9.01164735353929	330
MAPLE_PLAINS	2005	6	16	167	8.8	11.9	11.7915461297123	-999.9	7.2	4.86111111111111	11.0224379015809	330
MAPLE_PLAINS	2005	6	17	168	8.1	13.8	15.9952226428745	-999.9	2.2	3.69212962962964	11.9331564285441	330
MAPLE_PLAINS	2005	6	18	169	9.2	12.4	11.9879335399594	-999.9	0.4	2.28009259259259	12.3336495306482	330
MAPLE_PLAINS	2005	6	19	170	8.5	13.1	14.3753452186838	-999.9	0.2	3.81944444444444	11.5804081928801	330
MAPLE_PLAINS	2005	6	20	171	0.4	23.1	31.9356607903834	-999.9	0	3.10185185185186	10.0347762369858	330
MAPLE_PLAINS	2005	6	21	172	11.8	23.3	22.72945974735	-999.9	2	4.45601851851853	14.0269019933281	330
MAPLE_PLAINS	2005	6	22	173	11.1	15.5	14.0571528591976	-999.9	1.2	2.34953703703704	12.7662675451252	330
MAPLE_PLAINS	2005	6	23	174	1.7	19	27.8662513881016	-999.9	0	2.17592592592593	9.21790283104921	330
MAPLE_PLAINS	2005	6	24	175	6.1	23.3	27.7752408527238	-999.9	10	3.75	11.601331182143	330
MAPLE_PLAINS	2005	6	25	176	12.8	27.8	25.9257300252801	-999.9	0	2.4537037037037	17.4195512005269	330
MAPLE_PLAINS	2005	6	26	177	17.2	21.4	13.7105666802954	-999.9	0	2.98611111111111	17.6457583219501	330
MAPLE_PLAINS	2005	6	27	178	12.4	25.6	24.2893981580498	-999.9	0	2.84722222222222	14.4691373726495	330
MAPLE_PLAINS	2005	6	28	179	15	24.6	20.6975077200017	-999.9	0	5.50925925925925	19.159148312331	330
MAPLE_PLAINS	2005	6	29	180	18.6	26.2	18.3990535331171	-999.9	1	4.09722222222222	23.3370997027872	330
MAPLE_PLAINS	2005	6	30	181	12.1	19.4	18.0139911651114	-999.9	0	3.18287037037036	12.8640584189167	330
MAPLE_PLAINS	2005	7	1	182	9.4	19.9	21.5802535451172	-999.9	6.8	4.02777777777778	14.7010837235721	330
MAPLE_PLAINS	2005	7	2	183	17.6	21.7	13.4685460333461	-999.9	5.2	4.62962962962964	20.6633680136906	330
MAPLE_PLAINS	2005	7	3	184	7.7	21.3	24.4973219356738	-999.9	0	2.04861111111111	11.8806964778097	330
MAPLE_PLAINS	2005	7	4	185	11.2	26.6	26.0305482242137	-999.9	0	2.70833333333333	13.6939323644692	330
MAPLE_PLAINS	2005	7	5	186	10.2	24.4	24.9571106619305	-999.9	1.8	3.78472222222222	12.2517618901623	330
MAPLE_PLAINS	2005	7	6	187	14.2	15.8	8.36354936053792	-999.9	7.6	3.24074074074075	14.9310653815329	330
MAPLE_PLAINS	2005	7	7	188	12	18.6	16.9565057357537	-999.9	0	2.89351851851853	14.1528185206177	330
MAPLE_PLAINS	2005	7	8	189	4.4	23.1	28.4886682610473	-999.9	0	1.33101851851852	12.7069153863657	330
MAPLE_PLAINS	2005	7	9	190	11.6	22.8	22.0039385840471	-999.9	3.4	2.36111111111111	16.0246965486084	330
MAPLE_PLAINS	2005	7	10	191	15.7	21.6	15.937144939931	-999.9	0.2	2.1412037037037	18.7474865847376	330
MAPLE_PLAINS	2005	7	11	192	13.7	18.5	14.343369543966	-999.9	0	2.93981481481481	16.8716846946553	330
MAPLE_PLAINS	2005	7	12	193	14	16.1	9.46540333386207	-999.9	0	4.62962962962964	14.9556699708078	330
MAPLE_PLAINS	2005	7	13	194	13.1	19.5	16.484323480362	-999.9	0.4	1.52777777777778	16.8091640146258	330
MAPLE_PLAINS	2005	7	14	195	12.4	20.3	18.2683364332116	-999.9	7.8	3.65740740740742	16.7995485538526	330
MAPLE_PLAINS	2005	7	15	196	15.8	22.8	17.1510742470521	-999.9	0	2.32638888888889	18.7977903143067	330
MAPLE_PLAINS	2005	7	16	197	11.9	17.4	15.1611771344812	-999.9	0	3.03240740740742	14.6591006191735	330
MAPLE_PLAINS	2005	7	17	198	10.9	27.3	26.1056832438107	-999.9	0	2.75462962962963	17.3902181032654	330
MAPLE_PLAINS	2005	7	18	199	16.5	27.2	21.0241648356368	-999.9	0	3.56481481481481	21.0758926187962	330
MAPLE_PLAINS	2005	7	19	200	20.4	26.3	15.5639066030762	-999.9	0	3.92361111111111	25.6611378392722	330
MAPLE_PLAINS	2005	7	20	201	19.2	27.8	18.7309350917066	-999.9	0.4	2.42753623188406	24.3599690613112	330
MAPLE_PLAINS	2005	7	21	202	17.1	26.1	19.0985693637854	-999.9	0	1.68981481481481	19.9158959371425	330
MAPLE_PLAINS	2005	7	22	203	13.8	24.9	21.1379071680807	-999.9	0	1.74242424242424	17.6580025037806	330
MAPLE_PLAINS	2005	7	23	204	15.5	19.7	11.8294537996902	-999.9	0	3.81	17.8787788733113	330
MAPLE_PLAINS	2005	7	24	205	12	22.4	19.4186499470243	-999.9	0	4.82	15.1788108663882	330
MAPLE_PLAINS	2005	7	25	206	12.5	20.2	16.0026391320616	-999.9	0	5.14	15.0026440813196	330
MAPLE_PLAINS	2005	7	26	207	14	27.5	22.5442230305785	-999.9	0	5.03	20.1750679631853	330
MAPLE_PLAINS	2005	7	27	208	19.5	22.9	11.6513715263986	-999.9	0	5.77	22.3286792038274	330
MAPLE_PLAINS	2005	7	28	209	13.6	22.1	18.0804274657432	-999.9	1.2	2.30769230769231	14.6998472104267	330
MAPLE_PLAINS	2005	7	29	210	14	22.6	18.1102889751418	-999.9	0	2.33796296296296	18.0195566597153	330
MAPLE_PLAINS	2005	7	30	211	13.6	22.8	18.6507830021409	-999.9	0	2.47685185185185	14.8465557898198	330
MAPLE_PLAINS	2005	7	31	212	6.7	22.8	24.5636533739016	-999.9	0	1.74768518518519	11.5778183722067	330
MAPLE_PLAINS	2005	8	1	213	7.9	19.6	20.844883327322	-999.9	17.2	2.89351851851853	13.4330248370152	330
MAPLE_PLAINS	2005	8	2	214	14.4	22.1	16.8316946118534	-999.9	0.4	2.28009259259259	18.4506886305776	330
MAPLE_PLAINS	2005	8	3	215	15.6	19.3	11.6120389933628	-999.9	0.8	2.98611111111111	17.1681355333791	330
MAPLE_PLAINS	2005	8	4	216	13.6	19.9	15.0782872162132	-999.9	0.2	2.89351851851853	15.3914052872897	330
MAPLE_PLAINS	2005	8	5	217	8.4	22.6	22.5241680205024	-999.9	0.6	3.84259259259258	14.2104256073045	330
MAPLE_PLAINS	2005	8	6	218	16	23.5	16.2857050459046	-999.9	0	2.40740740740741	17.1398533061398	330
MAPLE_PLAINS	2005	8	7	219	7.3	25.7	25.3749063778524	-999.9	0	2.29166666666667	12.9019611579452	330
MAPLE_PLAINS	2005	8	8	220	15.6	27.6	20.3823275608952	-999.9	0	2.92824074074075	18.2859228821243	330
MAPLE_PLAINS	2005	8	9	221	12.6	28	22.9635431120233	-999.9	0	3.93518518518519	18.6154013973594	330
MAPLE_PLAINS	2005	8	10	222	18.1	26.6	16.96488427868	-999.9	0	5.23148148148147	21.6483052123961	330
MAPLE_PLAINS	2005	8	11	223	18.5	28.5	18.2958086345095	-999.9	0	3.69212962962964	23.9991625657439	330
MAPLE_PLAINS	2005	8	12	224	7.7	24.6	23.6456986173946	-999.9	0.2	1.49305555555556	12.1646624011583	330
MAPLE_PLAINS	2005	8	13	225	12.1	21.5	17.5297886384883	-999.9	0.2	3.07870370370369	16.4559174574455	330
MAPLE_PLAINS	2005	8	14	226	14.8	25.6	18.6756231480329	-999.9	0.2	1.03009259259259	19.4217725808928	330
MAPLE_PLAINS	2005	8	15	227	14.1	23.2	17.0365109448219	-999.9	0.2	0.567129629629631	17.1866996842758	330
MAPLE_PLAINS	2005	8	16	228	7.2	23.4	22.5870867539968	-999.9	0	1.89814814814815	13.0037202029108	330
MAPLE_PLAINS	2005	8	17	229	14.2	23.2	16.7267855051219	-999.9	0	2.98611111111111	16.9160429963344	330
MAPLE_PLAINS	2005	8	18	230	12.4	21.2	16.4310990034378	-999.9	0.4	2.47685185185185	13.5185041758878	330
MAPLE_PLAINS	2005	8	19	231	5.4	21.4	22.007189927442	-999.9	0.2	1.74768518518519	10.9911508814479	330
MAPLE_PLAINS	2005	8	20	232	6.3	22.8	22.1958069072778	-999.9	0.2	2.21064814814815	12.3122673949154	330
MAPLE_PLAINS	2005	8	21	233	17.2	23.9	14.0454461953723	-999.9	0.4	3.69212962962964	21.1357002335371	330
MAPLE_PLAINS	2005	8	22	234	16.5	27.8	18.1113620397534	-999.9	0	2.36111111111111	20.6138797401216	330
MAPLE_PLAINS	2005	8	23	235	14	25.8	18.3743083246359	-999.9	0	1.58564814814815	20.2115926018617	330
MAPLE_PLAINS	2005	8	24	236	15.6	17.5	7.31895436743522	-999.9	1	3.36805555555556	16.9277821533712	330
MAPLE_PLAINS	2005	8	25	237	13.3	18.1	11.5461987208485	-999.9	0.2	3.37962962962964	16.4904749302805	330
MAPLE_PLAINS	2005	8	26	238	7.1	26.1	22.7973887573144	-999.9	0	1.38888888888889	14.8730560283121	330
MAPLE_PLAINS	2005	8	27	239	8.1	27	22.5617423087124	-999.9	0	1.89814814814815	14.3973603893104	330
MAPLE_PLAINS	2005	8	28	240	13.9	25.5	17.5366851012263	-999.9	0	3.84259259259258	16.7169719850536	330
MAPLE_PLAINS	2005	8	29	241	16.2	27.3	17.0176642359433	-999.9	0	2.56944444444444	21.177086535806	330
MAPLE_PLAINS	2005	8	30	242	18.5	22.8	10.505957882048	-999.9	2.8	2.15277777777778	21.8485540271855	330
MAPLE_PLAINS	2005	8	31	243	18.4	22.8	10.5398297799516	-999.9	7.6	3.26719576719578	23.1805291980827	330
MAPLE_PLAINS	2005	9	1	244	19.9	24.3	10.4515849964613	-999.9	9.2	4.53703703703703	24.4061484928689	330
MAPLE_PLAINS	2005	9	2	245	15.9	25.5	15.3067363359045	-999.9	0	3.19444444444444	18.9170276102607	330
MAPLE_PLAINS	2005	9	3	246	15.7	23.5	13.6781685862308	-999.9	0	3.37962962962964	17.2910080374727	330
MAPLE_PLAINS	2005	9	4	247	7.8	22	18.2936724122402	-999.9	0	1.45833333333333	13.2900193648978	330
MAPLE_PLAINS	2005	9	5	248	5.6	20.2	18.3844890132789	-999.9	0	1.65509259259259	11.6089869706736	330
MAPLE_PLAINS	2005	9	6	249	4.4	22.7	20.3967686391801	-999.9	0	1.81712962962963	11.3503136055484	330
MAPLE_PLAINS	2005	9	7	250	8.5	25.1	19.248318723799	-999.9	0.2	2.68518518518519	15.1432859092835	330
MAPLE_PLAINS	2005	9	8	251	11.1	26.1	18.1271507462493	-999.9	1	2.36111111111111	17.1691427232259	330
MAPLE_PLAINS	2005	9	9	252	13.9	18.9	10.36707668526	-999.9	4	2.16435185185185	16.7215199957762	330
MAPLE_PLAINS	2005	9	10	253	7.5	17.6	14.5935734476931	-999.9	1.8	3.44907407407408	11.9994326013962	330
MAPLE_PLAINS	2005	9	11	254	8	18.3	14.5945778786389	-999.9	10.6	3.58796296296297	9.74410496771631	330
MAPLE_PLAINS	2005	9	12	255	11.7	19.7	12.735977205148	-999.9	0.2	6.55092592592592	13.7520114463832	330
MAPLE_PLAINS	2005	9	13	256	5.6	17.4	15.313876090957	-999.9	0	1.49305555555556	10.6438181703607	330
MAPLE_PLAINS	2005	9	14	257	7	22.4	17.3182479553892	-999.9	0	3.70370370370369	13.2946497262194	330
MAPLE_PLAINS	2005	9	15	258	17.3	23.2	10.6099136226949	-999.9	9	3.18287037037036	21.4356147782227	330
MAPLE_PLAINS	2005	9	16	259	14.8	21.4	11.1056256613048	-999.9	0	2.11805555555556	17.6382636046808	330
MAPLE_PLAINS	2005	9	17	260	13	16.5	8.00264399090836	-999.9	37.2	3.06712962962964	15.7258323753878	330
MAPLE_PLAINS	2005	9	18	261	14	16.8	7.08190910283355	-999.9	2.6	2.67361111111111	16.8863647535191	330
MAPLE_PLAINS	2005	9	19	262	13.4	19.5	10.3407452986294	-999.9	0.4	1.57407407407407	16.9853572639291	330
MAPLE_PLAINS	2005	9	20	263	6.6	19.3	14.7587111372423	-999.9	17.4	2.52314814814815	12.1363114198638	330
MAPLE_PLAINS	2005	9	21	264	14	17.8	7.984402783455	-999.9	0	4.90740740740742	14.2843348380137	330
MAPLE_PLAINS	2005	9	22	265	12.9	19.2	10.1664610001195	-999.9	0	4.62962962962964	12.3628724055664	330
MAPLE_PLAINS	2005	9	23	266	15.8	17.2	4.73868331470693	-999.9	2	4.23611111111111	16.231499521286	330
MAPLE_PLAINS	2005	9	24	267	8.5	14.3	9.53558955791384	-999.9	0	3.96990740740742	9.46264590200524	330
MAPLE_PLAINS	2005	9	25	268	0.1	16.9	16.0425848419518	-999.9	1.6	2.55787037037037	7.96789443549218	330
MAPLE_PLAINS	2005	9	26	269	12	19	10.2353267862038	-999.9	16.6	4.86111111111111	15.0944334211337	330
MAPLE_PLAINS	2005	9	27	270	10.5	14.8	7.92806799216537	-999.9	3	3.64583333333333	13.6941667419505	330
MAPLE_PLAINS	2005	9	28	271	3.8	16.5	13.4636733659612	-999.9	0.2	1.64351851851852	10.214904693347	330
MAPLE_PLAINS	2005	9	29	272	7.1	19.2	12.984696416807	-999.9	6.6	6.33101851851853	11.7056218634976	330
MAPLE_PLAINS	2005	9	30	273	8	12.3	7.64716325396599	-999.9	0.2	4.12037037037036	9.56410801308794	330
MAPLE_PLAINS	2005	10	1	274	0.8	16.4	14.38818079148	-999.9	0	2.65046296296296	8.57370278074958	330
MAPLE_PLAINS	2005	10	2	275	11.4	18.4	9.51965861501662	-999.9	0	2.31481481481481	12.8576507348931	330
MAPLE_PLAINS	2005	10	3	276	3.4	22.2	15.4075043389371	-999.9	0	1.75925925925926	11.5022971587478	330
MAPLE_PLAINS	2005	10	4	277	12.6	20.5	9.86282187304157	-999.9	0	4.24768518518519	14.5885554879193	330
MAPLE_PLAINS	2005	10	5	278	13.3	19	8.27205954245268	-999.9	0	2.26851851851852	16.4866228869403	330
MAPLE_PLAINS	2005	10	6	279	13.9	17.9	6.84148270435788	-999.9	1.6	2.5	17.0353919179274	330
MAPLE_PLAINS	2005	10	7	280	15.3	21	8.06228790089826	-999.9	14	4.375	19.4456655338983	330
MAPLE_PLAINS	2005	10	8	281	9.2	11.4	4.94413969266393	-999.9	62.8	4.07407407407408	12.0706973797881	330
MAPLE_PLAINS	2005	10	9	282	8.2	12.2	6.58001849044806	-999.9	4	3.51851851851853	11.8028485931793	330
MAPLE_PLAINS	2005	10	10	283	10.4	13.8	5.98707791827875	-999.9	25	3.57638888888889	13.5249949943799	330
MAPLE_PLAINS	2005	10	11	284	8.8	10.5	4.17772959586837	-999.9	0	4.89583333333333	10.6386007226544	330
MAPLE_PLAINS	2005	10	12	285	1.2	11.4	10.0976426420374	-999.9	0.2	2.32638888888889	7.71374449179541	330
MAPLE_PLAINS	2005	10	13	286	-1.4	12.6	11.6722137467648	-999.9	0	1.14583333333333	7.83998102374653	330
MAPLE_PLAINS	2005	10	14	287	1.7	13.9	10.7499241230509	-999.9	0	1.40046296296296	9.38191319430227	330
MAPLE_PLAINS	2005	10	15	288	8.6	15.2	7.80014142847378	-999.9	11.6	5.87962962962964	12.4793577084288	330
MAPLE_PLAINS	2005	10	16	289	11.2	13.4	4.44239842754341	-999.9	11.8	7.10648148148147	12.5552139757528	330
MAPLE_PLAINS	2005	10	17	290	7.7	10.4	4.8544082491247	-999.9	5.2	4.27083333333333	10.5125328058291	330
MAPLE_PLAINS	2005	10	18	291	8.4	12.2	5.68027161232393	-999.9	0.2	4.32870370370369	10.3201055756851	330
MAPLE_PLAINS	2005	10	19	292	8	12.7	6.23054307166607	-999.9	3.2	3.87731481481481	10.0357476729568	330
MAPLE_PLAINS	2005	10	20	293	7.5	8.9	3.35366494563935	-999.9	0.2	6.01851851851853	8.38511541696471	330
MAPLE_PLAINS	2005	10	21	294	4.7	9.8	6.31249077997077	-999.9	0	4.91898148148147	7.52651100435127	330
MAPLE_PLAINS	2005	10	22	295	3.4	10.2	7.18809644353765	-999.9	0	2.26851851851852	8.33125703365641	330
MAPLE_PLAINS	2005	10	23	296	5.8	8.3	4.29793146344569	-999.9	27	4.32870370370369	8.81691275789739	330
MAPLE_PLAINS	2005	10	24	297	5.8	8.3	4.23817041239527	-999.9	0	3.84259259259258	8.18803769761652	330
MAPLE_PLAINS	2005	10	25	298	4.8	7.9	4.65371506802377	-999.9	34.6	4.23611111111111	8.44288244565553	330
MAPLE_PLAINS	2005	10	26	299	6.3	10.8	5.52879068845721	-999.9	5.2	6.44675925925925	10.4623483224196	330
MAPLE_PLAINS	2005	10	27	300	4.4	7.6	4.59728222292631	-999.9	6.2	4.10879629629631	8.8506479520658	330
MAPLE_PLAINS	2005	10	28	301	0.6	6.8	6.30993174954998	-999.9	0	2.08333333333333	6.84126086026222	330
MAPLE_PLAINS	2005	10	29	302	1.9	5.9	4.99763959072177	-999.9	0.2	1.53935185185185	6.84703297758558	330
MAPLE_PLAINS	2005	10	30	303	-3.2	10.9	9.25246226777738	-999.9	0	1.37731481481481	7.01601207377476	330
MAPLE_PLAINS	2005	10	31	304	1.3	11.6	7.79810803273258	-999.9	0	2.37268518518519	8.04765005275383	330
MAPLE_PLAINS	2005	11	1	305	8.2	14.9	6.20218022213333	-999.9	0	3.35648148148147	10.5430388613209	330
MAPLE_PLAINS	2005	11	2	306	7.9	11	4.16045845255224	-999.9	1.8	4.49074074074075	9.08578227136172	330
MAPLE_PLAINS	2005	11	3	307	2.6	7.4	5.10569636314666	-999.9	5.4	5.34722222222222	6.23097617129712	330
MAPLE_PLAINS	2005	11	4	308	2.4	5.4	3.98101140116702	-999.9	0.2	3.17129629629631	6.55300935021641	330
MAPLE_PLAINS	2005	11	5	309	0.9	10.2	6.91354750287513	-999.9	0	2.66203703703704	8.06832998560322	330
MAPLE_PLAINS	2005	11	6	310	5.1	11.5	5.65728877625835	-999.9	4.4	4.47916666666667	9.8210603610079	330
MAPLE_PLAINS	2005	11	7	311	5.2	13.8	6.46938081389089	-999.9	1	6.85185185185186	9.81105521374489	330
MAPLE_PLAINS	2005	11	8	312	2.4	5.2	3.64190004477357	-999.9	2.4	7.93981481481481	4.57406351098332	330
MAPLE_PLAINS	2005	11	9	313	0.6	7.2	5.51697617877685	-999.9	5.8	3.62268518518519	6.94504085337531	330
MAPLE_PLAINS	2005	11	10	314	-2.4	13.2	8.36990475580839	-999.9	26.8	5.78703703703703	8.38867486028352	330
MAPLE_PLAINS	2005	11	11	315	2.5	3.9	2.47459801296043	-999.9	0	3.86574074074075	5.75793980430766	330
MAPLE_PLAINS	2005	11	12	316	-0.6	1.6	3.06190876993067	-999.9	0	2.89351851851853	4.50522371796604	330
MAPLE_PLAINS	2005	11	13	317	-5.3	7	7.14720324123075	-999.9	0	1.94444444444444	5.08762136891614	330
MAPLE_PLAINS	2005	11	14	318	2.4	13.2	6.61249213805074	-999.9	0.4	4.65277777777778	8.67793764078926	330
MAPLE_PLAINS	2005	11	15	319	0.7	3.3	3.20391826933189	-999.9	7.4	2.29166666666667	5.53808338007292	330
MAPLE_PLAINS	2005	11	16	320	-0.1	14.8	7.57540519244159	-999.9	6.8	4.90740740740742	9.99509984472032	330
MAPLE_PLAINS	2005	11	17	321	5.5	13.2	5.37969192921163	-999.9	14.8	3.68055555555556	11.0578013244205	330
MAPLE_PLAINS	2005	11	18	322	-0.1	1.8	2.64042813294282	-999.9	0	3.04398148148147	4.83924500380274	330
MAPLE_PLAINS	2005	11	19	323	-5.7	1.5	5.07972738183995	-999.9	0	2.31481481481481	3.82606550592394	330
MAPLE_PLAINS	2005	11	20	324	-5.7	5.2	6.1781726875039	-999.9	0	2.78935185185186	4.66143550845447	330
MAPLE_PLAINS	2005	11	21	325	0.1	8	5.20036660987478	-999.9	2.2	2.77777777777778	6.72119356298824	330
MAPLE_PLAINS	2005	11	22	326	4.2	14.2	5.78628719199017	-999.9	26.8	7.61574074074075	10.7297133877612	330
MAPLE_PLAINS	2005	11	23	327	5.5	7.8	2.7450760927681	-999.9	11	4.45601851851853	8.56572459495777	330
MAPLE_PLAINS	2005	11	24	328	-0.9	9.9	5.88584339664214	-999.9	9.6	5.46296296296297	7.08158803436474	330
MAPLE_PLAINS	2005	11	25	329	0	9.2	5.37672596638666	-999.9	0.6	5.90277777777778	5.69014772155955	330
MAPLE_PLAINS	2005	11	26	330	-4.8	2	4.57647741087836	-999.9	0	1.93287037037037	3.94551272020754	330
MAPLE_PLAINS	2005	11	27	331	-4.1	2.1	4.32769021951602	-999.9	0.2	3.37962962962964	4.88321759628039	330
MAPLE_PLAINS	2005	11	28	332	-7.5	3.9	5.81341846126309	-999.9	0.7	0.787037037037036	4.71426592639594	330
MAPLE_PLAINS	2005	11	29	333	0.7	8.5	4.76524707510287	-999.9	0	3.84259259259258	6.99643241372045	330
MAPLE_PLAINS	2005	11	30	334	5.1	10	3.74403506513493	-999.9	0	5.25462962962964	9.50808374792159	330
MAPLE_PLAINS	2005	12	1	335	6.3	9.6	3.04685601847093	-999.9	9.6	3.99305555555556	10.1793460064759	330
MAPLE_PLAINS	2005	12	2	336	4.7	9.4	3.6070386305527	-999.9	1.4	5.78703703703703	9.361375058409	330
MAPLE_PLAINS	2005	12	3	337	0.5	3	2.61057947830571	-999.9	0	4.83796296296297	5.38373529200733	330
MAPLE_PLAINS	2005	12	4	338	-4.1	-0.7	3.02227361426083	-999.9	0	5.91435185185186	3.02366895485007	330
MAPLE_PLAINS	2005	12	5	339	-3.5	-0.7	2.72374946541999	-999.9	0	8.10185185185186	2.87886762709348	330
MAPLE_PLAINS	2005	12	6	340	-5.9	-3.8	2.34348365147462	-999.9	0	3.34490740740742	2.73334934917395	330
MAPLE_PLAINS	2005	12	7	341	-7.1	-4.2	2.73709243901077	-999.9	0	5.87962962962964	2.44676925015819	330
MAPLE_PLAINS	2005	12	8	342	-7.8	-3	3.50128015123991	-999.9	0.6	3.80787037037036	2.84398255543553	330
MAPLE_PLAINS	2005	12	9	343	-12	-0.2	5.46064525601583	-999.9	3.5	2.91666666666667	3.19946768438944	330
MAPLE_PLAINS	2005	12	10	344	-5	2.1	4.21514901257314	-999.9	0	3.65740740740742	4.79894080976755	330
MAPLE_PLAINS	2005	12	11	345	-11	5.2	6.33882939460181	-999.9	3	4.46759259259258	4.59543462876271	330
MAPLE_PLAINS	2005	12	12	346	-3.4	-0.8	2.52927306114009	-999.9	0.7	1.3768115942029	4.80691483918547	330
MAPLE_PLAINS	2005	12	13	347	-7	-2	3.4949717980689	-999.9	4	3.63425925925925	3.89861443204065	330
MAPLE_PLAINS	2005	12	14	348	-5.8	-3.7	2.25793944708843	-999.9	3.1	9.13194444444444	4.15713155950403	330
MAPLE_PLAINS	2005	12	15	349	-7.7	-4.8	2.64631718230173	-999.9	0	6.65509259259258	3.10293441710373	330
MAPLE_PLAINS	2005	12	16	350	-15.1	3.9	6.7586182118878	-999.9	10	2.68518518518519	3.48572228277343	330
MAPLE_PLAINS	2005	12	17	351	-5.6	3	4.53908090544845	-999.9	0	6.72453703703703	4.63277003445712	330
MAPLE_PLAINS	2005	12	18	352	-3.2	-0.3	2.63242362078871	-999.9	0	4.88425925925925	4.12470247483049	330
MAPLE_PLAINS	2005	12	19	353	-9.6	-1.9	4.28589542525708	-999.9	0.6	2.2337962962963	3.2636136931866	330
MAPLE_PLAINS	2005	12	20	354	-10.2	-2.3	4.33961387527807	-999.9	0	4.25925925925925	2.81997749189643	330
MAPLE_PLAINS	2005	12	21	355	-10.9	-7	3.04939277689328	-999.9	0	1.93287037037037	2.261985542745	330
MAPLE_PLAINS	2005	12	22	356	-18.9	-2.6	6.23764361968923	-999.9	0	2.30324074074074	1.98039025606678	330
MAPLE_PLAINS	2005	12	23	357	-16.1	-0.6	6.08891860988966	-999.9	2.8	2.7662037037037	2.89929860711476	330
MAPLE_PLAINS	2005	12	24	358	-13.1	-0.5	5.49804689841481	-999.9	1.4	1.06481481481481	3.56616346376159	330
MAPLE_PLAINS	2005	12	25	359	-4.4	0.7	3.50475379498157	-999.9	1.9	1.66666666666667	5.18029506794083	330
MAPLE_PLAINS	2005	12	26	360	-0.9	1.3	2.30744991836578	-999.9	38.6	7.43055555555556	5.96520511658787	330
MAPLE_PLAINS	2005	12	27	361	-1.5	0.4	2.15052297760224	-999.9	2	6.88657407407408	5.8188470610661	330
MAPLE_PLAINS	2005	12	28	362	-5.1	-0.9	3.20800029593718	-999.9	0	3.66898148148147	4.62083298437692	330
MAPLE_PLAINS	2005	12	29	363	-6.4	10.2	6.40177525186511	-999.9	0.7	4.18981481481481	6.44586882437246	330
MAPLE_PLAINS	2005	12	30	364	3.3	10.9	4.34992463036273	-999.9	9.8	5.77546296296297	9.45844973214363	330
MAPLE_PLAINS	2005	12	31	365	-8.5	-4	3.36278582137933	-999.9	0.6	4.36342592592592	3.29317099393801	330
