MAPLE_PLAINS	2022	1	1	1	-0.4	6.1	4.062135326932	-999.9	2.6	2.22222222222222	7.3342152314508	330
MAPLE_PLAINS	2022	1	2	2	-4.5	5.9	5.16657736140732	-999.9	4.1	3.33333333333333	6.34104263734385	330
MAPLE_PLAINS	2022	1	3	3	-11.9	-4.4	4.41353009227697	-999.9	0.2	3.00925925925925	2.79984016962493	330
MAPLE_PLAINS	2022	1	4	4	-16.8	-7	5.07709108431711	-999.9	0.4	2.7662037037037	1.97139294040477	330
MAPLE_PLAINS	2022	1	5	5	-10.2	6.3	6.63229813321049	-999.9	3.6	4.05092592592592	4.45524381802713	330
MAPLE_PLAINS	2022	1	6	6	-3.1	7.8	5.42906960468583	-999.9	10.8	2.52314814814815	7.00521594559137	330
MAPLE_PLAINS	2022	1	7	7	-5.2	-1.5	3.18690510318628	-999.9	7.3	4.91898148148147	4.54073809657579	330
MAPLE_PLAINS	2022	1	8	8	-19.4	-5.1	6.3147233627175	-999.9	0.4	4.59490740740742	2.0357056543225	330
MAPLE_PLAINS	2022	1	9	9	-11.8	3.3	6.54260239411582	-999.9	1.1	3.63425925925925	3.87407300541648	330
MAPLE_PLAINS	2022	1	10	10	-15.5	2.5	7.20489059621575	-999.9	0	4.43287037037036	2.5189049666401	330
MAPLE_PLAINS	2022	1	11	11	-18.7	-15.5	3.06509590687591	-999.9	0	3.58796296296297	1.04140634205917	330
MAPLE_PLAINS	2022	1	12	12	-22.8	-2.2	7.84919103308902	-999.9	1.8	3.71527777777778	1.91868897563756	330
MAPLE_PLAINS	2022	1	13	13	-12.2	-3.4	5.17957852927048	-999.9	0	1.27314814814815	3.00069470516319	330
MAPLE_PLAINS	2022	1	14	14	-6	2.9	5.26071423432639	-999.9	2.6	4.88425925925925	5.24812533637425	330
MAPLE_PLAINS	2022	1	15	15	-15.9	-5.5	5.74503918434045	-999.9	4.4	8.55324074074075	2.285421013939	330
MAPLE_PLAINS	2022	1	16	16	-21.6	-10.8	5.91616028506288	-999.9	0	4.90740740740742	1.18375883599164	330
MAPLE_PLAINS	2022	1	17	17	-21.3	5.3	9.38514061919929	-999.9	2.4	6.30787037037036	2.73152991420754	330
MAPLE_PLAINS	2022	1	18	18	-14.2	4.8	8.01980673978326	-999.9	0.2	4.75694444444445	3.68313557674244	330
MAPLE_PLAINS	2022	1	19	19	-17.1	-0.6	7.55834058002977	-999.9	0.4	4.98842592592592	2.01836595548064	330
MAPLE_PLAINS	2022	1	20	20	-13.4	1.9	7.36262774070742	-999.9	0.3	2.7662037037037	3.34380640343095	330
MAPLE_PLAINS	2022	1	21	21	-24.5	-12.6	6.56997207863508	-999.9	0.2	2.83564814814814	1.06479670330038	330
MAPLE_PLAINS	2022	1	22	22	-27.2	-8.2	8.40165916305217	-999.9	0	0.601851851851853	1.16904988362853	330
MAPLE_PLAINS	2022	1	23	23	-11	-3.2	5.44909177511949	-999.9	0.2	1.875	3.14499612900562	330
MAPLE_PLAINS	2022	1	24	24	-23.2	-5.1	8.40407839664142	-999.9	0.2	1.15740740740741	1.51962055793106	330
MAPLE_PLAINS	2022	1	25	25	-17.5	0.7	8.5337718451722	-999.9	1.2	3.17129629629631	2.86395788335247	330
MAPLE_PLAINS	2022	1	26	26	-21.6	-9	7.19152233168828	-999.9	0	1.96759259259259	1.42558008591407	330
MAPLE_PLAINS	2022	1	27	27	-24.4	-11.4	7.39960233296875	-999.9	0.2	2.19907407407407	1.14568108211225	330
MAPLE_PLAINS	2022	1	28	28	-11.4	-1.4	6.5751253984655	-999.9	2.2	3.31018518518519	3.15064940439121	330
MAPLE_PLAINS	2022	1	29	29	-7.6	-0.5	5.61386653444544	-999.9	4.8	6.14583333333333	4.14134924815939	330
MAPLE_PLAINS	2022	1	30	30	-12.4	2	8.10214426117869	-999.9	0	4.74537037037036	3.29601758828851	330
MAPLE_PLAINS	2022	1	31	31	-22.8	-8.5	8.18323455646883	-999.9	0	2.92824074074075	1.2237293747169	330
MAPLE_PLAINS	2022	2	1	32	-26.2	-10	8.82878121810339	-999.9	0	0.798611111111111	1.15301114670381	330
MAPLE_PLAINS	2022	2	2	33	-24.9	0.9	11.2949168465923	-999.9	0	2.80092592592592	1.98833241508701	330
MAPLE_PLAINS	2022	2	3	34	-5	6.1	7.51110842087235	-999.9	1.7	4.21296296296297	6.08563180266749	330
MAPLE_PLAINS	2022	2	4	35	-6	-4.9	2.39741656279309	-999.9	10.6	5.26620370370369	3.74343836493246	330
MAPLE_PLAINS	2022	2	5	36	-15.5	-4.7	7.61719110435841	-999.9	0.4	4.82638888888889	2.47644225124648	330
MAPLE_PLAINS	2022	2	6	37	-24	-10.7	8.57179630505461	-999.9	0	2.74305555555556	1.05871987139257	330
MAPLE_PLAINS	2022	2	7	38	-10.8	-1.6	7.22980112671821	-999.9	0	4.15509259259258	2.94957081462534	330
MAPLE_PLAINS	2022	2	8	39	-2.3	2.7	5.40534551546535	-999.9	21.8	5.42824074074075	5.83028094692168	330
MAPLE_PLAINS	2022	2	9	40	-2.4	2.4	5.37132016570014	-999.9	0.7	3.21759259259258	5.59026690833333	330
MAPLE_PLAINS	2022	2	10	41	-4.6	2.6	6.67207653533599	-999.9	0	3.04398148148147	4.95454015124067	330
MAPLE_PLAINS	2022	2	11	42	-1.3	4.3	5.96804470940412	-999.9	0	3.46064814814814	5.28063247513743	330
MAPLE_PLAINS	2022	2	12	43	1.5	11.9	8.2490434658564	-999.9	0.4	4.20138888888889	7.17779798273546	330
MAPLE_PLAINS	2022	2	13	44	-9.8	3	9.28203315738893	-999.9	0.2	3.27546296296297	3.4518368520221	330
MAPLE_PLAINS	2022	2	14	45	-14.4	-7	7.15820940963789	-999.9	0.9	4.20138888888889	2.30016566564183	330
MAPLE_PLAINS	2022	2	15	46	-20.9	-11.9	8.00675181981373	-999.9	0	3.76157407407408	1.14563612255027	330
MAPLE_PLAINS	2022	2	16	47	-16.4	1.8	11.5481019828445	-999.9	0	4.20138888888889	2.21605139825027	330
MAPLE_PLAINS	2022	2	17	48	1.8	10.1	7.90941142638668	-999.9	0.2	6.35416666666667	7.68605932536969	330
MAPLE_PLAINS	2022	2	18	49	-8.8	10.3	12.1685737611319	-999.9	23	5.3125	6.0211621984711	330
MAPLE_PLAINS	2022	2	19	50	-10.3	-4	7.08755080747047	-999.9	1.3	3.4375	2.52859544934453	330
MAPLE_PLAINS	2022	2	20	51	-11.3	-3.6	7.94614887433726	-999.9	0	3.72685185185186	2.6281006549865	330
MAPLE_PLAINS	2022	2	21	52	-5.5	5.2	9.49879956152673	-999.9	0	4.10879629629631	4.23425719960396	330
MAPLE_PLAINS	2022	2	22	53	-8.4	0.7	8.88261354237651	-999.9	0.8	4.66435185185186	3.2693934256015	330
MAPLE_PLAINS	2022	2	23	54	-8.7	8.9	12.5255018248202	-999.9	8.5	5.75231481481481	5.86283883161317	330
MAPLE_PLAINS	2022	2	24	55	-11.9	-5.7	7.53748940859914	-999.9	0	5.63657407407408	1.77990365917386	330
MAPLE_PLAINS	2022	2	25	56	-14.8	-10.7	6.21421315998596	-999.9	1.1	2.21064814814815	1.68503764475291	330
MAPLE_PLAINS	2022	2	26	57	-18.6	-8.4	9.93635173657965	-999.9	0	2.60416666666667	1.54654239145222	330
MAPLE_PLAINS	2022	2	27	58	-10.9	-1.6	9.6176377668623	-999.9	0	2.90509259259258	2.52423155312045	330
MAPLE_PLAINS	2022	2	28	59	-13.9	-7.3	8.21229603593267	-999.9	0.2	4.87268518518519	1.9103709700801	330
MAPLE_PLAINS	2022	3	1	60	-23.9	-7	13.3188143088369	-999.9	0	2.40740740740741	1.17782682085177	330
MAPLE_PLAINS	2022	3	2	61	-11.4	1.2	11.6546523814866	-999.9	2.3	4.44444444444444	3.46999185654731	330
MAPLE_PLAINS	2022	3	3	62	-16	-3	11.9960499364126	-999.9	0	1.73611111111111	2.32333010466072	330
MAPLE_PLAINS	2022	3	4	63	-18.1	-9.6	9.82851264881074	-999.9	0	4.01620370370369	1.14371157139443	330
MAPLE_PLAINS	2022	3	5	64	-12.1	-1.7	11.0144942284287	-999.9	0	3.44907407407408	2.13276949454047	330
MAPLE_PLAINS	2022	3	6	65	-12.8	2.6	13.5779519606595	-999.9	12	2.95138888888889	3.55056713438737	330
MAPLE_PLAINS	2022	3	7	66	-0.6	3.2	6.83198526899727	-999.9	4.7	2.31481481481481	6.19696545028216	330
MAPLE_PLAINS	2022	3	8	67	-7.8	4.4	12.3985316018444	-999.9	8.9	7.17592592592592	4.31554963281958	330
MAPLE_PLAINS	2022	3	9	68	-8.9	-2.4	9.16505547734352	-999.9	0	2.98611111111111	2.73528860312458	330
MAPLE_PLAINS	2022	3	10	69	-5.9	5.4	12.2365086603834	-999.9	0	2.12962962962963	4.6728052667058	330
MAPLE_PLAINS	2022	3	11	70	-6.4	4.7	12.2792110037633	-999.9	0	1.41203703703704	4.39310818942768	330
MAPLE_PLAINS	2022	3	12	71	-2.1	9.9	12.9252846182064	-999.9	9.8	5.16203703703703	7.63447556582716	330
MAPLE_PLAINS	2022	3	13	72	-7.1	0.1	10.1345674786491	-999.9	0.4	7.04861111111111	3.12777742179834	330
MAPLE_PLAINS	2022	3	14	73	-7.3	2.1	11.7203479122111	-999.9	0	3.68055555555556	2.993944216527	330
MAPLE_PLAINS	2022	3	15	74	-7.4	3.8	12.9470416844106	-999.9	0	2.80092592592592	3.90725892045084	330
MAPLE_PLAINS	2022	3	16	75	-8.4	3	13.2173851878115	-999.9	0	2.46527777777778	3.74777703767374	330
MAPLE_PLAINS	2022	3	17	76	1	4.9	7.82173261732633	-999.9	0	2.74305555555556	6.41592382633245	330
MAPLE_PLAINS	2022	3	18	77	-4	11.1	15.5697632443122	-999.9	0	2.53472222222222	6.58115930163451	330
MAPLE_PLAINS	2022	3	19	78	-5.8	3.2	12.158567720935	-999.9	2.3	2.1875	3.88854994860056	330
MAPLE_PLAINS	2022	3	20	79	-0.6	5.6	10.2063124962837	-999.9	4.7	4.375	6.66959694951533	330
MAPLE_PLAINS	2022	3	21	80	-0.8	2.7	7.75465767199105	-999.9	1.1	2.52314814814815	5.61102117194513	330
MAPLE_PLAINS	2022	3	22	81	-3.8	1.5	9.64862504925535	-999.9	0	5.82175925925925	3.55874249129278	330
MAPLE_PLAINS	2022	3	23	82	-2	1.8	8.25963909392598	-999.9	0	5.20833333333333	3.91988899119386	330
MAPLE_PLAINS	2022	3	24	83	-5.1	3.9	12.849162834969	-999.9	0	2.04861111111111	4.24969225831331	330
MAPLE_PLAINS	2022	3	25	84	-0.4	3	7.9821437219702	-999.9	21.1	5.67129629629631	6.01156213218669	330
MAPLE_PLAINS	2022	3	26	85	-1.3	10.3	14.899699067481	-999.9	0	2.10648148148148	7.12036228442847	330
MAPLE_PLAINS	2022	3	27	86	0.5	7.1	11.3561349223602	-999.9	9.5	2.11805555555556	7.34266394866581	330
MAPLE_PLAINS	2022	3	28	87	-0.3	7.5	12.4726112104442	-999.9	1.5	2.87037037037036	6.94541201287551	330
MAPLE_PLAINS	2022	3	29	88	-4.6	-0.3	9.35485505925209	-999.9	5.4	4.50231481481481	4.89577037157639	330
MAPLE_PLAINS	2022	3	30	89	-4.9	5.7	14.8350701486103	-999.9	0.5	4.12037037037036	4.62805935998533	330
MAPLE_PLAINS	2022	3	31	90	-1.1	5.6	11.9110175287777	-999.9	1.5	2.75462962962963	5.13834907405506	330
MAPLE_PLAINS	2022	4	1	91	0.3	12.1	15.9612944404999	-999.9	10.2	3.76157407407408	9.1840919591589	330
MAPLE_PLAINS	2022	4	2	92	-0.4	1.9	7.11455012320814	-999.9	2.1	4.16666666666667	5.87023972621311	330
MAPLE_PLAINS	2022	4	3	93	-1.8	7.5	14.4418272667055	-999.9	0	2.98611111111111	4.9872734350303	330
MAPLE_PLAINS	2022	4	4	94	-2.4	1.1	8.94236807176762	-999.9	0.2	5.09259259259258	4.71452451943597	330
MAPLE_PLAINS	2022	4	5	95	-6.1	5.7	16.5705936981582	-999.9	0	2.58101851851852	3.74278091750707	330
MAPLE_PLAINS	2022	4	6	96	-6.5	8.1	18.5991353977141	-999.9	0	1.78240740740741	4.33838014390289	330
MAPLE_PLAINS	2022	4	7	97	-6.1	4.9	16.2881849103886	-999.9	0	2.01388888888889	4.90575074058749	330
MAPLE_PLAINS	2022	4	8	98	-1	10.3	16.6539174417177	-999.9	1.7	6.48148148148147	6.96688574875279	330
MAPLE_PLAINS	2022	4	9	99	-1.1	11.9	18.0173366933354	-999.9	0.2	2.65046296296296	8.11092902598331	330
MAPLE_PLAINS	2022	4	10	100	-0.3	6.4	13.0448486091797	-999.9	5.7	2.1412037037037	7.44665800505615	330
MAPLE_PLAINS	2022	4	11	101	-3.4	11.3	19.4842698938346	-999.9	0	2.99768518518519	6.06296997126779	330
MAPLE_PLAINS	2022	4	12	102	-4	12.8	21.0012511877267	-999.9	0	0.671296296296297	5.73704040463592	330
MAPLE_PLAINS	2022	4	13	103	0.2	11.3	17.2091116218406	-999.9	0	2.22222222222222	7.13521239462547	330
MAPLE_PLAINS	2022	4	14	104	-2.2	15	21.5928093372479	-999.9	0	2.38425925925926	6.66903244158974	330
MAPLE_PLAINS	2022	4	15	105	2.8	6.8	10.4945684984625	-999.9	4.6	2.87037037037036	7.96244304231149	330
MAPLE_PLAINS	2022	4	16	106	3.1	13.8	17.2964917883151	-999.9	1	4.30555555555556	8.1815340089132	330
MAPLE_PLAINS	2022	4	17	107	1.5	8.8	14.3946524781846	-999.9	5.5	4.47916666666667	7.74717434364024	330
MAPLE_PLAINS	2022	4	18	108	-1.9	7.9	16.8022980961772	-999.9	0.2	3.66898148148147	5.26784452572328	330
MAPLE_PLAINS	2022	4	19	109	-1.1	9.3	17.4353510850033	-999.9	18.9	7.89351851851853	6.39901498322236	330
MAPLE_PLAINS	2022	4	20	110	3.1	10.7	15.0114246103286	-999.9	0.9	4.52546296296297	7.5227548702194	330
MAPLE_PLAINS	2022	4	21	111	1.1	11.8	17.937050148539	-999.9	0	2.88194444444444	5.42720235062412	330
MAPLE_PLAINS	2022	4	22	112	4.2	14.8	17.9762564427018	-999.9	0.2	3.36805555555556	9.07087940268261	330
MAPLE_PLAINS	2022	4	23	113	-2.8	5.1	15.6239365382046	-999.9	0.2	3.84259259259258	4.0815379810092	330
MAPLE_PLAINS	2022	4	24	114	0.8	4.5	10.7634633595808	-999.9	0	6.38888888888889	5.31523002774345	330
MAPLE_PLAINS	2022	4	25	115	0.9	13.4	19.9124336757854	-999.9	0	2.77777777777778	8.61432213445121	330
MAPLE_PLAINS	2022	4	26	116	3.9	16.9	20.4363501495059	-999.9	0.7	3.37962962962964	9.78775601121711	330
MAPLE_PLAINS	2022	4	27	117	5.4	7.7	8.64972541570764	-999.9	16.8	3.21759259259258	9.09832162372138	330
MAPLE_PLAINS	2022	4	28	118	3.8	9.7	13.9384934509918	-999.9	3.2	3.88888888888889	9.05481533682757	330
MAPLE_PLAINS	2022	4	29	119	1.6	4.8	10.3266912204941	-999.9	3.9	3.86574074074075	7.38238650887491	330
MAPLE_PLAINS	2022	4	30	120	0.7	2.5	7.79047680497432	-999.9	8.4	5.17361111111111	6.59017652412718	330
MAPLE_PLAINS	2022	5	1	121	0.8	2.9	8.46300301778823	-999.9	2.1	4.29398148148147	6.69108907573436	330
MAPLE_PLAINS	2022	5	2	122	-3	8.7	20.0881797661287	-999.9	0.2	2.95138888888889	5.20543485512587	330
MAPLE_PLAINS	2022	5	3	123	-3.4	13	23.9137892742236	-999.9	0	1.55092592592593	6.44338745286508	330
MAPLE_PLAINS	2022	5	4	124	2.4	14.5	20.6511506970769	-999.9	0.7	2.98611111111111	8.77647081113969	330
MAPLE_PLAINS	2022	5	5	125	-0.8	9.4	19.0600175774468	-999.9	1	2.77777777777778	6.54855703409368	330
MAPLE_PLAINS	2022	5	6	126	1	7.3	15.0560806764061	-999.9	0	1.94444444444444	5.68268175799821	330
MAPLE_PLAINS	2022	5	7	127	-4.8	6.5	20.2649901530224	-999.9	0	2.1875	4.51180695790026	330
MAPLE_PLAINS	2022	5	8	128	-6.2	11.5	25.4862919782119	-999.9	0	1.46990740740741	4.4051816632367	330
MAPLE_PLAINS	2022	5	9	129	-4	14.9	26.4613108476135	-999.9	0	2.29166666666667	5.09853004632612	330
MAPLE_PLAINS	2022	5	10	130	-2.8	16.5	26.8637958252317	-999.9	0	1.90972222222222	5.48282687552792	330
MAPLE_PLAINS	2022	5	11	131	-1.9	21.5	29.7134454029956	-999.9	0	2.55787037037037	8.52561483557874	330
MAPLE_PLAINS	2022	5	12	132	6.5	23.8	25.6609560654145	-999.9	0	1.85185185185185	10.4897906036247	330
MAPLE_PLAINS	2022	5	13	133	8.9	25.3	25.0914050626718	-999.9	0	3.81944444444444	12.7829020507294	330
MAPLE_PLAINS	2022	5	14	134	4.8	16.6	21.3720486383249	-999.9	0	2.82407407407408	10.1416511350184	330
MAPLE_PLAINS	2022	5	15	135	5.1	17.3	21.8190686352867	-999.9	0	2.48842592592593	10.6290894838379	330
MAPLE_PLAINS	2022	5	16	136	8.7	20	21.0812295055386	-999.9	0	4.78009259259258	12.8953164801742	330
MAPLE_PLAINS	2022	5	17	137	10.3	21.7	21.2548998857015	-999.9	6.9	5.27777777777778	15.5396770926101	330
MAPLE_PLAINS	2022	5	18	138	0.8	12.1	21.2395593930274	-999.9	0	3.36805555555556	7.12016547193821	330
MAPLE_PLAINS	2022	5	19	139	1.7	17.1	24.8837722541209	-999.9	0	2.29166666666667	6.62678588964603	330
MAPLE_PLAINS	2022	5	20	140	6.8	19.9	23.0298559032612	-999.9	0	2.5	7.94217745675208	330
MAPLE_PLAINS	2022	5	21	141	8.5	21.5	23.0185151217077	-999.9	1.2	4.28240740740742	10.5295043015492	330
MAPLE_PLAINS	2022	5	22	142	11.9	28.1	25.7788611445702	-999.9	0	3.85416666666667	19.124200635784	330
MAPLE_PLAINS	2022	5	23	143	-0.8	16.3	26.5677998762496	-999.9	2	2.85879629629631	8.77534306328791	330
MAPLE_PLAINS	2022	5	24	144	-1.4	14.3	25.5334551027751	-999.9	0.2	2.04861111111111	6.68274916308194	330
MAPLE_PLAINS	2022	5	25	145	-0.1	21	29.6861785961927	-999.9	0	1.99074074074074	7.30896938271353	330
MAPLE_PLAINS	2022	5	26	146	4.5	21.6	26.798820945351	-999.9	0.6	2.07175925925926	9.34815520827923	330
MAPLE_PLAINS	2022	5	27	147	8.9	13.7	14.2362050140758	-999.9	35.2	2.4537037037037	12.8173672187595	330
MAPLE_PLAINS	2022	5	28	148	12.8	20.8	18.4257922057201	-999.9	3.9	3.64583333333333	18.2327723580062	330
MAPLE_PLAINS	2022	5	29	149	8.6	24.1	25.7102509067097	-999.9	0	2.51157407407408	13.8188576353335	330
MAPLE_PLAINS	2022	5	30	150	3.2	22.4	28.6815254177969	-999.9	0	2.1412037037037	11.9722834942666	330
MAPLE_PLAINS	2022	5	31	151	5.1	10.4	15.1026356567804	-999.9	0	3.49537037037036	7.52839611833175	330
MAPLE_PLAINS	2022	6	1	152	2.1	12.4	21.0983625009252	-999.9	0	3.61111111111111	6.96598062256046	330
MAPLE_PLAINS	2022	6	2	153	-0.4	15.5	26.2661427943527	-999.9	0	2.34953703703704	7.72559563614773	330
MAPLE_PLAINS	2022	6	3	154	1.9	16.7	25.3891752243005	-999.9	0	1.65509259259259	9.34659857132311	330
MAPLE_PLAINS	2022	6	4	155	3.9	15.8	22.8067668165322	-999.9	0	1.75925925925926	9.76745528428076	330
MAPLE_PLAINS	2022	6	5	156	7.1	18.3	22.1627872678193	-999.9	8.4	2.24537037037037	13.4054158057138	330
MAPLE_PLAINS	2022	6	6	157	4.6	16.3	22.6874739586326	-999.9	0.2	1.64351851851852	10.452584721413	330
MAPLE_PLAINS	2022	6	7	158	2.7	21.1	28.4926464716494	-999.9	0	1.55092592592593	10.3168907724984	330
MAPLE_PLAINS	2022	6	8	159	8.3	19.2	21.9594117350801	-999.9	8	3.51851851851853	12.8344273344316	330
MAPLE_PLAINS	2022	6	9	160	13.2	19.3	16.4478425622003	-999.9	7.5	3.29861111111111	17.2647298549687	330
MAPLE_PLAINS	2022	6	10	161	12.3	21	19.6649702774972	-999.9	0	4.59490740740742	14.6736190194349	330
MAPLE_PLAINS	2022	6	11	162	11.7	24.2	23.5956241291678	-999.9	0	3.20601851851853	14.7836690762548	330
MAPLE_PLAINS	2022	6	12	163	10.2	27.6	27.8642334746279	-999.9	0	1.58564814814815	15.9960477452872	330
MAPLE_PLAINS	2022	6	13	164	13.1	18.2	15.0975633241045	-999.9	9.5	2.48842592592593	15.7994661514414	330
MAPLE_PLAINS	2022	6	14	165	10.9	14.7	13.0411594828441	-999.9	25.7	3.15972222222222	14.4397117557399	330
MAPLE_PLAINS	2022	6	15	166	7.6	22.2	25.5774276499968	-999.9	0	2.32638888888889	13.0135869621079	330
MAPLE_PLAINS	2022	6	16	167	7.2	25.5	28.6493948050878	-999.9	0	2.59259259259259	12.7696924041	330
MAPLE_PLAINS	2022	6	17	168	12.9	18.8	16.2734212839889	-999.9	0	4.40972222222222	14.6513590048491	330
MAPLE_PLAINS	2022	6	18	169	11.6	24.4	23.9758670799189	-999.9	0.8	2.91666666666667	19.1337101159231	330
MAPLE_PLAINS	2022	6	19	170	11.8	22.5	21.9245786567654	-999.9	0	1.63194444444444	16.2090787331202	330
MAPLE_PLAINS	2022	6	20	171	10.5	16.2	16.0029631778076	-999.9	12	2.1412037037037	14.5219535929254	330
MAPLE_PLAINS	2022	6	21	172	9.2	17.2	18.9576799242102	-999.9	0	2.22222222222222	13.2672178387799	330
MAPLE_PLAINS	2022	6	22	173	8.9	20.8	23.1176939487302	-999.9	0	2.75462962962963	13.5806277883435	330
MAPLE_PLAINS	2022	6	23	174	10.9	24.5	24.7072809275143	-999.9	4.6	2.11805555555556	15.632268063211	330
MAPLE_PLAINS	2022	6	24	175	16.6	22.4	16.1290061287751	-999.9	11.8	2.47685185185185	21.8876489581104	330
MAPLE_PLAINS	2022	6	25	176	15	27.9	24.0425329471666	-999.9	0	1.31944444444444	22.6699006625297	330
MAPLE_PLAINS	2022	6	26	177	13.3	27.8	25.4750333476812	-999.9	0	2.52314814814815	20.0596271188613	330
MAPLE_PLAINS	2022	6	27	178	15.5	27.2	22.8677122779192	-999.9	0	4.39814814814814	20.377318986874	330
MAPLE_PLAINS	2022	6	28	179	11.9	23.3	22.5545861336601	-999.9	0	2.80092592592592	18.1693004211297	330
MAPLE_PLAINS	2022	6	29	180	9.5	28	28.7061236404874	-999.9	0	1.49305555555556	15.6603757427901	330
MAPLE_PLAINS	2022	6	30	181	9.3	24.6	26.0791979474738	-999.9	0	1.55092592592593	15.8554158167752	330
MAPLE_PLAINS	2022	7	1	182	11.4	24.5	24.1044674662627	-999.9	0	2.08333333333333	16.2843760282631	330
MAPLE_PLAINS	2022	7	2	183	15.4	21.8	16.8274680095803	-999.9	7.8	2.90509259259258	19.8229632172598	330
MAPLE_PLAINS	2022	7	3	184	13	25.1	23.1069082846173	-999.9	10.3	1.94444444444444	18.7436919331844	330
MAPLE_PLAINS	2022	7	4	185	7.6	22.1	25.2584650750222	-999.9	0	2.44212962962963	12.1701137330824	330
MAPLE_PLAINS	2022	7	5	186	7.5	23.9	26.8208203108766	-999.9	0	2.59259259259259	13.043144876982	330
MAPLE_PLAINS	2022	7	6	187	12.3	17.4	14.9319222917167	-999.9	29.5	3.47222222222222	15.6906200324067	330
MAPLE_PLAINS	2022	7	7	188	9.8	23.7	24.6077436261877	-999.9	0	2.1412037037037	14.4789662842991	330
MAPLE_PLAINS	2022	7	8	189	9.2	21.4	23.0107757543919	-999.9	0	2.5	13.9200897474113	330
MAPLE_PLAINS	2022	7	9	190	7.1	20.6	24.1578509279924	-999.9	0	2.00231481481481	12.0057437252041	330
MAPLE_PLAINS	2022	7	10	191	6.8	22.3	25.8315440031576	-999.9	0	2.17592592592593	11.9981219662532	330
MAPLE_PLAINS	2022	7	11	192	10	24.7	25.1008967019405	-999.9	0	3.55324074074075	14.299837474868	330
MAPLE_PLAINS	2022	7	12	193	13.8	27.1	23.8207426779061	-999.9	0	4.18981481481481	17.0662177489155	330
MAPLE_PLAINS	2022	7	13	194	11.8	28	26.2263980615323	-999.9	0	3.31018518518519	18.0825215197031	330
MAPLE_PLAINS	2022	7	14	195	9.7	24.5	25.0043928225373	-999.9	8.4	1.81712962962963	14.7244021707509	330
MAPLE_PLAINS	2022	7	15	196	11.2	23.2	22.4560274248354	-999.9	0	1.68981481481481	17.239683786925	330
MAPLE_PLAINS	2022	7	16	197	10.7	27.2	26.259929099473	-999.9	0	2.39583333333333	16.1054184732413	330
MAPLE_PLAINS	2022	7	17	198	15	25.7	21.0865256719698	-999.9	0	2.92824074074075	19.2631535873103	330
MAPLE_PLAINS	2022	7	18	199	14.8	27.7	23.0845662742767	-999.9	0	3.02083333333333	21.1401678119793	330
MAPLE_PLAINS	2022	7	19	200	17.7	24.3	16.4613169857692	-999.9	18.7	4.0625	23.9931277417624	330
MAPLE_PLAINS	2022	7	20	201	11.9	25.1	23.2058349423818	-999.9	0	4.09722222222222	16.8748539859723	330
MAPLE_PLAINS	2022	7	21	202	10.4	31.2	29.0342925908526	-999.9	0	1.96759259259259	18.7769220109925	330
MAPLE_PLAINS	2022	7	22	203	16	29.5	23.3113476456517	-999.9	0	2.89351851851853	24.2358302688778	330
MAPLE_PLAINS	2022	7	23	204	15	30.4	24.8103662183022	-999.9	0	1.86342592592593	21.3421988007111	330
MAPLE_PLAINS	2022	7	24	205	16	30.7	24.1521073561978	-999.9	0	2.28009259259259	22.8192661686629	330
MAPLE_PLAINS	2022	7	25	206	20.3	26.8	16.000282254513	-999.9	0	3.50694444444444	24.022344447827	330
MAPLE_PLAINS	2022	7	26	207	13.8	26.9	22.6272662070451	-999.9	0	2.87037037037036	17.8282815261878	330
MAPLE_PLAINS	2022	7	27	208	12.8	26.9	23.382026504443	-999.9	0	1.96759259259259	18.1833167543152	330
MAPLE_PLAINS	2022	7	28	209	11.3	29.3	26.3108866579687	-999.9	0	1.21527777777778	19.4026694436075	330
MAPLE_PLAINS	2022	7	29	210	14.1	25.1	20.4820063810829	-999.9	2.9	2.55787037037037	21.1652625977452	330
MAPLE_PLAINS	2022	7	30	211	14.1	26.2	21.3892639916839	-999.9	0	1.94444444444444	19.273212362273	330
MAPLE_PLAINS	2022	7	31	212	14.9	28.3	22.4095131457016	-999.9	0	2.43055555555556	20.5743618732757	330
MAPLE_PLAINS	2022	8	1	213	14.7	25.4	19.9341823460977	-999.9	0	2.41898148148148	20.3158328001093	330
MAPLE_PLAINS	2022	8	2	214	16.8	27.3	19.6551847256656	-999.9	0	2.8125	23.2375914514867	330
MAPLE_PLAINS	2022	8	3	215	15.8	26.9	20.1126415159754	-999.9	0	2.15277777777778	21.838173356943	330
MAPLE_PLAINS	2022	8	4	216	11.9	29.4	25.1304786936887	-999.9	0	2.98611111111111	19.2234589430403	330
MAPLE_PLAINS	2022	8	5	217	17.2	27.9	19.5522379967342	-999.9	1.6	2.2337962962963	23.6504029722001	330
MAPLE_PLAINS	2022	8	6	218	15.6	30.1	22.6443539341471	-999.9	0	2.16435185185185	21.5440604811471	330
MAPLE_PLAINS	2022	8	7	219	18.9	30.5	20.1476562111147	-999.9	0.8	3.13657407407408	26.520223659237	330
MAPLE_PLAINS	2022	8	8	220	13.4	22.4	17.6516134559909	-999.9	11.5	1.5162037037037	17.6151321030476	330
MAPLE_PLAINS	2022	8	9	221	11.5	19.4	16.4472041338501	-999.9	47.1	3.28703703703703	17.3044529557068	330
MAPLE_PLAINS	2022	8	10	222	13.1	22	17.3594692160729	-999.9	0.8	1.40046296296296	18.8681196680963	330
MAPLE_PLAINS	2022	8	11	223	16.3	26	18.0192817610157	-999.9	0	2.01388888888889	22.288288535201	330
MAPLE_PLAINS	2022	8	12	224	13.9	25.9	19.9250500318704	-999.9	0	1.15740740740741	20.5518551035765	330
MAPLE_PLAINS	2022	8	13	225	12.8	26.5	21.162795558575	-999.9	0	1.25	19.87702524396	330
MAPLE_PLAINS	2022	8	14	226	14.9	21.5	14.5994061896761	-999.9	30.7	2.04861111111111	20.4424307636035	330
MAPLE_PLAINS	2022	8	15	227	11.4	26.9	22.2344202280418	-999.9	0	1.53935185185185	17.8712241359089	330
MAPLE_PLAINS	2022	8	16	228	10.9	28.6	23.6096389582581	-999.9	0	1.79398148148148	17.9268160230299	330
MAPLE_PLAINS	2022	8	17	229	17	20.1	9.8168483024311	-999.9	9.3	4.28240740740742	20.492166931223	330
MAPLE_PLAINS	2022	8	18	230	17	24.9	15.5682150486179	-999.9	0	4.10879629629631	20.9341600244692	330
MAPLE_PLAINS	2022	8	19	231	16.3	25.3	16.5053924455815	-999.9	1.4	2.98611111111111	21.2435127513528	330
MAPLE_PLAINS	2022	8	20	232	15	29.3	20.6631717078914	-999.9	0	1.81712962962963	21.1675761210381	330
MAPLE_PLAINS	2022	8	21	233	13.5	31.7	23.1490851843785	-999.9	0	1.66666666666667	21.8555636062957	330
MAPLE_PLAINS	2022	8	22	234	16.6	28.4	18.5077188686169	-999.9	0	2.84722222222222	21.0162452641103	330
MAPLE_PLAINS	2022	8	23	235	17.6	22.3	11.5962861899881	-999.9	3.2	2.88194444444444	21.8642961816195	330
MAPLE_PLAINS	2022	8	24	236	15.9	24.7	15.7511974262756	-999.9	0.9	2.29166666666667	22.19298656955	330
MAPLE_PLAINS	2022	8	25	237	10.1	27.1	21.7291565994983	-999.9	0	1.64351851851852	18.9264022395456	330
MAPLE_PLAINS	2022	8	26	238	8.7	24.5	20.7891555227132	-999.9	20.1	1.74768518518519	16.0268637754607	330
MAPLE_PLAINS	2022	8	27	239	7.5	22.1	19.8297920723666	-999.9	8.8	2.01388888888889	14.5990373999906	330
MAPLE_PLAINS	2022	8	28	240	7.2	24.8	21.601049041369	-999.9	0	1.58564814814815	14.6421333349361	330
MAPLE_PLAINS	2022	8	29	241	10.9	25.7	19.6503060552011	-999.9	0	2.41898148148148	17.6060219121535	330
MAPLE_PLAINS	2022	8	30	242	18.1	28.1	16.0214355698688	-999.9	0	3.02083333333333	25.6970172306944	330
MAPLE_PLAINS	2022	8	31	243	18.5	26.4	14.1227998539419	-999.9	23.9	3.81944444444444	23.9038092633212	330
MAPLE_PLAINS	2022	9	1	244	14.2	25.9	17.0431061681415	-999.9	0	2.12962962962963	18.839391462892	330
MAPLE_PLAINS	2022	9	2	245	5.8	20.2	18.7468468251423	-999.9	0	1.85185185185185	11.0962351701491	330
MAPLE_PLAINS	2022	9	3	246	5.3	24.6	21.515889508167	-999.9	0	1.2962962962963	13.5114370915544	330
MAPLE_PLAINS	2022	9	4	247	7.3	25.6	20.7674068189548	-999.9	0	1.8287037037037	15.6681344617446	330
MAPLE_PLAINS	2022	9	5	248	10.8	20	14.5938221442768	-999.9	0	2.25694444444444	14.3610956421346	330
MAPLE_PLAINS	2022	9	6	249	5.6	21.9	19.2499509416733	-999.9	0	1.22685185185185	13.1755860317849	330
MAPLE_PLAINS	2022	9	7	250	4.4	23.6	20.7009068756948	-999.9	0	0.821759259259258	13.3277705310492	330
MAPLE_PLAINS	2022	9	8	251	6.9	25.1	19.9673123112516	-999.9	0	1.2037037037037	14.9615980622438	330
MAPLE_PLAINS	2022	9	9	252	8.2	24.7	18.83273003825	-999.9	0	1.35416666666667	15.5979087594758	330
MAPLE_PLAINS	2022	9	10	253	6.2	22.4	18.4824044039485	-999.9	0	1.34259259259259	13.2076152548759	330
MAPLE_PLAINS	2022	9	11	254	8.6	24.1	17.9035344006487	-999.9	0	1.25	15.5298687828854	330
MAPLE_PLAINS	2022	9	12	255	7.6	26	19.3150657609834	-999.9	0	0.613425925925925	16.5279521155763	330
MAPLE_PLAINS	2022	9	13	256	12.1	26.4	16.8582365658184	-999.9	0	1.55092592592593	19.4815532224785	330
MAPLE_PLAINS	2022	9	14	257	15.9	23.7	12.3251125637121	-999.9	6.3	4.40972222222222	20.7340051831883	330
MAPLE_PLAINS	2022	9	15	258	12	16	8.73606462543019	-999.9	0.4	5.84490740740742	10.2516167707468	330
MAPLE_PLAINS	2022	9	16	259	10.3	13.3	7.48741129341993	-999.9	0.3	5.49768518518519	8.74351535940484	330
MAPLE_PLAINS	2022	9	17	260	9.1	18.2	12.9038757045152	-999.9	0	3.48379629629631	9.57804879457877	330
MAPLE_PLAINS	2022	9	18	261	0.3	16.5	17.0344783974078	-999.9	0	2.1875	7.74801416853109	330
MAPLE_PLAINS	2022	9	19	262	-0.9	17.9	18.1537290150444	-999.9	0	0.995370370370369	9.04049560950074	330
MAPLE_PLAINS	2022	9	20	263	1.7	14.5	14.8167023670718	-999.9	19.4	2.90509259259258	10.027409595078	330
MAPLE_PLAINS	2022	9	21	264	12	18.1	10.1161569001941	-999.9	24.4	2.07175925925926	16.9285323222062	330
MAPLE_PLAINS	2022	9	22	265	11.3	18.1	10.5621901214262	-999.9	7.8	3.20601851851853	15.5827289159424	330
MAPLE_PLAINS	2022	9	23	266	10.3	17.7	10.894555806929	-999.9	27.1	4.09722222222222	15.4543290001278	330
MAPLE_PLAINS	2022	9	24	267	8.9	12.1	7.0828581106975	-999.9	23.3	9.03935185185186	11.1281183552215	330
MAPLE_PLAINS	2022	9	25	268	10	19.5	12.0637271640931	-999.9	0	4.17824074074075	11.3074494513529	330
MAPLE_PLAINS	2022	9	26	269	13	19.9	10.1619543220262	-999.9	6.4	3.65740740740742	18.0402026272676	330
MAPLE_PLAINS	2022	9	27	270	11.3	22	12.5061901356223	-999.9	1.6	3.24074074074075	18.0262703509989	330
MAPLE_PLAINS	2022	9	28	271	8.9	21.2	13.2499506943522	-999.9	1	2.1412037037037	15.1950163701219	330
MAPLE_PLAINS	2022	9	29	272	4.1	17.6	13.7153217212326	-999.9	0	1.67824074074074	11.3631278853495	330
MAPLE_PLAINS	2022	9	30	273	0.5	17.4	15.160359023288	-999.9	0	1.80555555555556	8.89261084451638	330
MAPLE_PLAINS	2022	10	1	274	5.4	17.2	12.5136669095518	-999.9	0	2.11805555555556	11.14797236247	330
MAPLE_PLAINS	2022	10	2	275	-2.9	10.3	13.0725201523396	-999.9	0	2.5	5.86822229660096	330
MAPLE_PLAINS	2022	10	3	276	-3.8	12.9	14.5215043624558	-999.9	0	1.19212962962963	6.92543868045083	330
MAPLE_PLAINS	2022	10	4	277	-1.7	18.4	15.7320628481402	-999.9	0	1.93287037037037	8.94614313668304	330
MAPLE_PLAINS	2022	10	5	278	2.2	21.1	15.0628491252915	-999.9	0	1.78240740740741	11.6573437816231	330
MAPLE_PLAINS	2022	10	6	279	6.7	18.1	11.5497521160837	-999.9	123.5	1.55092592592593	13.3066722918304	330
MAPLE_PLAINS	2022	10	7	280	12.7	20.5	9.43122652379968	-999.9	0	1.84027777777778	17.694353053874	330
MAPLE_PLAINS	2022	10	8	281	-0.6	14	12.7366677636656	-999.9	0.3	2.56944444444444	8.76282659906035	330
MAPLE_PLAINS	2022	10	9	282	-2.2	12	12.3977047810458	-999.9	0	2.68518518518519	6.66614645729549	330
MAPLE_PLAINS	2022	10	10	283	-2.9	11	12.1055033400421	-999.9	0	2.1875	6.03088230734567	330
MAPLE_PLAINS	2022	10	11	284	-1.8	13.7	12.6148390894826	-999.9	0	2.71990740740741	7.027304916848	330
MAPLE_PLAINS	2022	10	12	285	0.2	16.7	12.8428639844056	-999.9	0	1.86342592592593	8.55971089094864	330
MAPLE_PLAINS	2022	10	13	286	5.3	21.5	12.5558674239595	-999.9	0	2.29166666666667	12.798355912277	330
MAPLE_PLAINS	2022	10	14	287	10.9	19.2	8.86675134941273	-999.9	0	4.72222222222222	14.9381991920353	330
MAPLE_PLAINS	2022	10	15	288	14.2	18.7	6.44075480670795	-999.9	0	6.78240740740742	17.0717367969403	330
MAPLE_PLAINS	2022	10	16	289	12.5	21	8.73203824500332	-999.9	1.5	3.03240740740742	18.0298614184601	330
MAPLE_PLAINS	2022	10	17	290	10.8	13.6	4.94348739018488	-999.9	0	1.72453703703704	14.0186135841925	330
MAPLE_PLAINS	2022	10	18	291	11.7	21.1	8.9339029683776	-999.9	0	5.04629629629631	15.7539658756286	330
MAPLE_PLAINS	2022	10	19	292	9.6	20.2	9.35685514839246	-999.9	26.5	6.21527777777778	16.1393995167319	330
MAPLE_PLAINS	2022	10	20	293	8.4	13.7	6.52519640691451	-999.9	10.2	3.36956521739131	9.71748686458067	330
MAPLE_PLAINS	2022	10	21	294	8.3	15.4	7.44808875227802	-999.9	0	3.09027777777778	9.92053564677526	330
MAPLE_PLAINS	2022	10	22	295	8.4	17.8	8.45129703347908	-999.9	0	2.87037037037036	11.7996802816738	330
MAPLE_PLAINS	2022	10	23	296	4	19.4	10.6671853628394	-999.9	0	1.46990740740741	12.1430743559694	330
MAPLE_PLAINS	2022	10	24	297	8.5	20.1	9.12929846058788	-999.9	9.5	0.983796296296297	13.7803770934972	330
MAPLE_PLAINS	2022	10	25	298	13.9	19.7	6.36550610762459	-999.9	4.5	1.74768518518519	19.1612190628037	330
MAPLE_PLAINS	2022	10	26	299	15.4	22	6.69569803425535	-999.9	4.3	2.85879629629631	20.831543081886	330
MAPLE_PLAINS	2022	10	27	300	6	19	9.2661185557257	-999.9	0	3.90046296296297	12.9881132078695	330
MAPLE_PLAINS	2022	10	28	301	-2.8	8.7	8.59365149084426	-999.9	0	2.04861111111111	5.78801528355799	330
MAPLE_PLAINS	2022	10	29	302	-2.1	13.2	9.77418721205081	-999.9	0	2.36111111111111	6.98747823281487	330
MAPLE_PLAINS	2022	10	30	303	2.4	14.5	8.57117676074462	-999.9	0	2.1875	8.20459357489096	330
MAPLE_PLAINS	2022	10	31	304	2.6	15.7	8.79440137694191	-999.9	0	1.88657407407407	9.31814660387884	330
MAPLE_PLAINS	2022	11	1	305	9.2	15.5	6.01419153633413	-999.9	0.2	2.03703703703704	13.6802760479366	330
MAPLE_PLAINS	2022	11	2	306	2.6	12.7	7.50967304832896	-999.9	0	3.94675925925925	6.75654825816936	330
MAPLE_PLAINS	2022	11	3	307	2.1	10.9	6.91314555610227	-999.9	0	2.88194444444444	5.85651835746453	330
MAPLE_PLAINS	2022	11	4	308	9.5	18.2	6.77941812776312	-999.9	0	2.97453703703703	11.9478009606867	330
MAPLE_PLAINS	2022	11	5	309	10.7	17.2	5.7798445116594	-999.9	0	3.31018518518519	14.7829439892524	330
MAPLE_PLAINS	2022	11	6	310	14.1	19.9	5.38557846429176	-999.9	0	4.71064814814814	17.3550333659078	330
MAPLE_PLAINS	2022	11	7	311	8.3	17.2	6.58125159709552	-999.9	3.2	4.42129629629631	13.2211066974775	330
MAPLE_PLAINS	2022	11	8	312	4.1	8.3	4.46039840195723	-999.9	0	6.48148148148147	5.10976693019295	330
MAPLE_PLAINS	2022	11	9	313	-2.6	5.5	6.11183541188794	-999.9	0	3.15972222222222	4.24691938275273	330
MAPLE_PLAINS	2022	11	10	314	5.1	11.5	5.36102958428806	-999.9	0.9	3.80787037037036	7.95670795105911	330
MAPLE_PLAINS	2022	11	11	315	6.7	11.5	4.58206515851196	-999.9	1.3	2.1412037037037	9.77752591232124	330
MAPLE_PLAINS	2022	11	12	316	4.1	18	7.69641197051526	-999.9	46	4.25925925925925	13.0095018772301	330
MAPLE_PLAINS	2022	11	13	317	4	7.4	3.75770804759663	-999.9	8.5	2.5	8.8641223771251	330
MAPLE_PLAINS	2022	11	14	318	1.1	9.9	5.96890445331973	-999.9	1.3	6.13425925925925	7.87645412642227	330
MAPLE_PLAINS	2022	11	15	319	-0.2	1.6	2.665821139032	-999.9	0	2.53472222222222	5.00396236973253	330
MAPLE_PLAINS	2022	11	16	320	-2.7	11.5	7.39531888209524	-999.9	9.2	2.84722222222222	7.35419273345947	330
MAPLE_PLAINS	2022	11	17	321	-0.6	11.7	6.79930619660207	-999.9	1	5.63657407407408	8.04168927338661	330
MAPLE_PLAINS	2022	11	18	322	-6.9	0.6	5.24599874788141	-999.9	0	5.05787037037036	3.1764210883489	330
MAPLE_PLAINS	2022	11	19	323	-7.9	1.7	5.86556394263042	-999.9	0.5	1.52777777777778	3.7925953565912	330
MAPLE_PLAINS	2022	11	20	324	-3.6	7.2	6.14976714537537	-999.9	0	4.42129629629631	5.12459389612379	330
MAPLE_PLAINS	2022	11	21	325	-4.5	-0.5	3.70041481609699	-999.9	0.3	5.68287037037036	3.41641695049642	330
MAPLE_PLAINS	2022	11	22	326	-5.4	0.6	4.48203878619024	-999.9	0.2	4.01620370370369	3.57693604020561	330
MAPLE_PLAINS	2022	11	23	327	-6	0.8	4.72003181338723	-999.9	0	3.46064814814814	3.07212060044478	330
MAPLE_PLAINS	2022	11	24	328	-8.2	-1.1	4.77228090777735	-999.9	0	4.30555555555556	2.62694228635306	330
MAPLE_PLAINS	2022	11	25	329	-11.7	6.2	7.49981419991114	-999.9	5.5	3.21759259259258	4.10098397813756	330
MAPLE_PLAINS	2022	11	26	330	2	6	3.50999794639456	-999.9	1	4.94212962962964	7.91978731895789	330
MAPLE_PLAINS	2022	11	27	331	-2.9	7.1	5.49617207496017	-999.9	0	2.22222222222222	6.16084407959005	330
MAPLE_PLAINS	2022	11	28	332	-0.8	6.4	4.62003651426134	-999.9	26.3	3.53009259259258	7.19480637868635	330
MAPLE_PLAINS	2022	11	29	333	-9.5	0	5.25896069268707	-999.9	0.2	2.61574074074074	3.23718729857803	330
MAPLE_PLAINS	2022	11	30	334	-10.3	8.4	7.31412992634805	-999.9	0	3.80787037037036	4.73708739955529	330
MAPLE_PLAINS	2022	12	1	335	-0.5	11.3	5.76150529699386	-999.9	19.3	7.54629629629631	6.94739917959051	330
MAPLE_PLAINS	2022	12	2	336	-8.1	0	4.73526593260332	-999.9	0	4.03935185185186	2.91949896446531	330
MAPLE_PLAINS	2022	12	3	337	-7.8	9.8	6.92665009195342	-999.9	0	5.08101851851853	5.57528218358879	330
MAPLE_PLAINS	2022	12	4	338	-6.4	10.4	6.71813863907173	-999.9	1	4.375	5.721209337174	330
MAPLE_PLAINS	2022	12	5	339	-9.8	2.1	5.61515337182313	-999.9	0	1.75925925925926	3.51038572237023	330
MAPLE_PLAINS	2022	12	6	340	-4.2	6.2	5.21517577191701	-999.9	0	2.44212962962963	5.49280759507416	330
MAPLE_PLAINS	2022	12	7	341	4.2	8.6	3.37145062847126	-999.9	2.6	5.24305555555556	8.98992008863274	330
MAPLE_PLAINS	2022	12	8	342	3	8.3	3.67912190317916	-999.9	20.7	6.52777777777778	9.11492939411308	330
MAPLE_PLAINS	2022	12	9	343	-0.3	3	2.88775224622418	-999.9	3.7	5.53240740740742	6.74193883983553	330
MAPLE_PLAINS	2022	12	10	344	-5.1	-0.3	3.46580701638694	-999.9	0.4	5.83333333333333	4.42518721292199	330
MAPLE_PLAINS	2022	12	11	345	-6.3	-4.5	2.11294313153394	-999.9	0	3.33333333333333	3.08369210255231	330
MAPLE_PLAINS	2022	12	12	346	-7.6	-3.6	3.13717712842146	-999.9	0	1.37731481481481	3.10797589121985	330
MAPLE_PLAINS	2022	12	13	347	-5.7	-0.9	3.4243590282745	-999.9	1.5	5.32407407407408	4.02524272499551	330
MAPLE_PLAINS	2022	12	14	348	-5.7	2.5	4.46179456118637	-999.9	16.9	4.05092592592592	4.89570978599412	330
MAPLE_PLAINS	2022	12	15	349	0.7	2.7	2.19764680249444	-999.9	0.9	5.89120370370369	6.27331340775726	330
MAPLE_PLAINS	2022	12	16	350	1.1	2.6	1.89900777694553	-999.9	0	4.02777777777778	5.96607550747594	330
MAPLE_PLAINS	2022	12	17	351	1.3	3.3	2.18893918590329	-999.9	0	4.78009259259258	6.06530106823179	330
MAPLE_PLAINS	2022	12	18	352	0.6	2.8	2.29281028152021	-999.9	6.7	3.47222222222222	6.49591485125832	330
MAPLE_PLAINS	2022	12	19	353	0.3	2.7	2.39277481237245	-999.9	16	2.96296296296297	6.83945922305981	330
MAPLE_PLAINS	2022	12	20	354	0.3	2.9	2.48956928624249	-999.9	2.6	5.01157407407408	6.80257768387692	330
MAPLE_PLAINS	2022	12	21	355	-2.1	2.9	3.45275740936268	-999.9	0	0.833333333333333	5.96277272489577	330
MAPLE_PLAINS	2022	12	22	356	-8.8	-0.6	4.42418910801879	-999.9	0	2.39583333333333	3.69757924567084	330
MAPLE_PLAINS	2022	12	23	357	-8.9	8.5	6.45132534109815	-999.9	3.3	7.08333333333333	5.33818854092928	330
MAPLE_PLAINS	2022	12	24	358	-0.1	11.3	5.22968575149054	-999.9	3.4	6.44675925925925	6.83905140760802	330
MAPLE_PLAINS	2022	12	25	359	-6.5	0.5	4.1060236512137	-999.9	0.9	3.70370370370369	3.86197448272603	330
MAPLE_PLAINS	2022	12	26	360	-6.7	-2.3	3.26322696904958	-999.9	0	3.54166666666667	2.80619590759485	330
MAPLE_PLAINS	2022	12	27	361	-8.1	-2.2	3.78959930915155	-999.9	0.9	2.71990740740741	3.13260743359488	330
MAPLE_PLAINS	2022	12	28	362	-15.1	-3	5.44505711576739	-999.9	0.4	2.37268518518519	2.34084575166351	330
MAPLE_PLAINS	2022	12	29	363	-10.8	-2.4	4.55392655644818	-999.9	0.9	1.2037037037037	3.24017678586827	330
MAPLE_PLAINS	2022	12	30	364	-2.4	4.3	4.08425018470993	-999.9	0.4	3.19444444444444	6.18757384298974	330
MAPLE_PLAINS	2022	12	31	365	2.9	9.8	4.1640649614754	-999.9	0	2.55787037037037	8.97383074619223	330
