MAPLE_PLAINS	2001	1	1	1	-1.5	0.6	2.53152274806215	-999.9	0	3.90046296296297	4.51956324352933	330
MAPLE_PLAINS	2001	1	2	2	-9	-1.3	4.2593064304821	-999.9	0.6	1.40046296296296	3.52497629715864	330
MAPLE_PLAINS	2001	1	3	3	-12.5	-5.6	4.58028769003431	-999.9	0	2.30324074074074	2.61065470434337	330
MAPLE_PLAINS	2001	1	4	4	-13.5	-1.5	5.76152141023288	-999.9	0.8	2.98611111111111	3.36164455584339	330
MAPLE_PLAINS	2001	1	5	5	-12.5	-4.7	4.64017697459483	-999.9	0	1.62037037037037	2.37155810600518	330
MAPLE_PLAINS	2001	1	6	6	-14	-1.7	6.0706200591851	-999.9	34	2.67361111111111	2.80802677754754	330
MAPLE_PLAINS	2001	1	7	7	-3.5	-1	2.88316006205497	-999.9	15	8.91203703703703	4.78877967153338	330
MAPLE_PLAINS	2001	1	8	8	-9	-2.9	4.10948114625607	-999.9	0	2.32638888888889	3.51113576932236	330
MAPLE_PLAINS	2001	1	9	9	-10.5	-2.4	4.63236019017404	-999.9	1	0.289351851851853	3.46406090232728	330
MAPLE_PLAINS	2001	1	10	10	-9	-3.5	4.51371129134534	-999.9	3	3.07870370370369	3.12020166662555	330
MAPLE_PLAINS	2001	1	11	11	-13	-7.2	4.71386074983047	-999.9	3	2.37268518518519	2.33671406478366	330
MAPLE_PLAINS	2001	1	12	12	-11.5	-5.5	4.42902252004884	-999.9	5	4.32870370370369	2.37501518779236	330
MAPLE_PLAINS	2001	1	13	13	-19.5	-5.6	7.33693053097024	-999.9	0.4	2.97453703703703	2.20693106242807	330
MAPLE_PLAINS	2001	1	14	14	-8.5	-1.6	4.85070131463039	-999.9	0.8	4.71064814814814	2.70549731835336	330
MAPLE_PLAINS	2001	1	15	15	-15.5	-7.3	6.06779482330322	-999.9	3	1.48148148148148	2.0826895622363	330
MAPLE_PLAINS	2001	1	16	16	-10	-1.7	5.57283936857064	-999.9	4	1.99074074074074	3.81753935858732	330
MAPLE_PLAINS	2001	1	17	17	-7	-4.8	3.41901724917793	-999.9	3.4	1.76328502415459	3.20356294092423	330
MAPLE_PLAINS	2001	1	18	18	-13	-7.4	4.33327272267989	-999.9	0.6	2.59259259259259	2.29618805418519	330
MAPLE_PLAINS	2001	1	19	19	-13	-1.4	6.47295549596998	-999.9	3.8	4.03935185185186	3.30415227804951	330
MAPLE_PLAINS	2001	1	20	20	-17	-1.4	5.17636510861274	-999.9	0	2.80092592592592	2.7867337842217	330
MAPLE_PLAINS	2001	1	21	21	-17.5	-5.9	6.62471435668458	-999.9	2	3.22463768115942	2.38665584798746	330
MAPLE_PLAINS	2001	1	22	22	-17	-8.8	5.96507141379646	-999.9	1.2	3.72685185185186	1.85991827187463	330
MAPLE_PLAINS	2001	1	23	23	-20.5	-1.2	8.65044760740338	-999.9	0	4.27083333333333	2.6562405131149	330
MAPLE_PLAINS	2001	1	24	24	-3	-0.2	4.65109564403206	-999.9	0	1.11111111111111	3.8221558901783	330
MAPLE_PLAINS	2001	1	25	25	-15	-3.5	7.10005879048794	-999.9	0	0.821256038647342	2.56001409580969	330
MAPLE_PLAINS	2001	1	26	26	-17	-3.3	7.6099099200217	-999.9	0	1.5162037037037	2.63093973463767	330
MAPLE_PLAINS	2001	1	27	27	-18	-3.9	8.24052411450735	-999.9	1.6	0.219907407407407	2.69965550058877	330
MAPLE_PLAINS	2001	1	28	28	-10.5	-2.7	6.4328299934588	-999.9	5	2.96296296296297	3.79841689367636	330
MAPLE_PLAINS	2001	1	29	29	-16.5	-5.3	7.47656566883587	-999.9	0.2	2.30324074074074	2.46132434929004	330
MAPLE_PLAINS	2001	1	30	30	-18.5	-1	9.3408780274901	-999.9	9	3.13657407407408	3.35341736577631	330
MAPLE_PLAINS	2001	1	31	31	-12	-3.2	5.94781810856684	-999.9	4.4	5.61342592592592	3.09162589530025	330
MAPLE_PLAINS	2001	2	1	32	-13	-3.9	6.78504886192329	-999.9	1.2	0.671296296296297	2.7987258555999	330
MAPLE_PLAINS	2001	2	2	33	-14.5	-4.5	7.73017970220195	-999.9	1	1.23842592592593	3.05623675238738	330
MAPLE_PLAINS	2001	2	3	34	-7	-3.9	5.30551476985305	-999.9	0	3.77314814814814	3.0259966914065	330
MAPLE_PLAINS	2001	2	4	35	-17	-3.9	7.94546476695471	-999.9	0	1.2037037037037	2.66707166385192	330
MAPLE_PLAINS	2001	2	5	36	-13	-1.6	7.88662769923427	-999.9	11	1.58564814814815	3.55149062773142	330
MAPLE_PLAINS	2001	2	6	37	-3.5	0.7	5.27312958735045	-999.9	1.6	7.10144927536231	4.59843826251019	330
MAPLE_PLAINS	2001	2	7	38	-7	-3.4	4.78275236555617	-999.9	0.8	4.39814814814814	3.73273732776492	330
MAPLE_PLAINS	2001	2	8	39	-5.5	-2.1	5.14444227221424	-999.9	0	4.53703703703703	3.21418952385927	330
MAPLE_PLAINS	2001	2	9	40	-13	-2.5	9.36518196231248	-999.9	8	1.68981481481481	2.96793913885149	330
MAPLE_PLAINS	2001	2	10	41	-6	5.3	8.27258482473585	-999.9	2.6	8.28703703703703	3.88256369939079	330
MAPLE_PLAINS	2001	2	11	42	-16	-10.3	5.65654965318979	-999.9	0	8.91203703703703	1.35741326599284	330
MAPLE_PLAINS	2001	2	12	43	-14	-8	6.28448437534024	-999.9	0	4.12037037037036	1.77745311562928	330
MAPLE_PLAINS	2001	2	13	44	-13.5	-3.4	8.6301881950648	-999.9	4.2	1.63194444444444	2.56717050051596	330
MAPLE_PLAINS	2001	2	14	45	-19	-2.7	11.5034991556863	-999.9	22	3.06712962962964	2.86395788335247	330
MAPLE_PLAINS	2001	2	15	46	-6	-0.4	6.55623247678914	-999.9	6.4	6.31944444444444	3.7896576350894	330
MAPLE_PLAINS	2001	2	16	47	-11	-3.9	8.14364658295966	-999.9	1.2	2.60416666666667	2.62109558357442	330
MAPLE_PLAINS	2001	2	17	48	-9.5	0.7	8.70576963743384	-999.9	4.4	4.46859903381642	3.64828060349977	330
MAPLE_PLAINS	2001	2	18	49	-16	-10.4	7.11805268320965	-999.9	0	5.25462962962964	1.62079091375847	330
MAPLE_PLAINS	2001	2	19	50	-18.5	-1.2	12.1779152948132	-999.9	1	4.32870370370369	2.68256103271594	330
MAPLE_PLAINS	2001	2	20	51	-4	2.9	7.0327951129013	-999.9	0	4.56018518518519	5.72496339934991	330
MAPLE_PLAINS	2001	2	21	52	-3	2.7	7.13137840338673	-999.9	4.6	4.77272727272728	3.12608186991797	330
MAPLE_PLAINS	2001	2	22	53	-21	-14.6	6.26220897109447	-999.9	0	6.88657407407408	0.835660486822273	330
MAPLE_PLAINS	2001	2	23	54	-23	-10	10.9973313867714	-999.9	0.4	1.93287037037037	1.19201929375609	330
MAPLE_PLAINS	2001	2	24	55	-11.5	-6.5	7.43307848305535	-999.9	2.6	5.54398148148147	2.12803249877731	330
MAPLE_PLAINS	2001	2	25	56	-19	-5.5	11.9146932547122	-999.9	0.8	2.38425925925926	1.9133433692472	330
MAPLE_PLAINS	2001	2	26	57	-8	-0.4	8.54046501436533	-999.9	19.6	3.00925925925925	4.04904045963838	330
MAPLE_PLAINS	2001	2	27	58	-5	-1.2	4.47040794283331	-999.9	0	2.14975845410628	3.40971660309759	330
MAPLE_PLAINS	2001	2	28	59	-14	-9.9	7.16414313103684	-999.9	0	4.02777777777778	1.66063158426427	330
MAPLE_PLAINS	2001	3	1	60	-18	-10	10.2681084904579	-999.9	0	2.4537037037037	1.43000375191167	330
MAPLE_PLAINS	2001	3	2	61	-16.5	-7.8	10.6624930358309	-999.9	1.8	1.04166666666667	1.71767618067029	330
MAPLE_PLAINS	2001	3	3	62	-15	-4.8	10.8042177518193	-999.9	1	1.52777777777778	2.74034020065257	330
MAPLE_PLAINS	2001	3	4	63	-12.5	-3	10.6829862441418	-999.9	0.2	2.76570048309179	2.9249147210968	330
MAPLE_PLAINS	2001	3	5	64	-4.5	0.7	8.72572156235925	-999.9	0	2.88194444444444	4.96363507808438	330
MAPLE_PLAINS	2001	3	6	65	-3.5	-2.2	5.48180212929249	-999.9	0	8.47222222222222	4.40120312916572	330
MAPLE_PLAINS	2001	3	7	66	-3.5	-0.8	7.02340049257273	-999.9	0	8.06712962962964	4.03668558684012	330
MAPLE_PLAINS	2001	3	8	67	-8.5	-0.5	11.524720038746	-999.9	0	2.04861111111111	3.59372546579372	330
MAPLE_PLAINS	2001	3	9	68	-9.5	1.3	11.9454757310728	-999.9	4	1.63194444444444	3.42246451202017	330
MAPLE_PLAINS	2001	3	10	69	-3	0.8	8.15484086295106	-999.9	2.6	4.74537037037036	4.9490513772469	330
MAPLE_PLAINS	2001	3	11	70	-3	2.7	9.41372587997832	-999.9	3	5.82175925925925	5.15171510429347	330
MAPLE_PLAINS	2001	3	12	71	-2	0.1	6.99299675919694	-999.9	0	4.25925925925925	3.87333823788268	330
MAPLE_PLAINS	2001	3	13	72	-12	1.8	14.653741806919	-999.9	7	2.5462962962963	3.72560230409046	330
MAPLE_PLAINS	2001	3	14	73	-3.5	3.6	10.487101507772	-999.9	0.4	5.53240740740742	6.12328212251578	330
MAPLE_PLAINS	2001	3	15	74	-1	2.3	7.75040372577202	-999.9	0	5.68840579710144	4.86122750541162	330
MAPLE_PLAINS	2001	3	16	75	-4	2.1	9.99694562113565	-999.9	0	5.71759259259258	4.45583241398843	330
MAPLE_PLAINS	2001	3	17	76	-4.5	4.8	11.5659841372095	-999.9	0	1.77083333333333	4.81656648082386	330
MAPLE_PLAINS	2001	3	18	77	-1.5	2.2	7.89074246855403	-999.9	2	2.97453703703703	5.46236620905413	330
MAPLE_PLAINS	2001	3	19	78	0	1.4	4.97141173369494	-999.9	3	5.91435185185186	5.43884405791467	330
MAPLE_PLAINS	2001	3	20	79	-2	2.3	8.2103464911327	-999.9	0	1.67824074074074	4.73044892072579	330
MAPLE_PLAINS	2001	3	21	80	-7.5	5.8	15.5323378424573	-999.9	0	0.833333333333333	4.6118388445424	330
MAPLE_PLAINS	2001	3	22	81	-5	4.3	13.2856013642943	-999.9	4.4	2.24537037037037	4.58128086310992	330
MAPLE_PLAINS	2001	3	23	82	-2	2.5	9.00102088999209	-999.9	9.6	7.19907407407408	5.5120240836819	330
MAPLE_PLAINS	2001	3	24	83	-0.5	1.8	5.25293169416975	-999.9	4.6	4.61805555555556	5.52050084066509	330
MAPLE_PLAINS	2001	3	25	84	-3	0.8	8.66960121566565	-999.9	0	6.30787037037036	4.19134490764685	330
MAPLE_PLAINS	2001	3	26	85	-5.5	1.6	11.5897280580295	-999.9	0	4.22453703703703	3.65269251529711	330
MAPLE_PLAINS	2001	3	27	86	-7	2.7	13.27829834191	-999.9	0	1.46135265700483	3.61818018336051	330
MAPLE_PLAINS	2001	3	28	87	-7.5	0.8	14.1403359431479	-999.9	0	3.02083333333333	3.58521232438974	330
MAPLE_PLAINS	2001	3	29	88	-9	5.6	15.9696250761864	-999.9	0	1.77083333333333	4.41152871040441	330
MAPLE_PLAINS	2001	3	30	89	-4.5	5.4	13.6861791299615	-999.9	5	1.93236714975845	5.28686834312798	330
MAPLE_PLAINS	2001	3	31	90	-2	-0.2	7.9796524725638	-999.9	10.4	7.61574074074075	5.0269334447	330
MAPLE_PLAINS	2001	4	1	91	-2.5	-0.9	8.70283574518436	-999.9	2.2	5.9375	4.86158541480922	330
MAPLE_PLAINS	2001	4	2	92	-2	0.5	9.3929308975936	-999.9	12	6.60879629629631	5.22279149256442	330
MAPLE_PLAINS	2001	4	3	93	-2	-0.1	7.49594521325759	-999.9	3	8.07870370370369	4.6133900506528	330
MAPLE_PLAINS	2001	4	4	94	-6.5	3	15.8700714851252	-999.9	0	2.22222222222222	4.49184526606705	330
MAPLE_PLAINS	2001	4	5	95	-4.5	6.7	17.0727923024664	-999.9	0	3.11342592592592	5.4766363836433	330
MAPLE_PLAINS	2001	4	6	96	-7	1.2	15.4083965601567	-999.9	0	2.40740740740741	3.47298318751722	330
MAPLE_PLAINS	2001	4	7	97	-10	1.6	17.7246613062883	-999.9	0	2.7662037037037	4.06098453179071	330
MAPLE_PLAINS	2001	4	8	98	-8	4.1	17.5327920016178	-999.9	0	1.23842592592593	4.387433830124	330
MAPLE_PLAINS	2001	4	9	99	-1	1.6	7.90855143936142	-999.9	9.6	2.69675925925926	5.49628769965783	330
MAPLE_PLAINS	2001	4	10	100	-1.5	1.3	11.2793471018588	-999.9	5.2	2.39583333333333	5.17258049643781	330
MAPLE_PLAINS	2001	4	11	101	-2.5	2.7	13.4574032142649	-999.9	0	2.48842592592593	4.46954677751077	330
MAPLE_PLAINS	2001	4	12	102	-7.5	2.8	19.1880544019183	-999.9	1.4	1.74768518518519	4.27103483463075	330
MAPLE_PLAINS	2001	4	13	103	-1.5	2.7	10.3393474784708	-999.9	4	3.93518518518519	5.68570175492796	330
MAPLE_PLAINS	2001	4	14	104	0	1.7	9.74843855785601	-999.9	11.6	4.53703703703703	5.36984348923986	330
MAPLE_PLAINS	2001	4	15	105	-0.5	0.8	9.82459863012168	-999.9	7.6	6.84027777777778	5.24543970410127	330
MAPLE_PLAINS	2001	4	16	106	-0.5	5.7	12.4103472768436	-999.9	0	1.75925925925926	6.46883628294006	330
MAPLE_PLAINS	2001	4	17	107	0	6.3	14.1063817407347	-999.9	0	1.52777777777778	5.69624594908124	330
MAPLE_PLAINS	2001	4	18	108	-2.5	2.2	14.7096959316831	-999.9	17	3.57638888888889	5.15445540512213	330
MAPLE_PLAINS	2001	4	19	109	-1	4.2	13.7936382641299	-999.9	0	5.3125	5.52001354794452	330
MAPLE_PLAINS	2001	4	20	110	-3	8.4	18.0721759134159	-999.9	0	3.96990740740742	5.30308197229554	330
MAPLE_PLAINS	2001	4	21	111	0.5	14.5	19.0081460026105	-999.9	0	3.34490740740742	6.88479236297311	330
MAPLE_PLAINS	2001	4	22	112	3.5	8	11.7201655150791	-999.9	4.8	5.01157407407408	7.81790300446831	330
MAPLE_PLAINS	2001	4	23	113	3.5	6.6	11.1244716648285	-999.9	0	4.16666666666667	6.29616112400885	330
MAPLE_PLAINS	2001	4	24	114	1	17	20.9497638013036	-999.9	0.2	5.53240740740742	9.14539374607814	330
MAPLE_PLAINS	2001	4	25	115	5	10.6	13.2161885746883	-999.9	0	3.15972222222222	6.22500861437929	330
MAPLE_PLAINS	2001	4	26	116	-0.5	10.9	18.3769574374767	-999.9	0	0.960648148148147	5.06701551632414	330
MAPLE_PLAINS	2001	4	27	117	0	6.9	12.7603505995518	-999.9	23.4	3.27546296296297	6.40185644476141	330
MAPLE_PLAINS	2001	4	28	118	0.5	7.5	14.6378656307269	-999.9	0.4	4.22453703703703	5.77074728463787	330
MAPLE_PLAINS	2001	4	29	119	-3.5	4.5	17.8021085412309	-999.9	0	2.8125	4.22906561959198	330
MAPLE_PLAINS	2001	4	30	120	-4	8	20.9466819387508	-999.9	0	2.55787037037037	5.48570327745267	330
MAPLE_PLAINS	2001	5	1	121	-5	16	22.2488262963198	-999.9	0.2	1.49305555555556	6.03564141779814	330
MAPLE_PLAINS	2001	5	2	122	1	13.2	16.6185653156116	-999.9	1.2	2.03703703703704	8.44684482541911	330
MAPLE_PLAINS	2001	5	3	123	2.5	20.3	20.4649526167221	-999.9	1.8	2.82407407407408	10.1430319668534	330
MAPLE_PLAINS	2001	5	4	124	9.5	19.3	19.245658557041	-999.9	0.8	3.70370370370369	9.86819333313658	330
MAPLE_PLAINS	2001	5	5	125	3	12.8	19.346280010904	-999.9	0	3.96990740740742	8.22824369605883	330
MAPLE_PLAINS	2001	5	6	126	-2	11.7	24.0034934689629	-999.9	0	3.125	5.9142381120884	330
MAPLE_PLAINS	2001	5	7	127	1	21.3	25.5864226010061	-999.9	0	2.5	6.89519426451819	330
MAPLE_PLAINS	2001	5	8	128	2.5	24.3	27.7708573959761	-999.9	0	3.21759259259258	8.2467307261886	330
MAPLE_PLAINS	2001	5	9	129	3.5	19.8	23.1855655926924	-999.9	11.4	3.46064814814814	6.91926671974644	330
MAPLE_PLAINS	2001	5	10	130	6.5	11.7	11.4437865718998	-999.9	74	4.44444444444444	9.2626367983285	330
MAPLE_PLAINS	2001	5	11	131	4.5	7.8	11.4952921986743	-999.9	1.2	7.40740740740742	8.42950730445186	330
MAPLE_PLAINS	2001	5	12	132	4.5	12.6	19.0215778553818	-999.9	0.2	2.68518518518519	9.72433462397528	330
MAPLE_PLAINS	2001	5	13	133	7.5	16	16.973164972972	-999.9	1.2	3.47222222222222	11.3716245712892	330
MAPLE_PLAINS	2001	5	14	134	6.5	11.6	13.9159745472132	-999.9	28	1.93287037037037	9.65412309604126	330
MAPLE_PLAINS	2001	5	15	135	7	9.6	13.9720213527171	-999.9	3.4	5.98379629629631	9.14738975589997	330
MAPLE_PLAINS	2001	5	16	136	4.5	7.9	16.5965681706098	-999.9	0	5.18518518518519	8.22969865831883	330
MAPLE_PLAINS	2001	5	17	137	3.5	6.5	15.4237358622675	-999.9	0	5.49768518518519	7.85901010390126	330
MAPLE_PLAINS	2001	5	18	138	3.5	11.6	19.4791633176713	-999.9	0	2.74305555555556	8.44413607571199	330
MAPLE_PLAINS	2001	5	19	139	5	12.4	16.7803932194427	-999.9	0	2.29166666666667	8.97820816584678	330
MAPLE_PLAINS	2001	5	20	140	2.5	12.4	21.5822606539511	-999.9	0	2.1412037037037	8.28473146611947	330
MAPLE_PLAINS	2001	5	21	141	0.5	17.6	23.4617433943116	-999.9	0.6	2.43055555555556	7.8504961656194	330
MAPLE_PLAINS	2001	5	22	142	4.5	15.2	24.8104755094872	-999.9	0	3.07870370370369	9.45556569285136	330
MAPLE_PLAINS	2001	5	23	143	0	18.6	24.8875427124005	-999.9	0	2.38425925925926	8.39256658770885	330
MAPLE_PLAINS	2001	5	24	144	5.5	10.7	18.7907378565526	-999.9	0	4.72222222222222	8.05147090149658	330
MAPLE_PLAINS	2001	5	25	145	0	26	31.6657080194351	-999.9	0	1.90972222222222	9.42986545035571	330
MAPLE_PLAINS	2001	5	26	146	9.5	24.8	27.4992244344966	-999.9	0	3.23671497584542	11.3795715638062	330
MAPLE_PLAINS	2001	5	27	147	7.5	23.7	22.9768968670241	-999.9	0	3.4375	9.8394011734362	330
MAPLE_PLAINS	2001	5	28	148	12.5	23.6	20.0817737332617	-999.9	0.8	5.65972222222222	16.9051738426317	330
MAPLE_PLAINS	2001	5	29	149	12	21.7	19.5937379370058	-999.9	0	6.38888888888889	14.3584370634539	330
MAPLE_PLAINS	2001	5	30	150	11.5	21.5	20.177420171385	-999.9	18.6	3.77314814814814	14.1557210272376	330
MAPLE_PLAINS	2001	5	31	151	8.5	14	16.7270929009429	-999.9	0.8	4.22453703703703	11.2630512713623	330
MAPLE_PLAINS	2001	6	1	152	7.5	11.9	18.005561615318	-999.9	0.2	3.18287037037036	10.5322652941421	330
MAPLE_PLAINS	2001	6	2	153	6	19.8	22.8208246914349	-999.9	0.4	3.32175925925925	11.8421850405922	330
MAPLE_PLAINS	2001	6	3	154	9	13.7	13.2004252293306	-999.9	29.4	5.05787037037036	11.2112041306416	330
MAPLE_PLAINS	2001	6	4	155	9	14.7	14.0260071093383	-999.9	10.6	5.38194444444444	12.4235577758164	330
MAPLE_PLAINS	2001	6	5	156	10	18.4	18.1376521454613	-999.9	0	3.55324074074075	14.3957489760573	330
MAPLE_PLAINS	2001	6	6	157	10.5	16	17.5499129234764	-999.9	0	2.4537037037037	12.9247482215605	330
MAPLE_PLAINS	2001	6	7	158	10.5	15.8	18.1921929850605	-999.9	0	2.12962962962963	12.2196938760608	330
MAPLE_PLAINS	2001	6	8	159	6	15.4	23.5174898400738	-999.9	0	2.46527777777778	10.1998543036218	330
MAPLE_PLAINS	2001	6	9	160	4	19	24.919232218089	-999.9	1.2	2.07175925925926	10.8800791761993	330
MAPLE_PLAINS	2001	6	10	161	9	16.1	18.8583433635743	-999.9	2.8	4.02777777777778	11.5019643762616	330
MAPLE_PLAINS	2001	6	11	162	4.5	22.4	24.5226068514231	-999.9	0	2.17592592592593	11.6098503806031	330
MAPLE_PLAINS	2001	6	12	163	10.5	22.6	21.6465643012707	-999.9	0	4.02777777777778	14.607062407033	330
MAPLE_PLAINS	2001	6	13	164	14.5	22.8	18.9098170737147	-999.9	0	5.54398148148147	18.3244798205153	330
MAPLE_PLAINS	2001	6	14	165	12.5	25.6	23.6536866877674	-999.9	0	2.09490740740741	15.7254300883475	330
MAPLE_PLAINS	2001	6	15	166	15	21	21.1689285585326	-999.9	0	2.52314814814815	14.8102425397159	330
MAPLE_PLAINS	2001	6	16	167	10.5	21.2	21.7021201305418	-999.9	0	2.25694444444444	13.9148876280181	330
MAPLE_PLAINS	2001	6	17	168	12	25.2	23.2092126874293	-999.9	0	5.27777777777778	17.7347772868432	330
MAPLE_PLAINS	2001	6	18	169	17.5	24.9	17.0860789382585	-999.9	2.2	3.84259259259258	16.5873874671834	330
MAPLE_PLAINS	2001	6	19	170	9	23.6	25.0795302934114	-999.9	0	2.97453703703703	13.515920536811	330
MAPLE_PLAINS	2001	6	20	171	16.5	29.9	23.6992046261555	-999.9	0	5.18518518518519	17.0939828250063	330
MAPLE_PLAINS	2001	6	21	172	11.5	22.8	22.5309453797146	-999.9	0	1.86111111111111	12.4887387745937	330
MAPLE_PLAINS	2001	6	22	173	8.6	22.1	24.6228269823056	-999.9	0	3.03240740740742	13.5833295387549	330
MAPLE_PLAINS	2001	6	23	174	15.3	24.2	19.9871330014442	-999.9	0	5.04629629629631	19.5565967871896	330
MAPLE_PLAINS	2001	6	24	175	18.1	23.7	15.8484802748618	-999.9	14.8	4.96527777777778	22.9698374318973	330
MAPLE_PLAINS	2001	6	25	176	17.1	25.3	19.1686836867122	-999.9	0.6	3.41435185185186	21.895672743744	330
MAPLE_PLAINS	2001	6	26	177	14.3	21.5	17.9513456094837	-999.9	0	3.22916666666667	16.2041995986127	330
MAPLE_PLAINS	2001	6	27	178	15.1	29.5	25.3694489755677	-999.9	0	3.41435185185186	21.2657170857944	330
MAPLE_PLAINS	2001	6	28	179	11.8	22.1	21.4388284475203	-999.9	0	5	11.6238186340166	330
MAPLE_PLAINS	2001	6	29	180	8.3	19.6	22.435094780435	-999.9	2	3.49537037037036	10.9545937700398	330
MAPLE_PLAINS	2001	6	30	181	13.5	25	22.6098372138608	-999.9	8	4.31712962962964	17.5421860039003	330
MAPLE_PLAINS	2001	7	1	182	14.4	23.2	19.7561916009702	-999.9	0.4	3.06712962962964	19.7087898852069	330
MAPLE_PLAINS	2001	7	2	183	10.4	19.5	20.0654767436602	-999.9	0	6.15740740740742	15.1032639408347	330
MAPLE_PLAINS	2001	7	3	184	11.4	22.1	21.7290652590137	-999.9	0	4.58333333333333	12.2555731578977	330
MAPLE_PLAINS	2001	7	4	185	14.5	23.7	20.1194853795574	-999.9	0	4.18981481481481	15.069311361257	330
MAPLE_PLAINS	2001	7	5	186	15.7	22.5	17.2704871882654	-999.9	1.6	3.90046296296297	19.4140757139512	330
MAPLE_PLAINS	2001	7	6	187	15.8	24.6	19.6142618643641	-999.9	21.6	3.34490740740742	20.6940100868034	330
MAPLE_PLAINS	2001	7	7	188	12.4	21	19.3559111094713	-999.9	0	4.96527777777778	15.0115048241789	330
MAPLE_PLAINS	2001	7	8	189	14.5	22	18.0418877509584	-999.9	0	3.36805555555556	16.7642200419771	330
MAPLE_PLAINS	2001	7	9	190	14.7	19.8	14.848292041552	-999.9	2	3.64583333333333	16.5283033709822	330
MAPLE_PLAINS	2001	7	10	191	13.5	18.6	14.8173181032807	-999.9	2.2	3.91203703703703	17.7217906467586	330
MAPLE_PLAINS	2001	7	11	192	16.9	24	17.444548898527	-999.9	6	3.49537037037036	21.1203304906084	330
MAPLE_PLAINS	2001	7	12	193	14.6	23.3	19.2658912066597	-999.9	0	3.79629629629631	19.2351805855016	330
MAPLE_PLAINS	2001	7	13	194	14.1	21.6	17.8448036227422	-999.9	0	5.45138888888889	16.0012219738649	330
MAPLE_PLAINS	2001	7	14	195	13.8	23	19.7142095753884	-999.9	0	2.87037037037036	16.8676976325549	330
MAPLE_PLAINS	2001	7	15	196	12.3	25.8	23.8182139059183	-999.9	0	2.44212962962963	18.0910576056841	330
MAPLE_PLAINS	2001	7	16	197	11.4	21.3	20.3408536149693	-999.9	0	2.71990740740741	17.5652502679547	330
MAPLE_PLAINS	2001	7	17	198	13.9	21.3	17.5359379464171	-999.9	0	2.33796296296296	16.7018977537594	330
MAPLE_PLAINS	2001	7	18	199	10.9	22.5	21.8905089356008	-999.9	0.2	1.75925925925926	17.3067927589796	330
MAPLE_PLAINS	2001	7	19	200	7.3	23.1	25.469543068305	-999.9	0	1.21527777777778	15.4439945114323	330
MAPLE_PLAINS	2001	7	20	201	8.4	26.8	27.3980178818353	-999.9	0	2.40740740740741	14.3466166710817	330
MAPLE_PLAINS	2001	7	21	202	13.4	30.4	26.2484729283576	-999.9	0	3.24074074074075	17.1780386518452	330
MAPLE_PLAINS	2001	7	22	203	16.1	26.2	20.1632801260663	-999.9	3.4	5.3125	17.9792388281723	330
MAPLE_PLAINS	2001	7	23	204	16.9	26.9	19.9927628445874	-999.9	0	4.80324074074075	20.5924200703195	330
MAPLE_PLAINS	2001	7	24	205	18.1	27.7	19.5178501617291	-999.9	8.2	5.63657407407408	22.480584925718	330
MAPLE_PLAINS	2001	7	25	206	16.8	26.2	19.2413213319924	-999.9	0	3.86574074074075	20.7621350772152	330
MAPLE_PLAINS	2001	7	26	207	9.8	20	19.966250905205	-999.9	0	2.63888888888889	14.1908844005456	330
MAPLE_PLAINS	2001	7	27	208	8.5	18.5	19.6912185391449	-999.9	0	3.36805555555556	11.6828815690357	330
MAPLE_PLAINS	2001	7	28	209	8	22.1	23.2867450016235	-999.9	0.6	2.07175925925926	13.9527131229542	330
MAPLE_PLAINS	2001	7	29	210	12.6	24.8	21.5702942657375	-999.9	0	2.67361111111111	15.6449890611119	330
MAPLE_PLAINS	2001	7	30	211	9.1	27.7	26.5191516984892	-999.9	0	2.03703703703704	16.0123315804203	330
MAPLE_PLAINS	2001	7	31	212	9.7	27.5	25.8279551397712	-999.9	0	1.97916666666667	16.7594993268872	330
MAPLE_PLAINS	2001	8	1	213	10.3	26.4	24.4522865079591	-999.9	0	2.61574074074074	15.6812189124451	330
MAPLE_PLAINS	2001	8	2	214	8.2	30.2	28.4507566309979	-999.9	0	3.80787037037036	16.6060961762953	330
MAPLE_PLAINS	2001	8	3	215	17.8	28.8	20.0218390589361	-999.9	0	3.99305555555556	20.9640238047952	330
MAPLE_PLAINS	2001	8	4	216	13.2	25	20.6358679704088	-999.9	0	1.72453703703704	18.7675990648927	330
MAPLE_PLAINS	2001	8	5	217	14.7	28.7	22.3649846264097	-999.9	0	2.56944444444444	19.7683059275704	330
MAPLE_PLAINS	2001	8	6	218	15.8	29.1	21.6871135672816	-999.9	0	4.74537037037036	21.0228385872265	330
MAPLE_PLAINS	2001	8	7	219	18.1	27.5	18.136749883564	-999.9	0	5.15046296296297	22.9584062358683	330
MAPLE_PLAINS	2001	8	8	220	12.3	26.3	22.0154299586956	-999.9	0	3.24074074074075	16.2175797053005	330
MAPLE_PLAINS	2001	8	9	221	16.1	30.1	21.8948792738425	-999.9	0	3.02083333333333	19.3447359808757	330
MAPLE_PLAINS	2001	8	10	222	19.6	30.2	18.9449896062675	-999.9	0.2	5.70105820105819	24.2640324335482	330
MAPLE_PLAINS	2001	8	11	223	10	25.2	22.5565877884422	-999.9	0	3.99691358024692	14.0091622821489	330
MAPLE_PLAINS	2001	8	12	224	8	26.8	24.9394988470827	-999.9	0	1.93287037037037	15.4445737551829	330
MAPLE_PLAINS	2001	8	13	225	16.1	23.9	15.9683504115424	-999.9	0	2.41898148148148	21.5773605951727	330
MAPLE_PLAINS	2001	8	14	226	14.3	23.7	17.4231690671343	-999.9	0	2.09490740740741	20.0035947499402	330
MAPLE_PLAINS	2001	8	15	227	11.4	25.8	21.4309393129246	-999.9	0	1.875	16.3777509160346	330
MAPLE_PLAINS	2001	8	16	228	15.5	27.1	19.113125315656	-999.9	0	2.67361111111111	19.3901676244848	330
MAPLE_PLAINS	2001	8	17	229	12.9	24.6	19.0714697738444	-999.9	6	2.95138888888889	17.6785147223329	330
MAPLE_PLAINS	2001	8	18	230	15.8	24.4	16.243308847459	-999.9	0.2	3.79629629629631	20.5472261086647	330
MAPLE_PLAINS	2001	8	19	231	16.7	26.5	17.2233504350282	-999.9	0	3.27546296296297	20.7115701837435	330
MAPLE_PLAINS	2001	8	20	232	14	20.5	13.9311075235147	-999.9	0	2.43055555555556	18.2641245084899	330
MAPLE_PLAINS	2001	8	21	233	16	21.8	13.0680905729743	-999.9	0.2	2.97453703703703	21.2015998201992	330
MAPLE_PLAINS	2001	8	22	234	18.5	25.9	14.6564148827087	-999.9	0	2.59259259259259	22.9587445083783	330
MAPLE_PLAINS	2001	8	23	235	17	27.8	17.5785024458441	-999.9	1.8	2.43055555555556	20.3402452694618	330
MAPLE_PLAINS	2001	8	24	236	4.8	18.5	19.653166003774	-999.9	0.2	4.16666666666667	15.3090617616554	330
MAPLE_PLAINS	2001	8	25	237	1.2	19.9	22.7897317048286	-999.9	0	1.99074074074074	9.49395597401446	330
MAPLE_PLAINS	2001	8	26	238	9.6	22.8	19.0018230854001	-999.9	0	4.44444444444444	13.1421941076599	330
MAPLE_PLAINS	2001	8	27	239	13.2	24.3	17.2903275980309	-999.9	3.8	3.53009259259258	17.9076163986439	330
MAPLE_PLAINS	2001	8	28	240	15.4	23.4	14.5634242927527	-999.9	0	2.26851851851852	20.3909267108387	330
MAPLE_PLAINS	2001	8	29	241	9.8	20.9	17.0176642359433	-999.9	2.6	2.4537037037037	17.210119290837	330
MAPLE_PLAINS	2001	8	30	242	5.9	21.2	19.8174213385791	-999.9	0	2.24537037037037	11.4341290680394	330
MAPLE_PLAINS	2001	8	31	243	13.5	24.9	16.9652273677262	-999.9	0	5.35879629629631	16.7448632872129	330
MAPLE_PLAINS	2001	9	1	244	13.9	25.5	16.970116084698	-999.9	17.2	4.95370370370369	19.8214445170648	330
MAPLE_PLAINS	2001	9	2	245	6	18.5	17.4663432769976	-999.9	0	3.03240740740742	12.8316283417737	330
MAPLE_PLAINS	2001	9	3	246	5.1	20.9	19.4674556658653	-999.9	0	3.09027777777778	11.8430299376804	330
MAPLE_PLAINS	2001	9	4	247	13.6	22.4	14.4011794383771	-999.9	0	4.35185185185186	12.9485932760131	330
MAPLE_PLAINS	2001	9	5	248	7.4	16.8	14.7515977797859	-999.9	0.4	4.40972222222222	14.689261631819	330
MAPLE_PLAINS	2001	9	6	249	4	16.6	16.9247046024299	-999.9	0	3.98148148148147	10.4149071026735	330
MAPLE_PLAINS	2001	9	7	250	3.4	23.6	21.2331506957808	-999.9	0	2.55787037037037	12.5949313195763	330
MAPLE_PLAINS	2001	9	8	251	15.6	27.4	16.0777370117636	-999.9	0	3.96990740740742	18.8255576911603	330
MAPLE_PLAINS	2001	9	9	252	17.5	29.7	16.1938914642303	-999.9	0	3.53009259259258	21.8622178747957	330
MAPLE_PLAINS	2001	9	10	253	15.9	26.7	15.0908200031475	-999.9	0	4.16666666666667	20.582616882099	330
MAPLE_PLAINS	2001	9	11	254	14.3	23.8	14.0163433829238	-999.9	0	3.28703703703703	19.2174244056463	330
MAPLE_PLAINS	2001	9	12	255	4	19	17.4394550178279	-999.9	0	2.24537037037037	10.2633989348414	330
MAPLE_PLAINS	2001	9	13	256	0.8	21.4	20.2338131562609	-999.9	0	1.74768518518519	11.0657652723165	330
MAPLE_PLAINS	2001	9	14	257	3.1	16.7	16.2747020770367	-999.9	0	2.93981481481481	11.509179320669	330
MAPLE_PLAINS	2001	9	15	258	1	17.1	17.5266446072049	-999.9	0	2.38425925925926	9.39498255905127	330
MAPLE_PLAINS	2001	9	16	259	8.4	20.4	14.9748225868399	-999.9	0	3.94675925925925	12.2388973980014	330
MAPLE_PLAINS	2001	9	17	260	4.9	21.9	17.6369683527751	-999.9	0	1.94444444444444	13.076745437217	330
MAPLE_PLAINS	2001	9	18	261	8.9	20.6	14.4765229587095	-999.9	0	3.33333333333333	13.5804697605326	330
MAPLE_PLAINS	2001	9	19	262	1.8	16.7	16.1614401374695	-999.9	0	3.34490740740742	9.41569776443272	330
MAPLE_PLAINS	2001	9	20	263	-0.3	19.6	18.4745177410509	-999.9	0	2.11805555555556	10.1311859898926	330
MAPLE_PLAINS	2001	9	21	264	13.2	21.6	11.8710813766162	-999.9	0	3.37962962962964	16.3002085336976	330
MAPLE_PLAINS	2001	9	22	265	18.3	20.3	5.72815184652166	-999.9	4	5	21.194965434725	330
MAPLE_PLAINS	2001	9	23	266	13.2	22.2	12.0147550957068	-999.9	0	2.65046296296296	20.1734340688978	330
MAPLE_PLAINS	2001	9	24	267	9.7	23	14.4397399876655	-999.9	0	1.27314814814815	16.5045356571459	330
MAPLE_PLAINS	2001	9	25	268	15.4	23.1	10.8608812804706	-999.9	0	1.88657407407407	18.3385406328378	330
MAPLE_PLAINS	2001	9	26	269	15.8	20.7	8.5634887805302	-999.9	3.8	3.40277777777778	21.0095944560346	330
MAPLE_PLAINS	2001	9	27	270	10	19.3	11.6593573302294	-999.9	3.2	3.76157407407408	15.9874493973001	330
MAPLE_PLAINS	2001	9	28	271	5.4	13.7	10.8843062423599	-999.9	2.4	2.75462962962963	9.76268398520779	330
MAPLE_PLAINS	2001	9	29	272	2.1	11.8	11.6258571462385	-999.9	0.2	2.73148148148148	9.26846641355339	330
MAPLE_PLAINS	2001	9	30	273	-2	15.8	15.558801321558	-999.9	0	1.81712962962963	8.73690467752667	330
MAPLE_PLAINS	2001	10	1	274	3.4	17.2	13.5326587433047	-999.9	0	1.875	10.1320765282612	330
MAPLE_PLAINS	2001	10	2	275	3.2	21	15.1803699494116	-999.9	0	2.11805555555556	11.6269353883226	330
MAPLE_PLAINS	2001	10	3	276	1.9	17	13.8083519444137	-999.9	0	2.33796296296296	10.3596975139567	330
MAPLE_PLAINS	2001	10	4	277	14.1	22.8	10.3501649293061	-999.9	0	5.11574074074075	17.1134271812403	330
MAPLE_PLAINS	2001	10	5	278	12.3	20.3	9.79989037345647	-999.9	0	2.67361111111111	14.8383750800313	330
MAPLE_PLAINS	2001	10	6	279	10.5	22.6	11.8990673551306	-999.9	1	6.243961352657	16.5467030401836	330
MAPLE_PLAINS	2001	10	7	280	1.9	12.7	11.0976941727619	-999.9	5.2	3.93518518518519	9.0765693349212	330
MAPLE_PLAINS	2001	10	8	281	-2.2	10.9	12.0646586930877	-999.9	0.6	2.17592592592593	7.10005836105497	330
MAPLE_PLAINS	2001	10	9	282	-0.6	10.9	11.1569641743211	-999.9	0	3.64583333333333	6.65236606416006	330
MAPLE_PLAINS	2001	10	10	283	7.9	15.9	9.183758297642	-999.9	0	3.98148148148147	9.01141853149367	330
MAPLE_PLAINS	2001	10	11	284	4.5	21.9	13.3656624937756	-999.9	0	3.62318840579711	11.9894939250356	330
MAPLE_PLAINS	2001	10	12	285	5.5	20.5	12.2451903479003	-999.9	0	3.47222222222222	14.6110318181431	330
MAPLE_PLAINS	2001	10	13	286	3.8	15.5	10.6704355008089	-999.9	0	2.60416666666667	11.1253496164952	330
MAPLE_PLAINS	2001	10	14	287	1.6	17.8	12.3874806980772	-999.9	0	3.10185185185186	11.8858584067823	330
MAPLE_PLAINS	2001	10	15	288	13.2	18.7	7.12052235350943	-999.9	6.4	5.625	17.0900427878382	330
MAPLE_PLAINS	2001	10	16	289	7.7	16.9	9.08448014370887	-999.9	13	2.68518518518519	12.1683366593571	330
MAPLE_PLAINS	2001	10	17	290	10.8	18	7.92721547567533	-999.9	47.8	6.27314814814814	14.8818849184451	330
MAPLE_PLAINS	2001	10	18	291	6.3	11	6.31722337140242	-999.9	0	6.72453703703703	8.02714377228655	330
MAPLE_PLAINS	2001	10	19	292	2.9	11.7	8.52546959232505	-999.9	0	4.86111111111111	7.24696991775134	330
MAPLE_PLAINS	2001	10	20	293	7.5	16.2	8.36017329529071	-999.9	0	4.24768518518519	11.7478040948566	330
MAPLE_PLAINS	2001	10	21	294	3.3	16.4	10.1169899034048	-999.9	4	3.90046296296297	10.7113237465857	330
MAPLE_PLAINS	2001	10	22	295	5.4	12.9	7.54901121896876	-999.9	0	5.24305555555556	10.2973639246805	330
MAPLE_PLAINS	2001	10	23	296	-1.6	11.1	9.68704555122667	-999.9	11.8	2.95138888888889	6.41811387887916	330
MAPLE_PLAINS	2001	10	24	297	5.9	14.7	7.95151251804645	-999.9	13.2	3.47222222222222	12.5928316468671	330
MAPLE_PLAINS	2001	10	25	298	8.3	15.7	7.19009787528611	-999.9	1	3.77314814814814	14.800875964693	330
MAPLE_PLAINS	2001	10	26	299	8.8	15.7	6.84618194794605	-999.9	0	3.34490740740742	9.86563243602298	330
MAPLE_PLAINS	2001	10	27	300	0.6	11.1	8.32761858762305	-999.9	3	1.95601851851852	8.46127680607903	330
MAPLE_PLAINS	2001	10	28	301	-2.5	8.5	8.40475696261395	-999.9	0.2	1.4975845410628	6.84944106250027	330
MAPLE_PLAINS	2001	10	29	302	-4.1	9	9.044208911945	-999.9	0	2.2337962962963	6.32633065537687	330
MAPLE_PLAINS	2001	10	30	303	2.5	6.7	5.04977946060048	-999.9	0.8	5.08101851851853	6.38879795399889	330
MAPLE_PLAINS	2001	10	31	304	-0.7	5.3	5.95177164895152	-999.9	0	4.12037037037036	4.50824296071126	330
MAPLE_PLAINS	2001	11	1	305	-2.1	10	8.33488602689263	-999.9	0.6	3.16425120772947	7.3272468850206	330
MAPLE_PLAINS	2001	11	2	306	10.3	14.9	5.06803094877194	-999.9	0	4.81481481481481	13.8086600229435	330
MAPLE_PLAINS	2001	11	3	307	6.3	15.2	6.95231383303693	-999.9	0.6	3.95833333333333	14.4461504220952	330
MAPLE_PLAINS	2001	11	4	308	1.3	10.7	7.04687748099551	-999.9	0	1.11111111111111	9.55668061334333	330
MAPLE_PLAINS	2001	11	5	309	6.2	9.5	4.11828546308675	-999.9	9	2.7662037037037	10.8013354840949	330
MAPLE_PLAINS	2001	11	6	310	1.6	11.8	7.1419769916952	-999.9	4.6	3.49537037037036	9.86487705813489	330
MAPLE_PLAINS	2001	11	7	311	3.8	7.5	4.24340371863251	-999.9	18.4	8.19444444444444	8.15140897683117	330
MAPLE_PLAINS	2001	11	8	312	-1.4	4.9	5.46285006716035	-999.9	0	5.63657407407408	4.93509233781305	330
MAPLE_PLAINS	2001	11	9	313	2.8	11.3	6.2609264772842	-999.9	6.2	6.16898148148147	8.32837070670281	330
MAPLE_PLAINS	2001	11	10	314	1.4	4.7	3.84959628711081	-999.9	1.4	7.44212962962964	5.01693081469946	330
MAPLE_PLAINS	2001	11	11	315	-3	1.7	4.53408409643906	-999.9	15.2	3.31018518518519	5.85301020436591	330
MAPLE_PLAINS	2001	11	12	316	-3.9	-0.7	3.69280092078497	-999.9	0	4.17824074074075	3.92435411694015	330
MAPLE_PLAINS	2001	11	13	317	-3.5	-1.1	3.15710624438481	-999.9	0	5.30092592592592	3.59827034806743	330
MAPLE_PLAINS	2001	11	14	318	-8.4	1.2	6.23431737514455	-999.9	1	2.1412037037037	4.49864371880677	330
MAPLE_PLAINS	2001	11	15	319	0	7.8	5.54934922578099	-999.9	0	2.7662037037037	8.2829596482853	330
MAPLE_PLAINS	2001	11	16	320	0.7	10.3	6.08062680430322	-999.9	5	5.60185185185186	8.77271396568591	330
MAPLE_PLAINS	2001	11	17	321	-4.7	1.3	4.74884143792071	-999.9	0	4.05797101449275	3.52854340062602	330
MAPLE_PLAINS	2001	11	18	322	-7	3.6	6.23663723861288	-999.9	0	1.90821256038647	5.16109923791417	330
MAPLE_PLAINS	2001	11	19	323	3.4	11	5.21892376731319	-999.9	0	3.91203703703703	9.10203831920502	330
MAPLE_PLAINS	2001	11	20	324	1.3	14.4	6.77302131037539	-999.9	7.4	5.45138888888889	10.8069278583754	330
MAPLE_PLAINS	2001	11	21	325	-4.8	1.1	4.49413817895105	-999.9	0	3.34490740740742	4.79946577442722	330
MAPLE_PLAINS	2001	11	22	326	-5.6	3.5	5.5197661830962	-999.9	0	1.23842592592593	4.82483021086931	330
MAPLE_PLAINS	2001	11	23	327	-4.7	4.2	5.39989696038062	-999.9	0	1.79398148148148	5.98769425116891	330
MAPLE_PLAINS	2001	11	24	328	0.4	7.3	4.70458555048307	-999.9	0	2.65046296296296	7.25378218415745	330
MAPLE_PLAINS	2001	11	25	329	3.6	8.3	3.84302241721502	-999.9	0	3.94675925925925	8.30114350311785	330
MAPLE_PLAINS	2001	11	26	330	3.8	9.4	4.15308557787721	-999.9	0.4	4.31712962962964	9.1978929390055	330
MAPLE_PLAINS	2001	11	27	331	0.5	8.4	4.88510459532668	-999.9	0	3.86574074074075	7.87189073237052	330
MAPLE_PLAINS	2001	11	28	332	-2.3	2.4	3.73274299178544	-999.9	2.8	3.77314814814814	5.94303578470431	330
MAPLE_PLAINS	2001	11	29	333	-2.5	-0.7	2.28915064968394	-999.9	14.6	2.89351851851853	4.2074351710735	330
MAPLE_PLAINS	2001	11	30	334	-1.5	3.7	5.63549304819824	-999.9	12.8	2.41898148148148	6.7143826843531	330
MAPLE_PLAINS	2001	12	1	335	2	12.1	5.32849646999805	-999.9	3.6	5.89120370370369	9.68490709091865	330
MAPLE_PLAINS	2001	12	2	336	0.3	5.6	3.8303618160354	-999.9	0	2.22222222222222	6.33743508068402	330
MAPLE_PLAINS	2001	12	3	337	0.7	5.5	3.61732503489771	-999.9	0.4	2.3202614379085	7.05229451677437	330
MAPLE_PLAINS	2001	12	4	338	4	6.1	2.37522069431949	-999.9	1.4	4.56349206349206	8.10536598264468	330
MAPLE_PLAINS	2001	12	5	339	-3	2.5	4.16977264241267	-999.9	4	3.34490740740742	5.69236057575115	330
MAPLE_PLAINS	2001	12	6	340	0	10.5	4.7374219534904	-999.9	0.6	5.57870370370369	8.45271740472866	330
MAPLE_PLAINS	2001	12	7	341	1.1	6.7	3.80350927389991	-999.9	0	7.02380952380953	4.67511541941567	330
MAPLE_PLAINS	2001	12	8	342	-2	0.6	2.57687241848092	-999.9	0	5.37037037037036	3.33230435903113	330
MAPLE_PLAINS	2001	12	9	343	-7	-1.9	3.58994709513737	-999.9	0.2	0.909090909090908	3.64400466449995	330
MAPLE_PLAINS	2001	12	10	344	-4.2	-1.5	2.59935526229021	-999.9	0	2.08333333333333	4.50471153240878	330
MAPLE_PLAINS	2001	12	11	345	1	6.9	3.53890872901326	-999.9	0	5.43981481481481	5.55780614132487	330
MAPLE_PLAINS	2001	12	12	346	-5	0.2	4.31698511475408	-999.9	0	3.09343434343433	3.76628444814156	330
MAPLE_PLAINS	2001	12	13	347	-5	5	5.08980820041514	-999.9	13.8	3.20601851851853	5.79222095808286	330
MAPLE_PLAINS	2001	12	14	348	1.5	9.2	4.14291582148171	-999.9	0	4.89583333333333	7.94703729437908	330
MAPLE_PLAINS	2001	12	15	349	-3	1.2	3.12343741919933	-999.9	1.4	5.87962962962964	4.15600404195526	330
MAPLE_PLAINS	2001	12	16	350	-4.5	0.6	3.48442088413197	-999.9	0.4	8.13657407407408	4.06546352625768	330
MAPLE_PLAINS	2001	12	17	351	-5	0.4	3.8103291083818	-999.9	0.2	3.64734299516908	3.71939533732457	330
MAPLE_PLAINS	2001	12	18	352	-3.5	0	3.10711768069094	-999.9	11.8	3.40277777777778	4.97979575043164	330
MAPLE_PLAINS	2001	12	19	353	-3	1.1	2.90404271289789	-999.9	0	6.80555555555556	4.3951289754215	330
MAPLE_PLAINS	2001	12	20	354	-5	-0.2	3.63908818368425	-999.9	0	2.68518518518519	3.67888409203769	330
MAPLE_PLAINS	2001	12	21	355	-4	-0.1	3.47008213825958	-999.9	0.8	4.50231481481481	4.56168594900288	330
MAPLE_PLAINS	2001	12	22	356	-4	-0.7	3.1054855591381	-999.9	2.8	5.97222222222222	4.10004392742661	330
MAPLE_PLAINS	2001	12	23	357	-4.5	0.2	3.47560357962638	-999.9	0.2	4.36342592592592	4.05199968840093	330
MAPLE_PLAINS	2001	12	24	358	-10	2.1	5.39239798857666	-999.9	1	2.15277777777778	4.57138092325517	330
MAPLE_PLAINS	2001	12	25	359	-2	2.3	3.11937000502264	-999.9	13.4	3.73842592592592	6.00342936873167	330
MAPLE_PLAINS	2001	12	26	360	-4	0	3.49595499786096	-999.9	15.2	2.59259259259259	4.62106984633403	330
MAPLE_PLAINS	2001	12	27	361	-3.5	-0.5	2.93329486536415	-999.9	0.4	4.64120370370369	4.39684928485064	330
MAPLE_PLAINS	2001	12	28	362	-6	-3.6	3.51757052504376	-999.9	0.4	8.54166666666667	3.36664530453504	330
MAPLE_PLAINS	2001	12	29	363	-3.5	-0.2	3.53079265515536	-999.9	0	4.44444444444444	3.64692336384342	330
MAPLE_PLAINS	2001	12	30	364	-5.5	-2.1	3.36367440284212	-999.9	0	4.43287037037036	3.03250929732363	330
MAPLE_PLAINS	2001	12	31	365	-6	-2	3.73592494370911	-999.9	0	5.06944444444444	3.12831140709971	330
