MAPLE_PLAINS	2002	1	1	1	-9	-6.1	3.202151132962	-999.9	0.2	5.83333333333333	2.29592416276442	330
MAPLE_PLAINS	2002	1	2	2	-9.5	-3.9	3.94335150443081	-999.9	0	6.33101851851853	2.62483902545115	330
MAPLE_PLAINS	2002	1	3	3	-7.5	-2.2	4.1286155306988	-999.9	0.4	6.12268518518519	2.88809238105554	330
MAPLE_PLAINS	2002	1	4	4	-13.7	-7	4.19796988090466	-999.9	0	5.77020202020203	1.59789685734811	330
MAPLE_PLAINS	2002	1	5	5	-19.3	-5.6	6.04341407539714	-999.9	0	2.64492753623188	1.90920329827457	330
MAPLE_PLAINS	2002	1	6	6	-14	0.4	6.24012668599595	-999.9	7.2	2.37268518518519	3.97484970818286	330
MAPLE_PLAINS	2002	1	7	7	-3.3	1.4	3.59184178617432	-999.9	12	5.52083333333333	5.68612704014874	330
MAPLE_PLAINS	2002	1	8	8	-8.8	-3.6	3.80792146345914	-999.9	1.4	5.54292929292931	3.71238555659922	330
MAPLE_PLAINS	2002	1	9	9	-6.6	0.2	4.39052557154225	-999.9	1.6	3.35648148148147	4.71227671707088	330
MAPLE_PLAINS	2002	1	10	10	-1.9	1.1	2.94138426888424	-999.9	2.8	3.07971014492753	5.86484718375842	330
MAPLE_PLAINS	2002	1	11	11	-2.5	1	3.20555402847036	-999.9	0.8	2.66908212560386	5.47752593417017	330
MAPLE_PLAINS	2002	1	12	12	-5.1	-1.3	3.3711888911555	-999.9	0	3.36805555555556	4.1785779098677	330
MAPLE_PLAINS	2002	1	13	13	-13.3	2.2	6.87414889759614	-999.9	24.2	5.77546296296297	4.28034644179354	330
MAPLE_PLAINS	2002	1	14	14	-7.6	2	5.46368086868827	-999.9	0	7.09490740740742	4.37174445290632	330
MAPLE_PLAINS	2002	1	15	15	-11.5	-3.3	5.10132804053907	-999.9	15.6	2.25845410628019	3.23969957624038	330
MAPLE_PLAINS	2002	1	16	16	-13	-2.8	5.74947433739932	-999.9	3.6	4.89583333333333	3.98831714251331	330
MAPLE_PLAINS	2002	1	17	17	-10.2	-4.2	4.45733823709646	-999.9	5.6	2.51157407407407	3.2914305082295	330
MAPLE_PLAINS	2002	1	18	18	-10.5	-2.9	5.07217113841688	-999.9	1	2.1256038647343	3.8820091559443	330
MAPLE_PLAINS	2002	1	19	19	-18.1	-5.1	6.70897481310928	-999.9	1.6	2.48842592592593	2.69945151521452	330
MAPLE_PLAINS	2002	1	20	20	-11	-3	5.32392735513333	-999.9	0.6	1.99074074074074	3.51116777999136	330
MAPLE_PLAINS	2002	1	21	21	-13.4	-0.1	6.9456974797642	-999.9	22	2.51207729468599	4.05054010535952	330
MAPLE_PLAINS	2002	1	22	22	-8.8	0.1	5.75020412708461	-999.9	1.6	6.51515151515153	4.89598646595759	330
MAPLE_PLAINS	2002	1	23	23	-18.4	2.9	9.00464556029684	-999.9	0.8	3.85265700483092	2.86100402635005	330
MAPLE_PLAINS	2002	1	24	24	-3.7	2.6	4.95816622162264	-999.9	9.2	2.98611111111111	5.52762784668482	330
MAPLE_PLAINS	2002	1	25	25	-10.6	-3.4	5.36749417520306	-999.9	1.4	2.63285024154589	3.84415679437935	330
MAPLE_PLAINS	2002	1	26	26	-16.5	-5.2	6.81043390660776	-999.9	2.2	2.65046296296296	2.74192185907149	330
MAPLE_PLAINS	2002	1	27	27	-14.4	-8.1	5.1511830046959	-999.9	1	2.36111111111111	2.2311252882648	330
MAPLE_PLAINS	2002	1	28	28	-9	0.9	6.54216716887383	-999.9	0	4.21296296296297	4.52329683724589	330
MAPLE_PLAINS	2002	1	29	29	-4.3	0.7	4.71105214367225	-999.9	1.6	2.56944444444444	4.74642187383457	330
MAPLE_PLAINS	2002	1	30	30	-12.3	-4.6	5.92466894611303	-999.9	1.6	2.56944444444444	3.35524052103856	330
MAPLE_PLAINS	2002	1	31	31	-17.6	-12.3	4.98189896513328	-999.9	0	3.65740740740742	1.26118334344408	330
MAPLE_PLAINS	2002	2	1	32	-14.9	-6.8	6.24289106893333	-999.9	16.2	2.15277777777778	2.0521173185214	330
MAPLE_PLAINS	2002	2	2	33	-11.9	-4.6	6.00806489623274	-999.9	1	6.80555555555556	2.99941765367093	330
MAPLE_PLAINS	2002	2	3	34	-16.6	-10.7	5.47606440588862	-999.9	0	3.37962962962964	1.44178066781719	330
MAPLE_PLAINS	2002	2	4	35	-19	-3.9	8.8825085139726	-999.9	0.4	4.07004830917875	2.52386153326753	330
MAPLE_PLAINS	2002	2	5	36	-11.8	-5.1	5.99957345818822	-999.9	0.4	7.54629629629631	2.47458565222744	330
MAPLE_PLAINS	2002	2	6	37	-15.3	-10.4	5.20288302299	-999.9	0	6.01851851851853	1.49118133826368	330
MAPLE_PLAINS	2002	2	7	38	-21.4	-11.7	7.42366395547688	-999.9	4.6	2.82407407407408	1.17531891442354	330
MAPLE_PLAINS	2002	2	8	39	-11.2	-3.1	6.87988164355532	-999.9	6.4	3.28703703703703	3.28388948913456	330
MAPLE_PLAINS	2002	2	9	40	-16.9	-11.1	5.90438159812712	-999.9	0	4.62560386473431	1.65035254093112	330
MAPLE_PLAINS	2002	2	10	41	-22.7	-3	11.0364114807381	-999.9	9.6	3.76157407407408	1.80068576853934	330
MAPLE_PLAINS	2002	2	11	42	-16.6	3.8	11.3907714536367	-999.9	18	9.02777777777778	3.5030194129439	330
MAPLE_PLAINS	2002	2	12	43	-23.6	-4.4	11.2082429640597	-999.9	0.6	4.28240740740742	1.5017740024941	330
MAPLE_PLAINS	2002	2	13	44	-13.3	0.3	9.56770078209999	-999.9	0	5.37439613526569	3.64703404467427	330
MAPLE_PLAINS	2002	2	14	45	-16.8	-7.3	8.11055067402756	-999.9	0	4.94949494949494	1.45015744228749	330
MAPLE_PLAINS	2002	2	15	46	-6.8	3.8	8.68936509548284	-999.9	0	6.31944444444444	4.95741207697618	330
MAPLE_PLAINS	2002	2	16	47	1.8	4.1	4.10524267217955	-999.9	5.4	3.73842592592592	6.93085312150116	330
MAPLE_PLAINS	2002	2	17	48	-3.2	2.2	6.37972561637597	-999.9	0	2.25845410628019	5.56291503986182	330
MAPLE_PLAINS	2002	2	18	49	-8.5	-3.5	6.22598396058931	-999.9	0.6	7.40338164251208	3.27430557324774	330
MAPLE_PLAINS	2002	2	19	50	-11.6	-5.3	7.08755080747047	-999.9	0	6.14734299516908	3.07911618860595	330
MAPLE_PLAINS	2002	2	20	51	-16	-0.3	11.3464802388983	-999.9	0	1.59722222222222	3.18313409359311	330
MAPLE_PLAINS	2002	2	21	52	-4.7	2.4	7.73759526435054	-999.9	25.2	5.75231481481481	5.00888900002712	330
MAPLE_PLAINS	2002	2	22	53	-0.5	3.1	5.58690545216043	-999.9	1.8	5.09661835748792	6.61392986994308	330
MAPLE_PLAINS	2002	2	23	54	-8.4	-1.5	7.84265924921868	-999.9	0.4	3.16425120772947	3.90188909846345	330
MAPLE_PLAINS	2002	2	24	55	-12.6	-2.8	9.47641143228546	-999.9	0	2.0048309178744	3.40406020711384	330
MAPLE_PLAINS	2002	2	25	56	-6.1	-0.9	6.99835372676617	-999.9	4	1.90972222222222	3.95438073458627	330
MAPLE_PLAINS	2002	2	26	57	-2.9	3.4	7.80903097568604	-999.9	0	4.87268518518519	5.72906136041063	330
MAPLE_PLAINS	2002	2	27	58	2.9	7.6	6.83716200798953	-999.9	10.4	7.25845410628019	8.81125716550851	330
MAPLE_PLAINS	2002	2	28	59	-5.6	8	11.7885959535658	-999.9	0	7.89351851851853	5.46593329430454	330
MAPLE_PLAINS	2002	3	1	60	-6.8	0	8.44844280051113	-999.9	0	3.87681159420289	3.26817232252186	330
MAPLE_PLAINS	2002	3	2	61	-4.7	0.1	7.19340762042822	-999.9	0	3.06712962962964	3.79406481273917	330
MAPLE_PLAINS	2002	3	3	62	-2.9	7.2	10.5737070938202	-999.9	3.2	6.52777777777778	6.31793983872274	330
MAPLE_PLAINS	2002	3	4	63	-4.1	7.6	11.5311140851873	-999.9	0	5	5.50168934951017	330
MAPLE_PLAINS	2002	3	5	64	-10.6	-4.9	8.15427432579962	-999.9	0.2	5.53240740740742	1.84548966551207	330
MAPLE_PLAINS	2002	3	6	65	-8.8	-1.1	9.60106190600754	-999.9	1	3.24074074074075	2.80629397380897	330
MAPLE_PLAINS	2002	3	7	66	-5.7	0.6	8.79681376392841	-999.9	0	2.60416666666667	4.15233681163747	330
MAPLE_PLAINS	2002	3	8	67	-7.4	-1.5	8.62216528234162	-999.9	0.2	3.75	2.40241475996881	330
MAPLE_PLAINS	2002	3	9	68	-6.2	2	10.2940280192923	-999.9	8.8	4.02777777777778	4.58689343174377	330
MAPLE_PLAINS	2002	3	10	69	0	9.9	11.4534387445017	-999.9	5.4	6.04166666666667	8.04786082075435	330
MAPLE_PLAINS	2002	3	11	70	-8.9	-0.1	10.9332759335706	-999.9	0	7.78935185185186	2.27450314325478	330
MAPLE_PLAINS	2002	3	12	71	-6.8	2	11.0685524710869	-999.9	2	4.15509259259258	3.40440850650787	330
MAPLE_PLAINS	2002	3	13	72	-2.4	5.6	10.6827721110671	-999.9	1.4	3.58796296296297	5.71508100187514	330
MAPLE_PLAINS	2002	3	14	73	-1.6	8.5	12.1489085726015	-999.9	0	4.89583333333333	5.97200679816371	330
MAPLE_PLAINS	2002	3	15	74	-7.6	-2.8	8.47582836350858	-999.9	5	4.01620370370369	2.24619620595782	330
MAPLE_PLAINS	2002	3	16	75	-5.9	-4.2	5.10408127930066	-999.9	1.6	4.86111111111111	3.74442935998876	330
MAPLE_PLAINS	2002	3	17	76	-8.3	-2.6	9.45601364050325	-999.9	0	5.19675925925925	2.97611543261716	330
MAPLE_PLAINS	2002	3	18	77	-8	-2.8	9.1368228965803	-999.9	0	4.3719806763285	3.32684509037247	330
MAPLE_PLAINS	2002	3	19	78	-9.3	-2.4	10.6459815385351	-999.9	0	3.50241545893719	3.34972775967497	330
MAPLE_PLAINS	2002	3	20	79	-11.7	1.7	15.0046343267998	-999.9	15.6	2.32638888888889	3.31054402092557	330
MAPLE_PLAINS	2002	3	21	80	-3	1	8.29007776008815	-999.9	15.4	4.34027777777778	5.15678027493328	330
MAPLE_PLAINS	2002	3	22	81	-10.1	0.4	13.5806996518696	-999.9	1.2	6.03009259259258	3.9025214118807	330
MAPLE_PLAINS	2002	3	23	82	-11.5	-1.7	13.2642381496731	-999.9	2	8.50694444444444	2.14784995429125	330
MAPLE_PLAINS	2002	3	24	83	-5.7	-0.3	9.95291873450842	-999.9	0	7.11805555555556	3.11333668555638	330
MAPLE_PLAINS	2002	3	25	84	-8.7	-1.5	11.6157253004273	-999.9	0	6.04166666666667	2.00326451567566	330
MAPLE_PLAINS	2002	3	26	85	-16	1.7	18.4049709171202	-999.9	11	1.66666666666667	2.85326905630047	330
MAPLE_PLAINS	2002	3	27	86	-2.9	8	14.5939154199871	-999.9	20.8	5.86805555555556	6.62604778914925	330
MAPLE_PLAINS	2002	3	28	87	-1.6	5	11.4731336155247	-999.9	0	3.22463768115942	5.68650343654128	330
MAPLE_PLAINS	2002	3	29	88	-1.8	5	11.7640616465393	-999.9	0	3.54166666666667	5.56060525024906	330
MAPLE_PLAINS	2002	3	30	89	-0.7	5.8	11.6169828960775	-999.9	7.8	5.37037037037036	6.09815849205477	330
MAPLE_PLAINS	2002	3	31	90	2.3	9.6	12.4329129376227	-999.9	0	2.1875	7.97200749202377	330
MAPLE_PLAINS	2002	4	1	91	4	7.7	8.93774515984927	-999.9	18.4	5.86805555555556	8.34389396598428	330
MAPLE_PLAINS	2002	4	2	92	2.5	8.6	11.5863980049961	-999.9	0	7.75462962962964	6.80132667007723	330
MAPLE_PLAINS	2002	4	3	93	1.8	9.5	13.1409279633807	-999.9	9.4	4.45601851851853	7.49989042189302	330
MAPLE_PLAINS	2002	4	4	94	1.3	9.4	13.6038247617651	-999.9	0	6.17149758454106	6.59811942198169	330
MAPLE_PLAINS	2002	4	5	95	-1.2	5.4	12.3927883565823	-999.9	0.2	3.42592592592592	4.94107576465085	330
MAPLE_PLAINS	2002	4	6	96	-1.9	2.6	10.3257732767623	-999.9	0	4.52898550724639	4.64765573850793	330
MAPLE_PLAINS	2002	4	7	97	-4.3	1.7	12.0296217958008	-999.9	0	4.51690821256039	4.40295712944453	330
MAPLE_PLAINS	2002	4	8	98	-4	6.4	15.9769492364538	-999.9	0	3.70772946859903	5.6216305161401	330
MAPLE_PLAINS	2002	4	9	99	2.2	8.9	12.9346987838936	-999.9	3.6	5.26570048309178	7.64400662504611	330
MAPLE_PLAINS	2002	4	10	100	2.7	10.3	13.8933967553836	-999.9	5.8	4.64120370370369	8.71209213870004	330
MAPLE_PLAINS	2002	4	11	101	-0.2	6	12.6538101450108	-999.9	0	2.74305555555556	4.57245772004509	330
MAPLE_PLAINS	2002	4	12	102	0.2	11.7	17.3755855359969	-999.9	0	4.60648148148147	5.70609965678924	330
MAPLE_PLAINS	2002	4	13	103	4.9	10.5	12.2233704960629	-999.9	12.2	4.27083333333333	9.79053988886806	330
MAPLE_PLAINS	2002	4	14	104	1.2	7.3	12.8590783964769	-999.9	20	3.98148148148147	7.90514322711155	330
MAPLE_PLAINS	2002	4	15	105	0.9	5.4	11.1311708263343	-999.9	9	2.42753623188406	7.0391023064702	330
MAPLE_PLAINS	2002	4	16	106	2.6	12.2	16.3833139144258	-999.9	1	3.07870370370369	8.76870522632979	330
MAPLE_PLAINS	2002	4	17	107	-3	8.6	18.1454920309308	-999.9	0	4.05092592592592	5.98947829276458	330
MAPLE_PLAINS	2002	4	18	108	-4.2	2.4	13.7888362884709	-999.9	0	0.978260869565217	5.07055460111451	330
MAPLE_PLAINS	2002	4	19	109	1.4	7	12.7940499157324	-999.9	2.6	3.24074074074075	7.57484602386663	330
MAPLE_PLAINS	2002	4	20	110	-1	8.5	16.783282933904	-999.9	0	4.43287037037036	6.89934691060844	330
MAPLE_PLAINS	2002	4	21	111	-2.5	2.5	12.2615150538769	-999.9	0	4.43236714975844	3.9200602698655	330
MAPLE_PLAINS	2002	4	22	112	-1.4	5.2	14.1846390859271	-999.9	0	2.80092592592592	4.98282940410183	330
MAPLE_PLAINS	2002	4	23	113	-1.1	2	9.78718432340573	-999.9	4	3.54166666666667	5.71420454666566	330
MAPLE_PLAINS	2002	4	24	114	-2.5	1.9	11.7375515584093	-999.9	0	3.87681159420289	5.45319696099166	330
MAPLE_PLAINS	2002	4	25	115	-3.5	3.9	15.3209323742516	-999.9	0	1.49305555555556	5.36333737615483	330
MAPLE_PLAINS	2002	4	26	116	-0.7	1.5	8.40703778597734	-999.9	24.6	5.20833333333333	5.63792796001895	330
MAPLE_PLAINS	2002	4	27	117	0	4.6	12.232558993697	-999.9	0	5.77546296296297	5.82249057272987	330
MAPLE_PLAINS	2002	4	28	118	0	7.2	15.3977079392701	-999.9	18.8	4.97685185185186	4.36257575103973	330
MAPLE_PLAINS	2002	4	29	119	-0.6	2	9.30835367534385	-999.9	7.8	6.82870370370369	5.74030872458556	330
MAPLE_PLAINS	2002	4	30	120	-0.8	2.7	10.8633008839382	-999.9	2.8	4.32870370370369	5.71692228479822	330
MAPLE_PLAINS	2002	5	1	121	2	9.6	16.0998431314615	-999.9	0	3.41435185185186	7.31941211545755	330
MAPLE_PLAINS	2002	5	2	122	1.9	12.3	18.939317512432	-999.9	6.8	3.51851851851853	7.80511097126686	330
MAPLE_PLAINS	2002	5	3	123	2	8.6	15.17044924167	-999.9	7.8	3.84259259259258	7.67794961606179	330
MAPLE_PLAINS	2002	5	4	124	1.9	11.7	18.5850874328107	-999.9	0	6.46990740740742	6.85322427555433	330
MAPLE_PLAINS	2002	5	5	125	-1.6	10	20.3260133061686	-999.9	0	3.48379629629631	4.74532959318326	330
MAPLE_PLAINS	2002	5	6	126	3.2	17.7	22.8415546455775	-999.9	0.2	5.17361111111111	8.03786053120942	330
MAPLE_PLAINS	2002	5	7	127	9.3	19.3	19.0636991345363	-999.9	3.8	4.59490740740742	8.799918649538	330
MAPLE_PLAINS	2002	5	8	128	4.9	13.1	17.3471026027111	-999.9	0	5.85648148148147	7.45825336767262	330
MAPLE_PLAINS	2002	5	9	129	-2.1	12.7	23.4159245572466	-999.9	3	2.5	6.06031235164031	330
MAPLE_PLAINS	2002	5	10	130	7.5	18.1	19.9086428715938	-999.9	13	5.05787037037036	11.2195457877491	330
MAPLE_PLAINS	2002	5	11	131	2.5	11.1	18.013342638362	-999.9	0	6.25	7.05586528747136	330
MAPLE_PLAINS	2002	5	12	132	1.6	10.2	18.0925177413809	-999.9	0	3.63425925925925	5.73013803177581	330
MAPLE_PLAINS	2002	5	13	133	-1.6	10.1	21.1931732476826	-999.9	0	2.02546296296296	5.43353885089664	330
MAPLE_PLAINS	2002	5	14	134	1	5.2	12.7505757417216	-999.9	13.4	6.77083333333333	6.38012074042648	330
MAPLE_PLAINS	2002	5	15	135	5.4	10.2	13.686011852883	-999.9	4.4	3.65740740740742	8.94714253331665	330
MAPLE_PLAINS	2002	5	16	136	3.7	13.9	20.028886268227	-999.9	0.4	4.86111111111111	8.47004012352959	330
MAPLE_PLAINS	2002	5	17	137	4.3	15.4	20.9733656025886	-999.9	13.8	3.33333333333333	10.051306358183	330
MAPLE_PLAINS	2002	5	18	138	4.7	9.7	14.1283447478511	-999.9	6.8	2.03703703703704	8.05105600308427	330
MAPLE_PLAINS	2002	5	19	139	3.8	11.6	17.7093719198296	-999.9	2	3.68055555555556	8.35610085477594	330
MAPLE_PLAINS	2002	5	20	140	1.9	15.5	23.4652414307423	-999.9	0	1.97916666666667	7.87821294795934	330
MAPLE_PLAINS	2002	5	21	141	3.1	12.6	19.6773871875595	-999.9	0	1.9212962962963	8.71050428661682	330
MAPLE_PLAINS	2002	5	22	142	1.2	17.6	25.9375017874054	-999.9	0	4.00462962962964	7.6404896934332	330
MAPLE_PLAINS	2002	5	23	143	7.8	20.4	22.8056685747694	-999.9	0	7.43055555555556	7.92991790676805	330
MAPLE_PLAINS	2002	5	24	144	9.7	22	22.6002017248632	-999.9	5	5.67129629629631	8.37262433998907	330
MAPLE_PLAINS	2002	5	25	145	3.9	11.7	18.0493002545587	-999.9	0	5.13888888888889	6.97842823275633	330
MAPLE_PLAINS	2002	5	26	146	3.5	17.3	24.074494396981	-999.9	0	4.98842592592592	8.04902791071862	330
MAPLE_PLAINS	2002	5	27	147	8.6	21.7	23.5184806985053	-999.9	0	2.95138888888889	11.5536089049015	330
MAPLE_PLAINS	2002	5	28	148	7.6	21.8	24.5485219040753	-999.9	0	1.66666666666667	10.9055649569159	330
MAPLE_PLAINS	2002	5	29	149	5.8	25.2	28.7634735134995	-999.9	0	3.71527777777778	10.9553526476746	330
MAPLE_PLAINS	2002	5	30	150	13.1	21	18.3977696399374	-999.9	33.8	4.43287037037036	14.5646120774263	330
MAPLE_PLAINS	2002	5	31	151	13.4	23.2	20.536567096869	-999.9	0.2	5.10416666666667	15.77060927927	330
MAPLE_PLAINS	2002	6	1	152	13.4	21.1	18.2421280580729	-999.9	0.6	6.09953703703703	14.0338910363085	330
MAPLE_PLAINS	2002	6	2	153	7.7	17	20.0881162542252	-999.9	0.2	3.92361111111111	11.0538429949928	330
MAPLE_PLAINS	2002	6	3	154	6.2	12.3	16.2998141534722	-999.9	0	4.375	7.81236370474082	330
MAPLE_PLAINS	2002	6	4	155	5	16.1	22.0268163533857	-999.9	0	3.05555555555556	7.47628875986174	330
MAPLE_PLAINS	2002	6	5	156	7.6	13.4	15.9488496253759	-999.9	11.2	4.69907407407408	9.46936477603765	330
MAPLE_PLAINS	2002	6	6	157	10	14.1	13.4302822963785	-999.9	4.8	2.85879629629631	11.6026606154703	330
MAPLE_PLAINS	2002	6	7	158	1.9	12.2	21.3178052500204	-999.9	0	2.53472222222222	8.43464204811575	330
MAPLE_PLAINS	2002	6	8	159	-1.6	16.2	28.0619246346097	-999.9	0	1.75925925925926	7.28367468959393	330
MAPLE_PLAINS	2002	6	9	160	9.3	11.2	9.17953798443397	-999.9	13.4	3.68055555555556	9.18958569647527	330
MAPLE_PLAINS	2002	6	10	161	6.5	11.9	15.4928225965838	-999.9	0.6	5.63657407407408	9.75629613416949	330
MAPLE_PLAINS	2002	6	11	162	5.4	14.2	19.7978394918147	-999.9	0	1.58564814814815	9.40357750806997	330
MAPLE_PLAINS	2002	6	12	163	7.1	17.6	21.6454752576447	-999.9	0	2.32638888888889	10.2707835250198	330
MAPLE_PLAINS	2002	6	13	164	4.4	18.4	25.0141522944662	-999.9	0	2.66203703703704	9.67673847758484	330
MAPLE_PLAINS	2002	6	14	165	1.3	17.5	26.9266245595175	-999.9	0	2.17592592592593	7.95020063850346	330
MAPLE_PLAINS	2002	6	15	166	0.8	13.5	23.8551580044948	-999.9	11.2	3.41435185185186	8.06434553441653	330
MAPLE_PLAINS	2002	6	16	167	7.3	10.3	11.5998008935555	-999.9	4.2	3.65942028985508	9.87571958459364	330
MAPLE_PLAINS	2002	6	17	168	9	14	14.9808985804065	-999.9	0.6	2.37268518518519	10.405393281609	330
MAPLE_PLAINS	2002	6	18	169	9.2	18.3	20.2157581641325	-999.9	0	1.89814814814815	11.40725999079	330
MAPLE_PLAINS	2002	6	19	170	7.7	17.9	21.4061937988833	-999.9	0	1.53935185185185	11.2703444346723	330
MAPLE_PLAINS	2002	6	20	171	6.1	25.2	29.294066407099	-999.9	0	2.48842592592593	12.2215572742164	330
MAPLE_PLAINS	2002	6	21	172	12.3	25.2	24.0732678572196	-999.9	0	5.26620370370369	13.3468353766711	330
MAPLE_PLAINS	2002	6	22	173	7.5	20.2	23.8821207402914	-999.9	0	3.46064814814814	10.45158989517	330
MAPLE_PLAINS	2002	6	23	174	4.4	21.9	28.0268651181123	-999.9	18.2	3.68055555555556	10.0886941488253	330
MAPLE_PLAINS	2002	6	24	175	10.8	16.2	15.5628986806219	-999.9	3	6.74768518518519	12.7257983308028	330
MAPLE_PLAINS	2002	6	25	176	11	22.3	22.5021795892219	-999.9	0	5.60185185185186	11.9516159022337	330
MAPLE_PLAINS	2002	6	26	177	8.4	26	28.0664247855865	-999.9	1.4	2.91666666666667	13.762215166433	330
MAPLE_PLAINS	2002	6	27	178	15.8	21.4	15.8206310263029	-999.9	7.8	5.19675925925925	17.0336377708069	330
MAPLE_PLAINS	2002	6	28	179	16.1	21.5	15.5231307900013	-999.9	0.8	1.68981481481481	17.599831906807	330
MAPLE_PLAINS	2002	6	29	180	12	20.5	19.4579977900217	-999.9	0	3.41435185185186	14.7435359477316	330
MAPLE_PLAINS	2002	6	30	181	11.2	22.1	22.0121145564386	-999.9	0	2.36111111111111	13.2780514373284	330
MAPLE_PLAINS	2002	7	1	182	14.5	23.2	19.643619792314	-999.9	0	3.4375	15.0552562581819	330
MAPLE_PLAINS	2002	7	2	183	14.6	23.3	19.6195215786351	-999.9	0	2.52314814814815	16.388418178492	330
MAPLE_PLAINS	2002	7	3	184	17	28.9	22.9151463941982	-999.9	0	2.74305555555556	20.7616559955505	330
MAPLE_PLAINS	2002	7	4	185	16.9	29.5	23.545516785537	-999.9	31.2	3.76157407407408	21.0496458190258	330
MAPLE_PLAINS	2002	7	5	186	15.8	23.4	18.2581566408659	-999.9	8.4	3.05555555555556	19.3196539087239	330
MAPLE_PLAINS	2002	7	6	187	13.1	21.4	19.0488902337689	-999.9	0	1.50462962962963	15.6385844223966	330
MAPLE_PLAINS	2002	7	7	188	12.8	21.6	19.5796863021056	-999.9	0	1.89814814814815	14.939565778466	330
MAPLE_PLAINS	2002	7	8	189	13.8	22.6	19.5430651974556	-999.9	8.8	2.53472222222222	15.3075464023297	330
MAPLE_PLAINS	2002	7	9	190	16.7	21.5	14.4049591640793	-999.9	4.6	3.65740740740742	16.7570797225617	330
MAPLE_PLAINS	2002	7	10	191	12.6	21	19.0162185293728	-999.9	0	2.36111111111111	14.2920513036873	330
MAPLE_PLAINS	2002	7	11	192	10.5	17.5	17.3212643226192	-999.9	0.8	4.30555555555556	11.2156702601693	330
MAPLE_PLAINS	2002	7	12	193	7.9	22.1	24.6135156045477	-999.9	0	3.70370370370369	12.7263030220783	330
MAPLE_PLAINS	2002	7	13	194	12.9	25.1	22.7594129955869	-999.9	0.4	3.73842592592592	14.8539874422931	330
MAPLE_PLAINS	2002	7	14	195	13.6	23.4	20.3469113669001	-999.9	0	2.56944444444444	17.200318852975	330
MAPLE_PLAINS	2002	7	15	196	13.3	25.4	22.5494000829845	-999.9	0	3.63425925925925	17.2005286127943	330
MAPLE_PLAINS	2002	7	16	197	12	21.4	19.8205409786243	-999.9	0	3.25231481481481	15.5347650600088	330
MAPLE_PLAINS	2002	7	17	198	7.7	21.8	24.205981467661	-999.9	0	1.84027777777778	13.7909518230161	330
MAPLE_PLAINS	2002	7	18	199	12.9	21.5	18.8484694351464	-999.9	1	3.65740740740742	15.586898878601	330
MAPLE_PLAINS	2002	7	19	200	7.5	20.7	23.2798177357974	-999.9	12	2.1412037037037	12.8451387789229	330
MAPLE_PLAINS	2002	7	20	201	7.7	17.8	20.2988259685658	-999.9	0.2	2.96296296296297	12.9238538587932	330
MAPLE_PLAINS	2002	7	21	202	4.3	23.1	27.6031411513144	-999.9	0	1.95601851851852	11.9036014817927	330
MAPLE_PLAINS	2002	7	22	203	15.7	24.7	19.0336356494922	-999.9	0	5.32407407407408	15.4550673957103	330
MAPLE_PLAINS	2002	7	23	204	17.7	27.9	20.1917007080412	-999.9	1	4.84953703703703	18.2303408408719	330
MAPLE_PLAINS	2002	7	24	205	5.6	18.5	22.6251370315155	-999.9	0	3.02083333333333	11.6395533270868	330
MAPLE_PLAINS	2002	7	25	206	3.5	19.6	25.1816337797328	-999.9	0	2.31481481481481	9.8652376312901	330
MAPLE_PLAINS	2002	7	26	207	2.9	21	26.5971881738331	-999.9	0	1.79398148148148	10.4681637762561	330
MAPLE_PLAINS	2002	7	27	208	8.7	18.8	19.7894297146716	-999.9	0	1.62037037037037	11.9201628105256	330
MAPLE_PLAINS	2002	7	28	209	10.7	23.3	22.0132671293911	-999.9	0	1.46990740740741	13.7370273821599	330
MAPLE_PLAINS	2002	7	29	210	15.6	22.4	16.1038831587125	-999.9	5.2	4.36342592592592	16.4850727750724	330
MAPLE_PLAINS	2002	7	30	211	18	23	13.7495396482808	-999.9	0	2.60416666666667	18.399124940896	330
MAPLE_PLAINS	2002	7	31	212	16.2	25.9	19.0662766098835	-999.9	0.2	3.83101851851853	18.1823207713311	330
MAPLE_PLAINS	2002	8	1	213	9.2	20.6	20.5759058219318	-999.9	0	2.7662037037037	13.9168145322419	330
MAPLE_PLAINS	2002	8	2	214	5.5	21.1	23.9576810845422	-999.9	1	1.75925925925926	12.2595024306191	330
MAPLE_PLAINS	2002	8	3	215	16.2	21	13.2259915890482	-999.9	0	3.78472222222222	16.2321547629226	330
MAPLE_PLAINS	2002	8	4	216	17.1	26.4	18.319904744259	-999.9	0	2.65046296296296	18.2565455644102	330
MAPLE_PLAINS	2002	8	5	217	17.4	24.5	15.9269919478824	-999.9	2.4	3.96990740740742	18.4162118971782	330
MAPLE_PLAINS	2002	8	6	218	15.4	21.3	14.4444809029562	-999.9	36.6	3.33333333333333	16.3011281040318	330
MAPLE_PLAINS	2002	8	7	219	14.7	18.4	11.3787982971231	-999.9	1.6	5.01157407407408	14.2756601620229	330
MAPLE_PLAINS	2002	8	8	220	11	22	19.5145929259702	-999.9	0	1.97916666666667	12.4380344002864	330
MAPLE_PLAINS	2002	8	9	221	7.2	20.1	21.0171291120365	-999.9	0	1.57407407407407	11.7560814957629	330
MAPLE_PLAINS	2002	8	10	222	9.5	25.8	23.4928248545625	-999.9	0	2.8125	14.8991292809849	330
MAPLE_PLAINS	2002	8	11	223	16.6	26.3	18.0192817610157	-999.9	0	3.96990740740742	17.1726567125137	330
MAPLE_PLAINS	2002	8	12	224	16.3	26.3	18.1889989364574	-999.9	0	3.50694444444444	17.7229678593517	330
MAPLE_PLAINS	2002	8	13	225	17.1	29.3	19.9706715131851	-999.9	0	2.90509259259258	18.9870387304312	330
MAPLE_PLAINS	2002	8	14	226	15.6	31.6	22.7312446080961	-999.9	0	1.62037037037037	20.3762840444387	330
MAPLE_PLAINS	2002	8	15	227	18.6	31.1	19.9670988022384	-999.9	0	3.36805555555556	20.8871753319209	330
MAPLE_PLAINS	2002	8	16	228	19	27.6	16.45704809249	-999.9	0	4.42129629629631	20.5659957312549	330
MAPLE_PLAINS	2002	8	17	229	19.4	29.8	17.9807541390395	-999.9	0	3.06712962962964	20.586821105373	330
MAPLE_PLAINS	2002	8	18	230	13.7	29	21.6656135208062	-999.9	0	2.1875	18.8094658424017	330
MAPLE_PLAINS	2002	8	19	231	18.6	24.8	13.6993652515261	-999.9	6.6	2.63888888888889	19.3392431635522	330
MAPLE_PLAINS	2002	8	20	232	12.4	22.1	17.0182474071341	-999.9	0.4	0.787037037037036	16.4245973000174	330
MAPLE_PLAINS	2002	8	21	233	9	23.4	20.5910922891002	-999.9	0	1.90972222222222	13.006109149825	330
MAPLE_PLAINS	2002	8	22	234	11.3	23.7	18.9724201160906	-999.9	4.4	3.95833333333333	13.9794712431839	330
MAPLE_PLAINS	2002	8	23	235	7.3	19.2	18.4520013067907	-999.9	0	2.8125	12.1476389026747	330
MAPLE_PLAINS	2002	8	24	236	6.9	21.9	20.5644864484611	-999.9	3.4	2.55787037037037	12.399253518773	330
MAPLE_PLAINS	2002	8	25	237	15	20.1	11.9015492251075	-999.9	0.6	2.21064814814815	14.867541109918	330
MAPLE_PLAINS	2002	8	26	238	14.5	23.3	15.5149235806227	-999.9	0	4.21296296296297	14.3761986931137	330
MAPLE_PLAINS	2002	8	27	239	8.6	21.7	18.7835372443716	-999.9	0	2.31481481481481	13.0361539603556	330
MAPLE_PLAINS	2002	8	28	240	6.3	18.3	17.8364792124486	-999.9	0	2.51157407407407	11.1506355730134	330
MAPLE_PLAINS	2002	8	29	241	5.3	21.5	20.5587151155945	-999.9	0	2.04861111111111	12.7325807968945	330
MAPLE_PLAINS	2002	8	30	242	9.9	19.8	15.9411271164326	-999.9	0.6	4.07407407407408	13.5386527644667	330
MAPLE_PLAINS	2002	8	31	243	2.6	16.6	18.8005812595404	-999.9	0	2.62731481481481	8.11504717702827	330
MAPLE_PLAINS	2002	9	1	244	3.1	21.4	21.3148049783695	-999.9	0	3.29861111111111	9.87096763178252	330
MAPLE_PLAINS	2002	9	2	245	9.1	20	16.3102355775068	-999.9	0	2.83564814814814	11.6230672420805	330
MAPLE_PLAINS	2002	9	3	246	10.4	24.1	18.1276260819584	-999.9	0	2.60416666666667	15.0019288034548	330
MAPLE_PLAINS	2002	9	4	247	16.8	24.1	13.1165058023679	-999.9	43.4	4.43287037037036	16.7245973962272	330
MAPLE_PLAINS	2002	9	5	248	12.9	20.1	12.9104501083729	-999.9	0.4	4.28240740740742	14.4285246068141	330
MAPLE_PLAINS	2002	9	6	249	8.7	18.9	15.2277560488541	-999.9	0	3.59953703703703	10.7318011649628	330
MAPLE_PLAINS	2002	9	7	250	11.4	20.7	14.4072214475945	-999.9	0	1.73611111111111	12.4557030194376	330
MAPLE_PLAINS	2002	9	8	251	14.5	21.7	12.5588584355856	-999.9	0	3.85416666666667	15.0291597880737	330
MAPLE_PLAINS	2002	9	9	252	14.1	17	7.89533038060318	-999.9	5.2	2.31481481481481	13.9558155492518	330
MAPLE_PLAINS	2002	9	10	253	16.8	28.7	15.8407026580614	-999.9	0	2.77777777777778	18.511246540082	330
MAPLE_PLAINS	2002	9	11	254	12.5	17.8	10.4691364630999	-999.9	65.2	3.57638888888889	14.8375814507154	330
MAPLE_PLAINS	2002	9	12	255	5.2	13	12.5757698565853	-999.9	15	6.93287037037036	9.7570790747	330
MAPLE_PLAINS	2002	9	13	256	7.9	16.6	13.1493338365901	-999.9	4.6	4.51388888888889	10.386100417322	330
MAPLE_PLAINS	2002	9	14	257	7.4	16.2	13.0913649238036	-999.9	0	3.05555555555556	9.17118969237023	330
MAPLE_PLAINS	2002	9	15	258	12.5	20.3	12.1992503467386	-999.9	11.8	5.18518518518519	14.6700499098311	330
MAPLE_PLAINS	2002	9	16	259	10.3	12.8	6.83504010454171	-999.9	16.2	4.03935185185186	11.1126734208712	330
MAPLE_PLAINS	2002	9	17	260	9.5	16.9	11.6363113970836	-999.9	0	1.44675925925926	10.915441887073	330
MAPLE_PLAINS	2002	9	18	261	5.4	16.3	13.9728366367275	-999.9	0	2.4537037037037	9.39063544028641	330
MAPLE_PLAINS	2002	9	19	262	5.8	21.1	16.3769355205314	-999.9	0	2.30324074074074	11.3592132918384	330
MAPLE_PLAINS	2002	9	20	263	13.1	19.8	10.7197331274006	-999.9	2.2	6.30787037037036	14.2648296731805	330
MAPLE_PLAINS	2002	9	21	264	15.6	22.4	10.6808322795338	-999.9	0	3.18287037037036	16.0733444067395	330
MAPLE_PLAINS	2002	9	22	265	16.7	23.9	10.8684039709846	-999.9	0	4.02777777777778	17.2350085947511	330
MAPLE_PLAINS	2002	9	23	266	16.6	26.1	12.343987425703	-999.9	18.2	4.13194444444444	17.9949196381815	330
MAPLE_PLAINS	2002	9	24	267	11.7	17.6	9.61744161335301	-999.9	7.6	3.73842592592592	12.4564560050824	330
MAPLE_PLAINS	2002	9	25	268	4.7	17.7	14.1120913820507	-999.9	0	1.68981481481481	9.98636172029832	330
MAPLE_PLAINS	2002	9	26	269	2.3	19.6	16.0907298932051	-999.9	0	1.53935185185185	9.44273932374126	330
MAPLE_PLAINS	2002	9	27	270	9.5	17.7	10.9481329949699	-999.9	22.6	2.82407407407408	12.3978867717239	330
MAPLE_PLAINS	2002	9	28	271	9.4	16.1	9.77910496760105	-999.9	7.2	4.10879629629631	12.3645443855076	330
MAPLE_PLAINS	2002	9	29	272	5.1	11.2	9.21942918010122	-999.9	0	4.15509259259258	6.4305338567405	330
MAPLE_PLAINS	2002	9	30	273	2.6	12.8	11.7778554479261	-999.9	18	2.91666666666667	7.22144659678673	330
MAPLE_PLAINS	2002	10	1	274	13.2	20	9.49944086114512	-999.9	4.2	4.83796296296297	14.1377860204156	330
MAPLE_PLAINS	2002	10	2	275	15.3	23.6	10.3660046802422	-999.9	1.8	3.11342592592592	16.2335558914599	330
MAPLE_PLAINS	2002	10	3	276	0.8	14.9	13.3432901664385	-999.9	0.6	4.59490740740742	7.95725944453488	330
MAPLE_PLAINS	2002	10	4	277	-0.8	12	12.5543036538015	-999.9	0	2.08333333333333	6.74578662642201	330
MAPLE_PLAINS	2002	10	5	278	10.6	18.9	9.98194724273305	-999.9	2.8	6.67824074074075	13.4748105288849	330
MAPLE_PLAINS	2002	10	6	279	0.7	14.1	12.5219693634825	-999.9	0	3.35648148148147	6.84435681210568	330
MAPLE_PLAINS	2002	10	7	280	0.1	15.8	13.3804494279306	-999.9	5.4	4.35185185185186	9.1008840919405	330
MAPLE_PLAINS	2002	10	8	281	-0.6	13.5	12.5166742231405	-999.9	0	3.87731481481481	7.1689832820192	330
MAPLE_PLAINS	2002	10	9	282	-1.7	8.4	10.4558129487841	-999.9	0	1.875	5.58241971439508	330
MAPLE_PLAINS	2002	10	10	283	1.4	10	9.52192326710951	-999.9	0	1.40046296296296	6.41026863429681	330
MAPLE_PLAINS	2002	10	11	284	6.7	12.6	7.78290755436128	-999.9	0	1.9212962962963	9.28976619231888	330
MAPLE_PLAINS	2002	10	12	285	5.4	15.1	9.84704172350327	-999.9	0	1.59722222222222	9.70973928208697	330
MAPLE_PLAINS	2002	10	13	286	2.2	14.2	10.8063700955963	-999.9	2.6	2.96296296296297	8.79532055677679	330
MAPLE_PLAINS	2002	10	14	287	3.4	13.2	9.63470720961563	-999.9	3.4	4.51388888888889	8.39863093109503	330
MAPLE_PLAINS	2002	10	15	288	-2	8.2	9.69684816258861	-999.9	0	2.91666666666667	4.99890800405811	330
MAPLE_PLAINS	2002	10	16	289	-3.6	11.4	11.5998345763205	-999.9	18.2	2.21064814814815	6.20234434054083	330
MAPLE_PLAINS	2002	10	17	290	7.5	14	7.53201356235882	-999.9	2.2	5.55555555555556	10.3213030948135	330
MAPLE_PLAINS	2002	10	18	291	7.1	12.7	6.89558820251129	-999.9	0.8	3.18287037037036	9.44707931875211	330
MAPLE_PLAINS	2002	10	19	292	3.5	8.8	6.61629572600857	-999.9	8.4	4.72222222222222	6.67515930566872	330
MAPLE_PLAINS	2002	10	20	293	3	10.5	7.76222603643883	-999.9	0.4	4.51388888888889	7.59060693494099	330
MAPLE_PLAINS	2002	10	21	294	1.6	4.7	4.92148896500048	-999.9	0	4.88425925925925	4.70032337298954	330
MAPLE_PLAINS	2002	10	22	295	2	6.8	6.03920897517501	-999.9	0	5.09259259259258	5.22801211191986	330
MAPLE_PLAINS	2002	10	23	296	2.7	6.9	5.57075587082403	-999.9	6.2	3.37962962962964	6.59649236240417	330
MAPLE_PLAINS	2002	10	24	297	2.4	6.4	5.36090864604166	-999.9	0.2	3.05555555555556	5.8547174703124	330
MAPLE_PLAINS	2002	10	25	298	-4.8	6.1	8.72634122946394	-999.9	0	1.73611111111111	4.88673319479267	330
MAPLE_PLAINS	2002	10	26	299	-6.1	6.5	9.25143632821191	-999.9	24.6	2.37268518518519	5.02442539701514	330
MAPLE_PLAINS	2002	10	27	300	3.5	7.2	4.94341462825061	-999.9	23	4.94212962962964	7.31031268836903	330
MAPLE_PLAINS	2002	10	28	301	2.4	7.7	5.83400439339147	-999.9	1	5.68287037037036	6.20335446370839	330
MAPLE_PLAINS	2002	10	29	302	1.5	3.2	3.25806240401694	-999.9	0.4	7.76620370370369	4.76966443360775	330
MAPLE_PLAINS	2002	10	30	303	1	3.1	3.57073330008715	-999.9	0.8	4.83796296296297	5.18406635304708	330
MAPLE_PLAINS	2002	10	31	304	-3.7	3.1	6.33614476866111	-999.9	0	3.29861111111111	4.63223785989915	330
MAPLE_PLAINS	2002	11	1	305	-5.6	2.8	6.94459020492095	-999.9	3.4	2.17592592592593	4.42344723814176	330
MAPLE_PLAINS	2002	11	2	306	-4.1	3.7	6.59944849543834	-999.9	3.4	4.82638888888889	4.6755037170207	330
MAPLE_PLAINS	2002	11	3	307	-3.5	-1.1	3.6102725210605	-999.9	0	6.875	3.66980009589756	330
MAPLE_PLAINS	2002	11	4	308	-4.3	0.4	4.9828948530027	-999.9	0	2.85879629629631	3.82069013387217	330
MAPLE_PLAINS	2002	11	5	309	-2.7	4	5.86809151623654	-999.9	0	1.8287037037037	4.234124840563	330
MAPLE_PLAINS	2002	11	6	310	-0.6	2.5	3.93730635483619	-999.9	5.2	3.91203703703703	4.528018285992	330
MAPLE_PLAINS	2002	11	7	311	-5.5	1.9	6.00107908951452	-999.9	3.2	4.14251207729469	4.71399174425274	330
MAPLE_PLAINS	2002	11	8	312	-6.6	3.4	6.88254415587561	-999.9	0	5.24305555555556	3.42921743438853	330
MAPLE_PLAINS	2002	11	9	313	3.1	6.9	4.18620931076485	-999.9	0	2.28009259259259	6.91002283883056	330
MAPLE_PLAINS	2002	11	10	314	5.2	13.4	6.06827345283464	-999.9	2.6	4.44444444444444	9.26631422883489	330
MAPLE_PLAINS	2002	11	11	315	13.1	17	4.13021771913298	-999.9	3.8	6.04166666666667	13.6472965529825	330
MAPLE_PLAINS	2002	11	12	316	5.5	14.5	6.19301541468676	-999.9	12.2	3.21759259259258	8.78056150530128	330
MAPLE_PLAINS	2002	11	13	317	4.6	6.2	2.57776645416577	-999.9	62.6	4.17824074074075	7.09407172666075	330
MAPLE_PLAINS	2002	11	14	318	3.2	4.7	2.4643303202274	-999.9	7	5.86805555555556	6.32292169079508	330
MAPLE_PLAINS	2002	11	15	319	0.5	9.1	5.82698607866235	-999.9	0	3.56481481481481	6.89885263732826	330
MAPLE_PLAINS	2002	11	16	320	-5.8	6.3	6.82661511896521	-999.9	0	3.90046296296297	3.92728677029147	330
MAPLE_PLAINS	2002	11	17	321	-5.3	1.3	4.9806269186483	-999.9	58	5.40509259259258	4.50141719139356	330
MAPLE_PLAINS	2002	11	18	322	-0.6	12.5	6.93319154504696	-999.9	1.4	9.05797101449275	6.11012959419275	330
MAPLE_PLAINS	2002	11	19	323	-3.7	-0.1	3.59190967827802	-999.9	0.8	4.27536231884058	3.95769032622162	330
MAPLE_PLAINS	2002	11	20	324	-0.7	5.5	4.65953565126574	-999.9	0	2.72946859903382	5.6839607395131	330
MAPLE_PLAINS	2002	11	21	325	1.6	6	3.88102780102245	-999.9	8.8	0.9375	6.18720257356665	330
MAPLE_PLAINS	2002	11	22	326	4.3	8.8	3.88155944958792	-999.9	11.4	2.67361111111111	8.29627400272002	330
MAPLE_PLAINS	2002	11	23	327	2.6	11.8	5.49015218553619	-999.9	11.4	4.81481481481481	8.44999724857006	330
MAPLE_PLAINS	2002	11	24	328	-0.1	2.5	2.88790896532213	-999.9	0	11.8518518518519	4.36726419310176	330
MAPLE_PLAINS	2002	11	25	329	-2.1	3.2	4.08095610631509	-999.9	0	5.63657407407408	4.66883024653959	330
MAPLE_PLAINS	2002	11	26	330	-1.7	0.8	2.7748970232801	-999.9	0	3.84259259259258	3.93599996330663	330
MAPLE_PLAINS	2002	11	27	331	-7.8	-2.2	4.11295856865107	-999.9	0	2.32638888888889	3.20653409310981	330
MAPLE_PLAINS	2002	11	28	332	-7.2	-4.1	3.03151699095966	-999.9	0.2	4.65277777777778	2.73235401896644	330
MAPLE_PLAINS	2002	11	29	333	-7.1	-2	3.85321471518962	-999.9	7	3.86574074074075	2.81379389185458	330
MAPLE_PLAINS	2002	11	30	334	-3	2.9	4.10835414577602	-999.9	2.6	3.90046296296297	5.22848596909975	330
MAPLE_PLAINS	2002	12	1	335	-0.4	3.7	3.3961502067693	-999.9	2.6	2.87037037037036	5.69678897751439	330
MAPLE_PLAINS	2002	12	2	336	-8.2	-1.2	4.40200857868644	-999.9	2.4	6.84027777777778	2.81420540388355	330
MAPLE_PLAINS	2002	12	3	337	-7.6	-3.8	3.21853853838623	-999.9	7.2	4.01620370370369	3.14760245486318	330
MAPLE_PLAINS	2002	12	4	338	-10.9	-6.7	3.35906931953586	-999.9	0.6	5.98379629629631	2.31432757164165	330
MAPLE_PLAINS	2002	12	5	339	-13.6	-6.6	4.3066260431966	-999.9	0	3.47222222222222	1.95346593833324	330
MAPLE_PLAINS	2002	12	6	340	-16.1	-3.5	5.74033916666714	-999.9	0.6	1.34259259259259	2.09859252529092	330
MAPLE_PLAINS	2002	12	7	341	-16.8	2	6.96898276775745	-999.9	0	3.76157407407408	3.14947110367344	330
MAPLE_PLAINS	2002	12	8	342	-2.1	3.3	3.7136684066634	-999.9	0	4.16666666666667	4.87136660219456	330
MAPLE_PLAINS	2002	12	9	343	-17.7	-1.9	6.31875481505197	-999.9	0.2	7.71990740740742	1.14776609166795	330
MAPLE_PLAINS	2002	12	10	344	-9.6	-1.5	4.50221538120817	-999.9	0	3.65740740740742	2.71880552570795	330
MAPLE_PLAINS	2002	12	11	345	-11	-0.4	5.12748606245585	-999.9	0	2.32638888888889	3.17475976496537	330
MAPLE_PLAINS	2002	12	12	346	-6.7	-0.5	3.90575402699537	-999.9	0	1.84027777777778	3.87156043048473	330
MAPLE_PLAINS	2002	12	13	347	-6.4	1.3	4.33714594159769	-999.9	0	1.27314814814815	4.01583060605042	330
MAPLE_PLAINS	2002	12	14	348	-3	4	4.12241456217026	-999.9	39.6	4.59490740740742	5.19811333154333	330
MAPLE_PLAINS	2002	12	15	349	-0.4	6.3	4.02235408927683	-999.9	2.4	4.54861111111111	5.91489626866997	330
MAPLE_PLAINS	2002	12	16	350	-4	-0.7	2.81668372047326	-999.9	4.2	5.41666666666667	4.13052430857421	330
MAPLE_PLAINS	2002	12	17	351	-5.1	-3.3	2.07661004611474	-999.9	0	7.14120370370369	3.33233713849788	330
MAPLE_PLAINS	2002	12	18	352	-5.2	-0.9	3.20546476876121	-999.9	0	6.30787037037036	2.87739808818276	330
MAPLE_PLAINS	2002	12	19	353	-3.8	2.3	3.8147064624193	-999.9	0	5.25462962962964	2.76164734599225	330
MAPLE_PLAINS	2002	12	20	354	-4.7	1.6	3.87532221763619	-999.9	17.8	2.66203703703704	4.2972950936248	330
MAPLE_PLAINS	2002	12	21	355	-0.5	9.7	4.93152398401692	-999.9	9	7.01388888888889	6.23186789427441	330
MAPLE_PLAINS	2002	12	22	356	-1	3.9	3.4199896838956	-999.9	0	3.55324074074075	4.69808639068961	330
MAPLE_PLAINS	2002	12	23	357	-1.4	1.3	2.54130155327139	-999.9	0.4	2.93981481481481	4.5639517536793	330
MAPLE_PLAINS	2002	12	24	358	-5.5	-1.8	2.97936718112458	-999.9	0.2	3.77314814814814	3.28264291415014	330
MAPLE_PLAINS	2002	12	25	359	-6.6	-3	2.94458216312057	-999.9	19.4	2.56038647342995	3.04031968458843	330
MAPLE_PLAINS	2002	12	26	360	-4.9	-1.2	2.99241487805836	-999.9	8.6	8.14814814814814	4.02820150990842	330
MAPLE_PLAINS	2002	12	27	361	-9.4	-4.3	3.52332231772464	-999.9	1	6.93287037037036	2.50860191447641	330
MAPLE_PLAINS	2002	12	28	362	-13.4	-4.1	4.77365719982912	-999.9	0	2.48792270531401	2.24796790410428	330
MAPLE_PLAINS	2002	12	29	363	-14	-1.5	5.55522157330005	-999.9	0	2.75462962962963	3.40409708576265	330
MAPLE_PLAINS	2002	12	30	364	-11.1	-5.3	3.80004669086708	-999.9	1	5.28935185185186	2.3252615866339	330
MAPLE_PLAINS	2002	12	31	365	-11.7	-4.1	4.37018424354984	-999.9	8.2	2.75462962962963	2.62643400287324	330
