MAPLE_PLAINS	2023	1	1	1	-0.1	7.4	4.36343329196556	-999.9	22.6	2.69675925925926	7.9380864311045	330
MAPLE_PLAINS	2023	1	2	2	-3.3	0.2	2.99723150638672	-999.9	0	2.00231481481481	4.94348390565299	330
MAPLE_PLAINS	2023	1	3	3	-2.6	1.3	3.18264181070159	-999.9	0	1.58564814814815	5.44675419052254	330
MAPLE_PLAINS	2023	1	4	4	-3.7	2.5	4.03829240087184	-999.9	0	1.43518518518519	5.60342487285667	330
MAPLE_PLAINS	2023	1	5	5	-5	-2.4	2.6327446695963	-999.9	0	3.26388888888889	3.54846862422472	330
MAPLE_PLAINS	2023	1	6	6	-4.1	1.9	4.02798445551447	-999.9	0	2.15277777777778	4.71304511223751	330
MAPLE_PLAINS	2023	1	7	7	-6.4	1	4.50696441892206	-999.9	0	1.04166666666667	4.42518721292199	330
MAPLE_PLAINS	2023	1	8	8	-13.3	-3.4	5.25416743261116	-999.9	0	3.57638888888889	2.38006181953021	330
MAPLE_PLAINS	2023	1	9	9	-5	-2.3	2.76658448231084	-999.9	0	2.5462962962963	3.30710268379473	330
MAPLE_PLAINS	2023	1	10	10	-6.4	-1.2	3.87251233566559	-999.9	1.2	3.27546296296297	4.22714582308534	330
MAPLE_PLAINS	2023	1	11	11	-18.8	-6.1	6.10619879873653	-999.9	0	1.71296296296296	1.81755030394326	330
MAPLE_PLAINS	2023	1	12	12	-18.8	-4	6.65307082223935	-999.9	0.2	0.914351851851853	2.11848095143113	330
MAPLE_PLAINS	2023	1	13	13	-4.2	9.7	6.50969267706231	-999.9	20.3	5	6.80708104580624	330
MAPLE_PLAINS	2023	1	14	14	-3.1	1.7	3.86340579248868	-999.9	15.5	4.29398148148147	5.812960129119	330
MAPLE_PLAINS	2023	1	15	15	-3.2	0.4	3.38008464315082	-999.9	12.4	5.65972222222222	5.3537998818966	330
MAPLE_PLAINS	2023	1	16	16	0.4	3.4	3.11809025057162	-999.9	41.1	5.03472222222222	7.03532270685601	330
MAPLE_PLAINS	2023	1	17	17	0	1.9	2.50828433740994	-999.9	0.4	1.72453703703704	6.55058545354009	330
MAPLE_PLAINS	2023	1	18	18	-0.6	3.2	3.58656660731327	-999.9	0.2	2.24537037037037	6.50035269807476	330
MAPLE_PLAINS	2023	1	19	19	-2.1	1.2	3.38019266680835	-999.9	0.6	3.4375	5.5458253384218	330
MAPLE_PLAINS	2023	1	20	20	-2.9	-0.7	2.79189105853948	-999.9	1.9	3.64583333333333	5.15139472128286	330
MAPLE_PLAINS	2023	1	21	21	-11.3	-1.2	6.05272203818944	-999.9	0.3	4.03935185185186	3.42478839535415	330
MAPLE_PLAINS	2023	1	22	22	-12.7	-0.8	6.6490827726599	-999.9	0.3	1.99074074074074	3.20609087380508	330
MAPLE_PLAINS	2023	1	23	23	-2.7	0.3	3.37938326039592	-999.9	14.4	3.62268518518519	5.54311042422562	330
MAPLE_PLAINS	2023	1	24	24	-5.5	-1.7	3.85072589876434	-999.9	0.3	5.25462962962964	4.12033021742694	330
MAPLE_PLAINS	2023	1	25	25	-15.1	-3.6	6.78350662953951	-999.9	0	1.90972222222222	2.29767780430413	330
MAPLE_PLAINS	2023	1	26	26	-7.5	8.9	8.20460136352847	-999.9	32	7.06018518518519	5.93749728494607	330
MAPLE_PLAINS	2023	1	27	27	-13.7	-1.3	7.22682514667162	-999.9	0	4.45601851851853	2.3394905996968	330
MAPLE_PLAINS	2023	1	28	28	-14.3	1.9	8.36876836153234	-999.9	0	3.04398148148147	3.0719997506775	330
MAPLE_PLAINS	2023	1	29	29	-5.2	2.6	5.88410224151674	-999.9	0	3.61111111111111	3.52574265674548	330
MAPLE_PLAINS	2023	1	30	30	-5.6	3.8	6.54610025613287	-999.9	0	2.41898148148148	5.05560743198241	330
MAPLE_PLAINS	2023	1	31	31	-11.7	-4.8	5.68435936487118	-999.9	2.5	2.07175925925926	2.88498456461399	330
MAPLE_PLAINS	2023	2	1	32	-22.3	-9.9	7.72421031436374	-999.9	0.2	1.66666666666667	1.37567241487692	330
MAPLE_PLAINS	2023	2	2	33	-21.8	-3.1	9.61598967338652	-999.9	0	2.26851851851852	1.76199199485875	330
MAPLE_PLAINS	2023	2	3	34	-26.8	-1.1	11.4290229085475	-999.9	1.4	6.04166666666667	1.57599245217753	330
MAPLE_PLAINS	2023	2	4	35	-27	-15.8	7.64990725827398	-999.9	0	8.55324074074075	0.635031830153059	330
MAPLE_PLAINS	2023	2	5	36	-18	-1.2	9.50030645403046	-999.9	5.2	3.33333333333333	2.28779542955053	330
MAPLE_PLAINS	2023	2	6	37	-12.5	-1.4	7.83082486383121	-999.9	0.2	1.90972222222222	3.28597262314965	330
MAPLE_PLAINS	2023	2	7	38	-17.4	-3.4	8.91859525792174	-999.9	0	3.98148148148147	2.09424898768996	330
MAPLE_PLAINS	2023	2	8	39	-7.5	0.5	6.83728134761897	-999.9	0	2.90509259259258	3.98134649710906	330
MAPLE_PLAINS	2023	2	9	40	-13.2	-5.1	6.97754957303395	-999.9	0.2	2.96296296296297	1.87183654005287	330
MAPLE_PLAINS	2023	2	10	41	-7	0.4	6.76410952473729	-999.9	12.3	3.49537037037036	4.54870478340299	330
MAPLE_PLAINS	2023	2	11	42	-19.1	-3.3	10.0245895082012	-999.9	0	2.87037037037036	2.2539629774112	330
MAPLE_PLAINS	2023	2	12	43	-13.9	1.9	10.1675300779051	-999.9	0	1.96759259259259	2.99827450240918	330
MAPLE_PLAINS	2023	2	13	44	-10	-0.1	8.16311148836637	-999.9	0	2.95138888888889	3.57933179883913	330
MAPLE_PLAINS	2023	2	14	45	-15.6	-2.5	9.52410527523766	-999.9	0	4.38657407407408	2.49025931311376	330
MAPLE_PLAINS	2023	2	15	46	-19	2.1	12.2596011184718	-999.9	0	2.08333333333333	2.60705800677268	330
MAPLE_PLAINS	2023	2	16	47	0.1	9.2	8.16574122190316	-999.9	0	4.07407407407408	6.92898836711431	330
MAPLE_PLAINS	2023	2	17	48	-6.4	0.1	6.99941588980406	-999.9	4.6	3.39120370370369	3.84552476038689	330
MAPLE_PLAINS	2023	2	18	49	-10.7	-5.1	6.58896209055851	-999.9	0.2	3.41435185185186	2.58182688832304	330
MAPLE_PLAINS	2023	2	19	50	-11.4	1.6	10.1811675962945	-999.9	0	2.98611111111111	3.07479572200505	330
MAPLE_PLAINS	2023	2	20	51	0.1	6.1	7.01434237180746	-999.9	3.6	4.05092592592592	7.237688092026	330
MAPLE_PLAINS	2023	2	21	52	-14.7	2	11.8668395470457	-999.9	0.2	2.67361111111111	2.93507861401466	330
MAPLE_PLAINS	2023	2	22	53	-16	0.2	11.8516161932122	-999.9	0	2.26851851851852	2.42496712663511	330
MAPLE_PLAINS	2023	2	23	54	-12.5	-9.8	4.90592249400039	-999.9	0	2.8125	1.7122707144647	330
MAPLE_PLAINS	2023	2	24	55	-19.2	-7.8	10.2207624791803	-999.9	0.9	2.73148148148148	1.71133789218073	330
MAPLE_PLAINS	2023	2	25	56	-22.4	-13.2	9.30868065655207	-999.9	0	2.5	0.99949704509576	330
MAPLE_PLAINS	2023	2	26	57	-24.5	-8.1	12.5993689838166	-999.9	0	0.833333333333333	1.10994847048788	330
MAPLE_PLAINS	2023	2	27	58	-23.4	-7.7	12.4961654874254	-999.9	0	1.30787037037037	1.32380666166184	330
MAPLE_PLAINS	2023	2	28	59	-22.1	-3.7	13.7120232230864	-999.9	0	1.81712962962963	1.53724866440762	330
MAPLE_PLAINS	2023	3	1	60	-9.3	0.5	10.1422719086155	-999.9	0	2.52314814814815	2.91422651587486	330
MAPLE_PLAINS	2023	3	2	61	-11.2	0.9	11.4210685216236	-999.9	1.6	1.89814814814815	3.22995816405066	330
MAPLE_PLAINS	2023	3	3	62	-12.2	-1.3	10.9844884809243	-999.9	0.9	3.72685185185186	2.92000787498684	330
MAPLE_PLAINS	2023	3	4	63	-18.6	-2.6	13.4846081066104	-999.9	0	1.27314814814815	1.98811197903608	330
MAPLE_PLAINS	2023	3	5	64	-18.4	2.2	15.5017775408383	-999.9	0	3.39120370370369	1.9507005020061	330
MAPLE_PLAINS	2023	3	6	65	-3.1	-0.8	5.24732332956991	-999.9	1.9	4.27083333333333	4.78877967153338	330
MAPLE_PLAINS	2023	3	7	66	-3	1.9	7.75806051636821	-999.9	0.9	2.84722222222222	5.37821076700136	330
MAPLE_PLAINS	2023	3	8	67	-0.9	1.5	5.4991549732115	-999.9	0.4	5.15046296296297	5.62963483937924	330
MAPLE_PLAINS	2023	3	9	68	-7.5	1.4	10.7244103509042	-999.9	0.2	4.16666666666667	4.11424327196501	330
MAPLE_PLAINS	2023	3	10	69	-11.3	-0.1	12.1822444965067	-999.9	0.2	2.63888888888889	3.22665602893637	330
MAPLE_PLAINS	2023	3	11	70	-11	1.4	12.9783599640244	-999.9	0	2.37268518518519	3.70020546136888	330
MAPLE_PLAINS	2023	3	12	71	-7.7	4.3	12.9252846182064	-999.9	0	2.71990740740741	4.45104569664437	330
MAPLE_PLAINS	2023	3	13	72	-10.6	4.3	14.5791466556568	-999.9	0	0.821759259259258	4.0837070774675	330
MAPLE_PLAINS	2023	3	14	73	-4.7	2.3	10.1140616579881	-999.9	5	4.98842592592592	4.83089336211041	330
MAPLE_PLAINS	2023	3	15	74	-1.6	2.8	8.11498783591316	-999.9	2.2	5.40509259259258	6.10575754766879	330
MAPLE_PLAINS	2023	3	16	75	-1.9	-0.2	5.10408127930066	-999.9	0.7	4.76851851851853	5.55840444990436	330
MAPLE_PLAINS	2023	3	17	76	-1.7	1.9	7.51487762141699	-999.9	0	3.11342592592592	5.83965537401892	330
MAPLE_PLAINS	2023	3	18	77	0.1	5.8	9.56601291500079	-999.9	1.8	2.5462962962963	7.09145114961906	330
MAPLE_PLAINS	2023	3	19	78	-4.1	4.7	12.0227135382997	-999.9	0.5	4.20138888888889	4.60772805098681	330
MAPLE_PLAINS	2023	3	20	79	-6	2.1	11.6658268490849	-999.9	0	6.08796296296297	3.0552169795029	330
MAPLE_PLAINS	2023	3	21	80	-6.6	6.6	15.059674119496	-999.9	0.4	1.79398148148148	4.1811923125	330
MAPLE_PLAINS	2023	3	22	81	-7.9	1.4	12.7811216745223	-999.9	0	2.71990740740741	3.42697847699729	330
MAPLE_PLAINS	2023	3	23	82	-8.7	2.2	13.9888663791943	-999.9	10.4	3.46064814814814	3.73242486856833	330
MAPLE_PLAINS	2023	3	24	83	-3.5	-0.2	7.78055448143003	-999.9	1.7	3.85416666666667	5.34051037932044	330
MAPLE_PLAINS	2023	3	25	84	-6	1.3	11.6961119018091	-999.9	0.2	2.33796296296296	4.63619256205369	330
MAPLE_PLAINS	2023	3	26	85	-3.4	0.2	8.30041397121658	-999.9	12.1	3.72685185185186	5.16870475547335	330
MAPLE_PLAINS	2023	3	27	86	-2.8	2.6	10.272010528942	-999.9	1	1.78240740740741	5.81636378162249	330
MAPLE_PLAINS	2023	3	28	87	-4	2.6	11.4731336155247	-999.9	0.2	1.93287037037037	5.40955236096107	330
MAPLE_PLAINS	2023	3	29	88	-2.6	7.5	14.3371728839966	-999.9	0.2	1.66666666666667	6.25026019775599	330
MAPLE_PLAINS	2023	3	30	89	-7	5.9	16.3655847235785	-999.9	0.9	4.07407407407408	5.0748370593473	330
MAPLE_PLAINS	2023	3	31	90	-8.3	4	16.1385316446383	-999.9	0	2.69675925925926	4.19880541194519	330
MAPLE_PLAINS	2023	4	1	91	-0.9	2.8	8.93774515984927	-999.9	4.6	4.51388888888889	6.08387547942899	330
MAPLE_PLAINS	2023	4	2	92	-5	4.2	14.2291002464163	-999.9	0	4.6875	4.09851973099529	330
MAPLE_PLAINS	2023	4	3	93	-6.3	5.9	16.5409552732701	-999.9	0.2	4.88425925925925	3.17821329089321	330
MAPLE_PLAINS	2023	4	4	94	-1	9.9	15.7809000229261	-999.9	0	2.5462962962963	5.94355985788395	330
MAPLE_PLAINS	2023	4	5	95	-3.1	0.6	9.27893061390728	-999.9	3.5	3.14814814814814	3.44862998497891	330
MAPLE_PLAINS	2023	4	6	96	-2.6	3.8	12.3142031824487	-999.9	1	3.33333333333333	6.04699697634389	330
MAPLE_PLAINS	2023	4	7	97	-1.9	8.9	16.1394312474142	-999.9	0	4.79166666666667	5.63160611233228	330
MAPLE_PLAINS	2023	4	8	98	-8.9	1.9	16.2812994265176	-999.9	0	3.77314814814814	2.66542750600503	330
MAPLE_PLAINS	2023	4	9	99	-8.7	4.2	17.9479054651576	-999.9	0	2.65046296296296	3.2924312509645	330
MAPLE_PLAINS	2023	4	10	100	-0.1	13.7	18.7215234034694	-999.9	0	3.59953703703703	4.90779260493804	330
MAPLE_PLAINS	2023	4	11	101	1.1	16.6	20.0074305687899	-999.9	1	2.82407407407408	6.95622612616096	330
MAPLE_PLAINS	2023	4	12	102	-2.2	7.4	15.875453675407	-999.9	0.5	3.20601851851853	6.6648024883959	330
MAPLE_PLAINS	2023	4	13	103	-1.9	14.7	21.0451006018484	-999.9	0	2.95138888888889	6.43171464059228	330
MAPLE_PLAINS	2023	4	14	104	-5.4	9.4	20.0297617848375	-999.9	0	3.20601851851853	4.77899675144426	330
MAPLE_PLAINS	2023	4	15	105	-5.4	14	23.111889681488	-999.9	0	1.5625	5.41542030738745	330
MAPLE_PLAINS	2023	4	16	106	3.3	13.7	17.0522937671203	-999.9	0	3.39120370370369	7.01137563962308	330
MAPLE_PLAINS	2023	4	17	107	5.1	17.2	18.5324330348999	-999.9	0	2.98611111111111	11.7528598475746	330
MAPLE_PLAINS	2023	4	18	108	4.7	15.3	17.4746537903741	-999.9	6.6	5.77546296296297	11.2965904585449	330
MAPLE_PLAINS	2023	4	19	109	2.6	11.5	16.1290590012674	-999.9	0	2.11805555555556	8.71054189271834	330
MAPLE_PLAINS	2023	4	20	110	-2.3	11	19.858248171862	-999.9	0	2.39583333333333	6.85714591377777	330
MAPLE_PLAINS	2023	4	21	111	-1.3	6.5	15.3146273937586	-999.9	0	3.09027777777778	6.53532898954639	330
MAPLE_PLAINS	2023	4	22	112	-1.4	9.8	18.4780157795187	-999.9	0	2.65046296296296	6.83412930806539	330
MAPLE_PLAINS	2023	4	23	113	-1.5	11.1	19.7315950171294	-999.9	0	2.19907407407407	7.71046699666872	330
MAPLE_PLAINS	2023	4	24	114	-0.1	9.8	17.6063273376139	-999.9	0	1.72453703703704	8.08483140733797	330
MAPLE_PLAINS	2023	4	25	115	-1.9	7.3	17.0829649347213	-999.9	0	1.12268518518519	6.81169081826468	330
MAPLE_PLAINS	2023	4	26	116	1.5	9.9	16.427493423758	-999.9	0	0.833333333333333	7.40401402187882	330
MAPLE_PLAINS	2023	4	27	117	1.3	6.9	13.4968498530128	-999.9	0	1.21527777777778	7.51978514900367	330
MAPLE_PLAINS	2023	4	28	118	-2.2	12.3	21.8511264706269	-999.9	0	2.19907407407407	7.33335156891384	330
MAPLE_PLAINS	2023	4	29	119	-4	13.5	24.1493378038097	-999.9	0	1.58564814814815	6.68096486732826	330
MAPLE_PLAINS	2023	4	30	120	-0.5	15	22.8609163950309	-999.9	0	2.68518518518519	6.6621817133456	330
MAPLE_PLAINS	2023	5	1	121	3.2	9.9	15.1165348531543	-999.9	6.4	7.39583333333333	7.62203635801671	330
MAPLE_PLAINS	2023	5	2	122	2.8	6.9	11.8915805951527	-999.9	1.5	5.11574074074075	8.38796242641749	330
MAPLE_PLAINS	2023	5	3	123	2.3	6.2	11.6616170961195	-999.9	1.9	3.41435185185186	7.75816311045494	330
MAPLE_PLAINS	2023	5	4	124	2.2	7.7	13.923002959677	-999.9	0.7	4.47916666666667	8.31526872771813	330
MAPLE_PLAINS	2023	5	5	125	-3	7.7	19.5215860653314	-999.9	0	3.95833333333333	5.96886946513729	330
MAPLE_PLAINS	2023	5	6	126	-3.5	8.8	21.0375041280729	-999.9	0	2.52314814814815	5.67537411840831	330
MAPLE_PLAINS	2023	5	7	127	-1.7	21.9	29.286210309178	-999.9	0	3.25231481481481	7.34375598908806	330
MAPLE_PLAINS	2023	5	8	128	0.8	13.1	21.2457749461741	-999.9	0	2.95138888888889	7.46557993788805	330
MAPLE_PLAINS	2023	5	9	129	1.4	9.5	17.322994278135	-999.9	0	2.96296296296297	6.009068658306	330
MAPLE_PLAINS	2023	5	10	130	1.5	12	19.8145116451063	-999.9	0	2.65046296296296	5.8132741386208	330
MAPLE_PLAINS	2023	5	11	131	-2.5	18.8	28.3488134509286	-999.9	0	2.90509259259258	5.32771033817997	330
MAPLE_PLAINS	2023	5	12	132	4.7	24	27.1036909133521	-999.9	0	3.27546296296297	9.39602159071708	330
MAPLE_PLAINS	2023	5	13	133	6.4	17.2	20.3617422325367	-999.9	0.6	3.55324074074075	9.71051341570987	330
MAPLE_PLAINS	2023	5	14	134	-2.3	10	21.8201487024535	-999.9	0	3.96990740740742	5.46478397075809	330
MAPLE_PLAINS	2023	5	15	135	-2.3	17.2	27.5850387760529	-999.9	0	3.09027777777778	6.69930183557763	330
MAPLE_PLAINS	2023	5	16	136	4.4	17	22.2608625012031	-999.9	8.6	3.125	9.28036441442232	330
MAPLE_PLAINS	2023	5	17	137	0.9	9.9	18.8854741412657	-999.9	0	3.26388888888889	6.96991911210134	330
MAPLE_PLAINS	2023	5	18	138	2.3	11.4	19.0601791196127	-999.9	0	4.38657407407408	5.5858701004813	330
MAPLE_PLAINS	2023	5	19	139	5.3	16.2	20.9348139880275	-999.9	0	4.45601851851853	7.87922953319967	330
MAPLE_PLAINS	2023	5	20	140	7.7	20.7	22.9417872980586	-999.9	0	4.18981481481481	10.8596458910591	330
MAPLE_PLAINS	2023	5	21	141	8.9	16.7	17.8300651441595	-999.9	7.8	4.54861111111111	13.3946105622838	330
MAPLE_PLAINS	2023	5	22	142	-2.7	10.6	23.3578056446211	-999.9	0	2.63888888888889	5.606726411557	330
MAPLE_PLAINS	2023	5	23	143	-3.6	15.7	28.225145576473	-999.9	0.2	2.30324074074074	6.14624202273898	330
MAPLE_PLAINS	2023	5	24	144	5.2	20.9	25.5334551027751	-999.9	0	4.13194444444444	9.55452465351996	330
MAPLE_PLAINS	2023	5	25	145	4.9	12	17.2203606447032	-999.9	1.8	3.55324074074075	10.4149109666719	330
MAPLE_PLAINS	2023	5	26	146	4.6	6.4	8.69468563676737	-999.9	3.3	3.11342592592592	8.97628529282768	330
MAPLE_PLAINS	2023	5	27	147	4.5	22.1	27.2602571841058	-999.9	0	2.09490740740741	10.4660391586162	330
MAPLE_PLAINS	2023	5	28	148	7.1	27.2	29.2064790543304	-999.9	0	2.92824074074075	12.0813515871922	330
MAPLE_PLAINS	2023	5	29	149	-1	10.6	22.2417758915546	-999.9	0	3.71527777777778	5.77745076080919	330
MAPLE_PLAINS	2023	5	30	150	1.1	23	30.6318825738846	-999.9	0	2.66203703703704	8.7481732591147	330
MAPLE_PLAINS	2023	5	31	151	7.1	25.2	27.9096312193626	-999.9	0.2	2.53472222222222	12.6231434035783	330
MAPLE_PLAINS	2023	6	1	152	9	32.9	32.1387578908077	-999.9	0	1.97916666666667	16.2868949472152	330
MAPLE_PLAINS	2023	6	2	153	5.6	13.6	18.6312816992726	-999.9	4	4.01620370370369	11.1825224911367	330
MAPLE_PLAINS	2023	6	3	154	5.2	6.8	8.34790939078653	-999.9	14.5	4.76851851851853	9.39060790670112	330
MAPLE_PLAINS	2023	6	4	155	6.8	11.9	14.9305336134237	-999.9	0	3.68055555555556	11.3291886840114	330
MAPLE_PLAINS	2023	6	5	156	7.9	12.3	13.8912620714615	-999.9	28.8	2.91666666666667	12.132712359437	330
MAPLE_PLAINS	2023	6	6	157	8.4	12.4	13.2654873154921	-999.9	20.2	3.64583333333333	12.5789813103728	330
MAPLE_PLAINS	2023	6	7	158	8.7	17.1	19.2514533399013	-999.9	0.6	3.25231481481481	13.6133268122591	330
MAPLE_PLAINS	2023	6	8	159	8.4	18.5	21.138206666843	-999.9	0	1.90972222222222	13.6782652301348	330
MAPLE_PLAINS	2023	6	9	160	6.1	13.7	18.3590759688679	-999.9	0	1.96759259259259	11.7314330965274	330
MAPLE_PLAINS	2023	6	10	161	6	11.8	16.0563809956218	-999.9	0.5	1.77083333333333	10.9535592805846	330
MAPLE_PLAINS	2023	6	11	162	9.1	21	23.0223654540277	-999.9	0	1.59722222222222	14.4531000778718	330
MAPLE_PLAINS	2023	6	12	163	11.3	28.5	27.7036313676507	-999.9	0	1.93287037037037	15.7687365080422	330
MAPLE_PLAINS	2023	6	13	164	10.3	29.6	29.3697619399218	-999.9	0	1.8287037037037	17.8783640186742	330
MAPLE_PLAINS	2023	6	14	165	12.9	19.7	17.445316944123	-999.9	0.4	4.45601851851853	16.9409701900173	330
MAPLE_PLAINS	2023	6	15	166	10.8	21.8	22.2012168880031	-999.9	13.6	2.70833333333333	17.2278424541045	330
MAPLE_PLAINS	2023	6	16	167	10.6	22.3	22.90777127971	-999.9	0	1.38888888888889	17.3779915048891	330
MAPLE_PLAINS	2023	6	17	168	9.7	14.5	14.6782229641523	-999.9	2.52	3.58796296296297	13.66674166681	330
MAPLE_PLAINS	2023	6	18	169	9.5	15.1	15.8585454401514	-999.9	19.17	4.38657407407408	14.1171352568165	330
MAPLE_PLAINS	2023	6	19	170	7.6	11.8	13.7361179777717	-999.9	0.86	3.65740740740742	11.6052885308653	330
MAPLE_PLAINS	2023	6	20	171	3.8	16.6	23.9810372089583	-999.9	0.05	2.75462962962963	10.2877939215361	330
MAPLE_PLAINS	2023	6	21	172	3.5	26	31.7929957546628	-999.9	0.06	1.48148148148148	11.979239082192	330
MAPLE_PLAINS	2023	6	22	173	10.4	27.3	27.5495418868269	-999.9	0	2.92824074074075	13.6391200934973	330
MAPLE_PLAINS	2023	6	23	174	9.6	27.6	28.4244291615298	-999.9	0	2.60416666666667	13.1435839332894	330
MAPLE_PLAINS	2023	6	24	175	12.1	26.7	25.5899853965346	-999.9	4	3.00925925925925	19.1413399947406	330
MAPLE_PLAINS	2023	6	25	176	11.2	22	21.9987114097047	-999.9	0.8	2.61574074074074	18.7533272875582	330
MAPLE_PLAINS	2023	6	26	177	10.5	17.8	18.0755778572731	-999.9	0.2	3.04398148148147	15.4337455932063	330
MAPLE_PLAINS	2023	6	27	178	12.3	25.3	24.1046852252073	-999.9	0	4.82638888888889	20.0906733442287	330
MAPLE_PLAINS	2023	6	28	179	19	26.7	18.5365027232597	-999.9	1.4	4.53703703703703	26.7093481640723	330
MAPLE_PLAINS	2023	6	29	180	18.2	26.6	19.3432003409939	-999.9	5.4	3.88888888888889	25.6606089009763	330
MAPLE_PLAINS	2023	6	30	181	17.4	24.1	17.2578192743232	-999.9	0	3.25231481481481	23.8848203358219	330
MAPLE_PLAINS	2023	7	1	182	17.5	26.9	20.4185933587444	-999.9	0	3.29861111111111	24.1521665396211	330
MAPLE_PLAINS	2023	7	2	183	18	26.5	19.3926986772499	-999.9	10.2	3.4375	24.6375794444106	330
MAPLE_PLAINS	2023	7	3	184	18.8	21.3	10.5031401293715	-999.9	69.5	3.78472222222222	23.6230613954759	330
MAPLE_PLAINS	2023	7	4	185	14.9	21.5	17.0409939455225	-999.9	3.3	1.35416666666667	20.1451499056212	330
MAPLE_PLAINS	2023	7	5	186	12	23.9	22.8467070605387	-999.9	0	1.04166666666667	19.7122112791753	330
MAPLE_PLAINS	2023	7	6	187	12	29.2	27.4217303883463	-999.9	0	1.23842592592593	21.4402492282567	330
MAPLE_PLAINS	2023	7	7	188	16.5	30.6	24.7841454801914	-999.9	0.7	2.03703703703704	25.3386372942833	330
MAPLE_PLAINS	2023	7	8	189	15.2	29.4	24.8253578245529	-999.9	0	1.67824074074074	23.6574836914779	330
MAPLE_PLAINS	2023	7	9	190	16	30.1	24.6888561404524	-999.9	0	1.6087962962963	24.3015970589402	330
MAPLE_PLAINS	2023	7	10	191	17.3	27.5	20.9548522196559	-999.9	0	3.46064814814814	23.7224622039503	330
MAPLE_PLAINS	2023	7	11	192	17.8	21.4	12.4217224009425	-999.9	6.2	5.60185185185186	21.6710150403424	330
MAPLE_PLAINS	2023	7	12	193	17.7	29.6	22.5321668186889	-999.9	0	1.44675925925926	26.53390555972	330
MAPLE_PLAINS	2023	7	13	194	15.9	32.4	26.4681211259	-999.9	0	2.11805555555556	25.5993698907564	330
MAPLE_PLAINS	2023	7	14	195	18	30.4	22.8873914735417	-999.9	0	2.12962962962963	24.9423278205099	330
MAPLE_PLAINS	2023	7	15	196	20.2	29.1	19.3391468110974	-999.9	2.8	2.5	27.8375656802537	330
MAPLE_PLAINS	2023	7	16	197	20.3	27.9	17.8220793602852	-999.9	0	2.85879629629631	26.8529701468119	330
MAPLE_PLAINS	2023	7	17	198	19.7	26.5	16.8099954728197	-999.9	1.7	3.58796296296297	26.7140183728204	330
MAPLE_PLAINS	2023	7	18	199	20.8	29.6	19.0663780551467	-999.9	12.2	1.94444444444444	28.8250161607195	330
MAPLE_PLAINS	2023	7	19	200	19.5	27.3	17.8953382446066	-999.9	2.9	1.88657407407407	27.8407089086801	330
MAPLE_PLAINS	2023	7	20	201	15	27.5	22.5821475012885	-999.9	0	1.15740740740741	21.5088304295276	330
MAPLE_PLAINS	2023	7	21	202	15.9	26.9	21.114262870751	-999.9	0	3.22916666666667	24.0241233267542	330
MAPLE_PLAINS	2023	7	22	203	18.1	24.6	16.175479931896	-999.9	8.1	4.375	24.5344160756336	330
MAPLE_PLAINS	2023	7	23	204	17.4	29.7	22.1730466191882	-999.9	0	1.53935185185185	25.5092678484536	330
MAPLE_PLAINS	2023	7	24	205	15.3	29.2	23.4857137461761	-999.9	0	1.84027777777778	21.8791531842464	330
MAPLE_PLAINS	2023	7	25	206	14.2	28.5	23.7322538098047	-999.9	0	2.51157407407408	20.1362378158548	330
MAPLE_PLAINS	2023	7	26	207	18	26.6	18.3335118711518	-999.9	1	2.52314814814815	23.8940585283927	330
MAPLE_PLAINS	2023	7	27	208	17.7	24.9	16.7085529906268	-999.9	10.7	2.97453703703703	23.5276041848408	330
MAPLE_PLAINS	2023	7	28	209	16.5	27.9	20.938793643889	-999.9	2.2	1.74768518518519	24.0737867687461	330
MAPLE_PLAINS	2023	7	29	210	16	24.4	17.8984654428952	-999.9	0.3	2.7662037037037	19.9070692950507	330
MAPLE_PLAINS	2023	7	30	211	11.8	23.5	21.0327512908505	-999.9	0.4	1.37731481481481	17.5216966692252	330
MAPLE_PLAINS	2023	7	31	212	10.6	26.7	24.5636533739016	-999.9	0.5	1.23842592592593	17.3851812554328	330
MAPLE_PLAINS	2023	8	1	213	10	23.7	22.556245945947	-999.9	0	1.84027777777778	14.5269893897196	330
MAPLE_PLAINS	2023	8	2	214	8.3	23.4	23.5706171559111	-999.9	0	1.88657407407407	13.7877473771927	330
MAPLE_PLAINS	2023	8	3	215	8.9	25.9	24.8904119329895	-999.9	0	1.70138888888889	15.2559312595249	330
MAPLE_PLAINS	2023	8	4	216	8.8	24.8	24.0293336807721	-999.9	0	2.8125	15.4074129890966	330
MAPLE_PLAINS	2023	8	5	217	13.2	23.2	18.9018619139481	-999.9	14.3	3.75	20.2763032253193	330
MAPLE_PLAINS	2023	8	6	218	11	23.9	21.3585019326868	-999.9	0	1.74768518518519	18.0800881518676	330
MAPLE_PLAINS	2023	8	7	219	11	20	17.7466666544964	-999.9	0.6	1.75925925925926	16.1036756752554	330
MAPLE_PLAINS	2023	8	8	220	12.1	24.3	20.5514784078004	-999.9	0	2.65046296296296	18.2652856566158	330
MAPLE_PLAINS	2023	8	9	221	17.2	21.8	12.5503966832989	-999.9	6.8	4.76851851851853	22.4756187308152	330
MAPLE_PLAINS	2023	8	10	222	13.9	20.5	14.9490435290628	-999.9	0.2	3.46064814814814	17.8307586596196	330
MAPLE_PLAINS	2023	8	11	223	13.4	19.5	14.2894833458128	-999.9	17.8	2.93981481481481	18.7034453709172	330
MAPLE_PLAINS	2023	8	12	224	12.6	22.2	17.8215065305386	-999.9	0	2.88194444444444	17.5173009067134	330
MAPLE_PLAINS	2023	8	13	225	12.3	24.5	19.9706715131851	-999.9	9.6	2.25694444444444	19.2928054845689	330
MAPLE_PLAINS	2023	8	14	226	16.1	23.8	15.7691609776703	-999.9	0	1.72453703703704	22.0004011823054	330
MAPLE_PLAINS	2023	8	15	227	15	21.2	14.0622820747865	-999.9	0	1.57407407407407	19.3238907669015	330
MAPLE_PLAINS	2023	8	16	228	12.5	20.4	15.7730710026739	-999.9	0	1.34259259259259	17.2916119718779	330
MAPLE_PLAINS	2023	8	17	229	12	26.5	21.2312338662435	-999.9	0	1.88657407407407	19.341933873058	330
MAPLE_PLAINS	2023	8	18	230	16.1	23.7	15.2697551250752	-999.9	6.4	3.85416666666667	23.1475719023726	330
MAPLE_PLAINS	2023	8	19	231	14	25.4	18.5762063150159	-999.9	0.2	2.98611111111111	19.9624266266091	330
MAPLE_PLAINS	2023	8	20	232	15.5	22.4	14.3533578067666	-999.9	0	2.70833333333333	19.5405746014674	330
MAPLE_PLAINS	2023	8	21	233	11.9	20.6	16.005076908131	-999.9	2.2	1.875	18.2125121173229	330
MAPLE_PLAINS	2023	8	22	234	7	21.9	20.7972074804556	-999.9	0	1.42361111111111	13.4855225564355	330
MAPLE_PLAINS	2023	8	23	235	5.1	22.3	22.1837120547499	-999.9	1.3	1.6087962962963	12.7294958896943	330
MAPLE_PLAINS	2023	8	24	236	6.2	21.9	21.0388532883906	-999.9	0	1.12268518518519	13.0535916089353	330
MAPLE_PLAINS	2023	8	25	237	12	24.2	18.4076489977454	-999.9	0.9	2.11805555555556	17.8815499992281	330
MAPLE_PLAINS	2023	8	26	238	16.9	18.8	7.2091673177429	-999.9	38.8	4.67592592592592	20.5752979946947	330
MAPLE_PLAINS	2023	8	27	239	10.8	20.7	16.3289902525891	-999.9	0.4	1.18055555555556	17.4524645449868	330
MAPLE_PLAINS	2023	8	28	240	11.2	24.5	18.7777835847273	-999.9	0	2.08333333333333	16.0380346673607	330
MAPLE_PLAINS	2023	8	29	241	10.8	24.7	19.0434601459269	-999.9	0	2.48842592592593	17.7504615677112	330
MAPLE_PLAINS	2023	8	30	242	16.5	24	13.874970208602	-999.9	42.8	3.125	23.7077301522045	330
MAPLE_PLAINS	2023	8	31	243	4.7	17	17.622187364367	-999.9	0.6	2.5	12.2195902367656	330
MAPLE_PLAINS	2023	9	1	244	4.3	20.5	20.0545686746739	-999.9	0	1.22685185185185	11.4995189701694	330
MAPLE_PLAINS	2023	9	2	245	8.6	23.7	19.1970925440198	-999.9	0	2.21064814814815	14.7818616812066	330
MAPLE_PLAINS	2023	9	3	246	13.8	23.1	14.9355811249949	-999.9	0	2.60416666666667	19.039895970445	330
MAPLE_PLAINS	2023	9	4	247	14	25.7	16.6054120416122	-999.9	0	1.48148148148148	20.8499455663189	330
MAPLE_PLAINS	2023	9	5	248	14.3	22.7	13.9448799086828	-999.9	0	3.48379629629631	18.8527935767252	330
MAPLE_PLAINS	2023	9	6	249	16.9	25.1	13.6534609026429	-999.9	0	3.32175925925925	23.4104672241827	330
MAPLE_PLAINS	2023	9	7	250	16.5	22.8	11.8579340890129	-999.9	0	1.94444444444444	22.5357456915111	330
MAPLE_PLAINS	2023	9	8	251	15.6	30	17.7609079275289	-999.9	0	1.90972222222222	25.6061359572954	330
MAPLE_PLAINS	2023	9	9	252	19.4	27.1	12.8652038327037	-999.9	0	3.37962962962964	26.8951752878165	330
MAPLE_PLAINS	2023	9	10	253	14.9	25.7	15.0908200031475	-999.9	0.6	1.72453703703704	20.3394187644596	330
MAPLE_PLAINS	2023	9	11	254	17.1	22.4	10.4691364630999	-999.9	20	1.55092592592593	22.7049916964084	330
MAPLE_PLAINS	2023	9	12	255	15.9	20.3	9.44525348805035	-999.9	0.2	2.09490740740741	20.5229451400276	330
MAPLE_PLAINS	2023	9	13	256	16.1	24.7	13.0735445376875	-999.9	3.4	2.07175925925926	23.122619347238	330
MAPLE_PLAINS	2023	9	14	257	16.8	25.5	13.016769644662	-999.9	3.6	3.13657407407408	24.4864348627027	330
MAPLE_PLAINS	2023	9	15	258	12.1	21.1	13.1040969381453	-999.9	0.2	1.8287037037037	17.2755050360735	330
MAPLE_PLAINS	2023	9	16	259	15.5	24.5	12.9685767773683	-999.9	14.8	7.59259259259258	21.7751767852968	330
MAPLE_PLAINS	2023	9	17	260	13	20.6	11.7925104854575	-999.9	6.3	4.93055555555556	17.9366298745794	330
MAPLE_PLAINS	2023	9	18	261	9.7	22	14.8430752186692	-999.9	0	1.12268518518519	16.3785822601619	330
MAPLE_PLAINS	2023	9	19	262	13.9	23.7	13.106899263459	-999.9	7.7	4.0625	20.5445972788024	330
MAPLE_PLAINS	2023	9	20	263	10.4	16.2	9.9737980181177	-999.9	0.4	2.98611111111111	13.8524865054212	330
MAPLE_PLAINS	2023	9	21	264	8.8	13.9	9.24987208763713	-999.9	0.2	2.33796296296296	11.5849280631095	330
MAPLE_PLAINS	2023	9	22	265	5	17.8	14.4912052946462	-999.9	0.2	1.27314814814815	11.2051712796689	330
MAPLE_PLAINS	2023	9	23	266	6.2	20.7	15.2502747885708	-999.9	1.3	2.24537037037037	13.2769152801734	330
MAPLE_PLAINS	2023	9	24	267	5.4	20.8	15.5379569205805	-999.9	0.2	1.08796296296296	12.9411779465498	330
MAPLE_PLAINS	2023	9	25	268	1.2	17.5	15.8020527093019	-999.9	0	2.41898148148148	10.3423255582264	330
MAPLE_PLAINS	2023	9	26	269	0.3	17.3	15.9506047585595	-999.9	0	0.972222222222222	9.84675605596899	330
MAPLE_PLAINS	2023	9	27	270	3.3	16.5	13.8905711668428	-999.9	0	0.358796296296297	11.4201597520784	330
MAPLE_PLAINS	2023	9	28	271	2.5	19.7	15.6684461708474	-999.9	0	1.00694444444444	11.5040928235197	330
MAPLE_PLAINS	2023	9	29	272	2	21	16.2710625854872	-999.9	0	0.775462962962964	11.8188956963685	330
MAPLE_PLAINS	2023	9	30	273	5.7	20.5	14.1872098173422	-999.9	0	0.659722222222222	13.7042785954448	330
MAPLE_PLAINS	2023	10	1	274	5.7	21.1	14.2956513378846	-999.9	0	0.925925925925925	13.7437621027819	330
MAPLE_PLAINS	2023	10	2	275	3.9	20.5	14.6597444064215	-999.9	0	0.972222222222222	11.5513851544046	330
MAPLE_PLAINS	2023	10	3	276	11.1	24.2	12.8614229971164	-999.9	0	3.26388888888889	15.845515937241	330
MAPLE_PLAINS	2023	10	4	277	6.1	18.5	12.356585727846	-999.9	0	1.40046296296296	11.7533080306857	330
MAPLE_PLAINS	2023	10	5	278	13.7	22.9	10.5092116274975	-999.9	0	2.65046296296296	17.9491677665133	330
MAPLE_PLAINS	2023	10	6	279	13.3	23.3	10.8173339592096	-999.9	0	2.53472222222222	18.1251399995183	330
MAPLE_PLAINS	2023	10	7	280	12.4	19.4	8.93449262619358	-999.9	0	3.25231481481481	15.6523055288499	330
MAPLE_PLAINS	2023	10	8	281	7.5	20	11.7851305823981	-999.9	5.2	6.22685185185186	14.5089870229775	330
MAPLE_PLAINS	2023	10	9	282	3.5	18.3	12.6569182796667	-999.9	1.6	2.17592592592593	11.3467623627109	330
MAPLE_PLAINS	2023	10	10	283	6.5	16.1	10.0603031645875	-999.9	3.4	2.5462962962963	11.9490578136425	330
MAPLE_PLAINS	2023	10	11	284	4.7	18.4	11.8597668039237	-999.9	0	2.00231481481481	12.4092728108845	330
MAPLE_PLAINS	2023	10	12	285	4.7	16.8	10.9979716570568	-999.9	4.2	0.821759259259258	11.7565637361359	330
MAPLE_PLAINS	2023	10	13	286	9.4	12.3	5.31236874712131	-999.9	16.8	1.25	13.0433215429047	330
MAPLE_PLAINS	2023	10	14	287	8.9	12.9	6.15538864685939	-999.9	1	3.84259259259258	11.930466003485	330
MAPLE_PLAINS	2023	10	15	288	7.5	15.1	8.37022833684296	-999.9	0	2.91666666666667	11.142370366308	330
MAPLE_PLAINS	2023	10	16	289	7.9	11.8	5.91477828591066	-999.9	22.2	3.42592592592592	11.7008160462537	330
MAPLE_PLAINS	2023	10	17	290	-0.9	10.9	10.1483495739036	-999.9	0.9	1.8287037037037	7.75678052958781	330
MAPLE_PLAINS	2023	10	18	291	-0.6	13.3	10.8638736148984	-999.9	0	1.89814814814815	8.11305092562516	330
MAPLE_PLAINS	2023	10	19	292	8.2	15.4	7.71157739981629	-999.9	0	2.51157407407408	11.2276001866795	330
MAPLE_PLAINS	2023	10	20	293	10.4	17.4	7.49902279220773	-999.9	0	3.02083333333333	13.361123758376	330
MAPLE_PLAINS	2023	10	21	294	11.6	16.4	6.1240155874252	-999.9	25.6	3.4375	15.8555664471238	330
MAPLE_PLAINS	2023	10	22	295	7.3	12.6	6.34596063687567	-999.9	13.2	4.40972222222222	12.0427064409764	330
MAPLE_PLAINS	2023	10	23	296	-2	8.9	8.97434436653271	-999.9	0.9	3.22916666666667	7.00500830308775	330
MAPLE_PLAINS	2023	10	24	297	-2.2	12.6	10.3119136726146	-999.9	0	1.90972222222222	7.44735536521938	330
MAPLE_PLAINS	2023	10	25	298	7.8	14	6.58134696461925	-999.9	0.5	3.10846560846561	11.6754438081051	330
MAPLE_PLAINS	2023	10	26	299	6.3	17.6	8.76119029441793	-999.9	0.2	1.23842592592593	11.5820885402364	330
MAPLE_PLAINS	2023	10	27	300	9.6	14.3	5.57153810773451	-999.9	6.1	3.41435185185186	12.6910119111101	330
MAPLE_PLAINS	2023	10	28	301	6.4	20.8	9.61634560266458	-999.9	0	3.50694444444444	12.6860278932278	330
MAPLE_PLAINS	2023	10	29	302	-1.1	7	7.11176581409063	-999.9	0	2.98611111111111	5.05112976867628	330
MAPLE_PLAINS	2023	10	30	303	-2.2	3.7	5.98513253909307	-999.9	4.2	0.555555555555556	5.72496339934991	330
MAPLE_PLAINS	2023	10	31	304	-4.2	6	7.76016080981234	-999.9	0.2	2.39583333333333	5.25138600525464	330
MAPLE_PLAINS	2023	11	1	305	-4.5	3.1	6.60562289039168	-999.9	2.9	1.44675925925926	5.30748533528256	330
MAPLE_PLAINS	2023	11	2	306	-0.3	4	4.89998296581231	-999.9	0	3.56481481481481	4.46654945264426	330
MAPLE_PLAINS	2023	11	3	307	0.5	8.3	6.50851134654113	-999.9	0	3.11342592592592	5.56552424854857	330
MAPLE_PLAINS	2023	11	4	308	-1.3	12.7	8.59996753612293	-999.9	0	2.89351851851853	7.12808803348582	330
MAPLE_PLAINS	2023	11	5	309	-1.6	6.3	6.37195973203968	-999.9	0	1.37731481481481	5.86614192867791	330
MAPLE_PLAINS	2023	11	6	310	-5.8	3.3	6.74588692176118	-999.9	0	2.08333333333333	3.87970873310128	330
MAPLE_PLAINS	2023	11	7	311	-3.9	10.2	8.28367491209309	-999.9	2.4	4.15509259259258	6.34338396318141	330
MAPLE_PLAINS	2023	11	8	312	0.4	10.2	6.81337110220969	-999.9	0.5	4.63768115942028	6.60439318268766	330
MAPLE_PLAINS	2023	11	9	313	1.3	6.5	4.89700799216856	-999.9	4.3	3.71527777777778	7.12753827725962	330
MAPLE_PLAINS	2023	11	10	314	1.2	5.2	4.23826602247398	-999.9	0.3	2.97453703703703	6.25009890489932	330
MAPLE_PLAINS	2023	11	11	315	-2	5.2	5.61186080326962	-999.9	0.8	1.52777777777778	6.19694734999589	330
MAPLE_PLAINS	2023	11	12	316	-0.2	4.3	4.37912319571783	-999.9	0	2.78935185185186	5.11965845532326	330
MAPLE_PLAINS	2023	11	13	317	-2.5	2.3	4.46482246866178	-999.9	0	1.80555555555556	4.72722364093456	330
MAPLE_PLAINS	2023	11	14	318	-0.4	3.3	3.8703848672202	-999.9	3.2	0.949074074074075	6.13412473138435	330
MAPLE_PLAINS	2023	11	15	319	-2.5	3.7	4.94755464519376	-999.9	1.2	2.06018518518519	5.6223183017685	330
MAPLE_PLAINS	2023	11	16	320	-4.5	8	6.93853430101547	-999.9	0	2.37268518518519	5.76225643206192	330
MAPLE_PLAINS	2023	11	17	321	-5.2	10.1	7.58329165049108	-999.9	0	3.47222222222222	5.7850106629573	330
MAPLE_PLAINS	2023	11	18	322	3.4	13.5	6.08777002318594	-999.9	38.3	4.49074074074075	10.1548864396395	330
MAPLE_PLAINS	2023	11	19	323	-4	3.5	5.18447504914659	-999.9	0	3.37962962962964	4.69646508286046	330
MAPLE_PLAINS	2023	11	20	324	-2.4	1.3	3.59954540579691	-999.9	0	2.55787037037037	4.25368995499227	330
MAPLE_PLAINS	2023	11	21	325	-3.9	2.1	4.53206406803624	-999.9	0.2	2.37268518518519	4.40419804235701	330
MAPLE_PLAINS	2023	11	22	326	-5.6	3.2	5.42801852723503	-999.9	4.1	3.13657407407408	4.29907338480727	330
MAPLE_PLAINS	2023	11	23	327	0.9	6.4	4.24494252293645	-999.9	0.7	4.27083333333333	7.57770443070448	330
MAPLE_PLAINS	2023	11	24	328	-7	3.2	5.72001161773553	-999.9	0.8	3.86574074074075	4.18785022245045	330
MAPLE_PLAINS	2023	11	25	329	-7.8	-3.4	3.71835051844101	-999.9	0	4.27083333333333	2.40307414269576	330
MAPLE_PLAINS	2023	11	26	330	-4.2	4	5.02555225289448	-999.9	0	2.71990740740741	4.18138417648723	330
MAPLE_PLAINS	2023	11	27	331	1.1	8.7	4.79145173021233	-999.9	12.2	6.55092592592592	7.37299722356662	330
MAPLE_PLAINS	2023	11	28	332	-2.4	3.6	4.21749702559746	-999.9	0.3	3.49537037037036	5.08011848454332	330
MAPLE_PLAINS	2023	11	29	333	-6.2	-1.3	3.77690587761458	-999.9	0.2	5.05787037037036	2.75112232727309	330
MAPLE_PLAINS	2023	11	30	334	-8.8	2.5	5.68566266719654	-999.9	0	2.96296296296297	3.47094744121739	330
MAPLE_PLAINS	2023	12	1	335	0	9.7	5.22373129424417	-999.9	0	3.15972222222222	7.08772619815159	330
MAPLE_PLAINS	2023	12	2	336	0.7	4.4	3.20038868731524	-999.9	7.5	2.43055555555556	6.98792557858811	330
MAPLE_PLAINS	2023	12	3	337	-1.6	2.9	3.5024599044945	-999.9	0	2.47685185185185	4.8771274199664	330
MAPLE_PLAINS	2023	12	4	338	-1.6	0	2.07326259503707	-999.9	1.9	3.56481481481481	5.29537203503227	330
MAPLE_PLAINS	2023	12	5	339	-5.7	-1.6	3.29594587098737	-999.9	1.6	3.03240740740742	3.95559545385537	330
MAPLE_PLAINS	2023	12	6	340	-10.4	-1.3	4.87835023757945	-999.9	0	2.22222222222222	3.23205712312525	330
MAPLE_PLAINS	2023	12	7	341	-5.2	-1.2	3.21455204573588	-999.9	0.2	3.55324074074075	4.02508321119021	330
MAPLE_PLAINS	2023	12	8	342	-6.9	-0.3	4.10561490023316	-999.9	0	3.61111111111111	3.31626768094667	330
MAPLE_PLAINS	2023	12	9	343	-10.6	-0.3	5.10177818870909	-999.9	0	1.5162037037037	3.36449471488911	330
MAPLE_PLAINS	2023	12	10	344	-4.6	6	5.15034937555356	-999.9	0	4.34782608695653	6.09020397794961	330
MAPLE_PLAINS	2023	12	11	345	2.3	15.2	5.65648202087874	-999.9	3.9	6.95601851851853	10.1879333591594	330
MAPLE_PLAINS	2023	12	12	346	-3	2.3	3.6111620628262	-999.9	0	4.49074074074075	4.08858392558681	330
MAPLE_PLAINS	2023	12	13	347	-6.3	3.2	4.81748616517621	-999.9	0	3.28703703703703	4.04260050637154	330
MAPLE_PLAINS	2023	12	14	348	-7.8	-3.3	3.30528490669046	-999.9	0	4.80324074074075	2.43162065375322	330
MAPLE_PLAINS	2023	12	15	349	-4.4	5.4	4.86469857192805	-999.9	0	3.86574074074075	4.30104347883515	330
MAPLE_PLAINS	2023	12	16	350	-10.1	2.3	5.45999137102828	-999.9	0	3.06712962962964	3.09106287511415	330
MAPLE_PLAINS	2023	12	17	351	-10	5.3	6.05430664162377	-999.9	0	3.31018518518519	4.0851697581485	330
MAPLE_PLAINS	2023	12	18	352	5.3	12.6	4.17655505092127	-999.9	5.4	8.57638888888889	10.1425379052799	330
MAPLE_PLAINS	2023	12	19	353	5.5	12.8	4.17308890940339	-999.9	1.8	3.71527777777778	10.5367106641681	330
MAPLE_PLAINS	2023	12	20	354	0.1	5.6	3.62091965424588	-999.9	0	3.32175925925925	6.55380885255392	330
MAPLE_PLAINS	2023	12	21	355	-6.3	0.1	3.90634908472391	-999.9	0.2	8.48379629629631	3.29994475203132	330
MAPLE_PLAINS	2023	12	22	356	-6.5	-3.1	2.84882790395178	-999.9	0.2	5.42824074074075	2.95658063499209	330
MAPLE_PLAINS	2023	12	23	357	-12.1	-1.8	4.96355606999636	-999.9	0	1.96759259259259	2.34192441275954	330
MAPLE_PLAINS	2023	12	24	358	-5.5	3.8	4.72350785361349	-999.9	0	2.75462962962963	3.72165511572746	330
MAPLE_PLAINS	2023	12	25	359	-7.1	6.3	5.68100047785815	-999.9	0	1.46990740740741	4.77167054741936	330
MAPLE_PLAINS	2023	12	26	360	1.8	5.9	3.15001681205049	-999.9	0	2.90509259259258	6.8639308872045	330
MAPLE_PLAINS	2023	12	27	361	-0.4	2.3	2.56359354160142	-999.9	0	0.763888888888889	4.76555091745042	330
MAPLE_PLAINS	2023	12	28	362	-4	4.5	4.5637223773924	-999.9	0	1.19212962962963	4.97362817982298	330
MAPLE_PLAINS	2023	12	29	363	-0.3	0.5	1.40537224628257	-999.9	7.6	3.15972222222222	5.60009297887831	330
MAPLE_PLAINS	2023	12	30	364	0	1.5	1.932504729849	-999.9	3.9	1.34259259259259	6.20921782222725	330
MAPLE_PLAINS	2023	12	31	365	-3.8	0.1	3.13058322836824	-999.9	0	2.71990740740741	4.66943220384343	330
