MAPLE_PLAINS	2016	1	1	1	-3.9	-0.3	3.02307534092923	-999.9	0	3.48379629629631	4.08538171805389	330
MAPLE_PLAINS	2016	1	2	2	-4.2	-0.2	3.20417558977147	-999.9	0	4.00462962962964	4.01923704297349	330
MAPLE_PLAINS	2016	1	3	3	-2.7	-1.3	1.90686338261016	-999.9	3.3	1.86342592592593	4.75913419261772	330
MAPLE_PLAINS	2016	1	4	4	-11.3	-1.9	4.9723996033104	-999.9	0.9	3.07870370370369	3.84491188942579	330
MAPLE_PLAINS	2016	1	5	5	-16.8	-9.5	4.41147455243077	-999.9	0	3.07870370370369	2.1475939933103	330
MAPLE_PLAINS	2016	1	6	6	-9	-4.1	3.640077279483	-999.9	0	4.97685185185186	2.55814125078906	330
MAPLE_PLAINS	2016	1	7	7	-8	-0.4	4.56746906076624	-999.9	0	2.01388888888889	3.61495810760589	330
MAPLE_PLAINS	2016	1	8	8	-11.2	-2.6	4.89706932784816	-999.9	0	1.40046296296296	3.27544747578884	330
MAPLE_PLAINS	2016	1	9	9	-5.7	-3.1	2.71487372220512	-999.9	0	1.42361111111111	3.66783523645589	330
MAPLE_PLAINS	2016	1	10	10	-3	3.1	4.19427761219363	-999.9	0	4.71064814814814	5.17128924475466	330
MAPLE_PLAINS	2016	1	11	11	-3.5	8.5	5.93555115170507	-999.9	11.2	8.00925925925925	6.33318123547582	330
MAPLE_PLAINS	2016	1	12	12	-9.4	-4.2	3.94361550686358	-999.9	0	4.01620370370369	1.99711303752344	330
MAPLE_PLAINS	2016	1	13	13	-6.1	-0.3	4.20502869886906	-999.9	3.8	6.09953703703703	4.19744625732583	330
MAPLE_PLAINS	2016	1	14	14	-11.1	-6.3	3.86342518078802	-999.9	0	6.37731481481481	2.24767130677289	330
MAPLE_PLAINS	2016	1	15	15	-12.8	-8.3	3.77907125864859	-999.9	0	6.11111111111111	1.89600317594415	330
MAPLE_PLAINS	2016	1	16	16	-15.7	-3.2	6.36481667881314	-999.9	0	3.25231481481481	2.83228537061479	330
MAPLE_PLAINS	2016	1	17	17	-6.1	-2.2	3.59364745483739	-999.9	0	2.77777777777778	4.07522427025853	330
MAPLE_PLAINS	2016	1	18	18	-10.4	-5.7	3.98877568272489	-999.9	0	1.80555555555556	2.91986591246502	330
MAPLE_PLAINS	2016	1	19	19	-12.5	-8.7	3.6272732092826	-999.9	0.2	5.83333333333333	2.06875968585066	330
MAPLE_PLAINS	2016	1	20	20	-8.4	-2.7	4.49395751758685	-999.9	0	5.61342592592592	2.97699236407579	330
MAPLE_PLAINS	2016	1	21	21	-9	-6.9	2.75997113925107	-999.9	0	4.07407407407408	2.47993193799698	330
MAPLE_PLAINS	2016	1	22	22	-10.7	-7	3.70761331805577	-999.9	0	3.58796296296297	2.43020864483677	330
MAPLE_PLAINS	2016	1	23	23	-15.2	-5.9	5.95009761086229	-999.9	0	2.30324074074074	2.62985997712067	330
MAPLE_PLAINS	2016	1	24	24	-11	-3.2	5.5170180566034	-999.9	0	3.27546296296297	3.2034281538965	330
MAPLE_PLAINS	2016	1	25	25	-14.7	-3.7	6.63450450157265	-999.9	0	1.73611111111111	2.73913983861902	330
MAPLE_PLAINS	2016	1	26	26	-13.1	6.2	8.90064688242916	-999.9	0	4.17824074074075	4.5831709407057	330
MAPLE_PLAINS	2016	1	27	27	-5.1	4.9	6.48999882751794	-999.9	0	3.55324074074075	5.63388047519414	330
MAPLE_PLAINS	2016	1	28	28	-9.3	-1.1	5.9541456731099	-999.9	0	2.7662037037037	3.06574028923797	330
MAPLE_PLAINS	2016	1	29	29	-1.6	0.8	3.26398093375282	-999.9	0	4.07407407407408	5.57788213228551	330
MAPLE_PLAINS	2016	1	30	30	-8.8	-1.7	5.68928374874337	-999.9	0.4	2.71990740740741	4.57504348056255	330
MAPLE_PLAINS	2016	1	31	31	-4	2.2	5.38844120258081	-999.9	0	3.29861111111111	5.80544687882643	330
MAPLE_PLAINS	2016	2	1	32	-0.1	8	6.24304873075328	-999.9	0	3.91203703703703	6.84171192695367	330
MAPLE_PLAINS	2016	2	2	33	-12.3	2.5	8.55491447185889	-999.9	0	2.95138888888889	2.82735754582734	330
MAPLE_PLAINS	2016	2	3	34	-14.8	-2	8.06603000639578	-999.9	5.1	2.92824074074075	2.71314466235172	330
MAPLE_PLAINS	2016	2	4	35	0.3	7.9	6.30183394356846	-999.9	7.8	3.55324074074075	8.44772918337116	330
MAPLE_PLAINS	2016	2	5	36	-4.8	2.6	6.30539854828471	-999.9	0	3.61111111111111	5.33221306787464	330
MAPLE_PLAINS	2016	2	6	37	-11.2	-5	5.85270047471887	-999.9	0	3.99305555555556	2.89717848493403	330
MAPLE_PLAINS	2016	2	7	38	-10.1	1.5	8.11851509007605	-999.9	1.8	4.15509259259258	3.46422963988326	330
MAPLE_PLAINS	2016	2	8	39	-13.8	-4.5	7.37217870293911	-999.9	0	5.32407407407408	2.94640196325352	330
MAPLE_PLAINS	2016	2	9	40	-5.3	-3.3	3.46730548749767	-999.9	1.7	4.57175925925925	4.0920698553615	330
MAPLE_PLAINS	2016	2	10	41	-16.4	-3.2	9.03439767853687	-999.9	0	2.66203703703704	3.21938138270553	330
MAPLE_PLAINS	2016	2	11	42	-16.3	-3.6	8.98789878873672	-999.9	1.9	1.57407407407407	2.78706827961177	330
MAPLE_PLAINS	2016	2	12	43	-15.4	-7.8	7.05200774622073	-999.9	0.2	3.73842592592592	1.89927801136634	330
MAPLE_PLAINS	2016	2	13	44	-22.9	-8.9	9.70782695719207	-999.9	0	2.02546296296296	1.74747163005894	330
MAPLE_PLAINS	2016	2	14	45	-17.8	-9.8	7.44310658107278	-999.9	0.2	3.88888888888889	1.45245555735281	330
MAPLE_PLAINS	2016	2	15	46	-19.7	-9	8.73068952043646	-999.9	0	4.29398148148147	1.19640036440144	330
MAPLE_PLAINS	2016	2	16	47	-14.7	8.1	12.9260172519799	-999.9	0.4	5.94907407407408	5.49065590631285	330
MAPLE_PLAINS	2016	2	17	48	-2.7	9.1	9.43125253333559	-999.9	4.6	3.57638888888889	7.98564374680859	330
MAPLE_PLAINS	2016	2	18	49	-7.2	-0.3	7.31428127867264	-999.9	0	2.62731481481481	4.10223938519924	330
MAPLE_PLAINS	2016	2	19	50	-6.8	-2.9	5.57677608331683	-999.9	0	2.48842592592593	2.9783067172367	330
MAPLE_PLAINS	2016	2	20	51	-10.6	2	10.1653534899561	-999.9	0.8	4.74537037037036	4.07038508828524	330
MAPLE_PLAINS	2016	2	21	52	1.4	3.6	4.30739743909002	-999.9	6.6	3.07870370370369	7.35835088277643	330
MAPLE_PLAINS	2016	2	22	53	-8.3	1.2	9.07631467057448	-999.9	0	3.49537037037036	3.04756959779523	330
MAPLE_PLAINS	2016	2	23	54	-12.7	-6.5	7.43469611619083	-999.9	0.2	2.02546296296296	2.19675712220756	330
MAPLE_PLAINS	2016	2	24	55	-10.8	2.4	10.9988511553621	-999.9	0.2	3.41435185185186	4.31327054501343	330
MAPLE_PLAINS	2016	2	25	56	3.1	11.4	8.84226795294374	-999.9	4.6	4.94212962962964	11.0346561637456	330
MAPLE_PLAINS	2016	2	26	57	-4.5	5.8	9.98566089377364	-999.9	0.2	5.26620370370369	5.63003551888723	330
MAPLE_PLAINS	2016	2	27	58	-10	-3.1	8.28483274398104	-999.9	0	4.45601851851853	2.39567732264012	330
MAPLE_PLAINS	2016	2	28	59	-3.4	1.9	7.35976170563045	-999.9	0	3.59953703703703	3.59990528338123	330
MAPLE_PLAINS	2016	2	29	60	-6	12	13.7465143126305	-999.9	0.4	4.25925925925925	5.61674984244562	330
MAPLE_PLAINS	2016	3	1	61	-6	5	10.8904407436572	-999.9	1.2	4.08564814814814	3.87160092248955	330
MAPLE_PLAINS	2016	3	2	62	-7.2	7.9	12.9297778651786	-999.9	10.6	5.55555555555556	4.78826100912666	330
MAPLE_PLAINS	2016	3	3	63	-14	-1.2	12.0620261362391	-999.9	0.2	6.23842592592592	2.06438646166662	330
MAPLE_PLAINS	2016	3	4	64	-15.3	-6.6	10.0750080200306	-999.9	0	3.17129629629631	1.56783213275036	330
MAPLE_PLAINS	2016	3	5	65	-7.9	-5.4	5.47120185561234	-999.9	0	5.65972222222222	2.90343316167069	330
MAPLE_PLAINS	2016	3	6	66	-10.3	-3.2	9.33950944013221	-999.9	0	2.58101851851852	2.69020475746782	330
MAPLE_PLAINS	2016	3	7	67	-8.4	3.4	12.1947261070646	-999.9	0	3.06712962962964	4.1829347315955	330
MAPLE_PLAINS	2016	3	8	68	-4.6	1.5	8.87942790561402	-999.9	0	3.56481481481481	4.13811730506948	330
MAPLE_PLAINS	2016	3	9	69	-7.8	3.8	12.3990919261302	-999.9	4.4	3.10185185185186	4.40914214258482	330
MAPLE_PLAINS	2016	3	10	70	-3.5	4.4	10.3601498632803	-999.9	8	3.20601851851853	5.05331928404405	330
MAPLE_PLAINS	2016	3	11	71	-4.4	-1.3	6.57014249555152	-999.9	0	2.55787037037037	4.07539510183391	330
MAPLE_PLAINS	2016	3	12	72	-4.2	2	9.40546326203564	-999.9	0	3.14814814814814	4.13656358529811	330
MAPLE_PLAINS	2016	3	13	73	-3.5	2.9	9.67192369786609	-999.9	2.8	5.60185185185186	4.66245474476881	330
MAPLE_PLAINS	2016	3	14	74	-6.2	-2	7.92927343049816	-999.9	0	3.69212962962964	2.92518499275289	330
MAPLE_PLAINS	2016	3	15	75	-6.3	1.6	11.004106648166	-999.9	0	3.75	4.1138059448366	330
MAPLE_PLAINS	2016	3	16	76	-1	5.7	10.253144808807	-999.9	4.4	2.40740740740741	6.72893342414533	330
MAPLE_PLAINS	2016	3	17	77	-3.8	-1.1	6.58453849039771	-999.9	2.8	3.03240740740742	4.34399829482512	330
MAPLE_PLAINS	2016	3	18	78	-6.5	-2.4	8.20736793616909	-999.9	3.3	3.24074074074075	4.34265163075176	330
MAPLE_PLAINS	2016	3	19	79	-11.5	-5.5	10.0415402335659	-999.9	0.2	2.89351851851853	2.78292135767568	330
MAPLE_PLAINS	2016	3	20	80	-11.3	-3.3	11.7253593850453	-999.9	0	2.83564814814814	2.24965105979917	330
MAPLE_PLAINS	2016	3	21	81	-8.9	-2.7	10.4370258827221	-999.9	9	3.63425925925925	4.0778629558518	330
MAPLE_PLAINS	2016	3	22	82	-5.3	-2.9	6.56491585139993	-999.9	0	6.70138888888889	2.99479949714897	330
MAPLE_PLAINS	2016	3	23	83	-9.2	-0.8	12.4150458884763	-999.9	0.3	2.85879629629631	2.96446918935148	330
MAPLE_PLAINS	2016	3	24	84	-10.7	-4.1	11.1226427010082	-999.9	0.2	3.15972222222222	1.85519871831316	330
MAPLE_PLAINS	2016	3	25	85	-4.8	-0.6	8.96664332690659	-999.9	1.4	2.63888888888889	4.30184179726292	330
MAPLE_PLAINS	2016	3	26	86	-11.6	-1.8	13.839779192287	-999.9	4.5	2.92824074074075	3.91382388125755	330
MAPLE_PLAINS	2016	3	27	87	-12	3	17.2987230872751	-999.9	0	1.45833333333333	3.61542366616246	330
MAPLE_PLAINS	2016	3	28	88	-2.9	5.3	12.9201889975619	-999.9	9	4.12037037037036	5.77148131777303	330
MAPLE_PLAINS	2016	3	29	89	-2.2	4.6	11.8836811132899	-999.9	12.4	6.26157407407408	5.97368045992076	330
MAPLE_PLAINS	2016	3	30	90	-5.2	4.8	14.5536546235749	-999.9	0	3.79629629629631	3.97779953398552	330
MAPLE_PLAINS	2016	3	31	91	2.2	7.6	10.7990440158659	-999.9	1.8	4.13194444444444	7.33822370263012	330
MAPLE_PLAINS	2016	4	1	92	8.3	12.1	9.14612971325502	-999.9	3.8	5.15046296296297	11.8307662390091	330
MAPLE_PLAINS	2016	4	2	93	2.3	8	11.3078703774257	-999.9	8.4	2.4537037037037	8.26177322974672	330
MAPLE_PLAINS	2016	4	3	94	-5.4	5	15.4169541705872	-999.9	2.8	4.17824074074075	5.6373092834685	330
MAPLE_PLAINS	2016	4	4	95	-10.4	-2.6	13.4743681867321	-999.9	0	5.63657407407408	1.79955910366921	330
MAPLE_PLAINS	2016	4	5	96	-12	-5.8	12.1220717007598	-999.9	0	2.91666666666667	2.14945694599024	330
MAPLE_PLAINS	2016	4	6	97	-9.5	-0.8	14.4877606303249	-999.9	0	4.34027777777778	2.17453374600318	330
MAPLE_PLAINS	2016	4	7	98	-1.9	9.9	17.0209606262834	-999.9	0	6.00694444444445	6.17268854208226	330
MAPLE_PLAINS	2016	4	8	99	7.7	10.4	8.21234616070173	-999.9	10.2	6.55092592592592	9.99032767558029	330
MAPLE_PLAINS	2016	4	9	100	2	9.1	13.4306740749247	-999.9	0.8	3.11342592592592	7.35038454797786	330
MAPLE_PLAINS	2016	4	10	101	-4.2	2.4	13.0576479451327	-999.9	0	4.66435185185186	4.11297296706526	330
MAPLE_PLAINS	2016	4	11	102	-7.5	5.1	18.1904657957984	-999.9	1.8	3.47222222222222	3.81564683291212	330
MAPLE_PLAINS	2016	4	12	103	3.5	12.2	15.2378987788461	-999.9	4.6	5.71759259259258	10.0147325073324	330
MAPLE_PLAINS	2016	4	13	104	-2.4	9	17.5819200402998	-999.9	10.6	2.95138888888889	7.07007436537395	330
MAPLE_PLAINS	2016	4	14	105	-4.6	5.6	16.7611592594392	-999.9	0	3.06712962962964	4.81124656077635	330
MAPLE_PLAINS	2016	4	15	106	-1.1	1.4	8.3619182659569	-999.9	0	5.16203703703703	5.19074167669068	330
MAPLE_PLAINS	2016	4	16	107	-2.8	-0.2	8.59204576686079	-999.9	0	4.94212962962964	5.17381427119618	330
MAPLE_PLAINS	2016	4	17	108	-4.1	10.9	20.7908277051299	-999.9	0	2.07175925925926	5.69910398692035	330
MAPLE_PLAINS	2016	4	18	109	-5	3.9	16.1316895141104	-999.9	0	3.65740740740742	4.66730525220975	330
MAPLE_PLAINS	2016	4	19	110	-6	4.9	17.9804054314535	-999.9	0	1.6087962962963	4.39884982116639	330
MAPLE_PLAINS	2016	4	20	111	-3.6	5.2	16.2694118446433	-999.9	0	3.50694444444444	4.73280294113069	330
MAPLE_PLAINS	2016	4	21	112	-4.5	14.4	24.0076054239981	-999.9	0	2.58101851851852	5.56036455114586	330
MAPLE_PLAINS	2016	4	22	113	-2.4	15.4	23.4562590590558	-999.9	0	1.46990740740741	6.69702134763789	330
MAPLE_PLAINS	2016	4	23	114	2.4	13.3	18.4772114611038	-999.9	10	2.06018518518519	8.32804720322024	330
MAPLE_PLAINS	2016	4	24	115	0.3	4.4	11.406001304645	-999.9	4	3.65740740740742	5.39060568803262	330
MAPLE_PLAINS	2016	4	25	116	-3.8	5.4	17.1948282448174	-999.9	0	2.47685185185185	3.83321190559783	330
MAPLE_PLAINS	2016	4	26	117	-5.2	6.1	19.1756449449897	-999.9	0	1.90972222222222	4.17600732850411	330
MAPLE_PLAINS	2016	4	27	118	-6.2	9.5	22.7411312386763	-999.9	0	2.38425925925926	4.87866227402424	330
MAPLE_PLAINS	2016	4	28	119	-5.2	2.3	15.8120895183829	-999.9	0	3.53009259259258	3.83348811221713	330
MAPLE_PLAINS	2016	4	29	120	-4.4	8.4	20.7780693246473	-999.9	0	2.48842592592593	3.89531233281191	330
MAPLE_PLAINS	2016	4	30	121	-4.6	11.4	23.3640009855405	-999.9	0	1.68981481481481	4.77651907458689	330
MAPLE_PLAINS	2016	5	1	122	-3.6	13.6	24.360386698289	-999.9	0	2.15277777777778	5.7080547568026	330
MAPLE_PLAINS	2016	5	2	123	4.1	14.2	18.7697872295043	-999.9	0	2.60416666666667	6.01848554229567	330
MAPLE_PLAINS	2016	5	3	124	1.7	7.6	14.4228013107998	-999.9	2.2	3.94675925925925	7.81795456146851	330
MAPLE_PLAINS	2016	5	4	125	1.3	6.4	13.4796980571962	-999.9	0.2	2.87037037037036	7.07063150680201	330
MAPLE_PLAINS	2016	5	5	126	2.4	5.3	10.2167392369801	-999.9	8.2	3.27546296296297	7.4924045346145	330
MAPLE_PLAINS	2016	5	6	127	0.4	4.7	12.502958968582	-999.9	15.2	3.94675925925925	7.38715295478684	330
MAPLE_PLAINS	2016	5	7	128	-0.9	14.8	24.0071699014729	-999.9	1.8	1.53935185185185	9.01718291129672	330
MAPLE_PLAINS	2016	5	8	129	8.8	19.1	19.5375392715245	-999.9	0.2	2.83564814814814	12.6796281282907	330
MAPLE_PLAINS	2016	5	9	130	3.3	9.3	14.9807926255349	-999.9	0.2	5.83333333333333	6.43582036258558	330
MAPLE_PLAINS	2016	5	10	131	3.8	11.4	16.9364323720107	-999.9	0	4.16666666666667	7.17895392444968	330
MAPLE_PLAINS	2016	5	11	132	1.8	10	17.6695842637222	-999.9	0.2	2.11805555555556	6.43928243123475	330
MAPLE_PLAINS	2016	5	12	133	-2	11.7	22.9367826882063	-999.9	0.2	2.15277777777778	5.90339539878122	330
MAPLE_PLAINS	2016	5	13	134	-3.6	17.2	28.3795480477524	-999.9	0	2.1412037037037	6.34168279723216	330
MAPLE_PLAINS	2016	5	14	135	4.3	13.8	19.2568928661928	-999.9	0.2	3.91666666666667	10.2365756501435	330
MAPLE_PLAINS	2016	5	15	136	3.6	13.6	19.8346370208954	-999.9	2.6	2.90509259259258	9.82630113354191	330
MAPLE_PLAINS	2016	5	16	137	3.7	7.8	12.7486880870623	-999.9	2.6	5.41666666666667	7.36615075298785	330
MAPLE_PLAINS	2016	5	17	138	5.1	12.3	16.9566012768619	-999.9	0.6	3.80787037037036	8.58612227035157	330
MAPLE_PLAINS	2016	5	18	139	6.4	17.1	20.7449950834652	-999.9	0	2.88194444444444	9.04089080225365	330
MAPLE_PLAINS	2016	5	19	140	4.9	19.3	24.149140738263	-999.9	0	3.02083333333333	8.81177873981941	330
MAPLE_PLAINS	2016	5	20	141	9.1	19.2	20.2922598532392	-999.9	0.8	2.60416666666667	10.2473899609923	330
MAPLE_PLAINS	2016	5	21	142	5	25.6	29.0738889773555	-999.9	0	3.24074074074075	10.0666629011858	330
MAPLE_PLAINS	2016	5	22	143	11.3	20.3	19.277079938141	-999.9	0	3.49537037037036	10.3091797427901	330
MAPLE_PLAINS	2016	5	23	144	10.9	16.6	15.3871705395926	-999.9	0	4.14351851851853	12.1750907594013	330
MAPLE_PLAINS	2016	5	24	145	10.3	22.4	22.4836293312999	-999.9	0.2	2.24537037037037	14.8442437478355	330
MAPLE_PLAINS	2016	5	25	146	12.5	22.7	20.7003375347257	-999.9	0.2	2.7662037037037	16.3717378546463	330
MAPLE_PLAINS	2016	5	26	147	4.7	12.5	18.1501255477683	-999.9	0	4.03935185185186	10.5671539246524	330
MAPLE_PLAINS	2016	5	27	148	4.4	10.7	16.3534405890303	-999.9	1.4	3.06712962962964	9.36236856516354	330
MAPLE_PLAINS	2016	5	28	149	2.5	12.6	20.7566743565342	-999.9	8	3.65740740740742	10.3415868676028	330
MAPLE_PLAINS	2016	5	29	150	0.5	15.8	25.6066555634669	-999.9	0.2	1.78240740740741	9.30266139692958	330
MAPLE_PLAINS	2016	5	30	151	9.5	17.2	18.2060001902201	-999.9	9.8	3.88888888888889	12.3564595776753	330
MAPLE_PLAINS	2016	5	31	152	13.3	25.4	22.8705185314561	-999.9	3.8	2.90509259259258	16.6926732229589	330
MAPLE_PLAINS	2016	6	1	153	3.9	13.2	20.0905202451317	-999.9	0.2	3.88888888888889	8.8242525322925	330
MAPLE_PLAINS	2016	6	2	154	0.5	17.2	26.9728405272214	-999.9	0	2.96296296296297	8.13143059099906	330
MAPLE_PLAINS	2016	6	3	155	7.7	17.4	20.5932802339055	-999.9	1.6	3.58796296296297	10.8992583621779	330
MAPLE_PLAINS	2016	6	4	156	9	16.6	18.258716830436	-999.9	5.4	2.66203703703704	12.2857927371251	330
MAPLE_PLAINS	2016	6	5	157	10	14.7	14.3809926988733	-999.9	0	2.07175925925926	12.3488619623552	330
MAPLE_PLAINS	2016	6	6	158	10.6	14.1	12.4280565483115	-999.9	5.6	5.76388888888889	12.6834035165023	330
MAPLE_PLAINS	2016	6	7	159	11.7	23.5	22.850322676682	-999.9	0.4	3.55324074074075	15.674718104757	330
MAPLE_PLAINS	2016	6	8	160	13.1	20.5	18.1176676163051	-999.9	1.4	4.59490740740742	15.049008285556	330
MAPLE_PLAINS	2016	6	9	161	6.9	12.4	15.6370889543521	-999.9	14.8	3.99305555555556	10.9402109859246	330
MAPLE_PLAINS	2016	6	10	162	6.6	12.4	16.074216259659	-999.9	3.8	3.92361111111111	9.96986107310715	330
MAPLE_PLAINS	2016	6	11	163	7.8	20.9	24.179420590966	-999.9	1.6	2.58101851851852	12.4217174181764	330
MAPLE_PLAINS	2016	6	12	164	11.5	15	12.5081172365769	-999.9	0.6	4.05092592592592	12.672415962681	330
MAPLE_PLAINS	2016	6	13	165	9.8	15.1	15.4026994415202	-999.9	8.2	2.33796296296296	13.373426469005	330
MAPLE_PLAINS	2016	6	14	166	7.3	11	12.8769827166869	-999.9	16.8	2.40740740740741	11.0767070614426	330
MAPLE_PLAINS	2016	6	15	167	7.6	9.2	8.47190338462872	-999.9	6.6	2.70833333333333	10.5006715018789	330
MAPLE_PLAINS	2016	6	16	168	7.3	10.6	12.1713619041598	-999.9	0	3.02083333333333	9.27673284161027	330
MAPLE_PLAINS	2016	6	17	169	4	14.8	22.0246378235145	-999.9	0	2.36111111111111	8.5561480767935	330
MAPLE_PLAINS	2016	6	18	170	1	24.4	32.4244815006516	-999.9	0	2.34953703703704	9.74853819891564	330
MAPLE_PLAINS	2016	6	19	171	13	23.1	21.3033332640281	-999.9	0	4.54861111111111	9.30824730498719	330
MAPLE_PLAINS	2016	6	20	172	12.8	23.7	22.1296965801365	-999.9	0	4.31712962962964	10.2830885976077	330
MAPLE_PLAINS	2016	6	21	173	11.5	22.5	22.2273393210742	-999.9	0	3.92361111111111	13.4676318068584	330
MAPLE_PLAINS	2016	6	22	174	12.2	22.9	21.9162151795593	-999.9	1.8	2.09490740740741	14.8604333842882	330
MAPLE_PLAINS	2016	6	23	175	10	22	23.2006649140931	-999.9	0.2	2.52314814814815	14.4590603282848	330
MAPLE_PLAINS	2016	6	24	176	8.2	20.8	23.7621009893819	-999.9	0.2	2.08333333333333	12.0742052960527	330
MAPLE_PLAINS	2016	6	25	177	6.9	25.8	29.0853192665581	-999.9	0	2.52314814814815	12.8886544288833	330
MAPLE_PLAINS	2016	6	26	178	11.1	26.1	25.8931887117491	-999.9	0	2.88194444444444	13.6728800327862	330
MAPLE_PLAINS	2016	6	27	179	13.7	25.6	23.0443230185573	-999.9	0	3.85416666666667	15.3395807031498	330
MAPLE_PLAINS	2016	6	28	180	14.2	25.1	22.0347366470383	-999.9	0	4.18981481481481	16.6961855354126	330
MAPLE_PLAINS	2016	6	29	181	18.8	24.8	16.3315699292656	-999.9	0.8	4.05092592592592	21.1115285434102	330
MAPLE_PLAINS	2016	6	30	182	14.9	24.8	20.954684460823	-999.9	2.2	2.96296296296297	19.6346017006664	330
MAPLE_PLAINS	2016	7	1	183	10.7	28.3	27.9051635058515	-999.9	0	1.78240740740741	16.2930014370478	330
MAPLE_PLAINS	2016	7	2	184	13.4	22.3	19.8171593739916	-999.9	0	3.72685185185186	17.0458185858268	330
MAPLE_PLAINS	2016	7	3	185	12.4	20.1	18.4061657932139	-999.9	0	4.03935185185186	12.8621623190754	330
MAPLE_PLAINS	2016	7	4	186	12.8	25.3	23.4152014553411	-999.9	0	2.99768518518519	13.8625730799455	330
MAPLE_PLAINS	2016	7	5	187	15.8	26.3	21.4247502293365	-999.9	6.2	2.28009259259259	16.5772611443114	330
MAPLE_PLAINS	2016	7	6	188	11.1	17.1	16.1669542058069	-999.9	0.8	3.13657407407408	14.1701303373292	330
MAPLE_PLAINS	2016	7	7	189	10.2	15.9	15.7280415144814	-999.9	13.2	2.11805555555556	11.9314867527113	330
MAPLE_PLAINS	2016	7	8	190	9.8	15.9	16.2382741697528	-999.9	11.2	3.125	12.6328923323512	330
MAPLE_PLAINS	2016	7	9	191	11.5	15.5	13.1218690293782	-999.9	0	2.00231481481481	12.669274982566	330
MAPLE_PLAINS	2016	7	10	192	11	14.7	12.5924503457672	-999.9	5.2	1.52777777777778	13.729900609718	330
MAPLE_PLAINS	2016	7	11	193	7.7	19	21.9555907779897	-999.9	2.4	2.90509259259258	12.5661475351717	330
MAPLE_PLAINS	2016	7	12	194	5.8	25.9	29.2114554034812	-999.9	0	1.38888888888889	14.2744860003978	330
MAPLE_PLAINS	2016	7	13	195	7.8	23.8	25.9966300449115	-999.9	0	2.2337962962963	14.9716741968506	330
MAPLE_PLAINS	2016	7	14	196	15.6	25.6	20.49799966336	-999.9	0	4.82638888888889	17.7105773860678	330
MAPLE_PLAINS	2016	7	15	197	18.7	25.2	16.4806745914211	-999.9	0.4	4.29398148148147	20.5816364810519	330
MAPLE_PLAINS	2016	7	16	198	14.1	25.3	21.5718018508316	-999.9	0	1.52777777777778	17.5151786687612	330
MAPLE_PLAINS	2016	7	17	199	10.3	23.4	23.2607821171353	-999.9	0.8	1.45833333333333	17.4174095309842	330
MAPLE_PLAINS	2016	7	18	200	16.6	25.6	19.2208764115169	-999.9	0.2	2.67361111111111	20.0404838934559	330
MAPLE_PLAINS	2016	7	19	201	8.7	22.1	23.3786518793351	-999.9	0	3.66898148148147	14.6587719856263	330
MAPLE_PLAINS	2016	7	20	202	8.1	21.5	23.3016306513224	-999.9	0	2.7662037037037	13.2116373898565	330
MAPLE_PLAINS	2016	7	21	203	8.3	26.8	27.2858940375909	-999.9	0	2.5462962962963	15.1740983851218	330
MAPLE_PLAINS	2016	7	22	204	17.1	25.1	17.8799838491744	-999.9	0	4.13194444444444	18.0779789884122	330
MAPLE_PLAINS	2016	7	23	205	16.3	27.5	21.0791051357853	-999.9	1.4	2.84722222222222	20.1490893728484	330
MAPLE_PLAINS	2016	7	24	206	12	26.7	24.0587968460218	-999.9	0.2	1.12268518518519	19.1254433289196	330
MAPLE_PLAINS	2016	7	25	207	13.2	29.1	24.9250905735039	-999.9	0	1.26157407407407	19.2438876985589	330
MAPLE_PLAINS	2016	7	26	208	15.5	24.4	18.5740585234124	-999.9	2.8	2.16435185185185	19.9343009949391	330
MAPLE_PLAINS	2016	7	27	209	13.9	27.2	22.6131848849331	-999.9	0	1.53935185185185	19.7680133907254	330
MAPLE_PLAINS	2016	7	28	210	16.1	28.8	22.004533388022	-999.9	1	2.41898148148148	20.6913124143305	330
MAPLE_PLAINS	2016	7	29	211	17.8	24.1	15.4313899432584	-999.9	0.2	1.62037037037037	20.985682346752	330
MAPLE_PLAINS	2016	7	30	212	12.2	25.4	22.2380176908853	-999.9	0	1.89814814814815	17.6763463983763	330
MAPLE_PLAINS	2016	7	31	213	9.1	25.6	24.749992032989	-999.9	0	1.59722222222222	15.3538184232619	330
MAPLE_PLAINS	2016	8	1	214	8.3	26	25.5148570936087	-999.9	0	0.995370370370369	14.218618900846	330
MAPLE_PLAINS	2016	8	2	215	7.2	23.8	24.5913953317957	-999.9	0	1.80555555555556	14.0930368034897	330
MAPLE_PLAINS	2016	8	3	216	6.5	23.9	25.0539004572179	-999.9	0	2.16435185185185	14.0753854084424	330
MAPLE_PLAINS	2016	8	4	217	15.6	25	18.322510872295	-999.9	0.4	3.39120370370369	17.1389959179426	330
MAPLE_PLAINS	2016	8	5	218	15.1	26.4	19.9861492335541	-999.9	4.8	3.59953703703703	17.0573314116718	330
MAPLE_PLAINS	2016	8	6	219	17.2	26.5	18.0363430217675	-999.9	0	4.375	18.7951965893087	330
MAPLE_PLAINS	2016	8	7	220	14.3	24.6	18.8795115607265	-999.9	0	2.32638888888889	17.3330978285217	330
MAPLE_PLAINS	2016	8	8	221	7.7	23.3	23.1072013095622	-999.9	0	3.27546296296297	13.851753239169	330
MAPLE_PLAINS	2016	8	9	222	5.6	23.2	24.4062929115267	-999.9	0	1.80555555555556	12.5994179325248	330
MAPLE_PLAINS	2016	8	10	223	8.6	26.2	24.2666338156702	-999.9	0	2.75462962962963	15.6038015024883	330
MAPLE_PLAINS	2016	8	11	224	17.5	23.2	13.7292046747313	-999.9	4.2	2.53472222222222	20.5876378538364	330
MAPLE_PLAINS	2016	8	12	225	10.4	20.5	18.1664542213027	-999.9	3.8	1.26157407407407	17.4894045185029	330
MAPLE_PLAINS	2016	8	13	226	6.1	22.7	23.1478994546138	-999.9	0.2	1.46990740740741	12.7211778387335	330
MAPLE_PLAINS	2016	8	14	227	13.6	15.8	8.374583684969	-999.9	16.4	2.59259259259259	15.490261307596	330
MAPLE_PLAINS	2016	8	15	228	12	19.9	15.7690600955493	-999.9	0	1.63194444444444	16.1151800662109	330
MAPLE_PLAINS	2016	8	16	229	7.6	24.5	22.9151011110786	-999.9	0	1.85185185185185	15.2658123151283	330
MAPLE_PLAINS	2016	8	17	230	14.5	17.7	9.90569883760951	-999.9	37.2	2.8125	16.6116737546981	330
MAPLE_PLAINS	2016	8	18	231	11.9	24.7	19.6785059297389	-999.9	0	1.73611111111111	17.7751352536948	330
MAPLE_PLAINS	2016	8	19	232	11.6	22.7	18.1999710087706	-999.9	0	1.94444444444444	16.3246795400803	330
MAPLE_PLAINS	2016	8	20	233	10.7	22.4	18.5553451549125	-999.9	0	1.07638888888889	15.6696204778715	330
MAPLE_PLAINS	2016	8	21	234	15.8	24.9	16.2483140145131	-999.9	0.2	3.33333333333333	17.9505946850557	330
MAPLE_PLAINS	2016	8	22	235	17.1	26	15.9528576824113	-999.9	7	4.16666666666667	20.539497770481	330
MAPLE_PLAINS	2016	8	23	236	14.7	23.4	15.6568054998854	-999.9	0	4.13194444444444	14.466720160764	330
MAPLE_PLAINS	2016	8	24	237	15.8	25.6	16.4930343854763	-999.9	0	2.83564814814814	17.1593170516633	330
MAPLE_PLAINS	2016	8	25	238	15.8	25.7	16.451021614724	-999.9	0	3.84259259259258	18.831964534527	330
MAPLE_PLAINS	2016	8	26	239	18	22.5	11.005577647812	-999.9	7.2	3.85416666666667	20.5301570372526	330
MAPLE_PLAINS	2016	8	27	240	8.7	19.3	16.7584638021023	-999.9	0.2	2.5	16.4435220114043	330
MAPLE_PLAINS	2016	8	28	241	5	21.7	20.8668744128206	-999.9	0	1.18055555555556	12.9200379645986	330
MAPLE_PLAINS	2016	8	29	242	13.6	21.4	14.1451451068349	-999.9	19.2	3.20601851851853	16.6831106277267	330
MAPLE_PLAINS	2016	8	30	243	9.3	19.2	15.8045283116094	-999.9	0.2	1.95601851851852	12.782115542006	330
MAPLE_PLAINS	2016	8	31	244	8.3	22.9	19.0321112152828	-999.9	0.4	2.24537037037037	15.6997058425125	330
MAPLE_PLAINS	2016	9	1	245	15.6	22.7	13.159183750884	-999.9	17.2	1.66666666666667	18.4053632242917	330
MAPLE_PLAINS	2016	9	2	246	8.7	16.7	13.8476648183951	-999.9	0.2	4.00462962962964	13.6052430748774	330
MAPLE_PLAINS	2016	9	3	247	6.9	18.5	16.528550196062	-999.9	0	1.62037037037037	11.710516928222	330
MAPLE_PLAINS	2016	9	4	248	4.3	20.5	19.3588637118422	-999.9	0	1.90972222222222	11.9458979933007	330
MAPLE_PLAINS	2016	9	5	249	11.3	22	15.5909704907675	-999.9	0	2.52314814814815	13.9897541164249	330
MAPLE_PLAINS	2016	9	6	250	13	27.3	17.8587256872611	-999.9	0.2	2.11805555555556	20.8336889484959	330
MAPLE_PLAINS	2016	9	7	251	19.3	26.6	12.6411717261953	-999.9	0	3.39120370370369	21.5904289221912	330
MAPLE_PLAINS	2016	9	8	252	18.5	24.8	11.6327367893602	-999.9	0	2.39583333333333	21.4684579847988	330
MAPLE_PLAINS	2016	9	9	253	15.2	24.9	14.2963614905817	-999.9	0	2.68518518518519	21.0720412581083	330
MAPLE_PLAINS	2016	9	10	254	9.6	22	16.0074029445306	-999.9	0	1.80555555555556	15.3389434780473	330
MAPLE_PLAINS	2016	9	11	255	14.8	24.1	13.7266424457036	-999.9	5.8	5.20833333333333	18.187672575974	330
MAPLE_PLAINS	2016	9	12	256	12	20.4	12.9156966831434	-999.9	0	4.64120370370369	10.9186879000517	330
MAPLE_PLAINS	2016	9	13	257	11.6	23.1	14.9597772905876	-999.9	0	3.31018518518519	14.0068665921801	330
MAPLE_PLAINS	2016	9	14	258	11.2	22.5	14.6776412896054	-999.9	10.6	3.69212962962964	16.2224769452616	330
MAPLE_PLAINS	2016	9	15	259	2.5	14.7	15.0931823694843	-999.9	0.2	2.99768518518519	9.78354969130114	330
MAPLE_PLAINS	2016	9	16	260	2	19.2	17.7334086477287	-999.9	0.2	2.37268518518519	10.4718307604564	330
MAPLE_PLAINS	2016	9	17	261	11.3	21.2	13.3111685483734	-999.9	0	3.34490740740742	13.6198569006655	330
MAPLE_PLAINS	2016	9	18	262	14.6	17.8	7.4866571000687	-999.9	6.2	3.59953703703703	17.2067976443942	330
MAPLE_PLAINS	2016	9	19	263	16.1	18.8	6.80226126577254	-999.9	3.4	1.08695652173913	18.5702024696156	330
MAPLE_PLAINS	2016	9	20	264	14.7	19.5	8.9700525220335	-999.9	0	1.96759259259259	17.7613825170832	330
MAPLE_PLAINS	2016	9	21	265	14.3	23.7	12.4132671684936	-999.9	0	2.91666666666667	15.8639231880746	330
MAPLE_PLAINS	2016	9	22	266	7.6	18.6	13.277357100866	-999.9	0	2.15277777777778	11.6921466166893	330
MAPLE_PLAINS	2016	9	23	267	5.7	12.8	10.5458933951321	-999.9	15.2	1.55092592592593	11.9022285336938	330
MAPLE_PLAINS	2016	9	24	268	1.3	13.2	13.4962436640794	-999.9	0.2	1.55092592592593	8.64744245677918	330
MAPLE_PLAINS	2016	9	25	269	5.3	11.6	9.70603429963626	-999.9	6.2	2.91666666666667	8.42869194917576	330
MAPLE_PLAINS	2016	9	26	270	3.1	13.2	12.1454010391625	-999.9	1.8	2.28009259259259	8.57313964572887	330
MAPLE_PLAINS	2016	9	27	271	8.2	11.4	6.75544502263443	-999.9	0.4	2.75462962962963	9.83371815785418	330
MAPLE_PLAINS	2016	9	28	272	7.6	14.5	9.80122177568989	-999.9	0.2	2.24537037037037	10.0056194260503	330
MAPLE_PLAINS	2016	9	29	273	0.8	12.9	12.8225593103703	-999.9	0.2	3.21759259259258	10.0695252603775	330
MAPLE_PLAINS	2016	9	30	274	-1.6	16.4	15.4488136089339	-999.9	0	0.995370370370369	8.33212024230864	330
MAPLE_PLAINS	2016	10	1	275	2.3	17.4	13.9757644846978	-999.9	0	0.70601851851852	9.59948648401514	330
MAPLE_PLAINS	2016	10	2	276	5.5	16.1	11.5643322130086	-999.9	0.6	1.34259259259259	10.9768491199244	330
MAPLE_PLAINS	2016	10	3	277	-2.2	11.4	12.9351334647252	-999.9	1.6	3.69212962962964	8.86539285569547	330
MAPLE_PLAINS	2016	10	4	278	-3.4	13.2	14.1105422616812	-999.9	0.2	1.04166666666667	6.94163545346807	330
MAPLE_PLAINS	2016	10	5	279	0.7	19.2	14.7068348156275	-999.9	0	1.78240740740741	9.93061398560532	330
MAPLE_PLAINS	2016	10	6	280	2.1	20	14.2810531998482	-999.9	0.2	1.28472222222222	10.7726558139382	330
MAPLE_PLAINS	2016	10	7	281	4	21.4	13.8984591602188	-999.9	0.2	1.11111111111111	12.0867571799249	330
MAPLE_PLAINS	2016	10	8	282	5.7	22.2	13.3583118869015	-999.9	0	2.89351851851853	12.1894955382889	330
MAPLE_PLAINS	2016	10	9	283	9.2	16	8.46335007125496	-999.9	1	2.74305555555556	13.3714011435	330
MAPLE_PLAINS	2016	10	10	284	6.6	9.1	5.06405290857899	-999.9	51.2	7.97453703703703	9.7342890944102	330
MAPLE_PLAINS	2016	10	11	285	2.3	10.7	9.15950373728834	-999.9	0	3.48379629629631	7.43633730590847	330
MAPLE_PLAINS	2016	10	12	286	2.1	17	12.0363504449814	-999.9	0	2.16183574879227	9.97657902756279	330
MAPLE_PLAINS	2016	10	13	287	9.2	18.7	9.48199903673353	-999.9	0.2	3.55324074074075	12.5557887125812	330
MAPLE_PLAINS	2016	10	14	288	6.6	12.8	7.55682177664463	-999.9	0.6	3.41435185185186	8.92269743779258	330
MAPLE_PLAINS	2016	10	15	289	-2.6	9.7	10.499577235084	-999.9	0	2.04861111111111	6.22128996900838	330
MAPLE_PLAINS	2016	10	16	290	-2.8	14.5	12.282616224121	-999.9	0	3.125	8.07253645171874	330
MAPLE_PLAINS	2016	10	17	291	5.5	14.6	8.78641682131521	-999.9	2.6	2.30324074074074	11.3508141956281	330
MAPLE_PLAINS	2016	10	18	292	1.2	11.4	9.17468806268288	-999.9	0.2	2.82407407407408	8.97119678454259	330
MAPLE_PLAINS	2016	10	19	293	10.7	19.2	8.25999665060868	-999.9	1.8	4.69907407407408	13.4723379412587	330
MAPLE_PLAINS	2016	10	20	294	2.5	12.5	8.83549715805053	-999.9	0	2.16435185185185	8.31419684057101	330
MAPLE_PLAINS	2016	10	21	295	8.2	13.7	6.4618479644729	-999.9	3.2	5.50925925925925	11.3510605399599	330
MAPLE_PLAINS	2016	10	22	296	14	19.3	6.25524116490681	-999.9	38	5.46296296296297	17.5207040292632	330
MAPLE_PLAINS	2016	10	23	297	5.8	15.8	8.4727775474923	-999.9	0	5.81018518518519	9.13711443096238	330
MAPLE_PLAINS	2016	10	24	298	5	9.5	5.60458429001313	-999.9	0	5.74074074074075	6.1258383475743	330
MAPLE_PLAINS	2016	10	25	299	-1.3	4.9	6.48692409345061	-999.9	1.2	2.65046296296296	6.58729831111313	330
MAPLE_PLAINS	2016	10	26	300	-2.5	6	7.48954878590387	-999.9	16.4	2.28009259259259	7.09007610783069	330
MAPLE_PLAINS	2016	10	27	301	-2.2	5.4	6.98323447445616	-999.9	0.6	2.55787037037037	5.92409432269139	330
MAPLE_PLAINS	2016	10	28	302	-3.4	6.1	7.69872504604163	-999.9	3.2	2.74305555555556	6.32086002748163	330
MAPLE_PLAINS	2016	10	29	303	5.1	10.2	5.56232092541148	-999.9	10.4	3.76157407407408	10.0858887478153	330
MAPLE_PLAINS	2016	10	30	304	4.9	8	4.27637567229856	-999.9	8.8	2.77777777777778	9.07837717089368	330
MAPLE_PLAINS	2016	10	31	305	4.4	6.6	3.55258052146709	-999.9	1.2	1.58564814814815	8.47390537240309	330
MAPLE_PLAINS	2016	11	1	306	3.7	6.1	3.65925668610602	-999.9	1.2	2.98611111111111	7.95472061907669	330
MAPLE_PLAINS	2016	11	2	307	2.2	7.6	5.41326788859414	-999.9	0.4	1.19212962962963	8.16152206822052	330
MAPLE_PLAINS	2016	11	3	308	4.6	7.7	4.04523112048051	-999.9	1	1.25	8.49426112399672	330
MAPLE_PLAINS	2016	11	4	309	1.3	5.5	4.64424695882068	-999.9	4.4	2.08333333333333	7.89588114723716	330
MAPLE_PLAINS	2016	11	5	310	0.8	3.2	3.46303363647219	-999.9	0	2.04861111111111	5.43323612013848	330
MAPLE_PLAINS	2016	11	6	311	1.2	4.6	4.06618639009817	-999.9	1.2	1.95601851851852	6.48559029423203	330
MAPLE_PLAINS	2016	11	7	312	-3	5.2	6.23005572113053	-999.9	0	1.63194444444444	5.4121749920073	330
MAPLE_PLAINS	2016	11	8	313	-3.3	10.3	7.91655655277961	-999.9	0	1.75925925925926	6.28242137687605	330
MAPLE_PLAINS	2016	11	9	314	-2.8	11.5	8.0106128586288	-999.9	2.8	1.70138888888889	7.54484300946232	330
MAPLE_PLAINS	2016	11	10	315	1.5	4.4	3.56025407785775	-999.9	0.4	2.73148148148148	5.78885306022573	330
MAPLE_PLAINS	2016	11	11	316	2.6	8.1	4.83955584090996	-999.9	2.4	4.46759259259258	7.80920564592297	330
MAPLE_PLAINS	2016	11	12	317	-0.5	5.3	4.90617221728626	-999.9	3.4	4.59490740740742	5.3258512560021	330
MAPLE_PLAINS	2016	11	13	318	3.6	8.2	4.31399306089414	-999.9	0	4.22453703703703	6.240121855442	330
MAPLE_PLAINS	2016	11	14	319	-2.2	12	7.48493856774004	-999.9	0.4	2.38425925925926	7.84165549345624	330
MAPLE_PLAINS	2016	11	15	320	-3.2	9.6	7.01890180215078	-999.9	0	1.09953703703704	7.13372076806824	330
MAPLE_PLAINS	2016	11	16	321	5.1	12.1	5.12760668327519	-999.9	12.8	4.47916666666667	10.7509770925281	330
MAPLE_PLAINS	2016	11	17	322	5.4	10.1	4.15147446133486	-999.9	1.2	2.43055555555556	10.3526588664755	330
MAPLE_PLAINS	2016	11	18	323	3.9	5.5	2.39382470705517	-999.9	0.2	4.44444444444444	8.1346735995815	330
MAPLE_PLAINS	2016	11	19	324	3.8	7.1	3.39832040267853	-999.9	3	4.54861111111111	8.46405434986794	330
MAPLE_PLAINS	2016	11	20	325	6.7	13.6	4.85856410374891	-999.9	1.4	3.53009259259258	11.5191993796348	330
MAPLE_PLAINS	2016	11	21	326	4	11.1	4.87410194634514	-999.9	0.8	3.81944444444444	8.24356097829286	330
MAPLE_PLAINS	2016	11	22	327	0.7	4	3.28711891685253	-999.9	0.6	3.46064814814814	5.68487707464921	330
MAPLE_PLAINS	2016	11	23	328	-0.6	3	3.39718058202571	-999.9	6	3.71527777777778	6.32703015276456	330
MAPLE_PLAINS	2016	11	24	329	-0.5	2.1	2.85748431673621	-999.9	0.2	3.18287037037036	5.37845994171384	330
MAPLE_PLAINS	2016	11	25	330	0	2.5	2.77410408385621	-999.9	0	0.798611111111111	5.47920340472933	330
MAPLE_PLAINS	2016	11	26	331	-3.2	4.4	4.7901127778002	-999.9	0.2	1.59722222222222	5.7465622797406	330
MAPLE_PLAINS	2016	11	27	332	-1.8	3.9	4.10958531830585	-999.9	3.2	5.49768518518519	5.90089398950486	330
MAPLE_PLAINS	2016	11	28	333	-2.3	0.6	2.90483439574889	-999.9	0	4.01620370370369	5.49841916248014	330
MAPLE_PLAINS	2016	11	29	334	-2.4	0.4	2.82948916293629	-999.9	0.2	2.17592592592593	5.43004871781181	330
MAPLE_PLAINS	2016	11	30	335	-1.3	0.9	2.48711804519432	-999.9	8	3.14814814814814	5.75712207789244	330
MAPLE_PLAINS	2016	12	1	336	-0.7	3.3	3.32678665321707	-999.9	4.6	6.14583333333333	5.83361996527538	330
MAPLE_PLAINS	2016	12	2	337	-0.5	3.4	3.25983299976202	-999.9	2.8	4.35185185185186	6.45123402393053	330
MAPLE_PLAINS	2016	12	3	338	-0.5	1.9	2.53862858408122	-999.9	2.8	3.18287037037036	6.06910337110748	330
MAPLE_PLAINS	2016	12	4	339	-3.1	-0.4	2.67406762803703	-999.9	0.4	3.65740740740742	4.6139889071756	330
MAPLE_PLAINS	2016	12	5	340	-3.7	-1.9	2.16917245218301	-999.9	0	2.46527777777778	3.92070445427353	330
MAPLE_PLAINS	2016	12	6	341	-3.6	-2.1	1.9680896322826	-999.9	0	2.78935185185186	3.93070743045614	330
MAPLE_PLAINS	2016	12	7	342	-3.6	-0.5	2.8131905130314	-999.9	0	1.70138888888889	4.30523220147636	330
MAPLE_PLAINS	2016	12	8	343	-2.3	0.6	2.70655797480738	-999.9	0	1.44675925925926	5.5703682668863	330
MAPLE_PLAINS	2016	12	9	344	-3.6	-1.2	2.45023713688212	-999.9	0.2	4.25925925925925	4.26852562606268	330
MAPLE_PLAINS	2016	12	10	345	-10.8	-4.7	3.8890060597787	-999.9	0.2	4.56018518518519	2.4621305297764	330
MAPLE_PLAINS	2016	12	11	346	-10.5	-6.4	3.17560566960631	-999.9	0	4.66435185185186	2.27095866209569	330
MAPLE_PLAINS	2016	12	12	347	-14.6	-3.7	5.15942149814657	-999.9	7.5	2.96296296296297	2.8819622483862	330
MAPLE_PLAINS	2016	12	13	348	-6	-1.4	3.34129004696313	-999.9	5.3	2.60416666666667	4.7977027161874	330
MAPLE_PLAINS	2016	12	14	349	-6.6	0.7	4.197981458716	-999.9	1	3.04398148148147	4.56304983831143	330
MAPLE_PLAINS	2016	12	15	350	-16.5	-5.9	5.0474711371531	-999.9	3.1	2.88194444444444	2.75139426385122	330
MAPLE_PLAINS	2016	12	16	351	-16.8	-12.8	3.09522439012645	-999.9	0.4	8.22916666666667	1.56245611962758	330
MAPLE_PLAINS	2016	12	17	352	-17.7	-1.7	6.18249680891359	-999.9	2.2	4.31712962962964	2.26384102383073	330
MAPLE_PLAINS	2016	12	18	353	-1.4	9.4	5.07526747320098	-999.9	9.4	5.89120370370369	6.88635202461248	330
MAPLE_PLAINS	2016	12	19	354	-18.4	-1.5	6.34651777887367	-999.9	0	3.76157407407408	1.94413713766286	330
MAPLE_PLAINS	2016	12	20	355	-20.2	-4.7	6.07862438135912	-999.9	0	2.25694444444444	1.96668852777202	330
MAPLE_PLAINS	2016	12	21	356	-4.8	0.7	3.62301655539445	-999.9	0	4.08564814814814	4.31456520748672	330
MAPLE_PLAINS	2016	12	22	357	-4.9	0.7	3.65960663459658	-999.9	0	2.09490740740741	4.91343398991068	330
MAPLE_PLAINS	2016	12	23	358	-3.5	-0.8	2.54492512279325	-999.9	0.7	2.03703703703704	5.09986116465088	330
MAPLE_PLAINS	2016	12	24	359	-5.8	2.4	4.4437869472344	-999.9	2	3.28703703703703	5.68425636034475	330
MAPLE_PLAINS	2016	12	25	360	-6.1	0.6	4.02657846837753	-999.9	0	6.99074074074075	3.84951641568473	330
MAPLE_PLAINS	2016	12	26	361	-10.9	-6.6	3.23506723434463	-999.9	1.3	3.17129629629631	2.56974998133525	330
MAPLE_PLAINS	2016	12	27	362	-6.8	5.9	5.57824279326303	-999.9	2.4	5.82175925925925	5.50817950777472	330
MAPLE_PLAINS	2016	12	28	363	-5.3	-0.1	3.58292631594661	-999.9	1.8	1.96759259259259	4.74385336880209	330
MAPLE_PLAINS	2016	12	29	364	-4	-0.4	2.99378125700339	-999.9	0.5	2.52314814814815	4.90978485433514	330
MAPLE_PLAINS	2016	12	30	365	-1.2	3.9	3.57994203212169	-999.9	7	7.87037037037036	5.90945115932174	330
MAPLE_PLAINS	2016	12	31	366	-9.2	-0.2	4.77992430828072	-999.9	0.2	3.92361111111111	2.7761989854687	330
