MAPLE_PLAINS	2010	1	1	1	-18.3	-4.3	5.96158481510935	-999.9	0	1.16898148148148	2.36947815093198	330
MAPLE_PLAINS	2010	1	2	2	-4.3	1.9	3.98916602662185	-999.9	10.4	6.59722222222222	4.93253856240465	330
MAPLE_PLAINS	2010	1	3	3	-2.5	2.3	3.53082407382158	-999.9	13	6.53935185185186	5.48704023112398	330
MAPLE_PLAINS	2010	1	4	4	-3.6	-1.3	2.45960764915871	-999.9	5.2	2.93981481481481	4.74585132103173	330
MAPLE_PLAINS	2010	1	5	5	-5.1	-3.5	2.06529483762752	-999.9	1.4	2.7662037037037	4.38365387719202	330
MAPLE_PLAINS	2010	1	6	6	-5.9	-4.6	1.8749247276458	-999.9	0	2.96296296296297	3.86153556835428	330
MAPLE_PLAINS	2010	1	7	7	-4.7	-2	2.72238881435433	-999.9	0	3.51851851851853	4.12720081846595	330
MAPLE_PLAINS	2010	1	8	8	-3.6	-2.1	2.04518189936782	-999.9	0.4	3.04398148148147	4.07564700308299	330
MAPLE_PLAINS	2010	1	9	9	-5	-2.7	2.55344185328245	-999.9	0.4	4.02777777777778	4.05598124762093	330
MAPLE_PLAINS	2010	1	10	10	-12.4	-4.8	4.68163912787753	-999.9	0	2.91666666666667	2.93876812520424	330
MAPLE_PLAINS	2010	1	11	11	-13	-6.7	4.30070202792481	-999.9	0	3.59953703703703	2.23834004104462	330
MAPLE_PLAINS	2010	1	12	12	-10	-8.2	2.32021132044218	-999.9	0	3.61111111111111	2.34883757698235	330
MAPLE_PLAINS	2010	1	13	13	-9	-4.2	3.82537226287466	-999.9	0.2	3.86574074074075	3.36069721180102	330
MAPLE_PLAINS	2010	1	14	14	-5	-3.5	2.15970949416779	-999.9	0	2.17592592592593	4.17528080616456	330
MAPLE_PLAINS	2010	1	15	15	-3.5	0	3.33280840375167	-999.9	0	3.75	4.74185340603412	330
MAPLE_PLAINS	2010	1	16	16	-6.8	-0.3	4.58970457544614	-999.9	1.1	3.63425925925925	4.27671147905868	330
MAPLE_PLAINS	2010	1	17	17	-18.3	-7.3	6.03526450343734	-999.9	0.2	3.03240740740742	1.787901617093	330
MAPLE_PLAINS	2010	1	18	18	-18.1	-3.6	7.00601565603806	-999.9	0	2.36111111111111	2.74091353217144	330
MAPLE_PLAINS	2010	1	19	19	-10	-1.1	5.55110559384427	-999.9	0	1.84027777777778	3.69372252374736	330
MAPLE_PLAINS	2010	1	20	20	-8.7	-1.9	4.90841849380495	-999.9	0	2.30324074074074	4.00462197527125	330
MAPLE_PLAINS	2010	1	21	21	-4.6	-2.1	3.01134176500105	-999.9	0	4.21296296296297	3.92773630147322	330
MAPLE_PLAINS	2010	1	22	22	-9.4	-4.2	4.395314244193	-999.9	0	3.47222222222222	2.78656309044525	330
MAPLE_PLAINS	2010	1	23	23	-9.9	-7.3	3.14603460320421	-999.9	0	3.58796296296297	2.24134516180215	330
MAPLE_PLAINS	2010	1	24	24	-16.8	-4.8	6.84291949407279	-999.9	0	2.11805555555556	2.09952882889619	330
MAPLE_PLAINS	2010	1	25	25	-17.6	2.7	9.01266757074166	-999.9	0.2	4.98842592592592	3.18759081515097	330
MAPLE_PLAINS	2010	1	26	26	-2.7	5.1	5.65825951202238	-999.9	9.4	7.11805555555556	6.7854047778084	330
MAPLE_PLAINS	2010	1	27	27	-3.5	1.7	4.67991943033538	-999.9	0	2.98611111111111	4.5920253081294	330
MAPLE_PLAINS	2010	1	28	28	-5.6	1.8	5.65613673491935	-999.9	0.5	1.36574074074074	4.81610442140388	330
MAPLE_PLAINS	2010	1	29	29	-9.5	-2.4	5.61386653444544	-999.9	5.4	5.17361111111111	4.18967987978435	330
MAPLE_PLAINS	2010	1	30	30	-12	-9.2	3.57270980024133	-999.9	0.2	6.94444444444445	2.11581752923846	330
MAPLE_PLAINS	2010	1	31	31	-15.8	-12.4	3.99021630888358	-999.9	0	3.69212962962964	1.43066326850582	330
MAPLE_PLAINS	2010	2	1	32	-14.6	-10.2	4.6011838406028	-999.9	0.2	4.18981481481481	1.49460256920777	330
MAPLE_PLAINS	2010	2	2	33	-19.7	-13.5	5.53692995821041	-999.9	0.2	4.10879629629631	0.850060753658904	330
MAPLE_PLAINS	2010	2	3	34	-25.1	-10	8.76054278946181	-999.9	0	0.972222222222222	1.04336508548007	330
MAPLE_PLAINS	2010	2	4	35	-22.5	-7	8.999388652019	-999.9	0	1.94444444444444	1.49123696236525	330
MAPLE_PLAINS	2010	2	5	36	-16.3	-12.1	4.75015322701523	-999.9	0	4.18981481481481	1.38421133507971	330
MAPLE_PLAINS	2010	2	6	37	-16.3	-8.9	6.39384172716201	-999.9	0	3.21759259259258	1.78098318159	330
MAPLE_PLAINS	2010	2	7	38	-8.3	-2.8	5.59002541241625	-999.9	1.8	4.24768518518519	4.26329305797831	330
MAPLE_PLAINS	2010	2	8	39	-4.3	-3	2.75619622610691	-999.9	2.8	3.61111111111111	4.66800975653883	330
MAPLE_PLAINS	2010	2	9	40	-13.2	-4.3	7.3140078911102	-999.9	1.6	3.92361111111111	3.47682066061371	330
MAPLE_PLAINS	2010	2	10	41	-17.1	-5.4	8.50526211246569	-999.9	0	1.2962962962963	2.68580515135162	330
MAPLE_PLAINS	2010	2	11	42	-5.6	-2.4	4.51141774697087	-999.9	0	5.63657407407408	3.95656039065335	330
MAPLE_PLAINS	2010	2	12	43	-3.9	-2	3.52584911203912	-999.9	0.6	4.51388888888889	4.50084260544642	330
MAPLE_PLAINS	2010	2	13	44	-3.9	0.3	5.31695244335309	-999.9	0	3.71527777777778	3.90937657207447	330
MAPLE_PLAINS	2010	2	14	45	-3.7	-2	3.43093902753271	-999.9	0.2	3.11342592592592	4.49430912844458	330
MAPLE_PLAINS	2010	2	15	46	-4.4	-2.9	3.26874274260738	-999.9	2.8	2.28009259259259	4.42806794611084	330
MAPLE_PLAINS	2010	2	16	47	-5.4	-2.2	4.84228008061368	-999.9	0.6	2.44212962962963	4.24513926055615	330
MAPLE_PLAINS	2010	2	17	48	-4.5	-3.4	2.87939643991546	-999.9	1.5	5.97222222222222	4.32104927648452	330
MAPLE_PLAINS	2010	2	18	49	-4.9	-3.6	3.17464137063606	-999.9	0	1.16898148148148	4.37049882917759	330
MAPLE_PLAINS	2010	2	19	50	-5.8	-2.9	4.80866928265327	-999.9	0	2.03703703703704	4.25858944540063	330
MAPLE_PLAINS	2010	2	20	51	-7	-2.8	5.86861987491552	-999.9	0.8	4.79166666666667	3.93058337036852	330
MAPLE_PLAINS	2010	2	21	52	-5.7	-4.6	3.04560219819207	-999.9	2.6	3.37962962962964	4.03425594712437	330
MAPLE_PLAINS	2010	2	22	53	-6	-2.7	5.34905472837008	-999.9	0.4	2.56944444444444	4.01418175725142	330
MAPLE_PLAINS	2010	2	23	54	-4.9	-0.7	6.118760379539	-999.9	0	3.125	4.2125782488616	330
MAPLE_PLAINS	2010	2	24	55	-3.2	0.9	6.1294682319138	-999.9	0	4.76851851851853	4.58451393971985	330
MAPLE_PLAINS	2010	2	25	56	-4.2	1.2	7.13166768147382	-999.9	0	6.00694444444445	4.37821102379932	330
MAPLE_PLAINS	2010	2	26	57	-2.4	1.8	6.37604709200635	-999.9	6.5	8.99305555555556	4.92876175970286	330
MAPLE_PLAINS	2010	2	27	58	-0.7	1.5	4.67776372993822	-999.9	3	6.15740740740742	5.74289789790945	330
MAPLE_PLAINS	2010	2	28	59	-2.7	0.6	5.80697021611939	-999.9	0	4.34027777777778	5.05991683139951	330
MAPLE_PLAINS	2010	3	1	60	-3.1	-1.4	4.22422140025556	-999.9	11.6	7.1875	4.9802404693197	330
MAPLE_PLAINS	2010	3	2	61	-4.5	-3.2	3.7435680159365	-999.9	0	5.77546296296297	4.20594495633411	330
MAPLE_PLAINS	2010	3	3	62	-4.6	-3.1	4.07485555303553	-999.9	0	4.02777777777778	4.15216413130469	330
MAPLE_PLAINS	2010	3	4	63	-6.1	-3	5.93552563460827	-999.9	0.6	5.37037037037036	4.26000340138865	330
MAPLE_PLAINS	2010	3	5	64	-5.8	-3.9	4.70787247704647	-999.9	0	8.19444444444445	3.47255451439197	330
MAPLE_PLAINS	2010	3	6	65	-8	1.4	10.6081055960598	-999.9	0	2.99768518518519	3.34119790822523	330
MAPLE_PLAINS	2010	3	7	66	-12.4	2.2	13.3915716978866	-999.9	0	1.46990740740741	3.54191619128959	330
MAPLE_PLAINS	2010	3	8	67	-4.5	4.6	10.7080658718189	-999.9	0	2.53472222222222	4.66921038567698	330
MAPLE_PLAINS	2010	3	9	68	-7.5	-0.7	9.37417110131659	-999.9	0	2.63888888888889	3.30855263934906	330
MAPLE_PLAINS	2010	3	10	69	-7.4	1.5	10.8595868634286	-999.9	0	2.00231481481481	3.48617262059503	330
MAPLE_PLAINS	2010	3	11	70	-10.9	0.1	12.2237741021131	-999.9	0	0.972222222222222	3.30534649260565	330
MAPLE_PLAINS	2010	3	12	71	-11.7	2.1	13.8608235625048	-999.9	0	1.53935185185185	3.34238208811639	330
MAPLE_PLAINS	2010	3	13	72	-12.7	1.3	14.13197915933	-999.9	0	1.19212962962963	3.40669164350179	330
MAPLE_PLAINS	2010	3	14	73	-6.6	5.2	13.131598042316	-999.9	0	2.21064814814815	3.98501883105795	330
MAPLE_PLAINS	2010	3	15	74	-9.5	3.7	14.055571234605	-999.9	0	2.75462962962963	4.10605206642909	330
MAPLE_PLAINS	2010	3	16	75	-4	4.1	11.1412938898029	-999.9	0	1.875	4.70462839930386	330
MAPLE_PLAINS	2010	3	17	76	-7.6	8.1	15.6935244513508	-999.9	0	1.94444444444444	4.16597242371064	330
MAPLE_PLAINS	2010	3	18	77	-4.1	7.6	13.7052343448704	-999.9	0	2.89351851851853	4.96838175441288	330
MAPLE_PLAINS	2010	3	19	78	-6.4	6.4	14.4999380976241	-999.9	0	1.57407407407407	4.31223572393624	330
MAPLE_PLAINS	2010	3	20	79	3	12.1	12.3649883869827	-999.9	0	2.67361111111111	5.97632720571505	330
MAPLE_PLAINS	2010	3	21	80	-2	3.2	9.45214293421342	-999.9	0.8	2.55787037037037	3.93340720946654	330
MAPLE_PLAINS	2010	3	22	81	-1.2	3.5	9.08607723131628	-999.9	0.6	1.59722222222222	5.63038718191187	330
MAPLE_PLAINS	2010	3	23	82	-1.4	-0.4	4.23710545320215	-999.9	18	4.49074074074075	5.35785754065902	330
MAPLE_PLAINS	2010	3	24	83	-3.4	2.1	10.0446526436127	-999.9	29.5	5.45138888888889	5.46215716670728	330
MAPLE_PLAINS	2010	3	25	84	-4.3	6.1	13.9603643907983	-999.9	0	5.61342592592592	4.59420794346732	330
MAPLE_PLAINS	2010	3	26	85	-7.1	4.2	14.7057684700154	-999.9	1.3	4.73379629629631	3.39736337681244	330
MAPLE_PLAINS	2010	3	27	86	-14.4	-7.3	11.7784393591248	-999.9	0	4.02777777777778	2.01861457148761	330
MAPLE_PLAINS	2010	3	28	87	-15.4	-0.6	17.1807034348322	-999.9	0	2.70833333333333	2.60823235462202	330
MAPLE_PLAINS	2010	3	29	88	-2.6	4	11.5897696165221	-999.9	0	6.77083333333333	5.21158649447764	330
MAPLE_PLAINS	2010	3	30	89	-1.1	5.7	11.882043225827	-999.9	12.3	2.91666666666667	6.8329544626567	330
MAPLE_PLAINS	2010	3	31	90	-2.3	2.3	9.86939152977758	-999.9	16	5.15046296296297	6.07569203525472	330
MAPLE_PLAINS	2010	4	1	91	-4.3	-1.3	8.04799564819121	-999.9	0.2	2.30324074074074	4.77255852047604	330
MAPLE_PLAINS	2010	4	2	92	-4.5	1.7	11.6809824152239	-999.9	0	1.89814814814815	5.02986585934092	330
MAPLE_PLAINS	2010	4	3	93	-1.6	-0.5	4.9668039125314	-999.9	0.2	3.83101851851853	5.40666191053585	330
MAPLE_PLAINS	2010	4	4	94	8	21	17.2456815659141	-999.9	0	2.82407407407408	10.2747347164903	330
MAPLE_PLAINS	2010	4	5	95	7.5	17.5	15.2644098809586	-999.9	0	2.73148148148148	8.69804758886778	330
MAPLE_PLAINS	2010	4	6	96	7	14.5	13.3389856933553	-999.9	0	4.29398148148147	8.27861973842301	330
MAPLE_PLAINS	2010	4	7	97	2.5	10.5	13.8992122409376	-999.9	5	2.44212962962963	8.83555623030038	330
MAPLE_PLAINS	2010	4	8	98	0.3	5.5	11.2974091477697	-999.9	0.2	3.59903381642511	4.61310552145333	330
MAPLE_PLAINS	2010	4	9	99	-0.8	8.9	15.5634109588281	-999.9	0	6.30050505050506	6.71061255299493	330
MAPLE_PLAINS	2010	4	10	100	3	8.4	11.7111224481907	-999.9	0.8	6.15740740740742	7.39167773153843	330
MAPLE_PLAINS	2010	4	11	101	2.9	10.6	14.1016792418723	-999.9	0	5.24305555555556	4.96607076654184	330
MAPLE_PLAINS	2010	4	12	102	1.1	8.2	13.6527363280679	-999.9	0	3.02083333333333	5.02026685009679	330
MAPLE_PLAINS	2010	4	13	103	-3.6	4.1	14.3331724032235	-999.9	0	2.89351851851853	4.62450083078076	330
MAPLE_PLAINS	2010	4	14	104	-6.4	8.7	20.2317476851856	-999.9	0	2.40740740740741	5.05950979305269	330
MAPLE_PLAINS	2010	4	15	105	-1.5	3.3	11.4962237957821	-999.9	0	2.87037037037036	5.62092234384369	330
MAPLE_PLAINS	2010	4	16	106	-2.5	2.3	11.5847523671984	-999.9	0	6.73611111111111	4.62079454561378	330
MAPLE_PLAINS	2010	4	17	107	-1.7	2.1	10.3855990644929	-999.9	0.8	4.58333333333333	5.63361125774438	330
MAPLE_PLAINS	2010	4	18	108	-1.5	1.8	9.75017964424895	-999.9	8.8	3.56481481481481	5.70822841000913	330
MAPLE_PLAINS	2010	4	19	109	-2	1	9.36428568455284	-999.9	16.6	6.92129629629631	5.65681856194824	330
MAPLE_PLAINS	2010	4	20	110	-3	0.1	9.58729211932658	-999.9	2.5	6.00694444444445	4.99479828449271	330
MAPLE_PLAINS	2010	4	21	111	-2.9	8.6	18.5955082817823	-999.9	0	2.4537037037037	5.72194623081796	330
MAPLE_PLAINS	2010	4	22	112	0.4	14.2	20.5109542306151	-999.9	0.3	1.85185185185185	7.29829097964825	330
MAPLE_PLAINS	2010	4	23	113	-0.7	11	19.013840720005	-999.9	0	3.10185185185186	6.56594334814658	330
MAPLE_PLAINS	2010	4	24	114	-2.3	9.9	19.5447936705839	-999.9	0	2.63888888888889	6.26407173412503	330
MAPLE_PLAINS	2010	4	25	115	-1.9	12.9	21.6670703518676	-999.9	0	2.8125	7.0129172728638	330
MAPLE_PLAINS	2010	4	26	116	0.8	13.9	20.5148009183895	-999.9	0	3.61111111111111	7.3908409124667	330
MAPLE_PLAINS	2010	4	27	117	0	2.6	9.19655297887678	-999.9	0.7	4.15509259259258	6.13729774018357	330
MAPLE_PLAINS	2010	4	28	118	-2	2.5	12.1729569585377	-999.9	3.1	2.46527777777778	5.80828642197181	330
MAPLE_PLAINS	2010	4	29	119	-2.3	6.5	17.1248800521181	-999.9	1	2.1875	5.5090092084599	330
MAPLE_PLAINS	2010	4	30	120	-2.5	4.2	15.0302148148922	-999.9	3.7	4.13194444444444	5.99207629361366	330
MAPLE_PLAINS	2010	5	1	121	-2.7	8.9	19.8904149315991	-999.9	0	3.46064814814814	6.00078184802736	330
MAPLE_PLAINS	2010	5	2	122	-2.3	17.4	26.0663827718018	-999.9	0	3.42592592592592	7.7037998121898	330
MAPLE_PLAINS	2010	5	3	123	9.6	19.2	18.2962501948186	-999.9	1.6	3.10185185185186	11.7968126752303	330
MAPLE_PLAINS	2010	5	4	124	0.1	14.1	22.2134282066764	-999.9	0	4.90740740740742	8.13083529907783	330
MAPLE_PLAINS	2010	5	5	125	-2	9.7	20.4134374227678	-999.9	0	2.53472222222222	6.56592202367874	330
MAPLE_PLAINS	2010	5	6	126	0.3	15.6	23.4632070962348	-999.9	5.8	3.59953703703703	8.54334682036693	330
MAPLE_PLAINS	2010	5	7	127	5.3	13.1	16.8366031983846	-999.9	0.4	6.26157407407408	7.54048216672068	330
MAPLE_PLAINS	2010	5	8	128	4.7	13.2	17.6615771953585	-999.9	2.8	4.10879629629631	7.35176989402981	330
MAPLE_PLAINS	2010	5	9	129	5	11.1	15.0329900496152	-999.9	7.2	5.18518518518519	8.25849770407129	330
MAPLE_PLAINS	2010	5	10	130	3.5	6.9	11.2753019762994	-999.9	0	2.80092592592592	7.16112360773509	330
MAPLE_PLAINS	2010	5	11	131	2.2	7.2	13.7350449963078	-999.9	0	2.5	6.7571761787781	330
MAPLE_PLAINS	2010	5	12	132	-3.6	10.1	22.8354758064602	-999.9	0	1.66666666666667	5.72821148776467	330
MAPLE_PLAINS	2010	5	13	133	1.4	10.9	19.0969873377165	-999.9	0	2.98611111111111	6.31771608838002	330
MAPLE_PLAINS	2010	5	14	134	-1.9	9.6	21.098620977684	-999.9	0	2.33796296296296	6.02270048392455	330
MAPLE_PLAINS	2010	5	15	135	2.5	8.8	15.6792963194748	-999.9	0	2.65046296296296	6.31690211131779	330
MAPLE_PLAINS	2010	5	16	136	1.7	10.2	18.2837880180223	-999.9	0	4.17824074074075	6.73303204742852	330
MAPLE_PLAINS	2010	5	17	137	1.1	10.2	18.9901036075162	-999.9	0	4.86111111111111	7.18332057719085	330
MAPLE_PLAINS	2010	5	18	138	-0.8	20.6	29.2289468907877	-999.9	0	2.07175925925926	8.23731306139111	330
MAPLE_PLAINS	2010	5	19	139	8.5	19.3	20.8385614598499	-999.9	1.3	3.66898148148147	9.21706622503715	330
MAPLE_PLAINS	2010	5	20	140	6.4	12.2	15.3239091861512	-999.9	0.2	3.71527777777778	10.8206848136825	330
MAPLE_PLAINS	2010	5	21	141	2.7	11.6	19.0458619406981	-999.9	0	2.92824074074075	6.66148664131142	330
MAPLE_PLAINS	2010	5	22	142	4.1	19.9	25.4586144122136	-999.9	0	4.97685185185186	8.22979985906516	330
MAPLE_PLAINS	2010	5	23	143	10.9	22.1	21.5013905316165	-999.9	0	4.69907407407408	10.4783091857308	330
MAPLE_PLAINS	2010	5	24	144	9.5	26.9	26.8803168736139	-999.9	0	3.10185185185186	12.50423497823	330
MAPLE_PLAINS	2010	5	25	145	6.9	12.4	15.1563425761832	-999.9	14.9	1.8287037037037	10.7406526971411	330
MAPLE_PLAINS	2010	5	26	146	0.2	7.9	17.9830352011279	-999.9	0.5	2.93981481481481	7.92888476032931	330
MAPLE_PLAINS	2010	5	27	147	2.5	8.8	16.3096217714781	-999.9	0	5.81018518518519	7.32958309278168	330
MAPLE_PLAINS	2010	5	28	148	3.5	9.1	15.4161237957491	-999.9	0.3	4.08564814814814	7.96361447756153	330
MAPLE_PLAINS	2010	5	29	149	2.2	18.7	26.52665187805	-999.9	0	2.75462962962963	9.15524408964447	330
MAPLE_PLAINS	2010	5	30	150	6	14.7	19.3068426618567	-999.9	2.6	3.77314814814814	9.23816935198958	330
MAPLE_PLAINS	2010	5	31	151	5.6	11.9	16.4658852807811	-999.9	1.2	4.61805555555556	8.02999944629051	330
MAPLE_PLAINS	2010	6	1	152	5.6	10.2	14.0996734142928	-999.9	17.7	4.69907407407408	9.27617891005667	330
MAPLE_PLAINS	2010	6	2	153	4.8	10.6	15.8639647274663	-999.9	0	2.62731481481481	9.20534105552312	330
MAPLE_PLAINS	2010	6	3	154	6.7	8.3	8.34790939078654	-999.9	16.2	3.73842592592592	9.73224527377433	330
MAPLE_PLAINS	2010	6	4	155	3.4	6.7	12.0101162598999	-999.9	0.3	1.875	8.22658027633333	330
MAPLE_PLAINS	2010	6	5	156	3.4	15.3	22.8448782158283	-999.9	26.3	3.84259259259258	9.54922419674298	330
MAPLE_PLAINS	2010	6	6	157	3.9	7.4	12.4087271507917	-999.9	25.2	2.56944444444444	8.44108903155976	330
MAPLE_PLAINS	2010	6	7	158	1.5	5.8	13.7739374298636	-999.9	0.4	3.53009259259258	7.53074839755103	330
MAPLE_PLAINS	2010	6	8	159	7	14.5	18.2161230831907	-999.9	0	2.5	11.1041001383019	330
MAPLE_PLAINS	2010	6	9	160	6.5	13.5	17.6201551947353	-999.9	0	2.37268518518519	9.74301257943432	330
MAPLE_PLAINS	2010	6	10	161	4	21.5	27.8912701037283	-999.9	0	1.97916666666667	11.7081875429903	330
MAPLE_PLAINS	2010	6	11	162	10.5	25	25.4141196168513	-999.9	0	2.02546296296296	13.9276429786291	330
MAPLE_PLAINS	2010	6	12	163	13.5	17	12.4974153807262	-999.9	0	2.74305555555556	12.9235767046284	330
MAPLE_PLAINS	2010	6	13	164	5.5	21.5	26.7420480307966	-999.9	0	2.92824074074075	12.1420799146309	330
MAPLE_PLAINS	2010	6	14	165	10	17.5	18.3217616955369	-999.9	7.3	2.52314814814815	14.2748614808404	330
MAPLE_PLAINS	2010	6	15	166	8.5	14	15.6990494108396	-999.9	0.2	5.28935185185186	9.52026233164551	330
MAPLE_PLAINS	2010	6	16	167	8	22	25.0590716814249	-999.9	0	3.04398148148147	12.1268022488742	330
MAPLE_PLAINS	2010	6	17	168	13.5	20.5	17.7260719657202	-999.9	0	1.80555555555556	13.7849044702261	330
MAPLE_PLAINS	2010	6	18	169	11	25.5	25.5189988921113	-999.9	0	2.58101851851852	13.9721282113504	330
MAPLE_PLAINS	2010	6	19	170	7.5	27.5	29.9753610164753	-999.9	0	4.0625	14.3520864952957	330
MAPLE_PLAINS	2010	6	20	171	16.5	22	15.720061405837	-999.9	37.4	4.35185185185186	17.3611736113247	330
MAPLE_PLAINS	2010	6	21	172	17	23	16.4182054630781	-999.9	0	1.86342592592593	15.7681898152647	330
MAPLE_PLAINS	2010	6	22	173	11.5	23.5	23.2151539508149	-999.9	0	1.80555555555556	13.9767639119843	330
MAPLE_PLAINS	2010	6	23	174	14.5	24	20.6503473076988	-999.9	0	4.44444444444444	16.522006953165	330
MAPLE_PLAINS	2010	6	24	175	14.5	21	17.0749949748783	-999.9	1.3	4.40972222222222	17.3356731965135	330
MAPLE_PLAINS	2010	6	25	176	15.5	23.5	18.9339395717951	-999.9	0	2.96296296296297	15.3059991782085	330
MAPLE_PLAINS	2010	6	26	177	9	23.5	25.4756818697574	-999.9	4	2.39583333333333	15.0017537576349	330
MAPLE_PLAINS	2010	6	27	178	11	20.5	20.6064494853517	-999.9	0.2	2.26851851851852	14.0156490560134	330
MAPLE_PLAINS	2010	6	28	179	10	16.5	17.031437667393	-999.9	14.3	2.30324074074074	16.3839211740992	330
MAPLE_PLAINS	2010	6	29	180	14	20	16.3484738730549	-999.9	1.1	1.68981481481481	16.7661860960482	330
MAPLE_PLAINS	2010	6	30	181	15	22	17.6405144549061	-999.9	0	3.79629629629631	16.639387944501	330
MAPLE_PLAINS	2010	7	1	182	12	20	18.8374233305377	-999.9	2.4	2.26851851851852	14.4392269619525	330
MAPLE_PLAINS	2010	7	2	183	10	20	21.0350908188777	-999.9	1.5	1.73611111111111	14.0266347644954	330
MAPLE_PLAINS	2010	7	3	184	12	24	23.0121115783816	-999.9	0	3.50694444444444	15.9512294475654	330
MAPLE_PLAINS	2010	7	4	185	16.5	27	21.4949024375213	-999.9	0	3.09027777777778	19.1691781980416	330
MAPLE_PLAINS	2010	7	5	186	18	23	14.8099735970537	-999.9	0	2.61574074074074	20.4767187913053	330
MAPLE_PLAINS	2010	7	6	187	17.5	20	10.4549306309639	-999.9	7.9	2.65046296296296	18.2627840453218	330
MAPLE_PLAINS	2010	7	7	188	15	28.5	24.2523181930146	-999.9	0	2.78935185185186	20.5957732706884	330
MAPLE_PLAINS	2010	7	8	189	19.9	25.6	15.7285530914264	-999.9	0.7	4.48067632850242	21.9472461886116	330
MAPLE_PLAINS	2010	7	9	190	19.3	26.4	17.519454807938	-999.9	0	5.03472222222222	22.3771695956667	330
MAPLE_PLAINS	2010	7	10	191	20	25.5	15.3874218862384	-999.9	0.4	4.03935185185186	24.4260227585074	330
MAPLE_PLAINS	2010	7	11	192	19.2	22.3	11.5268705514892	-999.9	24.1	3.18287037037036	23.5134976019547	330
MAPLE_PLAINS	2010	7	12	193	19.2	24.7	15.3183088632024	-999.9	0.4	3.41435185185186	22.8308373514834	330
MAPLE_PLAINS	2010	7	13	194	17.3	26.6	19.8711323344809	-999.9	0	2.82407407407408	22.821817333225	330
MAPLE_PLAINS	2010	7	14	195	17.4	20.8	11.9846378172585	-999.9	5.6	1.46990740740741	21.3694237811249	330
MAPLE_PLAINS	2010	7	15	196	15.9	24.1	18.5630456713975	-999.9	0.2	1.97916666666667	19.6781637959275	330
MAPLE_PLAINS	2010	7	16	197	16.1	27.1	21.4411423251242	-999.9	0	3.61111111111111	19.9378228439051	330
MAPLE_PLAINS	2010	7	17	198	18.1	27.4	19.6586918155245	-999.9	0	3.49537037037036	21.873492707687	330
MAPLE_PLAINS	2010	7	18	199	18.2	27.3	19.3886495218975	-999.9	0	2.83564814814814	21.0230811492911	330
MAPLE_PLAINS	2010	7	19	200	17.1	26.6	19.7494230472182	-999.9	8.1	2.38425925925926	19.581476032995	330
MAPLE_PLAINS	2010	7	20	201	15.7	23.9	18.290145463202	-999.9	0.3	1.9212962962963	20.5285633241622	330
MAPLE_PLAINS	2010	7	21	202	13.5	26.5	22.9536237097114	-999.9	0	1.81712962962963	18.4135998195638	330
MAPLE_PLAINS	2010	7	22	203	16	18.6	10.2302717662273	-999.9	35.3	2.30324074074074	18.8642860581144	330
MAPLE_PLAINS	2010	7	23	204	11.1	21.8	20.680674693808	-999.9	0	1.90972222222222	16.9947990970898	330
MAPLE_PLAINS	2010	7	24	205	12.2	24.2	21.8216198681407	-999.9	0	2.58101851851852	17.055624496526	330
MAPLE_PLAINS	2010	7	25	206	16.4	19.6	11.2265406899973	-999.9	6.4	2.93981481481481	19.2714347909709	330
MAPLE_PLAINS	2010	7	26	207	14.6	21.1	15.9387080898906	-999.9	0	3.48379629629631	16.339572568097	330
MAPLE_PLAINS	2010	7	27	208	11.6	20.1	18.1544064739916	-999.9	0	3.22916666666667	15.3969528668465	330
MAPLE_PLAINS	2010	7	28	209	11.8	26.7	23.9382481899368	-999.9	0	3.39120370370369	17.3003756108915	330
MAPLE_PLAINS	2010	7	29	210	17.4	23.5	15.2525013474923	-999.9	3.4	4.62560386473431	21.120533029628	330
MAPLE_PLAINS	2010	7	30	211	11.3	21.3	19.4447854469853	-999.9	0	0.960648148148147	15.9109384067247	330
MAPLE_PLAINS	2010	7	31	212	9.1	18.4	18.6690189500628	-999.9	0.2	1.80555555555556	15.0319900764852	330
MAPLE_PLAINS	2010	8	1	213	5.6	22.3	24.903751455165	-999.9	0	0.833333333333333	13.7280941872202	330
MAPLE_PLAINS	2010	8	2	214	8.2	23.2	23.4924391058679	-999.9	0	1.28472222222222	14.9571814938729	330
MAPLE_PLAINS	2010	8	3	215	8	22.4	22.9080894127101	-999.9	0	1.875	15.9194378924142	330
MAPLE_PLAINS	2010	8	4	216	17.3	20.3	10.4050067017808	-999.9	2.5	2.96296296296297	20.4390400864968	330
MAPLE_PLAINS	2010	8	5	217	17.8	25.6	16.6936724352339	-999.9	0	3.78472222222222	23.9330712494969	330
MAPLE_PLAINS	2010	8	6	218	18.7	26.8	16.9246011459525	-999.9	8.5	3.18287037037036	22.4523016611368	330
MAPLE_PLAINS	2010	8	7	219	11.4	19.6	16.9395731752461	-999.9	0	2.61574074074074	13.1258904213878	330
MAPLE_PLAINS	2010	8	8	220	8.5	22.7	22.1721253878128	-999.9	0	3.64583333333333	15.8083139756888	330
MAPLE_PLAINS	2010	8	9	221	17.4	21.6	11.9923192721359	-999.9	5.4	3.56481481481481	19.1802513451268	330
MAPLE_PLAINS	2010	8	10	222	16.3	24.9	17.0643859194434	-999.9	10	2.07175925925926	19.8541876145774	330
MAPLE_PLAINS	2010	8	11	223	9.6	19.2	17.9261582344619	-999.9	12	2.31481481481481	16.4363632958086	330
MAPLE_PLAINS	2010	8	12	224	6.1	21.2	22.3510160907458	-999.9	0	1.25	13.2197194373939	330
MAPLE_PLAINS	2010	8	13	225	8.2	23.2	22.1441177666894	-999.9	0	1.12268518518519	14.8565632014247	330
MAPLE_PLAINS	2010	8	14	226	8.8	24.4	22.4453056204916	-999.9	0	2.26851851851852	15.4684957788266	330
MAPLE_PLAINS	2010	8	15	227	11.6	25.4	20.9797111079847	-999.9	0	2.10648148148148	15.8625859708075	330
MAPLE_PLAINS	2010	8	16	228	10.1	22.6	19.8407332917915	-999.9	0	2.91666666666667	15.4781252866526	330
MAPLE_PLAINS	2010	8	17	229	19.2	24.9	13.3115510157566	-999.9	0	4.15509259259258	22.0700366947713	330
MAPLE_PLAINS	2010	8	18	230	15.2	25.5	17.776403054669	-999.9	0	2.28009259259259	18.326577422192	330
MAPLE_PLAINS	2010	8	19	231	14.8	24.2	16.86819166346	-999.9	0	1.2962962962963	18.6486781452864	330
MAPLE_PLAINS	2010	8	20	232	14.7	24	16.6636617018316	-999.9	0.6	2.71990740740741	19.2054050455708	330
MAPLE_PLAINS	2010	8	21	233	12.7	21.2	15.8200408986317	-999.9	0.9	1.6087962962963	15.4828831873319	330
MAPLE_PLAINS	2010	8	22	234	7.5	21.4	20.0871947622272	-999.9	0.2	1.97916666666667	15.0952981148757	330
MAPLE_PLAINS	2010	8	23	235	9	21.2	18.6831418577518	-999.9	0	1.96759259259259	14.3077783432587	330
MAPLE_PLAINS	2010	8	24	236	5.5	21.6	21.305178488671	-999.9	0	0.844907407407408	13.6136176427694	330
MAPLE_PLAINS	2010	8	25	237	9	22.9	19.6483374939649	-999.9	0	2.62731481481481	15.4007841829864	330
MAPLE_PLAINS	2010	8	26	238	15.6	22.5	13.7382953927098	-999.9	57.5	3.64583333333333	21.316807261573	330
MAPLE_PLAINS	2010	8	27	239	14.2	23	15.3951196500464	-999.9	1.1	2.28009259259259	18.5159966825581	330
MAPLE_PLAINS	2010	8	28	240	8.5	23.4	19.8752062072574	-999.9	0	1.33101851851852	14.5814788919014	330
MAPLE_PLAINS	2010	8	29	241	9.1	25.7	20.8109787259082	-999.9	0	2.2337962962963	16.8314012052159	330
MAPLE_PLAINS	2010	8	30	242	15.3	24.5	15.3672211509401	-999.9	0	1.90972222222222	18.9101073398569	330
MAPLE_PLAINS	2010	8	31	243	16.2	26.8	16.3591295402025	-999.9	2.1	2.52314814814815	19.6925143174368	330
MAPLE_PLAINS	2010	9	1	244	17	30.9	18.5764712022405	-999.9	0	2.75462962962963	22.3640422159071	330
MAPLE_PLAINS	2010	9	2	245	19.2	31.1	17.0419962560541	-999.9	0	2.99768518518519	23.4169061706388	330
MAPLE_PLAINS	2010	9	3	246	15.6	29.5	18.2594650995867	-999.9	0	1.52777777777778	20.7080135454584	330
MAPLE_PLAINS	2010	9	4	247	19	24.1	10.963313010193	-999.9	15.6	6.20370370370369	23.3307079084608	330
MAPLE_PLAINS	2010	9	5	248	14.9	20.5	11.3859467668872	-999.9	0.2	4.94212962962964	14.963078352662	330
MAPLE_PLAINS	2010	9	6	249	13.1	20.8	13.2306501995989	-999.9	0	3.24074074074075	13.2043315119888	330
MAPLE_PLAINS	2010	9	7	250	8.7	18.6	14.8647070484473	-999.9	1.1	1.62037037037037	15.1055596156968	330
MAPLE_PLAINS	2010	9	8	251	8	17	14.041230590883	-999.9	19.3	3.86574074074075	14.5529005042062	330
MAPLE_PLAINS	2010	9	9	252	16.1	21.6	10.8730817571592	-999.9	0.8	2.25694444444444	18.5477738500313	330
MAPLE_PLAINS	2010	9	10	253	13.7	16.8	8.08503321152007	-999.9	4.4	2.53472222222222	16.8751266926534	330
MAPLE_PLAINS	2010	9	11	254	10.3	13.6	8.26094814255288	-999.9	3.9	5.45138888888889	13.2080091334794	330
MAPLE_PLAINS	2010	9	12	255	9.4	13.5	9.11757213446378	-999.9	0	2.85879629629631	9.87329278840082	330
MAPLE_PLAINS	2010	9	13	256	9.1	15.3	11.1004342782696	-999.9	0.4	2.2337962962963	12.3299382964639	330
MAPLE_PLAINS	2010	9	14	257	11.6	17.6	10.8098388128655	-999.9	5	2.58101851851852	13.857670152262	330
MAPLE_PLAINS	2010	9	15	258	10	18.2	12.5081410104128	-999.9	8	2.01388888888889	14.0592339498813	330
MAPLE_PLAINS	2010	9	16	259	10.7	15.4	9.37173482732541	-999.9	0.4	3.70370370370369	12.8382019422917	330
MAPLE_PLAINS	2010	9	17	260	5.1	12.6	11.7146712817629	-999.9	14.8	2.5	12.3359723168819	330
MAPLE_PLAINS	2010	9	18	261	2.2	19.1	17.3986152726863	-999.9	0.2	1.28472222222222	11.4341787852325	330
MAPLE_PLAINS	2010	9	19	262	7.1	17.6	13.5669296572241	-999.9	0	1.75925925925926	12.7656494861012	330
MAPLE_PLAINS	2010	9	20	263	5.5	15.2	12.8982989722531	-999.9	0	2.48842592592593	11.0222744800376	330
MAPLE_PLAINS	2010	9	21	264	8.4	15.1	10.6020058717378	-999.9	0	4.17824074074075	9.45994195738246	330
MAPLE_PLAINS	2010	9	22	265	11.6	19.3	11.2394455277259	-999.9	0.8	3.81944444444444	14.3444662205648	330
MAPLE_PLAINS	2010	9	23	266	3.1	15.6	14.1595246707832	-999.9	0	2.7662037037037	9.69846237241446	330
MAPLE_PLAINS	2010	9	24	267	1.7	11.6	12.4580809901283	-999.9	4.4	1.62037037037037	9.53711236694131	330
MAPLE_PLAINS	2010	9	25	268	10	15.8	9.4261359830283	-999.9	10.8	2.16435185185185	14.2707651453981	330
MAPLE_PLAINS	2010	9	26	269	0.4	13.1	13.7865167730692	-999.9	0	3.10185185185186	9.26849709134208	330
MAPLE_PLAINS	2010	9	27	270	-1	15.9	15.7172474459637	-999.9	1.6	1.8287037037037	9.50206591359856	330
MAPLE_PLAINS	2010	9	28	271	12.4	23.2	12.4157678686532	-999.9	4.9	4.00462962962964	18.4098853848953	330
MAPLE_PLAINS	2010	9	29	272	15.9	21.8	9.06703142448382	-999.9	0	4.89583333333333	20.2383062342607	330
MAPLE_PLAINS	2010	9	30	273	14.1	22.8	10.8774165531632	-999.9	0	2.63888888888889	18.7097036358956	330
MAPLE_PLAINS	2010	10	1	274	20.3	24.8	7.72769270636048	-999.9	0.3	5.47453703703703	22.2877727304981	330
MAPLE_PLAINS	2010	10	2	275	11.1	21.6	11.6591530661404	-999.9	32.3	4.27083333333333	16.1458263604735	330
MAPLE_PLAINS	2010	10	3	276	3.3	13.8	11.5145779352829	-999.9	0.2	1.66666666666667	9.63057967778747	330
MAPLE_PLAINS	2010	10	4	277	1.6	13.6	12.155652243601	-999.9	0	1.28472222222222	8.9533569928261	330
MAPLE_PLAINS	2010	10	5	278	0.8	16.1	13.5525787462018	-999.9	0	0.972222222222222	8.65501838728453	330
MAPLE_PLAINS	2010	10	6	279	0	14.2	12.8903411071546	-999.9	1.2	2.51157407407408	9.21155643746903	330
MAPLE_PLAINS	2010	10	7	280	8.3	17	9.96048534991655	-999.9	24	7.06018518518519	12.7056233848413	330
MAPLE_PLAINS	2010	10	8	281	0.8	11.6	10.9544674748419	-999.9	0.2	4.91898148148147	8.10263251082181	330
MAPLE_PLAINS	2010	10	9	282	1.6	9.6	9.30555138985738	-999.9	0	4.96527777777778	6.10215809776364	330
MAPLE_PLAINS	2010	10	10	283	5.4	10.3	7.18742774485934	-999.9	0	5.21990740740742	6.58182800460758	330
MAPLE_PLAINS	2010	10	11	284	1.4	9.3	9.00594751692512	-999.9	0	3.21759259259258	7.01723672474297	330
MAPLE_PLAINS	2010	10	12	285	0.2	12.7	11.1782782908159	-999.9	0	1.95601851851852	7.86485221665839	330
MAPLE_PLAINS	2010	10	13	286	-2.1	9.8	10.7612493553323	-999.9	0	1.40046296296296	7.20594837062116	330
MAPLE_PLAINS	2010	10	14	287	-3.4	12.3	12.1948176235236	-999.9	0	1.09953703703704	7.1897282053028	330
MAPLE_PLAINS	2010	10	15	288	3.1	12.4	9.25916841796669	-999.9	8.5	6.08796296296297	9.72842197013587	330
MAPLE_PLAINS	2010	10	16	289	7	12.8	7.21307026976449	-999.9	4.9	2.92824074074075	11.7822927337684	330
MAPLE_PLAINS	2010	10	17	290	6	8.9	5.03098953533636	-999.9	4.9	3.80787037037036	9.32763945861807	330
MAPLE_PLAINS	2010	10	18	291	5.9	8.7	4.87591717826569	-999.9	0	7.35507246376811	6.76628026760165	330
MAPLE_PLAINS	2010	10	19	292	-1.2	9.1	9.22349647286439	-999.9	0	4.81481481481481	5.96816271272962	330
MAPLE_PLAINS	2010	10	20	293	-3.4	13.1	11.5132417975864	-999.9	0	2.75462962962963	7.08289246029818	330
MAPLE_PLAINS	2010	10	21	294	3.5	13.5	8.8392551198035	-999.9	6.1	3.46064814814814	9.98620706804953	330
MAPLE_PLAINS	2010	10	22	295	4.9	9.9	6.16374184967304	-999.9	2.1	6.51620370370369	8.13485243541516	330
MAPLE_PLAINS	2010	10	23	296	4.2	6.4	4.03181709415733	-999.9	2.4	6.13425925925925	7.47173107745376	330
MAPLE_PLAINS	2010	10	24	297	-1.4	7.9	8.17428706454269	-999.9	0	2.92824074074075	6.502915302562	330
MAPLE_PLAINS	2010	10	25	298	-3.9	7.1	8.76627892658376	-999.9	1.6	1.13425925925926	6.3540838330529	330
MAPLE_PLAINS	2010	10	26	299	6.9	10	4.58885926463915	-999.9	3.7	2.37268518518519	10.5613055888381	330
MAPLE_PLAINS	2010	10	27	300	8.2	17.1	7.66692437828285	-999.9	13.1	5.39351851851853	12.9781558574932	330
MAPLE_PLAINS	2010	10	28	301	8.7	17.4	7.47460837846302	-999.9	1	2.91666666666667	14.0965158497025	330
MAPLE_PLAINS	2010	10	29	302	4.5	11.2	6.46803466880827	-999.9	0	1.16898148148148	10.0664969639105	330
MAPLE_PLAINS	2010	10	30	303	0.7	6.2	5.77868619324216	-999.9	0.7	5.12731481481481	6.16725290640197	330
MAPLE_PLAINS	2010	10	31	304	-1.6	4.8	6.14696332715165	-999.9	0	2.1412037037037	4.92379145912308	330
MAPLE_PLAINS	2010	11	1	305	-1.5	5.7	6.4294411963994	-999.9	2.8	3.63425925925925	6.4508337192349	330
MAPLE_PLAINS	2010	11	2	306	-0.7	2.2	4.02401268807316	-999.9	0.8	3.26388888888889	5.41299905613991	330
MAPLE_PLAINS	2010	11	3	307	-2.7	4.5	6.25317543564656	-999.9	0	2.07175925925926	5.29823892090508	330
MAPLE_PLAINS	2010	11	4	308	-4.9	7.1	7.96202280233404	-999.9	2.9	2.43055555555556	6.14530503225202	330
MAPLE_PLAINS	2010	11	5	309	7.2	17.3	7.20477070630169	-999.9	16.8	8.125	15.523167541218	330
MAPLE_PLAINS	2010	11	6	310	7.3	16.4	6.74588692176118	-999.9	31.4	3.61111111111111	12.473930980848	330
MAPLE_PLAINS	2010	11	7	311	6.2	12.9	5.7101943759063	-999.9	18.3	4.57175925925925	10.1222813397464	330
MAPLE_PLAINS	2010	11	8	312	7.9	13.8	5.28658247774219	-999.9	0.8	4.72222222222222	13.156518702364	330
MAPLE_PLAINS	2010	11	9	313	5.4	8.1	3.52866982029619	-999.9	10.7	6.57407407407408	9.58809928287061	330
MAPLE_PLAINS	2010	11	10	314	3.4	5.1	2.7630114047601	-999.9	0	8.31018518518519	6.54258797355451	330
MAPLE_PLAINS	2010	11	11	315	-2.6	6.1	6.16879400890395	-999.9	0	4.65277777777778	6.07685129880238	330
MAPLE_PLAINS	2010	11	12	316	-3.1	10.1	7.50011412528304	-999.9	0	1.00694444444444	5.87632818784938	330
MAPLE_PLAINS	2010	11	13	317	-2.4	14.9	8.47630602530691	-999.9	0	1.52777777777778	6.64752330883753	330
MAPLE_PLAINS	2010	11	14	318	-4.2	6	6.4261872603361	-999.9	0	2.31481481481481	5.7844750081069	330
MAPLE_PLAINS	2010	11	15	319	-5	6.1	6.61997339844183	-999.9	0	1.99074074074074	5.88654416363911	330
MAPLE_PLAINS	2010	11	16	320	2.1	7.2	4.43198029829987	-999.9	4.5	2.01388888888889	8.71288841985723	330
MAPLE_PLAINS	2010	11	17	321	5.7	13.4	5.37969192921163	-999.9	7.2	3.73842592592592	10.9959166892657	330
MAPLE_PLAINS	2010	11	18	322	3.4	11.1	5.31548520260511	-999.9	0.4	6.52777777777778	7.55847274015276	330
MAPLE_PLAINS	2010	11	19	323	-3.4	2.8	4.71378751491672	-999.9	0	4.51388888888889	3.9152773540394	330
MAPLE_PLAINS	2010	11	20	324	-5.1	-1.9	3.34750923180043	-999.9	2	3.05555555555556	3.60598918791116	330
MAPLE_PLAINS	2010	11	21	325	-4.4	-2.8	2.34034782125992	-999.9	0	4.40972222222222	3.49710860308669	330
MAPLE_PLAINS	2010	11	22	326	-10.7	-1.8	5.4587724193896	-999.9	0.6	1.18055555555556	3.55348838267	330
MAPLE_PLAINS	2010	11	23	327	-2.7	1.5	3.70949777283671	-999.9	9.5	1.875	5.45409812875695	330
MAPLE_PLAINS	2010	11	24	328	0.1	2.5	2.77461318584515	-999.9	7.2	3.02083333333333	6.44151492597368	330
MAPLE_PLAINS	2010	11	25	329	1.1	3.8	2.91276784022339	-999.9	1	3.91203703703703	7.03114746782668	330
MAPLE_PLAINS	2010	11	26	330	-1.4	2.1	3.28330243592215	-999.9	6.7	2.55787037037037	6.2258423613123	330
MAPLE_PLAINS	2010	11	27	331	-1.8	1.7	3.25157924971085	-999.9	3.6	2.17592592592593	5.36841100148732	330
MAPLE_PLAINS	2010	11	28	332	-2.4	-0.6	2.31001825713067	-999.9	0.6	4.30555555555556	4.92504107188369	330
MAPLE_PLAINS	2010	11	29	333	-1.4	0.2	2.15823193006547	-999.9	0	2.69675925925926	4.94189795949782	330
MAPLE_PLAINS	2010	11	30	334	-0.5	1.5	2.39197626165273	-999.9	0	1.8287037037037	5.30074730645649	330
MAPLE_PLAINS	2010	12	1	335	0.1	5.5	3.89755131462243	-999.9	0	2.60416666666667	6.58637453937619	330
MAPLE_PLAINS	2010	12	2	336	5.9	7.8	2.29339396344542	-999.9	0	6.09953703703703	8.98552706003259	330
MAPLE_PLAINS	2010	12	3	337	5.7	8.1	2.55783506193203	-999.9	0	4.51388888888889	8.96237434702297	330
MAPLE_PLAINS	2010	12	4	338	5.7	9.1	3.02227361426083	-999.9	15.4	5.9375	9.24168979726783	330
MAPLE_PLAINS	2010	12	5	339	4.1	8.1	3.25550328572924	-999.9	0	3.27546296296297	8.26432952949446	330
MAPLE_PLAINS	2010	12	6	340	2.4	8.5	3.99408403653189	-999.9	1.9	9.52546296296297	6.99788174267185	330
MAPLE_PLAINS	2010	12	7	341	1.9	4.9	2.78388373339451	-999.9	0.2	5.18518518518519	5.80144147831475	330
MAPLE_PLAINS	2010	12	8	342	-4.7	0.1	3.50128015123991	-999.9	0	3.79629629629631	4.37888243069383	330
MAPLE_PLAINS	2010	12	9	343	-7.6	-3.3	3.29637937527621	-999.9	0.4	3.79629629629631	3.30814321284919	330
MAPLE_PLAINS	2010	12	10	344	-11.8	-3	4.69272488403072	-999.9	0	2.99768518518519	3.2185971012732	330
MAPLE_PLAINS	2010	12	11	345	-11.2	-0.2	5.22333521846705	-999.9	0.7	2.16435185185185	4.10236840331071	330
MAPLE_PLAINS	2010	12	12	346	-11.8	1.4	5.69896526623906	-999.9	0	2.17592592592593	3.96554745004578	330
MAPLE_PLAINS	2010	12	13	347	1.6	13.4	5.36907755313152	-999.9	1.1	10.7407407407407	10.0925546862744	330
MAPLE_PLAINS	2010	12	14	348	9	13.8	3.4136835728221	-999.9	28	7.40740740740742	12.2380927673839	330
MAPLE_PLAINS	2010	12	15	349	0.5	9.6	4.68774083986507	-999.9	4.2	4.64120370370369	8.40753346562158	330
MAPLE_PLAINS	2010	12	16	350	-1.6	3.6	3.53576005896685	-999.9	0.3	2.3792270531401	5.79828184123959	330
MAPLE_PLAINS	2010	12	17	351	-6.6	-0.9	3.69535466022024	-999.9	0	1.46990740740741	3.91422052199359	330
MAPLE_PLAINS	2010	12	18	352	-7.4	-0.2	4.14784986505728	-999.9	0	1.77083333333333	4.11290913293191	330
MAPLE_PLAINS	2010	12	19	353	-9.1	-2.3	4.027640172324	-999.9	0	2.77777777777778	3.59094046014589	330
MAPLE_PLAINS	2010	12	20	354	-9.7	4.9	5.89948323592931	-999.9	1.2	2.15277777777778	5.46924480627451	330
MAPLE_PLAINS	2010	12	21	355	3	4.9	2.12842261231302	-999.9	9.2	10.8796296296296	7.17281623639212	330
MAPLE_PLAINS	2010	12	22	356	2.4	3.4	1.54499385362706	-999.9	13.6	8.05555555555556	7.26946000625032	330
MAPLE_PLAINS	2010	12	23	357	0.6	3.4	2.58793482923889	-999.9	6.3	8.90046296296297	6.90860682527769	330
MAPLE_PLAINS	2010	12	24	358	-0.1	1.9	2.1904743161492	-999.9	0	7.58101851851853	5.66591547353831	330
MAPLE_PLAINS	2010	12	25	359	-1.9	-0.2	2.02347054697597	-999.9	0.6	5.15046296296297	5.01054656759363	330
MAPLE_PLAINS	2010	12	26	360	-0.9	0.7	1.96779990220112	-999.9	3	1.97916666666667	6.08171962710083	330
MAPLE_PLAINS	2010	12	27	361	0	2.1	2.26087699124289	-999.9	14.9	3.91203703703703	6.40600940032124	330
MAPLE_PLAINS	2010	12	28	362	-3.6	0.9	3.3205957778795	-999.9	1.1	7.02546296296297	5.06147424600731	330
MAPLE_PLAINS	2010	12	29	363	-4.6	-1.6	2.72149165253726	-999.9	0	4.46759259259258	4.39356769406042	330
MAPLE_PLAINS	2010	12	30	364	-5.6	-2.2	2.90947342372255	-999.9	0	4.12037037037036	3.74209706371751	330
MAPLE_PLAINS	2010	12	31	365	-3.7	0.4	3.2098510443088	-999.9	0	2.84722222222222	4.81023589638263	330
