MAPLE_PLAINS	2024	1	1	1	-6.6	-3.6	2.75967759544093	-999.9	0	2.52314814814815	3.23527256892623	330
MAPLE_PLAINS	2024	1	2	2	-7	-2	3.58237721528724	-999.9	0	3.25231481481481	3.12695638037675	330
MAPLE_PLAINS	2024	1	3	3	-10.5	-0.3	5.14701752691947	-999.9	0	1.58564814814815	3.31141617231325	330
MAPLE_PLAINS	2024	1	4	4	-10.5	0.4	5.3544558912987	-999.9	0.3	1.45833333333333	3.80280278675628	330
MAPLE_PLAINS	2024	1	5	5	-10.5	-2.7	4.56005047239259	-999.9	0.2	4.21296296296297	3.00270963473424	330
MAPLE_PLAINS	2024	1	6	6	-18.8	-7.8	5.453921798207	-999.9	0	2.99768518518519	1.64369413995516	330
MAPLE_PLAINS	2024	1	7	7	-17.4	-3.3	6.22126032307658	-999.9	0	1.68981481481481	2.08844130885555	330
MAPLE_PLAINS	2024	1	8	8	-7.2	-3.5	3.21209135680702	-999.9	0	3.75	2.74638652553798	330
MAPLE_PLAINS	2024	1	9	9	-15.9	-6	5.2976170021002	-999.9	0	2.82407407407408	1.94013464162872	330
MAPLE_PLAINS	2024	1	10	10	-11.4	4.8	6.83517694912891	-999.9	12.2	7.70833333333333	4.14959003388924	330
MAPLE_PLAINS	2024	1	11	11	-1.4	5.6	4.53335207399514	-999.9	0	2.91666666666667	5.95558177080602	330
MAPLE_PLAINS	2024	1	12	12	-9.6	-0.9	5.10096707297859	-999.9	0	4.17824074074075	2.62240168411255	330
MAPLE_PLAINS	2024	1	13	13	-12.3	4.5	7.15664719731496	-999.9	1.3	5.42824074074075	3.6452298545856	330
MAPLE_PLAINS	2024	1	14	14	-0.8	6.2	4.66552915212619	-999.9	0.5	4.42129629629631	5.93927280553342	330
MAPLE_PLAINS	2024	1	15	15	-11.2	-0.8	5.74507223841279	-999.9	0.2	3.99305555555556	2.54845154105483	330
MAPLE_PLAINS	2024	1	16	16	-6.6	4.9	6.10491769367172	-999.9	10.8	4.375	4.89972692626448	330
MAPLE_PLAINS	2024	1	17	17	-8	6.2	6.85720823848444	-999.9	0.3	6.44675925925925	4.66045100077582	330
MAPLE_PLAINS	2024	1	18	18	-9.6	-6.5	3.23945186741168	-999.9	0	7.77777777777778	2.08650744986695	330
MAPLE_PLAINS	2024	1	19	19	-11.9	-6.9	4.16076772628298	-999.9	0	6.08796296296297	1.81124382713471	330
MAPLE_PLAINS	2024	1	20	20	-8.5	-0.9	5.18917516501102	-999.9	1.9	2.75462962962963	3.97200895531047	330
MAPLE_PLAINS	2024	1	21	21	-8	-1.2	4.96648753377466	-999.9	0	3.33333333333333	3.88022935284422	330
MAPLE_PLAINS	2024	1	22	22	-11.8	-0.2	6.56481612076946	-999.9	0.2	3.36805555555556	2.71856640643975	330
MAPLE_PLAINS	2024	1	23	23	-12.8	0.2	7.03484110010196	-999.9	0	4.34027777777778	2.24607050800141	330
MAPLE_PLAINS	2024	1	24	24	-17.7	-3	7.57383381124043	-999.9	0	2.29166666666667	1.98738769713673	330
MAPLE_PLAINS	2024	1	25	25	-10.8	1.1	6.90058057358888	-999.9	2.9	3.59953703703703	3.49414075044519	330
MAPLE_PLAINS	2024	1	26	26	-17.1	-2.8	7.66144936651825	-999.9	2.5	0.879629629629631	2.36661191695009	330
MAPLE_PLAINS	2024	1	27	27	-7.2	-0.3	5.39099791309708	-999.9	0.2	0.856481481481481	4.08959549067259	330
MAPLE_PLAINS	2024	1	28	28	-2.8	-0.8	2.94054295204687	-999.9	0	2.1875	4.6044233061423	330
MAPLE_PLAINS	2024	1	29	29	-8.4	-1.2	5.65338081219599	-999.9	0	5.25462962962964	3.52460249032087	330
MAPLE_PLAINS	2024	1	30	30	-7.9	-4.8	3.75931975563976	-999.9	0	3.78472222222222	2.64140546742768	330
MAPLE_PLAINS	2024	1	31	31	-9.7	-3.4	5.43172255010419	-999.9	0	1.99074074074074	2.72618538637422	330
MAPLE_PLAINS	2024	2	1	32	-5.3	0.4	5.2371093653905	-999.9	2.6	1.55092592592593	4.12737225359038	330
MAPLE_PLAINS	2024	2	2	33	-3.6	1.2	4.87197928436618	-999.9	2.1	2.4537037037037	5.14248832678581	330
MAPLE_PLAINS	2024	2	3	34	-5.7	-3.6	3.26711555856426	-999.9	0.2	6.66666666666667	3.73105972934059	330
MAPLE_PLAINS	2024	2	4	35	-5.3	-2.1	4.08916983222301	-999.9	2	8.29861111111111	4.17913446857404	330
MAPLE_PLAINS	2024	2	5	36	-2.1	-0.5	2.93195077030721	-999.9	0.6	6.41203703703703	5.20488922545935	330
MAPLE_PLAINS	2024	2	6	37	-3.7	-0.8	4.00275909390184	-999.9	0	2.95138888888889	4.70748536473205	330
MAPLE_PLAINS	2024	2	7	38	-13.6	-1	8.46121791375104	-999.9	0	2.22222222222222	2.92512863256014	330
MAPLE_PLAINS	2024	2	8	39	-14.9	0.4	9.45583956838059	-999.9	0	1.03009259259259	3.05669149009259	330
MAPLE_PLAINS	2024	2	9	40	-14.4	-0.6	9.10786641706262	-999.9	0	1.11111111111111	3.02165982129063	330
MAPLE_PLAINS	2024	2	10	41	-6.2	3.9	7.90265321901889	-999.9	2.9	3.02083333333333	4.70360486163714	330
MAPLE_PLAINS	2024	2	11	42	0.1	6	6.12607512888212	-999.9	0.2	2.17592592592593	6.67915747812958	330
MAPLE_PLAINS	2024	2	12	43	-6.4	3.5	8.04865999963819	-999.9	0	2.21064814814815	3.92119757665343	330
MAPLE_PLAINS	2024	2	13	44	-6	-1.4	5.56463809285032	-999.9	0	2.1412037037037	3.56404062038149	330
MAPLE_PLAINS	2024	2	14	45	-8.1	-3	5.94284403130947	-999.9	0.2	5.06944444444445	2.98047702773106	330
MAPLE_PLAINS	2024	2	15	46	-8.5	-1.3	7.16181178727048	-999.9	0	4.44444444444444	3.08546592115602	330
MAPLE_PLAINS	2024	2	16	47	-18.2	-4.2	10.1288776589831	-999.9	0	1.74768518518519	1.90191750269949	330
MAPLE_PLAINS	2024	2	17	48	-16	-3.2	9.82275597200078	-999.9	0	2.91666666666667	1.87948148052313	330
MAPLE_PLAINS	2024	2	18	49	-17.3	-6.1	9.31871701519185	-999.9	0.8	4.15509259259258	1.68283981987329	330
MAPLE_PLAINS	2024	2	19	50	-10.3	-2	8.13560678575854	-999.9	0	3.42592592592592	2.79331283045348	330
MAPLE_PLAINS	2024	2	20	51	-16.4	-7.5	8.54342903084598	-999.9	0	3.66898148148147	1.33918532841336	330
MAPLE_PLAINS	2024	2	21	52	-23.4	-4.4	12.6584463585549	-999.9	0.3	1.72453703703704	1.36719544166691	330
MAPLE_PLAINS	2024	2	22	53	-13.6	-0.9	10.4942064096084	-999.9	0	2.07175925925926	2.90292370872998	330
MAPLE_PLAINS	2024	2	23	54	-13.6	3.1	12.2018480612419	-999.9	7.3	2.97453703703703	3.77832874224111	330
MAPLE_PLAINS	2024	2	24	55	-11.9	3.2	11.7638325211826	-999.9	16.6	3.35648148148147	4.08805878621518	330
MAPLE_PLAINS	2024	2	25	56	-16	-4.5	10.4081500696702	-999.9	0	3.53009259259258	1.90602340111493	330
MAPLE_PLAINS	2024	2	26	57	-14.5	0.7	12.1305361176984	-999.9	0.6	3.31018518518519	3.10679020858257	330
MAPLE_PLAINS	2024	2	27	58	-5.4	5.1	10.2200695051047	-999.9	0	3.22916666666667	4.66121514755954	330
MAPLE_PLAINS	2024	2	28	59	4.2	8.4	6.55164660172138	-999.9	4.2	5.68287037037036	9.02000780034906	330
MAPLE_PLAINS	2024	2	29	60	-12.1	9.9	15.1973433834152	-999.9	7.3	7.30324074074075	4.39679671712493	330
MAPLE_PLAINS	2024	3	1	61	-13.9	-6.5	8.93233440410437	-999.9	0	6.84027777777778	1.48218278050371	330
MAPLE_PLAINS	2024	3	2	62	-10.7	7.2	14.0776157062902	-999.9	0	3.36805555555556	3.57324768743468	330
MAPLE_PLAINS	2024	3	3	63	2.3	7.5	7.68806333026864	-999.9	9.4	2.44212962962963	8.21396839164305	330
MAPLE_PLAINS	2024	3	4	64	-5.6	2.9	9.95853002430455	-999.9	0	3.72685185185186	4.04940275672559	330
MAPLE_PLAINS	2024	3	5	65	-5	7	11.986802691932	-999.9	4.8	3.48379629629631	4.86874987531348	330
MAPLE_PLAINS	2024	3	6	66	0.4	6.8	8.8671668000618	-999.9	20.5	2.41898148148148	7.39873333053342	330
MAPLE_PLAINS	2024	3	7	67	-2.5	0.4	6.0454696583078	-999.9	16.4	3.35648148148147	5.23032069708708	330
MAPLE_PLAINS	2024	3	8	68	-3.3	-0.6	5.90747578356375	-999.9	0.2	3.77314814814814	4.67962221987954	330
MAPLE_PLAINS	2024	3	9	69	-3.2	2.9	8.99136861784596	-999.9	0.2	2.5462962962963	5.00395155546832	330
MAPLE_PLAINS	2024	3	10	70	-2.5	1.8	7.64340232012326	-999.9	12.2	7.62731481481481	5.14426325023712	330
MAPLE_PLAINS	2024	3	11	71	-0.9	7.8	11.0066097441069	-999.9	0.5	5.18518518518519	6.96876922624027	330
MAPLE_PLAINS	2024	3	12	72	-1.8	-0.1	4.92502917291104	-999.9	2.1	4.21296296296297	5.51085607993084	330
MAPLE_PLAINS	2024	3	13	73	-0.6	1.1	4.98479537615205	-999.9	0.2	4.20138888888889	5.83287564249218	330
MAPLE_PLAINS	2024	3	14	74	-1.7	4.6	9.71133696786421	-999.9	0	1.79398148148148	5.96742817211968	330
MAPLE_PLAINS	2024	3	15	75	-1.7	7.8	12.0671037797136	-999.9	0	1.5162037037037	6.66012853944545	330
MAPLE_PLAINS	2024	3	16	76	-3.7	8.1	13.6069470072554	-999.9	0.7	2.01388888888889	5.51885655650696	330
MAPLE_PLAINS	2024	3	17	77	0.5	6.1	9.48281923887855	-999.9	2.8	4.57175925925925	6.73827992821874	330
MAPLE_PLAINS	2024	3	18	78	-0.5	8	11.8173864443411	-999.9	0	3.35648148148147	6.66131537246185	330
MAPLE_PLAINS	2024	3	19	79	-2.2	2.7	9.07450088880359	-999.9	1.7	2.17592592592593	5.42316262382169	330
MAPLE_PLAINS	2024	3	20	80	-2.2	6.5	12.2275879600378	-999.9	0	2.66203703703704	5.17320514457126	330
MAPLE_PLAINS	2024	3	21	81	-3.7	3.3	11.0899588769728	-999.9	7.5	6.44675925925925	4.72573348170085	330
MAPLE_PLAINS	2024	3	22	82	-6.5	0.4	11.131356403911	-999.9	0	7.75462962962964	2.92129594026215	330
MAPLE_PLAINS	2024	3	23	83	-6.8	3.7	13.8804432752062	-999.9	7.8	4.50231481481481	3.5866009394872	330
MAPLE_PLAINS	2024	3	24	84	-2.5	8.1	14.0957747534258	-999.9	20	5.9375	5.70331457397822	330
MAPLE_PLAINS	2024	3	25	85	-4.9	3.7	12.8308218564187	-999.9	0	2.91666666666667	3.30477220548558	330
MAPLE_PLAINS	2024	3	26	86	-2.1	5.8	12.4259519239544	-999.9	19.9	3.40277777777778	4.90912801640041	330
MAPLE_PLAINS	2024	3	27	87	2.4	10.4	12.6332011345813	-999.9	3.1	5.12731481481481	9.03416578034413	330
MAPLE_PLAINS	2024	3	28	88	5.8	13.2	12.2737649004682	-999.9	44.1	2.00231481481481	11.649075684168	330
MAPLE_PLAINS	2024	3	29	89	4.8	15	14.5544774967549	-999.9	12.9	2.73148148148148	11.8181814056361	330
MAPLE_PLAINS	2024	3	30	90	-0.7	4.9	10.8909578653711	-999.9	1.4	5.89120370370369	5.92880842618202	330
MAPLE_PLAINS	2024	3	31	91	-2.2	5.1	12.5559582071123	-999.9	0	4.00462962962964	4.06583820987053	330
MAPLE_PLAINS	2024	4	1	92	-4.7	6.1	15.4190435765767	-999.9	0	2.69675925925926	4.01931170988193	330
MAPLE_PLAINS	2024	4	2	93	-6.1	4.3	15.274255933959	-999.9	0	2.44212962962963	4.98376080812666	330
MAPLE_PLAINS	2024	4	3	94	-2.1	5.6	13.2656115012235	-999.9	0	3.61111111111111	5.65161179112289	330
MAPLE_PLAINS	2024	4	4	95	-0.7	4.5	11.0017755546281	-999.9	6.9	4.96527777777778	6.00891047367569	330
MAPLE_PLAINS	2024	4	5	96	0.5	7	12.4118832567393	-999.9	4.7	5.9375	7.25113669358529	330
MAPLE_PLAINS	2024	4	6	97	0.4	3.8	9.0569317295498	-999.9	1.9	3.70370370370369	6.53864572039542	330
MAPLE_PLAINS	2024	4	7	98	-1.2	5	12.3378335871898	-999.9	0	4.66435185185186	5.96492137796796	330
MAPLE_PLAINS	2024	4	8	99	-2.5	13	19.6766524241811	-999.9	0.2	2.1412037037037	6.06061550305277	330
MAPLE_PLAINS	2024	4	9	100	-6.7	2.4	15.2051017919365	-999.9	0	3.49537037037036	4.09605060516369	330
MAPLE_PLAINS	2024	4	10	101	-7.8	10	21.4438612515886	-999.9	0	1.8287037037037	4.43320373649642	330
MAPLE_PLAINS	2024	4	11	102	-1	12.4	18.7590545642751	-999.9	0	4.10879629629631	5.87109186413993	330
MAPLE_PLAINS	2024	4	12	103	3.3	13.4	16.418222802248	-999.9	1	7.25694444444445	9.8233751065305	330
MAPLE_PLAINS	2024	4	13	104	5.3	18.3	18.7752423301703	-999.9	1	5.43981481481481	12.5246514717832	330
MAPLE_PLAINS	2024	4	14	105	4.7	10.4	12.529720825355	-999.9	0	4.05092592592592	8.18540087895046	330
MAPLE_PLAINS	2024	4	15	106	3.6	15	17.8561711325424	-999.9	0	2.8125	9.20936482198015	330
MAPLE_PLAINS	2024	4	16	107	-0.2	16.9	22.0347416495572	-999.9	0.5	1.75925925925926	8.080071918611	330
MAPLE_PLAINS	2024	4	17	108	0.9	5.7	11.7610682054228	-999.9	0	2.91666666666667	6.5277086804619	330
MAPLE_PLAINS	2024	4	18	109	-3.5	7.7	18.0964698081138	-999.9	0	2.91666666666667	5.62537718710999	330
MAPLE_PLAINS	2024	4	19	110	-4.8	10.6	21.3720701817042	-999.9	0	2.1412037037037	5.1361550203934	330
MAPLE_PLAINS	2024	4	20	111	3.2	8.3	12.385558787584	-999.9	11.3	3.92361111111111	7.37335557872404	330
MAPLE_PLAINS	2024	4	21	112	3.4	12.8	16.9309711373044	-999.9	0	2.60869565217391	7.41961201960883	330
MAPLE_PLAINS	2024	4	22	113	-5.4	8.6	20.8023675816506	-999.9	0	3.65740740740742	4.14469290106256	330
MAPLE_PLAINS	2024	4	23	114	-6.5	13.5	25.0286933825426	-999.9	0	3.50694444444444	4.17934829339945	330
MAPLE_PLAINS	2024	4	24	115	-1.7	12.9	21.5237488807746	-999.9	1.6	2.96296296296297	6.37093603580179	330
MAPLE_PLAINS	2024	4	25	116	-5.3	5.1	18.2818692289335	-999.9	0	5.91435185185186	3.72440229927551	330
MAPLE_PLAINS	2024	4	26	117	-6.6	7.5	21.4200418157586	-999.9	0	1.6087962962963	3.92450329758078	330
MAPLE_PLAINS	2024	4	27	118	-7.6	8.4	22.957375069434	-999.9	0	1.63194444444444	3.87777669923685	330
MAPLE_PLAINS	2024	4	28	119	-8.2	15	27.8101047787709	-999.9	0	2.30324074074074	4.55123271095748	330
MAPLE_PLAINS	2024	4	29	120	2.3	9.9	16.0105776874395	-999.9	3.6	3.34490740740742	7.2218343767183	330
MAPLE_PLAINS	2024	4	30	121	0.7	4.7	11.6820004927703	-999.9	0	5.13888888888889	5.74678199845393	330
MAPLE_PLAINS	2024	5	1	122	2.2	9	15.3170246378525	-999.9	0.2	2.90509259259258	7.80192286343708	330
MAPLE_PLAINS	2024	5	2	123	3.1	5.1	8.35244569199913	-999.9	0.2	3.03240740740742	7.71857618758261	330
MAPLE_PLAINS	2024	5	3	124	2.6	4.6	8.39727957664922	-999.9	1.1	4.73379629629631	7.58734146999693	330
MAPLE_PLAINS	2024	5	4	125	-0.1	11.2	20.0647751767596	-999.9	0	2.53472222222222	7.52874118034221	330
MAPLE_PLAINS	2024	5	5	126	-1.8	16.1	25.3828173988003	-999.9	0	1.84027777777778	7.68763484272307	330
MAPLE_PLAINS	2024	5	6	127	5.4	14.3	17.9876149150839	-999.9	4.8	3.22916666666667	10.6037968109576	330
MAPLE_PLAINS	2024	5	7	128	4.1	17.4	22.0961678506205	-999.9	0	2.52314814814815	9.47241624761556	330
MAPLE_PLAINS	2024	5	8	129	1.2	10.2	18.2630162841166	-999.9	2.8	2.62731481481481	7.23539258452754	330
MAPLE_PLAINS	2024	5	9	130	2.6	6.7	12.3837191877484	-999.9	8.2	3.84259259259258	7.9051521995715	330
MAPLE_PLAINS	2024	5	10	131	-1.3	11.1	21.6334596914892	-999.9	0	2.58101851851852	7.20625294024112	330
MAPLE_PLAINS	2024	5	11	132	-1.3	11.8	22.3334107295779	-999.9	0	1.72453703703704	7.33163019342238	330
MAPLE_PLAINS	2024	5	12	133	-1.9	10.7	21.9966978296189	-999.9	0	2.91666666666667	6.83964426519743	330
MAPLE_PLAINS	2024	5	13	134	-2.2	16.7	27.0523320530351	-999.9	0	2.03703703703704	7.30941510750895	330
MAPLE_PLAINS	2024	5	14	135	0.4	20.7	28.149613130105	-999.9	0	2.74305555555556	7.64892144702579	330
MAPLE_PLAINS	2024	5	15	136	6.4	24.2	26.4627063966671	-999.9	0	2.1875	10.5237042134295	330
MAPLE_PLAINS	2024	5	16	137	6	20.7	24.139720352896	-999.9	0	2.10648148148148	10.8685791262553	330
MAPLE_PLAINS	2024	5	17	138	5.8	20.5	24.2287621917467	-999.9	0	2.25694444444444	11.7437095702118	330
MAPLE_PLAINS	2024	5	18	139	6	21.9	25.2883218108669	-999.9	0	3.4375	11.7864910727792	330
MAPLE_PLAINS	2024	5	19	140	7.5	18.4	21.0103692695237	-999.9	0	4.28240740740742	11.528066418063	330
MAPLE_PLAINS	2024	5	20	141	8.8	22.5	23.6336071257783	-999.9	0	3.02083333333333	12.477945346258	330
MAPLE_PLAINS	2024	5	21	142	10.8	22.4	21.8171748448083	-999.9	0	3.49537037037036	14.1618046773301	330
MAPLE_PLAINS	2024	5	22	143	10.4	22.4	22.2592545829512	-999.9	0	1.875	14.5133118022136	330
MAPLE_PLAINS	2024	5	23	144	10.4	27.1	26.3378048196159	-999.9	0	2.55787037037037	17.7302688844459	330
MAPLE_PLAINS	2024	5	24	145	10.9	25.8	24.9497883523685	-999.9	1.1	2.75462962962963	15.3887717762901	330
MAPLE_PLAINS	2024	5	25	146	4	15.8	22.264776749537	-999.9	0	2.30324074074074	10.0117754394897	330
MAPLE_PLAINS	2024	5	26	147	1.3	15.2	24.2292366776506	-999.9	0	1.96759259259259	9.00111175810659	330
MAPLE_PLAINS	2024	5	27	148	-0.1	18.6	28.1747237198614	-999.9	0	3.22916666666667	8.82621160254588	330
MAPLE_PLAINS	2024	5	28	149	9.6	18.1	19.0417363587505	-999.9	0	6.71296296296297	14.2647502077591	330
MAPLE_PLAINS	2024	5	29	150	7.8	22.8	25.3543670900167	-999.9	0	3.21759259259258	13.658269877554	330
MAPLE_PLAINS	2024	5	30	151	4.6	21.5	26.971961597123	-999.9	0	1.8287037037037	9.7366174220281	330
MAPLE_PLAINS	2024	5	31	152	1	15.8	25.2938060312059	-999.9	0	1.96759259259259	8.080071918611	330
MAPLE_PLAINS	2024	6	1	153	-0.4	11.6	22.8212974588056	-999.9	1.2	3.04398148148147	7.97318458482961	330
MAPLE_PLAINS	2024	6	2	154	7.7	12.7	14.7588816871322	-999.9	6.4	3.92361111111111	11.3342749833927	330
MAPLE_PLAINS	2024	6	3	155	8.2	15.7	18.1079920014296	-999.9	0	2.61574074074074	12.9106853452451	330
MAPLE_PLAINS	2024	6	4	156	8.6	18	20.306140368851	-999.9	0	2.99768518518519	13.4818941542614	330
MAPLE_PLAINS	2024	6	5	157	9	18.2	20.1202721379084	-999.9	0	2.96296296296297	12.3928223178835	330
MAPLE_PLAINS	2024	6	6	158	5.8	21.4	26.2380465151616	-999.9	0	1.65509259259259	12.5687456630901	330
MAPLE_PLAINS	2024	6	7	159	6.4	22.7	26.8562354543285	-999.9	0	2.09490740740741	13.5177459343451	330
MAPLE_PLAINS	2024	6	8	160	11.2	21.5	21.3749466966479	-999.9	9.7	3.22916666666667	16.5966743028539	330
MAPLE_PLAINS	2024	6	9	161	12.6	21.5	19.891593032783	-999.9	2.8	2.60416666666667	16.8453686884213	330
MAPLE_PLAINS	2024	6	10	162	11.9	20.5	19.5733443123975	-999.9	0.6	3.13657407407408	15.3156104202043	330
MAPLE_PLAINS	2024	6	11	163	9.3	22.1	23.9009534855156	-999.9	0	2.10648148148148	14.6548836031995	330
MAPLE_PLAINS	2024	6	12	164	8.9	24.6	26.4915730526955	-999.9	0	1.03009259259259	15.8556286396885	330
MAPLE_PLAINS	2024	6	13	165	10.7	25	25.3003730535067	-999.9	0	2.58101851851852	15.9677354329136	330
MAPLE_PLAINS	2024	6	14	166	12.5	27.2	25.6668113240913	-999.9	0	3.56481481481481	17.3524106752126	330
MAPLE_PLAINS	2024	6	15	167	7.3	17.4	21.2853938224179	-999.9	9.3	1.8287037037037	13.2015262299861	330
MAPLE_PLAINS	2024	6	16	168	6.3	21.9	26.4633307724717	-999.9	0	2.34953703703704	10.8567953082606	330
MAPLE_PLAINS	2024	6	17	169	7.9	23.6	26.5550255736306	-999.9	0	2.99768518518519	11.895311462676	330
MAPLE_PLAINS	2024	6	18	170	13.8	26.6	23.981155001217	-999.9	0	2.89351851851853	16.4010481356239	330
MAPLE_PLAINS	2024	6	19	171	16.8	30.5	24.8111650684976	-999.9	0	3.18287037037036	23.0148524656167	330
MAPLE_PLAINS	2024	6	20	172	15.9	31.3	26.304046936736	-999.9	1.9	1.81712962962963	23.1813795737022	330
MAPLE_PLAINS	2024	6	21	173	10.4	24	24.7149986496987	-999.9	0	1.65509259259259	12.979019079585	330
MAPLE_PLAINS	2024	6	22	174	8.7	27.2	28.8177142825557	-999.9	0	1.66666666666667	14.363239717731	330
MAPLE_PLAINS	2024	6	23	175	12	20.4	19.4110689226333	-999.9	23.2	3.28703703703703	16.6484075040551	330
MAPLE_PLAINS	2024	6	24	176	14.5	19.3	14.6662871391966	-999.9	4.2	2.75462962962963	17.9380478671493	330
MAPLE_PLAINS	2024	6	25	177	11.5	15.8	13.8732164140855	-999.9	102.5	2.41898148148148	15.1035698268759	330
MAPLE_PLAINS	2024	6	26	178	12.2	25.7	24.5644356641064	-999.9	0	3.40277777777778	18.1185957823965	330
MAPLE_PLAINS	2024	6	27	179	15.1	21.8	17.2913091218899	-999.9	22.8	2.70833333333333	19.6204024570007	330
MAPLE_PLAINS	2024	6	28	180	9.1	20.1	22.1355826505561	-999.9	0.3	2.4537037037037	13.8278372944589	330
MAPLE_PLAINS	2024	6	29	181	9.7	23.4	24.6781496336893	-999.9	0.5	2.88194444444444	14.5253331456098	330
MAPLE_PLAINS	2024	6	30	182	13.4	22.7	20.3097698735395	-999.9	3.6	4.64120370370369	18.0640147951386	330
MAPLE_PLAINS	2024	7	1	183	12.1	21.5	20.3935186516425	-999.9	0	1.59722222222222	16.6880291336449	330
MAPLE_PLAINS	2024	7	2	184	8.9	26.3	27.7090108622513	-999.9	0	1.06481481481481	14.0353215023277	330
MAPLE_PLAINS	2024	7	3	185	7.9	28.1	29.8121743021486	-999.9	0	1.66666666666667	13.8408561894516	330
MAPLE_PLAINS	2024	7	4	186	14.1	24.4	21.2550193407587	-999.9	0	2.87037037037036	15.2293009721289	330
MAPLE_PLAINS	2024	7	5	187	14.6	26.7	22.999256842885	-999.9	0	2.60416666666667	18.7740263216302	330
MAPLE_PLAINS	2024	7	6	188	16.8	19.6	11.0441322521618	-999.9	2.1	3.18287037037036	19.4456655338983	330
MAPLE_PLAINS	2024	7	7	189	17.2	25.4	18.8644498900374	-999.9	1.8	1.79398148148148	23.3474378464884	330
MAPLE_PLAINS	2024	7	8	190	16.7	31.1	24.949175522281	-999.9	0	1.74768518518519	25.6760815444598	330
MAPLE_PLAINS	2024	7	9	191	18.1	27	19.5731491892272	-999.9	0	2.60416666666667	23.3355466536512	330
MAPLE_PLAINS	2024	7	10	192	17.9	29.2	22.0063799381238	-999.9	4.6	2.00231481481481	24.6561150776023	330
MAPLE_PLAINS	2024	7	11	193	18.2	23.2	14.6046417401677	-999.9	34.2	1.59722222222222	23.9016439568089	330
MAPLE_PLAINS	2024	7	12	194	17.7	24.5	16.9906354982761	-999.9	1.3	2.11805555555556	23.3244022548532	330
MAPLE_PLAINS	2024	7	13	195	18	28.3	20.8581446457786	-999.9	0	2.52314814814815	24.419853005699	330
MAPLE_PLAINS	2024	7	14	196	17.6	30.1	22.9174603250204	-999.9	0	2.01388888888889	24.8570281940807	330
MAPLE_PLAINS	2024	7	15	197	17.3	29.9	22.9458197998031	-999.9	0	2.31481481481481	22.5963605308327	330
MAPLE_PLAINS	2024	7	16	198	18.7	30.3	21.9536332964782	-999.9	32.5	2.80092592592592	27.092677470713	330
MAPLE_PLAINS	2024	7	17	199	18.6	28.3	20.0158728074529	-999.9	0.3	2.21064814814815	25.4165790322719	330
MAPLE_PLAINS	2024	7	18	200	18.1	24.1	15.6937798724379	-999.9	0.8	2.62731481481481	23.4709649261135	330
MAPLE_PLAINS	2024	7	19	201	13.3	27.1	23.7250211439959	-999.9	0	2.80092592592592	18.163962729912	330
MAPLE_PLAINS	2024	7	20	202	12.4	27.2	24.4886459633079	-999.9	0	2.1875	17.0528980187919	330
MAPLE_PLAINS	2024	7	21	203	10.6	25.1	24.1566287637456	-999.9	0	1.86342592592593	16.6178253943041	330
MAPLE_PLAINS	2024	7	22	204	12	24.4	22.2604003735881	-999.9	0	2.83564814814814	15.3012206314397	330
MAPLE_PLAINS	2024	7	23	205	10.8	22.6	21.6363581757833	-999.9	0	1.01851851851852	16.5187570207947	330
MAPLE_PLAINS	2024	7	24	206	13	26.2	22.7982862987543	-999.9	0	1.2037037037037	18.6174153869256	330
MAPLE_PLAINS	2024	7	25	207	16.8	25.7	18.6480397520861	-999.9	3.4	2.58101851851852	20.6343447512996	330
MAPLE_PLAINS	2024	7	26	208	10.2	22.8	22.1002445214814	-999.9	0	2.44212962962963	16.3885532176699	330
MAPLE_PLAINS	2024	7	27	209	8.9	25.8	25.4905534733429	-999.9	0	1.00694444444444	15.4654742133404	330
MAPLE_PLAINS	2024	7	28	210	13	27.6	23.5931935809449	-999.9	0	2.60416666666667	17.3697241089922	330
MAPLE_PLAINS	2024	7	29	211	12.8	31	26.2283194808446	-999.9	0	3.06712962962964	20.2183445623194	330
MAPLE_PLAINS	2024	7	30	212	14.5	26.4	21.114586776788	-999.9	0	3.17129629629631	20.0170245245371	330
MAPLE_PLAINS	2024	7	31	213	18.2	27.8	18.8785531900652	-999.9	0	3.04398148148147	22.8150463956677	330
MAPLE_PLAINS	2024	8	1	214	19.9	28.3	17.577056554557	-999.9	6.7	3.42592592592592	26.8529701468119	330
MAPLE_PLAINS	2024	8	2	215	19.5	30.9	20.3789382442088	-999.9	0	1.875	25.4851236413993	330
MAPLE_PLAINS	2024	8	3	216	19	28.3	18.3164876600883	-999.9	0	2.39583333333333	24.8663403304585	330
MAPLE_PLAINS	2024	8	4	217	19.2	26.8	16.4750923397044	-999.9	0	1.85185185185185	25.2951982707248	330
MAPLE_PLAINS	2024	8	5	218	16.6	28	20.074388732071	-999.9	0	1.75925925925926	23.0153519912807	330
MAPLE_PLAINS	2024	8	6	219	14.3	22.8	17.2431447858703	-999.9	2.6	2.07175925925926	17.3125924796602	330
MAPLE_PLAINS	2024	8	7	220	9.2	25.6	23.822869185278	-999.9	0	1.62037037037037	15.2393035415309	330
MAPLE_PLAINS	2024	8	8	221	7.2	25.6	25.0953906323345	-999.9	0	1.35416666666667	13.327277719452	330
MAPLE_PLAINS	2024	8	9	222	11.3	21.9	18.9408043427446	-999.9	1.6	2.29166666666667	16.9119765677938	330
MAPLE_PLAINS	2024	8	10	223	18.3	23.1	12.6728361977014	-999.9	0.6	3.84259259259258	23.2377094024531	330
MAPLE_PLAINS	2024	8	11	224	13.1	28.7	22.7127777299991	-999.9	0	2.91666666666667	18.6135942253888	330
MAPLE_PLAINS	2024	8	12	225	11.6	26.4	21.9907651023035	-999.9	0	1.90972222222222	17.6405810788528	330
MAPLE_PLAINS	2024	8	13	226	11.2	26.1	21.9306082694055	-999.9	1	1.70138888888889	18.2693264360412	330
MAPLE_PLAINS	2024	8	14	227	7.1	23.3	22.7252878842061	-999.9	0	1.71296296296296	13.8526084669852	330
MAPLE_PLAINS	2024	8	15	228	5.8	27.1	25.8929816968869	-999.9	0	0.960648148148147	13.9463682388988	330
MAPLE_PLAINS	2024	8	16	229	9.4	28.1	24.1045611363179	-999.9	0	1.38888888888889	16.6317729627777	330
MAPLE_PLAINS	2024	8	17	230	10.2	27.2	22.8315077034739	-999.9	0	1.95601851851852	15.9055913613534	330
MAPLE_PLAINS	2024	8	18	231	13.3	25.4	19.1328568564898	-999.9	0	2.73148148148148	18.5261730152958	330
MAPLE_PLAINS	2024	8	19	232	14.9	30.2	21.3675595115363	-999.9	0	1.86342592592593	24.666384122591	330
MAPLE_PLAINS	2024	8	20	233	19.3	28.6	16.5431261178992	-999.9	0.9	2.33796296296296	26.1054671201833	330
MAPLE_PLAINS	2024	8	21	234	17.9	20.2	8.16867326929643	-999.9	2.9	2.08333333333333	21.2660167124506	330
MAPLE_PLAINS	2024	8	22	235	13.6	25	18.0549343309416	-999.9	0.8	2.25694444444444	17.795616142094	330
MAPLE_PLAINS	2024	8	23	236	12.6	22.9	17.0357846903902	-999.9	0.4	1.74768518518519	16.6235826233171	330
MAPLE_PLAINS	2024	8	24	237	15.7	27.1	17.7885255636533	-999.9	0	2.91062801932367	17.2905901912439	330
MAPLE_PLAINS	2024	8	25	238	13.2	30.8	21.9346954862987	-999.9	0	1.42361111111111	21.0831817615232	330
MAPLE_PLAINS	2024	8	26	239	12.6	26.7	19.4812195888158	-999.9	0	1.30787037037037	19.2038736186716	330
MAPLE_PLAINS	2024	8	27	240	14.2	27.8	18.982382801913	-999.9	0	2.26851851851852	19.6647924683135	330
MAPLE_PLAINS	2024	8	28	241	10.7	21.4	16.7028682520847	-999.9	2.8	3.03240740740742	15.8895670320424	330
MAPLE_PLAINS	2024	8	29	242	4.2	18.6	19.2194675389344	-999.9	0	2.37268518518519	9.96453832469801	330
MAPLE_PLAINS	2024	8	30	243	3.8	24.7	22.9634472535443	-999.9	0	1.58564814814815	11.9842255653671	330
MAPLE_PLAINS	2024	8	31	244	11.6	24.2	17.6805516597852	-999.9	0	3.07870370370369	15.5387258833995	330
MAPLE_PLAINS	2024	9	1	245	15.9	24.9	14.8156609798017	-999.9	0.3	3.65740740740742	20.9467267200261	330
MAPLE_PLAINS	2024	9	2	246	7.5	21.7	18.4491228013054	-999.9	0	1.96759259259259	13.5080381413442	330
MAPLE_PLAINS	2024	9	3	247	7.8	19.6	16.6704287656837	-999.9	0	3.22916666666667	9.81109008293803	330
MAPLE_PLAINS	2024	9	4	248	8.4	24	18.9969838829803	-999.9	0	2.24537037037037	12.3110389595002	330
MAPLE_PLAINS	2024	9	5	249	10.9	26.3	18.7043069581526	-999.9	0	2.67361111111111	15.7615419882147	330
MAPLE_PLAINS	2024	9	6	250	10.6	22.6	16.3596146920492	-999.9	0	2.17592592592593	14.4542080105116	330
MAPLE_PLAINS	2024	9	7	251	15.9	19.3	8.6271104773707	-999.9	16.6	5.24305555555556	18.9438952490926	330
MAPLE_PLAINS	2024	9	8	252	9.8	22.7	16.6458693632885	-999.9	1.2	3.28703703703703	16.7703974924519	330
MAPLE_PLAINS	2024	9	9	253	6.1	20	17.1138237094217	-999.9	0.2	2.4537037037037	11.484349435023	330
MAPLE_PLAINS	2024	9	10	254	7.1	22.2	17.6643844572215	-999.9	0	1.875	12.2357936843879	330
MAPLE_PLAINS	2024	9	11	255	6.4	20.3	16.7814795135342	-999.9	0	1.48148148148148	12.0458897606507	330
MAPLE_PLAINS	2024	9	12	256	6.2	22.7	18.1017334850668	-999.9	0	1.33101851851852	12.8131930036843	330
MAPLE_PLAINS	2024	9	13	257	11.5	25.4	16.4468831949277	-999.9	16.4	1.86342592592593	18.0532493726645	330
MAPLE_PLAINS	2024	9	14	258	4.2	16.8	15.4989515437914	-999.9	0	2.38425925925926	10.187938427358	330
MAPLE_PLAINS	2024	9	15	259	3.5	21.7	18.4347222353231	-999.9	0	0.972222222222222	11.9506047983386	330
MAPLE_PLAINS	2024	9	16	260	9.5	25.7	17.2101836955098	-999.9	0	2.41898148148148	16.49381813021	330
MAPLE_PLAINS	2024	9	17	261	15	28	15.2535265192314	-999.9	0	2.40740740740741	20.266460027172	330
MAPLE_PLAINS	2024	9	18	262	12.8	28.6	16.6357159602967	-999.9	0	1.45833333333333	19.182601432003	330
MAPLE_PLAINS	2024	9	19	263	11.8	20.2	11.9980611080811	-999.9	0	2.19907407407407	16.3839767290662	330
MAPLE_PLAINS	2024	9	20	264	8	20.6	14.5331461115996	-999.9	0	3.09027777777778	12.2257378172393	330
MAPLE_PLAINS	2024	9	21	265	4.9	20.7	16.0935079694939	-999.9	0	2.15277777777778	11.6878180806631	330
MAPLE_PLAINS	2024	9	22	266	3.3	19.6	16.1625207552925	-999.9	0.6	1.43518518518519	11.5634440602798	330
MAPLE_PLAINS	2024	9	23	267	2.9	20	16.366365949868	-999.9	0	0.949074074074075	10.9844203518122	330
MAPLE_PLAINS	2024	9	24	268	2.3	18.6	15.7954946947446	-999.9	0	1.36574074074074	10.7744462398411	330
MAPLE_PLAINS	2024	9	25	269	12.1	18.1	9.47211958105599	-999.9	0	1.53935185185185	13.5986744717763	330
MAPLE_PLAINS	2024	9	26	270	11.5	18	9.74333985073337	-999.9	6.1	2.16435185185185	14.2812526795862	330
MAPLE_PLAINS	2024	9	27	271	12.4	14.8	5.85038700347055	-999.9	12.4	2.58101851851852	15.1554704055716	330
MAPLE_PLAINS	2024	9	28	272	5.5	18.3	13.3493664735534	-999.9	0.7	2.24537037037037	12.292837649265	330
MAPLE_PLAINS	2024	9	29	273	4.3	19.9	14.5594285868377	-999.9	0	0.9375	11.8358471479202	330
MAPLE_PLAINS	2024	9	30	274	7.5	17.1	11.2822182670745	-999.9	0	2.22222222222222	12.3038703213288	330
MAPLE_PLAINS	2024	10	1	275	10.8	16.7	8.73600966047418	-999.9	0	2.60416666666667	11.8421850405922	330
MAPLE_PLAINS	2024	10	2	276	3.8	16.9	12.8559233535247	-999.9	0	0.983796296296297	10.0674061829662	330
MAPLE_PLAINS	2024	10	3	277	3.9	19.2	13.7197808826903	-999.9	4.9	0.886243386243386	11.3425914083998	330
MAPLE_PLAINS	2024	10	4	278	6.9	20.8	12.9121053236778	-999.9	0	1.59722222222222	13.6468166085053	330
MAPLE_PLAINS	2024	10	5	279	10	16.9	8.98168657197961	-999.9	0.5	0.717592592592592	14.3483075579347	330
MAPLE_PLAINS	2024	10	6	280	11.1	17.8	8.73717677874747	-999.9	0.6	1.74768518518519	13.6431065772894	330
MAPLE_PLAINS	2024	10	7	281	10.3	18.6	9.59911240608995	-999.9	0	2.78985507246378	13.2261342993615	330
MAPLE_PLAINS	2024	10	8	282	11.1	16.3	7.49913684581471	-999.9	17	5.40509259259258	13.4771324334476	330
MAPLE_PLAINS	2024	10	9	283	4.1	14.7	10.5667341561597	-999.9	1	2.24537037037037	9.52816347945383	330
MAPLE_PLAINS	2024	10	10	284	4.1	13.9	10.0263132254423	-999.9	5.6	1.5625	9.49562256759879	330
MAPLE_PLAINS	2024	10	11	285	7.2	13.5	7.93236292255021	-999.9	0	4.61805555555556	8.63765057832861	330
MAPLE_PLAINS	2024	10	12	286	8.4	12.1	5.99794600484198	-999.9	12	5	10.2572100617652	330
MAPLE_PLAINS	2024	10	13	287	5.9	13.1	8.25475812565942	-999.9	0	4.28240740740742	8.43005604948105	330
MAPLE_PLAINS	2024	10	14	288	6	16.2	9.69266986682086	-999.9	22.9	3.50694444444444	12.720287163344	330
MAPLE_PLAINS	2024	10	15	289	6.6	14.6	8.46767635419224	-999.9	0	4.09722222222222	9.7481130953548	330
MAPLE_PLAINS	2024	10	16	290	3.3	8.7	6.86222116027548	-999.9	1.7	3.79629629629631	7.46162053253292	330
MAPLE_PLAINS	2024	10	17	291	-0.1	12.6	10.3798951437949	-999.9	0	1.96759259259259	7.11320815670493	330
MAPLE_PLAINS	2024	10	18	292	-1.3	12.7	10.7486826126918	-999.9	0	0.983796296296297	7.64161695632834	330
MAPLE_PLAINS	2024	10	19	293	0.1	18.5	12.1528830851556	-999.9	0	2.16435185185185	9.13584674197498	330
MAPLE_PLAINS	2024	10	20	294	8.1	19.1	9.26674759734563	-999.9	0	2.47685185185185	10.2426480986924	330
MAPLE_PLAINS	2024	10	21	295	11.5	19.6	7.84183861603082	-999.9	0	2.68518518518519	11.7499371921466	330
MAPLE_PLAINS	2024	10	22	296	1.7	13.8	9.45145799451319	-999.9	0	1.59722222222222	7.7570623555708	330
MAPLE_PLAINS	2024	10	23	297	9.7	19.3	8.3015926781864	-999.9	0	4.64120370370369	13.2828949574582	330
MAPLE_PLAINS	2024	10	24	298	8.5	16.1	7.28356406172069	-999.9	0	3.24074074074075	11.8789798578977	330
MAPLE_PLAINS	2024	10	25	299	0.8	9.3	7.59543119940783	-999.9	0	5.54398148148147	6.52664639383671	330
MAPLE_PLAINS	2024	10	26	300	-1.6	12.2	9.54301781117107	-999.9	0	2.37268518518519	6.76880550648452	330
MAPLE_PLAINS	2024	10	27	301	1.7	7	5.83160048158369	-999.9	0	4.75694444444445	4.72194478697611	330
MAPLE_PLAINS	2024	10	28	302	0.6	5.8	5.6958517697638	-999.9	0	4.52546296296297	4.7382376155001	330
MAPLE_PLAINS	2024	10	29	303	-6	7	8.88060657489905	-999.9	0	1.42361111111111	4.63780828883026	330
MAPLE_PLAINS	2024	10	30	304	-5.4	9.9	9.50037435640323	-999.9	0.2	3.125	5.67603547728557	330
MAPLE_PLAINS	2024	10	31	305	9.8	17.6	6.68928795027602	-999.9	0	3.39120370370369	13.4443413569672	330
MAPLE_PLAINS	2024	11	1	306	4.6	14.3	7.35653187932535	-999.9	8.8	2.68518518518519	11.0528670087916	330
MAPLE_PLAINS	2024	11	2	307	1.9	6.8	5.15656717646346	-999.9	0.3	2.36111111111111	6.1150760139713	330
MAPLE_PLAINS	2024	11	3	308	-0.3	5.1	5.33899326071757	-999.9	0	3.14814814814814	4.71674409872356	330
MAPLE_PLAINS	2024	11	4	309	-3.5	6.6	7.2019706484142	-999.9	0	1.78240740740741	4.93295996463189	330
MAPLE_PLAINS	2024	11	5	310	2.6	11.1	6.51719254236986	-999.9	5.4	3.02083333333333	9.03827686132651	330
MAPLE_PLAINS	2024	11	6	311	3.8	15.8	7.63903406867793	-999.9	0.9	2.82407407407408	11.0042269964575	330
MAPLE_PLAINS	2024	11	7	312	2.1	8	5.2845864953668	-999.9	0	2.88194444444444	6.17987267604337	330
MAPLE_PLAINS	2024	11	8	313	-0.1	9.6	6.68579000258345	-999.9	0.7	3.58796296296297	6.5333788977375	330
MAPLE_PLAINS	2024	11	9	314	0.3	4.9	4.54335466849807	-999.9	2.6	4.96527777777778	5.44096965403274	330
MAPLE_PLAINS	2024	11	10	315	-2.1	7.4	6.44382587254775	-999.9	0	3.39120370370369	4.50490582374751	330
MAPLE_PLAINS	2024	11	11	316	3.4	11.2	5.76330312093568	-999.9	8.1	3.24074074074075	8.78449521997337	330
MAPLE_PLAINS	2024	11	12	317	0.4	10.1	6.34475211478793	-999.9	19.7	3.22916666666667	8.56537172571664	330
MAPLE_PLAINS	2024	11	13	318	-0.2	1.7	2.77253684830421	-999.9	0	7.28009259259258	4.27334508865388	330
MAPLE_PLAINS	2024	11	14	319	0.3	2.2	2.73792072063692	-999.9	1.9	6.04166666666667	5.10390210016766	330
MAPLE_PLAINS	2024	11	15	320	1.2	6.9	4.68383523655547	-999.9	10.7	5.25462962962964	7.85171866989079	330
MAPLE_PLAINS	2024	11	16	321	5.4	7.3	2.67142192118461	-999.9	4.8	3.21759259259258	9.29164665350396	330
MAPLE_PLAINS	2024	11	17	322	4.1	5.9	2.56915137763293	-999.9	0	4.21296296296297	8.39192397059877	330
MAPLE_PLAINS	2024	11	18	323	3.9	5	1.98485459179611	-999.9	3.3	4.16666666666667	8.09976296298201	330
MAPLE_PLAINS	2024	11	19	324	4.6	6.9	2.83707796681517	-999.9	7.4	5.46296296296297	8.9141917964223	330
MAPLE_PLAINS	2024	11	20	325	4.9	5.9	1.84962374357274	-999.9	3.7	5.81018518518519	8.62888747373236	330
MAPLE_PLAINS	2024	11	21	326	4.9	6.1	2.00380777451045	-999.9	2.7	4.98842592592592	8.63235183529197	330
MAPLE_PLAINS	2024	11	22	327	5.4	7.4	2.55901860610306	-999.9	4.2	4.65277777777778	8.98589775302261	330
MAPLE_PLAINS	2024	11	23	328	5.5	8.5	3.10118739449002	-999.9	36	7.63888888888889	9.49440682724112	330
MAPLE_PLAINS	2024	11	24	329	2.7	6.8	3.5883030135113	-999.9	10.9	4.00462962962964	8.13935292453058	330
MAPLE_PLAINS	2024	11	25	330	2.3	5.7	3.23513349285189	-999.9	4.2	4.90740740740742	7.80407061554382	330
MAPLE_PLAINS	2024	11	26	331	2.6	5.6	3.00953618720941	-999.9	0.8	2.21064814814815	7.73571334608081	330
MAPLE_PLAINS	2024	11	27	332	1.2	6.2	3.8489793006097	-999.9	0.5	1.73611111111111	7.46773774371536	330
MAPLE_PLAINS	2024	11	28	333	-1.3	6.1	4.64021644908982	-999.9	5.1	2.34953703703704	5.71358176907235	330
MAPLE_PLAINS	2024	11	29	334	0.2	3.2	2.92879953281214	-999.9	10.6	4.83796296296297	6.4496600058555	330
MAPLE_PLAINS	2024	11	30	335	-2.2	4.2	4.24204279117115	-999.9	0	2.5	5.29211942968857	330
MAPLE_PLAINS	2024	12	1	336	-2.4	2.8	3.79312038654591	-999.9	0.7	2.67361111111111	4.53812255281086	330
MAPLE_PLAINS	2024	12	2	337	-8	1.4	5.06089090037824	-999.9	0.3	0.810185185185186	4.06535476012251	330
MAPLE_PLAINS	2024	12	3	338	-8.9	-0.1	4.8611036458489	-999.9	1.3	1.2962962962963	3.89678151505332	330
MAPLE_PLAINS	2024	12	4	339	-13.1	-2.1	5.39742786727129	-999.9	0	1.19212962962963	2.74669910163249	330
MAPLE_PLAINS	2024	12	5	340	-5.4	4.7	5.13828885189025	-999.9	7.9	4.76851851851853	5.26194249827147	330
MAPLE_PLAINS	2024	12	6	341	-6.3	0.5	4.19038281821189	-999.9	0.3	6.34259259259258	3.79577941233682	330
MAPLE_PLAINS	2024	12	7	342	-9.9	-6.3	3.03158359051118	-999.9	0	5.05787037037036	2.19558159212954	330
MAPLE_PLAINS	2024	12	8	343	-13.5	1.3	6.11433448180705	-999.9	5.7	4.14351851851853	3.30173377475806	330
MAPLE_PLAINS	2024	12	9	344	-10.3	-2.1	4.52907406932521	-999.9	0	3.76157407407408	3.03172707434456	330
MAPLE_PLAINS	2024	12	10	345	-7.7	0.9	4.6176703718338	-999.9	1.2	1.86342592592593	3.96344127588005	330
MAPLE_PLAINS	2024	12	11	346	0.8	13.5	5.58903077212495	-999.9	8.3	4.0625	9.90161672093215	330
MAPLE_PLAINS	2024	12	12	347	0.4	13.7	5.69919583576235	-999.9	1.3	5.38194444444445	8.40329023502809	330
MAPLE_PLAINS	2024	12	13	348	-6.1	1.2	4.20917217924722	-999.9	0	4.66435185185186	2.71486872116325	330
MAPLE_PLAINS	2024	12	14	349	-9.6	-3.3	3.89986308970535	-999.9	0	3.59953703703703	2.5692830659729	330
MAPLE_PLAINS	2024	12	15	350	-7.5	-1.9	3.66872302253209	-999.9	0	2.74305555555556	3.02594864050016	330
MAPLE_PLAINS	2024	12	16	351	-6.3	2.6	4.61697099905824	-999.9	0	2.33796296296296	3.86074396171707	330
MAPLE_PLAINS	2024	12	17	352	-0.8	8.4	4.68811032352379	-999.9	0.5	4.23611111111111	7.43327269026269	330
MAPLE_PLAINS	2024	12	18	353	1.4	6.2	3.38351164880065	-999.9	0	2.77777777777778	6.47013532588102	330
MAPLE_PLAINS	2024	12	19	354	-4.9	2.4	4.17112859018623	-999.9	7.1	3.18287037037036	4.8769672501288	330
MAPLE_PLAINS	2024	12	20	355	-4.9	-0.6	3.20164876667159	-999.9	0.5	2.53472222222222	3.81069439141196	330
MAPLE_PLAINS	2024	12	21	356	-7.9	-0.7	4.14529289494325	-999.9	4.5	5.71759259259258	4.05828685149536	330
MAPLE_PLAINS	2024	12	22	357	-10.1	-7.6	2.44517753518307	-999.9	0	4.39814814814814	2.40043261807163	330
MAPLE_PLAINS	2024	12	23	358	-17.5	-7.9	4.79875683183763	-999.9	0	2.75462962962963	1.78552154099965	330
MAPLE_PLAINS	2024	12	24	359	-17.1	-2.2	5.99017398911488	-999.9	5.6	3.91203703703703	2.66759132309798	330
MAPLE_PLAINS	2024	12	25	360	-6.7	0.5	4.17412080234853	-999.9	0	2.67361111111111	4.15088670536203	330
MAPLE_PLAINS	2024	12	26	361	-9.4	-1	4.5215644568269	-999.9	0	2.03703703703704	3.49767267280405	330
MAPLE_PLAINS	2024	12	27	362	-16.3	-1.3	6.06235245722802	-999.9	0	0.416666666666667	2.76668962565884	330
MAPLE_PLAINS	2024	12	28	363	-16.3	-0.3	6.28486851597433	-999.9	0.2	0.335648148148147	2.83703847735783	330
MAPLE_PLAINS	2024	12	29	364	-8.3	2	5.06392689115549	-999.9	0	1.48148148148148	4.57432193572755	330
MAPLE_PLAINS	2024	12	30	365	1.2	7.6	4.01033722364381	-999.9	4.3	4.87268518518519	8.06475966582133	330
MAPLE_PLAINS	2024	12	31	366	-1.9	8.6	5.16290833333065	-999.9	0.3	3.03240740740742	7.21773446157276	330
