MAPLE_PLAINS	2015	1	1	1	-14.3	-4.9	4.88496701972182	-999.9	0	2.65046296296296	2.52655771042974	330
MAPLE_PLAINS	2015	1	2	2	-10.3	-2.1	4.58768080106444	-999.9	0	4.30555555555556	3.00485231994214	330
MAPLE_PLAINS	2015	1	3	3	-17.8	-11.4	4.0770444589642	-999.9	0	4.10879629629631	1.27981596458327	330
MAPLE_PLAINS	2015	1	4	4	-13.2	2.6	6.44659609026144	-999.9	10.2	4.6875	3.713332055402	330
MAPLE_PLAINS	2015	1	5	5	-13	5.2	6.96558766128271	-999.9	0	6.72453703703703	4.34615481103406	330
MAPLE_PLAINS	2015	1	6	6	-19.7	-14	3.92599361119868	-999.9	0	6.28472222222222	0.937688457241556	330
MAPLE_PLAINS	2015	1	7	7	-20	-11.8	4.74433334595958	-999.9	0	0.648148148148147	1.29878542388634	330
MAPLE_PLAINS	2015	1	8	8	-21.7	-14.6	4.44954379014767	-999.9	0	3.59953703703703	0.917747538326199	330
MAPLE_PLAINS	2015	1	9	9	-19.7	0.1	7.49194619465438	-999.9	2.4	4.36342592592592	2.66126898447304	330
MAPLE_PLAINS	2015	1	10	10	-14.6	-9.3	3.90957071434407	-999.9	0	2.97453703703703	2.14611374925697	330
MAPLE_PLAINS	2015	1	11	11	-19.5	-9	5.55218244371775	-999.9	0	2.5462962962963	1.86168713880101	330
MAPLE_PLAINS	2015	1	12	12	-8.1	-4.2	3.41525859024868	-999.9	5	1.72453703703704	3.80938958362634	330
MAPLE_PLAINS	2015	1	13	13	-24.8	-4.5	7.86685426431004	-999.9	0.2	3.41435185185186	1.83175957172572	330
MAPLE_PLAINS	2015	1	14	14	-26.1	-7.2	7.6662082054886	-999.9	0	1.59722222222222	1.44534805478711	330
MAPLE_PLAINS	2015	1	15	15	-17.7	-4.8	6.39839696316684	-999.9	0	0.868055555555556	2.87417362089269	330
MAPLE_PLAINS	2015	1	16	16	-9.5	0.2	5.60678523647569	-999.9	3.5	4.13194444444444	4.43211797844637	330
MAPLE_PLAINS	2015	1	17	17	-20.9	-12.3	5.33641002570997	-999.9	0.2	4.82638888888889	1.0571241615136	330
MAPLE_PLAINS	2015	1	18	18	-25.2	2.8	9.73567612881191	-999.9	0	3.91203703703703	2.68792549213614	330
MAPLE_PLAINS	2015	1	19	19	3.1	6.2	3.27616172505263	-999.9	0	7.68518518518519	7.67363076045428	330
MAPLE_PLAINS	2015	1	20	20	-10.2	2.8	6.78670236819382	-999.9	0.2	5.32407407407408	3.85307902908078	330
MAPLE_PLAINS	2015	1	21	21	-14.6	-8.8	4.58673912529194	-999.9	0	3.93518518518519	1.79757723308839	330
MAPLE_PLAINS	2015	1	22	22	-15.3	-4.8	6.24572571851314	-999.9	0	2.09490740740741	2.80408196200335	330
MAPLE_PLAINS	2015	1	23	23	-9.3	-5.3	3.902175670169	-999.9	0	2.93981481481481	2.73523863261083	330
MAPLE_PLAINS	2015	1	24	24	-4.9	1.6	5.03625238326533	-999.9	23.9	3.48379629629631	4.68460936823409	330
MAPLE_PLAINS	2015	1	25	25	-10.3	2.4	7.12864838613508	-999.9	0.8	6.38888888888889	4.30565320418127	330
MAPLE_PLAINS	2015	1	26	26	-16.6	-10.8	4.87921053002603	-999.9	0	3.84259259259258	1.49825267784921	330
MAPLE_PLAINS	2015	1	27	27	-13.9	-5.3	6.01846764486838	-999.9	7.8	7.40740740740742	2.83724336430412	330
MAPLE_PLAINS	2015	1	28	28	-7.9	-2.8	4.69557874418356	-999.9	0.7	5.53240740740742	3.95278924489733	330
MAPLE_PLAINS	2015	1	29	29	-19.5	-7.4	7.32867721809096	-999.9	0	1.14583333333333	2.06525313041997	330
MAPLE_PLAINS	2015	1	30	30	-21.6	-5.7	8.51367931910952	-999.9	0	0.682870370370369	2.26971739779811	330
MAPLE_PLAINS	2015	1	31	31	-6.9	-1.2	5.16647590929705	-999.9	12.7	3.77314814814814	4.52827944423078	330
MAPLE_PLAINS	2015	2	1	32	-18.6	-5.3	7.99961466935388	-999.9	0	2.73148148148148	2.17188132965445	330
MAPLE_PLAINS	2015	2	2	33	-22.7	-12.8	6.99666019733317	-999.9	7.2	4.00462962962964	0.99405834767867	330
MAPLE_PLAINS	2015	2	3	34	-17.4	-8.5	6.72570082365839	-999.9	6	6.34259259259258	1.74945020351235	330
MAPLE_PLAINS	2015	2	4	35	-27.7	-6.2	10.5990365245846	-999.9	0	2.70833333333333	1.46076030046845	330
MAPLE_PLAINS	2015	2	5	36	-12.1	0.1	8.09585813119016	-999.9	4.3	4.78535353535353	4.40451680446976	330
MAPLE_PLAINS	2015	2	6	37	-18.2	-11.2	6.21863464009787	-999.9	1.2	4.38657407407408	1.65260462806169	330
MAPLE_PLAINS	2015	2	7	38	-26.2	-11	9.29296350123609	-999.9	0.2	1.59722222222222	1.23147437045064	330
MAPLE_PLAINS	2015	2	8	39	-30.3	-14.5	9.6087523668442	-999.9	0	1.48148148148148	0.931404563812403	330
MAPLE_PLAINS	2015	2	9	40	-28.2	-16.6	8.35005653349751	-999.9	0.2	2.22222222222222	0.950844548007719	330
MAPLE_PLAINS	2015	2	10	41	-30.3	-10.5	11.064387220122	-999.9	0	1.86342592592593	1.42872273733255	330
MAPLE_PLAINS	2015	2	11	42	-25.5	-13.4	8.7726487245332	-999.9	0	3.81944444444444	1.37662241426358	330
MAPLE_PLAINS	2015	2	12	43	-15.3	-7.7	7.05169822407825	-999.9	0	2.93981481481481	2.25344047366455	330
MAPLE_PLAINS	2015	2	13	44	-16.5	-10.4	6.40771294980395	-999.9	0	2.78935185185186	1.99315306043809	330
MAPLE_PLAINS	2015	2	14	45	-21.8	-13.3	7.67181289222015	-999.9	0	2.4537037037037	1.07085934696797	330
MAPLE_PLAINS	2015	2	15	46	-15.7	-9.9	6.42760395381362	-999.9	25	8.41435185185186	2.11214174031482	330
MAPLE_PLAINS	2015	2	16	47	-14.4	-11.7	4.44791827092994	-999.9	0	8.71527777777778	1.89057556848158	330
MAPLE_PLAINS	2015	2	17	48	-22	-11.5	8.89610233912874	-999.9	0	3.14814814814814	1.42871798776019	330
MAPLE_PLAINS	2015	2	18	49	-27.5	-7.1	12.575871151227	-999.9	0	1.36574074074074	1.54912589860972	330
MAPLE_PLAINS	2015	2	19	50	-9.7	-1.5	8.08598323651429	-999.9	6.7	3.26388888888889	3.70637680285381	330
MAPLE_PLAINS	2015	2	20	51	-10.9	-2.2	8.44638670781498	-999.9	0	6.38888888888889	3.04450565226127	330
MAPLE_PLAINS	2015	2	21	52	-15	-6.8	8.31541178923403	-999.9	0	4.65277777777778	1.74131206485277	330
MAPLE_PLAINS	2015	2	22	53	-11.8	1.5	10.7385561395913	-999.9	1.8	2.93981481481481	4.37350416390676	330
MAPLE_PLAINS	2015	2	23	54	-19.1	-3.8	11.6784314556274	-999.9	0.2	2.83564814814814	2.5417605071536	330
MAPLE_PLAINS	2015	2	24	55	-23.6	-15.4	8.66837710370754	-999.9	0	4.14351851851853	0.826620654802578	330
MAPLE_PLAINS	2015	2	25	56	-16.9	0.6	12.8384691641243	-999.9	4.8	6.45833333333333	2.98209072515638	330
MAPLE_PLAINS	2015	2	26	57	-13.1	-8.2	6.88691798068844	-999.9	0	4.15509259259258	1.96119109043378	330
MAPLE_PLAINS	2015	2	27	58	-19.8	-11.2	9.24860363447761	-999.9	0	2.97453703703703	1.34394265069296	330
MAPLE_PLAINS	2015	2	28	59	-25.9	-5.8	14.3314673076421	-999.9	0.2	2.2337962962963	1.44400561393811	330
MAPLE_PLAINS	2015	3	1	60	-22.2	-5.5	13.2397702023975	-999.9	0	2.39583333333333	2.00410235803629	330
MAPLE_PLAINS	2015	3	2	61	-6.6	-1.8	7.19340762042822	-999.9	1.8	3.75	3.98543141547422	330
MAPLE_PLAINS	2015	3	3	62	-15.7	-6.9	9.86979028643531	-999.9	0.2	5	1.44334549122986	330
MAPLE_PLAINS	2015	3	4	63	-13.2	2	13.1431702035475	-999.9	1.1	4.56018518518519	3.67054857704456	330
MAPLE_PLAINS	2015	3	5	64	-13.9	-1.3	12.123643648014	-999.9	0.2	3.96990740740742	2.1141883148339	330
MAPLE_PLAINS	2015	3	6	65	-22.5	-9.9	12.2817196568122	-999.9	0.2	2.65046296296296	1.36897687049133	330
MAPLE_PLAINS	2015	3	7	66	-18.2	-1.5	14.3223195283463	-999.9	0	3.33333333333333	2.56568596697521	330
MAPLE_PLAINS	2015	3	8	67	-18.2	-2.8	13.9299865915632	-999.9	0	1.48148148148148	2.46979648550968	330
MAPLE_PLAINS	2015	3	9	68	-21.4	-2.3	15.7106843622333	-999.9	0.7	1.95601851851852	2.65289791148304	330
MAPLE_PLAINS	2015	3	10	69	-19.5	-0.8	15.7412459067075	-999.9	0.2	2.19907407407407	2.63121549950879	330
MAPLE_PLAINS	2015	3	11	70	-1.7	5.6	9.95796058477058	-999.9	0	4.72222222222222	5.02002562028269	330
MAPLE_PLAINS	2015	3	12	71	-9.9	-1.9	10.5534506982832	-999.9	0	4.39814814814814	2.47458556889156	330
MAPLE_PLAINS	2015	3	13	72	-18.5	-8.8	11.7631825719957	-999.9	0.2	4.12037037037036	1.50820338420238	330
MAPLE_PLAINS	2015	3	14	73	-20.4	-4.9	15.0502053613638	-999.9	0	1.74768518518519	1.52710713828205	330
MAPLE_PLAINS	2015	3	15	74	-7.6	-5.7	5.33259173718847	-999.9	11.7	7.77777777777778	3.12588775081376	330
MAPLE_PLAINS	2015	3	16	75	-8.3	-6.6	5.10408127930066	-999.9	3.1	7.76620370370369	3.13098181193067	330
MAPLE_PLAINS	2015	3	17	76	-21	-2.9	16.8503897130519	-999.9	0	2.19907407407407	2.30466669383562	330
MAPLE_PLAINS	2015	3	18	77	-7.4	-2.5	8.86934554381445	-999.9	3	5.46296296296297	3.9953299147468	330
MAPLE_PLAINS	2015	3	19	78	-8	-2.1	9.84435279315514	-999.9	0.2	5.49768518518519	2.89037902844426	330
MAPLE_PLAINS	2015	3	20	79	-9.6	-1.9	11.3741350166892	-999.9	0	2.8125	2.35517079735531	330
MAPLE_PLAINS	2015	3	21	80	-9.4	2.1	14.0565107386715	-999.9	1.6	3.15972222222222	3.59727294351201	330
MAPLE_PLAINS	2015	3	22	81	-12	-0.2	14.3968837759281	-999.9	9.4	6.49305555555556	4.05270339751768	330
MAPLE_PLAINS	2015	3	23	82	-14.1	-5.2	12.6405006756791	-999.9	0.2	6.06481481481481	1.91803087299036	330
MAPLE_PLAINS	2015	3	24	83	-16.2	-1	16.6984196873873	-999.9	0	1.52777777777778	2.83393735372697	330
MAPLE_PLAINS	2015	3	25	84	-17.2	1	18.4678261949471	-999.9	0	1.9212962962963	2.70233035998319	330
MAPLE_PLAINS	2015	3	26	85	-4.3	4.8	13.1968171252207	-999.9	0	3.87731481481481	5.58152786223235	330
MAPLE_PLAINS	2015	3	27	86	-0.8	4.4	10.0799934008908	-999.9	0.9	0.949074074074075	6.29999464190309	330
MAPLE_PLAINS	2015	3	28	87	-5.1	0.1	10.1838444085685	-999.9	0.2	3.64583333333333	3.9760840365329	330
MAPLE_PLAINS	2015	3	29	88	-5.1	1	11.1421179815719	-999.9	0	2.92824074074075	2.90614308790425	330
MAPLE_PLAINS	2015	3	30	89	-5.5	2.8	13.1273092933682	-999.9	0	3.48379629629631	3.88461764841479	330
MAPLE_PLAINS	2015	3	31	90	-2	3.3	10.5937421293098	-999.9	0.8	3.11342592592592	5.73177758025143	330
MAPLE_PLAINS	2015	4	1	91	-7.2	0.1	12.5541853294578	-999.9	0.2	2.89351851851853	2.97203113533231	330
MAPLE_PLAINS	2015	4	2	92	-7.4	0.7	13.3513762519839	-999.9	1.3	4.00462962962964	2.3591813464411	330
MAPLE_PLAINS	2015	4	3	93	-1.9	5.9	13.2259834012512	-999.9	0	3.32175925925925	6.21950714840502	330
MAPLE_PLAINS	2015	4	4	94	-4.4	5.6	15.1153608464057	-999.9	0	4.28240740740742	6.26497175882482	330
MAPLE_PLAINS	2015	4	5	95	-8.4	-2.2	12.0113800846888	-999.9	0.3	5.03472222222222	2.6496970793213	330
MAPLE_PLAINS	2015	4	6	96	-17.6	-1.5	19.5312152411688	-999.9	0.2	2.60416666666667	1.9138513153233	330
MAPLE_PLAINS	2015	4	7	97	-11.5	2.3	18.2438247433211	-999.9	0	1.81712962962963	4.01257365788229	330
MAPLE_PLAINS	2015	4	8	98	-11.4	-2.6	14.6966557576007	-999.9	0	2.07175925925926	2.93547558128985	330
MAPLE_PLAINS	2015	4	9	99	-6.3	0.3	12.8378082901749	-999.9	0	3.20601851851853	2.75767351247923	330
MAPLE_PLAINS	2015	4	10	100	-6.4	4.5	16.638527579431	-999.9	0	5.99537037037036	4.64034218122851	330
MAPLE_PLAINS	2015	4	11	101	2.7	7	10.5380364678021	-999.9	0	4.65277777777778	6.84021020240968	330
MAPLE_PLAINS	2015	4	12	102	-3.8	5.9	15.9579241195791	-999.9	0	2.58101851851852	4.85905668850606	330
MAPLE_PLAINS	2015	4	13	103	-5.9	11.9	21.7924954147702	-999.9	0	2.85879629629631	5.30785880186721	330
MAPLE_PLAINS	2015	4	14	104	3.8	7.9	10.5423360287099	-999.9	0	4.14351851851853	7.15630010735483	330
MAPLE_PLAINS	2015	4	15	105	-6.4	5.5	18.1012293700605	-999.9	0	3.07870370370369	4.38642228808724	330
MAPLE_PLAINS	2015	4	16	106	-8.3	2.1	17.0522937671203	-999.9	0	2.92824074074075	3.74380964546038	330
MAPLE_PLAINS	2015	4	17	107	0.8	7.6	13.8929416186506	-999.9	0	3.35648148148147	6.17848290796636	330
MAPLE_PLAINS	2015	4	18	108	-2.7	2.8	12.5874277949022	-999.9	0	3.54166666666667	4.91701629880577	330
MAPLE_PLAINS	2015	4	19	109	-5.8	3.1	16.1290590012674	-999.9	0	1.63194444444444	4.29728495031084	330
MAPLE_PLAINS	2015	4	20	110	-5.8	7.6	19.9327634361883	-999.9	0	2.5	4.84874409022945	330
MAPLE_PLAINS	2015	4	21	111	0.9	5.5	11.7608320837912	-999.9	0	7.95138888888889	6.28200670966832	330
MAPLE_PLAINS	2015	4	22	112	1.2	4.8	10.4760502445429	-999.9	0	4.54861111111111	7.55180351165562	330
MAPLE_PLAINS	2015	4	23	113	0.3	5.4	12.5534185371006	-999.9	0	4.29398148148147	6.71921445434429	330
MAPLE_PLAINS	2015	4	24	114	-0.5	5.5	13.7065072428946	-999.9	0	2.60416666666667	6.78331631752719	330
MAPLE_PLAINS	2015	4	25	115	-1.8	6.8	16.5165205247981	-999.9	0	1.30787037037037	6.50132729826824	330
MAPLE_PLAINS	2015	4	26	116	-2	3.3	13.0487705268056	-999.9	3.4	2.08333333333333	6.21569331848243	330
MAPLE_PLAINS	2015	4	27	117	0.2	2.4	8.45959834301187	-999.9	5.1	4.02777777777778	6.46904982045848	330
MAPLE_PLAINS	2015	4	28	118	-0.9	0.8	7.48194119039677	-999.9	11.7	4.62962962962964	6.18594728565831	330
MAPLE_PLAINS	2015	4	29	119	-1.4	1.6	9.99877577960003	-999.9	4.4	4.57175925925925	6.22603014821883	330
MAPLE_PLAINS	2015	4	30	120	0.1	2.6	9.18116496245641	-999.9	0.4	4.27083333333333	6.36176767435707	330
MAPLE_PLAINS	2015	5	1	121	-0.6	4.5	13.1886376494779	-999.9	0	2.85879629629631	5.9462153337995	330
MAPLE_PLAINS	2015	5	2	122	0.1	8.8	17.3223688372184	-999.9	0	1.65509259259259	6.43270940520851	330
MAPLE_PLAINS	2015	5	3	123	0.6	12.2	20.112009642407	-999.9	0	1.75925925925926	7.24452306595929	330
MAPLE_PLAINS	2015	5	4	124	1.1	18.3	24.6215729367597	-999.9	0	3.75	8.75932793846236	330
MAPLE_PLAINS	2015	5	5	125	2.3	16	22.0893783802869	-999.9	0	3.91203703703703	8.62352807148275	330
MAPLE_PLAINS	2015	5	6	126	2.9	12.7	18.7782318262464	-999.9	0	3.46064814814814	5.7087772316058	330
MAPLE_PLAINS	2015	5	7	127	-1.4	11.5	21.6522000233888	-999.9	0	3.4375	5.30900518509397	330
MAPLE_PLAINS	2015	5	8	128	-1.8	7.1	18.0723664596653	-999.9	0	2.36111111111111	4.70795655270688	330
MAPLE_PLAINS	2015	5	9	129	-2.6	13.5	24.4226840145421	-999.9	0	3.62268518518519	6.34247863538895	330
MAPLE_PLAINS	2015	5	10	130	8.8	15.1	15.3482547229459	-999.9	0	1.75925925925926	12.4011434990879	330
MAPLE_PLAINS	2015	5	11	131	5.7	11.1	14.2738774667098	-999.9	0	2.87037037037036	7.40101104016924	330
MAPLE_PLAINS	2015	5	12	132	4.4	13.8	18.9153206738965	-999.9	14.6	4.13194444444444	10.2714008398528	330
MAPLE_PLAINS	2015	5	13	133	1.4	11.4	19.5930955985414	-999.9	4	3.87731481481481	7.95101953840237	330
MAPLE_PLAINS	2015	5	14	134	-0.9	15.4	25.1188037251629	-999.9	0	2.56944444444444	6.75415421068437	330
MAPLE_PLAINS	2015	5	15	135	0	21.5	28.965132736767	-999.9	0	2.17592592592593	8.33947200500792	330
MAPLE_PLAINS	2015	5	16	136	6.2	23	25.7046299149258	-999.9	0	2.75462962962963	8.51172673532453	330
MAPLE_PLAINS	2015	5	17	137	5	14.6	19.5048338224941	-999.9	0	2.69675925925926	8.09132422597858	330
MAPLE_PLAINS	2015	5	18	138	0.4	18.2	26.6573075556837	-999.9	0	2.09490740740741	7.7814367854419	330
MAPLE_PLAINS	2015	5	19	139	7.1	17.2	20.1519252860454	-999.9	4.4	3.57638888888889	8.63722479640131	330
MAPLE_PLAINS	2015	5	20	140	7.9	17.1	19.2996523698269	-999.9	0	4.44444444444444	10.8240175736415	330
MAPLE_PLAINS	2015	5	21	141	5.5	18.1	22.6616173024997	-999.9	0	4.38657407407408	7.71178756663779	330
MAPLE_PLAINS	2015	5	22	142	6.3	12.1	15.424823978194	-999.9	1.6	3.19444444444444	8.48674523129373	330
MAPLE_PLAINS	2015	5	23	143	4.1	11.4	17.3587706886316	-999.9	0	4.79166666666667	6.1762988563331	330
MAPLE_PLAINS	2015	5	24	144	5.9	17.8	22.2296815133106	-999.9	0	4.39814814814814	8.05847496660637	330
MAPLE_PLAINS	2015	5	25	145	5.7	25.4	28.6844271644722	-999.9	0	3.78472222222222	10.6325649214863	330
MAPLE_PLAINS	2015	5	26	146	12.2	16.2	12.9612720845353	-999.9	20.6	4.16666666666667	13.5562000997894	330
MAPLE_PLAINS	2015	5	27	147	12.7	26.5	24.1386600282212	-999.9	0	3.93518518518519	16.2213859336712	330
MAPLE_PLAINS	2015	5	28	148	13.6	20.1	16.6087846471921	-999.9	0.2	4.96527777777778	15.9461724096035	330
MAPLE_PLAINS	2015	5	29	149	11.2	17.7	16.6493446755832	-999.9	0.2	3.06712962962964	10.8719711248494	330
MAPLE_PLAINS	2015	5	30	150	11	22	21.7094076468123	-999.9	0	4.64120370370369	13.8117085670134	330
MAPLE_PLAINS	2015	5	31	151	7.5	16.4	19.5708556597726	-999.9	4	3.72685185185186	11.4387029842983	330
MAPLE_PLAINS	2015	6	1	152	3.5	11.6	18.7099508641367	-999.9	0	2.12962962962963	7.96181632604941	330
MAPLE_PLAINS	2015	6	2	153	4.5	9.4	14.5812843356325	-999.9	0	2.84722222222222	7.21264867518609	330
MAPLE_PLAINS	2015	6	3	154	4.4	7.4	11.4308457033575	-999.9	4.2	4.08564814814814	8.80369973784418	330
MAPLE_PLAINS	2015	6	4	155	2.3	16.5	24.913481044459	-999.9	0	1.97916666666667	8.81497599052693	330
MAPLE_PLAINS	2015	6	5	156	7.1	18.9	22.748688827694	-999.9	0	3.20601851851853	10.6639451349748	330
MAPLE_PLAINS	2015	6	6	157	2.9	12.6	20.6575627256676	-999.9	2.4	2.59259259259259	10.6028268789043	330
MAPLE_PLAINS	2015	6	7	158	0.1	12.7	23.5781187448786	-999.9	0	2.59259259259259	7.58508623728337	330
MAPLE_PLAINS	2015	6	8	159	4.1	19	25.6744167811814	-999.9	1.2	3.68055555555556	9.48591224158602	330
MAPLE_PLAINS	2015	6	9	160	11.3	21.6	21.3728597125932	-999.9	1.6	5.34722222222222	14.4477088637533	330
MAPLE_PLAINS	2015	6	10	161	14.5	21.3	17.385537591485	-999.9	6.6	4.82638888888889	16.3479970265852	330
MAPLE_PLAINS	2015	6	11	162	11.8	23.4	22.7303151677606	-999.9	0.4	3.26388888888889	14.8829599675308	330
MAPLE_PLAINS	2015	6	12	163	12.8	24.2	22.5540688549056	-999.9	0	3.26388888888889	15.3254831694804	330
MAPLE_PLAINS	2015	6	13	164	10.2	22.6	23.5414177661009	-999.9	11.8	2.12962962962963	14.7247098540796	330
MAPLE_PLAINS	2015	6	14	165	4.4	12.4	18.9221029574008	-999.9	0	3.79629629629631	9.4311525491443	330
MAPLE_PLAINS	2015	6	15	166	2	18.9	27.5184386599699	-999.9	0	2.01388888888889	9.69529345787893	330
MAPLE_PLAINS	2015	6	16	167	10.2	16.6	16.9425936319171	-999.9	9.8	3.55324074074075	12.4667144640639	330
MAPLE_PLAINS	2015	6	17	168	8.6	19.5	22.1190316823004	-999.9	3.8	3.17129629629631	11.918935720494	330
MAPLE_PLAINS	2015	6	18	169	7.3	21.7	25.4302472955569	-999.9	0	2.19907407407407	12.0074796839911	330
MAPLE_PLAINS	2015	6	19	170	6.1	13.7	18.4776256073225	-999.9	11.6	2.46527777777778	11.644956021615	330
MAPLE_PLAINS	2015	6	20	171	2.3	19.5	27.7988737752708	-999.9	0.2	1.57407407407407	10.493623565962	330
MAPLE_PLAINS	2015	6	21	172	9.2	15.4	16.6892199273759	-999.9	17.8	2.90509259259258	11.7193481417036	330
MAPLE_PLAINS	2015	6	22	173	10.2	12.5	10.1633047256668	-999.9	42.2	3.37962962962964	12.5406706239447	330
MAPLE_PLAINS	2015	6	23	174	9.3	16.8	18.3478901280096	-999.9	2.6	3.36805555555556	12.6527339524354	330
MAPLE_PLAINS	2015	6	24	175	10.5	21.8	22.5129720358077	-999.9	7	3.87731481481481	14.7216567311465	330
MAPLE_PLAINS	2015	6	25	176	8.6	18	20.5233991450911	-999.9	0	2.40740740740741	11.3352054486813	330
MAPLE_PLAINS	2015	6	26	177	6	13.9	18.803742951168	-999.9	0	2.21064814814815	10.7923803586892	330
MAPLE_PLAINS	2015	6	27	178	2.7	18	26.1502294474958	-999.9	0	1.46990740740741	10.28561844798	330
MAPLE_PLAINS	2015	6	28	179	9.8	19.1	20.3715423449642	-999.9	5.6	3.09027777777778	12.7671342845833	330
MAPLE_PLAINS	2015	6	29	180	11.2	17.9	17.2753195001577	-999.9	4.8	5.04629629629631	14.0923904384506	330
MAPLE_PLAINS	2015	6	30	181	11.2	20.6	20.441484981943	-999.9	0	2.28009259259259	14.9743377489844	330
MAPLE_PLAINS	2015	7	1	182	11.9	24.2	23.3568595405738	-999.9	0.2	3.06712962962964	16.20237822344	330
MAPLE_PLAINS	2015	7	2	183	15	22.3	17.9717437122581	-999.9	0	4.44444444444444	17.0627082451191	330
MAPLE_PLAINS	2015	7	3	184	12.5	22.8	21.319046053192	-999.9	0	2.47685185185185	13.380107967796	330
MAPLE_PLAINS	2015	7	4	185	10.3	25.9	26.1990324959022	-999.9	0	1.78240740740741	13.9530586319955	330
MAPLE_PLAINS	2015	7	5	186	14.7	24.2	20.4132396964077	-999.9	0	1.62037037037037	15.8848634379702	330
MAPLE_PLAINS	2015	7	6	187	11.4	23.4	22.9045232278726	-999.9	0	1.30787037037037	16.5388451199479	330
MAPLE_PLAINS	2015	7	7	188	13.2	26.4	23.98012038196	-999.9	0	3.33333333333333	17.1368710869941	330
MAPLE_PLAINS	2015	7	8	189	15.7	25.3	20.4120658785747	-999.9	0	4.00462962962964	19.1127966094922	330
MAPLE_PLAINS	2015	7	9	190	9.3	21.5	22.9652579632496	-999.9	0	1.34259259259259	14.1332062826207	330
MAPLE_PLAINS	2015	7	10	191	10.4	24.2	24.3738458255797	-999.9	0	1.35416666666667	14.9795579100559	330
MAPLE_PLAINS	2015	7	11	192	7.2	24.4	27.1515603367086	-999.9	0	1.35416666666667	15.3117218099384	330
MAPLE_PLAINS	2015	7	12	193	15.9	26	20.7582225676631	-999.9	1.4	2.70833333333333	17.7901166883563	330
MAPLE_PLAINS	2015	7	13	194	12.3	22.5	20.8104382994342	-999.9	0.2	1.84027777777778	15.3903417945243	330
MAPLE_PLAINS	2015	7	14	195	14.6	27.1	22.9794940246336	-999.9	0	3.26388888888889	16.4979639597299	330
MAPLE_PLAINS	2015	7	15	196	15	25.2	20.7034343177458	-999.9	2.4	3.73842592592592	18.5922857411622	330
MAPLE_PLAINS	2015	7	16	197	8.1	19.7	22.0181371039098	-999.9	0	1.88657407407407	12.9742479463274	330
MAPLE_PLAINS	2015	7	17	198	5.4	20.9	25.3792620032502	-999.9	0	1.33101851851852	12.1126148844746	330
MAPLE_PLAINS	2015	7	18	199	9.4	21.1	21.9846620967138	-999.9	0.4	1.5625	13.878414938275	330
MAPLE_PLAINS	2015	7	19	200	14.2	16	8.59664242447927	-999.9	15.6	3.32175925925925	15.7511912512163	330
MAPLE_PLAINS	2015	7	20	201	14.5	17.7	11.4257632899123	-999.9	5.6	1.6087962962963	17.1902072071936	330
MAPLE_PLAINS	2015	7	21	202	15.4	21.4	15.5939165861418	-999.9	1.2	2.22222222222222	17.9650637251305	330
MAPLE_PLAINS	2015	7	22	203	14.7	18.9	13.0024484931707	-999.9	0.8	3.50694444444444	16.7983933247495	330
MAPLE_PLAINS	2015	7	23	204	13	17.9	13.9949339912112	-999.9	1.6	1.875	16.809364076359	330
MAPLE_PLAINS	2015	7	24	205	12	16	12.5987181050247	-999.9	0	2.5	13.3757186375707	330
MAPLE_PLAINS	2015	7	25	206	11.2	17.2	15.3725739466528	-999.9	0.6	1.00694444444444	14.0171881707707	330
MAPLE_PLAINS	2015	7	26	207	13.7	19.8	15.4404998673864	-999.9	2.4	2.92824074074075	15.9841938030456	330
MAPLE_PLAINS	2015	7	27	208	14.4	19.7	14.3354234818813	-999.9	8.6	2.98611111111111	17.8436635711	330
MAPLE_PLAINS	2015	7	28	209	16.7	22	14.2770067876462	-999.9	0.8	2.7662037037037	20.0951581507196	330
MAPLE_PLAINS	2015	7	29	210	15.1	21.6	15.7446435482203	-999.9	0	2.63888888888889	17.8054958092515	330
MAPLE_PLAINS	2015	7	30	211	14.7	22.7	17.3919448269431	-999.9	0	1.53935185185185	17.3750322648143	330
MAPLE_PLAINS	2015	7	31	212	17.6	26.4	18.1602305753347	-999.9	0.6	3.51851851851853	20.4558240004022	330
MAPLE_PLAINS	2015	8	1	213	13.3	26.5	22.1408099132113	-999.9	0.2	2.15277777777778	17.9140447512088	330
MAPLE_PLAINS	2015	8	2	214	13.3	25	20.7479604349794	-999.9	0.2	2.47685185185185	16.5903871043133	330
MAPLE_PLAINS	2015	8	3	215	12.9	27.5	23.0666247950826	-999.9	0	2.84722222222222	16.9581714701329	330
MAPLE_PLAINS	2015	8	4	216	17.9	27.5	18.6130418332183	-999.9	4.6	3.53009259259258	21.7356015874977	330
MAPLE_PLAINS	2015	8	5	217	14.9	25.3	19.2761925484915	-999.9	0	2.31481481481481	19.0359515103184	330
MAPLE_PLAINS	2015	8	6	218	14.3	23.6	18.1349936356297	-999.9	0.2	3.00925925925925	16.5738227459497	330
MAPLE_PLAINS	2015	8	7	219	12.2	21.4	17.9427683717532	-999.9	0	2.09490740740741	16.2688951382599	330
MAPLE_PLAINS	2015	8	8	220	14.1	21.8	16.3270798352439	-999.9	0.2	3.04398148148147	16.4437557010444	330
MAPLE_PLAINS	2015	8	9	221	12.6	19.2	15.0331677907469	-999.9	2.4	2.25694444444444	16.5289868374168	330
MAPLE_PLAINS	2015	8	10	222	14.2	22	16.2513236709551	-999.9	1	2.95138888888889	16.188087050333	330
MAPLE_PLAINS	2015	8	11	223	10.1	24.7	22.1069096854866	-999.9	0	3.13657407407408	16.2865766127541	330
MAPLE_PLAINS	2015	8	12	224	16.6	22	13.3661298979039	-999.9	13	4.15509259259258	20.490401758579	330
MAPLE_PLAINS	2015	8	13	225	18.2	25.7	15.6582558362196	-999.9	0	2.88194444444444	21.3917230971062	330
MAPLE_PLAINS	2015	8	14	226	15.4	25.2	17.7900128549075	-999.9	0	2.90509259259258	17.9183524551036	330
MAPLE_PLAINS	2015	8	15	227	15.5	26.3	18.5597378719553	-999.9	0	2.56944444444444	18.6270690141906	330
MAPLE_PLAINS	2015	8	16	228	15.3	28.3	20.2336572437669	-999.9	0	2.25694444444444	20.2190929619226	330
MAPLE_PLAINS	2015	8	17	229	15.6	29.1	20.4860447622652	-999.9	0	2.73148148148148	20.7131906100212	330
MAPLE_PLAINS	2015	8	18	230	17.6	30.2	19.6612239001201	-999.9	0	2.06018518518519	22.2934824711027	330
MAPLE_PLAINS	2015	8	19	231	15.3	30.2	21.2372233452954	-999.9	0	1.34259259259259	21.4542009046831	330
MAPLE_PLAINS	2015	8	20	232	15.9	28.3	19.2415391384747	-999.9	0	2.39583333333333	21.6125830335618	330
MAPLE_PLAINS	2015	8	21	233	20.9	27.9	14.3564531841368	-999.9	0	4.01620370370369	24.0315821542702	330
MAPLE_PLAINS	2015	8	22	234	21.2	26.6	12.52012803749	-999.9	5.2	1.90972222222222	25.3323733762417	330
MAPLE_PLAINS	2015	8	23	235	19.6	25.5	12.9925980159625	-999.9	0	1.95601851851852	23.2068701583573	330
MAPLE_PLAINS	2015	8	24	236	18.9	25.8	13.9475133026971	-999.9	0	2.1412037037037	22.6805638331141	330
MAPLE_PLAINS	2015	8	25	237	18.7	25.7	13.9433596375155	-999.9	0.2	2.15277777777778	22.0523059270413	330
MAPLE_PLAINS	2015	8	26	238	17.7	23.4	12.4866440745957	-999.9	0	4.40972222222222	20.1395711662973	330
MAPLE_PLAINS	2015	8	27	239	14.8	23.1	14.9513627572332	-999.9	58.4	3.44907407407408	19.195822709331	330
MAPLE_PLAINS	2015	8	28	240	13.8	23.6	16.1187569537839	-999.9	0.2	2.36111111111111	16.5936420715473	330
MAPLE_PLAINS	2015	8	29	241	12.1	24.2	17.7676972864347	-999.9	0.2	2.11805555555556	16.8449460852495	330
MAPLE_PLAINS	2015	8	30	242	13.9	23.7	15.8604120301167	-999.9	0	1.88657407407407	17.4757082703095	330
MAPLE_PLAINS	2015	8	31	243	13.1	25.1	17.4059560174897	-999.9	10	2.67361111111111	17.884889714302	330
MAPLE_PLAINS	2015	9	1	244	6.1	16.6	16.1454616748349	-999.9	0	3.77314814814814	12.1085956167541	330
MAPLE_PLAINS	2015	9	2	245	5.9	24.1	21.0757325546753	-999.9	0.2	2.25694444444444	15.6020480019245	330
MAPLE_PLAINS	2015	9	3	246	6.6	23.4	20.0740634123006	-999.9	0	2.15277777777778	15.631417640126	330
MAPLE_PLAINS	2015	9	4	247	3.8	17.1	17.7044543399306	-999.9	0	1.80555555555556	9.98485757374156	330
MAPLE_PLAINS	2015	9	5	248	3.1	24.2	22.1012258779431	-999.9	0	2.02546296296296	13.030739421346	330
MAPLE_PLAINS	2015	9	6	249	11	25.7	18.2807703209163	-999.9	0	1.55092592592593	17.1451539883444	330
MAPLE_PLAINS	2015	9	7	250	15.2	25.9	15.4536348485073	-999.9	0	3.90046296296297	18.6525973476077	330
MAPLE_PLAINS	2015	9	8	251	13.9	20.5	12.024191508704	-999.9	0.2	2.68518518518519	16.530759372252	330
MAPLE_PLAINS	2015	9	9	252	13.4	21.7	13.357043952042	-999.9	0	3.21759259259258	17.6617612626527	330
MAPLE_PLAINS	2015	9	10	253	16.8	24.5	12.7422559359014	-999.9	0	2.71990740740741	17.4644451896893	330
MAPLE_PLAINS	2015	9	11	254	14	21	12.0315601333205	-999.9	44.4	3.70370370370369	17.5110484117422	330
MAPLE_PLAINS	2015	9	12	255	10.6	20.6	14.2392553952994	-999.9	2.8	2.8125	16.3505048534663	330
MAPLE_PLAINS	2015	9	13	256	9	17.5	12.9973133074379	-999.9	0.2	1.27314814814815	14.2682290861862	330
MAPLE_PLAINS	2015	9	14	257	14.7	23.7	13.2392946466267	-999.9	4	3.59953703703703	18.2901798449435	330
MAPLE_PLAINS	2015	9	15	258	10.7	18.6	12.2772016213343	-999.9	0.4	1.77083333333333	14.9920281289986	330
MAPLE_PLAINS	2015	9	16	259	8.2	19.3	14.4023231856628	-999.9	0	1.78240740740741	13.3979986777199	330
MAPLE_PLAINS	2015	9	17	260	8.3	26.1	18.0471852419068	-999.9	0	2.82407407407408	18.0549922169418	330
MAPLE_PLAINS	2015	9	18	261	13.7	26.6	15.2007909965271	-999.9	0	1.99074074074074	19.077362712157	330
MAPLE_PLAINS	2015	9	19	262	15.2	25.4	13.3717118585877	-999.9	0	2.90509259259258	18.5496895210928	330
MAPLE_PLAINS	2015	9	20	263	11	23.9	14.8744675076529	-999.9	2.2	3.65740740740742	17.772709941438	330
MAPLE_PLAINS	2015	9	21	264	2.4	17.8	16.0735201680315	-999.9	0	1.43518518518519	9.4670841594013	330
MAPLE_PLAINS	2015	9	22	265	2.2	18.6	16.4029306323546	-999.9	0	0.671296296296297	10.7777165607888	330
MAPLE_PLAINS	2015	9	23	266	8.7	21	14.0457917071298	-999.9	0	1.53935185185185	12.7535034973241	330
MAPLE_PLAINS	2015	9	24	267	4.3	18.3	14.8148606370832	-999.9	0	1.88657407407407	11.0681114499566	330
MAPLE_PLAINS	2015	9	25	268	0.9	14.4	14.3809172780813	-999.9	0	1.12268518518519	7.87902509825241	330
MAPLE_PLAINS	2015	9	26	269	-0.1	13	14.0019441451484	-999.9	0.4	1.49305555555556	7.33793180217231	330
MAPLE_PLAINS	2015	9	27	270	0.6	18.9	16.3553063447927	-999.9	0	3.46064814814814	9.58099779906304	330
MAPLE_PLAINS	2015	9	28	271	12	20.8	11.2073527764426	-999.9	0	3.88888888888889	13.3384061445627	330
MAPLE_PLAINS	2015	9	29	272	16	22.2	9.29469107523559	-999.9	0	4.51388888888889	19.1747055317804	330
MAPLE_PLAINS	2015	9	30	273	14.7	21.5	9.61657870389262	-999.9	14	4.10052910052911	18.878456690432	330
MAPLE_PLAINS	2015	10	1	274	9.2	20	11.9716900625371	-999.9	46.6	5.72916666666667	12.6647861218881	330
MAPLE_PLAINS	2015	10	2	275	8.1	9.9	4.82734798922656	-999.9	6.4	4.07407407407408	10.4171877437927	330
MAPLE_PLAINS	2015	10	3	276	2.4	10.3	9.98773290314941	-999.9	2	4.43287037037036	8.97421402212531	330
MAPLE_PLAINS	2015	10	4	277	-0.6	13.9	13.3620054672342	-999.9	0	1.59722222222222	8.12803579110592	330
MAPLE_PLAINS	2015	10	5	278	0.1	16	13.8157601861744	-999.9	0.2	0.729166666666667	9.49464941378333	330
MAPLE_PLAINS	2015	10	6	279	4	17	12.3336583453812	-999.9	0	0.775462962962964	10.9111064687014	330
MAPLE_PLAINS	2015	10	7	280	2.4	15.5	12.2224008407651	-999.9	0	1.37731481481481	10.1025270430184	330
MAPLE_PLAINS	2015	10	8	281	3.1	11.5	9.66093222785908	-999.9	0	2.06018518518519	8.63588398934733	330
MAPLE_PLAINS	2015	10	9	282	1.1	10.6	10.1404895305782	-999.9	4.2	1.81712962962963	8.07506644790513	330
MAPLE_PLAINS	2015	10	10	283	-0.9	11.3	11.3411048895599	-999.9	13.6	4.66435185185186	6.95404985425399	330
MAPLE_PLAINS	2015	10	11	284	1.7	11.3	9.92776486696801	-999.9	2.8	2.60416666666667	8.23808640013839	330
MAPLE_PLAINS	2015	10	12	285	10.7	16.5	7.61436879680604	-999.9	0	2.1875	12.7988847626181	330
MAPLE_PLAINS	2015	10	13	286	11.4	18.1	8.0747040818229	-999.9	18.2	3.84259259259258	16.0928290684814	330
MAPLE_PLAINS	2015	10	14	287	12.5	17.5	6.88193372115402	-999.9	0	4.18981481481481	14.8983166119202	330
MAPLE_PLAINS	2015	10	15	288	3.2	12.9	9.45619406711549	-999.9	0	2.22222222222222	8.06877470888158	330
MAPLE_PLAINS	2015	10	16	289	5.7	13.8	8.52410274380363	-999.9	9.2	3.87731481481481	9.80896284219708	330
MAPLE_PLAINS	2015	10	17	290	1.9	8.5	7.58973098543711	-999.9	1.2	2.31481481481481	6.78474937298435	330
MAPLE_PLAINS	2015	10	18	291	0.4	6.1	6.95688352530496	-999.9	0	3.24074074074075	6.01076697304013	330
MAPLE_PLAINS	2015	10	19	292	-2.9	3.3	7.15604097131709	-999.9	0.2	1.96759259259259	5.13321379923529	330
MAPLE_PLAINS	2015	10	20	293	2.1	11.7	8.78195626794988	-999.9	0	4.20138888888889	7.61479014784809	330
MAPLE_PLAINS	2015	10	21	294	-2.6	6.9	8.61544018140245	-999.9	0	2.80092592592592	5.00132618499516	330
MAPLE_PLAINS	2015	10	22	295	-3.7	11.8	10.8523873929737	-999.9	9.2	2.82407407407408	7.41318732148525	330
MAPLE_PLAINS	2015	10	23	296	4.7	12.1	7.39444088480328	-999.9	1.8	3.70370370370369	8.66896605731419	330
MAPLE_PLAINS	2015	10	24	297	-0.9	7.1	7.58146971387531	-999.9	0	2.21064814814815	6.57874320289785	330
MAPLE_PLAINS	2015	10	25	298	5	12.6	7.28661357473019	-999.9	3	4.36342592592592	9.91390735755275	330
MAPLE_PLAINS	2015	10	26	299	-3.3	9.4	9.28807582339364	-999.9	0	2.84722222222222	6.1539470748887	330
MAPLE_PLAINS	2015	10	27	300	-5.2	5.8	8.52358936660447	-999.9	0	3.11342592592592	4.72346353703192	330
MAPLE_PLAINS	2015	10	28	301	-3.2	6.8	8.01362133555382	-999.9	0	1.81712962962963	5.20686222166233	330
MAPLE_PLAINS	2015	10	29	302	6	16.8	8.21195981435761	-999.9	19.4	6.63194444444445	12.5522226778198	330
MAPLE_PLAINS	2015	10	30	303	3.6	13.4	7.713665540345	-999.9	0	6.51620370370369	6.27463691408885	330
MAPLE_PLAINS	2015	10	31	304	0.4	5.9	5.69838751588183	-999.9	0	3.48379629629631	5.06498428053583	330
MAPLE_PLAINS	2015	11	1	305	1.2	9.4	6.86141845963571	-999.9	8.4	2.47685185185185	8.00139384315615	330
MAPLE_PLAINS	2015	11	2	306	4.2	9.6	5.49107306309691	-999.9	0.4	3.54166666666667	9.12483684099898	330
MAPLE_PLAINS	2015	11	3	307	-0.2	5.1	5.36503179101018	-999.9	0.6	0.682870370370369	7.11478898983946	330
MAPLE_PLAINS	2015	11	4	308	-1.8	7.3	6.93351549032231	-999.9	0	1.81712962962963	7.07703641451904	330
MAPLE_PLAINS	2015	11	5	309	-1.7	5.3	5.99802811254492	-999.9	0	1.25	6.48394217431659	330
MAPLE_PLAINS	2015	11	6	310	3.8	14.8	7.41676815649181	-999.9	0	3.99305555555556	10.6615367321766	330
MAPLE_PLAINS	2015	11	7	311	5.5	14.1	6.46938081389089	-999.9	0	5.05787037037036	8.35216284328315	330
MAPLE_PLAINS	2015	11	8	312	1.3	5	4.18648817044832	-999.9	0	5.77546296296297	4.08335167609639	330
MAPLE_PLAINS	2015	11	9	313	1	9.4	6.22398853557513	-999.9	0	3.57638888888889	5.77756233539869	330
MAPLE_PLAINS	2015	11	10	314	3.2	10.8	5.84204654781089	-999.9	0	2.51157407407408	7.54065744664052	330
MAPLE_PLAINS	2015	11	11	315	-0.1	6.7	5.45374839740551	-999.9	0	3.13657407407408	6.40579917725807	330
MAPLE_PLAINS	2015	11	12	316	-3	7.6	6.72099912563772	-999.9	0	1.78240740740741	6.40271910044346	330
MAPLE_PLAINS	2015	11	13	317	4.7	11.1	5.15553290833153	-999.9	8	4.57175925925925	9.97045281508402	330
MAPLE_PLAINS	2015	11	14	318	2.9	8.1	4.58833335183911	-999.9	2.6	3.44907407407408	8.65712858416154	330
MAPLE_PLAINS	2015	11	15	319	2.3	4.2	2.73887085980992	-999.9	0.2	4.36342592592592	6.24900639491303	330
MAPLE_PLAINS	2015	11	16	320	0.2	4.7	4.16312058060928	-999.9	3.8	3.20601851851853	5.98390917444609	330
MAPLE_PLAINS	2015	11	17	321	0.2	1.7	2.37442071896035	-999.9	0.8	3.4375	5.33035361475888	330
MAPLE_PLAINS	2015	11	18	322	-0.2	1.1	2.18408344534133	-999.9	0	2.26851851851852	4.9297710043293	330
MAPLE_PLAINS	2015	11	19	323	-0.4	3.5	3.73857812521234	-999.9	0	2.28009259259259	5.41016523597846	330
MAPLE_PLAINS	2015	11	20	324	3.8	6.6	3.13130816111501	-999.9	0	6.45833333333333	7.40017228219674	330
MAPLE_PLAINS	2015	11	21	325	4.4	6.3	2.55033491140189	-999.9	4.4	3.18287037037036	8.43875676804779	330
MAPLE_PLAINS	2015	11	22	326	6.1	12.5	4.62902975359213	-999.9	15	4.39814814814814	10.7228127816966	330
MAPLE_PLAINS	2015	11	23	327	0.8	14.1	6.60109966605224	-999.9	76.8	4.31712962962964	8.91420914248576	330
MAPLE_PLAINS	2015	11	24	328	-3.2	0.4	3.39819326945932	-999.9	0.2	4.35185185185186	4.12975773488525	330
MAPLE_PLAINS	2015	11	25	329	-7.4	-1.1	4.44932636988558	-999.9	0.2	2.74305555555556	3.50821783504696	330
MAPLE_PLAINS	2015	11	26	330	-8.3	4.7	6.32773878624945	-999.9	0	3.58796296296297	4.91878318983995	330
MAPLE_PLAINS	2015	11	27	331	4.2	12.8	5.09694030087776	-999.9	0	5.46296296296297	9.10024032353532	330
MAPLE_PLAINS	2015	11	28	332	-0.8	10.3	5.73641614143433	-999.9	9	3.68055555555556	6.09407318369336	330
MAPLE_PLAINS	2015	11	29	333	-4.8	-1	3.32605878283759	-999.9	0	3.1400966183575	3.80827777079756	330
MAPLE_PLAINS	2015	11	30	334	-7.3	-4	3.07254914035753	-999.9	0	2.51157407407408	2.89997156087847	330
MAPLE_PLAINS	2015	12	1	335	-4.9	0.1	3.7504205011294	-999.9	0	2.91666666666667	3.83865434904905	330
MAPLE_PLAINS	2015	12	2	336	-0.4	6.4	4.3386670234472	-999.9	11.2	2.11805555555556	7.25051126004759	330
MAPLE_PLAINS	2015	12	3	337	-0.3	7.6	4.64066758900708	-999.9	14	4.16666666666667	7.60598316920464	330
MAPLE_PLAINS	2015	12	4	338	-4.1	-0.1	3.27811599397423	-999.9	0.4	4.66435185185186	4.80495899973476	330
MAPLE_PLAINS	2015	12	5	339	-2.4	0.6	2.81934854754523	-999.9	0	2.24537037037037	5.33939800212295	330
MAPLE_PLAINS	2015	12	6	340	-0.1	5.8	3.92806157125514	-999.9	0.2	2.5	6.87817063675435	330
MAPLE_PLAINS	2015	12	7	341	0.9	5.3	3.37145062847126	-999.9	0	3.4375	6.31766412433132	330
MAPLE_PLAINS	2015	12	8	342	-7.1	2	4.82088685969159	-999.9	0.2	1.05324074074074	4.79188410197663	330
MAPLE_PLAINS	2015	12	9	343	-1.7	3.1	3.48276025026604	-999.9	0.6	1.12268518518519	6.08674402353356	330
MAPLE_PLAINS	2015	12	10	344	0.4	3.7	2.87369536728416	-999.9	0	2.58101851851852	6.81154641017369	330
MAPLE_PLAINS	2015	12	11	345	3.5	9.5	3.85768871955581	-999.9	1.6	3.36805555555556	8.93271847465996	330
MAPLE_PLAINS	2015	12	12	346	4.9	10.5	3.71195803709134	-999.9	0	3.54166666666667	9.02839011892051	330
MAPLE_PLAINS	2015	12	13	347	-0.5	4.2	3.38850087754734	-999.9	0	4.00462962962964	5.27187612288249	330
MAPLE_PLAINS	2015	12	14	348	-1.7	0.7	2.41383880316763	-999.9	0	1.27314814814815	4.88851806519045	330
MAPLE_PLAINS	2015	12	15	349	-1.5	-0.1	1.83868323208753	-999.9	32.4	5.37037037037036	5.45812065749132	330
MAPLE_PLAINS	2015	12	16	350	-2.4	0.2	2.500159914344	-999.9	0.5	4.05092592592592	5.56391424392783	330
MAPLE_PLAINS	2015	12	17	351	-2.8	0.7	2.89569436047215	-999.9	0	2.33796296296296	4.86719018763992	330
MAPLE_PLAINS	2015	12	18	352	0.9	7.5	3.97126389970931	-999.9	27.6	3.96990740740742	7.84222939053218	330
MAPLE_PLAINS	2015	12	19	353	-2	1.2	2.76293836406679	-999.9	10.6	5.19675925925925	5.05521997852867	330
MAPLE_PLAINS	2015	12	20	354	-6.6	-2.4	3.16418734069321	-999.9	0	6.60879629629631	2.73360286649247	330
MAPLE_PLAINS	2015	12	21	355	-5.5	2	4.22874692927625	-999.9	0	2.92824074074075	4.00535927774815	330
MAPLE_PLAINS	2015	12	22	356	-3.8	0	3.01174747105936	-999.9	16.9	3.07870370370369	5.40336513521543	330
MAPLE_PLAINS	2015	12	23	357	0.1	1.4	1.76338034594518	-999.9	2	1.78240740740741	6.25080397750035	330
MAPLE_PLAINS	2015	12	24	358	0.8	9.5	4.56859640636329	-999.9	10.6	6.18055555555556	8.05719614198517	330
MAPLE_PLAINS	2015	12	25	359	-1.1	8.7	4.85831270237484	-999.9	0.4	2.96296296296297	7.12052897161085	330
MAPLE_PLAINS	2015	12	26	360	-0.8	2.5	2.82603745351143	-999.9	0	3.15972222222222	4.9861043722894	330
MAPLE_PLAINS	2015	12	27	361	-4.5	0.5	3.48860893600994	-999.9	0	1.8287037037037	4.44283963889025	330
MAPLE_PLAINS	2015	12	28	362	-11.9	-3.9	4.42746103717266	-999.9	1.6	4.29398148148147	2.77801237315005	330
MAPLE_PLAINS	2015	12	29	363	-11.8	-8.6	2.81074449256515	-999.9	2.9	2.15277777777778	2.45214322492642	330
MAPLE_PLAINS	2015	12	30	364	-7.8	-3.9	3.11607024636974	-999.9	0	1.53935185185185	3.69184219919596	330
MAPLE_PLAINS	2015	12	31	365	-3.5	1.6	3.57995888400958	-999.9	7.2	2.83564814814814	5.79558624718511	330
