MAPLE_PLAINS	2013	1	1	1	-11.8	-4.6	4.27527403679531	-999.9	0	4.22453703703703	2.90418408824834	330
MAPLE_PLAINS	2013	1	2	2	-15.8	-11	3.50999813487174	-999.9	0	6.01851851851853	1.67314522199162	330
MAPLE_PLAINS	2013	1	3	3	-12.8	-10.9	2.22142809811843	-999.9	0	3.87731481481481	1.96985181121205	330
MAPLE_PLAINS	2013	1	4	4	-14.9	-2.8	5.6415001255209	-999.9	0.2	2.85879629629631	2.54678391314198	330
MAPLE_PLAINS	2013	1	5	5	-13.5	-3	5.29074362958994	-999.9	0.7	3.34490740740742	2.83538843788747	330
MAPLE_PLAINS	2013	1	6	6	-18.5	-8.1	5.30308795653074	-999.9	0.4	1.77083333333333	2.13772307300478	330
MAPLE_PLAINS	2013	1	7	7	-23.9	-8.5	6.50172550289343	-999.9	0	2.41898148148148	1.67468212824392	330
MAPLE_PLAINS	2013	1	8	8	-22.8	0.3	8.02587332463747	-999.9	0	3.44907407407408	2.77140883545638	330
MAPLE_PLAINS	2013	1	9	9	-8.6	-0.5	4.79186488679401	-999.9	0.9	2.47685185185185	4.15433647271206	330
MAPLE_PLAINS	2013	1	10	10	-1	0.7	2.21419363872475	-999.9	1.1	4.82638888888889	5.44722406372273	330
MAPLE_PLAINS	2013	1	11	11	-9.6	-1.2	4.96602294705351	-999.9	0	4.93055555555556	3.45096184839981	330
MAPLE_PLAINS	2013	1	12	12	-9.1	-1.8	4.67253667555956	-999.9	0	1.03009259259259	3.81385595128031	330
MAPLE_PLAINS	2013	1	13	13	-7.2	2.8	5.52144926430303	-999.9	0	1.6087962962963	5.6376037177755	330
MAPLE_PLAINS	2013	1	14	14	2.3	7.4	3.98230753926349	-999.9	0	3.78472222222222	7.82792858474948	330
MAPLE_PLAINS	2013	1	15	15	-13.7	2.2	7.10354093819761	-999.9	0	2.2337962962963	2.86619941584253	330
MAPLE_PLAINS	2013	1	16	16	-14.7	-4.4	5.77758929399656	-999.9	1.4	2.24537037037037	2.98232628862098	330
MAPLE_PLAINS	2013	1	17	17	-14.5	1	7.16416888036305	-999.9	1.1	4.53703703703703	3.89017899094468	330
MAPLE_PLAINS	2013	1	18	18	-23.9	-14.9	5.51960954612236	-999.9	0	3.61111111111111	1.19493858601698	330
MAPLE_PLAINS	2013	1	19	19	-16.6	-4.3	6.52584930769755	-999.9	0.4	3.53009259259258	2.24108636747151	330
MAPLE_PLAINS	2013	1	20	20	-6.4	6.1	6.65490919391667	-999.9	2	4.97685185185186	5.11693616951887	330
MAPLE_PLAINS	2013	1	21	21	-13	0.3	6.9456974797642	-999.9	0	6.41203703703703	1.61320660574173	330
MAPLE_PLAINS	2013	1	22	22	-17.3	-13.5	3.75733620247373	-999.9	0	2.10648148148148	1.32688759638407	330
MAPLE_PLAINS	2013	1	23	23	-20.1	-17.1	3.37938326039592	-999.9	0	5.30193236714975	0.865929726982254	330
MAPLE_PLAINS	2013	1	24	24	-22.4	-17.8	4.23671961477728	-999.9	0	5.26620370370369	0.770680610578987	330
MAPLE_PLAINS	2013	1	25	25	-20.5	-11.3	6.06735277978833	-999.9	0	5.23148148148147	1.1671259212406	330
MAPLE_PLAINS	2013	1	26	26	-19.4	-13.2	5.04465424564775	-999.9	0	2.22222222222222	1.39189874614055	330
MAPLE_PLAINS	2013	1	27	27	-15.5	-10	4.81302424336157	-999.9	0	3.26388888888889	1.74038981399277	330
MAPLE_PLAINS	2013	1	28	28	-14.3	-6.3	5.8809709406217	-999.9	0	3.66898148148147	1.64852408083277	330
MAPLE_PLAINS	2013	1	29	29	-17.1	-5.3	7.23725562827108	-999.9	0	1.44675925925926	2.33764030076228	330
MAPLE_PLAINS	2013	1	30	30	-11.6	7.7	9.37988211190559	-999.9	4.3	4.69907407407408	4.96398616806303	330
MAPLE_PLAINS	2013	1	31	31	2.6	11.2	6.34608970034611	-999.9	2.4	6.07638888888889	9.66232687054225	330
MAPLE_PLAINS	2013	2	1	32	-10	2.4	7.72421031436374	-999.9	0.2	6.60879629629631	2.40789568512361	330
MAPLE_PLAINS	2013	2	2	33	-14.6	-10.3	4.61113049355281	-999.9	0.2	3.50694444444444	1.55776014827711	330
MAPLE_PLAINS	2013	2	3	34	-11.2	-2.6	6.61137463392956	-999.9	2.5	3.51851851851853	3.00563898445576	330
MAPLE_PLAINS	2013	2	4	35	-8.7	-2.1	5.87244727974019	-999.9	1.7	5.86805555555556	3.80051807630353	330
MAPLE_PLAINS	2013	2	5	36	-19.3	-9.1	7.40257915055957	-999.9	0.2	6.01851851851853	1.38391472482135	330
MAPLE_PLAINS	2013	2	6	37	-22.7	-7	9.31313391749442	-999.9	0	1.62037037037037	1.46975238419418	330
MAPLE_PLAINS	2013	2	7	38	-19.5	-7.4	8.29134760127754	-999.9	0	5.77546296296297	1.09080425578329	330
MAPLE_PLAINS	2013	2	8	39	-24.2	-13.2	8.01742304680469	-999.9	0	1.73611111111111	1.13652038580571	330
MAPLE_PLAINS	2013	2	9	40	-13	-5.8	6.57849682554347	-999.9	5.5	8.41435185185186	2.87494425536065	330
MAPLE_PLAINS	2013	2	10	41	-7.9	-5.3	4.009419010329	-999.9	0.2	7.40740740740742	3.22946353956018	330
MAPLE_PLAINS	2013	2	11	42	-17.2	-2.8	9.57016224494531	-999.9	1.8	2.26851851851852	2.48742682092345	330
MAPLE_PLAINS	2013	2	12	43	-2.6	2.3	5.66219683088727	-999.9	5	4.97685185185186	5.85397124995766	330
MAPLE_PLAINS	2013	2	13	44	-2.4	0	4.01923825653415	-999.9	0	2.34953703703704	5.35482982731915	330
MAPLE_PLAINS	2013	2	14	45	-7.8	-1.7	6.49910355469697	-999.9	0	1.13425925925926	4.57890514119467	330
MAPLE_PLAINS	2013	2	15	46	-11.7	1.2	9.58583540486672	-999.9	0	1.64351851851852	3.63886645177462	330
MAPLE_PLAINS	2013	2	16	47	-0.7	4.3	6.0528501007671	-999.9	1.1	3.51851851851853	5.61509895329723	330
MAPLE_PLAINS	2013	2	17	48	-0.6	2.9	5.13616708023444	-999.9	26.7	4.03935185185186	6.11053215156391	330
MAPLE_PLAINS	2013	2	18	49	-6.2	-1	6.34928274127212	-999.9	2.5	7.98611111111111	4.0466938620002	330
MAPLE_PLAINS	2013	2	19	50	-8.1	-0.7	7.68142457148513	-999.9	0	4.30555555555556	3.30087483519185	330
MAPLE_PLAINS	2013	2	20	51	-6.4	0.9	7.73700299464866	-999.9	9.5	5.57870370370369	4.93918444515474	330
MAPLE_PLAINS	2013	2	21	52	-1.6	0	3.67313445530354	-999.9	0.8	3.35648148148147	5.66549218621386	330
MAPLE_PLAINS	2013	2	22	53	-5.2	-1.3	5.81503556099717	-999.9	0	6.29629629629631	3.99073187792315	330
MAPLE_PLAINS	2013	2	23	54	-15.9	-3.8	10.3855974659601	-999.9	0	1.73611111111111	2.72944618302319	330
MAPLE_PLAINS	2013	2	24	55	-18	-4.2	11.2452836197503	-999.9	0	1.8287037037037	2.45051088649779	330
MAPLE_PLAINS	2013	2	25	56	-7.6	-1.3	7.70308149847457	-999.9	0	3.10185185185186	3.64488689300036	330
MAPLE_PLAINS	2013	2	26	57	-15.5	-2.4	11.2606255895448	-999.9	0	0.787037037037036	2.80238502042994	330
MAPLE_PLAINS	2013	2	27	58	-17.3	1.1	13.5280703562749	-999.9	0	0.844907407407408	2.63779251293901	330
MAPLE_PLAINS	2013	2	28	59	-10.1	2.1	11.1653552062395	-999.9	0	2.59259259259259	3.69578697987531	330
MAPLE_PLAINS	2013	3	1	60	-3	-1.2	4.34668796083522	-999.9	0	4.90740740740742	4.96218973666729	330
MAPLE_PLAINS	2013	3	2	61	-1	0.5	4.02123710728563	-999.9	2.3	3.29861111111111	5.98593055716369	330
MAPLE_PLAINS	2013	3	3	62	-1.5	0.3	4.46378060994549	-999.9	2.3	1.45833333333333	5.83022927057786	330
MAPLE_PLAINS	2013	3	4	63	-0.7	2.9	6.3963112457489	-999.9	5	2.39583333333333	6.16823217278017	330
MAPLE_PLAINS	2013	3	5	64	-0.6	1.2	4.58230658237329	-999.9	1.4	4.32870370370369	5.87708468740168	330
MAPLE_PLAINS	2013	3	6	65	-1.3	0.4	4.51126530079604	-999.9	0	4.39814814814814	4.68253862229914	330
MAPLE_PLAINS	2013	3	7	66	-2.9	0.6	6.5567578538499	-999.9	0.2	4.31712962962964	4.44237440340517	330
MAPLE_PLAINS	2013	3	8	67	-3.7	0.4	7.18757296251451	-999.9	0	5.26620370370369	4.44976313150695	330
MAPLE_PLAINS	2013	3	9	68	-3.2	-0.5	5.90690929385004	-999.9	0	3.98148148148147	4.56129094838207	330
MAPLE_PLAINS	2013	3	10	69	-4.5	0.7	8.30080041890252	-999.9	0	1.90972222222222	4.56179713332473	330
MAPLE_PLAINS	2013	3	11	70	-2.5	3.9	9.3239290446032	-999.9	0	3.44907407407408	5.27918785999214	330
MAPLE_PLAINS	2013	3	12	71	-0.7	4.7	8.67054451045255	-999.9	0	4.36342592592592	6.33212530414185	330
MAPLE_PLAINS	2013	3	13	72	3.7	10.5	9.84902924051113	-999.9	24	7.71990740740742	9.03271462987453	330
MAPLE_PLAINS	2013	3	14	73	-2.5	8.3	12.5628581074367	-999.9	3.8	3.91203703703703	6.37414302035143	330
MAPLE_PLAINS	2013	3	15	74	-3.9	-1.3	6.23804077087889	-999.9	0.8	2.70833333333333	4.41268882023562	330
MAPLE_PLAINS	2013	3	16	75	-9.5	-1.5	11.0723068866232	-999.9	0	2.67361111111111	3.28504466179004	330
MAPLE_PLAINS	2013	3	17	76	-11.7	-2.9	11.7493001428795	-999.9	0.2	3.37962962962964	2.52894607467123	330
MAPLE_PLAINS	2013	3	18	77	-13.4	-5.5	11.2617810782535	-999.9	0	5.76388888888889	1.60813971150985	330
MAPLE_PLAINS	2013	3	19	78	-13.1	-4.5	11.8853065851693	-999.9	6	2.92824074074075	2.54444473607666	330
MAPLE_PLAINS	2013	3	20	79	-7.4	0.5	11.5209041192675	-999.9	4.4	6.44675925925925	4.14201317846314	330
MAPLE_PLAINS	2013	3	21	80	-5.4	3.3	12.2261081975652	-999.9	0.5	3.62268518518519	4.32831261356092	330
MAPLE_PLAINS	2013	3	22	81	-2.6	1	7.95204346857098	-999.9	0.9	5.15046296296297	4.97822154789009	330
MAPLE_PLAINS	2013	3	23	82	-3.5	1.1	9.08757877870419	-999.9	0.2	3.32175925925925	4.39164234751352	330
MAPLE_PLAINS	2013	3	24	83	-6.4	0.9	11.5721754153117	-999.9	0.9	1.79398148148148	4.60571578880148	330
MAPLE_PLAINS	2013	3	25	84	-3	0.2	7.74381686695154	-999.9	0.2	4.08564814814814	5.3343554632337	330
MAPLE_PLAINS	2013	3	26	85	-2.9	0.8	8.41490784834668	-999.9	5.5	4.38657407407408	5.62881716896596	330
MAPLE_PLAINS	2013	3	27	86	-0.8	1.4	6.55646755437839	-999.9	0.5	4.39814814814814	5.88682738593785	330
MAPLE_PLAINS	2013	3	28	87	-3.4	2.8	11.1200292180647	-999.9	0	2.09490740740741	5.36079838090001	330
MAPLE_PLAINS	2013	3	29	88	-4.7	1.4	11.1421179815719	-999.9	0	2.69675925925926	4.47322204498278	330
MAPLE_PLAINS	2013	3	30	89	-8.5	2	14.7649275800222	-999.9	0	1.46990740740741	3.87326540585066	330
MAPLE_PLAINS	2013	3	31	90	-8.6	7.4	18.4065101118476	-999.9	0	1.70138888888889	3.81052666136434	330
MAPLE_PLAINS	2013	4	1	91	-0.3	5.1	10.7975192111868	-999.9	1.1	5.49768518518519	6.28727570612686	330
MAPLE_PLAINS	2013	4	2	92	-2.2	3.6	11.2978946873477	-999.9	1	4.66435185185186	4.67194714994807	330
MAPLE_PLAINS	2013	4	3	93	-6.1	-1	10.6946299029951	-999.9	0.2	5.33564814814814	2.84237124206639	330
MAPLE_PLAINS	2013	4	4	94	-3.8	5	14.1794653458799	-999.9	0	4.80324074074075	3.48025851757713	330
MAPLE_PLAINS	2013	4	5	95	1.1	8.5	13.1223895185066	-999.9	0.3	3.62268518518519	6.0401836433265	330
MAPLE_PLAINS	2013	4	6	96	-2.5	2	10.3257732767623	-999.9	0.2	4.67592592592592	4.40978541183276	330
MAPLE_PLAINS	2013	4	7	97	-4.7	3.3	13.89061076411	-999.9	0	2.92824074074075	3.01864479215263	330
MAPLE_PLAINS	2013	4	8	98	-0.8	8.1	14.7799235953825	-999.9	1.4	3.28703703703703	6.179873742392	330
MAPLE_PLAINS	2013	4	9	99	-1.7	3.4	11.2850634767212	-999.9	0	1.44675925925926	5.86430029074591	330
MAPLE_PLAINS	2013	4	10	100	-0.9	7.3	14.4314034491878	-999.9	0.9	1.74768518518519	6.44955229409016	330
MAPLE_PLAINS	2013	4	11	101	-1.3	4.4	12.132851922271	-999.9	0	3.34490740740742	4.2981016825777	330
MAPLE_PLAINS	2013	4	12	102	-1.6	3.1	11.1080917305245	-999.9	1.4	2.82407407407408	4.81222225669277	330
MAPLE_PLAINS	2013	4	13	103	-0.4	2.2	8.32882306402691	-999.9	2.7	3.55324074074075	6.13521116488001	330
MAPLE_PLAINS	2013	4	14	104	-0.2	3.4	9.87861766018448	-999.9	4.8	2.00231481481481	6.27925102396809	330
MAPLE_PLAINS	2013	4	15	105	-1.7	7.1	15.5659606042039	-999.9	0.2	2.03703703703704	5.48981865089494	330
MAPLE_PLAINS	2013	4	16	106	-3.4	11.6	20.4791423930323	-999.9	3.6	3.79629629629631	6.19938199982072	330
MAPLE_PLAINS	2013	4	17	107	3.8	11.2	14.492910632354	-999.9	0.2	5.86805555555556	6.51813242093139	330
MAPLE_PLAINS	2013	4	18	108	-1.4	6.8	15.3696003120291	-999.9	0	2.73148148148148	4.45331217889003	330
MAPLE_PLAINS	2013	4	19	109	3.1	16	19.4181960913536	-999.9	0	5.18518518518519	9.80201241226606	330
MAPLE_PLAINS	2013	4	20	110	5.9	15.5	16.8713847619944	-999.9	2.4	5.21990740740742	12.5962248703446	330
MAPLE_PLAINS	2013	4	21	111	-4.8	5.3	17.4268872108942	-999.9	0	3.13657407407408	4.86000095201589	330
MAPLE_PLAINS	2013	4	22	112	-6.9	6.9	20.5109542306151	-999.9	0	1.52777777777778	4.31975034511039	330
MAPLE_PLAINS	2013	4	23	113	-3.4	10.2	20.4996466289948	-999.9	3.6	4.02777777777778	5.18952048528443	330
MAPLE_PLAINS	2013	4	24	114	4.1	14.1	17.6950247621341	-999.9	12.3	6.71296296296297	11.0596337854042	330
MAPLE_PLAINS	2013	4	25	115	6.7	15.4	16.6122692719934	-999.9	1.1	4.74537037037036	10.8872810069162	330
MAPLE_PLAINS	2013	4	26	116	1.2	8.1	14.8886802930413	-999.9	0.2	4.74537037037036	6.30869763674385	330
MAPLE_PLAINS	2013	4	27	117	-2.3	5.7	16.1318210802116	-999.9	0	3.95833333333333	6.26901947944625	330
MAPLE_PLAINS	2013	4	28	118	-4.9	11	22.8817055003393	-999.9	0	2.33796296296296	5.61997994563336	330
MAPLE_PLAINS	2013	4	29	119	-3.6	10.2	21.4449849292858	-999.9	1	2.34953703703704	6.82119988685803	330
MAPLE_PLAINS	2013	4	30	120	2.7	13.5	19.0826930251749	-999.9	0	1.07638888888889	9.18222756071528	330
MAPLE_PLAINS	2013	5	1	121	0.2	16	23.2136478458118	-999.9	0	2.24537037037037	8.50583645171971	330
MAPLE_PLAINS	2013	5	2	122	0.5	8.1	16.190283421401	-999.9	0	4.09722222222222	7.21415892748307	330
MAPLE_PLAINS	2013	5	3	123	1.6	9.7	16.8061789438511	-999.9	0	3.63425925925925	7.00923984676677	330
MAPLE_PLAINS	2013	5	4	124	-3	13.1	23.8212479017608	-999.9	0	1.30787037037037	6.76276519127486	330
MAPLE_PLAINS	2013	5	5	125	2.1	19.3	24.7506970488185	-999.9	0	2.84722222222222	7.9032051566988	330
MAPLE_PLAINS	2013	5	6	126	4.9	19.3	22.7626543937689	-999.9	0	4.14351851851853	8.51134833604002	330
MAPLE_PLAINS	2013	5	7	127	7.5	20.4	21.6522000233888	-999.9	0	5.11574074074075	11.1743795364712	330
MAPLE_PLAINS	2013	5	8	128	5.1	23.4	25.9146630199181	-999.9	0	2.10648148148148	11.7171321471023	330
MAPLE_PLAINS	2013	5	9	129	10.4	19.5	18.3612036975938	-999.9	0	4.08564814814814	13.7728127377452	330
MAPLE_PLAINS	2013	5	10	130	11.2	18.1	16.0625047414185	-999.9	6.4	3.13657407407408	14.5009126757319	330
MAPLE_PLAINS	2013	5	11	131	7.8	17.8	19.4242869135831	-999.9	4.3	3.29861111111111	12.7926452750617	330
MAPLE_PLAINS	2013	5	12	132	10.7	15.8	13.9326866427566	-999.9	8.7	4.89583333333333	14.5342080745562	330
MAPLE_PLAINS	2013	5	13	133	6.4	14.5	17.6337860386873	-999.9	0.2	4.87268518518519	9.05886713249705	330
MAPLE_PLAINS	2013	5	14	134	4.9	8.4	11.6396299248652	-999.9	3.8	2.98611111111111	8.05982220858674	330
MAPLE_PLAINS	2013	5	15	135	3.6	14.3	20.4337550018275	-999.9	7.9	4.62962962962964	7.98142045277403	330
MAPLE_PLAINS	2013	5	16	136	5.8	11.7	15.2329045366739	-999.9	0.7	3.49537037037036	9.20629581271795	330
MAPLE_PLAINS	2013	5	17	137	3	9.4	15.9256301276299	-999.9	0.2	4.28240740740742	8.58507966048616	330
MAPLE_PLAINS	2013	5	18	138	0.8	3	9.37168368748212	-999.9	3	5.65972222222222	6.22017198636278	330
MAPLE_PLAINS	2013	5	19	139	-0.5	9.5	20.0519151139482	-999.9	0	2.25694444444444	5.81979086457186	330
MAPLE_PLAINS	2013	5	20	140	-1.2	12	23.1175890053566	-999.9	1.1	2.90509259259258	7.72622625734982	330
MAPLE_PLAINS	2013	5	21	141	7.1	14.6	17.483817326673	-999.9	1	2.55787037037037	10.8306157194502	330
MAPLE_PLAINS	2013	5	22	142	7.6	13.4	15.424823978194	-999.9	0	2.22222222222222	10.7843414132201	330
MAPLE_PLAINS	2013	5	23	143	8.3	16.8	18.7312602918158	-999.9	0.3	5.02314814814814	12.4358678654891	330
MAPLE_PLAINS	2013	5	24	144	14.4	21.1	16.6800428208839	-999.9	10	4.98842592592592	16.8342592449976	330
MAPLE_PLAINS	2013	5	25	145	6.1	16.1	20.436808160617	-999.9	8	3.4375	11.3475649714695	330
MAPLE_PLAINS	2013	5	26	146	8.1	16	18.2150839621307	-999.9	0.2	4.95370370370369	11.264442266411	330
MAPLE_PLAINS	2013	5	27	147	7.3	11.9	13.9364618651704	-999.9	0.6	3.21759259259258	9.43778335399293	330
MAPLE_PLAINS	2013	5	28	148	4.7	11.3	16.7360568888526	-999.9	0	2.69675925925926	7.90662865123002	330
MAPLE_PLAINS	2013	5	29	149	4.2	20.7	26.52665187805	-999.9	2.2	3.96990740740742	8.96489545585796	330
MAPLE_PLAINS	2013	5	30	150	11.9	16.3	13.7302349634006	-999.9	7.1	3.29861111111111	14.3931652979777	330
MAPLE_PLAINS	2013	5	31	151	9.1	25.8	26.8085327980305	-999.9	1.3	2.38425925925926	16.3734793948584	330
MAPLE_PLAINS	2013	6	1	152	8.1	17.9	20.5798959826416	-999.9	1.1	2.68518518518519	12.2703972640932	330
MAPLE_PLAINS	2013	6	2	153	7.7	24.1	26.675935754968	-999.9	0	2.15277777777778	14.7764045506875	330
MAPLE_PLAINS	2013	6	3	154	14.3	18.7	13.8434416165616	-999.9	2.1	4.73379629629631	16.8305307027917	330
MAPLE_PLAINS	2013	6	4	155	7.3	20.8	24.2916561917762	-999.9	0	3.49537037037036	12.4972798273767	330
MAPLE_PLAINS	2013	6	5	156	9.1	16.8	18.3764124189556	-999.9	0	2.97453703703703	9.01001230100393	330
MAPLE_PLAINS	2013	6	6	157	6.1	17.3	22.1974059387341	-999.9	0	2.17592592592593	7.9722996666662	330
MAPLE_PLAINS	2013	6	7	158	8.6	19.3	21.7278005920571	-999.9	0	2.55787037037037	10.8641460953859	330
MAPLE_PLAINS	2013	6	8	159	9	13.5	14.1095677632561	-999.9	29	5.13888888888889	11.4688102756458	330
MAPLE_PLAINS	2013	6	9	160	7.7	12.8	15.0393515362566	-999.9	0.2	2.87037037037036	10.425793475978	330
MAPLE_PLAINS	2013	6	10	161	7.6	20	23.4771032857086	-999.9	0.4	1.9212962962963	12.364146811762	330
MAPLE_PLAINS	2013	6	11	162	8.4	20.5	23.2150245907156	-999.9	0	2.04861111111111	13.1404789454293	330
MAPLE_PLAINS	2013	6	12	163	9.7	14.4	14.4817619814183	-999.9	6.7	3.63425925925925	12.8410467840438	330
MAPLE_PLAINS	2013	6	13	164	7	12.4	15.5352644951001	-999.9	0.6	4.27083333333333	10.4076250121388	330
MAPLE_PLAINS	2013	6	14	165	5.8	14.2	19.3893857392904	-999.9	0	0.821759259259258	11.0225427468961	330
MAPLE_PLAINS	2013	6	15	166	3.3	20.6	27.842196134695	-999.9	0	2.01388888888889	11.3793531308673	330
MAPLE_PLAINS	2013	6	16	167	11	20.3	20.4235569964539	-999.9	1.6	3.03240740740742	9.63032733995143	330
MAPLE_PLAINS	2013	6	17	168	11.4	18.8	18.2250497110189	-999.9	0	2.26851851851852	14.5925667509964	330
MAPLE_PLAINS	2013	6	18	169	9.2	20.3	22.3270233629506	-999.9	0	2.51157407407408	13.989692356691	330
MAPLE_PLAINS	2013	6	19	170	6.6	18.9	23.5067139665454	-999.9	0	1.6087962962963	11.7759147392651	330
MAPLE_PLAINS	2013	6	20	171	4.6	22.6	28.4380118375833	-999.9	0	2.28009259259259	10.9618712688708	330
MAPLE_PLAINS	2013	6	21	172	11.7	20.8	20.2190566539036	-999.9	1.9	2.80092592592592	13.8756733565388	330
MAPLE_PLAINS	2013	6	22	173	6.8	22.6	26.6378747565815	-999.9	0.2	2.10648148148148	13.3258071036409	330
MAPLE_PLAINS	2013	6	23	174	12.1	26.6	25.511705930593	-999.9	7.3	2.48842592592593	16.8909680310815	330
MAPLE_PLAINS	2013	6	24	175	14.9	23.9	20.0916158029206	-999.9	0	2.22222222222222	19.1448436095688	330
MAPLE_PLAINS	2013	6	25	176	17.9	27.7	20.9555180926462	-999.9	0	1.35416666666667	21.0788374844234	330
MAPLE_PLAINS	2013	6	26	177	10.2	15.2	14.9594546745698	-999.9	0	3.92361111111111	13.2146412410119	330
MAPLE_PLAINS	2013	6	27	178	10.1	15.7	15.8206310263029	-999.9	0.5	2.40740740740741	13.1749351756407	330
MAPLE_PLAINS	2013	6	28	179	11.5	15.9	14.0122789664619	-999.9	28.4	3.58796296296297	13.9261720775851	330
MAPLE_PLAINS	2013	6	29	180	14.6	22.7	18.9946456597072	-999.9	0.4	4.64120370370369	20.7173614647834	330
MAPLE_PLAINS	2013	6	30	181	18.1	23.2	15.0568319552235	-999.9	0	4.39814814814814	20.6607294965778	330
MAPLE_PLAINS	2013	7	1	182	17.5	24.5	17.6202032351416	-999.9	2.9	2.87037037037036	19.9734688787233	330
MAPLE_PLAINS	2013	7	2	183	12.2	19.2	17.5985872892459	-999.9	0	1.78240740740741	13.0212049299495	330
MAPLE_PLAINS	2013	7	3	184	14.4	22.4	18.7885882451845	-999.9	0	1.97916666666667	16.9153364097226	330
MAPLE_PLAINS	2013	7	4	185	14.4	30.2	26.3664401576997	-999.9	0	2.7662037037037	20.0428271237467	330
MAPLE_PLAINS	2013	7	5	186	17.6	30.6	23.8793119307971	-999.9	0	2.44212962962963	21.4492871353773	330
MAPLE_PLAINS	2013	7	6	187	19.1	29.6	21.4252196315262	-999.9	0	2.1875	21.6891531757383	330
MAPLE_PLAINS	2013	7	7	188	17.4	28.4	21.8907547748148	-999.9	0	2.46527777777778	20.7784729217689	330
MAPLE_PLAINS	2013	7	8	189	8.3	22.1	24.4732072491011	-999.9	0	1.40046296296296	14.3171697739878	330
MAPLE_PLAINS	2013	7	9	190	6.5	22	25.8855419428543	-999.9	0	1.63194444444444	12.4875782802454	330
MAPLE_PLAINS	2013	7	10	191	10	23.6	24.1965791396943	-999.9	0	3.33333333333333	14.9554462680467	330
MAPLE_PLAINS	2013	7	11	192	17	25.1	18.6325836014138	-999.9	13.7	3.37962962962964	21.7874718856654	330
MAPLE_PLAINS	2013	7	12	193	9.3	21.6	22.9077287992508	-999.9	0	2.34953703703704	15.0927592064683	330
MAPLE_PLAINS	2013	7	13	194	5.3	26.9	30.2836359613999	-999.9	0	1.27314814814815	14.3136808531159	330
MAPLE_PLAINS	2013	7	14	195	11.5	30.4	28.25636926765	-999.9	0	1.88657407407407	17.1927926294933	330
MAPLE_PLAINS	2013	7	15	196	14.3	32.5	27.6552762479879	-999.9	0	2.56944444444444	19.4657998510557	330
MAPLE_PLAINS	2013	7	16	197	8.6	23.2	24.7017660933034	-999.9	0	3.02083333333333	15.2343810017347	330
MAPLE_PLAINS	2013	7	17	198	6.7	25.1	27.6517136992885	-999.9	7.2	3.13657407407408	13.8542512644818	330
MAPLE_PLAINS	2013	7	18	199	14.5	24.1	19.9141823964306	-999.9	0	3.20601851851853	17.742566433471	330
MAPLE_PLAINS	2013	7	19	200	9.5	21	21.7290895806252	-999.9	4.7	3.93518518518519	16.7114691496767	330
MAPLE_PLAINS	2013	7	20	201	19.1	29	20.0968425761312	-999.9	1.2	3.75	22.2043775737149	330
MAPLE_PLAINS	2013	7	21	202	12.4	22.2	19.9293263728623	-999.9	0	2.93981481481481	13.7005391870834	330
MAPLE_PLAINS	2013	7	22	203	7.2	24.5	26.3890373881336	-999.9	0	1.77083333333333	13.563524964272	330
MAPLE_PLAINS	2013	7	23	204	12	21.9	19.8925478634165	-999.9	23.6	3.98148148148147	16.0687064903582	330
MAPLE_PLAINS	2013	7	24	205	18.3	25.1	16.4267186745495	-999.9	1.4	2.83564814814814	22.2182625103054	330
MAPLE_PLAINS	2013	7	25	206	15.4	19.6	12.8616181261036	-999.9	0	1.97916666666667	16.8034733134675	330
MAPLE_PLAINS	2013	7	26	207	16.4	27.3	20.6399997382406	-999.9	21.8	3.19444444444444	22.7203782481534	330
MAPLE_PLAINS	2013	7	27	208	16.7	23.2	15.8755679240661	-999.9	0	4.09722222222222	20.573092913698	330
MAPLE_PLAINS	2013	7	28	209	13.9	18.1	12.7093657028971	-999.9	0	1.90972222222222	16.4768968189774	330
MAPLE_PLAINS	2013	7	29	210	14.5	22.9	17.8984654428952	-999.9	3.5	3.47222222222222	19.3292466421862	330
MAPLE_PLAINS	2013	7	30	211	15	24.3	18.7518719973165	-999.9	4.9	1.70138888888889	20.6340221314036	330
MAPLE_PLAINS	2013	7	31	212	12.8	23.7	20.2112545227889	-999.9	0.2	2.1412037037037	17.3029717662786	330
MAPLE_PLAINS	2013	8	1	213	12.8	26.2	22.307912736009	-999.9	0	1.64351851851852	17.6082501598185	330
MAPLE_PLAINS	2013	8	2	214	11.6	22.4	19.9339955980455	-999.9	0.4	1.96759259259259	17.6140757270308	330
MAPLE_PLAINS	2013	8	3	215	14.6	24.7	19.1852874429377	-999.9	0	2.52314814814815	18.7546601772826	330
MAPLE_PLAINS	2013	8	4	216	13	23.5	19.4659850925753	-999.9	0.2	1.94444444444444	16.9361436694627	330
MAPLE_PLAINS	2013	8	5	217	9.9	22.1	20.8777888736578	-999.9	0.5	1.35416666666667	15.9011022401455	330
MAPLE_PLAINS	2013	8	6	218	10.9	23.3	20.9404869145659	-999.9	0	2.97453703703703	15.2906363102856	330
MAPLE_PLAINS	2013	8	7	219	8.2	26	24.9577562131505	-999.9	0	1.26811594202899	14.4466709399196	330
MAPLE_PLAINS	2013	8	8	220	16.3	23.3	15.5672598145311	-999.9	0	2.27124183006536	15.854701496193	330
MAPLE_PLAINS	2013	8	9	221	18	22.1	11.8486935009313	-999.9	12.9	2.93981481481481	20.1881608152381	330
MAPLE_PLAINS	2013	8	10	222	18	24	14.2533537499653	-999.9	5.4	4.58333333333333	19.2852863330039	330
MAPLE_PLAINS	2013	8	11	223	15.2	22.9	16.0545069206362	-999.9	0	4.27083333333333	13.4932295073541	330
MAPLE_PLAINS	2013	8	12	224	12.6	24.9	20.1725756719823	-999.9	0.3	2.38425925925926	15.7892854268223	330
MAPLE_PLAINS	2013	8	13	225	12.5	24.6	19.8886560885791	-999.9	0	2.21064814814815	17.1050388243277	330
MAPLE_PLAINS	2013	8	14	226	16.1	23.9	15.8712278100541	-999.9	0	2.03703703703704	19.4243967353228	330
MAPLE_PLAINS	2013	8	15	227	11.6	21.9	18.1250232687453	-999.9	0	4.44444444444444	14.1282934824677	330
MAPLE_PLAINS	2013	8	16	228	10.6	24.9	21.2212387481049	-999.9	0	1.88657407407407	15.397894454593	330
MAPLE_PLAINS	2013	8	17	229	9.8	22.6	19.9478556984057	-999.9	0	1.72453703703704	14.4297713698783	330
MAPLE_PLAINS	2013	8	18	230	7.4	24.4	22.8375618768958	-999.9	0	2.58101851851852	14.0893192423955	330
MAPLE_PLAINS	2013	8	19	231	12.8	24.8	19.0587855430738	-999.9	0	2.09490740740741	16.9123744901069	330
MAPLE_PLAINS	2013	8	20	232	10.3	21.8	18.5301052492544	-999.9	0	1.99074074074074	15.7624679159291	330
MAPLE_PLAINS	2013	8	21	233	14.7	26.8	18.8751679316752	-999.9	0	3.44907407407408	18.7329620045865	330
MAPLE_PLAINS	2013	8	22	234	18.2	26.9	15.8917423983148	-999.9	0	4.16666666666667	19.0368078759608	330
MAPLE_PLAINS	2013	8	23	235	9.4	19.9	17.3326371561709	-999.9	0	2.93981481481481	15.758229812699	330
MAPLE_PLAINS	2013	8	24	236	4.7	18.4	19.653166003774	-999.9	0	1.99074074074074	10.6651508660101	330
MAPLE_PLAINS	2013	8	25	237	3.9	24.1	23.6861291995914	-999.9	0	1.57407407407407	11.9704858108279	330
MAPLE_PLAINS	2013	8	26	238	9.4	21.2	17.9659136656571	-999.9	0	2.70833333333333	15.1729050062527	330
MAPLE_PLAINS	2013	8	27	239	16.7	23.8	13.8283673121703	-999.9	0	2.09490740740741	18.8794213579329	330
MAPLE_PLAINS	2013	8	28	240	13.6	23.2	15.9534319993188	-999.9	0	2.01388888888889	18.0176637577061	330
MAPLE_PLAINS	2013	8	29	241	13.7	17.3	9.69147124714618	-999.9	0.2	4.05092592592592	15.5374996314878	330
MAPLE_PLAINS	2013	8	30	242	8.1	17.1	15.199268335927	-999.9	0.3	4.20138888888889	13.7432662750405	330
MAPLE_PLAINS	2013	8	31	243	8.2	23.6	19.7182159757479	-999.9	4.6	1.50462962962963	14.9030483166512	330
MAPLE_PLAINS	2013	9	1	244	15.9	21.5	11.7909780808563	-999.9	1.6	2.70833333333333	19.3037410945502	330
MAPLE_PLAINS	2013	9	2	245	14.7	17.7	8.5567257401871	-999.9	2.1	3.49537037037036	16.0920679440483	330
MAPLE_PLAINS	2013	9	3	246	16.5	21.3	10.7300382356004	-999.9	18.5	5.38194444444445	20.8197262789753	330
MAPLE_PLAINS	2013	9	4	247	17.1	21.9	10.6359758935845	-999.9	1.8	2.61574074074074	20.5509303162019	330
MAPLE_PLAINS	2013	9	5	248	6.7	15.4	14.1917111048768	-999.9	0.6	1.22685185185185	11.3687128891344	330
MAPLE_PLAINS	2013	9	6	249	1.7	16.5	18.3428444225334	-999.9	0	2.7662037037037	9.50058526927662	330
MAPLE_PLAINS	2013	9	7	250	11.4	20.5	14.2514631263361	-999.9	2.5	4.60648148148147	12.6584424646534	330
MAPLE_PLAINS	2013	9	8	251	9.1	15.9	12.2050165653453	-999.9	36.3	3.33333333333333	13.7589194100402	330
MAPLE_PLAINS	2013	9	9	252	7.6	16.6	13.9088929177167	-999.9	0	4.30555555555556	9.74734983367546	330
MAPLE_PLAINS	2013	9	10	253	11.6	17.1	10.7691718190668	-999.9	2.8	3.25231481481481	14.0616786212098	330
MAPLE_PLAINS	2013	9	11	254	15	21.7	11.7709178117659	-999.9	3.1	3.13657407407408	18.9323987029569	330
MAPLE_PLAINS	2013	9	12	255	18.2	22.6	9.44525348805035	-999.9	9.5	2.47685185185185	20.9353080545453	330
MAPLE_PLAINS	2013	9	13	256	18.6	22	8.22022270286399	-999.9	17.8	4.00462962962964	21.2919821904536	330
MAPLE_PLAINS	2013	9	14	257	16.1	22.7	11.3374545942264	-999.9	0	2.73148148148148	20.475394778321	330
MAPLE_PLAINS	2013	9	15	258	11.5	18.7	11.7206606149759	-999.9	0	3.35648148148147	13.2993109074351	330
MAPLE_PLAINS	2013	9	16	259	8.5	17.5	12.9685767773683	-999.9	2.1	2.61574074074074	12.5666112378111	330
MAPLE_PLAINS	2013	9	17	260	4.4	14.4	13.5269372359876	-999.9	0	2.15277777777778	8.6237584901323	330
MAPLE_PLAINS	2013	9	18	261	7.7	19.1	14.2897212879583	-999.9	0	2.87037037037036	11.3456584026608	330
MAPLE_PLAINS	2013	9	19	262	4.7	22.1	17.4647168058476	-999.9	0	1.41203703703704	11.7720109787309	330
MAPLE_PLAINS	2013	9	20	263	7.4	13.7	10.3948169736347	-999.9	0	2.7662037037037	11.2892740172596	330
MAPLE_PLAINS	2013	9	21	264	7.5	21.4	15.2706681387741	-999.9	0	4.54861111111111	13.8858479466549	330
MAPLE_PLAINS	2013	9	22	265	14.3	23.6	12.3521056760442	-999.9	16	4.81481481481481	18.0483392341901	330
MAPLE_PLAINS	2013	9	23	266	9.1	19.6	12.9774187216917	-999.9	7.6	3.64583333333333	14.1668048524638	330
MAPLE_PLAINS	2013	9	24	267	8.1	11.7	7.51250550038451	-999.9	0.2	2.25694444444444	10.1609401135054	330
MAPLE_PLAINS	2013	9	25	268	8.6	12.9	8.1162222628227	-999.9	7.7	2.19907407407407	12.0046702682784	330
MAPLE_PLAINS	2013	9	26	269	11	12.3	4.41087112786603	-999.9	2.6	5.52083333333333	12.8429395278892	330
MAPLE_PLAINS	2013	9	27	270	1.7	14.1	13.463066186372	-999.9	0	3.83101851851853	10.6006446855227	330
MAPLE_PLAINS	2013	9	28	271	0.8	20.4	16.7259094827133	-999.9	0.2	1.36574074074074	10.1454314533757	330
MAPLE_PLAINS	2013	9	29	272	8.4	22.6	14.0664105000903	-999.9	0	2.21064814814815	12.3289699157339	330
MAPLE_PLAINS	2013	9	30	273	4.5	18.8	13.9455020122698	-999.9	0	1.67824074074074	11.3228500903346	330
MAPLE_PLAINS	2013	10	1	274	10.6	18.9	10.4950045988098	-999.9	0	1.12268518518519	13.0702178778446	330
MAPLE_PLAINS	2013	10	2	275	7.3	21.3	13.4628303225184	-999.9	0	1.80555555555556	13.9095014017	330
MAPLE_PLAINS	2013	10	3	276	8.2	18.7	11.5145779352829	-999.9	0	3.99305555555556	10.4051156242731	330
MAPLE_PLAINS	2013	10	4	277	5	14.3	10.7011171443549	-999.9	0	3.39120370370369	8.68472471424328	330
MAPLE_PLAINS	2013	10	5	278	-0.3	13.4	12.8243838216753	-999.9	0	1.52777777777778	8.12674931251866	330
MAPLE_PLAINS	2013	10	6	279	-0.4	11.7	11.8990673551306	-999.9	0	2.09490740740741	7.53516788006279	330
MAPLE_PLAINS	2013	10	7	280	-0.7	15.6	13.6337296194107	-999.9	0.5	4.03935185185186	10.539300453212	330
MAPLE_PLAINS	2013	10	8	281	7.1	17.9	10.9544674748419	-999.9	5.3	4.62962962962964	12.231429169441	330
MAPLE_PLAINS	2013	10	9	282	-0.6	13.7	12.4412820851121	-999.9	0	1.5625	8.09440052645712	330
MAPLE_PLAINS	2013	10	10	283	6.1	18.2	11.2945293133504	-999.9	0	2.68518518518519	10.6881176092334	330
MAPLE_PLAINS	2013	10	11	284	3.9	15.6	10.9599556552741	-999.9	0	1.64351851851852	10.0788933673963	330
MAPLE_PLAINS	2013	10	12	285	-3.1	8.8	10.906700604705	-999.9	0	1.43518518518519	6.30476858675688	330
MAPLE_PLAINS	2013	10	13	286	-4.2	11.1	12.2021098245272	-999.9	0	0.740740740740742	5.98880232810526	330
MAPLE_PLAINS	2013	10	14	287	-2.6	16.1	13.3090264075332	-999.9	1	2.11805555555556	8.8211836734094	330
MAPLE_PLAINS	2013	10	15	288	-1.2	13.8	11.7591556499792	-999.9	0	2.55787037037037	9.4085940070973	330
MAPLE_PLAINS	2013	10	16	289	-2	14.5	12.166009140955	-999.9	9	3.20601851851853	9.03250368478593	330
MAPLE_PLAINS	2013	10	17	290	11.9	19.9	8.35601880202305	-999.9	0	3.14814814814814	15.2247665307172	330
MAPLE_PLAINS	2013	10	18	291	10.1	14.1	5.82783570820819	-999.9	3.3	2.41898148148148	13.1171767826618	330
MAPLE_PLAINS	2013	10	19	292	4.8	13.2	8.32945558398528	-999.9	0	3.61111111111111	9.86972110475337	330
MAPLE_PLAINS	2013	10	20	293	6.7	14.5	7.91594840574392	-999.9	1.9	2.39583333333333	10.773038171439	330
MAPLE_PLAINS	2013	10	21	294	6.1	9.7	5.3035530718821	-999.9	0	3.50694444444444	7.99595965487725	330
MAPLE_PLAINS	2013	10	22	295	0.5	13.6	9.9768877714574	-999.9	12	3.05555555555556	8.75772742620882	330
MAPLE_PLAINS	2013	10	23	296	0.6	11.2	8.84998254378957	-999.9	0.6	1.53381642512077	8.2502227023108	330
MAPLE_PLAINS	2013	10	24	297	2.7	8.7	6.56574537023835	-999.9	0	3.71527777777778	5.95603558410496	330
MAPLE_PLAINS	2013	10	25	298	1.4	8.3	6.94294120874379	-999.9	0	4.30555555555556	6.15000291159715	330
MAPLE_PLAINS	2013	10	26	299	3	7.3	5.40453233355766	-999.9	2.8	2.84722222222222	6.20954688240429	330
MAPLE_PLAINS	2013	10	27	300	1.6	7.1	6.02708784117557	-999.9	4.2	1.28472222222222	8.20123314994641	330
MAPLE_PLAINS	2013	10	28	301	1.4	7.4	6.20732439508247	-999.9	0.2	4.02777777777778	6.81263679133855	330
MAPLE_PLAINS	2013	10	29	302	-4.5	4.5	7.49645938608266	-999.9	0	2.52314814814815	4.76917841524179	330
MAPLE_PLAINS	2013	10	30	303	-6.7	5.4	8.57117676074462	-999.9	0	1.86342592592593	4.3909087365756	330
MAPLE_PLAINS	2013	10	31	304	-6	6.8	8.69311890466791	-999.9	8.3	2.89351851851853	5.29595360371283	330
MAPLE_PLAINS	2013	11	1	305	7.5	18.2	7.83788467820938	-999.9	4.5	6.19212962962964	14.8595814162673	330
MAPLE_PLAINS	2013	11	2	306	7	14.4	6.42800494715617	-999.9	0	3.34490740740742	9.98108258370328	330
MAPLE_PLAINS	2013	11	3	307	-2.8	5.7	6.79428605670353	-999.9	0	3.06712962962964	4.98870818939213	330
MAPLE_PLAINS	2013	11	4	308	-3.7	3	5.94935926243843	-999.9	0.2	2.2337962962963	5.08191804475418	330
MAPLE_PLAINS	2013	11	5	309	-4	4.5	6.60950506608771	-999.9	0	1.46990740740741	4.89856898631299	330
MAPLE_PLAINS	2013	11	6	310	2.2	10.7	6.51970317255725	-999.9	0	3.17129629629631	7.18891909064976	330
MAPLE_PLAINS	2013	11	7	311	7.7	13.9	5.49299666503424	-999.9	7.1	4.97685185185186	11.4477559438474	330
MAPLE_PLAINS	2013	11	8	312	1	7.7	5.6336051883831	-999.9	0	3.40277777777778	5.61520783573852	330
MAPLE_PLAINS	2013	11	9	313	0.4	2.5	3.11199426778756	-999.9	0.2	4.64120370370369	4.85532647321066	330
MAPLE_PLAINS	2013	11	10	314	-3.5	4.3	5.91841641071765	-999.9	9.7	2.74305555555556	5.48143167255448	330
MAPLE_PLAINS	2013	11	11	315	2.4	5	3.37230864615919	-999.9	6.8	2.98611111111111	7.63794684788547	330
MAPLE_PLAINS	2013	11	12	316	-2.2	4.5	5.34340764668505	-999.9	2.5	3.55324074074075	5.7769851069935	330
MAPLE_PLAINS	2013	11	13	317	-4.3	-1.1	3.64551228011163	-999.9	0	3.84259259259258	3.47395051975932	330
MAPLE_PLAINS	2013	11	14	318	-7	4.6	6.85302451746322	-999.9	0	3.22916666666667	4.25265308504518	330
MAPLE_PLAINS	2013	11	15	319	1.2	9.4	5.68986131599887	-999.9	0	2.71990740740741	6.64737066971578	330
MAPLE_PLAINS	2013	11	16	320	-1.3	9.3	6.38948221633962	-999.9	0	0.682870370370369	6.77413286185301	330
MAPLE_PLAINS	2013	11	17	321	-3.1	9	6.74380072771041	-999.9	0	1.28472222222222	6.59063687807427	330
MAPLE_PLAINS	2013	11	18	322	4.2	13	5.68249270646143	-999.9	11	6.40046296296297	10.2217506845619	330
MAPLE_PLAINS	2013	11	19	323	0.5	10.6	6.01637425149907	-999.9	0	3.56481481481481	7.02113378369245	330
MAPLE_PLAINS	2013	11	20	324	-3.7	0.3	3.74262909880693	-999.9	0	5.9375	3.70088284260348	330
MAPLE_PLAINS	2013	11	21	325	-2.4	4.1	4.7171218389166	-999.9	0	3.90046296296297	3.99778558434904	330
MAPLE_PLAINS	2013	11	22	326	-3.7	5.7	5.61001357396737	-999.9	0	0.914351851851853	5.48731384881316	330
MAPLE_PLAINS	2013	11	23	327	-2.7	2.2	4.00671553117937	-999.9	1.7	4.51388888888889	5.1380964829232	330
MAPLE_PLAINS	2013	11	24	328	-6.8	-2.1	3.88280655347011	-999.9	0	6.78240740740742	2.7069810407537	330
MAPLE_PLAINS	2013	11	25	329	-6.4	-3.5	3.01872108215671	-999.9	0.2	5.70601851851853	2.77447987778113	330
MAPLE_PLAINS	2013	11	26	330	-6.5	1.4	4.93276484618877	-999.9	1.4	2.52314814814815	3.74407522269276	330
MAPLE_PLAINS	2013	11	27	331	-4.9	12.8	7.31218135957406	-999.9	11	6.14583333333333	8.42819178565741	330
MAPLE_PLAINS	2013	11	28	332	-4.4	15.1	7.60320088995425	-999.9	0.8	7.15277777777778	7.34816070093798	330
MAPLE_PLAINS	2013	11	29	333	-6.8	-4.8	2.41297665341849	-999.9	0	3.87731481481481	2.68651396127069	330
MAPLE_PLAINS	2013	11	30	334	-11.8	-4.7	4.50682860212158	-999.9	0	2.66203703703704	2.66840550365514	330
MAPLE_PLAINS	2013	12	1	335	-11.4	0.4	5.76150529699386	-999.9	1.8	3.28703703703703	4.35475613937668	330
MAPLE_PLAINS	2013	12	2	336	-2.8	3.4	4.14283569320649	-999.9	1.5	1.5625	6.67698623176071	330
MAPLE_PLAINS	2013	12	3	337	2	5.5	3.08887929475583	-999.9	31.5	2.22222222222222	7.70982901569539	330
MAPLE_PLAINS	2013	12	4	338	-2.3	3.9	4.08122149955402	-999.9	23.6	6.86342592592592	5.96921053805782	330
MAPLE_PLAINS	2013	12	5	339	-2.6	0.5	2.86595250721819	-999.9	0.6	2.8125	5.23082475673977	330
MAPLE_PLAINS	2013	12	6	340	0.5	5.9	3.75793410656741	-999.9	5.7	3.46064814814814	7.58641707228046	330
MAPLE_PLAINS	2013	12	7	341	-3.9	1.5	3.73497196159562	-999.9	0	3.83101851851853	3.86888798229962	330
MAPLE_PLAINS	2013	12	8	342	-8.3	-4.3	3.19621686496533	-999.9	0	5	2.49621517179037	330
MAPLE_PLAINS	2013	12	9	343	-12	-3.9	4.52423827803156	-999.9	4.7	2.53472222222222	2.6919583185047	330
MAPLE_PLAINS	2013	12	10	344	-3.8	0	3.08372439336688	-999.9	0.9	3.46064814814814	4.46981224468085	330
MAPLE_PLAINS	2013	12	11	345	-9.8	-4.4	3.65972485732047	-999.9	0	5.17361111111111	2.16487753148982	330
MAPLE_PLAINS	2013	12	12	346	-15.9	-7	4.67954952378718	-999.9	0	4.54861111111111	1.47622049911524	330
MAPLE_PLAINS	2013	12	13	347	-19.1	-9.2	4.91786124054024	-999.9	0.2	2.97453703703703	1.69123885769877	330
MAPLE_PLAINS	2013	12	14	348	-19	-15.3	2.99711567875458	-999.9	0	3.98148148148147	1.26332430043656	330
MAPLE_PLAINS	2013	12	15	349	-15.7	-2.2	5.70965387851749	-999.9	7.8	4.54861111111111	2.7439378621389	330
MAPLE_PLAINS	2013	12	16	350	-10.5	-2.7	4.33040399869087	-999.9	1.5	4.40972222222222	3.41536262089585	330
MAPLE_PLAINS	2013	12	17	351	-23.3	-10.7	5.49419375207798	-999.9	0	2.74305555555556	1.6353982139051	330
MAPLE_PLAINS	2013	12	18	352	-23.5	-2.3	7.11745468182877	-999.9	8.6	4.21296296296297	3.290542630971	330
MAPLE_PLAINS	2013	12	19	353	-9.7	-4.9	3.38389459136186	-999.9	0	4.03935185185186	3.03781015131665	330
MAPLE_PLAINS	2013	12	20	354	-10.6	-5.3	3.5544751167372	-999.9	5.6	2.07175925925926	2.71569390321791	330
MAPLE_PLAINS	2013	12	21	355	-4.4	-0.1	3.20195549719256	-999.9	5	1.89814814814815	5.40507752592168	330
MAPLE_PLAINS	2013	12	22	356	-5.8	-0.9	3.41998968389561	-999.9	6.6	3.28703703703703	4.63918459999623	330
MAPLE_PLAINS	2013	12	23	357	-5.7	-0.7	3.45827338225402	-999.9	12.9	2.15277777777778	4.73705062414061	330
MAPLE_PLAINS	2013	12	24	358	-4.5	-1.1	2.8560290860749	-999.9	0.4	1.27314814814815	5.26380221065147	330
MAPLE_PLAINS	2013	12	25	359	-21.7	-4.6	6.41756803999747	-999.9	0.2	1.99074074074074	2.51815066828532	330
MAPLE_PLAINS	2013	12	26	360	-24.1	-3.8	7.00920823089996	-999.9	2.5	1.50462962962963	1.90908679532605	330
MAPLE_PLAINS	2013	12	27	361	-9	-3	3.82157961713348	-999.9	1	1.6087962962963	3.95979871250747	330
MAPLE_PLAINS	2013	12	28	362	-11.7	-1	5.12037352423871	-999.9	0	2.55787037037037	3.52110294303006	330
MAPLE_PLAINS	2013	12	29	363	-8.6	-1.1	4.30305612757665	-999.9	3.5	3.45410628019325	3.22193346441978	330
MAPLE_PLAINS	2013	12	30	364	-11.8	-0.7	5.25698121820658	-999.9	9.8	4.07407407407408	4.32317543302419	330
MAPLE_PLAINS	2013	12	31	365	-22.6	-12.9	4.93717837232198	-999.9	0.2	2.1412037037037	1.26360832109293	330
