NEW_GLASGOW	2005	1	1	1	0	6	3.8766015160833	-999.9	0	6.93287037037036	5.33590480963686	330
NEW_GLASGOW	2005	1	2	2	-10.5	0	5.1567174646294	-999.9	1	5.26620370370369	3.03363091820703	330
NEW_GLASGOW	2005	1	3	3	-8.5	3.5	5.54567188397993	-999.9	0	5.40509259259258	3.99144573605773	330
NEW_GLASGOW	2005	1	4	4	-7	-4.5	2.54739748530356	-999.9	0	1.73611111111111	3.26994149977357	330
NEW_GLASGOW	2005	1	5	5	-11	-9	2.29392690450944	-999.9	0	3.55324074074075	1.91793892534533	330
NEW_GLASGOW	2005	1	6	6	-16.5	-3.5	5.8904033302357	-999.9	2	3.61111111111111	1.83073576512537	330
NEW_GLASGOW	2005	1	7	7	-12	-3.5	4.79908621312624	-999.9	3	2.96296296296297	2.9455299306326	330
NEW_GLASGOW	2005	1	8	8	-8	-2	4.06408963300603	-999.9	2	3.13657407407408	3.24635215238155	330
NEW_GLASGOW	2005	1	9	9	-6.5	-4	2.64517727812376	-999.9	2	4.95370370370369	3.04936119119114	330
NEW_GLASGOW	2005	1	10	10	-8	-0.5	4.62132699167959	-999.9	5	4.45601851851853	3.80068325074174	330
NEW_GLASGOW	2005	1	11	11	-10	-9	1.7026955273779	-999.9	0	6.41203703703703	1.85154839379803	330
NEW_GLASGOW	2005	1	12	12	-16.5	-4	6.07628227381646	-999.9	0	2.8125	2.37013077931441	330
NEW_GLASGOW	2005	1	13	13	-10.5	11.5	8.13917718539636	-999.9	0	5.50925925925925	4.0843448660007	330
NEW_GLASGOW	2005	1	14	14	3.5	13.5	5.54231081351204	-999.9	8.2	6.84027777777778	8.97194330419403	330
NEW_GLASGOW	2005	1	15	15	-9.5	-7.5	2.5041377016194	-999.9	0	4.59490740740742	2.18557412895821	330
NEW_GLASGOW	2005	1	16	16	-16.5	-4.5	6.19886039413948	-999.9	5	2.21064814814815	2.22619172839497	330
NEW_GLASGOW	2005	1	17	17	-8	-4.5	3.38418427206603	-999.9	27	10.9722222222222	3.46462844364909	330
NEW_GLASGOW	2005	1	18	18	-15	-13.5	2.24016539601087	-999.9	0	4.03935185185186	1.4263865505888	330
NEW_GLASGOW	2005	1	19	19	-20	-8	6.40840958022228	-999.9	0	3.05555555555556	1.63588207682885	330
NEW_GLASGOW	2005	1	20	20	-20	-3.5	7.60208071625279	-999.9	18	6.95652173913044	2.48404246645499	330
NEW_GLASGOW	2005	1	21	21	-18	-16	2.67816314099943	-999.9	0	5.21990740740742	1.24489723577368	330
NEW_GLASGOW	2005	1	22	22	-19	-10.5	5.58802923192526	-999.9	2	3.62268518518519	1.20844831804912	330
NEW_GLASGOW	2005	1	23	23	-20	-8	6.72136786763363	-999.9	35	4.95370370370369	1.55596147771197	330
NEW_GLASGOW	2005	1	24	24	-10	-8	2.77834119656379	-999.9	10	9.96527777777778	2.27903123102845	330
NEW_GLASGOW	2005	1	25	25	-15.5	-13.5	2.81364888331228	-999.9	0	4.22453703703703	1.56453299433758	330
NEW_GLASGOW	2005	1	26	26	-23	-16	5.33168100052882	-999.9	0	2.22222222222222	1.02170968655846	330
NEW_GLASGOW	2005	1	27	27	-28	-15	7.36068349041645	-999.9	0	3.19444444444444	0.750369932699313	330
NEW_GLASGOW	2005	1	28	28	-17.5	-14.5	3.58265315259047	-999.9	0	5	1.14379570457723	330
NEW_GLASGOW	2005	1	29	29	-17	-10	5.54565029704849	-999.9	0	2.03703703703704	1.64447401964064	330
NEW_GLASGOW	2005	1	30	30	-12	-5.5	5.41597309656854	-999.9	0	0	1.90057563490382	330
NEW_GLASGOW	2005	1	31	31	-12.5	-10	3.40454191929524	-999.9	0	3.99305555555556	1.81019363086263	330
NEW_GLASGOW	2005	2	1	32	-23	-4	9.51442160096587	-999.9	0	0	1.77453862592487	330
NEW_GLASGOW	2005	2	2	33	-18	-6	7.66578803614004	-999.9	0	0	2.58596742083976	330
NEW_GLASGOW	2005	2	3	34	-14	-2	7.772429759247	-999.9	0	0	3.10010837162428	330
NEW_GLASGOW	2005	2	4	35	-7.5	-1	5.80040190863534	-999.9	0	2.98611111111111	4.87492469329989	330
NEW_GLASGOW	2005	2	5	36	-7	-2	5.15884854701116	-999.9	0	4.83796296296297	3.80877614491856	330
NEW_GLASGOW	2005	2	6	37	-6.5	-3	4.37718923371194	-999.9	0	0	3.5182210044466	330
NEW_GLASGOW	2005	2	7	38	-16.5	3	10.4784103688655	-999.9	0	0	3.15309918388315	330
NEW_GLASGOW	2005	2	8	39	-6	7	8.6773289516949	-999.9	0	0	4.00491567424252	330
NEW_GLASGOW	2005	2	9	40	-1	6	6.45825973560679	-999.9	0	1.00694444444444	5.13596854221838	330
NEW_GLASGOW	2005	2	10	41	-2.5	5.5	7.00286611425432	-999.9	5	4.54861111111111	5.92442460830071	330
NEW_GLASGOW	2005	2	11	42	-2.5	5.5	7.10311651374743	-999.9	1	6.14583333333333	5.91190337181994	330
NEW_GLASGOW	2005	2	12	43	-5.5	-1	5.40366886324126	-999.9	0	4.62962962962964	3.61084805454593	330
NEW_GLASGOW	2005	2	13	44	-13	-4	7.7514759613413	-999.9	0	1.79398148148148	2.19468469576772	330
NEW_GLASGOW	2005	2	14	45	-10	-3	6.93412794188738	-999.9	0	0	2.08782121918813	330
NEW_GLASGOW	2005	2	15	46	-10	2	9.20892824074952	-999.9	1	6.23842592592592	4.0818094925942	330
NEW_GLASGOW	2005	2	16	47	-0.5	7	7.38444302333436	-999.9	1	3.71527777777778	6.82187451826055	330
NEW_GLASGOW	2005	2	17	48	-1	6	7.23593987791979	-999.9	0	5.19675925925925	6.37307498390677	330
NEW_GLASGOW	2005	2	18	49	-6	-4.5	3.39733058986503	-999.9	0	4.23611111111111	2.9245329342586	330
NEW_GLASGOW	2005	2	19	50	-13.5	-9.5	5.62669301587681	-999.9	0	2.91666666666667	1.68369330984489	330
NEW_GLASGOW	2005	2	20	51	-18	-11.5	7.27433348167225	-999.9	2.5	0	1.94027113267907	330
NEW_GLASGOW	2005	2	21	52	-19	-11	8.18416999659662	-999.9	0	0	1.47976053149959	330
NEW_GLASGOW	2005	2	22	53	-17	-9	8.29937205859764	-999.9	1	2.65046296296296	1.88895342027357	330
NEW_GLASGOW	2005	2	23	54	-11	-8.5	4.70452803886448	-999.9	2	0	2.47485692929844	330
NEW_GLASGOW	2005	2	24	55	-15	-9	7.38993409040245	-999.9	0	0	2.13671597734219	330
NEW_GLASGOW	2005	2	25	56	-18	-9	9.17647907244332	-999.9	4	3.63425925925925	1.69035415692404	330
NEW_GLASGOW	2005	2	26	57	-10	-3	8.20470087211333	-999.9	2	6.16898148148147	2.51629139372954	330
NEW_GLASGOW	2005	2	27	58	-10	-4	7.70043750064385	-999.9	3	7.07175925925925	1.94102128971396	330
NEW_GLASGOW	2005	2	28	59	-11	-2	9.55987916628703	-999.9	0	3.68055555555556	1.93781071237488	330
NEW_GLASGOW	2005	3	1	60	-5	4	9.68963425741668	-999.9	5.5	6.25661375661375	4.26151956442799	330
NEW_GLASGOW	2005	3	2	61	-1	3	6.546860317773	-999.9	2	0	5.72302391528069	330
NEW_GLASGOW	2005	3	3	62	-7	-4	5.74567507343548	-999.9	1	4.89583333333333	2.93347998731857	330
NEW_GLASGOW	2005	3	4	63	-13.5	-7	8.56985334903152	-999.9	1	3.98148148148147	1.97362373210563	330
NEW_GLASGOW	2005	3	5	64	-11	-4	9.01072052135025	-999.9	0	4.39814814814814	2.22401050745996	330
NEW_GLASGOW	2005	3	6	65	-15	-1	12.909947581959	-999.9	2.5	2.60416666666667	1.92904221096404	330
NEW_GLASGOW	2005	3	7	66	-10	1	11.5920880576861	-999.9	2	4.17824074074075	3.25649369628522	330
NEW_GLASGOW	2005	3	8	67	-10	9.5	15.632959781508	-999.9	12	8.11342592592592	5.32310774758964	330
NEW_GLASGOW	2005	3	9	68	-3	1	7.17075777750905	-999.9	0	9.30555555555556	4.28115364727033	330
NEW_GLASGOW	2005	3	10	69	-14.5	-4	11.7650118008587	-999.9	0	3.125	1.90530777654381	330
NEW_GLASGOW	2005	3	11	70	-13	-4	11.0288984126863	-999.9	0	0	1.26892928518514	330
NEW_GLASGOW	2005	3	12	71	-12	-4	10.527338757752	-999.9	0	5.72916666666667	2.65567180703254	330
NEW_GLASGOW	2005	3	13	72	-6.5	-2	7.99265850221959	-999.9	5.5	6.90972222222222	3.46123367417338	330
NEW_GLASGOW	2005	3	14	73	-5.5	1	9.72301415836325	-999.9	1.5	3.88888888888889	4.91920338480719	330
NEW_GLASGOW	2005	3	15	74	-1	2.5	7.22078759078348	-999.9	4.5	4.05092592592592	5.4941751332704	330
NEW_GLASGOW	2005	3	16	75	-1	1	5.52354885964414	-999.9	1	5.42824074074075	4.17468694743793	330
NEW_GLASGOW	2005	3	17	76	-2	1	6.84482201794324	-999.9	10.5	4.10879629629631	4.56395908316503	330
NEW_GLASGOW	2005	3	18	77	-1	0	3.99801958426751	-999.9	5	2.8125	5.69874226705019	330
NEW_GLASGOW	2005	3	19	78	-1.5	-1	2.85968227907687	-999.9	1	4.50231481481481	5.24430098605301	330
NEW_GLASGOW	2005	3	20	79	-5	2	10.822151731044	-999.9	3	4.34027777777778	3.70429231136483	330
NEW_GLASGOW	2005	3	21	80	-1.5	1	6.54048399497847	-999.9	0	2.95138888888889	5.01489434513082	330
NEW_GLASGOW	2005	3	22	81	-2	2	8.36542844518377	-999.9	0	1.78240740740741	4.3062422083866	330
NEW_GLASGOW	2005	3	23	82	-8	4	14.6490597811659	-999.9	0	3.49537037037036	4.33328201640856	330
NEW_GLASGOW	2005	3	24	83	-6.5	0	10.898808083338	-999.9	0	0	4.16564577859065	330
NEW_GLASGOW	2005	3	25	84	-6.5	5	14.6526570553616	-999.9	1	4.09722222222222	5.0230530077213	330
NEW_GLASGOW	2005	3	26	85	-6	-0.5	10.2408404401796	-999.9	0	2.96296296296297	2.85157185857675	330
NEW_GLASGOW	2005	3	27	86	-9	6.5	17.3719388828396	-999.9	0	3.75	3.30601182875202	330
NEW_GLASGOW	2005	3	28	87	-3	9	15.4433827446819	-999.9	30.2	4.21296296296297	5.40143726971885	330
NEW_GLASGOW	2005	3	29	88	4	8	9.00724898045054	-999.9	20.2	6.26157407407408	8.30459028475474	330
NEW_GLASGOW	2005	3	30	89	-1	-1	0	-999.9	0	10.0231481481481	5.39983169184883	330
NEW_GLASGOW	2005	3	31	90	-1	0.5	5.62666292039643	-999.9	0	8.64583333333333	5.0292935073501	330
NEW_GLASGOW	2005	4	1	91	-1	5	11.3635336688899	-999.9	0	2.53472222222222	6.17679974489303	330
NEW_GLASGOW	2005	4	2	92	0	8.5	13.6558986081811	-999.9	0	2.82407407407408	6.53812939550436	330
NEW_GLASGOW	2005	4	3	93	1	8	12.5104626225853	-999.9	9.8	7.80092592592592	7.11344414572502	330
NEW_GLASGOW	2005	4	4	94	2	9	12.6277902973769	-999.9	1.6	5.64814814814814	9.40115392153076	330
NEW_GLASGOW	2005	4	5	95	3	8	10.7710439212979	-999.9	0	2.68518518518519	7.0629872045002	330
NEW_GLASGOW	2005	4	6	96	3	14	16.1214490107244	-999.9	0	3.58796296296297	6.53381597705764	330
NEW_GLASGOW	2005	4	7	97	0	7	12.9757423538765	-999.9	6	0	3.81668907707959	330
NEW_GLASGOW	2005	4	8	98	1.5	5.5	9.89530622334231	-999.9	8	2.83564814814814	6.86717978722679	330
NEW_GLASGOW	2005	4	9	99	-1.5	6	13.6674216007428	-999.9	0	3.13657407407408	5.40358956670779	330
NEW_GLASGOW	2005	4	10	100	-3	12	19.4939151451383	-999.9	1	4.27083333333333	5.46068087485828	330
NEW_GLASGOW	2005	4	11	101	-1	0.5	6.21637826251331	-999.9	16	4.81481481481481	4.99813013289781	330
NEW_GLASGOW	2005	4	12	102	-2	5	13.5400477244	-999.9	3	3.99305555555556	5.76489925740249	330
NEW_GLASGOW	2005	4	13	103	-5	6	17.1114984913235	-999.9	0	0	6.11399990642355	330
NEW_GLASGOW	2005	4	14	104	-1	1	7.35476052604323	-999.9	0	5.71759259259258	4.13599189236459	330
NEW_GLASGOW	2005	4	15	105	-2	3	11.7203845647168	-999.9	0	3.98148148148147	3.07143608037185	330
NEW_GLASGOW	2005	4	16	106	-5.5	17	25.0549249037711	-999.9	0	2.34953703703704	4.20491678595898	330
NEW_GLASGOW	2005	4	17	107	0	19	23.1987984995234	-999.9	0	2.63888888888889	6.18952152765128	330
NEW_GLASGOW	2005	4	18	108	4	6	7.58285233499653	-999.9	0	4.52546296296297	5.8362406538131	330
NEW_GLASGOW	2005	4	19	109	0	13.5	19.8452086636765	-999.9	0	2.92824074074075	4.50134210845695	330
NEW_GLASGOW	2005	4	20	110	2	10	15.3867699414145	-999.9	6	3.84057971014492	7.11033278243298	330
NEW_GLASGOW	2005	4	21	111	-2	4	13.4194432942965	-999.9	0	0	5.69900934457988	330
NEW_GLASGOW	2005	4	22	112	-2	11.5	20.2686642083299	-999.9	0	5.24305555555556	4.12062619514979	330
NEW_GLASGOW	2005	4	23	113	1.5	11	17.1183782820779	-999.9	12.2	0	3.31111186071599	330
NEW_GLASGOW	2005	4	24	114	5	17.5	19.7670493854706	-999.9	0.8	6.05324074074075	12.2739484577069	330
NEW_GLASGOW	2005	4	25	115	7	11	11.2550275937809	-999.9	37	6.46990740740742	11.9089457529388	330
NEW_GLASGOW	2005	4	26	116	6	11	12.6641270203964	-999.9	1	2.60416666666667	8.23311651735451	330
NEW_GLASGOW	2005	4	27	117	0	4	11.3982494630785	-999.9	0.2	2.4537037037037	7.30553898276964	330
NEW_GLASGOW	2005	4	28	118	2	7.5	13.4478202299956	-999.9	0.8	7.53472222222222	6.57883493233589	330
NEW_GLASGOW	2005	4	29	119	6	14.5	16.818495643242	-999.9	0.3	6.96759259259258	8.52221476479377	330
NEW_GLASGOW	2005	4	30	120	0	14	21.7117009391109	-999.9	8.4	4.29398148148147	7.62643434792926	330
NEW_GLASGOW	2005	5	1	121	7	11.5	12.3803668261904	-999.9	11.4	7.07175925925925	10.4952893427231	330
NEW_GLASGOW	2005	5	2	122	8	14.5	14.963283578061	-999.9	0	4.59490740740742	8.60096152854202	330
NEW_GLASGOW	2005	5	3	123	5	15	18.6620356496881	-999.9	0	3.78472222222222	7.69810921622587	330
NEW_GLASGOW	2005	5	4	124	3.5	14.5	19.678419963424	-999.9	0.2	0	8.07452950884079	330
NEW_GLASGOW	2005	5	5	125	5	13.5	17.389398469598	-999.9	0	0	5.51623460918689	330
NEW_GLASGOW	2005	5	6	126	0.5	17.5	24.7187999206831	-999.9	0	2.16435185185185	5.90786080350496	330
NEW_GLASGOW	2005	5	7	127	8	12.5	12.7815604058207	-999.9	22.2	4.08564814814814	7.89490500627972	330
NEW_GLASGOW	2005	5	8	128	4	6	8.56277336001122	-999.9	9.4	5.96064814814814	7.75928998154747	330
NEW_GLASGOW	2005	5	9	129	3	7	12.1674247394405	-999.9	0.6	3.35648148148147	9.33150104273825	330
NEW_GLASGOW	2005	5	10	130	4	10	14.9713569052122	-999.9	0	3.25231481481481	9.39209303840308	330
NEW_GLASGOW	2005	5	11	131	2	15	22.1371635988896	-999.9	0	1.72453703703704	10.8945670557138	330
NEW_GLASGOW	2005	5	12	132	2	5.5	11.5371149961776	-999.9	0.4	5.21990740740742	6.66444066387352	330
NEW_GLASGOW	2005	5	13	133	-0.5	4	13.1380448567124	-999.9	0	6.57407407407408	3.76390382253662	330
NEW_GLASGOW	2005	5	14	134	-1.5	8	19.1688558482449	-999.9	0	6.08796296296297	5.49736710965115	330
NEW_GLASGOW	2005	5	15	135	3.5	7.5	12.4888699825237	-999.9	0	3.05555555555556	8.39196576959679	330
NEW_GLASGOW	2005	5	16	136	2	5	10.8582945552675	-999.9	6	0	7.16815822410885	330
NEW_GLASGOW	2005	5	17	137	3	10	16.6497286481736	-999.9	0.2	0	8.90242002434237	330
NEW_GLASGOW	2005	5	18	138	-2.5	10	22.3315988934524	-999.9	0	0	8.67248818051333	330
NEW_GLASGOW	2005	5	19	139	3.5	7	11.859195886625	-999.9	24.2	3.93518518518519	8.51253448909308	330
NEW_GLASGOW	2005	5	20	140	3	5	8.99585753742235	-999.9	7.6	5.82175925925925	7.93173189390619	330
NEW_GLASGOW	2005	5	21	141	3	6.5	11.9403783278499	-999.9	1.4	3.35648148148147	8.68631231369853	330
NEW_GLASGOW	2005	5	22	142	4	9	14.3177870749388	-999.9	4.3	6.49305555555556	8.48871416109025	330
NEW_GLASGOW	2005	5	23	143	5	10.5	15.0636286527672	-999.9	0	5.91435185185186	8.71609442753832	330
NEW_GLASGOW	2005	5	24	144	3.5	8	13.6666660123486	-999.9	0	4.24768518518519	8.10885656670779	330
NEW_GLASGOW	2005	5	25	145	3.5	10	16.47297185716	-999.9	0	3.88888888888889	7.61964730107381	330
NEW_GLASGOW	2005	5	26	146	4.5	7.5	11.2224044188126	-999.9	4.6	5.09259259259258	8.87193438040216	330
NEW_GLASGOW	2005	5	27	147	6	11	14.5268522512527	-999.9	0.3	4.36342592592592	12.9638590282096	330
NEW_GLASGOW	2005	5	28	148	5	11	15.9541896133882	-999.9	1.3	2.36111111111111	9.78830467551921	330
NEW_GLASGOW	2005	5	29	149	5	12	17.2747702287764	-999.9	0.2	0	9.98973315412252	330
NEW_GLASGOW	2005	5	30	150	5	16	21.7057807190136	-999.9	0	0	10.7230196714207	330
NEW_GLASGOW	2005	5	31	151	7	18.5	22.2431151684288	-999.9	0	0	13.6575459241267	330
NEW_GLASGOW	2005	6	1	152	9.5	25.5	26.2921589016514	-999.9	0	2.68518518518519	10.0437106346988	330
NEW_GLASGOW	2005	6	2	153	12	28	26.3449808079869	-999.9	0	4.19082125603864	11.5544337573944	330
NEW_GLASGOW	2005	6	3	154	13	27	24.690264531223	-999.9	0	4.23611111111111	12.5036396941608	330
NEW_GLASGOW	2005	6	4	155	9.5	18.5	19.8316621769341	-999.9	1	0	14.182397225086	330
NEW_GLASGOW	2005	6	5	156	9	13	13.24330578711	-999.9	0.2	2.47685185185185	9.06599106536661	330
NEW_GLASGOW	2005	6	6	157	-1	17	28.1373848538924	-999.9	6	0	9.32298217554665	330
NEW_GLASGOW	2005	6	7	158	10	20	21.0029915785481	-999.9	3.4	5.59027777777778	13.4193297785468	330
NEW_GLASGOW	2005	6	8	159	14	18.5	14.1082711892812	-999.9	0	0	12.0621822136136	330
NEW_GLASGOW	2005	6	9	160	11	22.5	22.5816481034871	-999.9	0	1.875	11.1860182035115	330
NEW_GLASGOW	2005	6	10	161	15	28.5	24.4943343107638	-999.9	1.6	4.05092592592592	16.9311731063968	330
NEW_GLASGOW	2005	6	11	162	9.5	16	17.013764582036	-999.9	0	0	12.2252694820485	330
NEW_GLASGOW	2005	6	12	163	9	21	23.1383485666546	-999.9	6.8	3.21759259259258	14.3485527119545	330
NEW_GLASGOW	2005	6	13	164	10	14.5	14.1807454951645	-999.9	32.2	0	13.6591196158411	330
NEW_GLASGOW	2005	6	14	165	11	15	13.3791031933157	-999.9	0	4.89583333333333	11.1292775799546	330
NEW_GLASGOW	2005	6	15	166	7	18.5	22.6988217806441	-999.9	1.8	0	13.2895542154216	330
NEW_GLASGOW	2005	6	16	167	9	12	11.5991360340464	-999.9	10.8	4.86111111111111	11.0224379015809	330
NEW_GLASGOW	2005	6	17	168	9	13	13.3985840478421	-999.9	3.8	3.69212962962964	11.9331564285441	330
NEW_GLASGOW	2005	6	18	169	9	12	11.6066461343093	-999.9	1.6	0	12.2017297004545	330
NEW_GLASGOW	2005	6	19	170	9	15	16.4169431278306	-999.9	0	0	12.2382743152413	330
NEW_GLASGOW	2005	6	20	171	2	21.5	29.5976955424238	-999.9	0	3.10185185185186	10.0347762369858	330
NEW_GLASGOW	2005	6	21	172	14.5	25.5	22.228709709656	-999.9	4.6	4.45601851851853	14.0269019933281	330
NEW_GLASGOW	2005	6	22	173	12.5	16	12.5366835886098	-999.9	4.6	0	13.9174913096736	330
NEW_GLASGOW	2005	6	23	174	5	18.5	24.6149910662202	-999.9	0	2.17592592592593	9.21790283104921	330
NEW_GLASGOW	2005	6	24	175	10.5	25	25.5008341554021	-999.9	2.4	3.75	11.601331182143	330
NEW_GLASGOW	2005	6	25	176	14.5	29.5	25.9242999178169	-999.9	0	2.4537037037037	17.4195512005269	330
NEW_GLASGOW	2005	6	26	177	15	18.5	12.5152602083695	-999.9	0	2.98611111111111	17.6457583219501	330
NEW_GLASGOW	2005	6	27	178	13.5	25	22.6700594786029	-999.9	0	0	19.1941288653698	330
NEW_GLASGOW	2005	6	28	179	15	26.5	22.6518641829714	-999.9	0	5.50925925925925	19.159148312331	330
NEW_GLASGOW	2005	6	29	180	20	28.5	19.4566996403232	-999.9	0	4.09722222222222	23.3370997027872	330
NEW_GLASGOW	2005	6	30	181	12	16.5	14.1424294796855	-999.9	0	0	14.6590718476063	330
NEW_GLASGOW	2005	7	1	182	13.5	21.5	18.8353698945951	-999.9	5	4.02777777777778	14.7010837235721	330
NEW_GLASGOW	2005	7	2	183	19	25	16.2918156796158	-999.9	3	4.62962962962964	20.6633680136906	330
NEW_GLASGOW	2005	7	3	184	9.5	21	22.5247901854403	-999.9	0	2.04861111111111	11.8806964778097	330
NEW_GLASGOW	2005	7	4	185	10	27	27.3468614083025	-999.9	0	2.70833333333333	13.6939323644692	330
NEW_GLASGOW	2005	7	5	186	11	26	25.6479717298004	-999.9	16	3.78472222222222	12.2517618901623	330
NEW_GLASGOW	2005	7	6	187	14	17	11.4510552089258	-999.9	3	3.24074074074075	14.9310653815329	330
NEW_GLASGOW	2005	7	7	188	13	17	13.1991333225689	-999.9	0.2	0	15.5001644745378	330
NEW_GLASGOW	2005	7	8	189	10	22	22.8186300872188	-999.9	0	0	16.3506936715114	330
NEW_GLASGOW	2005	7	9	190	16	24	18.594323213316	-999.9	2	2.36111111111111	16.0246965486084	330
NEW_GLASGOW	2005	7	10	191	15	22	17.3569603499776	-999.9	0.3	0	20.4415902918826	330
NEW_GLASGOW	2005	7	11	192	15.5	19.5	13.0917185932867	-999.9	0	0	18.152733848972	330
NEW_GLASGOW	2005	7	12	193	14	16	9.23583851815156	-999.9	1	4.62962962962964	14.9556699708078	330
NEW_GLASGOW	2005	7	13	194	13.5	17	12.1882843096476	-999.9	0.6	0	16.337393207566	330
NEW_GLASGOW	2005	7	14	195	14	20	15.9178294901204	-999.9	6.4	3.65740740740742	16.7995485538526	330
NEW_GLASGOW	2005	7	15	196	16	25	19.4438151229421	-999.9	0.3	2.32638888888889	18.7977903143067	330
NEW_GLASGOW	2005	7	16	197	11.5	17	15.1581358855883	-999.9	0.2	0	15.5802421372517	330
NEW_GLASGOW	2005	7	17	198	12	29	26.5732839088048	-999.9	0	2.75462962962963	17.3902181032654	330
NEW_GLASGOW	2005	7	18	199	19	29	20.3202498496534	-999.9	0	3.56481481481481	21.0758926187962	330
NEW_GLASGOW	2005	7	19	200	21	28.5	17.5436427433941	-999.9	0	3.92361111111111	25.6611378392722	330
NEW_GLASGOW	2005	7	20	201	19.5	27	17.4876540222641	-999.9	0	2.42753623188406	24.3599690613112	330
NEW_GLASGOW	2005	7	21	202	17	26	19.0934971235702	-999.9	0	0	19.5654464938855	330
NEW_GLASGOW	2005	7	22	203	14	29.5	24.9715067529808	-999.9	35.2	1.74242424242424	17.6580025037806	330
NEW_GLASGOW	2005	7	23	204	16	18.5	9.99343475553255	-999.9	3.2	3.18287037037036	18.2904897934359	330
NEW_GLASGOW	2005	7	24	205	13	21	17.8117537670399	-999.9	0	0	12.2939149876635	330
NEW_GLASGOW	2005	7	25	206	12.5	19.5	16.5988682710468	-999.9	1.1	3.61111111111111	14.3625605343164	330
NEW_GLASGOW	2005	7	26	207	15	27.5	22.0954528940956	-999.9	0	3.22916666666667	20.1538111169964	330
NEW_GLASGOW	2005	7	27	208	20.5	25	13.2045341965508	-999.9	13.2	4.64120370370369	21.5925237256164	330
NEW_GLASGOW	2005	7	28	209	15.5	21	14.5384260018346	-999.9	0	2.30769230769231	14.6998472104267	330
NEW_GLASGOW	2005	7	29	210	14.5	22	16.9058099530975	-999.9	0	0	16.4710726909931	330
NEW_GLASGOW	2005	7	30	211	15	24.5	18.9446392960245	-999.9	0	0	17.2914057976648	330
NEW_GLASGOW	2005	7	31	212	9.5	24.5	23.6994913534576	-999.9	0	1.74768518518519	11.5778183722067	330
NEW_GLASGOW	2005	8	1	213	14.5	21	15.5298901835892	-999.9	14.4	2.89351851851853	13.4330248370152	330
NEW_GLASGOW	2005	8	2	214	15	22	16.0408829114201	-999.9	1.2	0	18.8261459572208	330
NEW_GLASGOW	2005	8	3	215	16.5	20.5	12.0677357566893	-999.9	4	2.98611111111111	17.1681355333791	330
NEW_GLASGOW	2005	8	4	216	15	20	13.4259838602027	-999.9	0	0	16.3113643158534	330
NEW_GLASGOW	2005	8	5	217	10	23.5	21.9503710141714	-999.9	0	3.84259259259258	14.2104256073045	330
NEW_GLASGOW	2005	8	6	218	18.5	23	12.607918777444	-999.9	0	0	15.2094679059879	330
NEW_GLASGOW	2005	8	7	219	10	26	23.6487048966657	-999.9	0	2.29166666666667	12.9019611579452	330
NEW_GLASGOW	2005	8	8	220	15	25	18.5953951807105	-999.9	0	2.92824074074075	18.2859228821243	330
NEW_GLASGOW	2005	8	9	221	16	29.5	21.4871050939482	-999.9	0	3.93518518518519	18.6154013973594	330
NEW_GLASGOW	2005	8	10	222	19.5	28	16.954048429428	-999.9	0	5.23148148148147	21.6483052123961	330
NEW_GLASGOW	2005	8	11	223	19.5	25.5	14.1624890038778	-999.9	4	3.69212962962964	23.9991625657439	330
NEW_GLASGOW	2005	8	12	224	12	24	19.9113821389486	-999.9	0	1.49305555555556	12.1646624011583	330
NEW_GLASGOW	2005	8	13	225	14	22.5	16.657646419498	-999.9	0.2	3.07870370370369	16.4559174574455	330
NEW_GLASGOW	2005	8	14	226	18	26.5	16.5559210966957	-999.9	0.8	0	21.3434022418247	330
NEW_GLASGOW	2005	8	15	227	15	22.5	15.454689729932	-999.9	0	0	19.3190026554536	330
NEW_GLASGOW	2005	8	16	228	9	24	21.7173523299107	-999.9	0	0	18.7735905069792	330
NEW_GLASGOW	2005	8	17	229	14.5	23.5	16.7132018241526	-999.9	0	2.98611111111111	16.9160429963344	330
NEW_GLASGOW	2005	8	18	230	12.5	21	16.1350509588966	-999.9	0	0	15.7999805851944	330
NEW_GLASGOW	2005	8	19	231	7.5	21.5	20.5680182474434	-999.9	0	0	14.6619127120068	330
NEW_GLASGOW	2005	8	20	232	9.5	23.5	20.427011753058	-999.9	0	2.21064814814815	12.3122673949154	330
NEW_GLASGOW	2005	8	21	233	17.5	25	14.8466491045857	-999.9	1.2	3.69212962962964	21.1357002335371	330
NEW_GLASGOW	2005	8	22	234	15.5	28	19.0306745323265	-999.9	0.2	2.36111111111111	20.6138797401216	330
NEW_GLASGOW	2005	8	23	235	15	24	16.031196568029	-999.9	0.2	1.58564814814815	20.2115926018617	330
NEW_GLASGOW	2005	8	24	236	15	18	9.1874449307107	-999.9	3.2	3.36805555555556	16.9277821533712	330
NEW_GLASGOW	2005	8	25	237	14	17	9.11859448411079	-999.9	1.2	3.37962962962964	16.4904749302805	330
NEW_GLASGOW	2005	8	26	238	10	24	19.5482533815489	-999.9	0	0	12.7741460418692	330
NEW_GLASGOW	2005	8	27	239	8	28.5	23.4715006741096	-999.9	0	1.89814814814815	14.3973603893104	330
NEW_GLASGOW	2005	8	28	240	13.5	26.5	18.5437994529302	-999.9	0	3.84259259259258	16.7169719850536	330
NEW_GLASGOW	2005	8	29	241	17	28.5	17.3014317307101	-999.9	0.2	0	22.0294150960706	330
NEW_GLASGOW	2005	8	30	242	17.5	24	12.9014544881724	-999.9	7.4	0	20.4656924451541	330
NEW_GLASGOW	2005	8	31	243	18	24	12.2927525411517	-999.9	5	3.26719576719578	23.1805291980827	330
NEW_GLASGOW	2005	9	1	244	20	26	12.1894234207638	-999.9	9.6	4.53703703703703	24.4061484928689	330
NEW_GLASGOW	2005	9	2	245	19	26.5	13.5118425705926	-999.9	0	3.19444444444444	18.9170276102607	330
NEW_GLASGOW	2005	9	3	246	17.5	21.5	9.78211177644526	-999.9	0.4	3.37962962962964	17.2910080374727	330
NEW_GLASGOW	2005	9	4	247	14	19	10.8404794135087	-999.9	0	1.45833333333333	13.2900193648978	330
NEW_GLASGOW	2005	9	5	248	11.5	19	13.1582182405091	-999.9	0	0	13.7012733213814	330
NEW_GLASGOW	2005	9	6	249	9	21	16.4930923554113	-999.9	0	1.81712962962963	11.3503136055484	330
NEW_GLASGOW	2005	9	7	250	14	25.5	15.9973265991594	-999.9	0	2.68518518518519	15.1432859092835	330
NEW_GLASGOW	2005	9	8	251	15	26.5	15.8480716364262	-999.9	0	2.36111111111111	17.1691427232259	330
NEW_GLASGOW	2005	9	9	252	15	18.5	8.66029201054159	-999.9	2.6	0	16.8605648767343	330
NEW_GLASGOW	2005	9	10	253	10	17.5	12.5557359441016	-999.9	3.8	3.44907407407408	11.9994326013962	330
NEW_GLASGOW	2005	9	11	254	12.5	18	10.647508222038	-999.9	9.6	3.58796296296297	9.74410496771631	330
NEW_GLASGOW	2005	9	12	255	10	20	14.2155569832719	-999.9	2.4	6.55092592592592	13.7520114463832	330
NEW_GLASGOW	2005	9	13	256	10	17	11.7747687381471	-999.9	0	1.49305555555556	10.6438181703607	330
NEW_GLASGOW	2005	9	14	257	10	22.5	15.5754366481011	-999.9	0	3.70370370370369	13.2946497262194	330
NEW_GLASGOW	2005	9	15	258	17.5	24	11.1164543760532	-999.9	10.4	3.18287037037036	21.4356147782227	330
NEW_GLASGOW	2005	9	16	259	14.5	21	11.0010311301161	-999.9	0.2	2.11805555555556	17.6382636046808	330
NEW_GLASGOW	2005	9	17	260	14	17	7.39515670407457	-999.9	42.6	0	15.4802145562329	330
NEW_GLASGOW	2005	9	18	261	14	17.5	7.90267279489128	-999.9	8.2	2.67361111111111	16.8863647535191	330
NEW_GLASGOW	2005	9	19	262	14	20.5	10.6535255852936	-999.9	0.4	1.57407407407407	16.9853572639291	330
NEW_GLASGOW	2005	9	20	263	10	17.5	11.3189931284775	-999.9	14	2.52314814814815	12.1363114198638	330
NEW_GLASGOW	2005	9	21	264	11.5	17.5	10.0123824767142	-999.9	0.3	4.90740740740742	14.2843348380137	330
NEW_GLASGOW	2005	9	22	265	10.5	19.5	12.1258516948378	-999.9	0	4.62962962962964	12.3628724055664	330
NEW_GLASGOW	2005	9	23	266	12.5	19	10.1887722564757	-999.9	2.2	4.23611111111111	16.231499521286	330
NEW_GLASGOW	2005	9	24	267	7.5	15.5	11.1745441724651	-999.9	0	3.96990740740742	9.46264590200524	330
NEW_GLASGOW	2005	9	25	268	3	18	15.1250246330926	-999.9	3	2.55787037037037	7.96789443549218	330
NEW_GLASGOW	2005	9	26	269	12	19	10.2120205389233	-999.9	21.8	4.86111111111111	15.0944334211337	330
NEW_GLASGOW	2005	9	27	270	10	18	10.7886481148746	-999.9	4.6	3.64583333333333	13.6941667419505	330
NEW_GLASGOW	2005	9	28	271	5	17	13.0562926106109	-999.9	0	1.64351851851852	10.214904693347	330
NEW_GLASGOW	2005	9	29	272	9	20	12.3504098090369	-999.9	5.6	6.33101851851853	11.7056218634976	330
NEW_GLASGOW	2005	9	30	273	7	12.5	8.62723186868974	-999.9	0	4.12037037037036	9.56410801308794	330
NEW_GLASGOW	2005	10	1	274	2	17.5	14.3057694761569	-999.9	0	2.65046296296296	8.57370278074958	330
NEW_GLASGOW	2005	10	2	275	10	18.5	10.4631176978698	-999.9	0	2.31481481481481	12.8576507348931	330
NEW_GLASGOW	2005	10	3	276	5	23	15.0364785172112	-999.9	0	1.75925925925926	11.5022971587478	330
NEW_GLASGOW	2005	10	4	277	12.5	22	10.7865580826443	-999.9	0	4.24768518518519	14.5885554879193	330
NEW_GLASGOW	2005	10	5	278	13	17.5	7.32980731421651	-999.9	0	2.26851851851852	16.4866228869403	330
NEW_GLASGOW	2005	10	6	279	13	18	7.62766591684562	-999.9	2.4	2.5	17.0353919179274	330
NEW_GLASGOW	2005	10	7	280	15	22	8.9090700232538	-999.9	23.4	4.375	19.4456655338983	330
NEW_GLASGOW	2005	10	8	281	10.5	11.5	3.32366797627403	-999.9	65.2	4.07407407407408	12.0706973797881	330
NEW_GLASGOW	2005	10	9	282	8	13	7.3349276010524	-999.9	1.4	3.51851851851853	11.8028485931793	330
NEW_GLASGOW	2005	10	10	283	10	14	6.47432263798631	-999.9	20.2	3.57638888888889	13.5249949943799	330
NEW_GLASGOW	2005	10	11	284	8	12	6.38865802341557	-999.9	0.4	4.89583333333333	10.6386007226544	330
NEW_GLASGOW	2005	10	12	285	8.5	11	4.98342922758867	-999.9	0	1.44444444444444	7.45362798032211	330
NEW_GLASGOW	2005	10	13	286	0	13.5	11.4253309860529	-999.9	0	1.63194444444444	9.00569247655856	330
NEW_GLASGOW	2005	10	14	287	2	14.5	10.8459402663158	-999.9	0	1.63194444444444	10.6234962256511	330
NEW_GLASGOW	2005	10	15	288	5.5	15.5	9.56953798342049	-999.9	23.4	5.92592592592592	12.5825555470111	330
NEW_GLASGOW	2005	10	16	289	10	15	6.67459766219375	-999.9	16.4	8.80787037037036	12.6341940411445	330
NEW_GLASGOW	2005	10	17	290	8	11	5.09943606331118	-999.9	11.8	4.88425925925925	10.5669986994088	330
NEW_GLASGOW	2005	10	18	291	7	14.5	7.95221212633411	-999.9	3.6	3.68055555555556	10.296773362165	330
NEW_GLASGOW	2005	10	19	292	7	12	6.40345908202417	-999.9	3.4	3.02083333333333	9.42936475223858	330
NEW_GLASGOW	2005	10	20	293	7.5	11	5.28341490785664	-999.9	1.4	5.81018518518519	8.72626865098883	330
NEW_GLASGOW	2005	10	21	294	3	10	7.36820754685328	-999.9	0.4	4.66435185185186	7.35962159796944	330
NEW_GLASGOW	2005	10	22	295	4	10	6.72673151802035	-999.9	0	3.17129629629631	8.03260421342263	330
NEW_GLASGOW	2005	10	23	296	5	9	5.4157689737938	-999.9	25.8	5.56712962962964	8.62251427975054	330
NEW_GLASGOW	2005	10	24	297	5	7	3.77603009536124	-999.9	0.8	6.28472222222222	7.85164124412582	330
NEW_GLASGOW	2005	10	25	298	4.5	10.5	6.44878298509393	-999.9	36.8	4.40972222222222	8.35951168036431	330
NEW_GLASGOW	2005	10	26	299	5	11	6.3584849567428	-999.9	9.4	6.89814814814814	10.5820695911927	330
NEW_GLASGOW	2005	10	27	300	5.5	8.5	4.43314219731109	-999.9	8.6	5.33564814814814	8.88218041078672	330
NEW_GLASGOW	2005	10	28	301	2.5	7.5	5.64298902446926	-999.9	0.8	2.26851851851852	7.61566941686222	330
NEW_GLASGOW	2005	10	29	302	-1.5	7	7.2545441509567	-999.9	0	1.13425925925926	6.54138800197231	330
NEW_GLASGOW	2005	10	30	303	-2.5	10.5	8.84617114159185	-999.9	0	2.26851851851852	7.28570737687091	330
NEW_GLASGOW	2005	10	31	304	5	12.5	6.62532471068779	-999.9	0	2.60416666666667	8.90491667061538	330
NEW_GLASGOW	2005	11	1	305	9	15.5	6.08190204415445	-999.9	0	4.15509259259258	10.3480066925981	330
NEW_GLASGOW	2005	11	2	306	7	12	5.26006169695197	-999.9	2.4	5.28935185185186	9.04203965294056	330
NEW_GLASGOW	2005	11	3	307	1.5	7.5	5.68231233930363	-999.9	9.6	5.20833333333333	5.88538048805099	330
NEW_GLASGOW	2005	11	4	308	1	7	5.60393454598774	-999.9	1.8	3.25231481481481	6.73879625764359	330
NEW_GLASGOW	2005	11	5	309	-0.5	11	7.65178007550338	-999.9	0.6	2.44212962962963	7.8795456171301	330
NEW_GLASGOW	2005	11	6	310	5	10	4.97653240755778	-999.9	0.6	4.78009259259258	9.70656863912918	330
NEW_GLASGOW	2005	11	7	311	5	15	6.94234706278553	-999.9	2	7.10648148148147	10.1818291445366	330
NEW_GLASGOW	2005	11	8	312	4	5	2.16576425780055	-999.9	1.6	7.09490740740742	4.56919476095543	330
NEW_GLASGOW	2005	11	9	313	2.5	7	4.53280389960951	-999.9	8	4.22453703703703	6.50875215653059	330
NEW_GLASGOW	2005	11	10	314	0	14	7.88902189800469	-999.9	36.8	6.75925925925925	9.29664452683815	330
NEW_GLASGOW	2005	11	11	315	2	3.5	2.54833579955047	-999.9	0	3.10185185185186	6.1074606701881	330
NEW_GLASGOW	2005	11	12	316	-2	2.5	4.35639342732689	-999.9	0	2.97453703703703	4.38043988863791	330
NEW_GLASGOW	2005	11	13	317	-3	7	6.4105187287354	-999.9	0	2.89351851851853	5.42699888346702	330
NEW_GLASGOW	2005	11	14	318	3.5	12	5.83501753230783	-999.9	0.6	5.30092592592592	8.33093628508921	330
NEW_GLASGOW	2005	11	15	319	-0.5	6	5.03849507709592	-999.9	6.2	2.77777777777778	5.49788370314346	330
NEW_GLASGOW	2005	11	16	320	0	15.5	7.68419173362249	-999.9	7	4.45601851851853	10.2841267869694	330
NEW_GLASGOW	2005	11	17	321	5.5	16.5	6.39438007050456	-999.9	15.4	4.84953703703703	11.7664128868001	330
NEW_GLASGOW	2005	11	18	322	-0.5	3	3.5636279890463	-999.9	1.4	3.25231481481481	4.98147003245289	330
NEW_GLASGOW	2005	11	19	323	-7	2.5	5.80186727507605	-999.9	0	2.06018518518519	3.52923321116702	330
NEW_GLASGOW	2005	11	20	324	-7	5	6.44526292540329	-999.9	0	3.28703703703703	4.61889959667576	330
NEW_GLASGOW	2005	11	21	325	3	7.5	3.90212943994094	-999.9	2.4	3.27546296296297	7.04616371844546	330
NEW_GLASGOW	2005	11	22	326	6	15	5.45718204279126	-999.9	20.8	9.23611111111111	10.9198854834336	330
NEW_GLASGOW	2005	11	23	327	5	10	4.02341969945908	-999.9	10.2	6.5625	9.17824731089599	330
NEW_GLASGOW	2005	11	24	328	-2.5	12	6.77912839084331	-999.9	12	6.08796296296297	7.36620381586268	330
NEW_GLASGOW	2005	11	25	329	-0.5	10	5.70933306832323	-999.9	1.2	6.01851851851853	6.11482657223778	330
NEW_GLASGOW	2005	11	26	330	-8	3	5.78514487860558	-999.9	0	1.46990740740741	3.49936754682703	330
NEW_GLASGOW	2005	11	27	331	-5	3	4.88563767124851	-999.9	0	3.76157407407408	4.60030665736717	330
NEW_GLASGOW	2005	11	28	332	-6	3.5	5.27390710605247	-999.9	0	1.55092592592593	4.72234593831662	330
NEW_GLASGOW	2005	11	29	333	0	10	5.36174197382768	-999.9	0	4.82638888888889	6.82032735178057	330
NEW_GLASGOW	2005	11	30	334	4	11	4.4466781147486	-999.9	0	5.57870370370369	9.50808374792159	330
NEW_GLASGOW	2005	12	1	335	5	10	3.72651238679292	-999.9	5	4.23611111111111	10.2777947514505	330
NEW_GLASGOW	2005	12	2	336	5	10	3.69647772550449	-999.9	2.6	5.76388888888889	9.58662623130262	330
NEW_GLASGOW	2005	12	3	337	-1	4	3.6680278712295	-999.9	0	4.76851851851853	5.75540529409582	330
NEW_GLASGOW	2005	12	4	338	-5	0	3.64116546033414	-999.9	0	5.92592592592592	3.07583955979273	330
NEW_GLASGOW	2005	12	5	339	-5	0	3.61589286122207	-999.9	0	6.72453703703703	2.86035365897441	330
NEW_GLASGOW	2005	12	6	340	-7.5	-4	3.00546035164005	-999.9	0	3.34490740740742	2.63965432677119	330
NEW_GLASGOW	2005	12	7	341	-6	-3.5	2.5244598549385	-999.9	0	5.10416666666667	2.41122970487479	330
NEW_GLASGOW	2005	12	8	342	-7	-1.5	3.72288761008461	-999.9	0	4.14351851851853	2.87969036454506	330
NEW_GLASGOW	2005	12	9	343	-13	1	5.90805770095357	-999.9	2.5	3.21759259259258	3.3386191209385	330
NEW_GLASGOW	2005	12	10	344	-5	3	4.44419408177085	-999.9	0	4.47916666666667	4.81416137783643	330
NEW_GLASGOW	2005	12	11	345	-11	7	6.63650950065581	-999.9	7.4	5.20833333333333	4.97078340260091	330
NEW_GLASGOW	2005	12	12	346	-5	0.5	3.65368502744816	-999.9	0	1.81712962962963	4.95981193350809	330
NEW_GLASGOW	2005	12	13	347	-5	-1.5	2.90417911424246	-999.9	10	4.34027777777778	4.30499231816675	330
NEW_GLASGOW	2005	12	14	348	-6	-4	2.18846463413414	-999.9	11	10.5902777777778	4.41432946572751	330
NEW_GLASGOW	2005	12	15	349	-7	-2.5	3.27388528335821	-999.9	2	7.90509259259258	3.20601092456192	330
NEW_GLASGOW	2005	12	16	350	-11.5	5	6.25505366506402	-999.9	6	3.44907407407408	4.32675271151191	330
NEW_GLASGOW	2005	12	17	351	-5	4	4.61150635534711	-999.9	0	6.94444444444445	4.68589186089029	330
NEW_GLASGOW	2005	12	18	352	-3.5	0	2.87203567460155	-999.9	0	4.89583333333333	3.95865331867128	330
NEW_GLASGOW	2005	12	19	353	-5	-2	2.65676600329961	-999.9	0	2.37268518518519	3.38989150694229	330
NEW_GLASGOW	2005	12	20	354	-7	-2	3.42860723746616	-999.9	0	3.04398148148147	2.94429574704666	330
NEW_GLASGOW	2005	12	21	355	-11.5	-8	2.86886611756567	-999.9	0.5	2.53472222222222	2.14516601964607	330
NEW_GLASGOW	2005	12	22	356	-17.5	0	6.41862881197966	-999.9	1	2.55787037037037	2.27160085267773	330
NEW_GLASGOW	2005	12	23	357	-9.5	0	4.734075368792	-999.9	3	3.73842592592592	3.05539285549203	330
NEW_GLASGOW	2005	12	24	358	-9	0	4.61474072219819	-999.9	1	1.03009259259259	4.55617507033353	330
NEW_GLASGOW	2005	12	25	359	-5	0	3.44639787921109	-999.9	4	1.48148148148148	4.96673191992611	330
NEW_GLASGOW	2005	12	26	360	-2	2	3.09004838869924	-999.9	20.6	7.15277777777778	5.9942117579806	330
NEW_GLASGOW	2005	12	27	361	1	1.5	1.09565600974986	-999.9	2.7	4.61805555555556	6.31682991619999	330
NEW_GLASGOW	2005	12	28	362	-5	1	3.80816829899288	-999.9	0	5.13888888888889	4.94108979414403	330
NEW_GLASGOW	2005	12	29	363	-5	10.5	6.14402540387642	-999.9	0.6	4.88425925925925	6.64093284424255	330
NEW_GLASGOW	2005	12	30	364	0.5	10	4.830462503043	-999.9	4.2	7.46527777777778	9.23897655674359	330
NEW_GLASGOW	2005	12	31	365	-8	-2.5	3.69265412954116	-999.9	1	5.63657407407408	3.31826501651659	330
