NEW_GLASGOW	2013	1	1	1	-9.5	-4	3.71156337746747	-999.9	0	4.53703703703703	2.51586225646078	330
NEW_GLASGOW	2013	1	2	2	-17.5	-10	4.35822170566438	-999.9	0	5.70601851851853	1.71363857144261	330
NEW_GLASGOW	2013	1	3	3	-16.5	-10	4.08150399353571	-999.9	0	4.27083333333333	1.93990774117791	330
NEW_GLASGOW	2013	1	4	4	-15.5	-5	5.22061132264698	-999.9	1	3.70370370370369	2.61109182524753	330
NEW_GLASGOW	2013	1	5	5	-9.5	-4	3.80404741937962	-999.9	3	4.67592592592592	2.58546279126789	330
NEW_GLASGOW	2013	1	6	6	-18	-7	5.41838299269164	-999.9	3.5	2.65046296296296	1.97849433172429	330
NEW_GLASGOW	2013	1	7	7	-14	-9	3.68073110392794	-999.9	0	4.34027777777778	1.78055728833223	330
NEW_GLASGOW	2013	1	8	8	-17	0.5	6.94075439630994	-999.9	0	5.06944444444445	2.49375101776439	330
NEW_GLASGOW	2013	1	9	9	-5.5	1	4.2652202012353	-999.9	1.5	3.125	3.88827543268341	330
NEW_GLASGOW	2013	1	10	10	-5	1	4.13344051986007	-999.9	0	6.74768518518519	5.19073469870071	330
NEW_GLASGOW	2013	1	11	11	-4.5	-3	2.08536761469749	-999.9	0	7.70833333333333	3.59317503915795	330
NEW_GLASGOW	2013	1	12	12	-4.5	1	4.03054968450735	-999.9	0	2.59259259259259	3.77482826264145	330
NEW_GLASGOW	2013	1	13	13	-7	4.5	5.88461538264158	-999.9	0	2.31481481481481	5.20629820610714	330
NEW_GLASGOW	2013	1	14	14	0.5	8.5	4.95719349257803	-999.9	0	5.3125	7.57103978300817	330
NEW_GLASGOW	2013	1	15	15	-6	-3	3.06692980731668	-999.9	0	4.0625	2.72363791829574	330
NEW_GLASGOW	2013	1	16	16	-12	-3.5	5.21711843023573	-999.9	8	3.28703703703703	2.87390044541949	330
NEW_GLASGOW	2013	1	17	17	-5.5	2	4.95393851697078	-999.9	2	5.55555555555556	3.24938740696573	330
NEW_GLASGOW	2013	1	18	18	-15.5	-13	2.89204109050008	-999.9	0	3.83101851851853	1.21491822565356	330
NEW_GLASGOW	2013	1	19	19	-20.5	-3.5	7.62753305965762	-999.9	5	3.85416666666667	2.07332487021364	330
NEW_GLASGOW	2013	1	20	20	-5	6.5	6.34657511546932	-999.9	1	5.34722222222222	5.390888651339	330
NEW_GLASGOW	2013	1	21	21	-11.5	-9	2.99427741905454	-999.9	0	7.30324074074075	1.79158706174433	330
NEW_GLASGOW	2013	1	22	22	-15.5	-12	3.58577659877891	-999.9	0	3.26388888888889	1.28618892954447	330
NEW_GLASGOW	2013	1	23	23	-18	-16.5	2.37636239902655	-999.9	0	5.99033816425119	0.798222273155654	330
NEW_GLASGOW	2013	1	24	24	-21	-16.5	4.16751179484569	-999.9	0	5.10416666666667	0.766665080256509	330
NEW_GLASGOW	2013	1	25	25	-20	-11	5.96865061580422	-999.9	0	4.78009259259258	1.09717550198207	330
NEW_GLASGOW	2013	1	26	26	-15	-11	4.03037199923637	-999.9	0	2.89351851851853	1.45864055970981	330
NEW_GLASGOW	2013	1	27	27	-15.5	-9	5.20478921024134	-999.9	0	4.32870370370369	1.85876831379906	330
NEW_GLASGOW	2013	1	28	28	-14.5	-6	6.03050386783766	-999.9	0	3.92361111111111	1.59256234329405	330
NEW_GLASGOW	2013	1	29	29	-13.5	-4.5	6.28817637605219	-999.9	1	2.44212962962963	2.26828222289463	330
NEW_GLASGOW	2013	1	30	30	-10.5	12.5	10.1878780564366	-999.9	17.4	7.06018518518519	5.81637400062248	330
NEW_GLASGOW	2013	1	31	31	3.5	13	6.63667398513038	-999.9	1.2	9.08564814814814	9.07859231318204	330
NEW_GLASGOW	2013	2	1	32	-5	-2.5	3.45124345251721	-999.9	0	7.37268518518519	2.21935293505389	330
NEW_GLASGOW	2013	2	2	33	-13.5	-9.5	4.42584478621607	-999.9	1.5	3.62268518518519	1.5055959675543	330
NEW_GLASGOW	2013	2	3	34	-12.5	-2.5	7.09522517627338	-999.9	18	3.72685185185186	3.14863120830013	330
NEW_GLASGOW	2013	2	4	35	-7.5	-2.5	5.08728900917243	-999.9	10	7.08333333333333	3.51242778944635	330
NEW_GLASGOW	2013	2	5	36	-13	-11	3.2627423024811	-999.9	0	7.41898148148147	1.20879202762498	330
NEW_GLASGOW	2013	2	6	37	-23	-7.5	9.21143197507031	-999.9	0	1.85185185185185	1.29868812273947	330
NEW_GLASGOW	2013	2	7	38	-17	-13	4.74578536600361	-999.9	0	5.49768518518519	1.18188665827564	330
NEW_GLASGOW	2013	2	8	39	-21.5	-9.5	8.33690798996602	-999.9	5	2.33796296296296	1.15549661418308	330
NEW_GLASGOW	2013	2	9	40	-18	-4.5	8.9687800091648	-999.9	18	10.8680555555556	2.79218983071527	330
NEW_GLASGOW	2013	2	10	41	-6.5	-5	3.03232997712273	-999.9	5	9.76851851851853	3.21205567586556	330
NEW_GLASGOW	2013	2	11	42	-9.5	2.5	8.69950552110907	-999.9	0	3.41435185185186	2.43910369906451	330
NEW_GLASGOW	2013	2	12	43	-3.5	2.5	6.23961934560788	-999.9	8	5.65972222222222	6.06302258670522	330
NEW_GLASGOW	2013	2	13	44	-2.5	1	4.83389454819222	-999.9	0	2.90509259259258	4.92076538457031	330
NEW_GLASGOW	2013	2	14	45	-2.5	-1	3.20987751149691	-999.9	0	1.72453703703704	3.92794110383785	330
NEW_GLASGOW	2013	2	15	46	-8.5	2.5	8.81687753107648	-999.9	0	2.52314814814815	3.82516729738855	330
NEW_GLASGOW	2013	2	16	47	-2.5	6	7.86133991548861	-999.9	3	4.12037037037036	5.61173633568813	330
NEW_GLASGOW	2013	2	17	48	-1	1	3.86777255635296	-999.9	28.8	4.91898148148147	6.26672675055336	330
NEW_GLASGOW	2013	2	18	49	-6	-1	6.20264866457136	-999.9	1.5	7.91666666666667	4.17131954900861	330
NEW_GLASGOW	2013	2	19	50	-6.5	0	7.17265437123802	-999.9	0	5.13888888888889	3.48812713911722	330
NEW_GLASGOW	2013	2	20	51	-9.5	2.5	9.8838728880079	-999.9	5	5.91435185185186	4.22213782585623	330
NEW_GLASGOW	2013	2	21	52	-1	1	4.09208499829831	-999.9	3.5	4.31712962962964	5.51890988847377	330
NEW_GLASGOW	2013	2	22	53	-3.5	-2.5	2.93427113111227	-999.9	0	8.4375	3.96147883826864	330
NEW_GLASGOW	2013	2	23	54	-7	-3	5.95080956757476	-999.9	0	2.85879629629631	2.40637150673385	330
NEW_GLASGOW	2013	2	24	55	-16.5	-4	10.6664510909686	-999.9	0	2.17592592592593	2.83021318921652	330
NEW_GLASGOW	2013	2	25	56	-10	-0.5	9.42793601535356	-999.9	0	4.40972222222222	3.48578910389905	330
NEW_GLASGOW	2013	2	26	57	-12	-2.5	9.55818725945865	-999.9	0	1.9212962962963	3.05738957085063	330
NEW_GLASGOW	2013	2	27	58	-16	0.5	12.7697309556089	-999.9	0	1.38888888888889	3.28558715288253	330
NEW_GLASGOW	2013	2	28	59	-10.5	-1.5	9.55987916628703	-999.9	0	2.61574074074074	4.02335124568426	330
NEW_GLASGOW	2013	3	1	60	-4	0	6.45975617161112	-999.9	4.6	6.28472222222222	4.84039136338153	330
NEW_GLASGOW	2013	3	2	61	-1.5	1	5.1757475317841	-999.9	5.4	4.16666666666667	5.79505850449212	330
NEW_GLASGOW	2013	3	3	62	-1	3	6.6345341006482	-999.9	8	1.5162037037037	5.9457321875	330
NEW_GLASGOW	2013	3	4	63	-1	3.5	7.13054900149383	-999.9	1	2.70833333333333	6.13226375118817	330
NEW_GLASGOW	2013	3	5	64	-1	1	4.81643271412367	-999.9	0	5.26620370370369	5.77783282043425	330
NEW_GLASGOW	2013	3	6	65	-1	1	4.87950153439189	-999.9	0	5.52083333333333	4.75642399648777	330
NEW_GLASGOW	2013	3	7	66	-1.5	0.5	4.94288295591199	-999.9	0	4.76851851851853	4.28619215232421	330
NEW_GLASGOW	2013	3	8	67	-5	0.5	8.30243051659513	-999.9	0	6.88657407407408	4.55464192006542	330
NEW_GLASGOW	2013	3	9	68	-3.5	0	6.70762970174586	-999.9	0	4.97685185185186	4.62935073339563	330
NEW_GLASGOW	2013	3	10	69	-2	1	6.28866333002366	-999.9	0	2.5	4.59578903930565	330
NEW_GLASGOW	2013	3	11	70	-4.5	5.5	11.6254796889015	-999.9	0	4.66435185185186	5.30324480676183	330
NEW_GLASGOW	2013	3	12	71	0	7	9.84742370650363	-999.9	0.4	6.16898148148147	6.4212690024647	330
NEW_GLASGOW	2013	3	13	72	3	10.5	10.3184777570065	-999.9	41.4	8.33333333333333	8.98697339486491	330
NEW_GLASGOW	2013	3	14	73	2.5	7	8.09003679231716	-999.9	0.8	5.19675925925925	6.32487851005812	330
NEW_GLASGOW	2013	3	15	74	-2	0	5.45840235292409	-999.9	6	3.46064814814814	4.52330838895191	330
NEW_GLASGOW	2013	3	16	75	-5	-2	6.76493813773002	-999.9	0	3.14814814814814	2.89959889805762	330
NEW_GLASGOW	2013	3	17	76	-12.5	-1	13.4014087227076	-999.9	1	3.61111111111111	2.40299154216657	330
NEW_GLASGOW	2013	3	18	77	-13	-5.5	10.9490275582537	-999.9	0	6.51620370370369	1.54896788080016	330
NEW_GLASGOW	2013	3	19	78	-6	-4.5	4.9531150008655	-999.9	6	4.13043478260869	2.46130131835222	330
NEW_GLASGOW	2013	3	20	79	-7	1.5	11.9254303831457	-999.9	6	7.41898148148147	4.35751440869173	330
NEW_GLASGOW	2013	3	21	80	-6.5	4.5	13.7194349704974	-999.9	5	4.57175925925925	4.0167628420632	330
NEW_GLASGOW	2013	3	22	81	-2	1.5	7.82514178386267	-999.9	7	7.10648148148147	4.96793187844765	330
NEW_GLASGOW	2013	3	23	82	-4	2	10.3584495092695	-999.9	4	4.17824074074075	4.18797336587974	330
NEW_GLASGOW	2013	3	24	83	-3	1.5	9.06835647367307	-999.9	1	2.78935185185186	4.32451944694082	330
NEW_GLASGOW	2013	3	25	84	-2.5	1	8.0835380530683	-999.9	0	5.05787037037036	5.00206302286519	330
NEW_GLASGOW	2013	3	26	85	-3	1	8.73341807171914	-999.9	5.9	5.59027777777778	5.2366665474302	330
NEW_GLASGOW	2013	3	27	86	-0.5	2	6.97673854560482	-999.9	1.5	5.50925925925925	6.00077767731439	330
NEW_GLASGOW	2013	3	28	87	-2	2.5	9.45710190674326	-999.9	0	3.98148148148147	4.91164675421155	330
NEW_GLASGOW	2013	3	29	88	-3.5	1	9.55363025086829	-999.9	0	3.59953703703703	3.95120981476067	330
NEW_GLASGOW	2013	3	30	89	-9	2	15.0872368965201	-999.9	0	2.73148148148148	3.29014137875426	330
NEW_GLASGOW	2013	3	31	90	-10	7	18.9421699836809	-999.9	0	1.9212962962963	3.0590471992622	330
NEW_GLASGOW	2013	4	1	91	-5	5	14.6702588845593	-999.9	4.3	5.85648148148147	5.7868308375255	330
NEW_GLASGOW	2013	4	2	92	0	3	8.11281267241747	-999.9	0.8	5.59027777777778	4.40622003778224	330
NEW_GLASGOW	2013	4	3	93	-4.5	-0.5	9.45702082449416	-999.9	0	6.27314814814814	2.8579825027995	330
NEW_GLASGOW	2013	4	4	94	-3	5.5	13.9151471746925	-999.9	0	5.45138888888889	3.40861307658662	330
NEW_GLASGOW	2013	4	5	95	1	9.5	14.0437230876537	-999.9	3	5.65972222222222	6.1483034827372	330
NEW_GLASGOW	2013	4	6	96	0	3.5	9.09372367834419	-999.9	1	5.89120370370369	4.31832161398987	330
NEW_GLASGOW	2013	4	7	97	-4.5	4	14.2985716663816	-999.9	1	2.59259259259259	3.05277621175346	330
NEW_GLASGOW	2013	4	8	98	1	9	13.9940762648856	-999.9	0.6	4.39814814814814	6.59797596649536	330
NEW_GLASGOW	2013	4	9	99	-1	3.5	10.5867392490545	-999.9	0	1.43518518518519	6.03543395888679	330
NEW_GLASGOW	2013	4	10	100	-1	7	14.2363427454451	-999.9	0	1.78240740740741	6.56018135439597	330
NEW_GLASGOW	2013	4	11	101	-1	5.5	12.9404232688943	-999.9	0	4.74537037037036	4.39666862678803	330
NEW_GLASGOW	2013	4	12	102	-1	3	10.2353140053453	-999.9	6	3.96990740740742	4.8290505888824	330
NEW_GLASGOW	2013	4	13	103	-0.5	3	9.6521869032359	-999.9	4.8	4.08564814814814	6.27764439297592	330
NEW_GLASGOW	2013	4	14	104	-0.5	3	9.72943365217248	-999.9	3.8	2.15277777777778	6.60577010909001	330
NEW_GLASGOW	2013	4	15	105	-1	8	15.7245459654877	-999.9	0	2.77777777777778	5.60721189571197	330
NEW_GLASGOW	2013	4	16	106	-4	13	21.7784168926449	-999.9	9.4	5.78703703703703	6.15693222390609	330
NEW_GLASGOW	2013	4	17	107	4	12	15.0533682444756	-999.9	0	7.44212962962964	6.17432469865598	330
NEW_GLASGOW	2013	4	18	108	0	7.5	14.6841304050958	-999.9	0	4.00462962962964	4.61451763090149	330
NEW_GLASGOW	2013	4	19	109	1.5	18	21.9397036745751	-999.9	0	7.34953703703703	10.1676230341121	330
NEW_GLASGOW	2013	4	20	110	13	18	12.1643097119713	-999.9	2.6	7.48842592592592	12.2287213789274	330
NEW_GLASGOW	2013	4	21	111	1.5	3	6.70972164714824	-999.9	0	4.22453703703703	4.33838014390289	330
NEW_GLASGOW	2013	4	22	112	-3.5	5	16.0830238651063	-999.9	0	2.55787037037037	3.95102021175362	330
NEW_GLASGOW	2013	4	23	113	-4.5	10	21.1487555627938	-999.9	6.8	4.81481481481481	5.22248336527852	330
NEW_GLASGOW	2013	4	24	114	3.5	14.5	18.5431359925638	-999.9	2.4	7.52314814814814	10.6148385885456	330
NEW_GLASGOW	2013	4	25	115	8.5	17.5	16.8825413906714	-999.9	3.2	6.89814814814814	10.8837778089971	330
NEW_GLASGOW	2013	4	26	116	3	6	9.80959060885012	-999.9	0.6	5.72916666666667	6.1844050723422	330
NEW_GLASGOW	2013	4	27	117	1	5	11.3982494630785	-999.9	0	4.73379629629631	6.14359176780013	330
NEW_GLASGOW	2013	4	28	118	-2.5	11	21.0686852101612	-999.9	0	4.18981481481481	6.12907733283556	330
NEW_GLASGOW	2013	4	29	119	-3.5	9	20.3954217650227	-999.9	1	2.7662037037037	6.9182843809922	330
NEW_GLASGOW	2013	4	30	120	2.5	11	16.9176210759876	-999.9	0	1.84027777777778	9.26237017578119	330
NEW_GLASGOW	2013	5	1	121	-0.5	14	22.2234385772719	-999.9	0	3.24074074074075	8.90981102563023	330
NEW_GLASGOW	2013	5	2	122	2.5	7.5	13.1236678573036	-999.9	0	6.09953703703703	7.39583715452515	330
NEW_GLASGOW	2013	5	3	123	1.5	8	15.0458141515722	-999.9	0	4.25925925925925	7.11652346051077	330
NEW_GLASGOW	2013	5	4	124	-3	10	21.3926979031705	-999.9	0	2.58101851851852	6.55024073014964	330
NEW_GLASGOW	2013	5	5	125	0.5	20.5	26.6741196065953	-999.9	0	3.91203703703703	7.94923255394217	330
NEW_GLASGOW	2013	5	6	126	7	21.5	22.8290018178916	-999.9	0	5.28935185185186	8.28082219143258	330
NEW_GLASGOW	2013	5	7	127	10	23	21.7244753078149	-999.9	0	7.21064814814814	10.9404534267165	330
NEW_GLASGOW	2013	5	8	128	8	16.5	17.6526095057756	-999.9	0	2.66203703703704	11.4516306501856	330
NEW_GLASGOW	2013	5	9	129	11.5	21.5	19.2383877176564	-999.9	0.2	6.35416666666667	15.0850075376828	330
NEW_GLASGOW	2013	5	10	130	13.5	21.5	17.2874338787164	-999.9	2.2	4.13194444444444	13.8422865273812	330
NEW_GLASGOW	2013	5	11	131	6.5	19	21.7072748396797	-999.9	11.8	3.94675925925925	13.4243884445986	330
NEW_GLASGOW	2013	5	12	132	10	18	17.4424783583085	-999.9	6.8	7.47685185185186	15.1266517517478	330
NEW_GLASGOW	2013	5	13	133	10	15	13.8487152495572	-999.9	0	6.22685185185186	8.9573818941988	330
NEW_GLASGOW	2013	5	14	134	6	8	8.79527426376824	-999.9	24.2	4.40972222222222	7.84956391837286	330
NEW_GLASGOW	2013	5	15	135	3.5	15.5	21.6313573388528	-999.9	2.8	5.83333333333333	7.84471356922474	330
NEW_GLASGOW	2013	5	16	136	4	12	17.731520758164	-999.9	0.8	4.49074074074075	9.12066200940155	330
NEW_GLASGOW	2013	5	17	137	4.5	8	11.7731360320395	-999.9	5.4	5.47453703703703	8.77546929315745	330
NEW_GLASGOW	2013	5	18	138	1.5	3.5	8.93263955738097	-999.9	1.6	8.02083333333333	6.29185600904702	330
NEW_GLASGOW	2013	5	19	139	0.5	10	19.5381312692808	-999.9	0	3.49537037037036	5.39108915067904	330
NEW_GLASGOW	2013	5	20	140	-2	14.5	25.838633591527	-999.9	2	3.18287037037036	7.14131947647792	330
NEW_GLASGOW	2013	5	21	141	7	14.5	17.4789241217727	-999.9	0.4	2.89351851851853	10.9974807504515	330
NEW_GLASGOW	2013	5	22	142	6	14.5	18.6681103872241	-999.9	0.8	1.31944444444444	11.0119562288037	330
NEW_GLASGOW	2013	5	23	143	8	18	20.3117927317861	-999.9	0.2	6.46990740740742	12.79789662826	330
NEW_GLASGOW	2013	5	24	144	16	23	17.0453272792255	-999.9	10.2	7.56944444444445	18.6270367519364	330
NEW_GLASGOW	2013	5	25	145	5.5	16	20.9367818369463	-999.9	8	4.66435185185186	12.7382124756571	330
NEW_GLASGOW	2013	5	26	146	6.5	16.5	20.4892134987643	-999.9	0	6.67824074074075	11.3643238036009	330
NEW_GLASGOW	2013	5	27	147	7.5	12.5	14.5268522512527	-999.9	2	3.48379629629631	9.75018402237002	330
NEW_GLASGOW	2013	5	28	148	6.5	10.5	13.0265412708041	-999.9	0	2.73148148148148	7.55394627581758	330
NEW_GLASGOW	2013	5	29	149	0	21	29.9207797253189	-999.9	6.8	4.01620370370369	8.70320772173462	330
NEW_GLASGOW	2013	5	30	150	11	17.5	16.6853663649056	-999.9	0.4	3.87731481481481	14.8885500445583	330
NEW_GLASGOW	2013	5	31	151	15	27	22.7215164618528	-999.9	3.4	3.51851851851853	17.6917929919836	330
NEW_GLASGOW	2013	6	1	152	9	13.5	13.943522888544	-999.9	1	3.18287037037036	12.2231580649772	330
NEW_GLASGOW	2013	6	2	153	8	24	26.3449808079869	-999.9	0.4	2.39583333333333	15.3218433594353	330
NEW_GLASGOW	2013	6	3	154	12	21	19.7962522852829	-999.9	3.8	5.35879629629631	18.0928812143219	330
NEW_GLASGOW	2013	6	4	155	14	21	17.4898820684045	-999.9	0	3.94675925925925	12.2514467309583	330
NEW_GLASGOW	2013	6	5	156	6	17	21.9615381398931	-999.9	0	3.94675925925925	8.68309405117009	330
NEW_GLASGOW	2013	6	6	157	6.5	19.5	23.9121790719112	-999.9	0	3.4375	7.66233008384259	330
NEW_GLASGOW	2013	6	7	158	11.5	20	19.3638014594573	-999.9	5.2	2.67361111111111	11.0285058217006	330
NEW_GLASGOW	2013	6	8	159	9.5	11	8.14541416893175	-999.9	29.8	5.24305555555556	11.0654187574833	330
NEW_GLASGOW	2013	6	9	160	8	13.5	15.6166565783307	-999.9	0.4	4.01620370370369	10.8624502910326	330
NEW_GLASGOW	2013	6	10	161	7.5	21.5	24.9438091281398	-999.9	0.6	2.11805555555556	12.5194170971161	330
NEW_GLASGOW	2013	6	11	162	13.5	22	19.4559841482492	-999.9	1.6	2.62731481481481	13.8210287192387	330
NEW_GLASGOW	2013	6	12	163	10.5	15	14.1692868697406	-999.9	6.8	3.70370370370369	12.6134190009528	330
NEW_GLASGOW	2013	6	13	164	9	12	11.5785302118081	-999.9	0.4	6.31944444444445	10.5835218648564	330
NEW_GLASGOW	2013	6	14	165	7.5	14	17.0550770642721	-999.9	0.2	1.35416666666667	11.0581996057015	330
NEW_GLASGOW	2013	6	15	166	4	21.5	28.0009921082236	-999.9	0	2.59259259259259	11.6500348603448	330
NEW_GLASGOW	2013	6	16	167	11.5	21.5	21.1770281780608	-999.9	2.2	3.13657407407408	9.66410551162134	330
NEW_GLASGOW	2013	6	17	168	11	21	21.1850215061898	-999.9	1	1.80555555555556	14.6977981903192	330
NEW_GLASGOW	2013	6	18	169	14	22	18.953573769403	-999.9	0	2.71990740740741	13.7252233656418	330
NEW_GLASGOW	2013	6	19	170	9.5	18	19.5400707271434	-999.9	0	1.5162037037037	11.576505527514	330
NEW_GLASGOW	2013	6	20	171	6	24	28.4365460645603	-999.9	0	2.5	10.4986869804998	330
NEW_GLASGOW	2013	6	21	172	12.5	23	21.7176365724844	-999.9	3	4.10879629629631	14.1585018719188	330
NEW_GLASGOW	2013	6	22	173	12.5	24	22.7246688305937	-999.9	0	2.89351851851853	12.2806518212752	330
NEW_GLASGOW	2013	6	23	174	12.5	27	25.5103724514478	-999.9	19	3.20601851851853	18.4891530912838	330
NEW_GLASGOW	2013	6	24	175	16	25	20.0905414073594	-999.9	0	3.85416666666667	19.9900543914336	330
NEW_GLASGOW	2013	6	25	176	18	26.5	19.5151040187608	-999.9	0	1.90972222222222	19.641839482974	330
NEW_GLASGOW	2013	6	26	177	11.5	14.5	11.5868794547921	-999.9	0	4.78009259259258	13.5344321814791	330
NEW_GLASGOW	2013	6	27	178	11.5	15.5	13.3700716626923	-999.9	0.6	3.18287037037036	13.8304109341051	330
NEW_GLASGOW	2013	6	28	179	12.5	20.5	18.8929607496509	-999.9	17	3.79629629629631	14.2904255462711	330
NEW_GLASGOW	2013	6	29	180	13	24	22.1338037182716	-999.9	2.8	6.13425925925925	20.9514261179707	330
NEW_GLASGOW	2013	6	30	181	19.5	24.5	14.907429601372	-999.9	0.4	5.56712962962964	22.5631843736604	330
NEW_GLASGOW	2013	7	1	182	18.5	25.5	17.6188752246828	-999.9	0	3.90046296296297	20.5129679605234	330
NEW_GLASGOW	2013	7	2	183	15	17.5	10.5163218011055	-999.9	0	2.01388888888889	12.8221741667639	330
NEW_GLASGOW	2013	7	3	184	12	24	23.009249699192	-999.9	0	2.02546296296296	17.7250105294087	330
NEW_GLASGOW	2013	7	4	185	16.5	30.5	24.8168723492574	-999.9	0	3.70370370370369	20.9583675696336	330
NEW_GLASGOW	2013	7	5	186	20.5	31	21.458632708	-999.9	0	3.76157407407408	22.0165384042206	330
NEW_GLASGOW	2013	7	6	187	20.5	30.5	20.9066708172191	-999.9	0	3.10185185185186	22.2004571394539	330
NEW_GLASGOW	2013	7	7	188	20.5	29.5	19.7986999838534	-999.9	5.6	2.88194444444444	18.7890611681984	330
NEW_GLASGOW	2013	7	8	189	16.5	23.5	17.4280166049795	-999.9	0	1.28472222222222	13.885206929726	330
NEW_GLASGOW	2013	7	9	190	8.5	21	23.242904016645	-999.9	0	1.53935185185185	12.849139289567	330
NEW_GLASGOW	2013	7	10	191	12	24.5	23.1942138947986	-999.9	0	4.08564814814814	14.5880981161172	330
NEW_GLASGOW	2013	7	11	192	17.5	26	19.0842953345766	-999.9	4.2	5.06944444444445	22.4357535822202	330
NEW_GLASGOW	2013	7	12	193	17	21	13.0614480922578	-999.9	0	2.82407407407408	13.171954738342	330
NEW_GLASGOW	2013	7	13	194	7.5	27	28.7690724367562	-999.9	0	1.11111111111111	14.487071056595	330
NEW_GLASGOW	2013	7	14	195	16.5	31.5	25.1682982974885	-999.9	0	2.31481481481481	17.1589378747067	330
NEW_GLASGOW	2013	7	15	196	18	32.5	24.6799473814487	-999.9	0	3.55324074074075	18.4270461061413	330
NEW_GLASGOW	2013	7	16	197	19.5	25.5	15.832156581727	-999.9	0	3.92361111111111	12.6614642162278	330
NEW_GLASGOW	2013	7	17	198	13.5	25.5	22.3260241348328	-999.9	8	4.54861111111111	13.6674820936763	330
NEW_GLASGOW	2013	7	18	199	19.5	25.5	15.7399978516963	-999.9	0	4.32870370370369	15.4838229430766	330
NEW_GLASGOW	2013	7	19	200	14	23.5	19.7447184726263	-999.9	3	4.17824074074075	16.2201876530507	330
NEW_GLASGOW	2013	7	20	201	19.5	29.5	20.1930035144985	-999.9	0	5.08101851851853	23.0789474750518	330
NEW_GLASGOW	2013	7	21	202	15	22	16.8388816824979	-999.9	0	3.33333333333333	13.0246176026854	330
NEW_GLASGOW	2013	7	22	203	10	25.5	24.9715067529808	-999.9	0	2.41898148148148	13.5961072769766	330
NEW_GLASGOW	2013	7	23	204	14	22.5	18.4269832019377	-999.9	27.8	4.34027777777778	16.5594812583803	330
NEW_GLASGOW	2013	7	24	205	16.5	25	18.3599355397497	-999.9	0	4.13194444444444	23.5139312624962	330
NEW_GLASGOW	2013	7	25	206	14	18	12.5475649972315	-999.9	11.2	2.67361111111111	17.0133302281451	330
NEW_GLASGOW	2013	7	26	207	16	28	21.6490340904944	-999.9	4.4	4.08564814814814	23.7926693125721	330
NEW_GLASGOW	2013	7	27	208	19	24	13.9188011675607	-999.9	2.2	5.37037037037036	19.9528246897997	330
NEW_GLASGOW	2013	7	28	209	14	18.5	13.1505011155724	-999.9	0	2.26851851851852	16.6712498711611	330
NEW_GLASGOW	2013	7	29	210	15	23.5	17.9976090502678	-999.9	2.2	3.69212962962964	19.4141007578848	330
NEW_GLASGOW	2013	7	30	211	18	25	16.2619850746436	-999.9	0	1.8287037037037	22.255841796471	330
NEW_GLASGOW	2013	7	31	212	16	24	17.3076613542498	-999.9	0	3.14814814814814	17.9486073857572	330
NEW_GLASGOW	2013	8	1	213	14.5	27	21.536082830483	-999.9	0	1.96759259259259	17.6915789226081	330
NEW_GLASGOW	2013	8	2	214	12	24	21.002445758716	-999.9	0	1.65509259259259	17.9548400759969	330
NEW_GLASGOW	2013	8	3	215	16	26.5	19.5519665640021	-999.9	3.8	3.09027777777778	19.66325088462	330
NEW_GLASGOW	2013	8	4	216	15	25	18.987208463301	-999.9	0	2.55787037037037	17.6712467288217	330
NEW_GLASGOW	2013	8	5	217	11	23	20.6950082582417	-999.9	3.4	1.64351851851852	17.8368514789354	330
NEW_GLASGOW	2013	8	6	218	12.5	23.5	19.7121269774324	-999.9	0	3.33333333333333	15.2906363102856	330
NEW_GLASGOW	2013	8	7	219	13.5	26.5	21.3166545258111	-999.9	0	2.35507246376812	12.907033190876	330
NEW_GLASGOW	2013	8	8	220	10.5	25	22.3918209798544	-999.9	0	2.98611111111111	14.5447820364139	330
NEW_GLASGOW	2013	8	9	221	19	23	11.6960985621623	-999.9	42.6	3.98148148148147	20.1700066532416	330
NEW_GLASGOW	2013	8	10	222	18.5	26	15.9255554381128	-999.9	0.6	5.77546296296297	18.8385867795015	330
NEW_GLASGOW	2013	8	11	223	15	23	16.3534336775679	-999.9	0	4.54861111111111	12.7306155653578	330
NEW_GLASGOW	2013	8	12	224	15	25	18.1765219143461	-999.9	0	3.25231481481481	15.7260382150966	330
NEW_GLASGOW	2013	8	13	225	14.5	25	18.5139388966598	-999.9	0	3.65740740740742	17.3727930679229	330
NEW_GLASGOW	2013	8	14	226	17	25	16.0616026849572	-999.9	0	2.98611111111111	20.2497299996972	330
NEW_GLASGOW	2013	8	15	227	13.5	23	17.3936794235163	-999.9	0	5.09259259259258	14.2294017468598	330
NEW_GLASGOW	2013	8	16	228	12.5	25	19.8251396006324	-999.9	0	2.97453703703703	16.5753206187031	330
NEW_GLASGOW	2013	8	17	229	12	23	18.4771398320658	-999.9	0	2.53472222222222	15.9802280812346	330
NEW_GLASGOW	2013	8	18	230	10.5	25.5	21.4341619622203	-999.9	0	4.02777777777778	14.6090541760159	330
NEW_GLASGOW	2013	8	19	231	16	26	17.3831481331605	-999.9	0	3.66898148148147	18.3825699010617	330
NEW_GLASGOW	2013	8	20	232	12	20	15.4413694647957	-999.9	0	2.38425925925926	16.5526216286448	330
NEW_GLASGOW	2013	8	21	233	12.5	29	22.0211393255738	-999.9	0	4.14351851851853	18.9386615668065	330
NEW_GLASGOW	2013	8	22	234	18.5	28	16.5905574227648	-999.9	0	5.38194444444445	20.0945446589	330
NEW_GLASGOW	2013	8	23	235	17	20	9.25561565398336	-999.9	0.6	3.91203703703703	15.2429965187981	330
NEW_GLASGOW	2013	8	24	236	8	18.5	17.1881355952862	-999.9	0	3.07870370370369	10.6137742710239	330
NEW_GLASGOW	2013	8	25	237	5	24	22.9479595458032	-999.9	0	1.73611111111111	12.2081163649727	330
NEW_GLASGOW	2013	8	26	238	9	20	17.3276746295828	-999.9	0	4.02777777777778	15.7625571856171	330
NEW_GLASGOW	2013	8	27	239	17	24.5	14.1969338483066	-999.9	0	2.48842592592593	21.207432749093	330
NEW_GLASGOW	2013	8	28	240	15.5	23.5	14.546953117945	-999.9	0	2.55787037037037	20.1823852093017	330
NEW_GLASGOW	2013	8	29	241	15	17.5	8.06683413916435	-999.9	2.2	6.46990740740742	15.6651639590544	330
NEW_GLASGOW	2013	8	30	242	14.5	16.5	7.15643933618011	-999.9	0.6	6.38888888888889	13.7630561066698	330
NEW_GLASGOW	2013	8	31	243	11	24	18.0944418053993	-999.9	3.6	1.44675925925926	16.4534037859705	330
NEW_GLASGOW	2013	9	1	244	16	21.5	11.6704844109593	-999.9	0.4	3.77314814814814	20.2443468767854	330
NEW_GLASGOW	2013	9	2	245	15.5	18	7.80106594537948	-999.9	5.8	4.49074074074075	16.4659681389308	330
NEW_GLASGOW	2013	9	3	246	15	22	12.9405175287552	-999.9	29.4	6.18055555555556	21.0479120531935	330
NEW_GLASGOW	2013	9	4	247	20	24	9.696019550917	-999.9	2.6	4.36342592592592	18.6190144489106	330
NEW_GLASGOW	2013	9	5	248	10	15	10.7436402044765	-999.9	2	1.63194444444444	10.4593029152573	330
NEW_GLASGOW	2013	9	6	249	6	17.5	16.1458304669437	-999.9	0	3.63425925925925	10.1042611272592	330
NEW_GLASGOW	2013	9	7	250	11.5	20	13.753332863177	-999.9	8	5.57870370370369	13.0352177218238	330
NEW_GLASGOW	2013	9	8	251	12	15	8.09446468826417	-999.9	20.4	4.61805555555556	12.7157349200351	330
NEW_GLASGOW	2013	9	9	252	8	17	13.8873623883695	-999.9	0	5.28935185185186	9.94510642132758	330
NEW_GLASGOW	2013	9	10	253	15	17	6.48375416145112	-999.9	2.8	4.43236714975844	14.3813332620809	330
NEW_GLASGOW	2013	9	11	254	15	22	12.0120092889542	-999.9	5.2	4.31712962962964	19.2573895956573	330
NEW_GLASGOW	2013	9	12	255	18	24.5	11.4609484434764	-999.9	0.6	3.92361111111111	23.3495574504691	330
NEW_GLASGOW	2013	9	13	256	18.6	20.9	7.32077349017618	-999.9	28	4.29894179894181	21.7568975305947	330
NEW_GLASGOW	2013	9	14	257	16.1	22.5	12.3172983420083	-999.9	0	3.49537037037036	19.5091668750599	330
NEW_GLASGOW	2013	9	15	258	12	20	12.3325988474511	-999.9	0	3.79629629629631	13.7828456137306	330
NEW_GLASGOW	2013	9	16	259	12	18	10.5694488289067	-999.9	4.7	3.79629629629631	13.6003084701122	330
NEW_GLASGOW	2013	9	17	260	10	14.5	9.05718024645245	-999.9	0	3.4375	8.58056895393805	330
NEW_GLASGOW	2013	9	18	261	6.5	19	14.9346477914272	-999.9	0	4.00462962962964	11.4687036933012	330
NEW_GLASGOW	2013	9	19	262	9	20	13.8590358270561	-999.9	0	2.91666666666667	12.5695581981053	330
NEW_GLASGOW	2013	9	20	263	11.5	14	6.53502372968203	-999.9	0	3.86574074074075	10.8407140927064	330
NEW_GLASGOW	2013	9	21	264	11.5	22	13.2451370323234	-999.9	0	6.12268518518519	13.1530665083405	330
NEW_GLASGOW	2013	9	22	265	11.5	25	14.8510746745076	-999.9	7	7.12962962962964	18.416514800306	330
NEW_GLASGOW	2013	9	23	266	12.5	17.5	8.93614441443497	-999.9	1.6	4.71064814814814	13.7984849829556	330
NEW_GLASGOW	2013	9	24	267	8.5	13	8.38090812934883	-999.9	4	2.67361111111111	10.1201833575868	330
NEW_GLASGOW	2013	9	25	268	10	13	6.76411664819076	-999.9	8.8	2.90509259259258	12.0175803022152	330
NEW_GLASGOW	2013	9	26	269	11.5	12.5	3.85978096135355	-999.9	7.6	7.38425925925925	13.0723876735798	330
NEW_GLASGOW	2013	9	27	270	11.5	14	6.03103764254617	-999.9	0	5.65972222222222	10.3190321621885	330
NEW_GLASGOW	2013	9	28	271	3	20	15.5400965367984	-999.9	0	2.60416666666667	11.2902876637819	330
NEW_GLASGOW	2013	9	29	272	11.5	23	12.6279817655737	-999.9	0	3.66898148148147	12.9422269108411	330
NEW_GLASGOW	2013	9	30	273	8	21.5	13.5162747097902	-999.9	0	2.61574074074074	12.1848262573377	330
NEW_GLASGOW	2013	10	1	274	11	18.5	9.95121260980877	-999.9	0.6	1.65509259259259	14.8041186704419	330
NEW_GLASGOW	2013	10	2	275	11.5	22	11.6291051477823	-999.9	0	2.90509259259258	14.2114607075307	330
NEW_GLASGOW	2013	10	3	276	12	18	8.68131491957594	-999.9	0	4.30555555555556	10.4607901793147	330
NEW_GLASGOW	2013	10	4	277	9.5	15.5	8.57228712109429	-999.9	0	4.75694444444445	7.58216465119919	330
NEW_GLASGOW	2013	10	5	278	3.5	15	11.7175069924426	-999.9	0	2.59259259259259	9.6558455528449	330
NEW_GLASGOW	2013	10	6	279	4.5	12.5	9.64831901122747	-999.9	0	3.51851851851853	7.38611647980873	330
NEW_GLASGOW	2013	10	7	280	0	14	12.5993276550171	-999.9	5	5.12731481481481	10.5220807264293	330
NEW_GLASGOW	2013	10	8	281	10.5	18.5	9.40075265774376	-999.9	6.4	5.96064814814814	10.5030381718742	330
NEW_GLASGOW	2013	10	9	282	3.5	14.5	10.8794557955762	-999.9	0	2.38425925925926	8.60225595274124	330
NEW_GLASGOW	2013	10	10	283	5.5	19.5	12.1123485613896	-999.9	0	4.17824074074075	11.1914378228559	330
NEW_GLASGOW	2013	10	11	284	7	19.5	11.2936585275975	-999.9	0.2	3.63425925925925	10.8037653014766	330
NEW_GLASGOW	2013	10	12	285	6	9.5	5.89647298076901	-999.9	0	3.61111111111111	6.12146868146765	330
NEW_GLASGOW	2013	10	13	286	-2	9	10.3133141907079	-999.9	0	2.21064814814815	7.10126189572538	330
NEW_GLASGOW	2013	10	14	287	-0.5	13	11.2714317582696	-999.9	1.4	3.56481481481481	9.11227713937842	330
NEW_GLASGOW	2013	10	15	288	3.5	14	9.805858456909	-999.9	0	3.17129629629631	8.61299805688093	330
NEW_GLASGOW	2013	10	16	289	-0.5	15	11.7518418663503	-999.9	9.5	3.15972222222222	8.86162045382892	330
NEW_GLASGOW	2013	10	17	290	13.5	20.5	7.7895172539037	-999.9	0	3.98148148148147	16.1553433805682	330
NEW_GLASGOW	2013	10	18	291	11	15.5	6.15975702616014	-999.9	3.2	3.04398148148147	13.231448093608	330
NEW_GLASGOW	2013	10	19	292	10	18	8.09980624115494	-999.9	0	3.98148148148147	9.6114949264303	330
NEW_GLASGOW	2013	10	20	293	5	15	8.93060117774223	-999.9	3.8	3.04398148148147	10.9700258861904	330
NEW_GLASGOW	2013	10	21	294	5.5	9	5.21010952156985	-999.9	0	3.50694444444444	7.68625648911527	330
NEW_GLASGOW	2013	10	22	295	1.5	14	9.70920063173847	-999.9	13.6	3.87731481481481	8.75819163193546	330
NEW_GLASGOW	2013	10	23	296	6.5	11.5	6.0550137879186	-999.9	0	2.31884057971014	8.56337090723716	330
NEW_GLASGOW	2013	10	24	297	2	10	7.55206019072248	-999.9	0	4.36342592592592	6.32960455149408	330
NEW_GLASGOW	2013	10	25	298	3.5	10	6.71210613900287	-999.9	0	4.89583333333333	6.07803635543468	330
NEW_GLASGOW	2013	10	26	299	1.5	10	7.56811087209085	-999.9	0	3.05555555555556	6.33336968465086	330
NEW_GLASGOW	2013	10	27	300	4.5	8.5	5.11895168194689	-999.9	8.4	1.93287037037037	8.2631544115468	330
NEW_GLASGOW	2013	10	28	301	1	8	6.67687465678313	-999.9	0.4	3.98148148148147	6.34417607602816	330
NEW_GLASGOW	2013	10	29	302	-1.5	7	7.2545441509567	-999.9	0	3.37962962962964	4.84791295699076	330
NEW_GLASGOW	2013	10	30	303	-6	5	8.13729392994264	-999.9	0	2.87037037037036	4.62635097656269	330
NEW_GLASGOW	2013	10	31	304	-5	14	10.5451639653379	-999.9	14.7	3.72685185185186	5.37015567689214	330
NEW_GLASGOW	2013	11	1	305	5	18	8.60110835586787	-999.9	5.8	8.47222222222222	14.5517900024921	330
NEW_GLASGOW	2013	11	2	306	10	14.5	4.99013267861358	-999.9	0.2	4.61805555555556	8.86700016850864	330
NEW_GLASGOW	2013	11	3	307	2	4.5	3.66791684301198	-999.9	0	4.46759259259258	4.84159809538416	330
NEW_GLASGOW	2013	11	4	308	0	4	4.57559339654176	-999.9	1	5	4.59127830393437	330
NEW_GLASGOW	2013	11	5	309	1	5.5	4.78651931681156	-999.9	0	2.17592592592593	4.77457979128055	330
NEW_GLASGOW	2013	11	6	310	-2.5	13.5	8.9022918044239	-999.9	0	3.91666666666667	7.10408114700914	330
NEW_GLASGOW	2013	11	7	311	5.5	14.5	6.58608870773468	-999.9	12.4	6.35416666666667	10.4314597690969	330
NEW_GLASGOW	2013	11	8	312	0	7	5.73007362453263	-999.9	0	3.75	5.67246545880337	330
NEW_GLASGOW	2013	11	9	313	0	2.5	3.378552549401	-999.9	0	4.39814814814814	5.05612587407003	330
NEW_GLASGOW	2013	11	10	314	-3.5	5	6.14707633938502	-999.9	27.2	2.5	5.48181098327221	330
NEW_GLASGOW	2013	11	11	315	2.5	5	3.28988737073438	-999.9	7.4	3.39120370370369	7.54763449326777	330
NEW_GLASGOW	2013	11	12	316	0	5	4.59204187138006	-999.9	3.6	4.05092592592592	5.87367094150442	330
NEW_GLASGOW	2013	11	13	317	-5.5	-0.5	4.53292126401217	-999.9	0	4.28240740740742	3.30198049833115	330
NEW_GLASGOW	2013	11	14	318	-5.5	5	6.48525940181059	-999.9	0	2.88194444444444	4.20930362502713	330
NEW_GLASGOW	2013	11	15	319	1.5	6	4.19228131191744	-999.9	0	2.74305555555556	6.90134608198035	330
NEW_GLASGOW	2013	11	16	320	0	10	6.17209132743839	-999.9	0	1.43518518518519	7.96527388070342	330
NEW_GLASGOW	2013	11	17	321	-2	7.5	5.94242769962233	-999.9	0	1.71296296296296	7.64211651474424	330
NEW_GLASGOW	2013	11	18	322	-0.5	13.7	7.1856480953367	-999.9	21.4	7.5	10.6475750037355	330
NEW_GLASGOW	2013	11	19	323	3.5	10.7	4.24401211687501	-999.9	0.8	3.04398148148147	7.04835419204968	330
NEW_GLASGOW	2013	11	20	324	-2.5	3.5	4.55748912108291	-999.9	1.5	7.44212962962964	3.81759147534583	330
NEW_GLASGOW	2013	11	21	325	-1	4.5	4.31396641189458	-999.9	0	7.06018518518519	4.53586577731389	330
NEW_GLASGOW	2013	11	22	326	-2	7	5.45718204279126	-999.9	0	2.10648148148148	6.15786926352071	330
NEW_GLASGOW	2013	11	23	327	-3	2	4.02341969945908	-999.9	0	4.16666666666667	5.01261382857484	330
NEW_GLASGOW	2013	11	24	328	-6	-3	3.08354638216111	-999.9	3	7.74305555555556	2.71503653591536	330
NEW_GLASGOW	2013	11	25	329	-6	-3.5	2.78586927893206	-999.9	1	5.01157407407408	2.66202905365984	330
NEW_GLASGOW	2013	11	26	330	-7.5	2	5.37625302123172	-999.9	0	2.95138888888889	3.82011241005214	330
NEW_GLASGOW	2013	11	27	331	-4.5	16.5	7.9156377234337	-999.9	22.8	6.73611111111111	8.96008746509431	330
NEW_GLASGOW	2013	11	28	332	1	12.5	5.80255937975117	-999.9	0.8	8.65740740740742	7.27199314050182	330
NEW_GLASGOW	2013	11	29	333	-7	-4.5	2.68087098691384	-999.9	1	4.47916666666667	2.70808017740983	330
NEW_GLASGOW	2013	11	30	334	-7	-3	3.36137270056523	-999.9	0	3.35648148148147	2.58030327520196	330
NEW_GLASGOW	2013	12	1	335	-11.5	0.5	5.77308816539385	-999.9	6	4.20138888888889	4.37847391112778	330
NEW_GLASGOW	2013	12	2	336	-1.5	3.5	3.69647772550449	-999.9	2.8	1.86342592592593	6.58116887693727	330
NEW_GLASGOW	2013	12	3	337	2.5	5	2.59368738132764	-999.9	59.8	3.13657407407408	8.25868976274235	330
NEW_GLASGOW	2013	12	4	338	-1.5	2	3.04641759065812	-999.9	15	10.4166666666667	6.32736891693521	330
NEW_GLASGOW	2013	12	5	339	-1.5	6	4.42854623728318	-999.9	5.6	3.63526570048308	5.32483230838003	330
NEW_GLASGOW	2013	12	6	340	-2	5.5	4.39954346461418	-999.9	5	4.82638888888889	7.68516929468392	330
NEW_GLASGOW	2013	12	7	341	-1.5	-0.5	1.59660860065279	-999.9	0	3.48379629629631	3.69098285568832	330
NEW_GLASGOW	2013	12	8	342	-10	-4.5	3.72288761008461	-999.9	0	5.13888888888889	2.27312305855272	330
NEW_GLASGOW	2013	12	9	343	-10	-0.5	4.86678894636957	-999.9	7	3.19444444444444	3.03898934926027	330
NEW_GLASGOW	2013	12	10	344	-5.5	1.5	4.15716290357874	-999.9	0	3.62268518518519	4.17987466585005	330
NEW_GLASGOW	2013	12	11	345	-10	-6.5	2.92642561870879	-999.9	2	5.04629629629631	2.11766488163572	330
NEW_GLASGOW	2013	12	12	346	-15	-12	2.69842522558475	-999.9	0	3.88888888888889	1.46119430871646	330
NEW_GLASGOW	2013	12	13	347	-19	-8	5.14855928817881	-999.9	6	3.75	1.60984851150949	330
NEW_GLASGOW	2013	12	14	348	-20	-12	4.37692926826827	-999.9	0	4.6875	1.08869135134962	330
NEW_GLASGOW	2013	12	15	349	-16.5	-3	5.67053564892845	-999.9	25	5.67129629629631	2.87138773219058	330
NEW_GLASGOW	2013	12	16	350	-9	-3	3.77193928191904	-999.9	2	3.76157407407408	3.22467337319171	330
NEW_GLASGOW	2013	12	17	351	-16	-7	4.61150635534711	-999.9	1	2.99768518518519	1.74376219474248	330
NEW_GLASGOW	2013	12	18	352	-22	-2	6.86547841062555	-999.9	20	5.87962962962964	3.10495095734046	330
NEW_GLASGOW	2013	12	19	353	-10	-2	4.3384807160383	-999.9	0	4.43287037037036	2.9254564695274	330
NEW_GLASGOW	2013	12	20	354	-9	-2	4.05678279235252	-999.9	0	2.53472222222222	2.98308496817676	330
NEW_GLASGOW	2013	12	21	355	-9	2	5.08595603614725	-999.9	8.2	2.16435185185185	5.34306145015757	330
NEW_GLASGOW	2013	12	22	356	-4	-2	2.16989257998706	-999.9	25	6.06481481481481	4.69466786561863	330
NEW_GLASGOW	2013	12	23	357	-5.5	-0.5	3.43445924628939	-999.9	11.2	2.1412037037037	4.73568724408624	330
NEW_GLASGOW	2013	12	24	358	-1	2	2.66432179820146	-999.9	5	2.71990740740741	4.94949849407388	330
NEW_GLASGOW	2013	12	25	359	-10	-7	2.66956831811782	-999.9	2	4.22453703703703	2.4541309999984	330
NEW_GLASGOW	2013	12	26	360	-22.5	-2	6.99539456378814	-999.9	3.5	3.61111111111111	2.63690109647287	330
NEW_GLASGOW	2013	12	27	361	-6	-2	3.09898317736769	-999.9	3	2.99768518518519	3.75855358151718	330
NEW_GLASGOW	2013	12	28	362	-12.5	-1	5.27217027773707	-999.9	0	4.15509259259258	3.15138858351681	330
NEW_GLASGOW	2013	12	29	363	-8	-0.5	4.27383533447411	-999.9	12.5	4.18981481481481	3.69577378705479	330
NEW_GLASGOW	2013	12	30	364	-6	-0.5	3.67543085856933	-999.9	0	3.07870370370369	3.2359309229451	330
NEW_GLASGOW	2013	12	31	365	-19	-16	2.72720581485727	-999.9	0	2.96296296296297	1.35809550742143	330
