NEW_GLASGOW	2009	1	1	1	-6	-4	2.2381569288516	-999.9	25	11.3310185185185	3.74906991790608	330
NEW_GLASGOW	2009	1	2	2	-11	-10	1.59139755920068	-999.9	0	5.3125	2.30994113660919	330
NEW_GLASGOW	2009	1	3	3	-17	-6	5.30957659244454	-999.9	0	2.84722222222222	1.96296047613856	330
NEW_GLASGOW	2009	1	4	4	-17.5	-0.5	6.64279992527926	-999.9	1	6.28472222222222	3.36790505642131	330
NEW_GLASGOW	2009	1	5	5	-6.5	0	4.13543553818758	-999.9	1	5.97222222222222	3.75674407282156	330
NEW_GLASGOW	2009	1	6	6	-7.5	7.5	6.32730815830979	-999.9	8.2	6.35416666666667	2.1689881518574	330
NEW_GLASGOW	2009	1	7	7	-8	7.5	6.48059584638712	-999.9	10	3.69212962962964	2.71290722390724	330
NEW_GLASGOW	2009	1	8	8	-8	7.5	6.53211018034704	-999.9	1.8	7.08333333333333	5.4086983125	330
NEW_GLASGOW	2009	1	9	9	-10	-4	4.09789101837583	-999.9	1	4.01620370370369	2.98903825978527	330
NEW_GLASGOW	2009	1	10	10	-9.5	-9	1.19322149841026	-999.9	0	4.15509259259258	2.27401768951485	330
NEW_GLASGOW	2009	1	11	11	-17.5	-9	4.96416785585441	-999.9	2	2.29166666666667	2.20818616645798	330
NEW_GLASGOW	2009	1	12	12	-14	-9	3.84297833827338	-999.9	0	2.70833333333333	2.35443322356875	330
NEW_GLASGOW	2009	1	13	13	-16	1	7.1547361597365	-999.9	2.5	4.08564814814814	3.0820520344223	330
NEW_GLASGOW	2009	1	14	14	-9.5	1.5	5.81282462052054	-999.9	4.6	6.19212962962964	2.98138110626322	330
NEW_GLASGOW	2009	1	15	15	-20	-17	3.06692980731668	-999.9	0	3.80787037037036	0.847345219826006	330
NEW_GLASGOW	2009	1	16	16	-24	-18	4.38325622032474	-999.9	0	3.26388888888889	0.802401572234239	330
NEW_GLASGOW	2009	1	17	17	-24.5	7	10.1525528161981	-999.9	8	3.29861111111111	0.657231690656697	330
NEW_GLASGOW	2009	1	18	18	-26	7	10.5073070780605	-999.9	7	3.55324074074075	1.57052194324814	330
NEW_GLASGOW	2009	1	19	19	-13.5	7	8.37599806804954	-999.9	2	7.03703703703703	6.25578864441458	330
NEW_GLASGOW	2009	1	20	20	-7	-5	2.6467047829426	-999.9	1	2.53267973856209	3.50764194748087	330
NEW_GLASGOW	2009	1	21	21	-15	-6.5	5.5211747564883	-999.9	0	2.34953703703704	2.36651216186918	330
NEW_GLASGOW	2009	1	22	22	-13.5	-4	5.90759901084623	-999.9	1.5	5.42824074074075	2.67527870588317	330
NEW_GLASGOW	2009	1	23	23	-16	1.5	8.11682283496758	-999.9	1.5	4.08564814814814	1.57567161833711	330
NEW_GLASGOW	2009	1	24	24	-14	2	7.85833560216081	-999.9	2.4	6.94444444444445	2.74748924191884	330
NEW_GLASGOW	2009	1	25	25	-19.5	-17.5	2.81364888331228	-999.9	1.5	5.25462962962964	1.1750450449362	330
NEW_GLASGOW	2009	1	26	26	-23	-18	4.50609288245213	-999.9	0	3.63425925925925	0.713967678368682	330
NEW_GLASGOW	2009	1	27	27	-23.5	-13	6.6151716367287	-999.9	0	3.48379629629631	1.08449850280587	330
NEW_GLASGOW	2009	1	28	28	-20	4	10.1332733553443	-999.9	9.5	3.46064814814814	1.84099762106251	330
NEW_GLASGOW	2009	1	29	29	-9.5	-2	5.74029341122478	-999.9	2	8.81944444444445	4.43315535090751	330
NEW_GLASGOW	2009	1	30	30	-13	-3	6.71768785575173	-999.9	0	2.67361111111111	2.75256325543604	330
NEW_GLASGOW	2009	1	31	31	-15	0	8.33939051018904	-999.9	7	2.91666666666667	3.49883593117122	330
NEW_GLASGOW	2009	2	1	32	-9	-6	3.78064778077137	-999.9	1	4.17824074074075	3.25320532653585	330
NEW_GLASGOW	2009	2	2	33	-7	5	7.66578803614004	-999.9	0	3.55324074074075	4.73952341006274	330
NEW_GLASGOW	2009	2	3	34	-6.5	-3	4.19759182218904	-999.9	27	6.73611111111111	4.46386811434151	330
NEW_GLASGOW	2009	2	4	35	-8	-7	2.27510480913942	-999.9	2.5	4.67592592592592	2.73497535388353	330
NEW_GLASGOW	2009	2	5	36	-15	-9.5	5.41064600247503	-999.9	0	4.51388888888889	2.23434434414554	330
NEW_GLASGOW	2009	2	6	37	-19	-9	7.398800209247	-999.9	0	3.94675925925925	1.80369447343485	330
NEW_GLASGOW	2009	2	7	38	-15	2.5	9.92652227561401	-999.9	0.6	4.84953703703703	2.55154591413206	330
NEW_GLASGOW	2009	2	8	39	-2	4	5.89508417383328	-999.9	6.2	6.12268518518519	4.60576609150723	330
NEW_GLASGOW	2009	2	9	40	-10	-9	2.44099273752533	-999.9	0	7.59259259259258	2.19876710014512	330
NEW_GLASGOW	2009	2	10	41	-15	-8	6.55058143124715	-999.9	0	3.95833333333333	1.68423745792627	330
NEW_GLASGOW	2009	2	11	42	-15	-1.5	9.22721902041905	-999.9	1.3	3.96990740740742	3.93787770160713	330
NEW_GLASGOW	2009	2	12	43	-2.5	1.7	5.12547797193981	-999.9	21	4.01620370370369	6.23919265253994	330
NEW_GLASGOW	2009	2	13	44	-11.5	-1	5.81202207589534	-999.9	0.8	8.20601851851853	2.87021689943297	330
NEW_GLASGOW	2009	2	14	45	-15	-1	9.80633777864737	-999.9	3	3.35648148148147	2.391602144012	330
NEW_GLASGOW	2009	2	15	46	-15	0.5	10.4660863818205	-999.9	0	5.94907407407408	3.58426819363264	330
NEW_GLASGOW	2009	2	16	47	-3.5	1	5.71996497007831	-999.9	0	2.28009259259259	4.1623698165702	330
NEW_GLASGOW	2009	2	17	48	-7	-3	5.46985640536881	-999.9	0	2.25694444444444	3.12371656415285	330
NEW_GLASGOW	2009	2	18	49	-15	-4	9.200014728436	-999.9	0	4.32870370370369	2.90440403698532	330
NEW_GLASGOW	2009	2	19	50	-17	1.5	12.1006608750923	-999.9	5	4.56018518518519	3.45473892382897	330
NEW_GLASGOW	2009	2	20	51	-5.5	4	8.79424035486592	-999.9	0	6.16898148148147	4.85464887124315	330
NEW_GLASGOW	2009	2	21	52	-9	-1	8.18416999659662	-999.9	0	6.63194444444445	3.21525244875674	330
NEW_GLASGOW	2009	2	22	53	-8	-1.5	7.48095287785673	-999.9	15	3.54166666666667	2.98409902922179	330
NEW_GLASGOW	2009	2	23	54	-6	3	8.92621435136215	-999.9	7.9	7.02546296296297	4.93552167555531	330
NEW_GLASGOW	2009	2	24	55	-6.5	-4	4.77018194361652	-999.9	4	6.03864734299517	3.60486786510568	330
NEW_GLASGOW	2009	2	25	56	-8	-1	8.09289384562457	-999.9	0	2.74305555555556	2.84982996149823	330
NEW_GLASGOW	2009	2	26	57	-15	2	12.786102828655	-999.9	0	3.26719576719578	3.50859979561031	330
NEW_GLASGOW	2009	2	27	58	-1	8	9.43107133638502	-999.9	1.2	6.44675925925925	5.88418618514201	330
NEW_GLASGOW	2009	2	28	59	-6	7.5	11.7084129800333	-999.9	6.4	6.57407407407408	5.08860348327052	330
NEW_GLASGOW	2009	3	1	60	-10	7	13.3171285056441	-999.9	6	4.97685185185186	2.96481238615781	330
NEW_GLASGOW	2009	3	2	61	-4.5	0.5	7.31961235486815	-999.9	30	2.56944444444444	4.90965083670634	330
NEW_GLASGOW	2009	3	3	62	-5	-4.5	2.34566202629087	-999.9	0	0	4.35831331722657	330
NEW_GLASGOW	2009	3	4	63	-12	-6.5	7.88311852906613	-999.9	0	3.39120370370369	2.28581850783096	330
NEW_GLASGOW	2009	3	5	64	-13	5	14.449298142371	-999.9	0	5.03472222222222	2.32208301389064	330
NEW_GLASGOW	2009	3	6	65	-16	4.5	15.6220272707277	-999.9	17	4.95370370370369	3.63228049408823	330
NEW_GLASGOW	2009	3	7	66	-2	6	9.88576591182399	-999.9	1	3.62962962962964	6.00533913600371	330
NEW_GLASGOW	2009	3	8	67	-3	1.5	7.50983096496616	-999.9	5	2.01388888888889	5.8110530745281	330
NEW_GLASGOW	2009	3	9	68	-4.5	-3	4.39117440599778	-999.9	0	5.15046296296297	3.69544563928657	330
NEW_GLASGOW	2009	3	10	69	-12	-1.5	11.7650118008587	-999.9	0	2.63888888888889	3.23876238019123	330
NEW_GLASGOW	2009	3	11	70	-10	3	13.2550862462746	-999.9	10.8	6.44675925925925	4.29758824023706	330
NEW_GLASGOW	2009	3	12	71	-5	-1	7.44395262345443	-999.9	0	7.04861111111111	2.64264068132397	330
NEW_GLASGOW	2009	3	13	72	-15	-7	10.6568780029594	-999.9	0	5.85648148148147	1.26867161784654	330
NEW_GLASGOW	2009	3	14	73	-10	2.5	13.4833946538619	-999.9	0	4.91898148148147	3.20419731036957	330
NEW_GLASGOW	2009	3	15	74	-4	-2.5	4.72711510170902	-999.9	0	3.93518518518519	2.79039623962755	330
NEW_GLASGOW	2009	3	16	75	-13	-3	12.3510307272057	-999.9	0	3.00724637681158	2.32952992845956	330
NEW_GLASGOW	2009	3	17	76	-12	0.5	13.9719344367737	-999.9	0	2.46527777777778	2.9483364080893	330
NEW_GLASGOW	2009	3	18	77	-6	6.5	14.1351337967609	-999.9	0	6.11111111111111	4.34110914938328	330
NEW_GLASGOW	2009	3	19	78	2.5	6.5	8.08840292629703	-999.9	1	5.59027777777778	5.12422039482847	330
NEW_GLASGOW	2009	3	20	79	-6.5	-4	6.46747268175075	-999.9	0	3.58796296296297	2.62174778158172	330
NEW_GLASGOW	2009	3	21	80	-12	-2	13.0809679899569	-999.9	0	3.15972222222222	3.02117458044177	330
NEW_GLASGOW	2009	3	22	81	-12	4	16.7308568903675	-999.9	10	2.93981481481481	3.81089705637788	330
NEW_GLASGOW	2009	3	23	82	-8	-1	11.1884042178543	-999.9	5	4.25925925925925	4.28593122399284	330
NEW_GLASGOW	2009	3	24	83	-4.5	-1.5	7.40428205538787	-999.9	5	10.2893518518519	4.52116486159153	330
NEW_GLASGOW	2009	3	25	84	-3	-2	4.32083283821875	-999.9	0	9.34027777777778	4.01952150796711	330
NEW_GLASGOW	2009	3	26	85	-3.5	0	8.16936455995824	-999.9	0	5.65217391304347	4.43375856256168	330
NEW_GLASGOW	2009	3	27	86	-4	2	10.8083168791883	-999.9	0	1.49305555555556	5.18014157999903	330
NEW_GLASGOW	2009	3	28	87	-1.5	10	15.1182224811801	-999.9	0	3.03240740740742	6.13492737005061	330
NEW_GLASGOW	2009	3	29	88	1	7.5	11.4820345787765	-999.9	0	3.28703703703703	6.03364378851855	330
NEW_GLASGOW	2009	3	30	89	-1.5	0	5.57133145305318	-999.9	26	7.06018518518519	5.77268094096886	330
NEW_GLASGOW	2009	3	31	90	-1.5	0.1	5.81119247611151	-999.9	2	8.30917874396136	4.77377352791429	330
NEW_GLASGOW	2009	4	1	91	-9	4.5	17.0453005033348	-999.9	0	2.22222222222222	4.2470423409597	330
NEW_GLASGOW	2009	4	2	92	0	8.5	13.6558986081811	-999.9	0	4.54861111111111	6.73558490681515	330
NEW_GLASGOW	2009	4	3	93	0.5	10.5	14.9528628425225	-999.9	16.8	4.46759259259258	8.78001758338992	330
NEW_GLASGOW	2009	4	4	94	7	14.5	13.071004762226	-999.9	1	6.75925925925925	10.0671398115192	330
NEW_GLASGOW	2009	4	5	95	3	5	6.81220631380256	-999.9	0.7	3.93518518518519	7.15294330841682	330
NEW_GLASGOW	2009	4	6	96	0	3	8.41915216318863	-999.9	1.6	3.21759259259258	6.13768333912558	330
NEW_GLASGOW	2009	4	7	97	-0.5	10.5	16.2659538650345	-999.9	2.6	7.95138888888889	8.70770723752026	330
NEW_GLASGOW	2009	4	8	98	4	6.5	7.82292645265013	-999.9	0	5.37037037037036	6.61257136922523	330
NEW_GLASGOW	2009	4	9	99	2	10.5	14.5500813849079	-999.9	0	5.45138888888889	6.01196119163817	330
NEW_GLASGOW	2009	4	10	100	1.5	10.5	15.0999217419002	-999.9	0	2.80092592592592	5.67827983725613	330
NEW_GLASGOW	2009	4	11	101	-3	7	16.0506196562932	-999.9	15.2	2.01388888888889	5.54024515486247	330
NEW_GLASGOW	2009	4	12	102	0	0	0	-999.9	6.8	5.02314814814814	6.11785686514995	330
NEW_GLASGOW	2009	4	13	103	-1	1.5	8.15758682870468	-999.9	3	5.16203703703703	6.06376213076336	330
NEW_GLASGOW	2009	4	14	104	-0.5	2	8.22287224723238	-999.9	0	4.67592592592592	5.62811251477444	330
NEW_GLASGOW	2009	4	15	105	-1	3.5	11.1189330832759	-999.9	0	4.09722222222222	4.44406210868254	330
NEW_GLASGOW	2009	4	16	106	-3	1	10.5640839067189	-999.9	0	5.46296296296297	3.67382222184713	330
NEW_GLASGOW	2009	4	17	107	-3	6.5	16.4040277343933	-999.9	6.8	2.93981481481481	4.73640442819991	330
NEW_GLASGOW	2009	4	18	108	-1.5	1	8.47788664219763	-999.9	0	3.37962962962964	4.56395908316503	330
NEW_GLASGOW	2009	4	19	109	-6	3	16.2035450216892	-999.9	0	2.88194444444444	4.02341093592158	330
NEW_GLASGOW	2009	4	20	110	-6	7	19.6143600456089	-999.9	0	3.19444444444444	4.0094123835014	330
NEW_GLASGOW	2009	4	21	111	-3	12	21.2180028707251	-999.9	4.8	5.26315789473683	5.55867307745774	330
NEW_GLASGOW	2009	4	22	112	4	14.5	17.875281634239	-999.9	21.4	8.83101851851853	11.2798455277221	330
NEW_GLASGOW	2009	4	23	113	12	14	7.85445063251359	-999.9	2.2	9.00462962962964	8.93383901282979	330
NEW_GLASGOW	2009	4	24	114	5	12.5	15.3114906147174	-999.9	0	5.3125	7.28060053009717	330
NEW_GLASGOW	2009	4	25	115	2	23	25.7885079486589	-999.9	0.6	4.81481481481481	8.2611857470379	330
NEW_GLASGOW	2009	4	26	116	9	15	13.8887111309795	-999.9	0	6.78240740740742	7.51332681430364	330
NEW_GLASGOW	2009	4	27	117	-1.5	11.7	20.9630699995057	-999.9	0	3.49537037037036	4.76868748677398	330
NEW_GLASGOW	2009	4	28	118	8	26	24.3280221551161	-999.9	6.2	7.04861111111111	11.4289140938789	330
NEW_GLASGOW	2009	4	29	119	2.5	8	13.5287922871257	-999.9	0	6.74768518518519	4.5003982884663	330
NEW_GLASGOW	2009	4	30	120	1	8.7	20.1211760049046	-999.9	0	3.51851851851853	4.95891226888252	330
NEW_GLASGOW	2009	5	1	121	5	12.5	15.9829848459247	-999.9	11	7.69675925925925	8.75308354468958	330
NEW_GLASGOW	2009	5	2	122	9.5	15	13.7642189691862	-999.9	3.8	4.34027777777778	10.2570350406171	330
NEW_GLASGOW	2009	5	3	123	1	18	24.3323175386849	-999.9	0	4.02777777777778	8.08232244696858	330
NEW_GLASGOW	2009	5	4	124	9	20.5	20.1206868691589	-999.9	0	4.91898148148147	8.9762938939427	330
NEW_GLASGOW	2009	5	5	125	1.5	9.5	16.8701945073192	-999.9	2.4	3.58796296296297	4.89002168318705	330
NEW_GLASGOW	2009	5	6	126	5	12	15.8617807149419	-999.9	9	4.53703703703703	9.53354103641529	330
NEW_GLASGOW	2009	5	7	127	5	10.5	14.1305467004567	-999.9	18	3.58796296296297	8.22639660722497	330
NEW_GLASGOW	2009	5	8	128	5	11.5	15.4367592048488	-999.9	0.8	3.34490740740742	11.1435181236776	330
NEW_GLASGOW	2009	5	9	129	6.5	21	23.1660865245635	-999.9	13.4	3.68055555555556	12.6804666466513	330
NEW_GLASGOW	2009	5	10	130	4	13	18.3360925874316	-999.9	3.4	6.51620370370369	9.05714122797399	330
NEW_GLASGOW	2009	5	11	131	2	9.5	16.8143827891253	-999.9	1	3.05555555555556	6.7443882161413	330
NEW_GLASGOW	2009	5	12	132	5	10.5	14.4625390321009	-999.9	0	1.51234567901234	6.93406993728532	330
NEW_GLASGOW	2009	5	13	133	0	20	27.6974304991144	-999.9	0	2.79320987654322	7.2901011249134	330
NEW_GLASGOW	2009	5	14	134	5	20	24.0868505685525	-999.9	1	7.08333333333333	7.49058232045945	330
NEW_GLASGOW	2009	5	15	135	10	18.5	18.2055000222682	-999.9	0	7.38425925925925	10.9930259869672	330
NEW_GLASGOW	2009	5	16	136	5	13	17.731520758164	-999.9	0	3.92361111111111	7.5939117529153	330
NEW_GLASGOW	2009	5	17	137	8.5	26.5	26.6989629360945	-999.9	21.8	8.66013071895425	13.6140744661193	330
NEW_GLASGOW	2009	5	18	138	6	8	8.93263955738097	-999.9	13.6	2.83564814814814	7.9288351065228	330
NEW_GLASGOW	2009	5	19	139	3	13	20.0456997224801	-999.9	4.2	2.61574074074074	8.20770465102667	330
NEW_GLASGOW	2009	5	20	140	6	11	14.223699662324	-999.9	0	3.28703703703703	7.64371096585342	330
NEW_GLASGOW	2009	5	21	141	8.5	27	27.451743323905	-999.9	0	4.82638888888889	10.4372470503172	330
NEW_GLASGOW	2009	5	22	142	6	12	15.6843499089998	-999.9	0	3.31018518518519	9.70048419061607	330
NEW_GLASGOW	2009	5	23	143	3	12	19.2694585181093	-999.9	0	2.55787037037037	6.84520419418972	330
NEW_GLASGOW	2009	5	24	144	8	18.5	20.8761771664225	-999.9	0.4	3.71527777777778	9.7042705922147	330
NEW_GLASGOW	2009	5	25	145	8.5	16	17.6948102498179	-999.9	2.2	4.0625	8.10982328241897	330
NEW_GLASGOW	2009	5	26	146	3.5	10	16.5189320286956	-999.9	0	3.47222222222222	6.30976261440156	330
NEW_GLASGOW	2009	5	27	147	-1.5	13	24.738337966731	-999.9	1	1.63194444444444	7.0709951835225	330
NEW_GLASGOW	2009	5	28	148	7	14	17.2324943229335	-999.9	0	1.74768518518519	9.71719866624675	330
NEW_GLASGOW	2009	5	29	149	1.5	15	23.9899942451304	-999.9	2	5.28935185185186	9.88344366441883	330
NEW_GLASGOW	2009	5	30	150	11	20.5	20.1716243270502	-999.9	0.4	3.02083333333333	14.6313611282963	330
NEW_GLASGOW	2009	5	31	151	11	22	21.7591447506627	-999.9	6.2	3.28502415458936	12.1958658211508	330
NEW_GLASGOW	2009	6	1	152	7.5	12.5	14.7008986654329	-999.9	3.8	5.33564814814814	10.3527636515905	330
NEW_GLASGOW	2009	6	2	153	10.5	19	19.2020394702493	-999.9	0	3.96825396825397	10.5977246103333	330
NEW_GLASGOW	2009	6	3	154	8	20.5	23.3301070550053	-999.9	0	3.40277777777778	9.76833991115635	330
NEW_GLASGOW	2009	6	4	155	7	20.5	24.2887265423706	-999.9	0	3.00925925925925	10.0242488841158	330
NEW_GLASGOW	2009	6	5	156	2	23	30.3442256104392	-999.9	0	4.0625	9.93731410393332	330
NEW_GLASGOW	2009	6	6	157	11	20	19.896135635043	-999.9	1.6	3.79629629629631	12.8790777515716	330
NEW_GLASGOW	2009	6	7	158	11	19	18.7856467601957	-999.9	0	2.97453703703703	10.8113005833946	330
NEW_GLASGOW	2009	6	8	159	3.5	16	23.5137853154687	-999.9	0.6	3.48379629629631	9.58227470483668	330
NEW_GLASGOW	2009	6	9	160	3	11	18.8343964909667	-999.9	0	3.77314814814814	9.12175428668927	330
NEW_GLASGOW	2009	6	10	161	5	14	19.9995402168394	-999.9	0.6	2.68518518518519	9.50714456871682	330
NEW_GLASGOW	2009	6	11	162	8	16	18.8750771043705	-999.9	14.4	5.21990740740742	13.0040419300815	330
NEW_GLASGOW	2009	6	12	163	14.5	18	12.4961364374888	-999.9	61.6	4.0625	15.5278891987437	330
NEW_GLASGOW	2009	6	13	164	2.5	15	23.6345758252742	-999.9	0.6	3.39120370370369	13.309481088363	330
NEW_GLASGOW	2009	6	14	165	9.5	17	18.3200915454211	-999.9	0	1.38888888888889	14.6940561058684	330
NEW_GLASGOW	2009	6	15	166	9.5	20	22.7007879424554	-999.9	0	2.10648148148148	12.4721669714727	330
NEW_GLASGOW	2009	6	16	167	8.5	21	23.6766372837862	-999.9	0	2.90509259259258	11.7993225709773	330
NEW_GLASGOW	2009	6	17	168	10.5	24.5	25.06645548746	-999.9	0	4.95370370370369	11.4535106428037	330
NEW_GLASGOW	2009	6	18	169	14	25.5	22.7245366406841	-999.9	0	5.15046296296297	12.7891324069209	330
NEW_GLASGOW	2009	6	19	170	12	24.5	23.6958163353094	-999.9	0	4.30555555555556	14.004282471895	330
NEW_GLASGOW	2009	6	20	171	15.5	22.5	17.7333021061332	-999.9	2	5.43981481481481	17.5333649568421	330
NEW_GLASGOW	2009	6	21	172	15.5	17.5	9.47835366751914	-999.9	1.4	5.70601851851853	16.692864448104	330
NEW_GLASGOW	2009	6	22	173	10	14.5	14.215263017557	-999.9	15	5.74074074074075	14.067726838457	330
NEW_GLASGOW	2009	6	23	174	12	16	13.3987040300902	-999.9	0.4	3.05555555555556	16.4654479918174	330
NEW_GLASGOW	2009	6	24	175	12	20	18.9415440891372	-999.9	0.6	0.960648148148147	19.9440481487509	330
NEW_GLASGOW	2009	6	25	176	19	27	18.9324318033568	-999.9	0	2.39583333333333	23.0237285433093	330
NEW_GLASGOW	2009	6	26	177	19	25	16.3863220705491	-999.9	0	3.35648148148147	20.0843913931126	330
NEW_GLASGOW	2009	6	27	178	15	24	20.0551074940385	-999.9	0	1.52777777777778	22.0748006457758	330
NEW_GLASGOW	2009	6	28	179	15.5	23	18.2930305859871	-999.9	0	4.36342592592592	18.7655303639337	330
NEW_GLASGOW	2009	6	29	180	15	20	14.9226074226471	-999.9	9.1	6.05324074074075	18.1555275673797	330
NEW_GLASGOW	2009	6	30	181	14	20	16.3302709341834	-999.9	5.2	3.49537037037036	17.6878746337253	330
NEW_GLASGOW	2009	7	1	182	14.5	19	14.1265274209463	-999.9	0.4	4.20138888888889	16.4736231682841	330
NEW_GLASGOW	2009	7	2	183	15	18	11.5200533448977	-999.9	0	3.11342592592592	17.2002755914642	330
NEW_GLASGOW	2009	7	3	184	15	23.5	19.365169247083	-999.9	0.4	4.62962962962964	20.0906733442287	330
NEW_GLASGOW	2009	7	4	185	16.5	22	15.5547979336564	-999.9	6	3.48379629629631	20.6695424236883	330
NEW_GLASGOW	2009	7	5	186	15	19.5	14.8099735970537	-999.9	2.2	3.34490740740742	16.8595449760924	330
NEW_GLASGOW	2009	7	6	187	11	13.8	11.4528026874613	-999.9	1.6	5.35879629629631	11.9441453019567	330
NEW_GLASGOW	2009	7	7	188	10.5	16	15.477355738047	-999.9	1.6	4.14351851851853	10.1368105245247	330
NEW_GLASGOW	2009	7	8	189	3	16	23.7503832034791	-999.9	0	0.396825396825397	9.81372648575013	330
NEW_GLASGOW	2009	7	9	190	4	22	27.891484819974	-999.9	0	1.22685185185185	9.9746538202619	330
NEW_GLASGOW	2009	7	10	191	10	28	27.8330566737583	-999.9	0	3.42592592592592	13.678032239017	330
NEW_GLASGOW	2009	7	11	192	15	26.5	22.1980888864717	-999.9	0	4.07407407407408	13.6905964702029	330
NEW_GLASGOW	2009	7	12	193	15	21.5	16.6501446745504	-999.9	7.4	5.70601851851853	15.9674399994169	330
NEW_GLASGOW	2009	7	13	194	15	24.5	20.0803073889507	-999.9	5	3.62268518518519	17.8326383054169	330
NEW_GLASGOW	2009	7	14	195	12	22	20.5498295076685	-999.9	0	3.875	11.4832878791307	330
NEW_GLASGOW	2009	7	15	196	10.5	23.5	23.3685574721366	-999.9	2.6	2.98611111111111	13.520407768585	330
NEW_GLASGOW	2009	7	16	197	13.5	22	18.8440355163145	-999.9	4.8	3.65740740740742	13.8139883664845	330
NEW_GLASGOW	2009	7	17	198	13.5	22	18.7901492503112	-999.9	0.6	4.22453703703703	18.5019395732211	330
NEW_GLASGOW	2009	7	18	199	17.5	23.5	15.7399978516963	-999.9	0	4.43287037037036	21.3926714812485	330
NEW_GLASGOW	2009	7	19	200	17.5	27	19.7447184726263	-999.9	0	4.42129629629631	20.1150536011184	330
NEW_GLASGOW	2009	7	20	201	17.5	27	19.6817052459821	-999.9	0	3.46064814814814	17.2075608010078	330
NEW_GLASGOW	2009	7	21	202	17.5	25	17.429898460399	-999.9	24.6	2.24537037037037	18.6294514149206	330
NEW_GLASGOW	2009	7	22	203	16	23	16.7813895510611	-999.9	30.4	2.87037037037036	20.7757605637947	330
NEW_GLASGOW	2009	7	23	204	16	19	10.9472592851226	-999.9	0	4.57175925925925	16.2056971409189	330
NEW_GLASGOW	2009	7	24	205	14	19	14.0814277564825	-999.9	13	3.90046296296297	16.0406472754268	330
NEW_GLASGOW	2009	7	25	206	15	21	15.3675658788119	-999.9	2.6	6.52777777777778	18.3350829749532	330
NEW_GLASGOW	2009	7	26	207	16	25	18.7486134897635	-999.9	0	3.25231481481481	20.6358849161387	330
NEW_GLASGOW	2009	7	27	208	19	27	17.606045595401	-999.9	20.8	3.87731481481481	23.2423442010626	330
NEW_GLASGOW	2009	7	28	209	18	27	18.597617029645	-999.9	0	4.69907407407408	21.6461280522709	330
NEW_GLASGOW	2009	7	29	210	18.5	29	20.0032240960888	-999.9	3	3.33333333333333	21.4807095555021	330
NEW_GLASGOW	2009	7	30	211	21	25	12.2929052376432	-999.9	13.8	5.30092592592592	23.1497433388297	330
NEW_GLASGOW	2009	7	31	212	18	28.5	19.8284170646279	-999.9	30	3.92361111111111	22.7042212228224	330
NEW_GLASGOW	2009	8	1	213	17.5	26.5	18.2739722515557	-999.9	0	2.67361111111111	21.1324516867444	330
NEW_GLASGOW	2009	8	2	214	16	28.5	21.4355314413896	-999.9	10.4	2.95138888888889	19.8403342723403	330
NEW_GLASGOW	2009	8	3	215	18	25.5	16.524427729876	-999.9	1.2	3.39120370370369	22.5312794449319	330
NEW_GLASGOW	2009	8	4	216	17	27.5	19.4560990306457	-999.9	0	2.73148148148148	19.5369103808789	330
NEW_GLASGOW	2009	8	5	217	18.5	26	16.3608405730094	-999.9	0	4.39814814814814	20.9821695473158	330
NEW_GLASGOW	2009	8	6	218	17.5	25.5	16.8105583699254	-999.9	0	2.69675925925926	17.9977336119219	330
NEW_GLASGOW	2009	8	7	219	17.5	25	16.1911614096083	-999.9	14.5	2.39583333333333	18.7777355051217	330
NEW_GLASGOW	2009	8	8	220	15	21	14.4039311702075	-999.9	0	3.87731481481481	14.1269799897404	330
NEW_GLASGOW	2009	8	9	221	14.5	24.5	18.4931555971266	-999.9	0	3.19444444444444	13.941523203455	330
NEW_GLASGOW	2009	8	10	222	14	19	13.0031615645941	-999.9	2.2	3.51851851851853	16.3633584167575	330
NEW_GLASGOW	2009	8	11	223	17.5	19.5	8.17671683878396	-999.9	0.4	2.90509259259258	17.1361702641425	330
NEW_GLASGOW	2009	8	12	224	10	21.5	19.4921481945451	-999.9	0.2	2.06018518518519	15.4637777344503	330
NEW_GLASGOW	2009	8	13	225	10	27	23.5574694836697	-999.9	0	2.69675925925926	16.2280374239726	330
NEW_GLASGOW	2009	8	14	226	13.5	28	21.6235943813022	-999.9	0	3.54166666666667	18.9260621692393	330
NEW_GLASGOW	2009	8	15	227	19	31.5	19.9519186482765	-999.9	0	3.85416666666667	21.1507959435132	330
NEW_GLASGOW	2009	8	16	228	19.5	32	19.8251396006324	-999.9	0	3.35648148148147	20.1225971606975	330
NEW_GLASGOW	2009	8	17	229	19.5	25.5	13.6462721457756	-999.9	0	2.73148148148148	24.0704641835071	330
NEW_GLASGOW	2009	8	18	230	20	30	17.500919957204	-999.9	0	3.95833333333333	23.4652266811811	330
NEW_GLASGOW	2009	8	19	231	20.5	27	14.0147420726395	-999.9	0	4.28240740740742	22.9217355088549	330
NEW_GLASGOW	2009	8	20	232	20	27	14.4440785299646	-999.9	0	2.65046296296296	19.129425925062	330
NEW_GLASGOW	2009	8	21	233	18	27	16.263689235891	-999.9	1.4	3.62268518518519	19.7377825577155	330
NEW_GLASGOW	2009	8	22	234	20	28.5	15.6930962447068	-999.9	0	5.75231481481481	26.402775582704	330
NEW_GLASGOW	2009	8	23	235	20.5	22	6.54470859298799	-999.9	11.2	5.46296296296297	21.2048453510983	330
NEW_GLASGOW	2009	8	24	236	14.5	18.5	10.6087476078214	-999.9	2.4	1.63194444444444	16.7653056330454	330
NEW_GLASGOW	2009	8	25	237	12	23.5	17.853205143662	-999.9	0.4	1.99074074074074	17.3234056093781	330
NEW_GLASGOW	2009	8	26	238	13.5	22.5	15.6734714279145	-999.9	0	5.54292929292931	17.0833160421248	330
NEW_GLASGOW	2009	8	27	239	10	18.5	15.1137902190555	-999.9	0	4.08564814814814	9.50637632060573	330
NEW_GLASGOW	2009	8	28	240	10	18.5	14.9946560590488	-999.9	0.6	3.35648148148147	9.76838273651918	330
NEW_GLASGOW	2009	8	29	241	8	18.5	16.5320904522358	-999.9	80.2	2.65046296296296	11.7712611488588	330
NEW_GLASGOW	2009	8	30	242	11	19	14.3128786723602	-999.9	2.2	4.09722222222222	16.9635450468948	330
NEW_GLASGOW	2009	8	31	243	13.5	21	13.7437151562992	-999.9	0	3.53009259259258	15.2441816763353	330
NEW_GLASGOW	2009	9	1	244	10	19	14.928933819801	-999.9	0	3.53009259259258	11.3513056206879	330
NEW_GLASGOW	2009	9	2	245	10	23.5	18.1280390934723	-999.9	0	4.35185185185186	13.5533002278364	330
NEW_GLASGOW	2009	9	3	246	13	24	16.2217972098929	-999.9	0	5.52083333333333	16.6355242399589	330
NEW_GLASGOW	2009	9	4	247	15.5	25	14.9425696731834	-999.9	0	3.56481481481481	16.7173621354781	330
NEW_GLASGOW	2009	9	5	248	8	19.5	16.29353709725	-999.9	3.6	3.17129629629631	12.616658383743	330
NEW_GLASGOW	2009	9	6	249	12	15.5	8.90728790585945	-999.9	0	4.66435185185186	9.39454756374984	330
NEW_GLASGOW	2009	9	7	250	4	19.5	18.5722422704766	-999.9	0	5.16203703703703	10.5192527207615	330
NEW_GLASGOW	2009	9	8	251	13.5	21	12.7984724273598	-999.9	0	3.79629629629631	15.3038816986449	330
NEW_GLASGOW	2009	9	9	252	9	15	11.338983908208	-999.9	0	4.50231481481481	8.87125322213921	330
NEW_GLASGOW	2009	9	10	253	2	17.5	18.0500076787392	-999.9	0	2.37654320987654	9.23316897869851	330
NEW_GLASGOW	2009	9	11	254	7	20	16.3696093550256	-999.9	0	4.36342592592592	10.544059375705	330
NEW_GLASGOW	2009	9	12	255	12	23.5	15.2444865245225	-999.9	0	3.13657407407408	14.471498022745	330
NEW_GLASGOW	2009	9	13	256	11	18.5	12.1880435631245	-999.9	4.4	3.99305555555556	16.8086564443082	330
NEW_GLASGOW	2009	9	14	257	11	17	10.7909790498325	-999.9	0.8	3.48379629629631	12.6006829712814	330
NEW_GLASGOW	2009	9	15	258	7	15	12.3325988474511	-999.9	1.8	3.80787037037036	11.6286718281088	330
NEW_GLASGOW	2009	9	16	259	3	12	12.9448782466393	-999.9	0.4	3.27546296296297	8.15415358629749	330
NEW_GLASGOW	2009	9	17	260	0.5	17	17.3431797755776	-999.9	0	2.1412037037037	8.5783041387032	330
NEW_GLASGOW	2009	9	18	261	5	18	15.2304121034245	-999.9	1.8	3.96990740740742	11.6515736943712	330
NEW_GLASGOW	2009	9	19	262	8	12	8.35731305353418	-999.9	3.8	4.94212962962964	9.80255892928628	330
NEW_GLASGOW	2009	9	20	263	6	16	13.0700474593641	-999.9	0	3.81944444444444	10.1158847891108	330
NEW_GLASGOW	2009	9	21	264	7	21	15.2941668621308	-999.9	0	2.26851851851852	12.5327533077546	330
NEW_GLASGOW	2009	9	22	265	8	22	15.123594188305	-999.9	0	5.13888888888889	12.7512064222627	330
NEW_GLASGOW	2009	9	23	266	13	21	11.3034279399225	-999.9	13.2	6.42361111111111	16.7817747250226	330
NEW_GLASGOW	2009	9	24	267	13	16.5	7.39126622371219	-999.9	7.2	3.90046296296297	13.9521793553145	330
NEW_GLASGOW	2009	9	25	268	13	16.5	7.30608100845134	-999.9	5.2	5.57870370370369	9.5324887513047	330
NEW_GLASGOW	2009	9	26	269	6.5	12	9.05198872529955	-999.9	0	3.01932367149758	8.08788883034369	330
NEW_GLASGOW	2009	9	27	270	5.5	15.5	12.0620752850923	-999.9	6.8	4.14351851851853	10.1634475509046	330
NEW_GLASGOW	2009	9	28	271	13.5	21	10.3219056117891	-999.9	14.2	4.59490740740742	16.392370495402	330
NEW_GLASGOW	2009	9	29	272	12.5	20	10.1980152631581	-999.9	16.4	5.55555555555556	15.4496578929716	330
NEW_GLASGOW	2009	9	30	273	11	20	11.0359920874236	-999.9	2.4	3.61111111111111	14.7192939675237	330
NEW_GLASGOW	2009	10	1	274	13.5	19	8.52170936084926	-999.9	0.8	3.36805555555556	12.4051656454022	330
NEW_GLASGOW	2009	10	2	275	7	13	8.79077719750087	-999.9	0	2.30324074074074	9.75144373902847	330
NEW_GLASGOW	2009	10	3	276	8	15.5	9.70600514712746	-999.9	0	2.15277777777778	10.0725926522234	330
NEW_GLASGOW	2009	10	4	277	7.5	14	8.9223193188217	-999.9	31.2	4.27083333333333	11.9608295340603	330
NEW_GLASGOW	2009	10	5	278	11	14	5.98476261091682	-999.9	12.4	4.03935185185186	13.2137804413863	330
NEW_GLASGOW	2009	10	6	279	9.5	11	4.17784468376967	-999.9	1.4	3.88888888888889	9.93750282871112	330
NEW_GLASGOW	2009	10	7	280	7	14	8.9090700232538	-999.9	47	3.32175925925925	10.7174175753604	330
NEW_GLASGOW	2009	10	8	281	9.5	11.5	4.70037632887188	-999.9	4.4	7.33796296296297	10.7846108603529	330
NEW_GLASGOW	2009	10	9	282	7	12	7.3349276010524	-999.9	4.1	2.84722222222222	9.54619865873244	330
NEW_GLASGOW	2009	10	10	283	7.5	11	6.05617428069481	-999.9	8	3.76157407407408	10.0138529349675	330
NEW_GLASGOW	2009	10	11	284	4	11	8.45140017069753	-999.9	1.2	4.73379629629631	7.2981461797225	330
NEW_GLASGOW	2009	10	12	285	3.5	10	8.03553818064484	-999.9	0.4	5.01157407407408	5.85518245281534	330
NEW_GLASGOW	2009	10	13	286	-0.5	9	9.5843730347631	-999.9	5	2.70833333333333	6.33619069431304	330
NEW_GLASGOW	2009	10	14	287	0	7	8.11635850279386	-999.9	0	5.26620370370369	6.25658315359269	330
NEW_GLASGOW	2009	10	15	288	-4	7	10.0366161099118	-999.9	1.4	3.79629629629631	5.1697793702301	330
NEW_GLASGOW	2009	10	16	289	-4	7	9.90002821686671	-999.9	3.9	4.02777777777778	5.73690907997446	330
NEW_GLASGOW	2009	10	17	290	5	9.5	6.24550816552968	-999.9	1.8	5.72916666666667	6.6682785386224	330
NEW_GLASGOW	2009	10	18	291	2	7.5	6.80986761850952	-999.9	20	3.54166666666667	7.0837644844029	330
NEW_GLASGOW	2009	10	19	292	5	8	4.96009807656005	-999.9	3.8	7.25694444444445	8.57074458002335	330
NEW_GLASGOW	2009	10	20	293	4	8	5.64820811924953	-999.9	0	2.70833333333333	7.97253630989221	330
NEW_GLASGOW	2009	10	21	294	4	10	6.82163464617257	-999.9	0	4.00462962962964	7.19819498432315	330
NEW_GLASGOW	2009	10	22	295	2	7.5	6.44035510195162	-999.9	28.4	2.62626262626263	6.85610484831309	330
NEW_GLASGOW	2009	10	23	296	2	3.5	3.31646763764782	-999.9	2.4	6.74768518518519	6.1244537884407	330
NEW_GLASGOW	2009	10	24	297	1.5	17	10.512022898963	-999.9	29.2	4.40972222222222	7.01943009806934	330
NEW_GLASGOW	2009	10	25	298	4.5	17	9.30801648097365	-999.9	8	6.5625	10.7964038373298	330
NEW_GLASGOW	2009	10	26	299	3	8	5.80447607060882	-999.9	0	5.87962962962964	5.45543796532338	330
NEW_GLASGOW	2009	10	27	300	1.5	4.5	4.43314219731109	-999.9	0	3.55324074074075	4.66213440319309	330
NEW_GLASGOW	2009	10	28	301	0.5	6.5	6.18158476091177	-999.9	0	3.47222222222222	5.49279844753376	330
NEW_GLASGOW	2009	10	29	302	-0.5	5.5	6.09503621597193	-999.9	0	3.78472222222222	5.08803299431003	330
NEW_GLASGOW	2009	10	30	303	-4.5	10	9.34259799998752	-999.9	0	2.30324074074074	5.5864489200143	330
NEW_GLASGOW	2009	10	31	304	0.1	18	10.2353583402159	-999.9	9.8	7.93981481481481	10.8531359425943	330
NEW_GLASGOW	2009	11	1	305	8.5	11	3.77183552922131	-999.9	1	4.32870370370369	10.061442002749	330
NEW_GLASGOW	2009	11	2	306	4.5	7.5	4.0744262704637	-999.9	0	3.25231481481481	6.25620524753046	330
NEW_GLASGOW	2009	11	3	307	-2	6.5	6.76330447996047	-999.9	12	2.38425925925926	7.51381379390436	330
NEW_GLASGOW	2009	11	4	308	2	7	5.11566893603326	-999.9	0.4	3.83101851851853	5.52420261757884	330
NEW_GLASGOW	2009	11	5	309	-3	4	5.96983845289471	-999.9	1.6	2.30324074074074	4.21474575388879	330
NEW_GLASGOW	2009	11	6	310	-2	3	4.97653240755778	-999.9	8	9.18981481481481	5.96866179511468	330
NEW_GLASGOW	2009	11	7	311	0	6	5.37751891155207	-999.9	0	5.20833333333333	3.76499233484209	330
NEW_GLASGOW	2009	11	8	312	-5	10	8.38796890227279	-999.9	1	5.10416666666667	7.29574933132141	330
NEW_GLASGOW	2009	11	9	313	5	14	6.41035275040542	-999.9	0	5.06944444444445	6.04808738175812	330
NEW_GLASGOW	2009	11	10	314	5.5	14.5	6.32528936980514	-999.9	0	4.56018518518519	8.02266479852558	330
NEW_GLASGOW	2009	11	11	315	0	7.5	5.69825207729113	-999.9	0	3.88888888888889	5.57359475753988	330
NEW_GLASGOW	2009	11	12	316	-4.5	10	7.81996552362427	-999.9	0	3.55324074074075	5.83568487476226	330
NEW_GLASGOW	2009	11	13	317	-1	9	6.4105187287354	-999.9	0	2.02546296296296	6.3460977752318	330
NEW_GLASGOW	2009	11	14	318	-4	10.5	7.62108321183009	-999.9	0	3.80787037037036	7.36401793104084	330
NEW_GLASGOW	2009	11	15	319	5.5	15	6.09124352718074	-999.9	15.2	4.69907407407408	12.2195902367656	330
NEW_GLASGOW	2009	11	16	320	6.5	10.5	3.90357330425548	-999.9	1	4.56018518518519	8.82838341919669	330
NEW_GLASGOW	2009	11	17	321	3.5	4.5	1.92797813279908	-999.9	0.4	5.27777777777778	5.55918189004772	330
NEW_GLASGOW	2009	11	18	322	-5	10	7.37741082464791	-999.9	0	4.68253968253969	5.48688508440669	330
NEW_GLASGOW	2009	11	19	323	3.5	10	4.79913166712029	-999.9	0	3.26388888888889	5.24259377946699	330
NEW_GLASGOW	2009	11	20	324	-3.5	13.5	7.67139731415138	-999.9	5.6	5.03472222222222	8.70337273243015	330
NEW_GLASGOW	2009	11	21	325	5	10	4.11320558500352	-999.9	0	5.16203703703703	8.55004559055368	330
NEW_GLASGOW	2009	11	22	326	2	5	3.15070552142232	-999.9	0.2	4.73379629629631	4.78874311802616	330
NEW_GLASGOW	2009	11	23	327	-5	4.5	5.54590132874642	-999.9	0	2.32638888888889	5.05656969527973	330
NEW_GLASGOW	2009	11	24	328	-3	6.5	5.4872110026837	-999.9	1	1.43518518518519	7.14131118956163	330
NEW_GLASGOW	2009	11	25	329	3.5	9	4.13211190633244	-999.9	2.8	2.96296296296297	9.87016109666131	330
NEW_GLASGOW	2009	11	26	330	6.5	9	2.75795960755808	-999.9	3.9	2.90509259259258	9.88739402742807	330
NEW_GLASGOW	2009	11	27	331	5	14.5	5.32400022093191	-999.9	9	4.81481481481481	11.7376477131922	330
NEW_GLASGOW	2009	11	28	332	7	10.5	3.20114020100154	-999.9	3.2	5.69444444444445	9.19362254909277	330
NEW_GLASGOW	2009	11	29	333	2	4	2.39784390625852	-999.9	2.6	6.11111111111111	4.90195136479708	330
NEW_GLASGOW	2009	11	30	334	-2	5	4.4466781147486	-999.9	6.4	2.78935185185186	7.01714365478071	330
NEW_GLASGOW	2009	12	1	335	-2	2	3.33309400634558	-999.9	2.7	4.96527777777778	5.09703022432987	330
NEW_GLASGOW	2009	12	2	336	-3	3	4.0492884671484	-999.9	0	4.62962962962964	4.45692678796164	330
NEW_GLASGOW	2009	12	3	337	-0.5	8	4.78252322409394	-999.9	21	4.73379629629631	8.25227719788366	330
NEW_GLASGOW	2009	12	4	338	3	4	1.62837869732629	-999.9	0.8	3.41435185185186	6.86500180530817	330
NEW_GLASGOW	2009	12	5	339	-2	5.5	4.42854623728318	-999.9	14.2	2.52314814814815	6.78897018541762	330
NEW_GLASGOW	2009	12	6	340	-2.5	-0.5	2.27191447591552	-999.9	8	7.63888888888889	5.06707647105828	330
NEW_GLASGOW	2009	12	7	341	-4	-3.5	1.12897276842235	-999.9	0	4.03935185185186	3.48175452099256	330
NEW_GLASGOW	2009	12	8	342	-9.5	-2	4.34739611052432	-999.9	0	3.21759259259258	3.15020552390428	330
NEW_GLASGOW	2009	12	9	343	-6.5	5	5.35463201799995	-999.9	5.6	3.84259259259258	4.0085459135748	330
NEW_GLASGOW	2009	12	10	344	-3.5	5	4.58097040497153	-999.9	6.2	7.52314814814814	6.18166779207538	330
NEW_GLASGOW	2009	12	11	345	-6	-4	2.21216983355194	-999.9	0	8.29861111111111	2.88467795804596	330
NEW_GLASGOW	2009	12	12	346	-8	-5	2.69842522558475	-999.9	0	8.29861111111111	1.97578025752723	330
NEW_GLASGOW	2009	12	13	347	-11	-0.2	5.43116471208527	-999.9	8.2	5.04629629629631	2.797752857063	330
NEW_GLASGOW	2009	12	14	348	-6	2.5	4.51163542223188	-999.9	1	3.19444444444444	5.04155210102922	330
NEW_GLASGOW	2009	12	15	349	-2	2.5	3.27388528335821	-999.9	7.7	1.84027777777778	5.41813675848248	330
NEW_GLASGOW	2009	12	16	350	-5.5	0.5	3.77193928191904	-999.9	16	4.65277777777778	3.61129770645921	330
NEW_GLASGOW	2009	12	17	351	-15.5	-10	3.60498034760766	-999.9	4.5	4.59490740740742	1.69765442396119	330
NEW_GLASGOW	2009	12	18	352	-13	-7.5	3.60028725199261	-999.9	2.5	5.42824074074075	2.22871081508195	330
NEW_GLASGOW	2009	12	19	353	-10	-2.5	4.20071589026459	-999.9	0	2.63888888888889	2.35067857560861	330
NEW_GLASGOW	2009	12	20	354	-11.5	1.5	5.52846305322681	-999.9	8	4.15509259259258	4.11399067167835	330
NEW_GLASGOW	2009	12	21	355	-0.5	2.5	2.65605391519874	-999.9	8.4	5.57870370370369	6.51158926280782	330
NEW_GLASGOW	2009	12	22	356	1.5	2.5	1.53434575775522	-999.9	3.8	5.625	6.63648823910595	330
NEW_GLASGOW	2009	12	23	357	2	2.5	1.08607137492997	-999.9	7.6	4.66435185185186	6.82874443652166	330
NEW_GLASGOW	2009	12	24	358	-1	1	2.1754096387227	-999.9	0	6.59722222222222	5.37954178377729	330
NEW_GLASGOW	2009	12	25	359	-2	-0.5	1.88766986058188	-999.9	3	5.02314814814814	4.57726243760923	330
NEW_GLASGOW	2009	12	26	360	-2	0	2.1849941698438	-999.9	0	2.87037037037036	4.51934635953276	330
NEW_GLASGOW	2009	12	27	361	-3	4.4	4.94897111521508	-999.9	2.2	4.59490740740742	5.54965804791576	330
NEW_GLASGOW	2009	12	28	362	1	6.5	3.84617493950987	-999.9	8.4	4.84953703703703	6.66171978604235	330
NEW_GLASGOW	2009	12	29	363	-2	1	2.70301080028915	-999.9	21	5.61342592592592	4.08545687744361	330
NEW_GLASGOW	2009	12	30	364	-14	-10.5	2.93197953566072	-999.9	7	7.32638888888889	2.10905181247716	330
NEW_GLASGOW	2009	12	31	365	-11	-8.5	2.48958690626097	-999.9	0	3.125	2.33583492753766	330
