NEW_GLASGOW	2024	1	1	1	-6.2	-2.9	2.89613941665722	-999.9	0	4.16666666666667	3.48365645133459	330
NEW_GLASGOW	2024	1	2	2	-7.2	-1.5	3.82725319594596	-999.9	0	4.0625	3.29835776765051	330
NEW_GLASGOW	2024	1	3	3	-9.3	-0.6	4.75638746379818	-999.9	0	2.17592592592593	3.42401562610844	330
NEW_GLASGOW	2024	1	4	4	-5	-0.5	3.44245982732918	-999.9	0.6	2.17592592592593	4.48193832737572	330
NEW_GLASGOW	2024	1	5	5	-9.8	-0.5	4.98221825265799	-999.9	2.2	6.60879629629631	3.50636470230903	330
NEW_GLASGOW	2024	1	6	6	-10.7	-7.3	3.0339558635752	-999.9	1.4	5.42824074074075	2.25420348239152	330
NEW_GLASGOW	2024	1	7	7	-10.4	-4	4.19386326544346	-999.9	0	4.08564814814814	2.65092278081725	330
NEW_GLASGOW	2024	1	8	8	-6.8	-3.3	3.12589693728269	-999.9	0	6.26157407407408	2.9304878223138	330
NEW_GLASGOW	2024	1	9	9	-12	-5.5	4.2950805265652	-999.9	0	4.71064814814814	2.28844756179496	330
NEW_GLASGOW	2024	1	10	10	-11.2	4.8	6.79675961855869	-999.9	9.1	7.92824074074075	4.26149623112457	330
NEW_GLASGOW	2024	1	11	11	-1.6	4.9	4.3709384686955	-999.9	0.2	4.32870370370369	5.88592907750865	330
NEW_GLASGOW	2024	1	12	12	-8.7	-1.4	4.67519536094559	-999.9	0	4.29398148148147	2.81663145145283	330
NEW_GLASGOW	2024	1	13	13	-10.4	4.2	6.67535897040418	-999.9	0.2	5.99537037037036	3.85163199928639	330
NEW_GLASGOW	2024	1	14	14	-0.3	5.7	4.32183789123484	-999.9	0	6.74768518518519	6.00757599514227	330
NEW_GLASGOW	2024	1	15	15	-10.8	-0.2	5.80323812228416	-999.9	0	4.86111111111111	2.60154522774017	330
NEW_GLASGOW	2024	1	16	16	-6.9	2.4	5.49298765634606	-999.9	24.9	4.76851851851853	4.27324738478201	330
NEW_GLASGOW	2024	1	17	17	-7.8	6.4	6.8609012181722	-999.9	0.7	7.25694444444444	4.83846305061702	330
NEW_GLASGOW	2024	1	18	18	-9.9	-6.5	3.3943881160757	-999.9	0	8.1712962962963	2.08193243382366	330
NEW_GLASGOW	2024	1	19	19	-11.3	-6.5	4.07885182590847	-999.9	0	6.92129629629631	1.89936883147438	330
NEW_GLASGOW	2024	1	20	20	-8.6	0.3	5.61840219152449	-999.9	3.8	3.87731481481481	4.08894031791972	330
NEW_GLASGOW	2024	1	21	21	-7.7	-0.8	5.00545010766382	-999.9	4.4	5.43981481481481	3.87965524317644	330
NEW_GLASGOW	2024	1	22	22	-11.1	0.1	6.45392123154326	-999.9	0	5.46296296296297	2.79865773356503	330
NEW_GLASGOW	2024	1	23	23	-10.9	0.2	6.50373046615522	-999.9	0	6.66666666666667	2.54605783259038	330
NEW_GLASGOW	2024	1	24	24	-12.4	-3.4	5.92917288256069	-999.9	0	4.31712962962964	2.41083561657313	330
NEW_GLASGOW	2024	1	25	25	-8.7	1.4	6.36042148628418	-999.9	5.4	5.78703703703703	3.78788806513511	330
NEW_GLASGOW	2024	1	26	26	-14	-3.8	6.47371156972886	-999.9	2.6	1.68981481481481	2.64055405339178	330
NEW_GLASGOW	2024	1	27	27	-5.6	-1.3	4.25781176075788	-999.9	2.6	2.21064814814815	4.20066632895974	330
NEW_GLASGOW	2024	1	28	28	-2.6	-1.2	2.4613955611978	-999.9	0	2.85879629629631	4.59283892621558	330
NEW_GLASGOW	2024	1	29	29	-8	-1.4	5.41521955466234	-999.9	5	9.64120370370369	3.71924474906344	330
NEW_GLASGOW	2024	1	30	30	-7.8	-6	2.86591969619112	-999.9	0.6	7.62731481481481	2.6457333815595	330
NEW_GLASGOW	2024	1	31	31	-9.1	-4.9	4.43699074503989	-999.9	0	3.20601851851853	2.80875668202833	330
NEW_GLASGOW	2024	2	1	32	-4.8	-0.9	4.33391429877875	-999.9	0.2	2.2337962962963	4.09539183192791	330
NEW_GLASGOW	2024	2	2	33	-3.3	-0.4	3.78856583280089	-999.9	6.1	3.69212962962964	5.02898060719342	330
NEW_GLASGOW	2024	2	3	34	-5.2	-3.1	3.26853204066197	-999.9	24.1	11.412037037037	4.11893712905531	330
NEW_GLASGOW	2024	2	4	35	-4.8	-2.5	3.46824330448451	-999.9	26	11.7724867724868	4.43524502690087	330
NEW_GLASGOW	2024	2	5	36	-1	-0.6	1.46659226951056	-999.9	1.6	11.7283950617284	5.53837265714044	330
NEW_GLASGOW	2024	2	6	37	-3.4	-0.7	3.86386807428347	-999.9	0	9.28240740740742	4.77764856011935	330
NEW_GLASGOW	2024	2	7	38	-4.9	-1.6	4.33193349088058	-999.9	0.6	4.95370370370369	3.95504666352324	330
NEW_GLASGOW	2024	2	8	39	-8.9	-0.1	7.1741454514064	-999.9	0	2.44212962962963	3.79413816376311	330
NEW_GLASGOW	2024	2	9	40	-8.4	-1.3	6.53548791231474	-999.9	0	1.94444444444444	3.79147743164532	330
NEW_GLASGOW	2024	2	10	41	-4.9	3	6.99189342037257	-999.9	0	4.87268518518519	4.68113702389294	330
NEW_GLASGOW	2024	2	11	42	1.2	5.7	5.35215748394345	-999.9	0	3.22916666666667	7.03786481482832	330
NEW_GLASGOW	2024	2	12	43	-3.3	2.8	6.32025396752016	-999.9	0	2.91666666666667	4.23607639066743	330
NEW_GLASGOW	2024	2	13	44	-4.3	-1.4	4.41995620302388	-999.9	0	3.92361111111111	3.72759175822299	330
NEW_GLASGOW	2024	2	14	45	-7.2	-1.7	6.17374796587102	-999.9	4.6	7.88194444444444	3.32857724898252	330
NEW_GLASGOW	2024	2	15	46	-8.4	-1.4	7.0641733764508	-999.9	3.5	8.51851851851853	3.26508094019738	330
NEW_GLASGOW	2024	2	16	47	-10	-4.4	6.40832284031574	-999.9	0	4.18981481481481	2.6151196594106	330
NEW_GLASGOW	2024	2	17	48	-9.9	-4	6.6712135835414	-999.9	0	3.57638888888889	2.36487010822342	330
NEW_GLASGOW	2024	2	18	49	-11.5	-5.7	6.70824641667342	-999.9	2	4.78009259259258	2.09297545522549	330
NEW_GLASGOW	2024	2	19	50	-9.7	-1.4	8.13833006479948	-999.9	0.2	4.50231481481481	3.05063938535904	330
NEW_GLASGOW	2024	2	20	51	-12.4	-8	6.00905770639995	-999.9	0	4.44444444444444	1.58248973619067	330
NEW_GLASGOW	2024	2	21	52	-14.7	-6.1	8.5190889257479	-999.9	0	3.34490740740742	1.73184982842248	330
NEW_GLASGOW	2024	2	22	53	-14.2	-1.5	10.4975377252971	-999.9	0	2.16435185185185	2.88000175063074	330
NEW_GLASGOW	2024	2	23	54	-9.3	2.5	10.25991512925	-999.9	6.6	4.56018518518519	4.4790270571221	330
NEW_GLASGOW	2024	2	24	55	-12.2	2.8	11.7284047798208	-999.9	25.8	5.33564814814814	3.99186900008702	330
NEW_GLASGOW	2024	2	25	56	-14.2	-6.9	8.29500415463953	-999.9	0	4.05092592592592	1.83834621178265	330
NEW_GLASGOW	2024	2	26	57	-11.7	0.7	10.9596634195216	-999.9	0.5	4.96527777777778	3.43247639453635	330
NEW_GLASGOW	2024	2	27	58	-4.7	4.7	9.67272733507685	-999.9	0	4.75694444444444	4.86910713333333	330
NEW_GLASGOW	2024	2	28	59	3.2	8.3	7.22161608874115	-999.9	3.2	9.35185185185186	8.73282079450376	330
NEW_GLASGOW	2024	2	29	60	-12	9.7	15.0975818071206	-999.9	13.4	10.3819444444444	4.56381196381721	330
NEW_GLASGOW	2024	3	1	61	-14.2	-7.8	8.30917705607879	-999.9	0	7.1875	1.42749972962376	330
NEW_GLASGOW	2024	3	2	62	-9.2	6.8	13.3131015298336	-999.9	0.7	4.60648148148147	3.65245526262373	330
NEW_GLASGOW	2024	3	3	63	1.3	6.6	7.76368049673809	-999.9	16.5	3.81944444444444	7.7360019664767	330
NEW_GLASGOW	2024	3	4	64	-6.5	2	9.9611041067127	-999.9	0	6.28472222222222	4.08097285634641	330
NEW_GLASGOW	2024	3	5	65	-6.7	6.6	12.6225943438386	-999.9	3.3	5.34722222222222	4.60790059521817	330
NEW_GLASGOW	2024	3	6	66	0.2	7.2	9.27580986388538	-999.9	24.4	3.64583333333333	7.71432970847883	330
NEW_GLASGOW	2024	3	7	67	-2.1	0.6	5.83470277614688	-999.9	21.9	8.63425925925925	5.4087581332767	330
NEW_GLASGOW	2024	3	8	68	-3	-0.8	5.3337803279104	-999.9	0	10.0462962962963	4.8109097667045	330
NEW_GLASGOW	2024	3	9	69	-3.6	2.7	9.13971832080946	-999.9	0	4.13194444444444	5.11182566765158	330
NEW_GLASGOW	2024	3	10	70	-3.2	1.8	8.24398335214938	-999.9	9.2	8.33333333333333	5.07175910931076	330
NEW_GLASGOW	2024	3	11	71	-0.1	7	9.94536472746124	-999.9	0.5	6.89814814814814	6.99515134956558	330
NEW_GLASGOW	2024	3	12	72	-1.5	0.3	5.06892902274055	-999.9	3.7	5.82175925925925	5.71113596696138	330
NEW_GLASGOW	2024	3	13	73	-0.5	2.7	6.8405577384674	-999.9	2	6.55092592592592	6.28567925162204	330
NEW_GLASGOW	2024	3	14	74	-0.9	4.3	8.82474436658379	-999.9	0	3.31018518518519	6.05360289209387	330
NEW_GLASGOW	2024	3	15	75	-0.8	6	10.2114050540768	-999.9	0.9	2.7662037037037	6.48292304953588	330
NEW_GLASGOW	2024	3	16	76	-2.9	6.5	12.1470699723596	-999.9	0	2.85879629629631	5.60793627496274	330
NEW_GLASGOW	2024	3	17	77	0.3	5.4	9.05137593358218	-999.9	3.8	6.57407407407408	6.39263929576861	330
NEW_GLASGOW	2024	3	18	78	-0.2	8.3	11.8196783599979	-999.9	0	6.01851851851853	6.46070875381583	330
NEW_GLASGOW	2024	3	19	79	-2.3	3.1	9.52804934087371	-999.9	0.6	3.61111111111111	5.38360716221273	330
NEW_GLASGOW	2024	3	20	80	-2.5	5.7	11.8732255876552	-999.9	0	3.91203703703703	4.98281639629127	330
NEW_GLASGOW	2024	3	21	81	-3.9	3.6	11.4812826674104	-999.9	5.7	8.56481481481481	4.72069269932037	330
NEW_GLASGOW	2024	3	22	82	-6.4	0.6	11.2137194619788	-999.9	0	9.53703703703703	2.90520732375915	330
NEW_GLASGOW	2024	3	23	83	-7	3.6	13.9488058336759	-999.9	5.6	5.12731481481481	3.53870553355745	330
NEW_GLASGOW	2024	3	24	84	-2.2	9.9	15.0626860343643	-999.9	11.6	7.67361111111111	6.18801450244778	330
NEW_GLASGOW	2024	3	25	85	-3.9	2.6	11.156654429498	-999.9	0	4.98842592592592	3.30016716360518	330
NEW_GLASGOW	2024	3	26	86	-3.6	5.7	13.4842876215574	-999.9	10	4.80324074074075	4.57996188642417	330
NEW_GLASGOW	2024	3	27	87	1.8	9.5	12.396028590114	-999.9	0	6.16898148148147	8.63035174806992	330
NEW_GLASGOW	2024	3	28	88	5	14.2	13.6874657677298	-999.9	31.5	3.94675925925925	11.7776567382052	330
NEW_GLASGOW	2024	3	29	89	3.8	16.6	16.3067395566879	-999.9	19.2	4.38657407407408	12.1568819872402	330
NEW_GLASGOW	2024	3	30	90	-0.3	4.6	10.1890611547337	-999.9	0.5	8.26388888888889	6.12706930404816	330
NEW_GLASGOW	2024	3	31	91	-2.2	4.8	12.2970230086348	-999.9	0	4.375	4.14629238649885	330
NEW_GLASGOW	2024	4	1	92	-3.6	4.5	13.3551599397574	-999.9	0	3.90046296296297	3.78131196104743	330
NEW_GLASGOW	2024	4	2	93	-2.2	2.5	10.2695606019752	-999.9	0.3	3.96990740740742	5.33988348409649	330
NEW_GLASGOW	2024	4	3	94	-2	3.9	11.6135766892096	-999.9	0	6.5625	5.63026524259854	330
NEW_GLASGOW	2024	4	4	95	-2.1	4.2	12.1112233892577	-999.9	5.8	6.49305555555556	5.70972273869809	330
NEW_GLASGOW	2024	4	5	96	0.6	5.7	10.995659951917	-999.9	3.5	7.48842592592592	7.21833347534435	330
NEW_GLASGOW	2024	4	6	97	0.3	3.9	9.32066058770136	-999.9	2.9	4.67592592592592	6.6427642828221	330
NEW_GLASGOW	2024	4	7	98	-0.9	4.9	11.9346445034465	-999.9	0	7.68518518518519	6.1996997412123	330
NEW_GLASGOW	2024	4	8	99	-1.5	12.7	18.8356496786988	-999.9	0	3.40277777777778	5.81528689528384	330
NEW_GLASGOW	2024	4	9	100	-4	1.6	11.9292290418101	-999.9	0	5.10869565217392	4.89323399630333	330
NEW_GLASGOW	2024	4	10	101	-4.2	7.5	17.3873872628256	-999.9	0	2.97453703703703	4.38264660191705	330
NEW_GLASGOW	2024	4	11	102	-2.1	11.2	18.6909543968736	-999.9	0	5.43981481481481	5.5339615083664	330
NEW_GLASGOW	2024	4	12	103	3.1	13.2	16.4199555053471	-999.9	5.5	8.54166666666667	9.75912781844237	330
NEW_GLASGOW	2024	4	13	104	5.5	15.9	16.7948108299891	-999.9	6.1	8.21759259259258	11.8696076182142	330
NEW_GLASGOW	2024	4	14	105	5	10.4	12.1967516014305	-999.9	0	6.89814814814814	8.13084370490386	330
NEW_GLASGOW	2024	4	15	106	2.4	11.6	16.0424960121087	-999.9	0	3.99305555555556	7.74642994116626	330
NEW_GLASGOW	2024	4	16	107	0.8	15.1	20.1520317318051	-999.9	0	2.65046296296296	7.68388023063789	330
NEW_GLASGOW	2024	4	17	108	1.9	6.2	11.1326898030892	-999.9	0	3.83101851851853	7.11192077674686	330
NEW_GLASGOW	2024	4	18	109	-1.2	6.5	15.0061326844577	-999.9	0	5.45138888888889	5.90822590116576	330
NEW_GLASGOW	2024	4	19	110	-0.5	7.7	15.5966232861685	-999.9	0	4.01620370370369	5.48948953280632	330
NEW_GLASGOW	2024	4	20	111	2.4	8	12.9795857276375	-999.9	7.3	5.97222222222222	7.03649232071672	330
NEW_GLASGOW	2024	4	21	112	3.6	13.3	17.2004181458689	-999.9	0	3.90046296296297	7.6428637767017	330
NEW_GLASGOW	2024	4	22	113	-4.8	9	20.6548668521229	-999.9	0.2	4.61805555555556	4.52767005752586	330
NEW_GLASGOW	2024	4	23	114	-3.4	12.1	22.0354573601444	-999.9	0	5.49768518518519	4.14439038382485	330
NEW_GLASGOW	2024	4	24	115	-0.4	11.2	19.1867966637199	-999.9	1.8	3.46064814814814	6.76723971950389	330
NEW_GLASGOW	2024	4	25	116	-4.3	5.2	17.4741753476117	-999.9	0	6.80555555555556	3.76009842970915	330
NEW_GLASGOW	2024	4	26	117	-5.5	6.2	19.5134308584642	-999.9	0	2.03703703703704	3.67506875229779	330
NEW_GLASGOW	2024	4	27	118	-6.4	7.4	21.3221371005766	-999.9	0	2.30324074074074	3.97488543450918	330
NEW_GLASGOW	2024	4	28	119	-7.1	13.4	26.1434884052832	-999.9	0	1.95601851851852	4.4937664282781	330
NEW_GLASGOW	2024	4	29	120	2.2	9	15.1454323960357	-999.9	1	5.05787037037036	6.58025591750376	330
NEW_GLASGOW	2024	4	30	121	1.3	3.2	8.0517466002489	-999.9	0	7.84722222222222	5.89631755588304	330
NEW_GLASGOW	2024	5	1	122	2.4	6.6	12.0384271921871	-999.9	0	3.98148148148147	7.48343026229784	330
NEW_GLASGOW	2024	5	2	123	2.7	5.5	9.88329877038848	-999.9	0.7	4.57175925925925	7.92764952126048	330
NEW_GLASGOW	2024	5	3	124	2.4	5	9.57488678972776	-999.9	0.7	6.05324074074075	7.81096710007533	330
NEW_GLASGOW	2024	5	4	125	1.1	10.6	18.3983708482086	-999.9	0	4.46759259259258	7.94640612759403	330
NEW_GLASGOW	2024	5	5	126	1.1	14.2	21.7155381406527	-999.9	0	2.91666666666667	8.06048486267646	330
NEW_GLASGOW	2024	5	6	127	5.3	13.2	16.9477843271089	-999.9	2.3	5.65972222222222	10.0180637020369	330
NEW_GLASGOW	2024	5	7	128	5.4	15.2	18.9681146830393	-999.9	1.4	4.18981481481481	9.02550624750113	330
NEW_GLASGOW	2024	5	8	129	3.6	8.6	13.6130501638494	-999.9	0.4	3.96990740740742	7.7103818195514	330
NEW_GLASGOW	2024	5	9	130	2.9	7.2	12.6827025122612	-999.9	8.8	5.92592592592592	8.27418175284335	330
NEW_GLASGOW	2024	5	10	131	-0.2	9.7	19.3308246684797	-999.9	0	4.57175925925925	7.43689300425657	330
NEW_GLASGOW	2024	5	11	132	0	9.9	19.4157381398473	-999.9	0	3.17129629629631	7.43920880908233	330
NEW_GLASGOW	2024	5	12	133	0.6	8.9	17.8536673627474	-999.9	0	5.23148148148147	7.39729676851271	330
NEW_GLASGOW	2024	5	13	134	-1.5	15	25.2773328215931	-999.9	0	2.25694444444444	7.45885245097577	330
NEW_GLASGOW	2024	5	14	135	-0.3	18.1	26.8008210401087	-999.9	0.4	2.39583333333333	7.31350451965859	330
NEW_GLASGOW	2024	5	15	136	5.4	21.9	25.4788798729233	-999.9	0	2.47685185185185	10.4078876748815	330
NEW_GLASGOW	2024	5	16	137	5.8	19.8	23.5586842301995	-999.9	0	3.26388888888889	11.4590089436343	330
NEW_GLASGOW	2024	5	17	138	5.2	16.2	20.9595382333546	-999.9	0	3.88888888888889	10.8898939735362	330
NEW_GLASGOW	2024	5	18	139	5.6	18.7	22.9545763982913	-999.9	0	3.61111111111111	11.6821779868271	330
NEW_GLASGOW	2024	5	19	140	7.5	16.1	18.6629910243111	-999.9	0	4.90740740740742	11.3028754844756	330
NEW_GLASGOW	2024	5	20	141	6.2	19.6	23.374004747198	-999.9	0	3.29861111111111	10.2644608657591	330
NEW_GLASGOW	2024	5	21	142	10.5	22.8	22.4663493165057	-999.9	0.2	6.06481481481481	13.9578327258039	330
NEW_GLASGOW	2024	5	22	143	9.5	22	22.7187736920271	-999.9	0	3.57638888888889	14.0430760323259	330
NEW_GLASGOW	2024	5	23	144	10.3	26.9	26.259396338252	-999.9	3.5	3.69212962962964	17.4201797969859	330
NEW_GLASGOW	2024	5	24	145	12	25.5	23.7492258803281	-999.9	0.3	4.89583333333333	15.5332770411095	330
NEW_GLASGOW	2024	5	25	146	4.8	14.4	20.0826632222975	-999.9	0	3.68055555555556	10.1322855845451	330
NEW_GLASGOW	2024	5	26	147	0.9	14	23.5220869690936	-999.9	0	3.36805555555556	8.74497518387076	330
NEW_GLASGOW	2024	5	27	148	0.9	16.2	25.4854315206125	-999.9	0.2	4.21296296296297	9.12533687460369	330
NEW_GLASGOW	2024	5	28	149	9.9	18	18.5885951074062	-999.9	8.3	8.81944444444444	14.9260330282498	330
NEW_GLASGOW	2024	5	29	150	9	22.4	23.9643743599446	-999.9	0	5.54398148148147	14.3638752220769	330
NEW_GLASGOW	2024	5	30	151	7.9	18	20.8514382216029	-999.9	0.2	2.68518518518519	9.99976924424507	330
NEW_GLASGOW	2024	5	31	152	5.8	15.2	20.1582587926445	-999.9	0	3.06763285024156	10.1020583942716	330
NEW_GLASGOW	2024	6	1	153	4.5	11.7	17.6775206767701	-999.9	1.4	5.18518518518519	9.53033205769248	330
NEW_GLASGOW	2024	6	2	154	7.3	9.9	10.6429046676633	-999.9	8.3	5.79861111111111	10.686741852123	330
NEW_GLASGOW	2024	6	3	155	7.7	14.6	17.368764514723	-999.9	0	3.93518518518519	12.7159526023925	330
NEW_GLASGOW	2024	6	4	156	8.8	15.4	17.0153087262245	-999.9	0	4.76851851851853	12.9875388614154	330
NEW_GLASGOW	2024	6	5	157	8.7	16.3	18.2873530358386	-999.9	0	5.41666666666667	12.6849359621209	330
NEW_GLASGOW	2024	6	6	158	5.5	17.5	23.0124927020536	-999.9	0	2.69675925925926	12.040287114312	330
NEW_GLASGOW	2024	6	7	159	5.1	20.7	26.2734570011077	-999.9	0	3.00925925925925	13.2709706281373	330
NEW_GLASGOW	2024	6	8	160	10.9	19.4	19.4177650439677	-999.9	6.1	3.47222222222222	16.0204658170611	330
NEW_GLASGOW	2024	6	9	161	13	21.2	19.0934593757453	-999.9	5.9	4.20138888888889	16.7393203625378	330
NEW_GLASGOW	2024	6	10	162	12.9	20.6	18.5209861650237	-999.9	0	5.39351851851853	14.9191780839875	330
NEW_GLASGOW	2024	6	11	163	10.9	20.4	20.5908748569429	-999.9	0	3.125	14.8339656838903	330
NEW_GLASGOW	2024	6	12	164	10.4	23.1	23.8266165168818	-999.9	0	2.11805555555556	15.5754938580685	330
NEW_GLASGOW	2024	6	13	165	13.4	24.8	22.5898726807212	-999.9	0	4.93055555555556	16.1137020935576	330
NEW_GLASGOW	2024	6	14	166	14.7	27.8	24.2298779584659	-999.9	0	5.59027777777778	18.3875645318463	330
NEW_GLASGOW	2024	6	15	167	10.5	17.5	17.720348011309	-999.9	12.7	2.92824074074075	14.6184176522195	330
NEW_GLASGOW	2024	6	16	168	9.9	19.1	20.3225526830482	-999.9	0	4.51388888888889	10.5475718148927	330
NEW_GLASGOW	2024	6	17	169	12.2	23.8	22.825902842005	-999.9	0	5.28935185185186	11.8117849452088	330
NEW_GLASGOW	2024	6	18	170	15	25.9	22.129947560074	-999.9	0	5.79861111111111	15.8905310615654	330
NEW_GLASGOW	2024	6	19	171	17.8	31.6	24.9016665775333	-999.9	0	5.97222222222222	22.822755068553	330
NEW_GLASGOW	2024	6	20	172	18.9	32	24.2605054514639	-999.9	1.2	4.64120370370369	24.3051201653733	330
NEW_GLASGOW	2024	6	21	173	15	24.3	20.4378217617767	-999.9	0	3.18287037037036	12.3000810527591	330
NEW_GLASGOW	2024	6	22	174	13.5	25.1	22.8194244416726	-999.9	0	3.31018518518519	13.9929739559413	330
NEW_GLASGOW	2024	6	23	175	14.9	19.8	14.8255195173518	-999.9	20.4	5.34722222222222	17.6087533556805	330
NEW_GLASGOW	2024	6	24	176	14.3	19.8	15.6993997627343	-999.9	3.5	4.15509259259258	18.7950263719723	330
NEW_GLASGOW	2024	6	25	177	13.4	17.2	13.0417825821546	-999.9	17.1	4.47916666666667	17.0837465081866	330
NEW_GLASGOW	2024	6	26	178	13.3	27.1	24.8360073047097	-999.9	0	5.16203703703703	18.9760919250334	330
NEW_GLASGOW	2024	6	27	179	13.7	21.6	18.7761467637239	-999.9	3.1	5	18.3689740710252	330
NEW_GLASGOW	2024	6	28	180	9.6	18.3	19.6859707751374	-999.9	1.1	3.85416666666667	13.2341484600835	330
NEW_GLASGOW	2024	6	29	181	10.5	22.8	23.3833979583944	-999.9	0	5.64814814814814	13.9101136395618	330
NEW_GLASGOW	2024	6	30	182	12.9	22	20.090334143068	-999.9	3.1	7.22222222222222	17.8207254805544	330
NEW_GLASGOW	2024	7	1	183	12.2	20.4	19.0475138617876	-999.9	0	3.21759259259258	16.6075780993213	330
NEW_GLASGOW	2024	7	2	184	10.1	24.7	25.3820198142925	-999.9	0	2.17592592592593	13.3769991261992	330
NEW_GLASGOW	2024	7	3	185	9.7	26.3	27.0256158709049	-999.9	0	2.28009259259259	12.7788316658692	330
NEW_GLASGOW	2024	7	4	186	14.2	23.6	20.3053585520508	-999.9	0	4.65277777777778	14.2603258311784	330
NEW_GLASGOW	2024	7	5	187	15.9	25.4	20.3791956275452	-999.9	0	5.53240740740742	18.8046694549082	330
NEW_GLASGOW	2024	7	6	188	16.2	20.1	13.0343475383426	-999.9	6.5	5.89120370370369	19.3582299874329	330
NEW_GLASGOW	2024	7	7	189	17	24	17.4297420613426	-999.9	0.4	2.59259259259259	22.7007586593792	330
NEW_GLASGOW	2024	7	8	190	17.7	29.2	22.296101013051	-999.9	0	3.06712962962964	24.726042804989	330
NEW_GLASGOW	2024	7	9	191	19.1	28.1	19.6830482327768	-999.9	1.4	4.42129629629631	23.9492170674684	330
NEW_GLASGOW	2024	7	10	192	19.7	28.3	19.1983708326045	-999.9	1.5	4.52546296296297	24.4200352401141	330
NEW_GLASGOW	2024	7	11	193	20	22.4	10.1185359085195	-999.9	19.5	3.14814814814814	24.7741278992404	330
NEW_GLASGOW	2024	7	12	194	18.2	23.4	14.8581039522265	-999.9	0	3.61111111111111	23.5970514161132	330
NEW_GLASGOW	2024	7	13	195	19.4	27.7	18.7241919411064	-999.9	0	5.07246376811595	23.0150345310502	330
NEW_GLASGOW	2024	7	14	196	19	29.3	20.803552813721	-999.9	0.2	3.17129629629631	23.8935875930011	330
NEW_GLASGOW	2024	7	15	197	20.2	30.2	20.4421316105547	-999.9	0	3.92512077294686	22.3691789448698	330
NEW_GLASGOW	2024	7	16	198	20.1	28.5	18.6820876144316	-999.9	26.6	4.95370370370369	25.5626060974297	330
NEW_GLASGOW	2024	7	17	199	20.1	26.5	16.2587628841874	-999.9	0.8	4.28240740740742	24.7765967270939	330
NEW_GLASGOW	2024	7	18	200	19.3	24.2	14.1827134736026	-999.9	3.9	5	24.3241458352447	330
NEW_GLASGOW	2024	7	19	201	17.9	26.4	18.6202889511221	-999.9	0	4.375	19.7628993706218	330
NEW_GLASGOW	2024	7	20	202	16.7	26.8	20.2304265048129	-999.9	0	4.08564814814814	17.330680725381	330
NEW_GLASGOW	2024	7	21	203	15.2	24.8	19.656172024268	-999.9	0	3.07870370370369	18.3318424508743	330
NEW_GLASGOW	2024	7	22	204	14.7	24.6	19.8907571166266	-999.9	0	4.76851851851853	14.441312961241	330
NEW_GLASGOW	2024	7	23	205	14.8	22.9	17.9265971461599	-999.9	0	2.48842592592593	17.0831577862291	330
NEW_GLASGOW	2024	7	24	206	14.2	24.3	19.9429194782281	-999.9	0	2.30324074074074	17.1680865202412	330
NEW_GLASGOW	2024	7	25	207	14.5	25	20.2556545638613	-999.9	2.2	4.18981481481481	17.5456446470969	330
NEW_GLASGOW	2024	7	26	208	14.1	22.8	18.3647718830035	-999.9	1.8	4.34027777777778	18.5231369782664	330
NEW_GLASGOW	2024	7	27	209	13.5	24.5	20.565867575966	-999.9	0	2.40740740740741	15.9399518450916	330
NEW_GLASGOW	2024	7	28	210	16.8	28.3	20.9399043908712	-999.9	0	5.21990740740742	17.9892513042896	330
NEW_GLASGOW	2024	7	29	211	16	29	22.1678016899924	-999.9	0	5.60185185185186	20.4916943785167	330
NEW_GLASGOW	2024	7	30	212	17.1	25.4	17.6345775203933	-999.9	0	4.82638888888889	20.3799922736256	330
NEW_GLASGOW	2024	7	31	213	19.5	28.8	18.5819898314286	-999.9	0	5.59027777777778	23.0975558540487	330
NEW_GLASGOW	2024	8	1	214	20.3	26.6	15.2228229680691	-999.9	5.4	6.12268518518519	26.0828859182466	330
NEW_GLASGOW	2024	8	2	215	20.1	29.5	18.5059868735481	-999.9	0	2.52314814814815	25.998003651311	330
NEW_GLASGOW	2024	8	3	216	21.2	28	15.6630081281394	-999.9	0	4.65277777777778	24.757444512471	330
NEW_GLASGOW	2024	8	4	217	20.7	27.3	15.3537278532046	-999.9	0	4.08564814814814	26.6173390245006	330
NEW_GLASGOW	2024	8	5	218	18	26.7	17.5376409094532	-999.9	5.1	3.41435185185186	23.1104158785736	330
NEW_GLASGOW	2024	8	6	219	14.7	21.7	15.6487094275148	-999.9	10.8	3.25231481481481	16.3242165250845	330
NEW_GLASGOW	2024	8	7	220	13.8	24	18.7886506559207	-999.9	0	3.78472222222222	15.3931127645968	330
NEW_GLASGOW	2024	8	8	221	13.7	23.6	18.4088600805905	-999.9	0	3.04398148148147	12.1434633989686	330
NEW_GLASGOW	2024	8	9	222	14.9	21.8	15.2825275138848	-999.9	4.1	4.07407407407408	17.0527505109131	330
NEW_GLASGOW	2024	8	10	223	19.7	24.2	12.2711577257795	-999.9	16.4	6.72453703703703	25.6183887511477	330
NEW_GLASGOW	2024	8	11	224	16.8	27.8	19.0735404095904	-999.9	0	4.49074074074075	19.9962064535111	330
NEW_GLASGOW	2024	8	12	225	15.5	26.3	18.7866497246247	-999.9	0	4.24768518518519	18.0655272843079	330
NEW_GLASGOW	2024	8	13	226	15.6	23.8	16.2702199825662	-999.9	0	2.77777777777778	19.0340021084797	330
NEW_GLASGOW	2024	8	14	227	9.7	21.6	19.4784913829461	-999.9	0	3.51851851851853	14.6996541233722	330
NEW_GLASGOW	2024	8	15	228	8.2	23.9	22.2317194220842	-999.9	0	1.42361111111111	13.7484327185122	330
NEW_GLASGOW	2024	8	16	229	12.7	24.9	19.4710932408045	-999.9	0	2.53472222222222	16.7225577496924	330
NEW_GLASGOW	2024	8	17	230	16.1	26	17.4245180139865	-999.9	0	3.64583333333333	17.5456455023043	330
NEW_GLASGOW	2024	8	18	231	16	24.1	15.655385301499	-999.9	0	4.69907407407408	18.8197055783958	330
NEW_GLASGOW	2024	8	19	232	18.1	26.9	16.2063697818104	-999.9	6.6	2.33796296296296	24.9275703458194	330
NEW_GLASGOW	2024	8	20	233	20.3	27.4	14.4557819111526	-999.9	35.6	5.16203703703703	26.2965765068682	330
NEW_GLASGOW	2024	8	21	234	18.3	21.4	9.48431316690393	-999.9	0	4.21296296296297	22.4378815416531	330
NEW_GLASGOW	2024	8	22	235	14.9	22.9	15.1261030792034	-999.9	0	3.21759259259258	16.7725549173886	330
NEW_GLASGOW	2024	8	23	236	15.2	21.4	13.2184067586297	-999.9	0	3.34490740740742	16.611778795675	330
NEW_GLASGOW	2024	8	24	237	15.3	26.7	17.7902016444664	-999.9	0	4.15509259259258	17.6775039172829	330
NEW_GLASGOW	2024	8	25	238	17	28.2	17.4995308660342	-999.9	0	2.87037037037036	20.3755805589403	330
NEW_GLASGOW	2024	8	26	239	15.7	25	15.8230936602542	-999.9	0	2.32638888888889	19.0816758967016	330
NEW_GLASGOW	2024	8	27	240	17	25.4	14.9198856561249	-999.9	0	4.23611111111111	19.4864526418345	330
NEW_GLASGOW	2024	8	28	241	14.7	20.8	12.6127539083018	-999.9	4.9	5.39351851851853	17.4448798136204	330
NEW_GLASGOW	2024	8	29	242	7.7	17.8	16.0978512317615	-999.9	0	4.74537037037036	10.1541784594967	330
NEW_GLASGOW	2024	8	30	243	6.5	22	19.7778102809032	-999.9	0	3.24074074074075	10.9847538335597	330
NEW_GLASGOW	2024	8	31	244	13.4	23.8	16.0648599488311	-999.9	0	6.19212962962964	15.653954670889	330
NEW_GLASGOW	2024	9	1	245	16.4	24.4	13.9699819528789	-999.9	0	7.25694444444444	20.1245000129691	330
NEW_GLASGOW	2024	9	2	246	9.2	20.3	16.3134371220312	-999.9	0	3.78472222222222	13.9300028833485	330
NEW_GLASGOW	2024	9	3	247	12	18.2	12.0852440854696	-999.9	0	4.375	10.410812029607	330
NEW_GLASGOW	2024	9	4	248	12.1	22.8	15.7350983016384	-999.9	0	3.21759259259258	12.80916934776	330
NEW_GLASGOW	2024	9	5	249	14.6	25.6	15.8100863590938	-999.9	0	5.012077294686	15.9003787189962	330
NEW_GLASGOW	2024	9	6	250	14.6	20.9	11.855252410632	-999.9	0	3.69212962962964	14.6738211921998	330
NEW_GLASGOW	2024	9	7	251	16.3	19.5	8.37067417904993	-999.9	14	6.33101851851853	19.5027741209095	330
NEW_GLASGOW	2024	9	8	252	12.4	21.4	13.9057339383402	-999.9	2.3	5.9375	17.5191980741131	330
NEW_GLASGOW	2024	9	9	253	9.7	18.6	13.6961088756308	-999.9	0	4.13194444444444	11.9910001417184	330
NEW_GLASGOW	2024	9	10	254	12.2	20.9	13.4101530349625	-999.9	0	4.0625	12.8815522455626	330
NEW_GLASGOW	2024	9	11	255	9.8	20.3	14.5875756771006	-999.9	0	3.18287037037036	13.3473790089926	330
NEW_GLASGOW	2024	9	12	256	11.3	20.9	13.8095972077892	-999.9	0	2.7662037037037	14.1235291568235	330
NEW_GLASGOW	2024	9	13	257	12.9	24.3	14.8969524638624	-999.9	0.4	3.59953703703703	17.2050051623345	330
NEW_GLASGOW	2024	9	14	258	7.8	16.6	12.9547430320451	-999.9	0	4.13194444444444	10.8201343185879	330
NEW_GLASGOW	2024	9	15	259	8.6	20.5	14.9089290287166	-999.9	0	2.51157407407407	12.2218893733829	330
NEW_GLASGOW	2024	9	16	260	14.1	25.8	14.6283269579895	-999.9	0	5.41666666666667	17.8329502603756	330
NEW_GLASGOW	2024	9	17	261	17.1	27.1	13.3805512205954	-999.9	0	5.05787037037036	19.6985329833005	330
NEW_GLASGOW	2024	9	18	262	16.6	28.1	14.1951179937865	-999.9	0	2.95138888888889	19.5741482208419	330
NEW_GLASGOW	2024	9	19	263	12.6	21.2	12.1422598751012	-999.9	0	4.69907407407408	16.8909233845587	330
NEW_GLASGOW	2024	9	20	264	9.1	18.8	12.7538371689892	-999.9	0	5.56818181818181	12.6274263390367	330
NEW_GLASGOW	2024	9	21	265	5.7	19.7	15.1519529707959	-999.9	0	3.57638888888889	11.9678047614713	330
NEW_GLASGOW	2024	9	22	266	4.8	18.6	14.8743866803731	-999.9	0	2.84722222222222	11.9820103664066	330
NEW_GLASGOW	2024	9	23	267	4.5	17.9	14.4908101995876	-999.9	0	2.63888888888889	10.6123945788895	330
NEW_GLASGOW	2024	9	24	268	6.2	16.9	12.8002733927993	-999.9	0	3.53009259259258	11.5259129448695	330
NEW_GLASGOW	2024	9	25	269	10.1	16.6	9.86093367753528	-999.9	0	2.7662037037037	12.8081796394746	330
NEW_GLASGOW	2024	9	26	270	9.2	17	10.6755484917903	-999.9	5.8	2.97101449275361	12.6154274719227	330
NEW_GLASGOW	2024	9	27	271	12.6	14.5	5.20654270648386	-999.9	17.5	4.38657407407408	15.3770035069428	330
NEW_GLASGOW	2024	9	28	272	9.6	17.6	10.5559247614965	-999.9	1.5	4.95370370370369	13.4809407863833	330
NEW_GLASGOW	2024	9	29	273	8.9	18.7	11.5423085215469	-999.9	0	2.31481481481481	12.9445512065782	330
NEW_GLASGOW	2024	9	30	274	12.4	17.4	8.14410765803093	-999.9	0	4.16666666666667	14.813941585406	330
NEW_GLASGOW	2024	10	1	275	11.6	16.5	7.96318494632192	-999.9	0.3	5.40509259259258	12.1625723013187	330
NEW_GLASGOW	2024	10	2	276	3.8	16.5	12.6611517920823	-999.9	0	2.28009259259259	10.0587134900849	330
NEW_GLASGOW	2024	10	3	277	3.5	17.6	13.173975047774	-999.9	0	2.25694444444444	10.502081250289	330
NEW_GLASGOW	2024	10	4	278	11.5	20.1	10.1589032412788	-999.9	0	3.11342592592592	15.6801832917093	330
NEW_GLASGOW	2024	10	5	279	11.8	16.4	7.33537547980821	-999.9	0.4	1.88657407407407	14.9760505647117	330
NEW_GLASGOW	2024	10	6	280	10.8	16.8	8.27030641868397	-999.9	0	3.29861111111111	14.7268198581724	330
NEW_GLASGOW	2024	10	7	281	11	16.7	7.95690018734707	-999.9	0	3.57638888888889	13.2614634618192	330
NEW_GLASGOW	2024	10	8	282	11	17.2	8.19072088296567	-999.9	28.2	5.91435185185186	13.650081143926	330
NEW_GLASGOW	2024	10	9	283	4.6	13.9	9.90029756197921	-999.9	0	2.98611111111111	9.34659857132311	330
NEW_GLASGOW	2024	10	10	284	6.4	13.3	8.41538475000867	-999.9	0	3.125	9.70560493675299	330
NEW_GLASGOW	2024	10	11	285	7.3	12.7	7.34602977892923	-999.9	0	5.17361111111111	8.55335293928024	330
NEW_GLASGOW	2024	10	12	286	8	12.3	6.46787695584907	-999.9	9.3	5.56712962962964	10.4127468841458	330
NEW_GLASGOW	2024	10	13	287	4.6	12.6	8.70384771006448	-999.9	0	5.48611111111111	7.54990730147796	330
NEW_GLASGOW	2024	10	14	288	6.8	15.9	9.15787258460159	-999.9	35	4.21497584541064	11.692001422905	330
NEW_GLASGOW	2024	10	15	289	6.8	16.2	9.1815531871123	-999.9	0	6.27314814814814	10.2350955526188	330
NEW_GLASGOW	2024	10	16	290	3.9	8.4	6.26627555027133	-999.9	2.4	4.90740740740742	7.49406035025968	330
NEW_GLASGOW	2024	10	17	291	2.1	11.1	8.74078053666302	-999.9	0	3.59953703703703	7.21422274870602	330
NEW_GLASGOW	2024	10	18	292	1.5	11.8	9.22253194626988	-999.9	0	2.70833333333333	7.67876557649618	330
NEW_GLASGOW	2024	10	19	293	5.3	17.3	9.81756688594866	-999.9	0	3.99305555555556	9.99396115308867	330
NEW_GLASGOW	2024	10	20	294	9	18.6	8.65988194428363	-999.9	0	4.57175925925925	10.3767641492815	330
NEW_GLASGOW	2024	10	21	295	10.9	19.4	8.03586747918252	-999.9	0	4.44444444444444	11.5691320582385	330
NEW_GLASGOW	2024	10	22	296	5.1	12.3	7.29327945917428	-999.9	0	2.96296296296297	8.20835293510412	330
NEW_GLASGOW	2024	10	23	297	10	18.8	7.95097185090896	-999.9	0	7.38425925925925	13.7188598423993	330
NEW_GLASGOW	2024	10	24	298	9.2	16	6.89203212692401	-999.9	0	6.13425925925925	12.6952287949665	330
NEW_GLASGOW	2024	10	25	299	6.1	9.6	4.8756813539023	-999.9	0	8.42592592592592	8.49655208320923	330
NEW_GLASGOW	2024	10	26	300	2.9	12.4	7.92079852991371	-999.9	0	4.07407407407408	7.32611444692798	330
NEW_GLASGOW	2024	10	27	301	0.2	6.5	6.36038999347916	-999.9	0	4.82638888888889	4.49576965999958	330
NEW_GLASGOW	2024	10	28	302	0.2	5.5	5.75256150141866	-999.9	0.3	5.40509259259258	4.91886826600521	330
NEW_GLASGOW	2024	10	29	303	-5.2	6.9	8.57102319519037	-999.9	0	3.36805555555556	4.65910390383039	330
NEW_GLASGOW	2024	10	30	304	-4.5	9.9	9.22036251778953	-999.9	0.6	5.33564814814814	5.49219738263911	330
NEW_GLASGOW	2024	10	31	305	9.9	17.5	6.60562419957665	-999.9	0	6.22685185185186	13.4968070793359	330
NEW_GLASGOW	2024	11	1	306	5.3	15.2	7.43501876802767	-999.9	8.9	4.61805555555556	11.5989810253891	330
NEW_GLASGOW	2024	11	2	307	2.7	6	4.23350014074377	-999.9	0	4.03935185185186	5.87705359327865	330
NEW_GLASGOW	2024	11	3	308	0.6	3.8	4.11168854779762	-999.9	0	4.65277777777778	4.74286098205782	330
NEW_GLASGOW	2024	11	4	309	-0.9	6.8	6.29102654206776	-999.9	0	3.17129629629631	4.9380095885317	330
NEW_GLASGOW	2024	11	5	310	2.7	11.5	6.6340797971085	-999.9	3.2	4.93055555555556	9.21787336680129	330
NEW_GLASGOW	2024	11	6	311	7	18.8	7.57844089274106	-999.9	0.4	5.65972222222222	13.3145432333892	330
NEW_GLASGOW	2024	11	7	312	3.7	8.5	4.76869381900563	-999.9	0	4.35185185185186	6.544171794724	330
NEW_GLASGOW	2024	11	8	313	-0.6	9.2	6.72320713292443	-999.9	1	5.21990740740742	6.30176958747975	330
NEW_GLASGOW	2024	11	9	314	0.6	4.5	4.18532693078844	-999.9	2.9	7.84722222222222	5.29608264341543	330
NEW_GLASGOW	2024	11	10	315	-0.8	6.9	5.80402775463307	-999.9	0	4.98842592592592	4.64732399554185	330
NEW_GLASGOW	2024	11	11	316	3.3	11.8	6.01919626098951	-999.9	7.9	4.59490740740742	8.88789638356475	330
NEW_GLASGOW	2024	11	12	317	1.6	9.8	5.83637709418903	-999.9	10.3	4.46759259259258	9.03274381447638	330
NEW_GLASGOW	2024	11	13	318	0	2.3	3.05193164461551	-999.9	0	10.3703703703704	4.50147431129541	330
NEW_GLASGOW	2024	11	14	319	0.4	2.7	3.01384601600943	-999.9	2.3	10.3935185185185	5.58557644422974	330
NEW_GLASGOW	2024	11	15	320	2.7	8.8	4.8478019472545	-999.9	10.4	6.77083333333333	9.22676735292023	330
NEW_GLASGOW	2024	11	16	321	5.7	7.3	2.45269824241762	-999.9	2.8	4.88425925925925	9.70011166398863	330
NEW_GLASGOW	2024	11	17	322	4.7	5.8	2.009420721637	-999.9	1.9	5.48611111111111	8.93810330647019	330
NEW_GLASGOW	2024	11	18	323	4	4.8	1.69356184095621	-999.9	8.5	6.14583333333333	8.3762890105514	330
NEW_GLASGOW	2024	11	19	324	4.6	6.6	2.64696775971453	-999.9	20.8	8.03240740740742	9.1339584742678	330
NEW_GLASGOW	2024	11	20	325	5	6.5	2.26651123100416	-999.9	5	7.52314814814814	9.08398592587796	330
NEW_GLASGOW	2024	11	21	326	5	6.5	2.24151904221272	-999.9	1.3	7.78935185185186	9.12257550075425	330
NEW_GLASGOW	2024	11	22	327	5.3	8.2	3.08312609008604	-999.9	3.5	6.67824074074075	9.17885390308548	330
NEW_GLASGOW	2024	11	23	328	5.7	9.3	3.39902925110913	-999.9	38	9.65277777777778	9.85544822309245	330
NEW_GLASGOW	2024	11	24	329	2.8	7.3	3.76133560956213	-999.9	5.1	5.57870370370369	8.49105279834213	330
NEW_GLASGOW	2024	11	25	330	2.5	5.8	3.18897188282434	-999.9	8	7.29166666666667	8.12847198004747	330
NEW_GLASGOW	2024	11	26	331	2.1	5.4	3.15819654691771	-999.9	0.6	4.00462962962964	7.91987519143112	330
NEW_GLASGOW	2024	11	27	332	1	6.3	3.96500701026079	-999.9	0.6	2.43055555555556	7.55104583991924	330
NEW_GLASGOW	2024	11	28	333	-0.5	5.3	4.11039892418896	-999.9	7.9	2.93981481481481	5.87161700949351	330
NEW_GLASGOW	2024	11	29	334	0.2	4.9	3.6679856146	-999.9	4.1	6.71296296296297	6.93608029550915	330
NEW_GLASGOW	2024	11	30	335	-1.7	4.2	4.07532967727999	-999.9	0	3.06712962962964	5.59300009588023	330
NEW_GLASGOW	2024	12	1	336	-2.3	2.9	3.79533611485288	-999.9	0	3.63425925925925	4.35943867784799	330
NEW_GLASGOW	2024	12	2	337	-7.5	1.6	4.98240717446818	-999.9	0	2.36111111111111	3.93786033289112	330
NEW_GLASGOW	2024	12	3	338	-4.6	-0.4	3.36027975779921	-999.9	0.4	3.05555555555556	4.20825938388251	330
NEW_GLASGOW	2024	12	4	339	-11.3	-1.6	5.07148688219513	-999.9	0	2.78935185185186	3.03055753798887	330
NEW_GLASGOW	2024	12	5	340	-5.9	5.5	5.46224014338752	-999.9	7.4	5.41666666666667	5.52721788019731	330
NEW_GLASGOW	2024	12	6	341	-6.5	0.8	4.34432912963542	-999.9	0.9	7.59259259259258	3.91975696527107	330
NEW_GLASGOW	2024	12	7	342	-9.4	-6.4	2.76912389231021	-999.9	0.2	5.53240740740742	2.35854902934382	330
NEW_GLASGOW	2024	12	8	343	-12.8	2	6.11806341157191	-999.9	2.1	5.16203703703703	3.50147159895584	330
NEW_GLASGOW	2024	12	9	344	-6.8	-1.8	3.53877947301045	-999.9	0	5.19675925925925	3.55960694493838	330
NEW_GLASGOW	2024	12	10	345	-5.9	1	4.13871351023424	-999.9	4.1	2.36111111111111	4.24870294902857	330
NEW_GLASGOW	2024	12	11	346	1	13.2	5.48128879819107	-999.9	4.2	4.88425925925925	10.1295311723091	330
NEW_GLASGOW	2024	12	12	347	2.2	13.7	5.30280570229371	-999.9	1.6	9.72222222222222	9.87359096922648	330
NEW_GLASGOW	2024	12	13	348	-6.1	2	4.43657269099119	-999.9	0	5.20531400966183	2.80956279034734	330
NEW_GLASGOW	2024	12	14	349	-7	-3.2	3.03068919974729	-999.9	0	4.61805555555556	2.75357253836061	330
NEW_GLASGOW	2024	12	15	350	-6.1	-1.7	3.25400593508303	-999.9	0	3.76157407407408	3.17351678555454	330
NEW_GLASGOW	2024	12	16	351	-6.3	2.1	4.48821174447772	-999.9	0	3.79629629629631	3.80413962909916	330
NEW_GLASGOW	2024	12	17	352	-0.7	9.1	4.84159931868871	-999.9	2.3	6.52777777777778	7.72118548593044	330
NEW_GLASGOW	2024	12	18	353	1.8	6.2	3.24149625810283	-999.9	0	3.93518518518519	6.51076628326878	330
NEW_GLASGOW	2024	12	19	354	-3.8	2.3	3.81530543137439	-999.9	8.4	3.94675925925925	5.21334804906822	330
NEW_GLASGOW	2024	12	20	355	-4.8	-1	3.01164308226366	-999.9	0.2	3.84259259259258	3.87223223664627	330
NEW_GLASGOW	2024	12	21	356	-7.7	0	4.28949794859665	-999.9	19.5	9.72222222222222	4.26651048208993	330
NEW_GLASGOW	2024	12	22	357	-9.6	-7.4	2.29521635252627	-999.9	0.9	6.00694444444444	2.62187776015899	330
NEW_GLASGOW	2024	12	23	358	-15.2	-7.4	4.32824641087616	-999.9	1.2	4.07407407407408	2.05871053932506	330
NEW_GLASGOW	2024	12	24	359	-11.8	-2.7	4.68422866068105	-999.9	6.8	4.76851851851853	3.26264347477862	330
NEW_GLASGOW	2024	12	25	360	-5.5	-0.5	3.4806013251758	-999.9	0	4.90338164251208	4.54347178344999	330
NEW_GLASGOW	2024	12	26	361	-1.4	-0.3	1.63725095621015	-999.9	0	4.6875	4.59578903930565	330
NEW_GLASGOW	2024	12	27	362	-8.5	0	4.56640098604174	-999.9	0	2.1412037037037	3.84057957885668	330
NEW_GLASGOW	2024	12	28	363	-8	0.3	4.52942815272053	-999.9	0	1.875	4.16104617803828	330
NEW_GLASGOW	2024	12	29	364	-7.9	1.6	4.86628710881743	-999.9	0	1.77083333333333	4.80504411456341	330
NEW_GLASGOW	2024	12	30	365	0.8	7.4	4.07501177445642	-999.9	2	4.86111111111111	8.19498919383217	330
NEW_GLASGOW	2024	12	31	366	-1.9	8	5.01628422853431	-999.9	3.5	4.89583333333333	7.32073305689479	330
