NEW_GLASGOW	2022	1	1	1	-1	3	3.16523188350125	-999.9	20	2.32638888888889	7.1749395993663	330
NEW_GLASGOW	2022	1	2	2	-6	5	5.27806859615606	-999.9	4.4	5.15046296296297	6.24336530390523	330
NEW_GLASGOW	2022	1	3	3	-9	-5	3.20179515505315	-999.9	1	3.81944444444444	3.02085265586002	330
NEW_GLASGOW	2022	1	4	4	-12	-6	3.94641121470054	-999.9	0	3.75	2.19161050247968	330
NEW_GLASGOW	2022	1	5	5	-13.5	8	7.52114232778152	-999.9	16.4	5.99537037037036	4.38897841666828	330
NEW_GLASGOW	2022	1	6	6	-1	8	4.90111182469123	-999.9	2	3.76157407407408	7.02591445840153	330
NEW_GLASGOW	2022	1	7	7	-3	-1	2.32789874860764	-999.9	25	6.68981481481481	4.76169764377601	330
NEW_GLASGOW	2022	1	8	8	-6	-4	2.3464032436268	-999.9	0	8.49537037037036	2.62704772052136	330
NEW_GLASGOW	2022	1	9	9	-12.5	4	6.79558346986	-999.9	3	5.64814814814814	3.69356972861199	330
NEW_GLASGOW	2022	1	10	10	-6	-3	2.9227838212243	-999.9	0	5.01157407407408	2.58657799426782	330
NEW_GLASGOW	2022	1	11	11	-18.5	-15	3.18545164872024	-999.9	0	4.45601851851853	0.996531076691397	330
NEW_GLASGOW	2022	1	12	12	-20	-1.5	7.39211642773721	-999.9	2	5.3125	2.08737414252404	330
NEW_GLASGOW	2022	1	13	13	-9.5	-1.5	4.90810851385103	-999.9	0	1.79398148148148	3.53267497476228	330
NEW_GLASGOW	2022	1	14	14	-9.5	2.5	6.0712973065307	-999.9	5	5.08101851851853	4.83848430193848	330
NEW_GLASGOW	2022	1	15	15	-15	-8.5	4.51439844200564	-999.9	25	11.3078703703704	2.4398972775943	330
NEW_GLASGOW	2022	1	16	16	-15	-11	3.57891371722534	-999.9	0	5.06944444444445	1.45731285134054	330
NEW_GLASGOW	2022	1	17	17	-19.5	7	9.31199893322629	-999.9	1.6	6.58564814814814	3.10773029719199	330
NEW_GLASGOW	2022	1	18	18	-2	5	4.83931035103087	-999.9	0	5.46296296296297	3.81567846767292	330
NEW_GLASGOW	2022	1	19	19	-17.5	2	8.16915137516209	-999.9	0	4.90740740740742	2.01912423549205	330
NEW_GLASGOW	2022	1	20	20	-11	0	6.207072912757	-999.9	0	3.26388888888889	3.52254095079083	330
NEW_GLASGOW	2022	1	21	21	-14.5	-8	4.82812726446556	-999.9	0	3.37962962962964	1.60815214848367	330
NEW_GLASGOW	2022	1	22	22	-21	-8.5	6.77648081243146	-999.9	0	1.59722222222222	1.54122152107598	330
NEW_GLASGOW	2022	1	23	23	-17	-2	7.51471772690581	-999.9	2	2.62731481481481	3.34102122858162	330
NEW_GLASGOW	2022	1	24	24	-10.5	-5	4.60735764429458	-999.9	0	2.38425925925926	2.09464525110994	330
NEW_GLASGOW	2022	1	25	25	-21	2	9.54154759163792	-999.9	0	4.14351851851853	3.35217428732342	330
NEW_GLASGOW	2022	1	26	26	-14	-7	5.33168100052882	-999.9	0	3.09027777777778	1.90446558430457	330
NEW_GLASGOW	2022	1	27	27	-17	-6	6.77084403275705	-999.9	1	3.40277777777778	1.62380921570744	330
NEW_GLASGOW	2022	1	28	28	-22	-1	9.47880927555593	-999.9	16	4.72222222222222	2.99385422798967	330
NEW_GLASGOW	2022	1	29	29	-6	-3	3.63048032342557	-999.9	15	8.68055555555556	4.45675547050646	330
NEW_GLASGOW	2022	1	30	30	-11.7	2.5	8.27301286579559	-999.9	0	5.97222222222222	3.32209367680345	330
NEW_GLASGOW	2022	1	31	31	-14	-8	5.2742936619582	-999.9	0	3.79629629629631	1.53920219751567	330
NEW_GLASGOW	2022	2	1	32	-21	-8.5	7.71721496672954	-999.9	0	2.5	1.73041831875423	330
NEW_GLASGOW	2022	2	2	33	-20	5	11.0646119655402	-999.9	0	3.87731481481481	2.57891967363038	330
NEW_GLASGOW	2022	2	3	34	-1	7	6.34616232392608	-999.9	32.8	6.25	6.02295856080188	330
NEW_GLASGOW	2022	2	4	35	-4.8	-4.3	2.39844067600543	-999.9	54.9	8.59953703703703	3.89640105662988	330
NEW_GLASGOW	2022	2	5	36	-13.4	-3.9	7.65559475155624	-999.9	0	6.66666666666667	2.67051797054956	330
NEW_GLASGOW	2022	2	6	37	-16.5	-7	7.211458403786	-999.9	0	3.15972222222222	1.43345749198231	330
NEW_GLASGOW	2022	2	7	38	-22	-1	10.8739603358626	-999.9	0	5.39351851851853	3.06861045636641	330
NEW_GLASGOW	2022	2	8	39	-5.5	1	6.13579814432982	-999.9	35.4	5.35879629629631	5.47389482801286	330
NEW_GLASGOW	2022	2	9	40	-1	1	3.45208503506255	-999.9	0	3.72685185185186	4.82807807681634	330
NEW_GLASGOW	2022	2	10	41	-5	2	6.55058143124715	-999.9	0	4.42129629629631	5.08789959994672	330
NEW_GLASGOW	2022	2	11	42	0	5	5.61550666724915	-999.9	0	4.53703703703703	5.45070441678622	330
NEW_GLASGOW	2022	2	12	43	-5	12	10.5028443990777	-999.9	0	5.83333333333333	6.54419696108741	330
NEW_GLASGOW	2022	2	13	44	-8	-5	4.47531673289731	-999.9	1	4.65277777777778	3.7658274195182	330
NEW_GLASGOW	2022	2	14	45	-9.5	-7.5	3.70644729065693	-999.9	20	6.85185185185186	2.40972710015014	330
NEW_GLASGOW	2022	2	15	46	-18.5	-12.5	6.51169560649429	-999.9	0	3.96990740740742	1.27752566816954	330
NEW_GLASGOW	2022	2	16	47	-17	4	12.3565365916846	-999.9	9.8	4.80324074074075	2.09818570401226	330
NEW_GLASGOW	2022	2	17	48	-9	10.5	12.0771159363422	-999.9	5.8	7.78935185185186	7.44037034049731	330
NEW_GLASGOW	2022	2	18	49	-4.5	9	10.1919917695951	-999.9	16.3	8.88888888888889	5.80928375598408	330
NEW_GLASGOW	2022	2	19	50	-10	-3	7.44341521185702	-999.9	0	3.47222222222222	2.65718921834284	330
NEW_GLASGOW	2022	2	20	51	-9	1.5	9.24551650033736	-999.9	1	4.84953703703703	2.80884634617803	330
NEW_GLASGOW	2022	2	21	52	-12	4	11.5741642059539	-999.9	1	5.69444444444445	4.24755681212239	330
NEW_GLASGOW	2022	2	22	53	-8.5	7.5	11.7370845244491	-999.9	5.2	5.63657407407408	3.35184733604189	330
NEW_GLASGOW	2022	2	23	54	-5	10.5	11.7141803479571	-999.9	5	6.48550724637681	8.08420928586497	330
NEW_GLASGOW	2022	2	24	55	-11.5	-5	7.69168726714323	-999.9	0	5.74074074074075	1.82552959941268	330
NEW_GLASGOW	2022	2	25	56	-12.9	-11.1	5.13693163795956	-999.9	4.4	3.50694444444444	1.73114056501997	330
NEW_GLASGOW	2022	2	26	57	-14.5	-6	9.04114001509044	-999.9	0	3.33333333333333	1.65605190545097	330
NEW_GLASGOW	2022	2	27	58	-13	-1.5	10.6607729829596	-999.9	3	3.61111111111111	2.56634611333037	330
NEW_GLASGOW	2022	2	28	59	-12	-10	4.50657025720371	-999.9	0	6.14583333333333	2.01935751662999	330
NEW_GLASGOW	2022	3	1	60	-17.5	9	16.6268150859666	-999.9	2	3.25231481481481	1.58001136276357	330
NEW_GLASGOW	2022	3	2	61	-14	2.5	13.2967361628438	-999.9	2	4.90740740740742	4.02913367271784	330
NEW_GLASGOW	2022	3	3	62	-13.5	-4	10.2245037283027	-999.9	2	3.06712962962964	2.12253354700248	330
NEW_GLASGOW	2022	3	4	63	-18.5	2	15.2192637125559	-999.9	0	4.80324074074075	1.21759208869771	330
NEW_GLASGOW	2022	3	5	64	-14	-2	11.7978025300513	-999.9	0	4.94212962962964	2.00348300204702	330
NEW_GLASGOW	2022	3	6	65	-10	2	11.9522889583877	-999.9	15	3.48379629629631	3.67653496404543	330
NEW_GLASGOW	2022	3	7	66	-1	5	8.56132441550581	-999.9	12	2.95138888888889	6.14420564298872	330
NEW_GLASGOW	2022	3	8	67	-1.5	1.5	6.13175130624003	-999.9	0	7.65046296296297	4.27009631427089	330
NEW_GLASGOW	2022	3	9	68	-9.5	-1	10.4530859125608	-999.9	0	3.32175925925925	2.64005185318517	330
NEW_GLASGOW	2022	3	10	69	-8	6	13.5850654604898	-999.9	0	3.63425925925925	4.52141797298657	330
NEW_GLASGOW	2022	3	11	70	-4.5	2	9.37276136995332	-999.9	0	2.21064814814815	4.67228027725495	330
NEW_GLASGOW	2022	3	12	71	-3	12	14.415152270298	-999.9	9.8	6.45833333333333	7.70950079703811	330
NEW_GLASGOW	2022	3	13	72	-7.5	-3.5	7.53555070217038	-999.9	1	6.79398148148147	3.151382722227	330
NEW_GLASGOW	2022	3	14	73	-7.5	1	11.1186920699522	-999.9	0	4.47916666666667	2.92404205339532	330
NEW_GLASGOW	2022	3	15	74	-1.5	4	9.05173627972114	-999.9	3	3.68055555555556	4.02432667714986	330
NEW_GLASGOW	2022	3	16	75	-8.5	6	14.8726104647218	-999.9	0	2.98611111111111	3.58132353353088	330
NEW_GLASGOW	2022	3	17	76	-0.5	7.5	11.1775475494189	-999.9	1	5.01157407407408	6.67464466785447	330
NEW_GLASGOW	2022	3	18	77	4.5	11.5	10.5777655567377	-999.9	0	3.36805555555556	7.04467571604114	330
NEW_GLASGOW	2022	3	19	78	-4	1	9.04310938630419	-999.9	4	3.48379629629631	3.99667772555844	330
NEW_GLASGOW	2022	3	20	79	-1	7	11.569366847214	-999.9	2.2	4.45601851851853	6.74959700952935	330
NEW_GLASGOW	2022	3	21	80	-0.5	3	7.73880502687574	-999.9	1	3.83101851851853	5.17248698325099	330
NEW_GLASGOW	2022	3	22	81	-3.5	4	11.4548346565563	-999.9	0	6.42361111111111	3.75085367252122	330
NEW_GLASGOW	2022	3	23	82	-2	3	9.45592742834206	-999.9	0	7.15277777777778	4.31287172827912	330
NEW_GLASGOW	2022	3	24	83	-3.5	10.5	15.9950773529477	-999.9	2.8	3.26388888888889	4.46756242593422	330
NEW_GLASGOW	2022	3	25	84	-1.5	3.5	9.66167594567048	-999.9	3	4.47916666666667	5.99216295176657	330
NEW_GLASGOW	2022	3	26	85	-1	9.9	14.3123993149026	-999.9	0.2	3.35648148148147	7.30669954818243	330
NEW_GLASGOW	2022	3	27	86	2	7	9.86659827232547	-999.9	0	3.59953703703703	7.33127640552363	330
NEW_GLASGOW	2022	3	28	87	-3	7.5	14.4459617808541	-999.9	6	3.87731481481481	6.46134413306096	330
NEW_GLASGOW	2022	3	29	88	-1.5	3	9.55363025086829	-999.9	30	4.78009259259258	4.85562640814038	330
NEW_GLASGOW	2022	3	30	89	-2.5	6	13.2624216078897	-999.9	0	4.78009259259258	4.44715194583333	330
NEW_GLASGOW	2022	3	31	90	-1.5	6	12.5816007764839	-999.9	5.6	3.42592592592592	4.6269801006438	330
NEW_GLASGOW	2022	4	1	91	2	12.5	15.032542051396	-999.9	10	4.65277777777778	9.32261910884226	330
NEW_GLASGOW	2022	4	2	92	0	2	6.624083808736	-999.9	4.6	4.91898148148147	5.68729916645944	330
NEW_GLASGOW	2022	4	3	93	-1	7	13.3742471096444	-999.9	0	3.63425925925925	4.77581278784101	330
NEW_GLASGOW	2022	4	4	94	-20	0.5	21.6100251199292	-999.9	10	6.71296296296297	4.80238536732541	330
NEW_GLASGOW	2022	4	5	95	-6.7	2.5	14.8701551154545	-999.9	0	4.07407407407408	3.51648396544333	330
NEW_GLASGOW	2022	4	6	96	-6	7	17.5258628024415	-999.9	0	2.59259259259259	3.6837816879678	330
NEW_GLASGOW	2022	4	7	97	-4	3	12.9757423538765	-999.9	0	3.14814814814814	4.72868539386645	330
NEW_GLASGOW	2022	4	8	98	1	11	15.6458529053003	-999.9	2.8	6.07638888888889	6.41736866457753	330
NEW_GLASGOW	2022	4	9	99	5	11	12.2245135105639	-999.9	0	3.65740740740742	7.98674625822971	330
NEW_GLASGOW	2022	4	10	100	0	3.5	9.41645562088158	-999.9	7.6	2.92824074074075	6.8701770357598	330
NEW_GLASGOW	2022	4	11	101	-1	10.5	17.2123720054394	-999.9	0	5.17361111111111	6.38939258594163	330
NEW_GLASGOW	2022	4	12	102	2	12.5	16.5831040088563	-999.9	0.8	1.90972222222222	5.57658586770917	330
NEW_GLASGOW	2022	4	13	103	1	10	15.477932753578	-999.9	0	2.8125	6.68731666413597	330
NEW_GLASGOW	2022	4	14	104	-2	9	17.2484423405402	-999.9	0	2.88194444444444	6.22380832737639	330
NEW_GLASGOW	2022	4	15	105	4	8	10.4830306436584	-999.9	7	2.75462962962963	7.61746204750754	330
NEW_GLASGOW	2022	4	16	106	2	15	19.0446731019895	-999.9	1.8	5.82175925925925	8.06431476530013	330
NEW_GLASGOW	2022	4	17	107	7	11	10.6443387653669	-999.9	5.4	5.20833333333333	7.97360653976673	330
NEW_GLASGOW	2022	4	18	108	2	6	10.7237726136246	-999.9	0	4.84953703703703	4.93446196103981	330
NEW_GLASGOW	2022	4	19	109	2	8	13.2301391091177	-999.9	16.2	7.99768518518519	6.54287060444506	330
NEW_GLASGOW	2022	4	20	110	4.5	11.5	14.3930053524712	-999.9	1.8	7.16435185185186	7.35657201388949	330
NEW_GLASGOW	2022	4	21	111	2	9	14.4946553845539	-999.9	0	3.66898148148147	5.1264341936828	330
NEW_GLASGOW	2022	4	22	112	4	15	18.2959340487936	-999.9	5.2	4.46759259259258	8.84017009727234	330
NEW_GLASGOW	2022	4	23	113	2	5	9.61969812976944	-999.9	0	6.13425925925925	4.5567897073636	330
NEW_GLASGOW	2022	4	24	114	-2.5	5	15.3114906147174	-999.9	0	8.56481481481481	5.48511643623999	330
NEW_GLASGOW	2022	4	25	115	1	10	16.8825413906714	-999.9	0	4.08564814814814	7.73548479601336	330
NEW_GLASGOW	2022	4	26	116	0	17	23.3514964154697	-999.9	0.6	4.34027777777778	8.84374722767239	330
NEW_GLASGOW	2022	4	27	117	6	8.5	9.01110741052985	-999.9	22.4	4.10879629629631	8.88418837377163	330
NEW_GLASGOW	2022	4	28	118	4	10	14.0457901401075	-999.9	4.8	4.21296296296297	8.46999409624374	330
NEW_GLASGOW	2022	4	29	119	2	4.5	9.12110989927389	-999.9	7.8	5.33564814814814	7.32463986428008	330
NEW_GLASGOW	2022	4	30	120	0.5	2.5	8.206251603585	-999.9	11	7.33796296296297	6.41046018021029	330
NEW_GLASGOW	2022	5	1	121	0.5	5	12.3803668261904	-999.9	5.4	6.85185185185186	6.57686083071326	330
NEW_GLASGOW	2022	5	2	122	1	8	15.5281332181416	-999.9	0	4.78009259259258	5.36905046105346	330
NEW_GLASGOW	2022	5	3	123	-3	9.5	20.8647901556136	-999.9	0	2.48842592592593	6.56653110336525	330
NEW_GLASGOW	2022	5	4	124	5	15	18.7626372505884	-999.9	3	3.85416666666667	8.41416704192669	330
NEW_GLASGOW	2022	5	5	125	6	29	28.6048065070365	-999.9	0	3.61111111111111	6.71184970063424	330
NEW_GLASGOW	2022	5	6	126	4.5	7.5	10.3839729690017	-999.9	0	3.11342592592592	5.5606920305938	330
NEW_GLASGOW	2022	5	7	127	-1	6	15.9414066356455	-999.9	0	3.29861111111111	4.78874311802616	330
NEW_GLASGOW	2022	5	8	128	-5	10	23.4501206204122	-999.9	0	2.69675925925926	4.2307673674382	330
NEW_GLASGOW	2022	5	9	129	2.5	11.5	18.2511371091607	-999.9	0	2.95138888888889	5.21620676554399	330
NEW_GLASGOW	2022	5	10	130	1	11.5	19.8052435801905	-999.9	0	2.85879629629631	5.55435959281616	330
NEW_GLASGOW	2022	5	11	131	-3	20	29.44518019942	-999.9	0	2.12962962962963	8.59528546753243	330
NEW_GLASGOW	2022	5	12	132	7.5	20	21.8030979478856	-999.9	0	2.43055555555556	9.66040474623503	330
NEW_GLASGOW	2022	5	13	133	6	25.5	27.349021277679	-999.9	0	4.21296296296297	12.4768909502534	330
NEW_GLASGOW	2022	5	14	134	11	12.5	7.61693094567477	-999.9	0	2.99768518518519	9.94677092069474	330
NEW_GLASGOW	2022	5	15	135	4	16.5	22.077411634999	-999.9	0	2.03703703703704	10.3211896106967	330
NEW_GLASGOW	2022	5	16	136	9	21.5	22.164400947705	-999.9	1.6	5.53240740740742	12.0605226658267	330
NEW_GLASGOW	2022	5	17	137	11	25	23.546272064079	-999.9	4.8	5.86805555555556	14.4524530586808	330
NEW_GLASGOW	2022	5	18	138	8	12.5	13.3989593360715	-999.9	0	3.94675925925925	7.83915022432458	330
NEW_GLASGOW	2022	5	19	139	2.5	16	23.290998356472	-999.9	0	2.43055555555556	6.21994497978777	330
NEW_GLASGOW	2022	5	20	140	7	16.5	19.6060169580563	-999.9	0	1.99074074074074	7.31845348691304	330
NEW_GLASGOW	2022	5	21	141	6	21.5	25.1275366110506	-999.9	0	6.52777777777778	9.89624606940459	330
NEW_GLASGOW	2022	5	22	142	13	27.5	24.3823128004201	-999.9	0	5.85648148148147	18.0853597282732	330
NEW_GLASGOW	2022	5	23	143	9.5	13	12.0166186339029	-999.9	2.8	4.12037037037036	10.6838891741738	330
NEW_GLASGOW	2022	5	24	144	1	12.5	21.847675893536	-999.9	0	3.19444444444444	7.19730530789095	330
NEW_GLASGOW	2022	5	25	145	1	21	28.8955041382824	-999.9	0	1.79398148148148	7.33113716606223	330
NEW_GLASGOW	2022	5	26	146	9	21.5	22.9076370943717	-999.9	4.6	1.84027777777778	9.67710556387443	330
NEW_GLASGOW	2022	5	27	147	9	18	19.4898174797382	-999.9	18	2.32638888888889	12.6775352712903	330
NEW_GLASGOW	2022	5	28	148	13	22	19.5398119062061	-999.9	2.8	5	18.8603949640692	330
NEW_GLASGOW	2022	5	29	149	11	25	24.4302143444145	-999.9	0	2.15277777777778	14.1380962989641	330
NEW_GLASGOW	2022	5	30	150	10	23	23.5966714064134	-999.9	0.4	3.19444444444444	13.2474913029301	330
NEW_GLASGOW	2022	5	31	151	6	10	13.1182736456472	-999.9	0	6.55092592592592	7.60965677266447	330
NEW_GLASGOW	2022	6	1	152	7	13.5	16.7580289117504	-999.9	0	5.48611111111111	7.53576805329499	330
NEW_GLASGOW	2022	6	2	153	6	13.5	18.0371753319689	-999.9	0	3.92361111111111	8.19608660454889	330
NEW_GLASGOW	2022	6	3	154	3	14	21.885580361833	-999.9	0	2.12962962962963	9.01789233007998	330
NEW_GLASGOW	2022	6	4	155	4	11.5	18.103747878548	-999.9	5	1.71296296296296	9.33231899283988	330
NEW_GLASGOW	2022	6	5	156	5.5	17	22.4551174789032	-999.9	5.8	1.5162037037037	11.9368570381321	330
NEW_GLASGOW	2022	6	6	157	6	15	19.896135635043	-999.9	0.6	1.55092592592593	9.95499853571738	330
NEW_GLASGOW	2022	6	7	158	3.5	18.5	25.7233062197076	-999.9	0.4	1.23842592592593	10.5727004577318	330
NEW_GLASGOW	2022	6	8	159	5.5	19.5	24.884651330597	-999.9	15	2.26851851851852	12.016953857001	330
NEW_GLASGOW	2022	6	9	160	13.5	19.5	16.3110658261256	-999.9	0	4.17824074074075	16.6638155628279	330
NEW_GLASGOW	2022	6	10	161	15.5	22	16.9963409714246	-999.9	0	6.51620370370369	14.8097093102918	330
NEW_GLASGOW	2022	6	11	162	13	24	22.1329897795554	-999.9	0	4.59490740740742	14.7112786792207	330
NEW_GLASGOW	2022	6	12	163	16	24.5	19.4738221345393	-999.9	0	1.2962962962963	15.3311927189119	330
NEW_GLASGOW	2022	6	13	164	12	19	17.6864970439812	-999.9	17.8	2.25694444444444	15.8710141780162	330
NEW_GLASGOW	2022	6	14	165	12	18	16.3859880198323	-999.9	31.4	4.24768518518519	13.8006282264757	330
NEW_GLASGOW	2022	6	15	166	10	19.5	20.6308061069925	-999.9	0	2.69675925925926	12.3306586710291	330
NEW_GLASGOW	2022	6	16	167	9	26	27.6114666066916	-999.9	0	4.21296296296297	12.865175123071	330
NEW_GLASGOW	2022	6	17	168	13	19.5	17.079910378615	-999.9	5.8	6.89814814814814	14.37573488336	330
NEW_GLASGOW	2022	6	18	169	15	25	21.1907396824711	-999.9	11.6	3.57638888888889	18.9981271177628	330
NEW_GLASGOW	2022	6	19	170	14	23	20.1065668997379	-999.9	0	2.59259259259259	16.1039448772206	330
NEW_GLASGOW	2022	6	20	171	12.5	16.5	13.4051163705161	-999.9	9.8	2.59259259259259	14.4231740879008	330
NEW_GLASGOW	2022	6	21	172	10	22.5	23.6958841687978	-999.9	6.8	3.14814814814814	12.2446484231829	330
NEW_GLASGOW	2022	6	22	173	13	20	17.7295479581922	-999.9	0	2.85879629629631	13.7350920087159	330
NEW_GLASGOW	2022	6	23	174	16	24	18.9486289575766	-999.9	6	1.62037037037037	13.3731222470972	330
NEW_GLASGOW	2022	6	24	175	16	21.5	15.7054986734106	-999.9	8.6	2.37268518518519	20.0199561280252	330
NEW_GLASGOW	2022	6	25	176	17	25	18.9324318033568	-999.9	0	0.486111111111111	19.9724502331293	330
NEW_GLASGOW	2022	6	26	177	14	26.5	23.6516186461486	-999.9	0	1.68981481481481	20.204717252682	330
NEW_GLASGOW	2022	6	27	178	16.5	27	21.6619918912599	-999.9	0.8	6.26811594202897	18.8727131566951	330
NEW_GLASGOW	2022	6	28	179	17	22.5	15.6652154963759	-999.9	7.2	3.79629629629631	18.3890983490258	330
NEW_GLASGOW	2022	6	29	180	14	25	22.1338037182716	-999.9	0	0.717592592592592	14.9103817143821	330
NEW_GLASGOW	2022	6	30	181	17	23	16.3302709341834	-999.9	0	1.55092592592593	16.9695219758011	330
NEW_GLASGOW	2022	7	1	182	12.5	24.5	23.0685226791688	-999.9	0	2.5	15.7935079122016	330
NEW_GLASGOW	2022	7	2	183	17	23.5	16.9570593849127	-999.9	8.4	4.39814814814814	20.2120769836518	330
NEW_GLASGOW	2022	7	3	184	14.5	25	21.5231822752769	-999.9	0.8	3.66898148148147	18.0094061796193	330
NEW_GLASGOW	2022	7	4	185	14.5	22	18.164090651996	-999.9	0	3.42592592592592	12.7234963897888	330
NEW_GLASGOW	2022	7	5	186	16.5	24.5	18.7306302275553	-999.9	7	3.69212962962964	13.1103647079947	330
NEW_GLASGOW	2022	7	6	187	14	18	13.2225396147572	-999.9	24	4.53703703703703	15.7869062086333	330
NEW_GLASGOW	2022	7	7	188	13	21	18.6663933563477	-999.9	0	4.00462962962964	12.933371897222	330
NEW_GLASGOW	2022	7	8	189	11	22.5	22.33818406742	-999.9	0.8	3.61111111111111	15.0358777074143	330
NEW_GLASGOW	2022	7	9	190	13	20	17.3933967007915	-999.9	0	2.40740740740741	12.8437191713314	330
NEW_GLASGOW	2022	7	10	191	10	23	23.6535498504046	-999.9	0	1.99074074074074	12.6442234707279	330
NEW_GLASGOW	2022	7	11	192	12.5	26.5	24.4923627900684	-999.9	0	4.96527777777778	14.5891994570096	330
NEW_GLASGOW	2022	7	12	193	15	26.5	22.1467627547885	-999.9	0	7.00231481481481	15.933149237971	330
NEW_GLASGOW	2022	7	13	194	17	28	21.6075186553254	-999.9	0	4.36342592592592	18.7893892819619	330
NEW_GLASGOW	2022	7	14	195	18	21	11.2556051742353	-999.9	4.6	1.5162037037037	14.5605841105075	330
NEW_GLASGOW	2022	7	15	196	15	21.5	16.5240654550954	-999.9	10.4	1.26157407407407	17.4449181177218	330
NEW_GLASGOW	2022	7	16	197	14	27	23.3043034880119	-999.9	0	3.33333333333333	16.6590862827316	330
NEW_GLASGOW	2022	7	17	198	16.5	24	17.6502718404905	-999.9	0.8	5.08101851851853	18.8220156482429	330
NEW_GLASGOW	2022	7	18	199	17	29	22.2597184335922	-999.9	10.4	5.03472222222222	21.0551604854154	330
NEW_GLASGOW	2022	7	19	200	18	24	15.69151109888	-999.9	7	5.34722222222222	23.4428200256162	330
NEW_GLASGOW	2022	7	20	201	20	27	16.894678856243	-999.9	0	4.34027777777778	16.9936815142156	330
NEW_GLASGOW	2022	7	21	202	13	30	26.241501800969	-999.9	0	2.25694444444444	17.9527827906359	330
NEW_GLASGOW	2022	7	22	203	20	29	19.0283071740881	-999.9	0	4.78009259259258	24.6197901296038	330
NEW_GLASGOW	2022	7	23	204	19	30	20.9624055904273	-999.9	0	2.68518518518519	20.7853331800162	330
NEW_GLASGOW	2022	7	24	205	13	31	26.7176306505598	-999.9	0	3.19444444444444	22.2684827643895	330
NEW_GLASGOW	2022	7	25	206	21	28	16.5988682710468	-999.9	0	5.87962962962964	23.7980115813266	330
NEW_GLASGOW	2022	7	26	207	19	26.5	17.1150642171486	-999.9	0	3.90046296296297	18.4640432539773	330
NEW_GLASGOW	2022	7	27	208	20	27	16.4689476384778	-999.9	0	2.24537037037037	18.232333150544	330
NEW_GLASGOW	2022	7	28	209	13	25	21.4746783967022	-999.9	1.2	0.636574074074075	18.1833167543152	330
NEW_GLASGOW	2022	7	29	210	17	23	15.1210161079274	-999.9	3.6	3.10185185185186	20.6249602664533	330
NEW_GLASGOW	2022	7	30	211	16	26.5	19.9167828188163	-999.9	0.4	2.83564814814814	19.1519582987251	330
NEW_GLASGOW	2022	7	31	212	16.5	28	20.7511569793832	-999.9	0	2.4537037037037	19.4396475475742	330
NEW_GLASGOW	2022	8	1	213	18	27	18.2739722515557	-999.9	0	3.35648148148147	20.1699019857509	330
NEW_GLASGOW	2022	8	2	214	17	25	17.1484251531117	-999.9	0	2.77777777777778	21.9425256401132	330
NEW_GLASGOW	2022	8	3	215	18	23	13.4921387432311	-999.9	0	1.73611111111111	19.6691169714542	330
NEW_GLASGOW	2022	8	4	216	14	29	23.2544861874709	-999.9	0	3.75	20.3116395693975	330
NEW_GLASGOW	2022	8	5	217	19	29	18.8918714179911	-999.9	3	3.04398148148147	23.515839144455	330
NEW_GLASGOW	2022	8	6	218	16.5	29	21.0131979624067	-999.9	0	1.16898148148148	21.3652839265096	330
NEW_GLASGOW	2022	8	7	219	21	31.5	19.1576405360573	-999.9	0	4.51388888888889	25.578892257436	330
NEW_GLASGOW	2022	8	8	220	17	21.5	12.4741703077622	-999.9	45.8	0.891203703703703	14.660962557446	330
NEW_GLASGOW	2022	8	9	221	15	18	10.1291184799992	-999.9	23.2	4.21296296296297	17.1293944261175	330
NEW_GLASGOW	2022	8	10	222	16	21	13.0031615645941	-999.9	7	0.682870370370369	18.562566514598	330
NEW_GLASGOW	2022	8	11	223	16.5	25	16.8567335985364	-999.9	0.4	2.30324074074074	20.0632918178993	330
NEW_GLASGOW	2022	8	12	224	17	27	18.1765219143461	-999.9	0	0.509259259259258	19.5699547414851	330
NEW_GLASGOW	2022	8	13	225	14	24	18.067754319815	-999.9	0	1.55092592592593	19.6973907380639	330
NEW_GLASGOW	2022	8	14	226	18	21	9.83568275736538	-999.9	11.4	2.40740740740741	19.4272778704093	330
NEW_GLASGOW	2022	8	15	227	17	26.5	17.3936794235163	-999.9	0	0.590277777777778	18.0324373279326	330
NEW_GLASGOW	2022	8	16	228	15	25	17.7321439241748	-999.9	0	0.416666666666667	17.2910548402406	330
NEW_GLASGOW	2022	8	17	229	19	22	9.64937157219502	-999.9	13.8	6.14583333333333	19.9685545341813	330
NEW_GLASGOW	2022	8	18	230	9	26.5	23.1515409608044	-999.9	2.6	4.63888888888889	16.6820115349654	330
NEW_GLASGOW	2022	8	19	231	17.1	23.8	14.4531749498075	-999.9	2.2	4.09722222222222	20.2863039733649	330
NEW_GLASGOW	2022	8	20	232	17	29	18.9117380592713	-999.9	0	2.10648148148148	20.4355597220671	330
NEW_GLASGOW	2022	8	21	233	15	30	20.9963325194995	-999.9	0	2.55787037037037	21.2269424432105	330
NEW_GLASGOW	2022	8	22	234	18	27	16.1480628148346	-999.9	0	4.375	20.6509262421692	330
NEW_GLASGOW	2022	8	23	235	18	22	10.687464378686	-999.9	57.2	2.96296296296297	21.4489708791603	330
NEW_GLASGOW	2022	8	24	236	3.5	21	22.1897876376328	-999.9	3.6	2.8125	21.7262657862283	330
NEW_GLASGOW	2022	8	25	237	15	25	16.6481996389655	-999.9	0	1.93287037037037	18.9286280717203	330
NEW_GLASGOW	2022	8	26	238	11	25	19.5482533815489	-999.9	5	2.31481481481481	16.8715115372354	330
NEW_GLASGOW	2022	8	27	239	17	20.5	9.69835214474553	-999.9	0.4	2.93981481481481	15.2744130728178	330
NEW_GLASGOW	2022	8	28	240	8	25	21.2056459618268	-999.9	0	2.37268518518519	15.2837218454486	330
NEW_GLASGOW	2022	8	29	241	16	25	15.3057416319378	-999.9	0.4	3.56481481481481	18.2934466378661	330
NEW_GLASGOW	2022	8	30	242	17.5	28	16.3974624822024	-999.9	0	5.47453703703703	23.4429452483744	330
NEW_GLASGOW	2022	8	31	243	20	26	12.2927525411517	-999.9	26	6.40046296296297	23.4733587291221	330
NEW_GLASGOW	2022	9	1	244	17	25	14.0751337864887	-999.9	0	3.32175925925925	18.8180318566652	330
NEW_GLASGOW	2022	9	2	245	15	19.5	10.4662282504963	-999.9	0	2.70833333333333	11.9639018363133	330
NEW_GLASGOW	2022	9	3	246	7	23	19.5642235528905	-999.9	0	1.77083333333333	12.8415294199344	330
NEW_GLASGOW	2022	9	4	247	10	24.5	18.4606712324511	-999.9	0	2.61574074074074	15.5115610520882	330
NEW_GLASGOW	2022	9	5	248	17	19.5	7.59690084321376	-999.9	0	3.91203703703703	13.9627735404044	330
NEW_GLASGOW	2022	9	6	249	14	19.5	11.1658763088808	-999.9	0	2.00231481481481	13.367638419075	330
NEW_GLASGOW	2022	9	7	250	7	21.5	17.9631498294425	-999.9	0	1.31944444444444	13.790212601693	330
NEW_GLASGOW	2022	9	8	251	9	24	18.0997732844303	-999.9	0	1.09953703703704	14.6719338590813	330
NEW_GLASGOW	2022	9	9	252	13.5	23	14.2679085285283	-999.9	0	1.43518518518519	16.6945624022819	330
NEW_GLASGOW	2022	9	10	253	7	21	17.1544010732798	-999.9	0	2.51157407407408	13.9727786681962	330
NEW_GLASGOW	2022	9	11	254	10	22.5	16.0517226021474	-999.9	0	3.06712962962964	15.8964217901659	330
NEW_GLASGOW	2022	9	12	255	10	24	16.8200738548471	-999.9	0	1.53935185185185	17.3491461823489	330
NEW_GLASGOW	2022	9	13	256	8	22	16.6520376432944	-999.9	0.5	1.16898148148148	19.3216956330497	330
NEW_GLASGOW	2022	9	14	257	14	29	17.0620359903152	-999.9	4.4	5.25462962962964	19.4693861832758	330
NEW_GLASGOW	2022	9	15	258	14	15	4.36023213734303	-999.9	0	5.59027777777778	10.3794773671864	330
NEW_GLASGOW	2022	9	16	259	10	15	9.64854257331463	-999.9	0	5.70601851851853	8.72282356633402	330
NEW_GLASGOW	2022	9	17	260	7.5	17.5	13.5016471436907	-999.9	1.2	4.71064814814814	9.96213734076237	330
NEW_GLASGOW	2022	9	18	261	10.5	15	8.96078867485631	-999.9	0	3.61111111111111	8.27686704956672	330
NEW_GLASGOW	2022	9	19	262	5.5	16	13.5403947088436	-999.9	0	2.15277777777778	8.97309331923457	330
NEW_GLASGOW	2022	9	20	263	4	15	13.7079814213848	-999.9	10.4	2.90509259259258	10.7722310378946	330
NEW_GLASGOW	2022	9	21	264	9	18	12.2626140887668	-999.9	5	2.34953703703704	17.8840200808025	330
NEW_GLASGOW	2022	9	22	265	10	19.5	12.4581283309305	-999.9	9	4.12037037037036	15.7104968441597	330
NEW_GLASGOW	2022	9	23	266	9	14	8.93614441443497	-999.9	56.2	5.89120370370369	14.1012613196254	330
NEW_GLASGOW	2022	9	24	267	3.5	11	10.8197058703541	-999.9	7.4	19.1666666666667	12.6996455674957	330
NEW_GLASGOW	2022	9	25	268	5	20	15.1250246330926	-999.9	4.4	4.34027777777778	10.7410860664083	330
NEW_GLASGOW	2022	9	26	269	11.5	19	10.5704454978116	-999.9	6.4	3.26388888888889	17.3379346679501	330
NEW_GLASGOW	2022	9	27	270	12	22	12.0620752850923	-999.9	1.6	2.89351851851853	19.2865680050877	330
NEW_GLASGOW	2022	9	28	271	10.5	21.5	12.5004484721976	-999.9	1	2.32638888888889	16.8556838412346	330
NEW_GLASGOW	2022	9	29	272	7	19	12.8995823378964	-999.9	0	2.32638888888889	12.8173837314921	330
NEW_GLASGOW	2022	9	30	273	2	17	14.2474045211562	-999.9	0	2.82407407407408	9.51848381784919	330
NEW_GLASGOW	2022	10	1	274	6	17	12.0515169527148	-999.9	0	3.61111111111111	11.3345765616728	330
NEW_GLASGOW	2022	10	2	275	5	11	8.79077719750087	-999.9	0	2.5	5.86822229660096	330
NEW_GLASGOW	2022	10	3	276	-1.5	13	13.49565248902	-999.9	0	1.19212962962963	6.92543868045083	330
NEW_GLASGOW	2022	10	4	277	1	17	13.9984862502085	-999.9	0	2.91666666666667	9.8410272497041	330
NEW_GLASGOW	2022	10	5	278	2	19.5	14.4545749552173	-999.9	0	1.97916666666667	12.8046046849004	330
NEW_GLASGOW	2022	10	6	279	5	16	11.3136568865163	-999.9	0	1.46990740740741	13.5416022236463	330
NEW_GLASGOW	2022	10	7	280	10	18	9.52419647479825	-999.9	0.6	1.75925925925926	15.9928303837813	330
NEW_GLASGOW	2022	10	8	281	9.5	15	7.79469232816809	-999.9	3.6	3.56481481481481	9.67142883071834	330
NEW_GLASGOW	2022	10	9	282	-1	12	11.8272153769587	-999.9	0.8	3.58796296296297	7.04490675272762	330
NEW_GLASGOW	2022	10	10	283	-2	11.5	11.8940901699123	-999.9	0	2.89351851851853	6.69110410344761	330
NEW_GLASGOW	2022	10	11	284	-1.5	14	12.5760858951857	-999.9	0	3.47222222222222	7.39292729893968	330
NEW_GLASGOW	2022	10	12	285	10	20	9.96685845517733	-999.9	0.3	2.67361111111111	8.98487344792861	330
NEW_GLASGOW	2022	10	13	286	4	19	12.0433563124082	-999.9	0	3.22916666666667	12.7374706690811	330
NEW_GLASGOW	2022	10	14	287	5	19	11.4782642717333	-999.9	0	4.24768518518519	14.2953401959569	330
NEW_GLASGOW	2022	10	15	288	11	18	8.00644990312743	-999.9	0	5.75231481481481	15.7019194172732	330
NEW_GLASGOW	2022	10	16	289	14	21.5	8.17467925537409	-999.9	0.5	2.36111111111111	16.9198793605825	330
NEW_GLASGOW	2022	10	17	290	10	14.5	6.24550816552968	-999.9	0.4	1.52777777777778	13.8609925929658	330
NEW_GLASGOW	2022	10	18	291	10	20	9.18242362358401	-999.9	0.3	5.02314814814814	14.3684152627473	330
NEW_GLASGOW	2022	10	19	292	12	19	7.57667496341376	-999.9	24.6	7.06018518518519	15.4863884431159	330
NEW_GLASGOW	2022	10	20	293	6	14	7.98777252534852	-999.9	0	4.15509259259258	10.0266102032032	330
NEW_GLASGOW	2022	10	21	294	6	15.5	8.58370202608494	-999.9	0	3.53009259259258	9.85951324519959	330
NEW_GLASGOW	2022	10	22	295	1.5	16.5	10.6358964026931	-999.9	0	4.34027777777778	10.7299802948164	330
NEW_GLASGOW	2022	10	23	296	8	20	9.38038702466601	-999.9	0	2.40740740740741	12.0279442685663	330
NEW_GLASGOW	2022	10	24	297	6	19	9.62702557008029	-999.9	4.4	1.49305555555556	13.1271614633779	330
NEW_GLASGOW	2022	10	25	298	11	20	7.89811388771114	-999.9	7.2	2.30324074074074	18.0533223993403	330
NEW_GLASGOW	2022	10	26	299	15	20	5.80447607060882	-999.9	13	3.28703703703703	19.3323000674873	330
NEW_GLASGOW	2022	10	27	300	16	20	5.11895168194689	-999.9	0.4	5.54398148148147	13.6242857343294	330
NEW_GLASGOW	2022	10	28	301	5.5	9.5	5.0472428219994	-999.9	0	3.98148148148147	5.97475944163676	330
NEW_GLASGOW	2022	10	29	302	-3	14.5	10.4092560036342	-999.9	0	3.53009259259258	6.74143448257202	330
NEW_GLASGOW	2022	10	30	303	5.5	14	7.1530806857757	-999.9	1	3.20601851851853	8.38189074022587	330
NEW_GLASGOW	2022	10	31	304	1	15	9.0519168158551	-999.9	0	2.89351851851853	8.8274478742675	330
NEW_GLASGOW	2022	11	1	305	2.5	15.5	8.60110835586787	-999.9	0.6	2.5	12.9603806673196	330
NEW_GLASGOW	2022	11	2	306	8.5	11	3.71942529537436	-999.9	0	6.01851851851853	7.21799187212505	330
NEW_GLASGOW	2022	11	3	307	0	10.5	7.51699266079554	-999.9	0	4.05092592592592	5.38955066424096	330
NEW_GLASGOW	2022	11	4	308	7	18	7.58776324477843	-999.9	0	5.10416666666667	11.4440856916623	330
NEW_GLASGOW	2022	11	5	309	10	18.5	6.57844157409112	-999.9	0	5.27777777777778	14.0326650462233	330
NEW_GLASGOW	2022	11	6	310	12	20	6.29487090300957	-999.9	1.2	6.55092592592592	17.0259043910461	330
NEW_GLASGOW	2022	11	7	311	13	18	4.90898068544616	-999.9	1.2	5.81018518518519	12.2859172031557	330
NEW_GLASGOW	2022	11	8	312	2.5	13	7.01787828434256	-999.9	0.4	7.43055555555556	4.97596660305993	330
NEW_GLASGOW	2022	11	9	313	0	13	7.70428517846612	-999.9	0	5.03472222222222	4.67459171496571	330
NEW_GLASGOW	2022	11	10	314	1	12.5	7.15003329079549	-999.9	1.2	5.23148148148147	7.87714773800662	330
NEW_GLASGOW	2022	11	11	315	-5	14	9.06959358141771	-999.9	19.2	2.15277777777778	9.02859606881837	330
NEW_GLASGOW	2022	11	12	316	8	19.5	6.96417630890888	-999.9	12	5.94907407407408	12.755745260977	330
NEW_GLASGOW	2022	11	13	317	2.5	10.5	5.73374225939516	-999.9	15	3.44907407407408	8.54092942222576	330
NEW_GLASGOW	2022	11	14	318	1.5	5	3.7442662613999	-999.9	1	7.06018518518519	7.96736291484786	330
NEW_GLASGOW	2022	11	15	319	0	3.5	3.69724459245238	-999.9	0.4	3.62268518518519	5.22306008032081	330
NEW_GLASGOW	2022	11	16	320	-1	2	3.38059364702001	-999.9	7.8	3.36805555555556	7.31480306004365	330
NEW_GLASGOW	2022	11	17	321	-0.5	3	3.60691681106316	-999.9	1.2	6.95601851851853	7.85718172228489	330
NEW_GLASGOW	2022	11	18	322	-3	0	3.2992784203711	-999.9	0	5.63657407407408	3.61597056933155	330
NEW_GLASGOW	2022	11	19	323	-4.5	2	4.79913166712029	-999.9	0.8	2.19907407407407	3.77130710979	330
NEW_GLASGOW	2022	11	20	324	-7.5	6.5	6.9616796254334	-999.9	0	5.06944444444445	5.2118777534726	330
NEW_GLASGOW	2022	11	21	325	-5	0	4.11320558500352	-999.9	1	6.01851851851853	3.38871978020271	330
NEW_GLASGOW	2022	11	22	326	-5	0	4.06754333775747	-999.9	0	4.375	3.71020892323318	330
NEW_GLASGOW	2022	11	23	327	-7	0.5	4.9276626423684	-999.9	0	4.35185185185186	3.14184548339848	330
NEW_GLASGOW	2022	11	24	328	-7.5	0	4.87551491920055	-999.9	0	5.04629629629631	2.80879880677799	330
NEW_GLASGOW	2022	11	25	329	-9.5	6	6.93675856316508	-999.9	13.2	4.10879629629631	4.50028067702081	330
NEW_GLASGOW	2022	11	26	330	0	5	3.90034388148581	-999.9	2.4	7.17592592592592	7.93874779604287	330
NEW_GLASGOW	2022	11	27	331	-3	8.5	5.85767378881443	-999.9	17.4	3.51851851851853	6.27308888470391	330
NEW_GLASGOW	2022	11	28	332	2	4.5	2.70545726085895	-999.9	15.8	5.01157407407408	7.13547890449518	330
NEW_GLASGOW	2022	11	29	333	-4.5	0	3.59676585938778	-999.9	0	4.36342592592592	3.50977613560403	330
NEW_GLASGOW	2022	11	30	334	-9	1	5.31479689924865	-999.9	22.6	4.46759259259258	5.08899307323525	330
NEW_GLASGOW	2022	12	1	335	0	6	4.08218979013779	-999.9	0	8.37962962962964	6.77486337078351	330
NEW_GLASGOW	2022	12	2	336	-8.5	-1	4.52724213652487	-999.9	0	3.88888888888889	3.17382535511669	330
NEW_GLASGOW	2022	12	3	337	-8.5	11	7.24377463827072	-999.9	7	6.45833333333333	5.87683622903599	330
NEW_GLASGOW	2022	12	4	338	-2.5	-1	1.99434845823369	-999.9	6	5.34722222222222	6.27143348222772	330
NEW_GLASGOW	2022	12	5	339	-8	1	4.85122934222925	-999.9	0	2.69675925925926	3.45835516025776	330
NEW_GLASGOW	2022	12	6	340	-5	4.5	4.95152280444146	-999.9	0	2.16435185185185	5.53251529763574	330
NEW_GLASGOW	2022	12	7	341	0	7	4.22422929843411	-999.9	6.6	5.41666666666667	8.66383731282244	330
NEW_GLASGOW	2022	12	8	342	4.5	7.5	2.74953472004279	-999.9	25.2	7.32638888888889	8.65124927801371	330
NEW_GLASGOW	2022	12	9	343	1.6	4.4	3.01799830724749	-999.9	8.4	7.33796296296297	7.01691751104196	330
NEW_GLASGOW	2022	12	10	344	-4.5	-2	2.48438001801047	-999.9	2	9.25925925925925	4.40075150034058	330
NEW_GLASGOW	2022	12	11	345	-7	-5	2.21216983355194	-999.9	0	5.48611111111111	3.10888933437047	330
NEW_GLASGOW	2022	12	12	346	-8.5	7	6.13360225370915	-999.9	2	2.98611111111111	3.27988991900745	330
NEW_GLASGOW	2022	12	13	347	-4.3	-0.6	3.42648098946243	-999.9	6.1	8.76157407407408	4.12645774976402	330
NEW_GLASGOW	2022	12	14	348	-5.5	5	5.01440242082676	-999.9	8.4	5.47453703703703	4.75139530478933	330
NEW_GLASGOW	2022	12	15	349	-1.5	3	3.27388528335821	-999.9	0.4	10.1851851851852	6.1848668565066	330
NEW_GLASGOW	2022	12	16	350	-1	2	2.66716384446887	-999.9	0	5.50925925925925	5.82922555684082	330
NEW_GLASGOW	2022	12	17	351	0	2.5	2.43047725453978	-999.9	0	4.86111111111111	5.87821217955996	330
NEW_GLASGOW	2022	12	18	352	0.5	1.5	1.53516764242159	-999.9	20.6	5.40509259259258	6.52079682397942	330
NEW_GLASGOW	2022	12	19	353	-2.5	2.5	3.42987016184981	-999.9	15.6	5.77546296296297	6.78018595175119	330
NEW_GLASGOW	2022	12	20	354	1	2.5	1.87792552478569	-999.9	2	7.73148148148147	6.51918398388534	330
NEW_GLASGOW	2022	12	21	355	0	2.5	2.42463440550711	-999.9	0	2.06018518518519	5.46155062188905	330
NEW_GLASGOW	2022	12	22	356	-6	3.5	4.72917123725118	-999.9	0	2.5	3.89287300907637	330
NEW_GLASGOW	2022	12	23	357	-10	10	6.86891849257878	-999.9	12.2	7.07175925925925	5.29098021095495	330
NEW_GLASGOW	2022	12	24	358	-1	3	3.0764938147988	-999.9	0	8.90046296296297	6.78957579920573	330
NEW_GLASGOW	2022	12	25	359	-6	5.5	5.22672116974022	-999.9	4	4.42129629629631	3.70659090421566	330
NEW_GLASGOW	2022	12	26	360	-10	10.5	6.99539456378814	-999.9	0	3.55324074074075	2.68665288446623	330
NEW_GLASGOW	2022	12	27	361	-7	-2	3.46476852286122	-999.9	2	2.68518518518519	3.16758519212543	330
NEW_GLASGOW	2022	12	28	362	-15	-2	5.60547195923927	-999.9	0	3.04398148148147	2.45331162792085	330
NEW_GLASGOW	2022	12	29	363	-6	4	4.93499996166153	-999.9	0	1.44675925925926	3.80438507706357	330
NEW_GLASGOW	2022	12	30	364	-2	8	4.95594995868119	-999.9	0.2	3.87731481481481	5.8466768468272	330
NEW_GLASGOW	2022	12	31	365	3	11	4.45350844663434	-999.9	4.6	4.05092592592592	8.81087282318701	330
