NEW_GLASGOW	2008	1	1	1	-9.5	-2	4.3341723677642	-999.9	0	3.61111111111111	3.04651554949837	330
NEW_GLASGOW	2008	1	2	2	-10	-2	4.50115248766192	-999.9	25	7.60416666666667	3.4834075707723	330
NEW_GLASGOW	2008	1	3	3	-10	-9	1.60089794952822	-999.9	7	5.11574074074075	2.25723274962215	330
NEW_GLASGOW	2008	1	4	4	-16.5	-7	4.96579393149364	-999.9	0	4.72222222222222	2.13991079459717	330
NEW_GLASGOW	2008	1	5	5	-8.5	-3	3.80404987304443	-999.9	0	3.75	3.00298680798262	330
NEW_GLASGOW	2008	1	6	6	-9	2	5.41838802293097	-999.9	0	2.80092592592592	4.69652281586767	330
NEW_GLASGOW	2008	1	7	7	0	5.5	3.86038822472224	-999.9	1.6	4.49074074074075	6.59189300910529	330
NEW_GLASGOW	2008	1	8	8	3	7	3.3183207597399	-999.9	2.6	3.31018518518519	8.09879930437276	330
NEW_GLASGOW	2008	1	9	9	1.5	10	4.87747607035322	-999.9	3.2	5.70601851851853	8.90663330803257	330
NEW_GLASGOW	2008	1	10	10	5	10	3.77330739087262	-999.9	6.2	6.43518518518519	5.0966365035821	330
NEW_GLASGOW	2008	1	11	11	-4	7.5	5.77413941275832	-999.9	12	3.04398148148147	4.78153690641787	330
NEW_GLASGOW	2008	1	12	12	-1.5	6	4.70668540466437	-999.9	0	4.36342592592592	7.23069269220396	330
NEW_GLASGOW	2008	1	13	13	-3.5	-1	2.74372795624664	-999.9	0	3.86574074074075	3.68559115531528	330
NEW_GLASGOW	2008	1	14	14	-7	-1.5	4.11030833428147	-999.9	6	4.73379629629631	3.76114565799126	330
NEW_GLASGOW	2008	1	15	15	-2	-1	1.77070293751744	-999.9	11.5	6.80555555555556	5.42826786631995	330
NEW_GLASGOW	2008	1	16	16	-3	-1	2.53069070204239	-999.9	5	8.58796296296297	4.0697190094246	330
NEW_GLASGOW	2008	1	17	17	-5	-3	2.55822170100053	-999.9	0	3.99305555555556	2.66169048526224	330
NEW_GLASGOW	2008	1	18	18	-15.5	4	8.07709782289598	-999.9	21	6.74768518518519	4.41801030646942	330
NEW_GLASGOW	2008	1	19	19	-4	-3	1.849965471405	-999.9	0	5.32407407407408	3.19740691828438	330
NEW_GLASGOW	2008	1	20	20	-10	-4	4.58427367926431	-999.9	6.5	4.28240740740742	2.02615667595342	330
NEW_GLASGOW	2008	1	21	21	-22	-15.5	4.82818118488199	-999.9	0	5.01157407407408	0.80181456658207	330
NEW_GLASGOW	2008	1	22	22	-19	-6	6.9107661188707	-999.9	0	5.23148148148147	2.02008812430859	330
NEW_GLASGOW	2008	1	23	23	-12	-6	4.75278821578044	-999.9	0	2.44212962962963	2.94630124803865	330
NEW_GLASGOW	2008	1	24	24	-16.5	-10	5.00879843973114	-999.9	0	2.48842592592593	1.68045505974465	330
NEW_GLASGOW	2008	1	25	25	-22	-13	5.96874430371948	-999.9	0	3.57638888888889	1.21945912230874	330
NEW_GLASGOW	2008	1	26	26	-22.5	-13	6.21132560505607	-999.9	0	3.09027777777778	1.2054454613083	330
NEW_GLASGOW	2008	1	27	27	-25.5	-5	9.2433907315464	-999.9	0	2.08333333333333	1.61872434664024	330
NEW_GLASGOW	2008	1	28	28	-13	0	7.45803304526378	-999.9	39	3.26388888888889	4.07457446282387	330
NEW_GLASGOW	2008	1	29	29	-1	0	2.09610263175537	-999.9	2.2	1.23842592592593	5.76254353460227	330
NEW_GLASGOW	2008	1	30	30	-1.5	5.5	5.62054636164516	-999.9	9.8	3.17129629629631	7.22585431674376	330
NEW_GLASGOW	2008	1	31	31	-5	-3.5	2.63720951392712	-999.9	0	5.86805555555556	3.01472082885107	330
NEW_GLASGOW	2008	2	1	32	-12	0	7.56148651916256	-999.9	4.8	2.41898148148148	2.62006459222949	330
NEW_GLASGOW	2008	2	2	33	-8	7.5	8.71251747027932	-999.9	13.2	8.18287037037036	5.54077337951903	330
NEW_GLASGOW	2008	2	3	34	-9.5	-4	5.26210893576313	-999.9	0	2.89351851851853	2.86811804474826	330
NEW_GLASGOW	2008	2	4	35	-13.5	-6	6.23081763396158	-999.9	0	2.29166666666667	2.69087876125805	330
NEW_GLASGOW	2008	2	5	36	-15.5	-4	7.8240281594167	-999.9	12	3.99305555555556	3.07069099145118	330
NEW_GLASGOW	2008	2	6	37	-5.5	-1.5	4.6795676288704	-999.9	0	2.97453703703703	4.7546433533331	330
NEW_GLASGOW	2008	2	7	38	-8	-6	3.35589423580077	-999.9	0	5.54398148148147	3.25579962475867	330
NEW_GLASGOW	2008	2	8	39	-15.5	-1.5	9.00521996350397	-999.9	1	1.89814814814815	3.31693202237704	330
NEW_GLASGOW	2008	2	9	40	-10.5	-2	7.11692907825722	-999.9	0	1.67824074074074	3.71115269587494	330
NEW_GLASGOW	2008	2	10	41	-8.5	-1	6.78076866639062	-999.9	25	4.76851851851853	4.6789538729995	330
NEW_GLASGOW	2008	2	11	42	-8.5	-4.5	5.02287301806248	-999.9	4	5.32608695652175	4.42468804647022	330
NEW_GLASGOW	2008	2	12	43	-9	-5	5.09485148189057	-999.9	0	4.76851851851853	2.29810942063471	330
NEW_GLASGOW	2008	2	13	44	-13.5	4	10.8094115473157	-999.9	36	2.55555555555556	3.00814378964566	330
NEW_GLASGOW	2008	2	14	45	-4	0	5.24195793071683	-999.9	0	4.64285714285714	3.82546024998162	330
NEW_GLASGOW	2008	2	15	46	-9.5	-2.5	7.03378401957585	-999.9	1	4.24768518518519	3.42970421762727	330
NEW_GLASGOW	2008	2	16	47	-15.5	-13	4.26362998419728	-999.9	0	4.75694444444445	1.70448715286434	330
NEW_GLASGOW	2008	2	17	48	-23	3	13.9461988440077	-999.9	5	3.81944444444444	1.951564593382	330
NEW_GLASGOW	2008	2	18	49	-8	10	11.7693519310819	-999.9	28	8.86574074074075	6.89707263467916	330
NEW_GLASGOW	2008	2	19	50	2.5	5	4.44854740861738	-999.9	5	5.64814814814814	6.48883398856833	330
NEW_GLASGOW	2008	2	20	51	-10	-5	6.38039268696215	-999.9	0	5.33564814814814	2.74473792419128	330
NEW_GLASGOW	2008	2	21	52	-13.5	-9	6.13850587043933	-999.9	0	3.68055555555556	1.40654620097467	330
NEW_GLASGOW	2008	2	22	53	-13.5	-5	8.55534197392848	-999.9	3.5	3.50694444444444	1.62304589128869	330
NEW_GLASGOW	2008	2	23	54	-7	-4	5.15389137342311	-999.9	0	3.03240740740742	2.69246897260467	330
NEW_GLASGOW	2008	2	24	55	-14	-0.5	11.0856538399176	-999.9	0	3.68055555555556	2.59777882931248	330
NEW_GLASGOW	2008	2	25	56	-5	4	9.17712158974181	-999.9	0	3.66898148148147	3.51929533929314	330
NEW_GLASGOW	2008	2	26	57	-3	3	7.59662498899655	-999.9	15	2.62731481481481	4.59506413887363	330
NEW_GLASGOW	2008	2	27	58	-3	5	8.89235980100382	-999.9	5.2	5.69444444444445	5.62056072873697	330
NEW_GLASGOW	2008	2	28	59	-8	-5	5.51982062862117	-999.9	3	4.43287037037036	2.68058367274056	330
NEW_GLASGOW	2008	2	29	60	-16	-10	7.91217490968112	-999.9	0	2.88194444444444	1.41046735685518	330
NEW_GLASGOW	2008	3	1	61	-22	0.5	15.5284962020066	-999.9	18	5.61342592592592	2.62514835924075	330
NEW_GLASGOW	2008	3	2	62	-7.5	-1	8.45810582497143	-999.9	7	8.72685185185186	4.28813844167145	330
NEW_GLASGOW	2008	3	3	63	-10.5	-4	8.57058235549478	-999.9	0	5.21990740740742	2.72347356601816	330
NEW_GLASGOW	2008	3	4	64	-9	5	12.744194815157	-999.9	2	6.81712962962964	4.72910552310433	330
NEW_GLASGOW	2008	3	5	65	-10	2.5	12.1998444641677	-999.9	9	6.59722222222222	4.67518588917182	330
NEW_GLASGOW	2008	3	6	66	-3.5	0	6.5394183138966	-999.9	0	4.46759259259258	4.53883199803349	330
NEW_GLASGOW	2008	3	7	67	-8	5.5	13.0086281034372	-999.9	19.4	3.37962962962964	4.32704325539017	330
NEW_GLASGOW	2008	3	8	68	-5	6.5	12.1597774150861	-999.9	18.4	3.40277777777778	6.70273588004374	330
NEW_GLASGOW	2008	3	9	69	-3	4	9.6070338885895	-999.9	4	3.19444444444444	4.27256644551468	330
NEW_GLASGOW	2008	3	10	70	-9	-4.5	7.79939036762793	-999.9	0	4.21568627450981	2.23222389701428	330
NEW_GLASGOW	2008	3	11	71	-14	-1.5	13.4695554329555	-999.9	0	3.48484848484847	3.05802165747259	330
NEW_GLASGOW	2008	3	12	72	-5.5	2	10.3195559140514	-999.9	0	3.96990740740742	3.98807617406855	330
NEW_GLASGOW	2008	3	13	73	-7.5	-5	6.03060025885021	-999.9	0	6.15740740740742	2.88464292635512	330
NEW_GLASGOW	2008	3	14	74	-13.5	-5	11.2540081300867	-999.9	0	2.39583333333333	2.07914902272048	330
NEW_GLASGOW	2008	3	15	75	-12.5	-5	10.6974916963833	-999.9	0	3.80787037037036	2.49559880106081	330
NEW_GLASGOW	2008	3	16	76	-9	-4	8.83762485248404	-999.9	0	4.50231481481481	3.01246799962545	330
NEW_GLASGOW	2008	3	17	77	-7.5	-1.5	9.79423377810515	-999.9	0	9.24768518518519	3.30503296404614	330
NEW_GLASGOW	2008	3	18	78	-9	-4	9.04416747351018	-999.9	0	8.91203703703703	2.39256558873767	330
NEW_GLASGOW	2008	3	19	79	-8	-3.5	8.67805795874238	-999.9	0	4.78009259259258	3.05863648120154	330
NEW_GLASGOW	2008	3	20	80	-6	5	13.7210954747794	-999.9	6	5.19675925925925	5.53349580232038	330
NEW_GLASGOW	2008	3	21	81	-4	-1.5	6.61426541500813	-999.9	4	6.57407407407408	4.55409781957556	330
NEW_GLASGOW	2008	3	22	82	-8.5	-5	7.91238517288353	-999.9	3	5.77546296296297	2.72981764945804	330
NEW_GLASGOW	2008	3	23	83	-10	-5	9.56010004139432	-999.9	0	6.48148148148147	2.1190841671317	330
NEW_GLASGOW	2008	3	24	84	-15	-1	16.169158440431	-999.9	0	2.95138888888889	1.74252369656657	330
NEW_GLASGOW	2008	3	25	85	-10	-7	7.56435024676041	-999.9	0	4.17824074074075	2.08429516467386	330
NEW_GLASGOW	2008	3	26	86	-10	-1	13.2391848443169	-999.9	0	6.22685185185186	3.51405225372005	330
NEW_GLASGOW	2008	3	27	87	-2.5	3	10.456623960675	-999.9	0	4.50231481481481	3.55424065552054	330
NEW_GLASGOW	2008	3	28	88	-2.5	-1	5.51654171725049	-999.9	2	3.53009259259258	4.44548950710854	330
NEW_GLASGOW	2008	3	29	89	-5	-2	7.88013859415955	-999.9	2	3.73842592592592	2.93294925196799	330
NEW_GLASGOW	2008	3	30	90	-10	-2	12.99603476156	-999.9	2	5.41666666666667	3.16334084207254	330
NEW_GLASGOW	2008	3	31	91	-12.5	0	16.4041642938046	-999.9	6	3.31018518518519	3.17506645502818	330
NEW_GLASGOW	2008	4	1	92	-0.5	8.5	14.0538109813984	-999.9	10.6	4.80324074074075	7.5593064469961	330
NEW_GLASGOW	2008	4	2	93	2	6.5	10.0321340889005	-999.9	1.6	7.61574074074075	5.13048044329955	330
NEW_GLASGOW	2008	4	3	94	-4.5	5	14.7130779578247	-999.9	0	7.98611111111111	2.58134308769227	330
NEW_GLASGOW	2008	4	4	95	3.5	11	13.1937262883405	-999.9	2.6	4.62962962962964	4.56899507720315	330
NEW_GLASGOW	2008	4	5	96	0.5	2.5	6.87523274672583	-999.9	2.2	4.40972222222222	6.25522001295779	330
NEW_GLASGOW	2008	4	6	97	-0.5	4.5	10.9681525686396	-999.9	0	3.68055555555556	5.20565243237378	330
NEW_GLASGOW	2008	4	7	98	-5	5	15.6482263916931	-999.9	0	3.11342592592592	4.99246175808543	330
NEW_GLASGOW	2008	4	8	99	-4.5	7	16.926662179843	-999.9	0	2.62731481481481	5.38664699308467	330
NEW_GLASGOW	2008	4	9	100	-3.5	16	22.2299118854887	-999.9	0	2.39583333333333	5.96914604542773	330
NEW_GLASGOW	2008	4	10	101	3	11	14.3583427135392	-999.9	3.6	4.72222222222222	6.55599149092157	330
NEW_GLASGOW	2008	4	11	102	3	8.5	12.0038494173155	-999.9	0	3.80434782608694	5.86348485561552	330
NEW_GLASGOW	2008	4	12	103	0.5	4.5	10.3202493930377	-999.9	6.7	2.67676767676768	6.4736749424752	330
NEW_GLASGOW	2008	4	13	104	0	1	5.20142675284856	-999.9	0.6	2.32638888888889	6.15496288149401	330
NEW_GLASGOW	2008	4	14	105	-1	4.5	12.2944068342939	-999.9	0	3.79629629629631	5.48730928917319	330
NEW_GLASGOW	2008	4	15	106	-1	15	21.1315627295565	-999.9	0	3.72685185185186	4.19618868326688	330
NEW_GLASGOW	2008	4	16	107	-3	14	21.9805609590489	-999.9	0	3.86574074074075	4.00371846455405	330
NEW_GLASGOW	2008	4	17	108	3	19	21.4510272513449	-999.9	0	5.97222222222222	4.45279852577804	330
NEW_GLASGOW	2008	4	18	109	4	13	16.2061876825709	-999.9	0	2.93981481481481	7.07425795638151	330
NEW_GLASGOW	2008	4	19	110	1	4.5	10.1790584211406	-999.9	0	4.84953703703703	5.54229234818294	330
NEW_GLASGOW	2008	4	20	111	-5	7.5	19.3724819213598	-999.9	0	2.02546296296296	4.67938567706188	330
NEW_GLASGOW	2008	4	21	112	2	8.5	14.0665159211195	-999.9	0	1.96759259259259	6.56560002810187	330
NEW_GLASGOW	2008	4	22	113	0	15	21.5138568118708	-999.9	1	2.10648148148148	7.40702173682359	330
NEW_GLASGOW	2008	4	23	114	2.5	8.5	13.6972843423502	-999.9	3.2	3.18287037037036	6.46176063827425	330
NEW_GLASGOW	2008	4	24	115	0	5	12.5855941655223	-999.9	19	3.20601851851853	5.77860846326253	330
NEW_GLASGOW	2008	4	25	116	-0.5	5	13.2844589109377	-999.9	0	5.83333333333333	5.60620938398806	330
NEW_GLASGOW	2008	4	26	117	0	7.5	15.6102963790829	-999.9	0	5.65972222222222	6.45596937834943	330
NEW_GLASGOW	2008	4	27	118	-2	7	17.2053778063589	-999.9	0	3.64583333333333	6.24392209066036	330
NEW_GLASGOW	2008	4	28	119	3.5	8	12.2392941269744	-999.9	0	3.56481481481481	7.06223569399849	330
NEW_GLASGOW	2008	4	29	120	2	14	20.104481327774	-999.9	0.6	5.45454545454544	11.2574089321541	330
NEW_GLASGOW	2008	4	30	121	6	9	10.1102119342121	-999.9	21.6	5	9.17180598299445	330
NEW_GLASGOW	2008	5	1	122	2.5	3	4.15075910971437	-999.9	23	4.64120370370369	7.21356728189022	330
NEW_GLASGOW	2008	5	2	123	2	6	11.8048697364723	-999.9	0.8	1.97916666666667	8.13233214603426	330
NEW_GLASGOW	2008	5	3	124	3.5	9	13.9170526770855	-999.9	0	3.05555555555556	7.10451444426646	330
NEW_GLASGOW	2008	5	4	125	-1.5	13.5	23.1042880860664	-999.9	0	1.68981481481481	7.60558965520875	330
NEW_GLASGOW	2008	5	5	126	6.5	12.5	14.6875784162622	-999.9	0.4	2.31481481481481	9.02550624750113	330
NEW_GLASGOW	2008	5	6	127	7.5	16	17.5694629154578	-999.9	0	1.95601851851852	9.0719547159559	330
NEW_GLASGOW	2008	5	7	128	7.5	18	19.6229916816086	-999.9	0.6	2.10648148148148	9.95126040140919	330
NEW_GLASGOW	2008	5	8	129	5	12	16.0986141771438	-999.9	10.2	3.24074074074075	9.49702869361886	330
NEW_GLASGOW	2008	5	9	130	7	9	8.64511908373383	-999.9	0.6	5.54398148148147	8.56757484956946	330
NEW_GLASGOW	2008	5	10	131	4	7.5	11.4882630837579	-999.9	0.2	5.18518518518519	8.41957495138083	330
NEW_GLASGOW	2008	5	11	132	4	6.5	9.75220511987002	-999.9	0	8.53009259259258	7.59783815332172	330
NEW_GLASGOW	2008	5	12	133	4	8.5	13.1401371802348	-999.9	0	6.93287037037036	7.42239481333813	330
NEW_GLASGOW	2008	5	13	134	3	8	13.9087483069925	-999.9	0	7.11805555555556	6.73813470343144	330
NEW_GLASGOW	2008	5	14	135	3.5	10	15.9227452015786	-999.9	0	5.56712962962964	7.20081467191516	330
NEW_GLASGOW	2008	5	15	136	1	11	19.8275262679063	-999.9	6.5	4.09722222222222	7.97739396691633	330
NEW_GLASGOW	2008	5	16	137	5	10.5	14.7606816573685	-999.9	0.4	2.80092592592592	9.12499022086279	330
NEW_GLASGOW	2008	5	17	138	3.5	7.5	12.634588049529	-999.9	9	3.77314814814814	8.8015402896487	330
NEW_GLASGOW	2008	5	18	139	5	17	21.96228047282	-999.9	3.8	4.45601851851853	10.6872430218166	330
NEW_GLASGOW	2008	5	19	140	9	14.5	14.9201702830077	-999.9	13	4.91898148148147	10.4200027764719	330
NEW_GLASGOW	2008	5	20	141	3.5	15	21.6469684967499	-999.9	1.4	5.49768518518519	9.04769469768612	330
NEW_GLASGOW	2008	5	21	142	3.5	10	16.3271684431953	-999.9	11.8	5.26620370370369	8.88019368475464	330
NEW_GLASGOW	2008	5	22	143	3.5	17	23.6035647681587	-999.9	1	3.00925925925925	10.7515187867931	330
NEW_GLASGOW	2008	5	23	144	5	12	17.0477443419858	-999.9	4.8	3.87731481481481	10.0912566439651	330
NEW_GLASGOW	2008	5	24	145	6	12	15.8289303002606	-999.9	0.8	3.84259259259258	8.82728379873602	330
NEW_GLASGOW	2008	5	25	146	5	18	23.3645097784167	-999.9	0	2.63888888888889	8.254461061582	330
NEW_GLASGOW	2008	5	26	147	10	22	22.5079456364412	-999.9	3.6	6.28472222222222	9.42376367367653	330
NEW_GLASGOW	2008	5	27	148	10	22	22.5656285108116	-999.9	6.6	7.09490740740742	13.8427900641946	330
NEW_GLASGOW	2008	5	28	149	5	14	19.5903021065207	-999.9	0	4.44444444444444	7.68673393062481	330
NEW_GLASGOW	2008	5	29	150	7.5	16.5	19.6361271996442	-999.9	5.2	5.12731481481481	8.58775075761922	330
NEW_GLASGOW	2008	5	30	151	6	16	20.7444086951962	-999.9	0	4.28240740740742	7.48425716587453	330
NEW_GLASGOW	2008	5	31	152	6	17	21.8029765747655	-999.9	10.6	5.20833333333333	9.69145336033823	330
NEW_GLASGOW	2008	6	1	153	9.5	21	22.3377170407761	-999.9	5.6	4.43287037037036	15.3101023083622	330
NEW_GLASGOW	2008	6	2	154	6.5	15.5	19.798564090002	-999.9	2.8	1.68981481481481	12.7445412686529	330
NEW_GLASGOW	2008	6	3	155	10.5	22.5	22.9022370163707	-999.9	9.6	3.62268518518519	13.1695231893227	330
NEW_GLASGOW	2008	6	4	156	10.5	14.5	13.2447723372066	-999.9	6	1.70138888888889	12.366854864778	330
NEW_GLASGOW	2008	6	5	157	9.5	14	14.0702060965204	-999.9	0	3.35648148148147	9.12552325450601	330
NEW_GLASGOW	2008	6	6	158	1	20	28.9536472631902	-999.9	0	2.39583333333333	8.49124775440953	330
NEW_GLASGOW	2008	6	7	159	9.5	20	21.5529178000017	-999.9	0	3.47222222222222	12.4939771021195	330
NEW_GLASGOW	2008	6	8	160	15	21.5	16.9787533259047	-999.9	0.8	3.86574074074075	16.6037676490349	330
NEW_GLASGOW	2008	6	9	161	14	16	9.42876145954824	-999.9	0	4.35185185185186	13.9817214840654	330
NEW_GLASGOW	2008	6	10	162	10	16.5	17.0153061074106	-999.9	0	2.40740740740741	13.2453083849211	330
NEW_GLASGOW	2008	6	11	163	13.5	21.5	18.8940254171723	-999.9	3.4	4.95370370370369	15.5608820006246	330
NEW_GLASGOW	2008	6	12	164	13	19	16.375877472895	-999.9	0	5.39351851851853	12.7124503152851	330
NEW_GLASGOW	2008	6	13	165	13	14	6.69008300640439	-999.9	0	8.09027777777778	9.01729827813788	330
NEW_GLASGOW	2008	6	14	166	9.5	12	10.5841798996074	-999.9	0.4	6.97916666666667	10.5741444608501	330
NEW_GLASGOW	2008	6	15	167	9.5	14	14.2069995585514	-999.9	0	4.10879629629631	12.3010908421255	330
NEW_GLASGOW	2008	6	16	168	10	16	16.4109559105263	-999.9	0	2.60416666666667	12.0045466878957	330
NEW_GLASGOW	2008	6	17	169	10	15	14.9850666512651	-999.9	0	1.74768518518519	13.2709299476736	330
NEW_GLASGOW	2008	6	18	170	14	19	14.987438530937	-999.9	11.4	4.08564814814814	14.7821255984347	330
NEW_GLASGOW	2008	6	19	171	12	19	17.7342778818916	-999.9	0	3.48379629629631	15.461917869904	330
NEW_GLASGOW	2008	6	20	172	13.5	21.5	18.9576684061658	-999.9	0	2.99768518518519	15.7897799918	330
NEW_GLASGOW	2008	6	21	173	12	21.5	20.6552546260885	-999.9	0.6	2.88194444444444	14.915960244057	330
NEW_GLASGOW	2008	6	22	174	11.5	26	25.511439650524	-999.9	0	3.91203703703703	16.0094485578092	330
NEW_GLASGOW	2008	6	23	175	17.5	26	19.5252249923468	-999.9	4.6	4.36342592592592	19.3491912314992	330
NEW_GLASGOW	2008	6	24	176	18.5	25	17.0660214041176	-999.9	0	4.20138888888889	19.3233971884327	330
NEW_GLASGOW	2008	6	25	177	17	23.5	17.0559028231002	-999.9	0	3.85416666666667	13.5284612967921	330
NEW_GLASGOW	2008	6	26	178	16	21	14.9485428316024	-999.9	11	2.77777777777778	16.0451689947739	330
NEW_GLASGOW	2008	6	27	179	14	16	9.44665518730661	-999.9	11.8	3.33333333333333	14.9923626469437	330
NEW_GLASGOW	2008	6	28	180	12.5	16.5	13.3473680404599	-999.9	0.4	3.86574074074075	12.9393678102543	330
NEW_GLASGOW	2008	6	29	181	11	12.6	12.4738363737136	-999.9	29.6	4.18981481481481	12.6657346221119	330
NEW_GLASGOW	2008	6	30	182	12.5	25	23.5443010004427	-999.9	0	4.54861111111111	19.4586489468657	330
NEW_GLASGOW	2008	7	1	183	18.5	27	19.3911147629025	-999.9	0	4.66435185185186	20.1952116866997	330
NEW_GLASGOW	2008	7	2	184	19	28	19.9264682801158	-999.9	0	4.32870370370369	20.0552463946232	330
NEW_GLASGOW	2008	7	3	185	18.5	27	19.3369290830779	-999.9	0	5.94907407407408	18.2913783911614	330
NEW_GLASGOW	2008	7	4	186	19	28	19.8665022649967	-999.9	0	2.97453703703703	13.914957499622	330
NEW_GLASGOW	2008	7	5	187	12	27	25.6047768774363	-999.9	0	2.75462962962963	13.6114522229392	330
NEW_GLASGOW	2008	7	6	188	19	28	19.7981615762258	-999.9	0	3.95833333333333	15.0750407906572	330
NEW_GLASGOW	2008	7	7	189	14.5	28.5	24.6461357973657	-999.9	0	4.76851851851853	17.4659230561818	330
NEW_GLASGOW	2008	7	8	190	16	30	24.5970452256797	-999.9	0	3.86363636363636	19.7709509955001	330
NEW_GLASGOW	2008	7	9	191	20.5	29	19.1256102262045	-999.9	0	5.59027777777778	22.8032921213783	330
NEW_GLASGOW	2008	7	10	192	20.5	24.5	13.0910800191968	-999.9	0	5.89120370370369	19.6397884851551	330
NEW_GLASGOW	2008	7	11	193	19	23	13.0607391987505	-999.9	0	3.125	15.5171550862568	330
NEW_GLASGOW	2008	7	12	194	10.5	23	23.0323147023808	-999.9	0	2.77777777777778	14.189801468294	330
NEW_GLASGOW	2008	7	13	195	11.5	26	24.7436538381245	-999.9	0	5.09259259259258	14.281457203584	330
NEW_GLASGOW	2008	7	14	196	18	23	14.4915355030261	-999.9	5.4	6.53935185185186	18.7275259153848	330
NEW_GLASGOW	2008	7	15	197	20	26	15.8309437371881	-999.9	0.8	3.78472222222222	20.9292600288467	330
NEW_GLASGOW	2008	7	16	198	15.5	27.2	23.2429239051775	-999.9	0	2.52314814814815	16.2383890407051	330
NEW_GLASGOW	2008	7	17	199	15.5	26.7	22.724158869226	-999.9	0	3.50694444444444	15.5575624605349	330
NEW_GLASGOW	2008	7	18	200	19	26	16.9471816497745	-999.9	11.6	1.74768518518519	17.7861966423437	330
NEW_GLASGOW	2008	7	19	201	16	21	14.2771905119852	-999.9	0.6	0.752314814814814	18.3774468450432	330
NEW_GLASGOW	2008	7	20	202	17	24.5	17.4280657771385	-999.9	2.8	2.89351851851853	17.7821443977467	330
NEW_GLASGOW	2008	7	21	203	19	20	6.34206554430411	-999.9	9.6	3.33333333333333	18.9455146362974	330
NEW_GLASGOW	2008	7	22	204	17.5	20	9.99226850795696	-999.9	1	4.375	17.5256147657104	330
NEW_GLASGOW	2008	7	23	205	17	24	16.6593289912333	-999.9	0	3.27546296296297	17.7815024202284	330
NEW_GLASGOW	2008	7	24	206	20	29	18.81893252303	-999.9	0	3.26388888888889	20.0965027190493	330
NEW_GLASGOW	2008	7	25	207	21	26	13.9725170410533	-999.9	0	5.27777777777778	24.0345323445535	330
NEW_GLASGOW	2008	7	26	208	16	27.5	21.1059528232437	-999.9	0	4.43287037037036	20.8920610377615	330
NEW_GLASGOW	2008	7	27	209	13.5	27.5	23.1919221894061	-999.9	0	3.09027777777778	19.0702432766505	330
NEW_GLASGOW	2008	7	28	210	17	25	17.4575981738616	-999.9	0	3.13657407407408	19.0565186949116	330
NEW_GLASGOW	2008	7	29	211	17.5	26.5	18.4364546050114	-999.9	0	2.25694444444444	20.0372029766787	330
NEW_GLASGOW	2008	7	30	212	17	26	18.3545496835691	-999.9	0.6	1.93287037037037	18.3451052907746	330
NEW_GLASGOW	2008	7	31	213	13.5	23.3	20.2123866254308	-999.9	0	1.16898148148148	18.1603630008573	330
NEW_GLASGOW	2008	8	1	214	17.5	23.5	16.04898242139	-999.9	0	3.29861111111111	18.638983764936	330
NEW_GLASGOW	2008	8	2	215	17	19.5	9.53865859125242	-999.9	18.2	4.30555555555556	17.5685769181201	330
NEW_GLASGOW	2008	8	3	216	17.5	19.5	8.48975393531814	-999.9	34	5.92592592592592	18.3034401402241	330
NEW_GLASGOW	2008	8	4	217	14	15	5.97298544073727	-999.9	3.2	5.12731481481481	15.8054993086228	330
NEW_GLASGOW	2008	8	5	218	12.5	17	12.6054215315653	-999.9	2.2	6.18055555555556	14.7297515549992	330
NEW_GLASGOW	2008	8	6	219	13.5	17	11.0584145824872	-999.9	2.2	4.09722222222222	14.4805393737481	330
NEW_GLASGOW	2008	8	7	220	13.5	18	12.4715564642155	-999.9	0.6	1.68981481481481	14.9682960857056	330
NEW_GLASGOW	2008	8	8	221	13.5	21.5	16.5372209496851	-999.9	1.2	2.32638888888889	16.0733788825354	330
NEW_GLASGOW	2008	8	9	222	16.5	19	9.19259247377459	-999.9	4.2	2.29166666666667	18.0445305272581	330
NEW_GLASGOW	2008	8	10	223	15.5	22	14.737446192184	-999.9	1.4	1.26157407407407	18.8007635960995	330
NEW_GLASGOW	2008	8	11	224	14	20.5	14.6509780211402	-999.9	0	1.59722222222222	18.6062842878307	330
NEW_GLASGOW	2008	8	12	225	17.5	19	6.99594739201008	-999.9	8.2	1.80555555555556	17.2759066022395	330
NEW_GLASGOW	2008	8	13	226	17	22.5	13.3143371177527	-999.9	0.8	3.17129629629631	18.1335251935807	330
NEW_GLASGOW	2008	8	14	227	10	23	20.3419817746296	-999.9	0	2.09490740740741	16.4844214495931	330
NEW_GLASGOW	2008	8	15	228	13.5	24	18.1654201481937	-999.9	0	2.60416666666667	17.5662809001306	330
NEW_GLASGOW	2008	8	16	229	14.5	21.5	14.7358304335159	-999.9	6.2	3.64583333333333	18.2658554409086	330
NEW_GLASGOW	2008	8	17	230	16.5	25	16.130773602268	-999.9	3	3.80787037037036	17.38346694631	330
NEW_GLASGOW	2008	8	18	231	10	24.5	20.9264215256951	-999.9	0	3.20601851851853	13.6945888957632	330
NEW_GLASGOW	2008	8	19	232	15	22.5	14.9469194308099	-999.9	12	4.24768518518519	16.4752523654398	330
NEW_GLASGOW	2008	8	20	233	12.5	16	10.1393426998377	-999.9	1	3.75	12.1021481396073	330
NEW_GLASGOW	2008	8	21	234	12	23	17.8472470397582	-999.9	0.4	3.25163398692811	13.6661742152093	330
NEW_GLASGOW	2008	8	22	235	12.5	28.5	21.3687032200231	-999.9	0	3.10846560846561	17.7038476318202	330
NEW_GLASGOW	2008	8	23	236	16	27	17.5874046295887	-999.9	0	4.81481481481481	18.6343967745237	330
NEW_GLASGOW	2008	8	24	237	15	24.5	16.2217683460104	-999.9	17.8	4.84953703703703	15.5829007313426	330
NEW_GLASGOW	2008	8	25	238	18	25	13.8184691334481	-999.9	14.6	3.79629629629631	21.7447982229762	330
NEW_GLASGOW	2008	8	26	239	16	24	14.6579681388423	-999.9	0	3.33333333333333	15.532070789579	330
NEW_GLASGOW	2008	8	27	240	17	20	8.9053386032937	-999.9	0	6.25	16.5952124741896	330
NEW_GLASGOW	2008	8	28	241	16	20	10.2005555284542	-999.9	2.4	5.32407407407408	17.730179214406	330
NEW_GLASGOW	2008	8	29	242	15	18.5	9.46399923625906	-999.9	2.2	4.66435185185186	18.0131558495932	330
NEW_GLASGOW	2008	8	30	243	16	21	11.2179938831352	-999.9	1.8	3.125	19.6095139735807	330
NEW_GLASGOW	2008	8	31	244	15	22.5	13.6236315681367	-999.9	32	3.29861111111111	19.1200827106107	330
NEW_GLASGOW	2008	9	1	245	15	18	8.5427434535763	-999.9	29.2	6.78240740740742	17.6763935280187	330
NEW_GLASGOW	2008	9	2	246	12.5	19	12.4655143291475	-999.9	0.6	3.46064814814814	15.9088206829587	330
NEW_GLASGOW	2008	9	3	247	15.5	20	10.280607638744	-999.9	7.2	2.17592592592593	18.1693004211297	330
NEW_GLASGOW	2008	9	4	248	15	24	14.409036048778	-999.9	1.4	3.49537037037036	19.4335022497071	330
NEW_GLASGOW	2008	9	5	249	15	25	15.050707087302	-999.9	0	2.41898148148148	14.6836143531033	330
NEW_GLASGOW	2008	9	6	250	15	25	14.912215861015	-999.9	13	5.57870370370369	20.7658299846976	330
NEW_GLASGOW	2008	9	7	251	19	20	4.67164130501397	-999.9	61.8	4.40821256038647	20.5381359261871	330
NEW_GLASGOW	2008	9	8	252	15	19.5	9.81623820505557	-999.9	1	3.76157407407408	16.4484200425087	330
NEW_GLASGOW	2008	9	9	253	13	22	13.7490119417242	-999.9	2	5.26620370370369	15.9212915182374	330
NEW_GLASGOW	2008	9	10	254	11.5	17	10.6435153995275	-999.9	0	4.81481481481481	11.0646901311139	330
NEW_GLASGOW	2008	9	11	255	9.5	19	13.8503660209993	-999.9	0	2.56944444444444	10.8817623529846	330
NEW_GLASGOW	2008	9	12	256	7.5	19	15.0864256055229	-999.9	0.8	3.83101851851853	11.9494197412114	330
NEW_GLASGOW	2008	9	13	257	13	16.5	8.23857047910595	-999.9	0.4	2.87037037037036	14.4145062719709	330
NEW_GLASGOW	2008	9	14	258	10.5	19.5	13.0756134081178	-999.9	0	4.69907407407408	16.8866970589737	330
NEW_GLASGOW	2008	9	15	259	15.5	24.5	12.9398073790356	-999.9	0	8.47222222222222	18.4678080071982	330
NEW_GLASGOW	2008	9	16	260	13	14.5	5.22710118311206	-999.9	0	3.63425925925925	10.6401833928344	330
NEW_GLASGOW	2008	9	17	261	5.5	20	16.0787111130609	-999.9	0	3.48379629629631	12.6523541619393	330
NEW_GLASGOW	2008	9	18	262	7.5	13.5	10.2314769329546	-999.9	2.2	4.31712962962964	10.2348469880566	330
NEW_GLASGOW	2008	9	19	263	2.5	13.5	13.7024542740309	-999.9	0	2.60416666666667	6.95678785440599	330
NEW_GLASGOW	2008	9	20	264	3	18	15.8245425338994	-999.9	0	5.24305555555556	10.9865211813614	330
NEW_GLASGOW	2008	9	21	265	10	15	9.0343861932046	-999.9	0	3.39120370370369	10.3640049310792	330
NEW_GLASGOW	2008	9	22	266	2.5	14.5	13.8381305962046	-999.9	0	2.52314814814815	8.33543179361777	330
NEW_GLASGOW	2008	9	23	267	0.5	13.5	14.2389232520458	-999.9	0	3.15972222222222	7.38940029134947	330
NEW_GLASGOW	2008	9	24	268	2.5	14	13.2379003387661	-999.9	0	2.59259259259259	8.80398389803165	330
NEW_GLASGOW	2008	9	25	269	0.5	20	17.0372234430963	-999.9	0	4.46759259259258	9.93633930909848	330
NEW_GLASGOW	2008	9	26	270	10.5	19.5	11.43829581638	-999.9	0	4.15509259259258	12.1204976607868	330
NEW_GLASGOW	2008	9	27	271	11.5	18.5	9.96771334723667	-999.9	3	4.40972222222222	15.3673718057889	330
NEW_GLASGOW	2008	9	28	272	16.5	21	7.89601270768825	-999.9	17.6	5.76388888888889	18.5231369782664	330
NEW_GLASGOW	2008	9	29	273	14	17	6.36893256455577	-999.9	4.8	6.97916666666667	15.0327849234311	330
NEW_GLASGOW	2008	9	30	274	10.5	12	4.44842524570942	-999.9	1.6	3.27546296296297	11.3183030878027	330
NEW_GLASGOW	2008	10	1	275	5.5	15	11.0567679690202	-999.9	0	2.12962962962963	11.3958589306265	330
NEW_GLASGOW	2008	10	2	276	9.5	15	8.30817207677816	-999.9	3.4	6.52777777777778	12.8963232210426	330
NEW_GLASGOW	2008	10	3	277	12.5	16	6.54438622506068	-999.9	8.8	5.9375	9.75683667589214	330
NEW_GLASGOW	2008	10	4	278	7	12	7.72297695911375	-999.9	0	6.11111111111111	8.96059004676039	330
NEW_GLASGOW	2008	10	5	279	5	13	9.64416800026457	-999.9	0	2.98611111111111	9.73736573479109	330
NEW_GLASGOW	2008	10	6	280	2.5	12	10.3742808710976	-999.9	0	3.05555555555556	8.23226505406429	330
NEW_GLASGOW	2008	10	7	281	3.5	10	8.47006902677081	-999.9	1	4.36342592592592	7.94682268693017	330
NEW_GLASGOW	2008	10	8	282	5	11	8.03154215437023	-999.9	0	4.28240740740742	8.03006167212875	330
NEW_GLASGOW	2008	10	9	283	3	14	10.7318126372682	-999.9	1.2	4.76851851851853	11.7996280721657	330
NEW_GLASGOW	2008	10	10	284	10	16	7.82109633229654	-999.9	1	4.44444444444444	11.5405157338493	330
NEW_GLASGOW	2008	10	11	285	7	13.5	8.03206767793979	-999.9	0	3.48379629629631	9.6349109107755	330
NEW_GLASGOW	2008	10	12	286	-0.5	14	11.8358208444303	-999.9	1.6	1.72453703703704	10.1047018114593	330
NEW_GLASGOW	2008	10	13	287	3.5	11	8.39760521971122	-999.9	0.4	3.20601851851853	10.1200185887358	330
NEW_GLASGOW	2008	10	14	288	1	13	10.4783866359415	-999.9	0	3.79629629629631	9.22600290710858	330
NEW_GLASGOW	2008	10	15	289	8.5	13.5	6.67172570055218	-999.9	0	3.09027777777778	9.817923052142	330
NEW_GLASGOW	2008	10	16	290	7	14.5	8.05945307567635	-999.9	7.8	2.65046296296296	11.2041156473409	330
NEW_GLASGOW	2008	10	17	291	9	11.5	4.58924380629971	-999.9	0.6	4.08564814814814	8.81634795853866	330
NEW_GLASGOW	2008	10	18	292	0.5	11	9.275525715789	-999.9	0	3.05555555555556	6.30728376057322	330
NEW_GLASGOW	2008	10	19	293	-1	13	10.5623235709829	-999.9	0	1.96759259259259	6.10107469510702	330
NEW_GLASGOW	2008	10	20	294	-5	10	10.781365834499	-999.9	0	3.03240740740742	7.00620629428193	330
NEW_GLASGOW	2008	10	21	295	7	10	4.75450215002846	-999.9	5.8	7.02546296296297	8.25583130015924	330
NEW_GLASGOW	2008	10	22	296	4.5	6.4	3.33352380495229	-999.9	8.2	8.04398148148147	7.22963517097167	330
NEW_GLASGOW	2008	10	23	297	3	6.5	4.99311840188821	-999.9	0	6.16898148148147	5.5093430211709	330
NEW_GLASGOW	2008	10	24	298	-0.5	9	8.11114463317682	-999.9	0	3.17129629629631	6.3865746420255	330
NEW_GLASGOW	2008	10	25	299	-3	15	11.0086320243637	-999.9	0	3.61111111111111	7.65788722309948	330
NEW_GLASGOW	2008	10	26	300	3.5	15.5	8.86261069173591	-999.9	7.2	7.65046296296297	10.4646336552419	330
NEW_GLASGOW	2008	10	27	301	13.5	16	3.98855163813887	-999.9	11.4	7.44212962962964	15.526751443411	330
NEW_GLASGOW	2008	10	28	302	12	14	3.51752936895402	-999.9	9	8.29861111111111	14.7855999218012	330
NEW_GLASGOW	2008	10	29	303	9	13	4.90497552534665	-999.9	1	7.25694444444445	9.41123370697995	330
NEW_GLASGOW	2008	10	30	304	2.5	8	5.67129514489534	-999.9	0.4	4.40972222222222	6.29807445886164	330
NEW_GLASGOW	2008	10	31	305	2.5	6	4.4611042719055	-999.9	1	3.31018518518519	6.90886637499	330
NEW_GLASGOW	2008	11	1	306	2.5	6.5	4.70286750427592	-999.9	0	4.45601851851853	4.81187563673583	330
NEW_GLASGOW	2008	11	2	307	-2	2	4.63775441158733	-999.9	2	4.72222222222222	4.03994100327416	330
NEW_GLASGOW	2008	11	3	308	-3	7	7.2318120008797	-999.9	0	4.67592592592592	4.94467954163869	330
NEW_GLASGOW	2008	11	4	309	5	10.5	5.28963964682089	-999.9	0	3.21759259259258	7.74815860784755	330
NEW_GLASGOW	2008	11	5	310	7	14.5	6.09263546619402	-999.9	0	5.47453703703703	11.6402006290031	330
NEW_GLASGOW	2008	11	6	311	7	16.5	6.76398221668568	-999.9	1.2	3.76157407407408	14.4652304966621	330
NEW_GLASGOW	2008	11	7	312	7.5	15	5.92895033330675	-999.9	9.1	3.10185185185186	16.1080140617746	330
NEW_GLASGOW	2008	11	8	313	9	13	4.27197195509514	-999.9	0	1.70138888888889	13.7080844462688	330
NEW_GLASGOW	2008	11	9	314	9	16.5	5.77203935109172	-999.9	0	4.28240740740742	14.7406302435455	330
NEW_GLASGOW	2008	11	10	315	5	10	4.65090404575746	-999.9	0.6	3.73842592592592	8.81871753413157	330
NEW_GLASGOW	2008	11	11	316	3	4.5	2.51425730757453	-999.9	1.8	5.17361111111111	7.86984590530324	330
NEW_GLASGOW	2008	11	12	317	2.5	5	3.20411720040783	-999.9	0	3.46064814814814	6.17923638319246	330
NEW_GLASGOW	2008	11	13	318	2.5	6	3.7429494344136	-999.9	0	2.07175925925926	5.62741203031454	330
NEW_GLASGOW	2008	11	14	319	-2.5	10.5	7.12303616852209	-999.9	1.8	5.15046296296297	7.23267017079457	330
NEW_GLASGOW	2008	11	15	320	8.5	18	6.01375311440255	-999.9	3.6	6.20370370370369	14.1181421577534	330
NEW_GLASGOW	2008	11	16	321	10.5	19	5.61907990430295	-999.9	19	9.83796296296297	13.0115039159591	330
NEW_GLASGOW	2008	11	17	322	4	7.5	3.56244568855684	-999.9	0	5.26620370370369	4.88726705241407	330
NEW_GLASGOW	2008	11	18	323	-2.5	4.5	4.97866842550359	-999.9	3.6	2.98611111111111	5.59124898052162	330
NEW_GLASGOW	2008	11	19	324	1	5	3.719979699318	-999.9	31.2	9.40972222222222	7.15728457227859	330
NEW_GLASGOW	2008	11	20	325	-2.5	-1.5	1.83890117782084	-999.9	0	5.79861111111111	4.52329347028343	330
NEW_GLASGOW	2008	11	21	326	-7	0	4.81129133948456	-999.9	19	4.00462962962964	3.40671652307229	330
NEW_GLASGOW	2008	11	22	327	-6	2	5.08772121179529	-999.9	11	7.08333333333333	5.08162777373936	330
NEW_GLASGOW	2008	11	23	328	-8	-4	3.55951158986986	-999.9	1	6.26157407407408	2.7410452434769	330
NEW_GLASGOW	2008	11	24	329	-8	-3	3.93866391949306	-999.9	0	3.18287037037036	2.74928268771901	330
NEW_GLASGOW	2008	11	25	330	-15	4	7.60099729704323	-999.9	0	2.53968253968254	3.33245190808064	330
NEW_GLASGOW	2008	11	26	331	-2	7	5.18055320168359	-999.9	1	5.47453703703703	6.36429754519624	330
NEW_GLASGOW	2008	11	27	332	2	4	2.4191738796046	-999.9	0	2.06018518518519	7.02081290369778	330
NEW_GLASGOW	2008	11	28	333	0	6	4.152080766435	-999.9	2.8	2.88194444444444	7.18994182396122	330
NEW_GLASGOW	2008	11	29	334	2.5	5.5	2.91027783749267	-999.9	0	5.27777777777778	6.86268914468976	330
NEW_GLASGOW	2008	11	30	335	-2.5	2.5	3.72556946480092	-999.9	12.6	3.00925925925925	5.18353178601315	330
NEW_GLASGOW	2008	12	1	336	-3.5	14	6.91377442797852	-999.9	8.7	5.12731481481481	9.25558160931679	330
NEW_GLASGOW	2008	12	2	337	5	9	3.27999931819222	-999.9	0	5.64814814814814	6.70550862722485	330
NEW_GLASGOW	2008	12	3	338	-2.5	3	3.81800049899321	-999.9	0	2.02546296296296	5.35604156665617	330
NEW_GLASGOW	2008	12	4	339	-3	8.5	5.48254031604327	-999.9	1.2	5.50925925925925	6.22198429093851	330
NEW_GLASGOW	2008	12	5	340	-2.5	2.5	3.59143102576104	-999.9	0	3.70370370370369	4.29222619697949	330
NEW_GLASGOW	2008	12	6	341	-9	0	4.78881982176488	-999.9	0	2.40740740740741	3.00340302932293	330
NEW_GLASGOW	2008	12	7	342	-5	3	4.48906225653657	-999.9	20.6	4.81481481481481	5.38955023360758	330
NEW_GLASGOW	2008	12	8	343	-8	-2.5	3.70234963960082	-999.9	4	6.77083333333333	4.07585419552333	330
NEW_GLASGOW	2008	12	9	344	-11	7	6.6650439098175	-999.9	20	5.34722222222222	3.80448398302878	330
NEW_GLASGOW	2008	12	10	345	-5	13	6.63531991712628	-999.9	26.4	7.83564814814814	8.93611933099241	330
NEW_GLASGOW	2008	12	11	346	-1	0.5	1.90774790844674	-999.9	7.2	3.37962962962964	5.01101385528074	330
NEW_GLASGOW	2008	12	12	347	-1	16.5	6.49288164553048	-999.9	12.1	6.29629629629631	10.2197402366603	330
NEW_GLASGOW	2008	12	13	348	-5	-0.5	3.28218766822191	-999.9	7	5.12731481481481	4.73558743067643	330
NEW_GLASGOW	2008	12	14	349	-9	4	5.56371743479411	-999.9	0	4.59490740740742	3.65078349501783	330
NEW_GLASGOW	2008	12	15	350	-6	14	6.88563287696222	-999.9	0.9	6.92129629629631	8.4677827371479	330
NEW_GLASGOW	2008	12	16	351	-1.5	7	4.48099505621617	-999.9	0	6.23842592592592	5.35051511425427	330
NEW_GLASGOW	2008	12	17	352	-6.5	-1.5	3.43232133244816	-999.9	16	3.39120370370369	3.72384869942412	330
NEW_GLASGOW	2008	12	18	353	-8	-4	3.06742196651969	-999.9	0	2.92270531400967	3.55506738577223	330
NEW_GLASGOW	2008	12	19	354	-14	-8	3.75545848846663	-999.9	1	4.80324074074075	2.11316642096216	330
NEW_GLASGOW	2008	12	20	355	-14	-8	3.75586764240318	-999.9	3	5.13888888888889	2.29966539759356	330
NEW_GLASGOW	2008	12	21	356	-16	-1.5	5.84210631185835	-999.9	10	3.13657407407408	2.32553903563175	330
NEW_GLASGOW	2008	12	22	357	-10.5	-1.5	4.60745065652375	-999.9	7	10.2199074074074	4.11470453792307	330
NEW_GLASGOW	2008	12	23	358	-12	-8	3.07628101785385	-999.9	0	5.3125	1.90480956939711	330
NEW_GLASGOW	2008	12	24	359	-12	9	7.06258903328392	-999.9	28.8	3.72685185185186	3.87631964865981	330
NEW_GLASGOW	2008	12	25	360	-1	5	3.7843276599581	-999.9	1.8	7.66203703703703	4.6839545205726	330
NEW_GLASGOW	2008	12	26	361	-16	-11	3.4646232998925	-999.9	0	4.36342592592592	2.04950658669368	330
NEW_GLASGOW	2008	12	27	362	-16.5	2	6.68670510530747	-999.9	2.2	3.50694444444444	2.5920547751077	330
NEW_GLASGOW	2008	12	28	363	-5	9	5.83903390842246	-999.9	0.4	6.88657407407408	7.90484211972985	330
NEW_GLASGOW	2008	12	29	364	0	4.5	3.32450544161772	-999.9	0	5.30092592592592	5.30224804812255	330
NEW_GLASGOW	2008	12	30	365	-4	-1.3	2.24871494517954	-999.9	0.4	3.98148148148147	4.2386811774228	330
NEW_GLASGOW	2008	12	31	366	-7	-3.1	3.57361022194355	-999.9	21.2	2.63888888888889	3.71210537802891	330
