NEW_GLASGOW	2014	1	1	1	-19	-14	3.53883682802925	-999.9	0	3.77314814814814	1.20100860105961	330
NEW_GLASGOW	2014	1	2	2	-25	-12	5.7378654993463	-999.9	0	4.18981481481481	0.821862192362563	330
NEW_GLASGOW	2014	1	3	3	-24	-11	5.77211830253815	-999.9	10	7.83564814814814	1.49774324021403	330
NEW_GLASGOW	2014	1	4	4	-21.5	-5.5	6.44446252747565	-999.9	0	5.32407407407408	1.36889001928401	330
NEW_GLASGOW	2014	1	5	5	-16	-3	5.84838902442456	-999.9	0	2.47685185185185	3.09756748832812	330
NEW_GLASGOW	2014	1	6	6	-12.5	10	7.74933821660408	-999.9	2.4	7.17592592592592	5.54417941792817	330
NEW_GLASGOW	2014	1	7	7	-8.5	-2	4.19667915109666	-999.9	0	7.74305555555556	3.48723341161606	330
NEW_GLASGOW	2014	1	8	8	-14	-9.5	3.5196048654402	-999.9	0	7.75252525252525	1.32593020693305	330
NEW_GLASGOW	2014	1	9	9	-14.5	-8.5	4.09789101837583	-999.9	0	4.34782608695653	1.47802065449208	330
NEW_GLASGOW	2014	1	10	10	-17	-2.5	6.42569442035522	-999.9	0	3.48379629629631	1.78641233306465	330
NEW_GLASGOW	2014	1	11	11	-10	10	7.6146858884037	-999.9	6.4	4.95370370370369	6.15917624887324	330
NEW_GLASGOW	2014	1	12	12	3.5	9.5	4.2097718477521	-999.9	0.4	7.17592592592592	7.7081115662872	330
NEW_GLASGOW	2014	1	13	13	-2	4	4.25054665752568	-999.9	0	4.80324074074075	4.08401475416667	330
NEW_GLASGOW	2014	1	14	14	-2	10.5	6.19649186572254	-999.9	26.8	6.59722222222222	7.63847384077079	330
NEW_GLASGOW	2014	1	15	15	1	6.5	4.15264258982724	-999.9	0.2	4.15509259259258	8.04741935413376	330
NEW_GLASGOW	2014	1	16	16	1	2.5	2.19162811016237	-999.9	12.6	2.08333333333333	6.51373841036393	330
NEW_GLASGOW	2014	1	17	17	-0.5	3.5	3.61784516565145	-999.9	0.4	2.52314814814815	6.55704337790352	330
NEW_GLASGOW	2014	1	18	18	1	3	2.58672018883232	-999.9	0	2.08333333333333	6.13915496444015	330
NEW_GLASGOW	2014	1	19	19	-3	1	3.69989699621871	-999.9	3.5	4.45601851851853	5.04234549852437	330
NEW_GLASGOW	2014	1	20	20	-3	-1	2.6467047829426	-999.9	2	4.81481481481481	3.70480108013504	330
NEW_GLASGOW	2014	1	21	21	-15	-10.5	4.01724471149914	-999.9	0	3.64583333333333	1.50493801602214	330
NEW_GLASGOW	2014	1	22	22	-14	-7.5	4.8865898072839	-999.9	20	7.62731481481481	2.38253327447452	330
NEW_GLASGOW	2014	1	23	23	-13.5	-10	3.62995352406201	-999.9	0	4.67592592592592	1.77289789369827	330
NEW_GLASGOW	2014	1	24	24	-19.5	-12.5	5.19780043055063	-999.9	0	2.73148148148148	1.2105457694745	330
NEW_GLASGOW	2014	1	25	25	-24	5	10.7140557474369	-999.9	10.8	6.80555555555556	2.68580673825931	330
NEW_GLASGOW	2014	1	26	26	-9	3.5	7.12475842841105	-999.9	0.6	9.07407407407408	3.1451567566692	330
NEW_GLASGOW	2014	1	27	27	-15	5.5	9.24322229713306	-999.9	1.4	6.37731481481481	3.24578238777494	330
NEW_GLASGOW	2014	1	28	28	-12	-9.5	3.270499912318	-999.9	0	5	1.72185355454963	330
NEW_GLASGOW	2014	1	29	29	-15	-9	5.13427451131711	-999.9	2	3.22916666666667	1.85223210494515	330
NEW_GLASGOW	2014	1	30	30	-13.5	-3	6.88358167189726	-999.9	0	3.98148148148147	1.84793698906196	330
NEW_GLASGOW	2014	1	31	31	-15	3	9.1353445965501	-999.9	0	5.90277777777778	3.47903787942802	330
NEW_GLASGOW	2014	2	1	32	-7.5	-0.5	5.7750348771172	-999.9	5	2.89351851851853	3.13836622712079	330
NEW_GLASGOW	2014	2	2	33	-7	3	6.99787504741188	-999.9	0	3.95833333333333	5.31225932626016	330
NEW_GLASGOW	2014	2	3	34	-6	-3	3.8862148796235	-999.9	0	2.29166666666667	3.32674215455583	330
NEW_GLASGOW	2014	2	4	35	-12	-3	6.82531442741826	-999.9	0	1.6087962962963	2.8523026580104	330
NEW_GLASGOW	2014	2	5	36	-13.5	-5	6.72631557115027	-999.9	4	2.53472222222222	2.39789155676623	330
NEW_GLASGOW	2014	2	6	37	-14	-10.5	4.37718923371194	-999.9	1.5	4.31712962962964	1.55238119534259	330
NEW_GLASGOW	2014	2	7	38	-20	-6	8.87855143537554	-999.9	0	2.96296296296297	2.02507892264508	330
NEW_GLASGOW	2014	2	8	39	-14	-6	6.80705686931629	-999.9	0	3.91203703703703	1.88320318781798	330
NEW_GLASGOW	2014	2	9	40	-18	-8	7.71909680250962	-999.9	0	2.80092592592592	1.43382392435117	330
NEW_GLASGOW	2014	2	10	41	-20	-7	8.92693774191511	-999.9	0	2.15277777777778	2.12918130830452	330
NEW_GLASGOW	2014	2	11	42	-21.5	-10	8.51633752259827	-999.9	0	2.67361111111111	1.42520201259921	330
NEW_GLASGOW	2014	2	12	43	-18	-9.5	7.426632496335	-999.9	0	3.11342592592592	1.43470807286544	330
NEW_GLASGOW	2014	2	13	44	-21	3.5	12.7892828384275	-999.9	30.5	4.61805555555556	2.97101880847581	330
NEW_GLASGOW	2014	2	14	45	-3	10	9.4496235305814	-999.9	4.5	7.14120370370369	6.69295836759746	330
NEW_GLASGOW	2014	2	15	46	-4	-3	2.65838859937234	-999.9	10	3.80787037037036	3.15723360653025	330
NEW_GLASGOW	2014	2	16	47	-9	-3	6.60484663045988	-999.9	15	7.56944444444445	3.49939383773316	330
NEW_GLASGOW	2014	2	17	48	-11	-7	5.46985640536881	-999.9	4	5.10416666666667	2.52100980071952	330
NEW_GLASGOW	2014	2	18	49	-13.5	-3	8.98849186225523	-999.9	13	3.26388888888889	2.36267363143972	330
NEW_GLASGOW	2014	2	19	50	-10.5	-0.5	8.89658281236634	-999.9	18	4.28240740740742	4.60892962282473	330
NEW_GLASGOW	2014	2	20	51	-3	0.5	5.3379014402669	-999.9	3	4.24768518518519	5.17708084492115	330
NEW_GLASGOW	2014	2	21	52	-6	3	8.68062315446543	-999.9	7	3.39120370370369	4.10365700212353	330
NEW_GLASGOW	2014	2	22	53	-3	6.5	9.04403102456806	-999.9	0	5.08101851851853	6.00974265964153	330
NEW_GLASGOW	2014	2	23	54	-0.5	3.5	5.95080956757476	-999.9	0	4.76851851851853	4.05107874234495	330
NEW_GLASGOW	2014	2	24	55	-1.5	3	6.39987065458117	-999.9	0	2.74154589371981	3.94573874052257	330
NEW_GLASGOW	2014	2	25	56	-10.5	-7.5	5.29804266268812	-999.9	0	4.32870370370369	1.49419947612333	330
NEW_GLASGOW	2014	2	26	57	-18.5	-6.5	10.7424750859799	-999.9	0	3.10185185185186	1.61859699261387	330
NEW_GLASGOW	2014	2	27	58	-20	-2	13.3375489916238	-999.9	2	2.16435185185185	2.73012769145897	330
NEW_GLASGOW	2014	2	28	59	-14.5	-6.5	9.01314051440741	-999.9	0	4.51388888888889	1.81704442170171	330
NEW_GLASGOW	2014	3	1	60	-17.5	-2	12.7160427398656	-999.9	1	3.72685185185186	1.48965492161243	330
NEW_GLASGOW	2014	3	2	61	-8	0	9.2586586523568	-999.9	2	4.20138888888889	2.76717417878455	330
NEW_GLASGOW	2014	3	3	62	-20	-8.5	11.2493998887233	-999.9	0	2.80092592592592	1.30069941959096	330
NEW_GLASGOW	2014	3	4	63	-20	-10	10.6295948561556	-999.9	0	3.13657407407408	1.05341629916677	330
NEW_GLASGOW	2014	3	5	64	-18	-11.5	8.68294755779754	-999.9	0	2.63888888888889	1.03298000078879	330
NEW_GLASGOW	2014	3	6	65	-25	-7	14.6385046031757	-999.9	0	3.02083333333333	1.35947160797953	330
NEW_GLASGOW	2014	3	7	66	-18.5	1	15.434147082994	-999.9	0	4.12037037037036	1.82861509322712	330
NEW_GLASGOW	2014	3	8	67	-13.5	6	15.632959781508	-999.9	0	3.65740740740742	4.67695810205485	330
NEW_GLASGOW	2014	3	9	68	-6	6.5	12.6762286268071	-999.9	0	4.08564814814814	2.35078854730304	330
NEW_GLASGOW	2014	3	10	69	-16	-4	12.5773266600473	-999.9	0	2.62731481481481	1.95589116884143	330
NEW_GLASGOW	2014	3	11	70	-16	0.5	14.9331990442487	-999.9	0	3.64583333333333	3.05427977309101	330
NEW_GLASGOW	2014	3	12	71	-1	4.3	9.14982443982114	-999.9	38.8	3.49537037037036	4.74532883503803	330
NEW_GLASGOW	2014	3	13	72	-9	-2.5	9.60598001900864	-999.9	16.7	2.15277777777778	3.74483150521919	330
NEW_GLASGOW	2014	3	14	73	-13	-4.5	11.1186920699522	-999.9	2	0	2.3914162636555	330
NEW_GLASGOW	2014	3	15	74	-14.5	6.5	17.6872451384402	-999.9	7.8	3.79629629629631	4.94348390565299	330
NEW_GLASGOW	2014	3	16	75	-2	1.5	7.30696831856641	-999.9	0	6.14583333333333	2.912204747689	330
NEW_GLASGOW	2014	3	17	76	-14	-8	9.68004012980531	-999.9	0	6.20370370370369	1.25317516548201	330
NEW_GLASGOW	2014	3	18	77	-14	-4.5	12.3227239547014	-999.9	0	3.48379629629631	1.66286257791782	330
NEW_GLASGOW	2014	3	19	78	-14.5	1	15.9220370824607	-999.9	0	2.03703703703704	2.49667260624741	330
NEW_GLASGOW	2014	3	20	79	-4	4	11.569366847214	-999.9	5	6.45833333333333	4.95025074540778	330
NEW_GLASGOW	2014	3	21	80	0	4	8.2731305696037	-999.9	0	5.28935185185186	5.59992787394256	330
NEW_GLASGOW	2014	3	22	81	-4.5	3	11.4548346565563	-999.9	8	3.66898148148147	4.36181857431984	330
NEW_GLASGOW	2014	3	23	82	-4.5	2	10.7814160753165	-999.9	1.5	4.76851851851853	3.1179129251157	330
NEW_GLASGOW	2014	3	24	83	-14	-8	10.4712361023653	-999.9	0	5.13888888888889	1.5716798824565	330
NEW_GLASGOW	2014	3	25	84	-14	-3	14.330581306218	-999.9	0	3.71527777777778	1.87383823421804	330
NEW_GLASGOW	2014	3	26	85	-13.5	-3.5	13.8087464325541	-999.9	35	9.96527777777778	3.1148715623784	330
NEW_GLASGOW	2014	3	27	86	-7	-1.5	10.3481755693553	-999.9	0	9.4212962962963	2.99496965850592	330
NEW_GLASGOW	2014	3	28	87	-7	5.5	15.7618365112388	-999.9	8	4.05092592592592	3.8141279400149	330
NEW_GLASGOW	2014	3	29	88	1.5	3.5	6.3690868339122	-999.9	0	3.90046296296297	5.51815183441982	330
NEW_GLASGOW	2014	3	30	89	-3	2.5	10.6682875188973	-999.9	32.6	3.02083333333333	5.39910825257504	330
NEW_GLASGOW	2014	3	31	90	-2	-0.5	5.62666292039643	-999.9	14.3	3.18287037037036	5.40454346871503	330
NEW_GLASGOW	2014	4	1	91	-3.5	-2	5.68176683444494	-999.9	10	1.28472222222222	4.55600021902904	330
NEW_GLASGOW	2014	4	2	92	-3	0	8.11281267241747	-999.9	0	2.30324074074074	4.69213764050271	330
NEW_GLASGOW	2014	4	3	93	-3	2	10.5732707141	-999.9	0	1.90972222222222	5.4642449473112	330
NEW_GLASGOW	2014	4	4	94	-3	2	10.6724306976476	-999.9	9.6	2.30324074074074	4.82386490426059	330
NEW_GLASGOW	2014	4	5	95	-2	4	11.7990874471475	-999.9	11.6	5.83333333333333	5.49201643953369	330
NEW_GLASGOW	2014	4	6	96	1	5	9.72159953553076	-999.9	0.4	6.03009259259258	5.62669271415409	330
NEW_GLASGOW	2014	4	7	97	-0.5	10	15.8919739004088	-999.9	0	3.24074074074075	4.92432975809236	330
NEW_GLASGOW	2014	4	8	98	1.5	10	14.4247636432681	-999.9	20.6	6.63194444444445	6.90611763293504	330
NEW_GLASGOW	2014	4	9	99	4.5	9.5	11.1594030071042	-999.9	0	4.38657407407408	6.20047850888093	330
NEW_GLASGOW	2014	4	10	100	-4	5	15.0999217419002	-999.9	0	5.3125	3.26931641883458	330
NEW_GLASGOW	2014	4	11	101	2.5	11.5	15.2269547912867	-999.9	0	5.75231481481481	6.77590263626429	330
NEW_GLASGOW	2014	4	12	102	1.5	6	10.8561899111299	-999.9	0	2.70833333333333	6.67155317848397	330
NEW_GLASGOW	2014	4	13	103	-2.5	1.5	10.3186218357187	-999.9	18.4	3.29861111111111	4.12072846245982	330
NEW_GLASGOW	2014	4	14	104	0	13.5	19.1082283629133	-999.9	0	5.64393939393939	9.11129751129036	330
NEW_GLASGOW	2014	4	15	105	12.5	20.5	14.8252441110345	-999.9	0	7.75252525252525	12.6426271935273	330
NEW_GLASGOW	2014	4	16	106	-4	14	22.4098061023939	-999.9	13	6.31944444444445	7.23891182553726	330
NEW_GLASGOW	2014	4	17	107	-3	2.5	12.4815935744941	-999.9	0	3.50694444444444	3.12236288607423	330
NEW_GLASGOW	2014	4	18	108	-5	6	17.7833650482408	-999.9	0	2.97453703703703	4.33261120308648	330
NEW_GLASGOW	2014	4	19	109	-1	9	17.0800361458734	-999.9	0	3.59953703703703	6.19323795694546	330
NEW_GLASGOW	2014	4	20	110	-1	6.5	14.8981759337558	-999.9	0	4.58333333333333	4.9094661805055	330
NEW_GLASGOW	2014	4	21	111	-0.5	12	19.3692979958425	-999.9	0	5.43981481481481	5.1264341936828	330
NEW_GLASGOW	2014	4	22	112	4	9	12.3351162193332	-999.9	0.6	2.33796296296296	8.00635933869003	330
NEW_GLASGOW	2014	4	23	113	0	12	19.2393962595389	-999.9	12.9	4.57175925925925	9.50889377181564	330
NEW_GLASGOW	2014	4	24	114	0.5	5.7	9.69564856366792	-999.9	35.2	7.74305555555556	6.96343876096713	330
NEW_GLASGOW	2014	4	25	115	-0.5	3	10.5281142836538	-999.9	0	6.11111111111111	5.85111193333333	330
NEW_GLASGOW	2014	4	26	116	-0.5	6	14.4393264089899	-999.9	2.4	3.92361111111111	6.19210400590615	330
NEW_GLASGOW	2014	4	27	117	0.5	3	9.01110741052985	-999.9	5	4.73379629629631	6.67915538834666	330
NEW_GLASGOW	2014	4	28	118	1.5	4.5	9.93187345519313	-999.9	1	8.00925925925925	6.8684546798423	330
NEW_GLASGOW	2014	4	29	119	0.5	4.5	11.5373928281658	-999.9	0	7.1875	5.89362629865019	330
NEW_GLASGOW	2014	4	30	120	-1.5	6	15.8913378977363	-999.9	0	3.06712962962964	5.17862364852574	330
NEW_GLASGOW	2014	5	1	121	2.5	11	17.0151867027586	-999.9	16.6	4.15404040404042	6.46936711069409	330
NEW_GLASGOW	2014	5	2	122	4.5	10	13.7642189691862	-999.9	2.6	2.77777777777778	9.33931055677404	330
NEW_GLASGOW	2014	5	3	123	3	14.5	20.0128036711193	-999.9	0	2.90509259259258	9.7403390514976	330
NEW_GLASGOW	2014	5	4	124	3	6	10.276719660434	-999.9	13.2	2.92824074074075	8.75872030730821	330
NEW_GLASGOW	2014	5	5	125	1	4	10.3308421011088	-999.9	6	5.74074074074075	7.04089217553018	330
NEW_GLASGOW	2014	5	6	126	2.5	5	9.47922705274354	-999.9	0	3.80787037037036	5.80499101557201	330
NEW_GLASGOW	2014	5	7	127	-3	12	23.335829847943	-999.9	0	2.00231481481481	5.86078361873486	330
NEW_GLASGOW	2014	5	8	128	2.5	14	20.5328092034621	-999.9	0	2.75462962962963	5.46201128374536	330
NEW_GLASGOW	2014	5	9	129	-3	11	22.7631673271717	-999.9	1.8	2.5	6.41894634553742	330
NEW_GLASGOW	2014	5	10	130	6	13.5	16.7384858777326	-999.9	8	6.74768518518519	10.4263910325716	330
NEW_GLASGOW	2014	5	11	131	2.5	14.5	21.2686988254283	-999.9	0.2	4.93055555555556	9.68059885822696	330
NEW_GLASGOW	2014	5	12	132	0.5	6	14.4625390321009	-999.9	0.2	3.33333333333333	6.43138502693916	330
NEW_GLASGOW	2014	5	13	133	2.5	10	16.9611429772577	-999.9	0	2.45614035087719	5.59086241783297	330
NEW_GLASGOW	2014	5	14	134	-2	19	28.499945937431	-999.9	0	2.96296296296297	5.29452066983633	330
NEW_GLASGOW	2014	5	15	135	9.5	19.5	19.746637273241	-999.9	0	4.79166666666667	9.80678906642019	330
NEW_GLASGOW	2014	5	16	136	11	25	23.4565971465408	-999.9	0	4.62962962962964	13.1026417792977	330
NEW_GLASGOW	2014	5	17	137	10.5	22.5	21.7996119516373	-999.9	0	4.94212962962964	12.0563883960993	330
NEW_GLASGOW	2014	5	18	138	8.5	19.5	20.9488966783809	-999.9	0	4.43287037037036	10.8528713147078	330
NEW_GLASGOW	2014	5	19	139	8.5	15	16.1613597907631	-999.9	3.4	3.83101851851853	11.8744792815571	330
NEW_GLASGOW	2014	5	20	140	6	11.5	14.9179420595602	-999.9	0.4	2.53472222222222	11.7708402268119	330
NEW_GLASGOW	2014	5	21	141	6	17.5	21.6437737536038	-999.9	0	3.55324074074075	11.7224012131743	330
NEW_GLASGOW	2014	5	22	142	8	10	9.05536364202533	-999.9	4.9	3.93518518518519	9.82707876974441	330
NEW_GLASGOW	2014	5	23	143	5	7.5	10.155896365893	-999.9	1.8	4.91898148148147	8.46473419891318	330
NEW_GLASGOW	2014	5	24	144	3	6.5	12.0528665066844	-999.9	0.7	5.91435185185186	7.944444753337	330
NEW_GLASGOW	2014	5	25	145	3	6.5	12.0878566295254	-999.9	0.8	5.46296296296297	7.53825172162364	330
NEW_GLASGOW	2014	5	26	146	2	7.5	15.1952074151316	-999.9	11.8	3.62268518518519	8.03083654041452	330
NEW_GLASGOW	2014	5	27	147	5	7	9.18758806934065	-999.9	0.7	4.40972222222222	8.62862894233778	330
NEW_GLASGOW	2014	5	28	148	3.5	8	13.816733501988	-999.9	0	4.10879629629631	7.24725983009155	330
NEW_GLASGOW	2014	5	29	149	-1.5	22	31.6517109258611	-999.9	0	3.04398148148147	7.34816729506105	330
NEW_GLASGOW	2014	5	30	150	10.5	23	23.1384399917575	-999.9	0	3.76157407407408	7.56621790918752	330
NEW_GLASGOW	2014	5	31	151	6.5	14	17.9629359781163	-999.9	0	3.76157407407408	8.40556714725702	330
NEW_GLASGOW	2014	6	1	152	4.5	15.5	21.8003065012951	-999.9	0	2.63888888888889	9.47297551001847	330
NEW_GLASGOW	2014	6	2	153	10	23.5	24.1994100986188	-999.9	0	5.49768518518519	9.05660053583723	330
NEW_GLASGOW	2014	6	3	154	12	23	21.885580361833	-999.9	0	4.15509259259258	10.7519502288427	330
NEW_GLASGOW	2014	6	4	155	14	23	19.8316621769341	-999.9	0	4.03935185185186	16.6112497571847	330
NEW_GLASGOW	2014	6	5	156	14	23	19.864958680665	-999.9	9.2	2.40740740740741	16.8889773275403	330
NEW_GLASGOW	2014	6	6	157	12	16.5	14.0686924269462	-999.9	2.6	4.07407407407408	14.2130625555159	330
NEW_GLASGOW	2014	6	7	158	8	12.5	14.0892350701468	-999.9	1	4.80324074074075	10.8164603046194	330
NEW_GLASGOW	2014	6	8	159	8	17.5	20.4988427940477	-999.9	0	3.55324074074075	9.1756914843701	330
NEW_GLASGOW	2014	6	9	160	2.5	24	30.8763492829609	-999.9	0	1.90972222222222	10.6144861755282	330
NEW_GLASGOW	2014	6	10	161	8	16.5	19.4360594872357	-999.9	0	2.90509259259258	10.5906553591731	330
NEW_GLASGOW	2014	6	11	162	6.5	19	23.5938463804631	-999.9	0	3.24074074074075	8.60590028889556	330
NEW_GLASGOW	2014	6	12	163	3.5	19.5	26.7178635471229	-999.9	0	1.96759259259259	9.46398622867338	330
NEW_GLASGOW	2014	6	13	164	11	19.5	19.4895705088551	-999.9	2.2	2.65046296296296	13.8273555546452	330
NEW_GLASGOW	2014	6	14	165	11	17	16.3859880198323	-999.9	14.1	6.15740740740742	13.6981933822342	330
NEW_GLASGOW	2014	6	15	166	13.5	16.5	11.5935121687813	-999.9	9.6	2.96296296296297	13.9635413894906	330
NEW_GLASGOW	2014	6	16	167	10	14.5	14.2059823702717	-999.9	0.5	6.74768518518519	11.6363487490603	330
NEW_GLASGOW	2014	6	17	168	7.5	24	27.212652843103	-999.9	0	2.68518518518519	11.5095412710804	330
NEW_GLASGOW	2014	6	18	169	12.5	16	12.5366106624394	-999.9	20.2	5.64814814814814	13.248549336327	330
NEW_GLASGOW	2014	6	19	170	12	18	16.4169431278306	-999.9	2.6	3.66898148148147	13.2124643697234	330
NEW_GLASGOW	2014	6	20	171	8	13.5	15.718892271634	-999.9	11.2	3.21759259259258	11.6809938184032	330
NEW_GLASGOW	2014	6	21	172	8.5	14	15.718071372725	-999.9	0	4.03935185185186	10.9940321031539	330
NEW_GLASGOW	2014	6	22	173	12.5	17.5	14.9842028912794	-999.9	0	1.94444444444444	12.2781485357925	330
NEW_GLASGOW	2014	6	23	174	7	25	28.4229434363649	-999.9	0	2.93981481481481	13.505872875869	330
NEW_GLASGOW	2014	6	24	175	13	24	22.2109292277699	-999.9	0.8	5.30092592592592	12.991168567078	330
NEW_GLASGOW	2014	6	25	176	13	16	11.5936993770661	-999.9	5.6	4.27083333333333	14.1393313026469	330
NEW_GLASGOW	2014	6	26	177	11	12.5	8.19316103527456	-999.9	10.4	3.33333333333333	13.5300385885436	330
NEW_GLASGOW	2014	6	27	178	11	19.5	19.4900611739483	-999.9	0	3.50694444444444	13.8012141786218	330
NEW_GLASGOW	2014	6	28	179	7.5	26	28.7303484335929	-999.9	0	1.23842592592593	13.5808649505454	330
NEW_GLASGOW	2014	6	29	180	15	29	24.970298244379	-999.9	0	2.89351851851853	13.8772825260544	330
NEW_GLASGOW	2014	6	30	181	16.5	29.5	24.0375079621754	-999.9	0	3.64583333333333	17.2329117189219	330
NEW_GLASGOW	2014	7	1	182	18	28	21.0585837328338	-999.9	0	4.73379629629631	20.5017806637535	330
NEW_GLASGOW	2014	7	2	183	18	28.5	21.5520463469831	-999.9	0	6.62037037037036	22.5575167579077	330
NEW_GLASGOW	2014	7	3	184	20	28.5	19.365169247083	-999.9	0	5.46296296296297	23.8211456124233	330
NEW_GLASGOW	2014	7	4	185	21.5	29.5	18.7597921584487	-999.9	0	4.64120370370369	23.4016697291735	330
NEW_GLASGOW	2014	7	5	186	16	23	17.5209002374659	-999.9	15.7	10.0694444444444	16.4351652102019	330
NEW_GLASGOW	2014	7	6	187	12.5	25.5	23.8372722864305	-999.9	1	6.03009259259258	16.0234538807732	330
NEW_GLASGOW	2014	7	7	188	16	24.5	19.2408778643873	-999.9	2.2	4.39814814814814	17.4195512005269	330
NEW_GLASGOW	2014	7	8	189	17	27	20.8304640502263	-999.9	0	5.35879629629631	21.4167130002165	330
NEW_GLASGOW	2014	7	9	190	19	26.5	18.0038760347927	-999.9	0	5.9375	21.7408362382837	330
NEW_GLASGOW	2014	7	10	191	18	27	19.680943115164	-999.9	0	4.50231481481481	20.1088611377562	330
NEW_GLASGOW	2014	7	11	192	14	22.5	19.0842953345766	-999.9	0	2.16435185185185	14.201771453533	330
NEW_GLASGOW	2014	7	12	193	14	27.5	23.9954123459102	-999.9	0	2.41898148148148	13.6906269080046	330
NEW_GLASGOW	2014	7	13	194	18	26.5	18.994069243611	-999.9	0.2	4.39814814814814	16.2510750150782	330
NEW_GLASGOW	2014	7	14	195	18	23	14.5309237970998	-999.9	5.2	5.85648148148147	18.1593754389131	330
NEW_GLASGOW	2014	7	15	196	17	25	18.3318047007599	-999.9	3.4	4.39814814814814	22.4973700384558	330
NEW_GLASGOW	2014	7	16	197	22	28	15.832156581727	-999.9	27.2	5.59027777777778	26.363992592025	330
NEW_GLASGOW	2014	7	17	198	20	22.5	10.1903891983772	-999.9	3.8	4.79166666666667	21.0737393532141	330
NEW_GLASGOW	2014	7	18	199	18	25	17.00114077839	-999.9	0	3.96990740740742	17.4393659625605	330
NEW_GLASGOW	2014	7	19	200	16	24	18.1189963138608	-999.9	0	2.19907407407407	16.895981252179	330
NEW_GLASGOW	2014	7	20	201	14	28	23.8926839704368	-999.9	0	1.18055555555556	16.4252201020135	330
NEW_GLASGOW	2014	7	21	202	16	26.5	20.6233339806091	-999.9	0	2.46527777777778	16.1013875825117	330
NEW_GLASGOW	2014	7	22	203	16	27	21.0365850973593	-999.9	0	3.94675925925925	17.0264013039291	330
NEW_GLASGOW	2014	7	23	204	16.5	28	21.4335297088509	-999.9	0	6.01851851851853	20.8147351248388	330
NEW_GLASGOW	2014	7	24	205	16.5	20	11.7813677203763	-999.9	7.6	2.10144927536232	18.7859407267845	330
NEW_GLASGOW	2014	7	25	206	13.5	22.5	18.8213474958473	-999.9	0	0.925925925925925	16.8768918874475	330
NEW_GLASGOW	2014	7	26	207	14	25.5	21.193213902275	-999.9	0.4	4.51388888888889	16.4545612961048	330
NEW_GLASGOW	2014	7	27	208	16	26	19.6841573831387	-999.9	2.4	5.70601851851853	17.1583012996878	330
NEW_GLASGOW	2014	7	28	209	19.5	27.5	17.5340014874298	-999.9	2.6	6.46990740740742	22.397676316123	330
NEW_GLASGOW	2014	7	29	210	19	28	18.5193869284137	-999.9	0	6.48148148148147	19.7345995048197	330
NEW_GLASGOW	2014	7	30	211	18	25.5	16.8327537398264	-999.9	2	2.34953703703704	18.4313711234276	330
NEW_GLASGOW	2014	7	31	212	19	25.5	15.6009151177786	-999.9	0	4.13194444444444	17.1596340154816	330
NEW_GLASGOW	2014	8	1	213	16	26.5	19.7381459487055	-999.9	0	2.41898148148148	16.4145312873891	330
NEW_GLASGOW	2014	8	2	214	16	25.5	18.6870630708212	-999.9	0	3.20601851851853	19.2336733207996	330
NEW_GLASGOW	2014	8	3	215	18	26.5	17.59159666924	-999.9	0	2.51157407407408	17.6257175347033	330
NEW_GLASGOW	2014	8	4	216	18.5	26	16.4434048761695	-999.9	1.4	1.33101851851852	19.7893208030674	330
NEW_GLASGOW	2014	8	5	217	17	26	17.922402883166	-999.9	0	1.65509259259259	20.745401229179	330
NEW_GLASGOW	2014	8	6	218	18	25	15.7248374751564	-999.9	20.2	1.94444444444444	20.7193622190262	330
NEW_GLASGOW	2014	8	7	219	17.5	21.5	11.8243524483328	-999.9	5.5	2.51157407407408	18.0198795180196	330
NEW_GLASGOW	2014	8	8	220	14	22	16.6322270770163	-999.9	0	4.27083333333333	16.1263919147652	330
NEW_GLASGOW	2014	8	9	221	10.5	18.5	16.5407812134623	-999.9	3.2	4.31712962962964	16.0372864951465	330
NEW_GLASGOW	2014	8	10	222	15.5	18	9.19462371918874	-999.9	1.4	5.60185185185186	16.9335192439894	330
NEW_GLASGOW	2014	8	11	223	14	20	14.1624890038778	-999.9	0.4	4.49074074074075	16.3329286964605	330
NEW_GLASGOW	2014	8	12	224	8	20.5	20.3219692974962	-999.9	0	2.2337962962963	15.9694239606769	330
NEW_GLASGOW	2014	8	13	225	10	23.5	20.9928334752032	-999.9	0	2.46527777777778	15.8612930879742	330
NEW_GLASGOW	2014	8	14	226	13.5	25.5	19.6713655147308	-999.9	0	4.98842592592592	18.5244173109524	330
NEW_GLASGOW	2014	8	15	227	17	21	11.2865095791029	-999.9	11.2	4.98842592592592	18.052721843552	330
NEW_GLASGOW	2014	8	16	228	13	22	16.8221887794926	-999.9	0.4	3.22916666666667	16.7954500235705	330
NEW_GLASGOW	2014	8	17	229	12	21.5	17.1711825598754	-999.9	26	2.75462962962963	17.2540774461434	330
NEW_GLASGOW	2014	8	18	230	16	18	7.82664933861816	-999.9	15.2	2.75462962962963	17.68834895207	330
NEW_GLASGOW	2014	8	19	231	13	20.5	15.0542478810651	-999.9	2.4	4.02777777777778	17.8639576417658	330
NEW_GLASGOW	2014	8	20	232	13	20.5	14.9510416949474	-999.9	0	3.34490740740742	15.2342085492476	330
NEW_GLASGOW	2014	8	21	233	16	20	10.842459490594	-999.9	0	3.34490740740742	16.0574725204547	330
NEW_GLASGOW	2014	8	22	234	10	20	17.0215527647824	-999.9	0.4	3.72685185185186	15.8276892945435	330
NEW_GLASGOW	2014	8	23	235	16	20	10.687464378686	-999.9	0	3.55324074074075	13.844140807398	330
NEW_GLASGOW	2014	8	24	236	9	22.5	19.4895138368505	-999.9	0	1.5162037037037	14.8724485454435	330
NEW_GLASGOW	2014	8	25	237	11	28	21.7065966257276	-999.9	0	4.20138888888889	17.5166595513143	330
NEW_GLASGOW	2014	8	26	238	17	27	16.5212895179272	-999.9	0	4.69907407407408	19.4515656371349	330
NEW_GLASGOW	2014	8	27	239	17	25.5	15.1137902190555	-999.9	1.4	4.84953703703703	17.3491410658573	330
NEW_GLASGOW	2014	8	28	240	17	21.5	10.9102148384588	-999.9	3.4	2.63888888888889	19.0609491294506	330
NEW_GLASGOW	2014	8	29	241	13	16.5	9.5448068728656	-999.9	0	7.22222222222222	10.0770546309737	330
NEW_GLASGOW	2014	8	30	242	4.5	20.5	20.2414671350524	-999.9	0	4.44444444444444	11.1916001322705	330
NEW_GLASGOW	2014	8	31	243	13	21	14.1944479774308	-999.9	29	5.92592592592592	16.2335514237087	330
NEW_GLASGOW	2014	9	1	244	17	18.5	6.09471171038192	-999.9	0.4	2.91666666666667	18.4817085503672	330
NEW_GLASGOW	2014	9	2	245	16	22.6	13.5373234298997	-999.9	0	3.04398148148147	19.9834854596697	330
NEW_GLASGOW	2014	9	3	246	18	25	12.9405175287552	-999.9	5.6	4.20138888888889	20.0894451284026	330
NEW_GLASGOW	2014	9	4	247	13.5	25	16.4404010292883	-999.9	0	3.63425925925925	15.171969303698	330
NEW_GLASGOW	2014	9	5	248	17	23.5	12.2496345372512	-999.9	0	2.44212962962963	18.4752637479879	330
NEW_GLASGOW	2014	9	6	249	17.5	24.5	12.5968073604283	-999.9	6.4	6.19212962962964	19.1136253306058	330
NEW_GLASGOW	2014	9	7	250	12.5	18.5	11.5551108583888	-999.9	0	2.70833333333333	13.1412464005704	330
NEW_GLASGOW	2014	9	8	251	7	16.5	14.4042054808168	-999.9	0	2.71990740740741	8.15434205858139	330
NEW_GLASGOW	2014	9	9	252	3	20	19.0863539961592	-999.9	0	2.02546296296296	9.82659536533464	330
NEW_GLASGOW	2014	9	10	253	7	20	16.5303944952888	-999.9	0	1.01851851851852	12.7030393494237	330
NEW_GLASGOW	2014	9	11	254	8	22	16.9875464477906	-999.9	3.6	4.00462962962964	15.8467179651452	330
NEW_GLASGOW	2014	9	12	255	13.5	17	8.41003692742357	-999.9	0	4.43287037037036	11.5366070417599	330
NEW_GLASGOW	2014	9	13	256	5	16	14.7604537638598	-999.9	2.6	2.01388888888889	9.15609026830402	330
NEW_GLASGOW	2014	9	14	257	12.5	17.5	9.85077107193157	-999.9	2.8	3.13657407407408	13.4029013674298	330
NEW_GLASGOW	2014	9	15	258	6	16.5	14.1287669334924	-999.9	0	2.37268518518519	9.22510047607212	330
NEW_GLASGOW	2014	9	16	259	15	19	8.6299188310929	-999.9	0.4	3.24074074074075	10.0250575407237	330
NEW_GLASGOW	2014	9	17	260	10.5	19.5	12.8087871413908	-999.9	0.6	2.71990740740741	11.79910860222	330
NEW_GLASGOW	2014	9	18	261	7.5	19.5	14.6329066308721	-999.9	4.8	3.71527777777778	11.3538804212156	330
NEW_GLASGOW	2014	9	19	262	4	10.5	10.6535255852936	-999.9	1	4.22453703703703	6.08512078034829	330
NEW_GLASGOW	2014	9	20	263	0	14	15.4646887076992	-999.9	0.6	5.61342592592592	7.33717901301327	330
NEW_GLASGOW	2014	9	21	264	12	23.5	13.8615158676229	-999.9	37.2	6.77083333333333	14.9277971762199	330
NEW_GLASGOW	2014	9	22	265	19	23.5	8.57427196108218	-999.9	1	6.01851851851853	16.0823849593466	330
NEW_GLASGOW	2014	9	23	266	9	14	8.93614441443497	-999.9	0	3.85416666666667	8.70100286948265	330
NEW_GLASGOW	2014	9	24	267	6.5	17	12.8020486317373	-999.9	0	3.48484848484847	7.76313053084647	330
NEW_GLASGOW	2014	9	25	268	9	20	12.9522972780075	-999.9	0	4.94212962962964	11.7563636076931	330
NEW_GLASGOW	2014	9	26	269	10.5	20	11.8966439032804	-999.9	0	2.62731481481481	15.1746694249765	330
NEW_GLASGOW	2014	9	27	270	12	20	10.7886481148746	-999.9	0	3.65740740740742	12.3622358331138	330
NEW_GLASGOW	2014	9	28	271	7	25	15.9906274142336	-999.9	0	5.47453703703703	15.6096854189142	330
NEW_GLASGOW	2014	9	29	272	9	11	5.26623243714406	-999.9	0	6.50462962962964	10.7931099486497	330
NEW_GLASGOW	2014	9	30	273	8	15	9.73283017806651	-999.9	0	1.9212962962963	11.3320021228137	330
NEW_GLASGOW	2014	10	1	274	10.5	12	4.4503175708171	-999.9	0	4.15509259259258	10.3019450213123	330
NEW_GLASGOW	2014	10	2	275	9	14	8.02484494845545	-999.9	0	4.21296296296297	9.99943581366621	330
NEW_GLASGOW	2014	10	3	276	6	14.5	10.3328315272988	-999.9	0	2.00231481481481	10.0265931773924	330
NEW_GLASGOW	2014	10	4	277	6	19	12.6180649885011	-999.9	0	3.42592592592592	14.0990221296581	330
NEW_GLASGOW	2014	10	5	278	12	18	8.46373245194198	-999.9	11.4	5.97222222222222	14.2017835824569	330
NEW_GLASGOW	2014	10	6	279	7	16.5	10.5140118862457	-999.9	0	2.21064814814815	10.2505724786061	330
NEW_GLASGOW	2014	10	7	280	3	18	13.0415431283955	-999.9	0	3.28703703703703	10.6162772130532	330
NEW_GLASGOW	2014	10	8	281	8.5	19	10.769915160917	-999.9	14	5.82175925925925	14.7689933413114	330
NEW_GLASGOW	2014	10	9	282	9	18	9.84083803559557	-999.9	0	3.78019323671497	11.18644947096	330
NEW_GLASGOW	2014	10	10	283	6	15.5	9.97760128233546	-999.9	0	4.90740740740742	8.54497242258748	330
NEW_GLASGOW	2014	10	11	284	3.5	12	9.31298940178842	-999.9	0	2.06018518518519	9.01727913387285	330
NEW_GLASGOW	2014	10	12	285	5	12	8.33887205957004	-999.9	0	3.29861111111111	8.41173151100503	330
NEW_GLASGOW	2014	10	13	286	0.5	16.5	12.438324914773	-999.9	0	3.46064814814814	9.03074754032779	330
NEW_GLASGOW	2014	10	14	287	7.5	18	9.94046845067229	-999.9	0	4.31712962962964	12.5873608928412	330
NEW_GLASGOW	2014	10	15	288	15	21	7.41253224813737	-999.9	0.6	5.04629629629631	15.2420612340668	330
NEW_GLASGOW	2014	10	16	289	11	16	6.67459766219375	-999.9	0.4	2.65046296296296	13.8271531147979	330
NEW_GLASGOW	2014	10	17	290	14.5	19.5	6.58334364941791	-999.9	9.4	6.66666666666667	16.7995485538526	330
NEW_GLASGOW	2014	10	18	291	13	18.5	6.80986761850952	-999.9	0.6	3.80787037037036	14.5246442455087	330
NEW_GLASGOW	2014	10	19	292	7	17.5	9.27949380364206	-999.9	12.2	3.57638888888889	11.8630616130635	330
NEW_GLASGOW	2014	10	20	293	4	8	5.64820811924953	-999.9	0.6	5.40509259259258	6.6325036340052	330
NEW_GLASGOW	2014	10	21	294	0	10.5	9.02417440435735	-999.9	0	2.29166666666667	6.56445171572646	330
NEW_GLASGOW	2014	10	22	295	3	11.5	8.00641194899429	-999.9	0.6	4.32870370370369	8.3902919356174	330
NEW_GLASGOW	2014	10	23	296	9	13	5.4157689737938	-999.9	8.2	5.37037037037036	10.9659032926151	330
NEW_GLASGOW	2014	10	24	297	10	11.5	3.27013798803741	-999.9	17.4	5.69444444444445	12.3885977979373	330
NEW_GLASGOW	2014	10	25	298	8	9.5	3.22439149254697	-999.9	3.6	4.46759259259258	10.5979194132821	330
NEW_GLASGOW	2014	10	26	299	5.5	10	5.50660950212046	-999.9	25	3.19444444444444	9.75745071343854	330
NEW_GLASGOW	2014	10	27	300	6.5	7	1.80982272343547	-999.9	5.6	6.38888888888889	8.65789192480225	330
NEW_GLASGOW	2014	10	28	301	5	8	4.37104050292014	-999.9	1.4	4.39814814814814	8.29492881337934	330
NEW_GLASGOW	2014	10	29	302	5.5	15	7.66941905126121	-999.9	2	4.31286549707603	11.3975712134672	330
NEW_GLASGOW	2014	10	30	303	9.5	12	3.87930266994778	-999.9	0	3.14814814814814	9.26409149535451	330
NEW_GLASGOW	2014	10	31	304	-1	10	8.0236666825299	-999.9	0	2.03703703703704	6.326038716735	330
NEW_GLASGOW	2014	11	1	305	1.5	7	5.59453618907695	-999.9	20.4	5.37037037037036	7.16777184275634	330
NEW_GLASGOW	2014	11	2	306	5	8.5	4.40088335894271	-999.9	18.8	7.60416666666667	12.4488341232175	330
NEW_GLASGOW	2014	11	3	307	0.5	4	4.33993773620675	-999.9	12	5.70601851851853	8.38040690014071	330
NEW_GLASGOW	2014	11	4	308	1	6	5.11566893603326	-999.9	0.6	4.6875	6.33663658181524	330
NEW_GLASGOW	2014	11	5	309	1.5	12.5	7.48358854609074	-999.9	0	4.48232323232322	8.46920215682727	330
NEW_GLASGOW	2014	11	6	310	2	9	5.88831255325852	-999.9	10.2	2.5	6.78789690804358	330
NEW_GLASGOW	2014	11	7	311	4	13.5	6.76656290912592	-999.9	12.1	4.12037037037036	9.59543408092961	330
NEW_GLASGOW	2014	11	8	312	0	1.5	2.65250866738443	-999.9	0	6.5625	4.72321309051061	330
NEW_GLASGOW	2014	11	9	313	-2	8.5	6.92397232678386	-999.9	0	2.93981481481481	6.42643443681945	330
NEW_GLASGOW	2014	11	10	314	-2.5	8.5	6.9928705100224	-999.9	0	2.15277777777778	6.26382841824597	330
NEW_GLASGOW	2014	11	11	315	-3	7.5	6.74226278269348	-999.9	0	1.80555555555556	7.26034657569419	330
NEW_GLASGOW	2014	11	12	316	1	10.5	6.32969290267424	-999.9	6	3.61111111111111	8.7977938697283	330
NEW_GLASGOW	2014	11	13	317	4	8	4.05436803319419	-999.9	0	2.4537037037037	7.1621307915404	330
NEW_GLASGOW	2014	11	14	318	-1	3.5	4.24559887288872	-999.9	8	1.51515151515151	5.37743514958791	330
NEW_GLASGOW	2014	11	15	319	-5	-1	3.95252072573128	-999.9	0	3.91203703703703	3.27194923605791	330
NEW_GLASGOW	2014	11	16	320	-7	2	5.85535995638322	-999.9	2	2.65046296296296	3.64116463180962	330
NEW_GLASGOW	2014	11	17	321	-1.5	13.5	7.46702720018292	-999.9	35	1.21527777777778	8.33351997602305	330
NEW_GLASGOW	2014	11	18	322	1	14	6.86799571045885	-999.9	0.8	5.54398148148147	7.57420396780856	330
NEW_GLASGOW	2014	11	19	323	-5	3	5.32415855492467	-999.9	0	7.08333333333333	2.78906085629604	330
NEW_GLASGOW	2014	11	20	324	-7.5	2.5	5.88369315549186	-999.9	6.1	2.91666666666667	4.2434805389017	330
NEW_GLASGOW	2014	11	21	325	-3.5	-1	2.90847556157037	-999.9	0	4.78009259259258	3.85570349188606	330
NEW_GLASGOW	2014	11	22	326	-7	1.5	5.3034276621549	-999.9	2	5	3.39274866265699	330
NEW_GLASGOW	2014	11	23	327	-2.5	6.5	5.39798397000137	-999.9	0	4.01620370370369	5.82602992091048	330
NEW_GLASGOW	2014	11	24	328	-2	16	7.55311523449981	-999.9	11	5.97222222222222	9.30801989438809	330
NEW_GLASGOW	2014	11	25	329	8	15	4.66165092966352	-999.9	0	5.94907407407408	10.4099036680032	330
NEW_GLASGOW	2014	11	26	330	3.5	7	3.26326181537594	-999.9	15	3.10185185185186	5.15836993319594	330
NEW_GLASGOW	2014	11	27	331	-1	1	2.44281883562425	-999.9	6.2	8.69212962962964	5.4418582316996	330
NEW_GLASGOW	2014	11	28	332	-3	-1.5	2.09563818303653	-999.9	2	2.91666666666667	3.83331028258788	330
NEW_GLASGOW	2014	11	29	333	-7	-2	3.7913241086661	-999.9	0	2.73148148148148	3.02434958388308	330
NEW_GLASGOW	2014	11	30	334	-14	9	8.06028857948678	-999.9	2.6	6.26157407407408	4.37128794886927	330
NEW_GLASGOW	2014	12	1	335	4.5	11.5	4.40926891859517	-999.9	0	5.42824074074075	7.03547896701873	330
NEW_GLASGOW	2014	12	2	336	-7.5	-2	3.87689854557299	-999.9	0	4.79166666666667	2.80578712420762	330
NEW_GLASGOW	2014	12	3	337	-8	11	7.15030266238027	-999.9	20.4	6.5625	6.12217147068871	330
NEW_GLASGOW	2014	12	4	338	-1.5	3	3.45431285765741	-999.9	0	6.52777777777778	4.30719464703604	330
NEW_GLASGOW	2014	12	5	339	-11	-3.5	4.42854623728318	-999.9	0	2.63888888888889	2.28186020554339	330
NEW_GLASGOW	2014	12	6	340	-3.5	2.5	3.93507130273689	-999.9	25.5	3.46064814814814	5.03401363265029	330
NEW_GLASGOW	2014	12	7	341	-8	-0.5	4.37249273042144	-999.9	3.5	6.90972222222222	3.66935723825887	330
NEW_GLASGOW	2014	12	8	342	-10.5	-7	2.9698369269778	-999.9	3	3.14814814814814	2.18487568949749	330
NEW_GLASGOW	2014	12	9	343	-12	3	6.11542071305315	-999.9	18	3.64583333333333	3.79964316861693	330
NEW_GLASGOW	2014	12	10	344	0	5	3.51344391555912	-999.9	98	7.28009259259258	7.70737916409597	330
NEW_GLASGOW	2014	12	11	345	3	10.5	4.28384846216454	-999.9	5.8	4.81481481481481	9.5255538145232	330
NEW_GLASGOW	2014	12	12	346	1.5	9	4.26658490425074	-999.9	11.8	2.33796296296296	9.76007481576193	330
NEW_GLASGOW	2014	12	13	347	0	7.5	4.25128291416723	-999.9	0.4	1.96759259259259	7.12863331429541	330
NEW_GLASGOW	2014	12	14	348	-1	2.5	2.89506658748944	-999.9	1.6	4.36342592592592	6.38682081720159	330
NEW_GLASGOW	2014	12	15	349	-0.5	3	2.88729542690668	-999.9	0.3	6.20370370370369	5.63749595314644	330
NEW_GLASGOW	2014	12	16	350	-1.5	-0.5	1.53988776357694	-999.9	0	2.17391304347826	4.62548962057374	330
NEW_GLASGOW	2014	12	17	351	-1.5	3	3.2608274153508	-999.9	16.4	1.99074074074074	5.47282049844946	330
NEW_GLASGOW	2014	12	18	352	0	4	3.07033528484319	-999.9	4.4	4.45652173913044	7.267003940535	330
NEW_GLASGOW	2014	12	19	353	-1	1	2.16924035801915	-999.9	6.5	4.67391304347825	5.46389004640283	330
NEW_GLASGOW	2014	12	20	354	-1	3	3.06663954044884	-999.9	0	5.03472222222222	4.81098498677676	330
NEW_GLASGOW	2014	12	21	355	-3	-1	2.16865894051947	-999.9	0	1.94444444444444	4.10905789982577	330
NEW_GLASGOW	2014	12	22	356	-3	-2	1.53434575775522	-999.9	0	1.08585858585859	3.84212488340884	330
NEW_GLASGOW	2014	12	23	357	-3.5	1.5	3.43445924628939	-999.9	0	1.01851851851852	4.63349562870482	330
NEW_GLASGOW	2014	12	24	358	-2	13	5.95760465471293	-999.9	24.3	4.10879629629631	7.47267169290988	330
NEW_GLASGOW	2014	12	25	359	3.5	15	5.22672116974022	-999.9	4	8.34490740740742	10.9738145773056	330
NEW_GLASGOW	2014	12	26	360	4	7	2.67606040353671	-999.9	0	7.43055555555556	4.69151928712742	330
NEW_GLASGOW	2014	12	27	361	1.5	4	2.44996131775687	-999.9	1.4	4.94212962962964	3.84175175482691	330
NEW_GLASGOW	2014	12	28	362	-2	5.5	4.25766159315392	-999.9	6.4	3.56481481481481	6.06383209562118	330
NEW_GLASGOW	2014	12	29	363	-3.5	1.5	3.48957193804622	-999.9	0	4.89583333333333	2.51488369500683	330
NEW_GLASGOW	2014	12	30	364	-14	-11.5	2.4779749793406	-999.9	1	5.09259259259258	1.36475560989804	330
NEW_GLASGOW	2014	12	31	365	-15	-8.5	4.01433826501303	-999.9	1.5	3.73015873015872	1.26754216498522	330
