NEW_GLASGOW	2006	1	1	1	-6	0	3.8766015160833	-999.9	3	4.30555555555556	3.88132356424974	330
NEW_GLASGOW	2006	1	2	2	-5	-1.5	2.97723221633863	-999.9	4	3.02083333333333	3.95395263553683	330
NEW_GLASGOW	2006	1	3	3	-9	-4	3.57971580836416	-999.9	1	2.39583333333333	3.02145704140272	330
NEW_GLASGOW	2006	1	4	4	-11	-1	5.09479497060712	-999.9	0	2.32638888888889	3.51026755390878	330
NEW_GLASGOW	2006	1	5	5	-8.5	1	4.99949778031286	-999.9	0	3.03240740740742	4.02714299402579	330
NEW_GLASGOW	2006	1	6	6	-3	1	3.26740788312749	-999.9	3.5	1.33101851851852	5.12581584133709	330
NEW_GLASGOW	2006	1	7	7	-3	0.5	3.07952058307715	-999.9	0	4.61805555555556	5.15186588663077	330
NEW_GLASGOW	2006	1	8	8	-9	-5	3.31831528993324	-999.9	0	2.75462962962963	2.76176092743286	330
NEW_GLASGOW	2006	1	9	9	-8.5	0.5	5.01887100827745	-999.9	6.5	2.67361111111111	3.79929951380672	330
NEW_GLASGOW	2006	1	10	10	-6	-1	3.7732976880554	-999.9	1	4.66435185185186	3.76656577452466	330
NEW_GLASGOW	2006	1	11	11	-5	4.5	5.2480600758805	-999.9	3.6	3.36805555555556	4.68768962576249	330
NEW_GLASGOW	2006	1	12	12	1	8	4.54707329078978	-999.9	4.4	5.20833333333333	7.80747404799717	330
NEW_GLASGOW	2006	1	13	13	1	9	4.90810851385103	-999.9	0	4.39814814814814	6.63610604261827	330
NEW_GLASGOW	2006	1	14	14	0	13	6.31920658782764	-999.9	2.8	7.55787037037036	9.5341189467095	330
NEW_GLASGOW	2006	1	15	15	1	14	6.38432350264034	-999.9	21.8	5.97222222222222	10.0876990043534	330
NEW_GLASGOW	2006	1	16	16	-6.5	-3.5	3.09943019706974	-999.9	7	2.70833333333333	4.22369161075082	330
NEW_GLASGOW	2006	1	17	17	-5	-3	2.55820284991511	-999.9	2	4.62962962962964	3.61600476431114	330
NEW_GLASGOW	2006	1	18	18	-10	8	7.76016056649696	-999.9	2	7.03703703703703	4.90937680696614	330
NEW_GLASGOW	2006	1	19	19	0	4.5	3.92433338357698	-999.9	0	8.99305555555556	4.36430788840367	330
NEW_GLASGOW	2006	1	20	20	-4	3	4.95153125085354	-999.9	6.4	3.69212962962964	4.98029299191513	330
NEW_GLASGOW	2006	1	21	21	-1	7	5.35632628199885	-999.9	0.2	4.43287037037036	6.6476133685733	330
NEW_GLASGOW	2006	1	22	22	-9	-8.5	1.35529616248629	-999.9	0	8.07870370370369	2.01694234622571	330
NEW_GLASGOW	2006	1	23	23	-10.5	-2	5.65687399764284	-999.9	5	3.40277777777778	2.59381257612267	330
NEW_GLASGOW	2006	1	24	24	-5	2	5.19780043055063	-999.9	2	2.02546296296296	4.48698977189032	330
NEW_GLASGOW	2006	1	25	25	-2	2	3.97910041053615	-999.9	3	2.83564814814814	5.7106041585201	330
NEW_GLASGOW	2006	1	26	26	-4.5	-1	3.77006779059741	-999.9	1.5	8.91203703703703	4.48923573121306	330
NEW_GLASGOW	2006	1	27	27	-7	-2	4.56490211564486	-999.9	0	7.01388888888889	2.84727674484995	330
NEW_GLASGOW	2006	1	28	28	-7	4	6.86025849195765	-999.9	0	4.73379629629631	3.75848277364793	330
NEW_GLASGOW	2006	1	29	29	-7	-3	4.19211758403479	-999.9	0	5.19675925925925	2.86878653981966	330
NEW_GLASGOW	2006	1	30	30	-7	-4	3.67942917287373	-999.9	0	4.05092592592592	3.09432649230232	330
NEW_GLASGOW	2006	1	31	31	-5	-0.5	4.56767229827505	-999.9	5	4.80324074074075	3.76411688824384	330
NEW_GLASGOW	2006	2	1	32	-3.5	-2.5	2.18275801393951	-999.9	10	11.6898148148148	4.41349797804065	330
NEW_GLASGOW	2006	2	2	33	-5	-1.5	4.13999870926507	-999.9	0	4.47916666666667	3.80483518407187	330
NEW_GLASGOW	2006	2	3	34	-5	6.5	7.60878133128605	-999.9	1	3.92361111111111	5.18936010362539	330
NEW_GLASGOW	2006	2	4	35	-0.5	8	6.63301334891158	-999.9	2	3.72685185185186	6.50431093057369	330
NEW_GLASGOW	2006	2	5	36	-2	9.5	7.82378119334239	-999.9	27.5	6.01851851851853	7.96419776717353	330
NEW_GLASGOW	2006	2	6	37	2.5	5.5	4.05248977307852	-999.9	0	5.83333333333333	6.44631919990646	330
NEW_GLASGOW	2006	2	7	38	-3	-0.5	3.75187276071681	-999.9	0	3.91203703703703	3.81983316147346	330
NEW_GLASGOW	2006	2	8	39	-8	-5	4.16845399498301	-999.9	0	3.4375	2.77895506945403	330
NEW_GLASGOW	2006	2	9	40	-9	-4.5	5.17812755259383	-999.9	0	2.56944444444444	2.46923742853208	330
NEW_GLASGOW	2006	2	10	41	-13.5	-5	7.21838916778232	-999.9	2	3.13657407407408	2.2904710646737	330
NEW_GLASGOW	2006	2	11	42	-14.5	-7	6.87756299097867	-999.9	0	3.48379629629631	1.85155380008236	330
NEW_GLASGOW	2006	2	12	43	-16.5	-4	9.00611477206876	-999.9	21	4.84953703703703	2.37309392479551	330
NEW_GLASGOW	2006	2	13	44	-8	-4	5.1676506408942	-999.9	2	8.35648148148147	2.97354076206873	330
NEW_GLASGOW	2006	2	14	45	-12	0.5	9.26611822664232	-999.9	0	3.04398148148147	2.95527627373975	330
NEW_GLASGOW	2006	2	15	46	-8.5	5	9.76754340974144	-999.9	0	4.10879629629631	3.71320125089767	330
NEW_GLASGOW	2006	2	16	47	-5	5	8.5268203346751	-999.9	0	3.63425925925925	4.8788298537238	330
NEW_GLASGOW	2006	2	17	48	-5	11	10.9397128107376	-999.9	2.2	7.88194444444445	5.67717405973475	330
NEW_GLASGOW	2006	2	18	49	-10.5	-6	5.88434919175417	-999.9	0	11.0416666666667	1.58433243203507	330
NEW_GLASGOW	2006	2	19	50	-18	-11.5	7.17265437123802	-999.9	0	6.35416666666667	1.04510898152844	330
NEW_GLASGOW	2006	2	20	51	-16	-5	9.46308783259668	-999.9	0	3.07870370370369	1.92444219486329	330
NEW_GLASGOW	2006	2	21	52	-15	-1	10.8266392492355	-999.9	8	3.06712962962964	2.55140820695392	330
NEW_GLASGOW	2006	2	22	53	-5	-1	5.86854226222455	-999.9	6	1.90972222222222	4.13054742676254	330
NEW_GLASGOW	2006	2	23	54	-15	-3	10.3071045172065	-999.9	0	0.960648148148147	3.58093643417713	330
NEW_GLASGOW	2006	2	24	55	-12	-3	9.05078387714227	-999.9	0	1.80555555555556	3.39058062911591	330
NEW_GLASGOW	2006	2	25	56	-11	-4	8.09289384562457	-999.9	0	3.88888888888889	2.88565435465553	330
NEW_GLASGOW	2006	2	26	57	-17	-8	9.30325632397999	-999.9	0	4.75694444444445	1.5582434982713	330
NEW_GLASGOW	2006	2	27	58	-16	-12	6.28738089092334	-999.9	2	4.08564814814814	1.28497492675542	330
NEW_GLASGOW	2006	2	28	59	-19	-9	10.0769974404862	-999.9	0	2.96296296296297	1.4717603360598	330
NEW_GLASGOW	2006	3	1	60	-15.1	-10.5	5.69793970417596	-999.9	0.2	2.5	1.57710673826452	330
NEW_GLASGOW	2006	3	2	61	-19.6	-8.9	9.56197096522565	-999.9	0	2.34953703703704	1.1426878408246	330
NEW_GLASGOW	2006	3	3	62	-17.7	-4.7	11.3195327212349	-999.9	0	3.11342592592592	1.80444800765747	330
NEW_GLASGOW	2006	3	4	63	-9.8	0	10.0465086310469	-999.9	1.5	3.03240740740742	3.51003265421001	330
NEW_GLASGOW	2006	3	5	64	-7.3	3.1	11.0031030096945	-999.9	0.3	5.3125	3.87868761030341	330
NEW_GLASGOW	2006	3	6	65	-2.9	0.6	4.88819156548754	-999.9	0	4.67592592592592	4.27240830345635	330
NEW_GLASGOW	2006	3	7	66	-6.6	2	11.4528852976593	-999.9	0	2.21064814814815	4.02343983916205	330
NEW_GLASGOW	2006	3	8	67	-3.3	2.1	8.97132739906084	-999.9	6.2	3.33333333333333	5.18674430635301	330
NEW_GLASGOW	2006	3	9	68	-3.4	1.8	5.90126421186872	-999.9	0.2	1.90972222222222	4.87850759351333	330
NEW_GLASGOW	2006	3	10	69	-2.8	6.8	10.9101967752036	-999.9	10.4	7.11805555555556	6.41785979964106	330
NEW_GLASGOW	2006	3	11	70	1	5.1	7.98287073747725	-999.9	0	6.06481481481481	5.9671717765887	330
NEW_GLASGOW	2006	3	12	71	-0.3	11.5	12.0796235209778	-999.9	1.8	5.39351851851853	5.44252224452491	330
NEW_GLASGOW	2006	3	13	72	1.8	6.6	8.60513837011863	-999.9	0	4.61805555555556	6.31109447807112	330
NEW_GLASGOW	2006	3	14	73	-1.3	3.7	8.10229226311671	-999.9	5.4	4.73379629629631	5.48181098327221	330
NEW_GLASGOW	2006	3	15	74	-0.3	4.2	6.46805008652249	-999.9	0.5	5.54398148148147	5.55188850198335	330
NEW_GLASGOW	2006	3	16	75	-2.7	1.3	6.30696279712227	-999.9	0.2	3.83101851851853	4.42802422314691	330
NEW_GLASGOW	2006	3	17	76	-6.4	-0.9	7.71454797373048	-999.9	0	2.15277777777778	3.65666938971373	330
NEW_GLASGOW	2006	3	18	77	-9	-2.1	9.80673935148939	-999.9	0	1.97916666666667	3.06533901664747	330
NEW_GLASGOW	2006	3	19	78	-5.3	0.6	8.09942112055698	-999.9	0	2.19907407407407	4.02123152148281	330
NEW_GLASGOW	2006	3	20	79	-6.5	3	12.0809952617186	-999.9	0	4.45601851851853	3.93499441771304	330
NEW_GLASGOW	2006	3	21	80	-1.6	2.7	7.40936211280452	-999.9	0	2.41898148148148	5.22201510833333	330
NEW_GLASGOW	2006	3	22	81	-1.2	1.9	7.37382147096977	-999.9	0.9	3.71527777777778	5.8021859097882	330
NEW_GLASGOW	2006	3	23	82	-1.3	2.2	8.14444264130198	-999.9	0	5.3125	5.98022359983833	330
NEW_GLASGOW	2006	3	24	83	-2	2.8	9.76007928911289	-999.9	0	4.13194444444444	5.45404939297448	330
NEW_GLASGOW	2006	3	25	84	-4.8	6.1	14.0177915242052	-999.9	0	1.73611111111111	5.05677553276117	330
NEW_GLASGOW	2006	3	26	85	-3.7	2.8	11.0598700601448	-999.9	0	4.05092592592592	4.88496220338532	330
NEW_GLASGOW	2006	3	27	86	-1.8	3.2	9.97612262277554	-999.9	0	6.01851851851853	5.33558432438776	330
NEW_GLASGOW	2006	3	28	87	-1.6	5.1	10.9322690280677	-999.9	0	4.08564814814814	4.15637879631163	330
NEW_GLASGOW	2006	3	29	88	-2.9	10.7	17.5774400969886	-999.9	0	2.48842592592593	4.52543733089843	330
NEW_GLASGOW	2006	3	30	89	0.9	13.4	15.3078146668599	-999.9	0	3.53009259259258	5.30565505713201	330
NEW_GLASGOW	2006	3	31	90	-0.6	13.3	16.2596048228117	-999.9	0	3.61111111111111	5.14678614460831	330
NEW_GLASGOW	2006	4	1	91	3.5	17.7	16.4839778187759	-999.9	10.2	5.56712962962964	8.12518465007891	330
NEW_GLASGOW	2006	4	2	92	3.3	8.1	9.37711414116949	-999.9	0.7	6.21527777777778	8.14418503946513	330
NEW_GLASGOW	2006	4	3	93	0.3	3.5	7.48363001774552	-999.9	0	7.33796296296297	5.04309240108512	330
NEW_GLASGOW	2006	4	4	94	-2.5	3.6	12.0858166834753	-999.9	1.5	3.76157407407408	5.27030230231507	330
NEW_GLASGOW	2006	4	5	95	0.4	9.8	14.1390283519207	-999.9	0.6	4.91898148148147	6.88467006264642	330
NEW_GLASGOW	2006	4	6	96	-0.2	7.2	14.0163309173343	-999.9	8.1	4.46759259259258	7.15401501695294	330
NEW_GLASGOW	2006	4	7	97	0.1	11.2	15.5224734539713	-999.9	12.3	5.19675925925925	6.99133438201157	330
NEW_GLASGOW	2006	4	8	98	2.5	7.9	10.504455505862	-999.9	0	5.60185185185186	7.06972790917711	330
NEW_GLASGOW	2006	4	9	99	-0.3	4.9	12.4368475113886	-999.9	0	2.65046296296296	4.87470801580704	330
NEW_GLASGOW	2006	4	10	100	-1.6	5.6	13.8870291080619	-999.9	0	2.60416666666667	5.20426375605461	330
NEW_GLASGOW	2006	4	11	101	-0.7	9.2	16.6933513712023	-999.9	0	3.15972222222222	4.97941090200751	330
NEW_GLASGOW	2006	4	12	102	-1	15	21.0545162644166	-999.9	0	2.70833333333333	5.90372580617465	330
NEW_GLASGOW	2006	4	13	103	4	17	18.0340547471943	-999.9	3.3	8.24074074074075	8.14536315691105	330
NEW_GLASGOW	2006	4	14	104	5.6	9.1	8.86268822461913	-999.9	0	4.95370370370369	9.20943209082437	330
NEW_GLASGOW	2006	4	15	105	-0.5	11.6	19.2720530598465	-999.9	15.8	3.42592592592592	8.63252296570166	330
NEW_GLASGOW	2006	4	16	106	1.7	3.5	9.0011194648897	-999.9	32.3	5.08101851851853	7.37916978272725	330
NEW_GLASGOW	2006	4	17	107	1.2	3.6	7.89927604879004	-999.9	2.6	9.15509259259258	6.99471038614989	330
NEW_GLASGOW	2006	4	18	108	0.3	2.6	7.58772478415134	-999.9	1.2	8.70370370370369	6.46102472150905	330
NEW_GLASGOW	2006	4	19	109	0.9	3.8	8.71457632476609	-999.9	5.5	8.51851851851853	6.88508814704288	330
NEW_GLASGOW	2006	4	20	110	-0.3	3.3	10.7497303273566	-999.9	0	7.31481481481481	6.704061655571	330
NEW_GLASGOW	2006	4	21	111	-0.2	3	8.83894558889775	-999.9	0	9.23611111111111	5.26114122382462	330
NEW_GLASGOW	2006	4	22	112	-1.1	7	15.1159703797344	-999.9	0	5.45138888888889	5.19104241027281	330
NEW_GLASGOW	2006	4	23	113	-0.6	10	20.866514224166	-999.9	0	2.92824074074075	4.74272683028421	330
NEW_GLASGOW	2006	4	24	114	1.4	14.1	19.2158625425784	-999.9	3.9	6.09953703703703	7.6334824512579	330
NEW_GLASGOW	2006	4	25	115	6.6	14.6	14.243975898055	-999.9	1.7	5.68287037037036	10.9434021581537	330
NEW_GLASGOW	2006	4	26	116	-0.5	9.4	17.1870606219109	-999.9	0	5.71759259259258	4.81211410629041	330
NEW_GLASGOW	2006	4	27	117	2.5	9.4	13.8498318462402	-999.9	0.5	4.13194444444444	6.37977666286026	330
NEW_GLASGOW	2006	4	28	118	-0.5	5.1	13.4541185021205	-999.9	0	3.41435185185186	5.13890931303419	330
NEW_GLASGOW	2006	4	29	119	-3.1	6	17.9746338962313	-999.9	0	2.55787037037037	4.75189615822388	330
NEW_GLASGOW	2006	4	30	120	-1	10.6	22.9288306804468	-999.9	0	2.58101851851852	6.3838515434072	330
NEW_GLASGOW	2006	5	1	121	-3.5	7	18.9113227041125	-999.9	0	3.32175925925925	6.55361520528715	330
NEW_GLASGOW	2006	5	2	122	5	10.5	13.7642189691862	-999.9	0	1.86342592592593	7.31259835784693	330
NEW_GLASGOW	2006	5	3	123	5	13.5	17.2055467335885	-999.9	0	2.80092592592592	6.52072353262064	330
NEW_GLASGOW	2006	5	4	124	6	12	14.533476320492	-999.9	1	2.40740740740741	9.12311618999041	330
NEW_GLASGOW	2006	5	5	125	8	21.5	21.9150255151846	-999.9	0	3.27546296296297	14.224110158101	330
NEW_GLASGOW	2006	5	6	126	7	19	20.7679459380034	-999.9	0	5.05787037037036	12.8926887227569	330
NEW_GLASGOW	2006	5	7	127	10	16.5	15.3615238078756	-999.9	0	3.99305555555556	10.1431445899328	330
NEW_GLASGOW	2006	5	8	128	3	13	19.1469433089094	-999.9	0	2.83564814814814	5.26219295612737	330
NEW_GLASGOW	2006	5	9	129	-1	12	21.9351368942009	-999.9	1.2	4.49074074074075	6.29480917798275	330
NEW_GLASGOW	2006	5	10	130	6	17.5	20.7269050881831	-999.9	0	5.39351851851853	11.106871351202	330
NEW_GLASGOW	2006	5	11	131	9.5	17.5	17.3658198717437	-999.9	9	5.63657407407408	6.65355880732722	330
NEW_GLASGOW	2006	5	12	132	4	14	19.5012836526233	-999.9	0	3.57638888888889	6.35596909196424	330
NEW_GLASGOW	2006	5	13	133	0.5	16	24.3831793168218	-999.9	0	2.58101851851852	9.153325183997	330
NEW_GLASGOW	2006	5	14	134	2.5	14	21.0903267851804	-999.9	0	2.07175925925926	8.9745814274897	330
NEW_GLASGOW	2006	5	15	135	3.5	25	28.9542539144431	-999.9	0	2.68518518518519	9.79472181980156	330
NEW_GLASGOW	2006	5	16	136	9	21	21.7165891105349	-999.9	0	3.49537037037036	10.9084478947081	330
NEW_GLASGOW	2006	5	17	137	9	20	20.8715394210666	-999.9	1.6	6.15740740740742	13.4329651760279	330
NEW_GLASGOW	2006	5	18	138	9.5	19	19.4682365648488	-999.9	1.8	3.75	13.6262247848866	330
NEW_GLASGOW	2006	5	19	139	10	20.5	20.5407298125464	-999.9	0	6.19212962962964	14.4241010173691	330
NEW_GLASGOW	2006	5	20	140	8.5	19.5	21.0971559833261	-999.9	3.2	6.51620370370369	12.4130045338491	330
NEW_GLASGOW	2006	5	21	141	8.5	12	11.9403783278499	-999.9	3.8	3.29861111111111	12.6664808548715	330
NEW_GLASGOW	2006	5	22	142	8	12	12.8062180747724	-999.9	18.6	2.82407407407408	11.4733821705387	330
NEW_GLASGOW	2006	5	23	143	8	12	12.8463056787395	-999.9	1.2	2.93981481481481	9.62530481814263	330
NEW_GLASGOW	2006	5	24	144	7	12	14.4059308732775	-999.9	0	3.05555555555556	9.50867582118029	330
NEW_GLASGOW	2006	5	25	145	-0.5	18.5	28.1638536325415	-999.9	0	4.01620370370369	9.28144769800759	330
NEW_GLASGOW	2006	5	26	146	7	17	20.4892134987643	-999.9	4.4	5.52083333333333	12.1186920613017	330
NEW_GLASGOW	2006	5	27	147	10	18	18.3751761386813	-999.9	0	4.87268518518519	14.4175229018776	330
NEW_GLASGOW	2006	5	28	148	11	20.5	20.0752483549995	-999.9	0	3.15972222222222	13.2380170120924	330
NEW_GLASGOW	2006	5	29	149	0.5	18	27.3138099895006	-999.9	0	2.98611111111111	12.4582626604677	330
NEW_GLASGOW	2006	5	30	150	8	21	23.5966714064134	-999.9	0	2.75462962962963	7.90607217630768	330
NEW_GLASGOW	2006	5	31	151	7	19	22.7215164618528	-999.9	4	4.67592592592592	8.48964384996898	330
NEW_GLASGOW	2006	6	1	152	13.9	22.6	19.3895011926503	-999.9	0	4.0625	17.729202475257	330
NEW_GLASGOW	2006	6	2	153	12.7	20.4	18.2776956372949	-999.9	0	2.40740740740741	13.023802515759	330
NEW_GLASGOW	2006	6	3	154	10.3	13.5	11.8051757507416	-999.9	20.1	2.48842592592593	12.11214634195	330
NEW_GLASGOW	2006	6	4	155	10.5	14.2	12.7166335074718	-999.9	32.6	3.93518518518519	13.7403890890291	330
NEW_GLASGOW	2006	6	5	156	11.1	14.9	12.908906672537	-999.9	0	3.125	14.1914018409869	330
NEW_GLASGOW	2006	6	6	157	7.8	20.3	23.4493973518001	-999.9	0	2.73148148148148	13.0712315490652	330
NEW_GLASGOW	2006	6	7	158	10.7	20.4	20.6868472197341	-999.9	2	3.49537037037036	14.1906045114307	330
NEW_GLASGOW	2006	6	8	159	11	13.4	10.3038293235872	-999.9	14.6	5.72916666666667	12.9247098948407	330
NEW_GLASGOW	2006	6	9	160	9.9	19.8	20.9530933835158	-999.9	0	5.84490740740742	14.7714135234384	330
NEW_GLASGOW	2006	6	10	161	13.9	20.7	17.3850331676157	-999.9	7.5	5.04629629629631	18.5965718238405	330
NEW_GLASGOW	2006	6	11	162	11.9	15	11.7502066476547	-999.9	8.2	4.03935185185186	14.2932369276562	330
NEW_GLASGOW	2006	6	12	163	11.1	17.3	16.6324886542952	-999.9	0.6	2.2337962962963	15.3376408592375	330
NEW_GLASGOW	2006	6	13	164	11.9	22.7	21.969653583579	-999.9	5.2	2.01388888888889	17.7786861683273	330
NEW_GLASGOW	2006	6	14	165	12.9	19.8	17.5727237422306	-999.9	0	2.04861111111111	16.6200828702768	330
NEW_GLASGOW	2006	6	15	166	11.6	16.5	14.8173008505975	-999.9	25.6	4.73379629629631	15.0366278478948	330
NEW_GLASGOW	2006	6	16	167	10.8	24.4	24.6973525403266	-999.9	0	3.18287037037036	14.3047457903148	330
NEW_GLASGOW	2006	6	17	168	14.1	25.4	22.5207818960303	-999.9	0.7	4.95370370370369	13.6906269080046	330
NEW_GLASGOW	2006	6	18	169	14.3	26.3	23.2140869852359	-999.9	0	5.55555555555556	15.6556721601989	330
NEW_GLASGOW	2006	6	19	170	15.6	23.9	19.3094653987772	-999.9	1.1	8.21759259259258	17.371734072401	330
NEW_GLASGOW	2006	6	20	171	16.5	22.8	16.8238428692938	-999.9	0	6.04166666666667	19.5687472174263	330
NEW_GLASGOW	2006	6	21	172	16.3	23.3	17.7329586537852	-999.9	1.4	4.65277777777778	18.8306505601277	330
NEW_GLASGOW	2006	6	22	173	13.2	25	23.0199291732902	-999.9	0	4.52546296296297	15.4106932766171	330
NEW_GLASGOW	2006	6	23	174	17.2	22.9	15.9950190966714	-999.9	0.3	4.54861111111111	20.0796021861545	330
NEW_GLASGOW	2006	6	24	175	14.1	17.6	12.5290827636296	-999.9	3.4	1.86342592592593	16.8464456899114	330
NEW_GLASGOW	2006	6	25	176	13.2	23.8	21.7936351917406	-999.9	0.7	2.84722222222222	19.2537272775534	330
NEW_GLASGOW	2006	6	26	177	17.7	21.1	12.3356277700428	-999.9	0.6	3.21759259259258	20.5079053808742	330
NEW_GLASGOW	2006	6	27	178	17	26.1	20.1669909761069	-999.9	0	3.75	22.5065815875025	330
NEW_GLASGOW	2006	6	28	179	18.3	27.2	19.9281767147427	-999.9	0	5.89120370370369	22.5287545383914	330
NEW_GLASGOW	2006	6	29	180	19.7	24.7	14.9232441821499	-999.9	0	5.52083333333333	23.3347775004962	330
NEW_GLASGOW	2006	6	30	181	19	25.3	16.7343058086597	-999.9	5.4	6.19565217391306	22.9122083009963	330
NEW_GLASGOW	2006	7	1	182	15.9	24.3	17.74513298	-999.9	0.7	4.73379629629631	17.3925252119473	330
NEW_GLASGOW	2006	7	2	183	10	21.2	21.1386315081732	-999.9	6	4.54861111111111	14.2951218972051	330
NEW_GLASGOW	2006	7	3	184	14.5	22.7	17.8238667644938	-999.9	0	3.85416666666667	16.9518484200652	330
NEW_GLASGOW	2006	7	4	185	13.8	24.9	20.7645043760387	-999.9	0	3.56481481481481	16.4017952892459	330
NEW_GLASGOW	2006	7	5	186	16.2	25.1	18.7318073300365	-999.9	0	3.98148148148147	19.956589367924	330
NEW_GLASGOW	2006	7	6	187	16.4	24.7	17.6174589225402	-999.9	0	3.05555555555556	19.1144184359703	330
NEW_GLASGOW	2006	7	7	188	14.1	23.5	20.7665465637162	-999.9	0	2.52314814814815	16.3357048778546	330
NEW_GLASGOW	2006	7	8	189	14.5	28.6	23.290960339063	-999.9	0	3.26388888888889	17.2455802596855	330
NEW_GLASGOW	2006	7	9	190	17	26.3	19.0550802033607	-999.9	0	5.04629629629631	18.1803336539494	330
NEW_GLASGOW	2006	7	10	191	16.6	27.4	19.7917202899258	-999.9	0	4.32870370370369	19.6865837770749	330
NEW_GLASGOW	2006	7	11	192	16.1	28.4	21.6132801447256	-999.9	0	4.45601851851853	20.72548520288	330
NEW_GLASGOW	2006	7	12	193	17.9	22.1	14.4578209130119	-999.9	0	3.15972222222222	20.9968624948467	330
NEW_GLASGOW	2006	7	13	194	14.6	19.2	13.5110492884239	-999.9	0.3	3.31018518518519	17.8806029182554	330
NEW_GLASGOW	2006	7	14	195	15.7	27.2	20.8581645418538	-999.9	0	3.35648148148147	21.1574521028585	330
NEW_GLASGOW	2006	7	15	196	15.2	22.3	16.2698235182446	-999.9	0	2.65046296296296	16.1762072603521	330
NEW_GLASGOW	2006	7	16	197	15.2	29.4	23.217468161205	-999.9	0	4.20138888888889	19.8751340680943	330
NEW_GLASGOW	2006	7	17	198	19.6	30.4	19.4446601041396	-999.9	0	4.57175925925925	23.7545979242951	330
NEW_GLASGOW	2006	7	18	199	20.1	31	19.7040423048062	-999.9	0	5.24305555555556	24.9240307045062	330
NEW_GLASGOW	2006	7	19	200	19	24.1	13.2858494432923	-999.9	0	2.80092592592592	16.5160852661602	330
NEW_GLASGOW	2006	7	20	201	14.1	29.2	23.5526648496202	-999.9	0	3.53009259259258	16.2248496331305	330
NEW_GLASGOW	2006	7	21	202	17.2	24.5	16.2290997120838	-999.9	25.5	5.03472222222222	20.5618427323622	330
NEW_GLASGOW	2006	7	22	203	17.3	24.3	17.9432616886988	-999.9	40.7	2.59259259259259	23.0083012095898	330
NEW_GLASGOW	2006	7	23	204	18.9	23.3	11.9943750792854	-999.9	12.1	4.62962962962964	23.1253512471005	330
NEW_GLASGOW	2006	7	24	205	17.2	21	8.90763699614584	-999.9	0.3	3.05555555555556	19.7604335011736	330
NEW_GLASGOW	2006	7	25	206	12.4	24.9	21.7375330403916	-999.9	3	4.59490740740742	16.6808836773418	330
NEW_GLASGOW	2006	7	26	207	16.5	24.9	17.0042863750758	-999.9	0	4.47916666666667	19.471292653766	330
NEW_GLASGOW	2006	7	27	208	16.9	29.1	19.786854737571	-999.9	0	2.85879629629631	20.7181529062607	330
NEW_GLASGOW	2006	7	28	209	17.5	26.7	16.6381972611071	-999.9	17.2	4.22453703703703	22.0053382135105	330
NEW_GLASGOW	2006	7	29	210	19.8	30.1	18.5240280839336	-999.9	0	3.18287037037036	25.5498947070282	330
NEW_GLASGOW	2006	7	30	211	16.1	22	14.1539048816878	-999.9	0	3.83101851851853	15.0702746278444	330
NEW_GLASGOW	2006	7	31	212	14.4	22.7	16.7626596112867	-999.9	1.6	2.65046296296296	15.2225286396209	330
NEW_GLASGOW	2006	8	1	213	10	27.5	25.4818368481159	-999.9	2.6	2.25694444444444	14.870185481831	330
NEW_GLASGOW	2006	8	2	214	18	29.5	20.5602394811154	-999.9	0	4.62962962962964	20.6061111600809	330
NEW_GLASGOW	2006	8	3	215	18	22.5	12.7997666806836	-999.9	0	2.89351851851853	17.2623805407219	330
NEW_GLASGOW	2006	8	4	216	16	20	12.0085650304913	-999.9	0.2	3.00925925925925	16.7942657400118	330
NEW_GLASGOW	2006	8	5	217	16	22.5	15.2311136719559	-999.9	0	3.78472222222222	16.8999619546095	330
NEW_GLASGOW	2006	8	6	218	10	25.5	23.3993069528361	-999.9	0	3.84259259259258	13.2727159534431	330
NEW_GLASGOW	2006	8	7	219	15.5	25.5	18.6959427966601	-999.9	0.4	6.68981481481481	14.9435533039085	330
NEW_GLASGOW	2006	8	8	220	16	21.5	13.7907141606131	-999.9	0.6	4.44444444444444	20.3847333958461	330
NEW_GLASGOW	2006	8	9	221	13	21.5	17.0498470183344	-999.9	0	2.98611111111111	14.8608907951673	330
NEW_GLASGOW	2006	8	10	222	15.5	25	17.923621293767	-999.9	10	3.58796296296297	15.5845111582535	330
NEW_GLASGOW	2006	8	11	223	12.5	18	13.5595508856137	-999.9	2	2.70833333333333	14.4711270129904	330
NEW_GLASGOW	2006	8	12	224	6.5	20	21.1192099998709	-999.9	2.2	2.67361111111111	12.3552910902608	330
NEW_GLASGOW	2006	8	13	225	10	19	17.1405767564885	-999.9	1.2	3.64379084967319	12.5220231438373	330
NEW_GLASGOW	2006	8	14	226	11.5	22	18.4008775215306	-999.9	0.6	4.60648148148147	13.0273105440836	330
NEW_GLASGOW	2006	8	15	227	14	21	14.9306487581273	-999.9	7.4	4.79166666666667	17.4960378189389	330
NEW_GLASGOW	2006	8	16	228	15	26	18.5976294447012	-999.9	0	2.16435185185185	17.0960045259602	330
NEW_GLASGOW	2006	8	17	229	6	22	22.2842690988701	-999.9	0	1.68981481481481	15.5296615571908	330
NEW_GLASGOW	2006	8	18	230	10	25	21.4341619622203	-999.9	0	2.00231481481481	13.6471948075654	330
NEW_GLASGOW	2006	8	19	231	16	25	16.4911023014674	-999.9	16.8	3.93518518518519	17.936107848479	330
NEW_GLASGOW	2006	8	20	232	16.5	18	6.68630911286722	-999.9	18.8	2.22222222222222	18.8832757791602	330
NEW_GLASGOW	2006	8	21	233	16.5	18	6.63962332718802	-999.9	14.6	5	19.3284245548937	330
NEW_GLASGOW	2006	8	22	234	15.5	25	16.5905574227648	-999.9	1.2	3.96825396825397	18.2010063513715	330
NEW_GLASGOW	2006	8	23	235	13.5	21	14.6344133068482	-999.9	3.8	2.56944444444444	14.0072385129793	330
NEW_GLASGOW	2006	8	24	236	7	20	19.1251917342279	-999.9	0	3.39285714285714	10.5582768195223	330
NEW_GLASGOW	2006	8	25	237	7	18	17.4607790874502	-999.9	0	2.82407407407408	11.9189011179778	330
NEW_GLASGOW	2006	8	26	238	7	18	17.3276746295828	-999.9	0.2	3.07870370370369	12.05232109528	330
NEW_GLASGOW	2006	8	27	239	6	17	17.1933407171696	-999.9	0	2.24537037037037	11.2033849242144	330
NEW_GLASGOW	2006	8	28	240	7	18.5	17.4411840827982	-999.9	0.2	2.04861111111111	12.2131044610121	330
NEW_GLASGOW	2006	8	29	241	7	20	18.3952120876519	-999.9	0	2.51157407407408	14.6892631731287	330
NEW_GLASGOW	2006	8	30	242	9	19.5	16.3974624822024	-999.9	0	1.96759259259259	14.3128195521972	330
NEW_GLASGOW	2006	8	31	243	8	17	15.0554856300614	-999.9	0	4.80324074074075	11.6056249672559	330
NEW_GLASGOW	2006	9	1	244	12.5	17.5	11.1273702842236	-999.9	1.8	4.86111111111111	12.71549241406	330
NEW_GLASGOW	2006	9	2	245	7	18.5	16.7314224579721	-999.9	0	2.63888888888889	11.516024981781	330
NEW_GLASGOW	2006	9	3	246	8.5	22.5	18.3006553932924	-999.9	1	2.61574074074074	13.6790309945609	330
NEW_GLASGOW	2006	9	4	247	13	18	10.8404794135087	-999.9	12.2	3.21759259259258	16.1331687107082	330
NEW_GLASGOW	2006	9	5	248	15	21	11.7690681794224	-999.9	0.6	3.50694444444444	17.9246799975671	330
NEW_GLASGOW	2006	9	6	249	14	22.5	13.8810056410282	-999.9	0.6	2.80092592592592	17.849359079145	330
NEW_GLASGOW	2006	9	7	250	16.5	21	10.0070195469101	-999.9	0	1.78240740740741	16.836246754316	330
NEW_GLASGOW	2006	9	8	251	14.5	21.5	12.3644990480392	-999.9	0	3.88888888888889	17.4117756515506	330
NEW_GLASGOW	2006	9	9	252	14	22	13.0931308234815	-999.9	3.6	4.47916666666667	16.9171393998502	330
NEW_GLASGOW	2006	9	10	253	12.5	15.5	7.94094465660113	-999.9	0.4	4.81481481481481	12.1311259068966	330
NEW_GLASGOW	2006	9	11	254	1	16.5	17.8744418132539	-999.9	0	3.76157407407408	8.92958337720827	330
NEW_GLASGOW	2006	9	12	255	10	18.5	13.1060959592456	-999.9	0	2.83564814814814	8.96569288847266	330
NEW_GLASGOW	2006	9	13	256	15	19	8.90088852183858	-999.9	0.2	4.29398148148147	11.8396432309428	330
NEW_GLASGOW	2006	9	14	257	12	23	14.6110547040769	-999.9	0	3.86574074074075	13.0561480336821	330
NEW_GLASGOW	2006	9	15	258	12	20	12.3325988474511	-999.9	0	3.07870370370369	15.8878399799997	330
NEW_GLASGOW	2006	9	16	259	13	23	13.6450997643157	-999.9	0	2.87037037037036	17.9579663781635	330
NEW_GLASGOW	2006	9	17	260	8	23.5	16.809415134642	-999.9	0	2.59259259259259	15.019332654894	330
NEW_GLASGOW	2006	9	18	261	15.5	18.5	7.31645331543607	-999.9	0	2.65046296296296	17.1842178681769	330
NEW_GLASGOW	2006	9	19	262	15	24.5	12.8794844036004	-999.9	15.8	4.90740740740742	16.2937826905443	330
NEW_GLASGOW	2006	9	20	263	19	24	9.24191918894634	-999.9	20.8	4.54861111111111	22.5384728900419	330
NEW_GLASGOW	2006	9	21	264	12	17	9.14001289477637	-999.9	0.6	3.40277777777778	12.8039493038688	330
NEW_GLASGOW	2006	9	22	265	4	14.5	13.0974167635988	-999.9	0	3.64583333333333	7.90348802281931	330
NEW_GLASGOW	2006	9	23	266	2.5	14	13.5523340089435	-999.9	2.2	3.26388888888889	8.43768338851519	330
NEW_GLASGOW	2006	9	24	267	12	18	9.67743912906614	-999.9	4.4	5.20833333333333	15.3503593495049	330
NEW_GLASGOW	2006	9	25	268	10	15	8.73243704341572	-999.9	0	4.22453703703703	10.5025741312899	330
NEW_GLASGOW	2006	9	26	269	2.5	17.5	14.9488673833307	-999.9	1.8	2.59259259259259	11.0528523138225	330
NEW_GLASGOW	2006	9	27	270	4.5	16.5	13.2133414479413	-999.9	0	2.06018518518519	10.8994380772579	330
NEW_GLASGOW	2006	9	28	271	2	18	15.0761081067094	-999.9	1.4	2.66203703703704	11.019126450743	330
NEW_GLASGOW	2006	9	29	272	10	18	10.5324648742881	-999.9	6.4	7.24537037037036	15.1822276416984	330
NEW_GLASGOW	2006	9	30	273	10	15	8.22574283554302	-999.9	0	4.44444444444444	11.4907184707043	330
NEW_GLASGOW	2006	10	1	274	2	15.5	13.3509527124513	-999.9	34.4	2.59259259259259	9.03248848811018	330
NEW_GLASGOW	2006	10	2	275	10.5	12	4.39538859875043	-999.9	30.4	6.88657407407408	12.7215175707086	330
NEW_GLASGOW	2006	10	3	276	10.5	14.5	7.08826394979061	-999.9	0	4.80324074074075	10.7483927826114	330
NEW_GLASGOW	2006	10	4	277	10	16	8.57228712109429	-999.9	19	2.58101851851852	12.2344279876449	330
NEW_GLASGOW	2006	10	5	278	8.5	12	6.46428243714639	-999.9	0.6	5.70601851851853	9.87066668846132	330
NEW_GLASGOW	2006	10	6	279	2	11.5	10.5140118862457	-999.9	0	2.60416666666667	7.04467907801838	330
NEW_GLASGOW	2006	10	7	280	-1	15	13.4692478253657	-999.9	0	3.22916666666667	7.4825074555785	330
NEW_GLASGOW	2006	10	8	281	7	17	10.5103609911884	-999.9	0	3.06712962962964	9.45171053528026	330
NEW_GLASGOW	2006	10	9	282	8.5	22	12.052515914291	-999.9	0	4.78009259259258	11.2800727263505	330
NEW_GLASGOW	2006	10	10	283	5	13	9.15607488181939	-999.9	0	2.5	7.52213810343667	330
NEW_GLASGOW	2006	10	11	284	0	11	10.5943907887815	-999.9	0	2.98611111111111	7.60833893352417	330
NEW_GLASGOW	2006	10	12	285	8.5	17	9.18898946270529	-999.9	14.2	7.29166666666667	11.526781106081	330
NEW_GLASGOW	2006	10	13	286	15	20	6.95323500891545	-999.9	0	3.34490740740742	15.7574392815057	330
NEW_GLASGOW	2006	10	14	287	5	13	8.67675221305261	-999.9	26.4	2.32638888888889	11.046152303462	330
NEW_GLASGOW	2006	10	15	288	7	13	7.41253224813737	-999.9	0	4.00462962962964	9.45338636544635	330
NEW_GLASGOW	2006	10	16	289	0.5	11.5	9.90002821686671	-999.9	0	2.08333333333333	7.49777616008032	330
NEW_GLASGOW	2006	10	17	290	-1.5	10	9.98413497978475	-999.9	0	2.07175925925926	7.19010222408362	330
NEW_GLASGOW	2006	10	18	291	3.5	9.5	7.11267475439249	-999.9	15.8	3.58796296296297	9.07859231318204	330
NEW_GLASGOW	2006	10	19	292	7	11	5.72742791941777	-999.9	0.6	2.62731481481481	10.9283919692611	330
NEW_GLASGOW	2006	10	20	293	8.5	14	6.62311109432267	-999.9	16.4	4.49074074074075	11.8191153241086	330
NEW_GLASGOW	2006	10	21	294	9.5	14	5.90770889892151	-999.9	11.4	5.82175925925925	10.7420051241693	330
NEW_GLASGOW	2006	10	22	295	7.5	8	1.94184012634769	-999.9	4.2	5.86805555555556	9.52577653957351	330
NEW_GLASGOW	2006	10	23	296	6	11	6.0550137879186	-999.9	1.4	1.43518518518519	9.69626705782065	330
NEW_GLASGOW	2006	10	24	297	6	11	5.97042780734216	-999.9	7.4	1.28472222222222	8.71905496706245	330
NEW_GLASGOW	2006	10	25	298	3.5	8	5.58480988858419	-999.9	9.4	4.35185185185186	8.27232187564424	330
NEW_GLASGOW	2006	10	26	299	4.5	7	4.10438439076254	-999.9	7.4	5.86805555555556	6.85014878368841	330
NEW_GLASGOW	2006	10	27	300	4.5	7	4.0468866368255	-999.9	1.8	4.30555555555556	7.00317910089218	330
NEW_GLASGOW	2006	10	28	301	-3.5	16	11.1440104095471	-999.9	16.8	4.38657407407408	7.53797817504814	330
NEW_GLASGOW	2006	10	29	302	6.5	12.5	6.09503621597193	-999.9	7	8.76157407407408	8.96620288749149	330
NEW_GLASGOW	2006	10	30	303	4.5	6.5	3.46975379011986	-999.9	0.4	7.8125	5.26020861893518	330
NEW_GLASGOW	2006	10	31	304	6	8.5	3.82513300518427	-999.9	0	4.07407407407408	5.95884994518773	330
NEW_GLASGOW	2006	11	1	305	4.5	11	6.08190204415445	-999.9	0.4	1.73611111111111	8.33682571802287	330
NEW_GLASGOW	2006	11	2	306	0.5	10	7.25049468697884	-999.9	1.8	1.85185185185185	8.97225024382133	330
NEW_GLASGOW	2006	11	3	307	3	5	3.28068455871648	-999.9	0	3.26388888888889	5.32999236930459	330
NEW_GLASGOW	2006	11	4	308	-5	3.5	6.6700162464017	-999.9	0	2.43055555555556	4.11994934950536	330
NEW_GLASGOW	2006	11	5	309	-3	4	5.96983845289471	-999.9	0	2.97453703703703	4.26739716867817	330
NEW_GLASGOW	2006	11	6	310	-3	6.5	6.85967653221333	-999.9	0	1.26157407407407	4.46220740339882	330
NEW_GLASGOW	2006	11	7	311	-2.5	8	7.11378885525676	-999.9	0	3.47222222222222	6.29320751532475	330
NEW_GLASGOW	2006	11	8	312	3	11.5	6.31423360140517	-999.9	21.8	3.90046296296297	9.68753308918508	330
NEW_GLASGOW	2006	11	9	313	8.5	15	5.4477522938884	-999.9	51.2	6.88657407407408	12.6086181131787	330
NEW_GLASGOW	2006	11	10	314	7.5	13	4.94470615759627	-999.9	0	4.64120370370369	10.1782109679988	330
NEW_GLASGOW	2006	11	11	315	2.5	9	5.30478398914655	-999.9	0	2.73148148148148	6.70915887688583	330
NEW_GLASGOW	2006	11	12	316	2	8	5.03032983592619	-999.9	6.6	4.12037037037036	8.28018586083288	330
NEW_GLASGOW	2006	11	13	317	6	10	4.05436803319419	-999.9	0.6	5.13888888888889	9.20099081484744	330
NEW_GLASGOW	2006	11	14	318	8	16	5.66079849718497	-999.9	5.8	7.56944444444445	11.3849485822008	330
NEW_GLASGOW	2006	11	15	319	11.5	17	4.63474137574968	-999.9	0.6	4.86111111111111	14.1080674372555	330
NEW_GLASGOW	2006	11	16	320	10	17	5.16394209378534	-999.9	0	2.60416666666667	12.9621513210108	330
NEW_GLASGOW	2006	11	17	321	13.5	20.5	5.10095067255704	-999.9	7.8	7.41898148148147	15.5802421372517	330
NEW_GLASGOW	2006	11	18	322	8.5	12	3.5636279890463	-999.9	0.4	3.32175925925925	12.0289337082636	330
NEW_GLASGOW	2006	11	19	323	4.5	6.5	2.66207927746234	-999.9	0	2.1875	7.56331729755573	330
NEW_GLASGOW	2006	11	20	324	3.5	5	2.27874456054145	-999.9	0.2	4.29398148148147	6.43589076929497	330
NEW_GLASGOW	2006	11	21	325	-1	3	3.67896291739987	-999.9	0	3.81944444444444	4.19418136258764	330
NEW_GLASGOW	2006	11	22	326	-5	4.5	5.60672156688888	-999.9	0	2.40740740740741	4.54590663952238	330
NEW_GLASGOW	2006	11	23	327	-5.5	6	6.10181808802831	-999.9	4.4	2.22222222222222	6.21446796355916	330
NEW_GLASGOW	2006	11	24	328	0.5	6	4.17514153852552	-999.9	0	6.71296296296297	6.13149498123009	330
NEW_GLASGOW	2006	11	25	329	-2	5	4.66165092966352	-999.9	0	3.02083333333333	4.96094332964565	330
NEW_GLASGOW	2006	11	26	330	-3.5	7.5	5.78514487860558	-999.9	0	3.39120370370369	6.6499852637238	330
NEW_GLASGOW	2006	11	27	331	-1	7	4.88563767124851	-999.9	0	2.83564814814814	6.13683272563188	330
NEW_GLASGOW	2006	11	28	332	-1	2	2.96367994027717	-999.9	0	4.51388888888889	4.04937725979609	330
NEW_GLASGOW	2006	11	29	333	-5.5	5	5.49415060255913	-999.9	1.4	3.26388888888889	5.53089563365171	330
NEW_GLASGOW	2006	11	30	334	4	14.5	5.44604621576756	-999.9	3.2	7.30324074074075	9.07015103720512	330
NEW_GLASGOW	2006	12	1	335	0	5	3.72651238679292	-999.9	22.1	4.98842592592592	6.59035698160111	330
NEW_GLASGOW	2006	12	2	336	0	5	3.69647772550449	-999.9	0.8	4.95370370370369	6.17571798504464	330
NEW_GLASGOW	2006	12	3	337	-2.5	-0.5	2.31986451881281	-999.9	2	5.04629629629631	3.69981824253617	330
NEW_GLASGOW	2006	12	4	338	-7	3	5.14938557684901	-999.9	8.2	3.56481481481481	4.55527838289458	330
NEW_GLASGOW	2006	12	5	339	-6.5	-4.5	2.28689144332097	-999.9	0	5.23148148148147	3.45714452491487	330
NEW_GLASGOW	2006	12	6	340	-13.5	7	7.2736753230546	-999.9	1.8	4.18981481481481	3.25634475781962	330
NEW_GLASGOW	2006	12	7	341	-7.5	7	6.07970442072125	-999.9	10	5.92592592592592	5.33566814973904	330
NEW_GLASGOW	2006	12	8	342	-2	3	3.5496340601816	-999.9	4.2	6.43518518518519	5.8992214698792	330
NEW_GLASGOW	2006	12	9	343	-8.5	1.5	4.99322010314249	-999.9	0	3.72685185185186	3.4256332386992	330
NEW_GLASGOW	2006	12	10	344	-6.5	5	5.32840151826912	-999.9	0	4.50231481481481	4.51806674488119	330
NEW_GLASGOW	2006	12	11	345	-1	3	3.12848058088178	-999.9	1.3	3.09027777777778	4.67390908859319	330
NEW_GLASGOW	2006	12	12	346	-3.5	-2	1.90807477553582	-999.9	0	5.10416666666667	3.08751362786077	330
NEW_GLASGOW	2006	12	13	347	-10.5	7	6.49394191828126	-999.9	5.8	3.84259259259258	4.41942994841859	330
NEW_GLASGOW	2006	12	14	348	1.5	7	3.62915802919267	-999.9	0	3.31018518518519	7.7867655146442	330
NEW_GLASGOW	2006	12	15	349	1.5	7	3.61941636385518	-999.9	0.6	4.40972222222222	7.32924043139219	330
NEW_GLASGOW	2006	12	16	350	4	6	2.17773015978288	-999.9	0.4	4.31712962962964	7.64205219437669	330
NEW_GLASGOW	2006	12	17	351	-2.5	4.5	4.06696632854743	-999.9	0	4.76851851851853	5.29056085753235	330
NEW_GLASGOW	2006	12	18	352	1	5	3.07033528484319	-999.9	5	4.03935185185186	5.54024515486247	330
NEW_GLASGOW	2006	12	19	353	-3	3.5	3.91065366982195	-999.9	5	4.61805555555556	3.35046320430696	330
NEW_GLASGOW	2006	12	20	354	-10	0	4.8487828552752	-999.9	0	3.22916666666667	3.29810623987966	330
NEW_GLASGOW	2006	12	21	355	-11.5	4	6.03729098207851	-999.9	0	5.78703703703703	3.30165260380608	330
NEW_GLASGOW	2006	12	22	356	-4	-1	2.65756480880982	-999.9	0	5.49768518518519	3.26315712467976	330
NEW_GLASGOW	2006	12	23	357	-10.5	8	6.60631426465347	-999.9	20.2	4.12037037037036	5.18420551814628	330
NEW_GLASGOW	2006	12	24	358	0.5	4	2.87779645187656	-999.9	0.3	7.03703703703703	6.11003077955555	330
NEW_GLASGOW	2006	12	25	359	0	3.5	2.88346334106773	-999.9	0	5.57870370370369	4.19404778661435	330
NEW_GLASGOW	2006	12	26	360	-1.5	1	2.44289774710572	-999.9	5.5	2.93981481481481	5.02814971116103	330
NEW_GLASGOW	2006	12	27	361	-4	-1.5	2.44996131775687	-999.9	5	4.375	4.49775016598065	330
NEW_GLASGOW	2006	12	28	362	-9	-8	1.55467819786252	-999.9	0	4.43287037037036	2.37069553435307	330
NEW_GLASGOW	2006	12	29	363	-10	-8	2.20699907664681	-999.9	0	5.71759259259258	2.1469636231988	330
NEW_GLASGOW	2006	12	30	364	-9	-4	3.50438582300466	-999.9	2	4.0625	2.47113214614845	330
NEW_GLASGOW	2006	12	31	365	-7	-3	3.14910602268671	-999.9	3	5.12731481481481	3.07564066405766	330
