NEW_GLASGOW	2021	1	1	1	-4	-1.5	2.50233551861217	-999.9	0	3.59953703703703	2.96778327693973	330
NEW_GLASGOW	2021	1	2	2	-7	-2	3.55847312159997	-999.9	20	3.62268518518519	3.94578981316658	330
NEW_GLASGOW	2021	1	3	3	-5	-2	2.77283594198996	-999.9	0	5.12731481481481	4.27451827233873	330
NEW_GLASGOW	2021	1	4	4	-3.5	1	3.41769236571047	-999.9	2.4	2.03703703703704	4.53646391504678	330
NEW_GLASGOW	2021	1	5	5	-2.5	7	4.99949778031286	-999.9	15.6	6.42361111111111	5.08392068333333	330
NEW_GLASGOW	2021	1	6	6	0	1.5	2.00087052380242	-999.9	13.8	8.53009259259258	5.84430704161969	330
NEW_GLASGOW	2021	1	7	7	0	1	1.64607299105614	-999.9	4.8	6.79398148148147	5.58281394672608	330
NEW_GLASGOW	2021	1	8	8	-3.5	-1	2.62335857768776	-999.9	2	0.578703703703703	4.38324231042983	330
NEW_GLASGOW	2021	1	9	9	-3	1.5	3.54887772385355	-999.9	4	2.67361111111111	4.82412121892477	330
NEW_GLASGOW	2021	1	10	10	-2.5	1.5	3.37494005193387	-999.9	0	6.875	4.22782003670125	330
NEW_GLASGOW	2021	1	11	11	-6	-1	3.80734294420185	-999.9	0	2.30324074074074	3.47154477399388	330
NEW_GLASGOW	2021	1	12	12	-9	-1	4.86102581905317	-999.9	0	1.875	3.86200388498519	330
NEW_GLASGOW	2021	1	13	13	-10	-0.5	5.34848725395206	-999.9	0	2.15277777777778	3.59801604611932	330
NEW_GLASGOW	2021	1	14	14	-4	0.5	3.71789511943352	-999.9	0	1.49305555555556	5.03289510242975	330
NEW_GLASGOW	2021	1	15	15	-2.5	1.5	3.54138549967994	-999.9	0	2.39583333333333	4.29584684085863	330
NEW_GLASGOW	2021	1	16	16	-10	3.5	6.57488433048711	-999.9	26.8	3.33333333333333	4.57205678867538	330
NEW_GLASGOW	2021	1	17	17	-1	5	4.43093731212046	-999.9	7.8	7.59259259259258	6.33084658763696	330
NEW_GLASGOW	2021	1	18	18	-0.5	2	2.89204109050008	-999.9	0	4.87268518518519	4.01949667791088	330
NEW_GLASGOW	2021	1	19	19	-8	-6	2.61622225571799	-999.9	0	4.57175925925925	2.42923732065555	330
NEW_GLASGOW	2021	1	20	20	-12.5	-6	4.77141490295766	-999.9	0	2.98611111111111	1.90534109473745	330
NEW_GLASGOW	2021	1	21	21	-13	-6	5.0103844497531	-999.9	0	2.5	1.95294414594669	330
NEW_GLASGOW	2021	1	22	22	-14	-1.5	6.77648081243146	-999.9	0	2.83564814814814	2.5126077042235	330
NEW_GLASGOW	2021	1	23	23	-10	-2	5.48797388308034	-999.9	0	3.18287037037036	3.04334912010624	330
NEW_GLASGOW	2021	1	24	24	-8.5	0	5.72769710871874	-999.9	5	3.18287037037036	3.4298748426652	330
NEW_GLASGOW	2021	1	25	25	-3.5	0.5	3.97910041053615	-999.9	2	6.41203703703703	5.28518754936546	330
NEW_GLASGOW	2021	1	26	26	-1	1	2.84990337136442	-999.9	0	4.91898148148147	5.51713631543635	330
NEW_GLASGOW	2021	1	27	27	-1.5	6	5.59084045454066	-999.9	0	3.56481481481481	4.16810918439049	330
NEW_GLASGOW	2021	1	28	28	-3.5	-2	2.53331833883609	-999.9	0	1.97916666666667	3.81521941630749	330
NEW_GLASGOW	2021	1	29	29	-5	-2.5	3.31415994619806	-999.9	8	5.64814814814814	3.45902805084513	330
NEW_GLASGOW	2021	1	30	30	-6.5	-3	3.97423773125866	-999.9	1	4.84953703703703	3.03426033931753	330
NEW_GLASGOW	2021	1	31	31	-8.5	0	6.27766511633194	-999.9	1	4.83796296296297	4.20038435508386	330
NEW_GLASGOW	2021	2	1	32	-6	-1	4.88079529760118	-999.9	0	2.97453703703703	3.42537913360617	330
NEW_GLASGOW	2021	2	2	33	-5.5	0	5.18976303395005	-999.9	27	7.07175925925925	5.21940658649276	330
NEW_GLASGOW	2021	2	3	34	-6	9.5	8.83348410697255	-999.9	11.2	4.01620370370369	7.39591013275163	330
NEW_GLASGOW	2021	2	4	35	-1	0.5	2.78642294687184	-999.9	1.6	2.53472222222222	5.43240126947453	330
NEW_GLASGOW	2021	2	5	36	-3	3	5.65123543990153	-999.9	8.6	2.7662037037037	4.82648625531085	330
NEW_GLASGOW	2021	2	6	37	-1	5	5.73108599846591	-999.9	2.1	5.87962962962964	5.27421422897849	330
NEW_GLASGOW	2021	2	7	38	-5	-2	4.10997068786755	-999.9	20	4.54861111111111	2.634816222704	330
NEW_GLASGOW	2021	2	8	39	-4.5	20	11.9123495213035	-999.9	5	7.58101851851853	3.25465890776298	330
NEW_GLASGOW	2021	2	9	40	-10.5	-6	5.17812755259383	-999.9	0	4.78009259259258	1.79230710157526	330
NEW_GLASGOW	2021	2	10	41	-12	-5.5	6.3122982125383	-999.9	0	3.22916666666667	1.87301425400001	330
NEW_GLASGOW	2021	2	11	42	-13	-7	6.15147934694604	-999.9	0	4.86111111111111	1.3907824010634	330
NEW_GLASGOW	2021	2	12	43	-15	-2	9.18447099288697	-999.9	1	3.19444444444444	2.34544134728201	330
NEW_GLASGOW	2021	2	13	44	-12.5	-4	7.53308057410514	-999.9	0	2.75462962962963	2.54662217740618	330
NEW_GLASGOW	2021	2	14	45	-16	13.5	14.2348809231643	-999.9	0.6	1.99074074074074	2.41548637895269	330
NEW_GLASGOW	2021	2	15	46	-9	-3.5	6.23447389111548	-999.9	0	1.70138888888889	2.50908151974683	330
NEW_GLASGOW	2021	2	16	47	-7.5	0	7.38444302333436	-999.9	2	2.37268518518519	4.03864627299798	330
NEW_GLASGOW	2021	2	17	48	-4	-2	3.86777255635296	-999.9	0	4.64120370370369	3.35263221273677	330
NEW_GLASGOW	2021	2	18	49	-12.5	-3.5	8.32172643271791	-999.9	0	3.4375	1.61172625621515	330
NEW_GLASGOW	2021	2	19	50	-19	-5	10.5265787429824	-999.9	0	1.875	1.95834930296466	330
NEW_GLASGOW	2021	2	20	51	-13.5	-3.5	9.0227002271261	-999.9	0	3.80787037037036	2.91197777336706	330
NEW_GLASGOW	2021	2	21	52	-6	14	12.9403089736289	-999.9	1	5.19675925925925	2.62481954092876	330
NEW_GLASGOW	2021	2	22	53	-7.5	1	8.55479690597449	-999.9	25	4.15509259259258	2.54687943433608	330
NEW_GLASGOW	2021	2	23	54	-2	4	7.28822349851519	-999.9	0	6.34259259259258	5.76212544975881	330
NEW_GLASGOW	2021	2	24	55	-2	4	7.38993409040245	-999.9	2	3.65740740740742	5.09123893552032	330
NEW_GLASGOW	2021	2	25	56	-1.5	2	5.72254011766401	-999.9	2	5.11574074074075	3.84802256253663	330
NEW_GLASGOW	2021	2	26	57	-12.5	-7	7.27269001327879	-999.9	0	4.78009259259258	1.50409521703456	330
NEW_GLASGOW	2021	2	27	58	-17	3	14.0590110725378	-999.9	0	5.24305555555556	2.51077600209617	330
NEW_GLASGOW	2021	2	28	59	0.5	2.5	4.50657025720371	-999.9	0	6.03009259259258	4.18963730868231	330
NEW_GLASGOW	2021	3	1	60	-8	0.5	9.41663187227362	-999.9	3	5.20833333333333	4.30703473909966	330
NEW_GLASGOW	2021	3	2	61	-16.5	-11	7.67687420296127	-999.9	2	8.48379629629631	2.79832755694966	330
NEW_GLASGOW	2021	3	3	62	-14	2.5	13.4748024576332	-999.9	0	7.04861111111111	2.19447486120996	330
NEW_GLASGOW	2021	3	4	63	-7	-1	8.23364877096456	-999.9	0	6.84027777777778	2.52449262569512	330
NEW_GLASGOW	2021	3	5	64	-11	-5	8.34230617209906	-999.9	0	3.84259259259258	2.0719198884287	330
NEW_GLASGOW	2021	3	6	65	-11	-2	10.350985871336	-999.9	0	4.24768518518519	2.09957707384251	330
NEW_GLASGOW	2021	3	7	66	-9	-2.5	8.91090897307885	-999.9	0	3.40277777777778	2.13762442197518	330
NEW_GLASGOW	2021	3	8	67	-16.5	-1	13.937656405872	-999.9	0	2.89351851851853	2.84605490003919	330
NEW_GLASGOW	2021	3	9	68	-14.5	4.5	15.6283042503851	-999.9	1	2.59259259259259	3.46546503383415	330
NEW_GLASGOW	2021	3	10	69	-7.5	12.5	16.2372588980579	-999.9	1	2.33796296296296	3.90501723432321	330
NEW_GLASGOW	2021	3	11	70	2.5	8.5	9.00505784535758	-999.9	0	6.65509259259258	5.70018775677758	330
NEW_GLASGOW	2021	3	12	71	-3.5	10.5	13.9263601601718	-999.9	0	6.41203703703703	5.24498138793035	330
NEW_GLASGOW	2021	3	13	72	-7.5	0	10.3184777570065	-999.9	0	6.33101851851853	3.13624278535647	330
NEW_GLASGOW	2021	3	14	73	-8	-3.5	8.09003679231716	-999.9	2	3.66898148148147	2.24215743764937	330
NEW_GLASGOW	2021	3	15	74	-10.5	-8.5	5.45840235292409	-999.9	1	6.59722222222222	1.98680694821378	330
NEW_GLASGOW	2021	3	16	75	-11	-8.5	6.17551536360287	-999.9	0	5.19675925925925	1.59525157958525	330
NEW_GLASGOW	2021	3	17	76	-18.5	5.5	19.3600802596106	-999.9	0	3.53009259259258	2.51982831092051	330
NEW_GLASGOW	2021	3	18	77	-6	5	13.259930865508	-999.9	2	4.61805555555556	5.352856961949	330
NEW_GLASGOW	2021	3	19	78	-7.6	-3.8	9.05542810198146	-999.9	4.9	6.89814814814814	2.66970658246431	330
NEW_GLASGOW	2021	3	20	79	-11	16	21.2542840670599	-999.9	0	3.09027777777778	2.98191924816995	330
NEW_GLASGOW	2021	3	21	80	-2	13	16.0208484585373	-999.9	0	2.85879629629631	4.37315244107013	330
NEW_GLASGOW	2021	3	22	81	-5	15	18.7056666643413	-999.9	0	4.27083333333333	4.79325276695298	330
NEW_GLASGOW	2021	3	23	82	2	15	15.2472248352999	-999.9	0	4.10879629629631	4.8368511347776	330
NEW_GLASGOW	2021	3	24	83	3	16	15.4132422051581	-999.9	0	3.06712962962964	8.30198104430109	330
NEW_GLASGOW	2021	3	25	84	1	16	16.7345136241674	-999.9	0	4.0625	8.98941936311939	330
NEW_GLASGOW	2021	3	26	85	7	15	12.3509182828995	-999.9	35.2	4.00462962962964	8.94064127783835	330
NEW_GLASGOW	2021	3	27	86	-2.4	0.5	8.49723350092597	-999.9	2.6	8.36805555555556	4.84208193360428	330
NEW_GLASGOW	2021	3	28	87	-2.5	2.5	10.7485203275604	-999.9	6.7	4.64120370370369	4.33449510944653	330
NEW_GLASGOW	2021	3	29	88	0	10	14.2417111152266	-999.9	7	8.31018518518519	6.60010306399067	330
NEW_GLASGOW	2021	3	30	89	-4	7	15.0872368965201	-999.9	0	4.35185185185186	3.28754947086729	330
NEW_GLASGOW	2021	3	31	90	-1	16	18.9421699836809	-999.9	0	5.74074074074075	6.97716107021203	330
NEW_GLASGOW	2021	4	1	91	0	12.5	16.4018480566974	-999.9	9.6	7.25694444444445	11.5862640342149	330
NEW_GLASGOW	2021	4	2	92	0	5.5	10.9848002867228	-999.9	1	3.31018518518519	7.37984830981063	330
NEW_GLASGOW	2021	4	3	93	-1	1.5	7.47643142126126	-999.9	4.4	4.23611111111111	4.71375239794672	330
NEW_GLASGOW	2021	4	4	94	-2	2	9.5457122100382	-999.9	28	2.67361111111111	5.59137449361842	330
NEW_GLASGOW	2021	4	5	95	1	5.5	10.2183094707038	-999.9	1	3.94675925925925	7.44780908331129	330
NEW_GLASGOW	2021	4	6	96	1	7	11.9064791728641	-999.9	2.4	3.44907407407408	7.24796227109732	330
NEW_GLASGOW	2021	4	7	97	1	5	9.80873924137286	-999.9	0.8	4.36342592592592	7.26984999150185	330
NEW_GLASGOW	2021	4	8	98	1.1	8.4	13.6513023359778	-999.9	0	4.80324074074075	7.81995971964797	330
NEW_GLASGOW	2021	4	9	99	1.3	11.2	15.6360662748072	-999.9	0	3.81944444444444	7.50202597389528	330
NEW_GLASGOW	2021	4	10	100	0.5	5	10.6772570590838	-999.9	0	4.375	4.81158669419553	330
NEW_GLASGOW	2021	4	11	101	-3.5	10	18.6491347875399	-999.9	0.6	5.30092592592592	5.24976517523183	330
NEW_GLASGOW	2021	4	12	102	2.5	5	8.09172620597797	-999.9	1	6.78240740740742	6.77744587027293	330
NEW_GLASGOW	2021	4	13	103	1.5	5	9.6521869032359	-999.9	0.4	8.86574074074075	6.28860070954977	330
NEW_GLASGOW	2021	4	14	104	1	5	10.4012020839366	-999.9	0	6.25	5.85913673442124	330
NEW_GLASGOW	2021	4	15	105	-3	7.5	16.9844508337535	-999.9	0	4.38657407407408	5.94568631684629	330
NEW_GLASGOW	2021	4	16	106	-3.5	8	17.9122757561977	-999.9	0	4.09722222222222	5.92495392354159	330
NEW_GLASGOW	2021	4	17	107	0	7	14.0811366219426	-999.9	9	5.10416666666667	6.20680924492678	330
NEW_GLASGOW	2021	4	18	108	1	3	7.58285233499653	-999.9	14	6.28472222222222	6.59531584356869	330
NEW_GLASGOW	2021	4	19	109	1	8	14.2901834950094	-999.9	1.2	4.39814814814814	6.83546665795267	330
NEW_GLASGOW	2021	4	20	110	2	8.5	13.8694469968845	-999.9	0	3.03240740740742	7.71058327869441	330
NEW_GLASGOW	2021	4	21	111	3	16	19.7528856890789	-999.9	0	3.20601851851853	7.67811931000849	330
NEW_GLASGOW	2021	4	22	112	4.5	16	18.7071299758208	-999.9	0.4	8.09027777777778	7.78112736154005	330
NEW_GLASGOW	2021	4	23	113	1	6.5	13.0251328412086	-999.9	0	7.71990740740742	4.96736203794726	330
NEW_GLASGOW	2021	4	24	114	-5	13.5	24.047653467299	-999.9	0	3.79629629629631	5.56992997434485	330
NEW_GLASGOW	2021	4	25	115	0	13	20.2902895480696	-999.9	2	3.51851851851853	7.59360250427577	330
NEW_GLASGOW	2021	4	26	116	4	10	13.8728560803636	-999.9	0.8	4.43287037037036	9.60208456832774	330
NEW_GLASGOW	2021	4	27	117	3	7	11.3982494630785	-999.9	3	3.62268518518519	7.88385407959062	330
NEW_GLASGOW	2021	4	28	118	2	11	17.2025094387392	-999.9	4	2.08333333333333	8.15316028366362	330
NEW_GLASGOW	2021	4	29	119	0	15	22.3420651410695	-999.9	0	1.84027777777778	7.7072086361032	330
NEW_GLASGOW	2021	4	30	120	3.5	6.5	10.0505645648397	-999.9	31	4.10879629629631	7.90824963338586	330
NEW_GLASGOW	2021	5	1	121	2	8.5	14.8793491336276	-999.9	2.2	6.07638888888889	7.46476055670921	330
NEW_GLASGOW	2021	5	2	122	1.5	18	23.8403265811339	-999.9	69	4.35185185185186	5.92975251803141	330
NEW_GLASGOW	2021	5	3	123	1	14	21.2779944300984	-999.9	0	4.21296296296297	5.43755822974845	330
NEW_GLASGOW	2021	5	4	124	0	15	22.9794437464389	-999.9	0	1.94444444444444	5.14165745780659	330
NEW_GLASGOW	2021	5	5	125	-5	8	21.5053627477316	-999.9	14	2.12962962962963	6.17382131386665	330
NEW_GLASGOW	2021	5	6	126	5	6	5.99518958891093	-999.9	13	3.98148148148147	7.91672858223673	330
NEW_GLASGOW	2021	5	7	127	3	8	13.4729476444732	-999.9	0	3.26388888888889	6.65956737505482	330
NEW_GLASGOW	2021	5	8	128	0	5	13.5389334527242	-999.9	18	6.93287037037036	6.70273588004374	330
NEW_GLASGOW	2021	5	9	129	2	8	14.9019910476729	-999.9	1	7.15277777777778	7.01787402421444	330
NEW_GLASGOW	2021	5	10	130	-7	13	27.3338329781514	-999.9	0	2.1412037037037	6.44567432641088	330
NEW_GLASGOW	2021	5	11	131	-1	12	22.1371635988896	-999.9	7	1.95601851851852	6.26198701436334	330
NEW_GLASGOW	2021	5	12	132	4	9	13.7894899126123	-999.9	2	3.27546296296297	7.06393673295194	330
NEW_GLASGOW	2021	5	13	133	6	13	16.3860208619617	-999.9	0	2.51157407407408	7.38283924966933	330
NEW_GLASGOW	2021	5	14	134	1	15	23.2701084145375	-999.9	0	2.36111111111111	7.45788648227127	330
NEW_GLASGOW	2021	5	15	135	7	16	18.7333049737855	-999.9	0	1.59722222222222	6.65158323703584	330
NEW_GLASGOW	2021	5	16	136	4	14	19.8244428798517	-999.9	0	2.61574074074074	8.4005955418554	330
NEW_GLASGOW	2021	5	17	137	1	15	23.546272064079	-999.9	0	2.22222222222222	10.3656597221752	330
NEW_GLASGOW	2021	5	18	138	3	19	25.2653200196771	-999.9	5	2.16435185185185	11.8265375013555	330
NEW_GLASGOW	2021	5	19	139	6	10	12.6780136829685	-999.9	0	3.65740740740742	9.84137311541097	330
NEW_GLASGOW	2021	5	20	140	3	19	25.4441274691978	-999.9	1	2.25694444444444	10.7747931361163	330
NEW_GLASGOW	2021	5	21	141	13	25	22.109284509624	-999.9	16	5.75231481481481	11.0800552468512	330
NEW_GLASGOW	2021	5	22	142	10	15	14.3177870749388	-999.9	1	7.60416666666667	11.2865787922532	330
NEW_GLASGOW	2021	5	23	143	7	11	12.8463056787395	-999.9	14	6.65509259259258	11.9646818797128	330
NEW_GLASGOW	2021	5	24	144	3	23	28.8118617465549	-999.9	0	3.85416666666667	6.57422393681182	330
NEW_GLASGOW	2021	5	25	145	18	27	19.3836934491978	-999.9	2	7.32638888888889	10.3028791504042	330
NEW_GLASGOW	2021	5	26	146	7	27	28.9761236123104	-999.9	1	5.70601851851853	15.4236303964912	330
NEW_GLASGOW	2021	5	27	147	12	20	18.3751761386813	-999.9	0	5.39351851851853	10.2619416701486	330
NEW_GLASGOW	2021	5	28	148	7	11	13.0265412708041	-999.9	0	3.36805555555556	5.29301006850458	330
NEW_GLASGOW	2021	5	29	149	1	11	20.6472995971116	-999.9	0	1.33101851851852	5.76013194695153	330
NEW_GLASGOW	2021	5	30	150	-1	12	23.5966714064134	-999.9	1	2.73148148148148	6.91902170285381	330
NEW_GLASGOW	2021	5	31	151	8	21	23.6493041374745	-999.9	12	5.49768518518519	14.4281434586048	330
NEW_GLASGOW	2021	6	1	152	11	18	17.3906284711907	-999.9	1	3.21759259259258	13.0891870777721	330
NEW_GLASGOW	2021	6	2	153	9.5	25.5	26.3449808079869	-999.9	0	4.0625	12.5457043314243	330
NEW_GLASGOW	2021	6	3	154	9	24.5	25.9793077283736	-999.9	1.6	4.01620370370369	13.2938637020501	330
NEW_GLASGOW	2021	6	4	155	9	25	26.4422162359121	-999.9	2.4	5.10416666666667	18.3159899894912	330
NEW_GLASGOW	2021	6	5	156	12	26	24.7759564618232	-999.9	0	5.11574074074075	17.842446710889	330
NEW_GLASGOW	2021	6	6	157	13	20	17.5467423138446	-999.9	0	2.88194444444444	11.5298762325174	330
NEW_GLASGOW	2021	6	7	158	11	31	29.7027155407907	-999.9	0	5.34722222222222	16.7410852283156	330
NEW_GLASGOW	2021	6	8	159	19.5	31	22.5536305696665	-999.9	3	4.56018518518519	18.6187704743625	330
NEW_GLASGOW	2021	6	9	160	13	22	19.976894217478	-999.9	0	2.5462962962963	11.8575337781255	330
NEW_GLASGOW	2021	6	10	161	3.9	11.8	19.0909699225168	-999.9	0	6.33101851851853	7.63393438167285	330
NEW_GLASGOW	2021	6	11	162	0	19.5	29.4687046841022	-999.9	1	3.92361111111111	7.93290398930839	330
NEW_GLASGOW	2021	6	12	163	13	20	17.6722056271613	-999.9	0	3.86574074074075	10.3587154243107	330
NEW_GLASGOW	2021	6	13	164	10	17.5	18.3072637131927	-999.9	0	2.84722222222222	8.9593583326397	330
NEW_GLASGOW	2021	6	14	165	3	25.5	31.7313293559823	-999.9	0	4.89583333333333	10.5256899554509	330
NEW_GLASGOW	2021	6	15	166	11	21.5	21.6894752224871	-999.9	19	6.58564814814814	16.8374244985634	330
NEW_GLASGOW	2021	6	16	167	12.4	22.4	21.7007926059205	-999.9	5	3.55324074074075	18.0119002731401	330
NEW_GLASGOW	2021	6	17	168	10.9	19.2	19.417078479679	-999.9	0	4.30555555555556	11.8920621075085	330
NEW_GLASGOW	2021	6	18	169	9	26	27.6293442211977	-999.9	0	3.24074074074075	12.4161891456216	330
NEW_GLASGOW	2021	6	19	170	13	25	23.2170636240858	-999.9	5	5.19675925925925	14.9722428898912	330
NEW_GLASGOW	2021	6	20	171	15	26	22.2298706360264	-999.9	0	3.84259259259258	18.7133482436086	330
NEW_GLASGOW	2021	6	21	172	20	30	21.1942431153572	-999.9	0	3.36805555555556	17.3063258585539	330
NEW_GLASGOW	2021	6	22	173	20	27	17.7295479581922	-999.9	3	6.15740740740742	23.36142807676	330
NEW_GLASGOW	2021	6	23	174	14	23	20.0980560451353	-999.9	0	3.44907407407408	15.5802816580341	330
NEW_GLASGOW	2021	6	24	175	15	25	21.1772900910601	-999.9	0	2.55787037037037	10.964865806606	330
NEW_GLASGOW	2021	6	25	176	11	25	25.0452531326861	-999.9	0	4.39814814814814	12.0160910789562	330
NEW_GLASGOW	2021	6	26	177	17	25	18.9212949169189	-999.9	1	5.15046296296297	20.4541784129472	330
NEW_GLASGOW	2021	6	27	178	20	24	13.3700716626923	-999.9	1	7.29166666666667	21.6246958236142	330
NEW_GLASGOW	2021	6	28	179	19	25	16.3617839619	-999.9	0	3.29861111111111	19.0255347387414	330
NEW_GLASGOW	2021	6	29	180	18	31	24.0619814636108	-999.9	9	1.73611111111111	23.8605649022926	330
NEW_GLASGOW	2021	6	30	181	18	23	14.907429601372	-999.9	10	0.798611111111111	22.0665640161966	330
NEW_GLASGOW	2021	7	1	182	15	20	14.8906673596715	-999.9	3	3.81944444444444	18.0651993330619	330
NEW_GLASGOW	2021	7	2	183	12	15	11.5200533448977	-999.9	2	5.16203703703703	13.0669392917641	330
NEW_GLASGOW	2021	7	3	184	13	15	9.39348685455127	-999.9	12	4.31712962962964	12.6796281282907	330
NEW_GLASGOW	2021	7	4	185	11	15	13.2651762488893	-999.9	13	6.14583333333333	12.6745041704118	330
NEW_GLASGOW	2021	7	5	186	11	20	19.8668334747031	-999.9	1	2.74305555555556	14.1476686145792	330
NEW_GLASGOW	2021	7	6	187	12	25	23.8372722864305	-999.9	0	5.67129629629631	17.636392208191	330
NEW_GLASGOW	2021	7	7	188	17	25	18.6663933563477	-999.9	0	3.51851851851853	15.7737183065483	330
NEW_GLASGOW	2021	7	8	189	15	18	11.4093150436094	-999.9	8	2.23429951690821	12.0156730385883	330
NEW_GLASGOW	2021	7	9	190	13	23	20.7890853502885	-999.9	18	4.78009259259258	18.6739939356732	330
NEW_GLASGOW	2021	7	10	191	12	19	17.3569603499776	-999.9	1	4.16666666666667	15.6661062143036	330
NEW_GLASGOW	2021	7	11	192	16	26	20.6998246203807	-999.9	0	1.44675925925926	15.9203423798231	330
NEW_GLASGOW	2021	7	12	193	15	21	15.9969415639401	-999.9	0	2.30324074074074	12.5013107187712	330
NEW_GLASGOW	2021	7	13	194	15	24	19.5447360082688	-999.9	0	1.27314814814815	12.5463327083739	330
NEW_GLASGOW	2021	7	14	195	13	25	22.5112103484706	-999.9	6	3.94675925925925	14.4169795776759	330
NEW_GLASGOW	2021	7	15	196	17	25	18.3318047007599	-999.9	1	5.23148148148147	21.0461255837622	330
NEW_GLASGOW	2021	7	16	197	22	29	17.100683583794	-999.9	0	5.10416666666667	24.6561150776023	330
NEW_GLASGOW	2021	7	17	198	15	26	21.3755407151112	-999.9	0	1.59722222222222	16.959989025074	330
NEW_GLASGOW	2021	7	18	199	17	27	20.3202498496534	-999.9	0	0.555555555555556	18.3875645318463	330
NEW_GLASGOW	2021	7	19	200	18	27	19.2180977427375	-999.9	0	1.21527777777778	22.4721567620342	330
NEW_GLASGOW	2021	7	20	201	20	27	16.894678856243	-999.9	0	2.4537037037037	21.6534335245604	330
NEW_GLASGOW	2021	7	21	202	17	26	19.0934971235702	-999.9	23	2.44212962962963	19.5753584240624	330
NEW_GLASGOW	2021	7	22	203	15	17	8.97003002486554	-999.9	24	4.02777777777778	16.5280615807967	330
NEW_GLASGOW	2021	7	23	204	12	20	17.8767995536638	-999.9	2	2.61574074074074	15.6475297216036	330
NEW_GLASGOW	2021	7	24	205	13	21	17.8117537670399	-999.9	1	1.27314814814815	16.9436446359192	330
NEW_GLASGOW	2021	7	25	206	11	25	23.4743446289588	-999.9	2	3.11342592592592	16.081896222112	330
NEW_GLASGOW	2021	7	26	207	15	22	16.5347229070617	-999.9	0	3.50694444444444	19.0829622094753	330
NEW_GLASGOW	2021	7	27	208	17	26	18.6740313455814	-999.9	1	2.01388888888889	20.4308415182085	330
NEW_GLASGOW	2021	7	28	209	16	22	15.1848907181084	-999.9	1	2.08333333333333	15.7278185117822	330
NEW_GLASGOW	2021	7	29	210	9	24	23.9084257185725	-999.9	4	3.31018518518519	13.1687852008892	330
NEW_GLASGOW	2021	7	30	211	16	18	8.69239665402111	-999.9	12	3.69212962962964	15.6174497869127	330
NEW_GLASGOW	2021	7	31	212	14	21	16.1898347384777	-999.9	1	5	16.1391272449894	330
NEW_GLASGOW	2021	8	1	213	13	27	22.7916477535784	-999.9	0	3.73842592592592	14.1071687399709	330
NEW_GLASGOW	2021	8	2	214	15	24	18.1886515686528	-999.9	3	2.83564814814814	15.7948340981161	330
NEW_GLASGOW	2021	8	3	215	15	24	18.101603635034	-999.9	0	4.64120370370369	15.3793497598422	330
NEW_GLASGOW	2021	8	4	216	15	24	18.012847545737	-999.9	0	2.62731481481481	16.4774388250227	330
NEW_GLASGOW	2021	8	5	217	15	24	17.922402883166	-999.9	17	3.99305555555556	20.7657343903687	330
NEW_GLASGOW	2021	8	6	218	21	27	14.5583706001565	-999.9	5	5.46296296296297	22.9363801025061	330
NEW_GLASGOW	2021	8	7	219	17	27	18.6959427966601	-999.9	0	5.05787037037036	20.6896887430162	330
NEW_GLASGOW	2021	8	8	220	13	20	15.5580238253049	-999.9	0	3.84259259259258	14.8712744507009	330
NEW_GLASGOW	2021	8	9	221	9	29	26.1532714565324	-999.9	0	0.740740740740742	14.8277918573264	330
NEW_GLASGOW	2021	8	10	222	13	26	20.9669680153053	-999.9	0	3.35648148148147	19.8710441040335	330
NEW_GLASGOW	2021	8	11	223	18	27	17.3454357736391	-999.9	0	2.12962962962963	23.6682560208861	330
NEW_GLASGOW	2021	8	12	224	19.6	27.6	16.4667360708764	-999.9	0	2.31481481481481	25.7315604692781	330
NEW_GLASGOW	2021	8	13	225	21	31	18.067754319815	-999.9	0	2.83564814814814	28.792281094361	330
NEW_GLASGOW	2021	8	14	226	13	31	24.0924040274359	-999.9	0	2.48842592592593	25.7533881007825	330
NEW_GLASGOW	2021	8	15	227	20	26	13.8230947229183	-999.9	0	1.68981481481481	19.8838482938304	330
NEW_GLASGOW	2021	8	16	228	15	23	15.8601116805059	-999.9	1	1.5162037037037	14.808448540897	330
NEW_GLASGOW	2021	8	17	229	15.8	27.1	19.468972558159	-999.9	0	3.53009259259258	17.3133410937956	330
NEW_GLASGOW	2021	8	18	230	17	26	16.6028304639183	-999.9	0	3.93518518518519	19.723963453247	330
NEW_GLASGOW	2021	8	19	231	18	29	18.2315995711112	-999.9	0	3.64583333333333	23.9231780293119	330
NEW_GLASGOW	2021	8	20	232	20	29	16.3780455890459	-999.9	0	3.63425925925925	24.3696381335088	330
NEW_GLASGOW	2021	8	21	233	16	26	17.143433714193	-999.9	0	1.68981481481481	16.6446596184542	330
NEW_GLASGOW	2021	8	22	234	14	25	17.8523551492989	-999.9	0	0.752314814814814	17.8712241359089	330
NEW_GLASGOW	2021	8	23	235	14	27	19.2671004110237	-999.9	1	3.36805555555556	19.1892411728662	330
NEW_GLASGOW	2021	8	24	236	20	27	14.0340539460734	-999.9	1	4.62962962962964	24.6090625205131	330
NEW_GLASGOW	2021	8	25	237	18	28	16.6481996389655	-999.9	0	0.995370370370369	23.2147766681341	330
NEW_GLASGOW	2021	8	26	238	18	30	18.0981658960847	-999.9	10	2.78935185185186	23.9222041344796	330
NEW_GLASGOW	2021	8	27	239	19	25	12.6981236627525	-999.9	0	4.98842592592592	16.0508600162591	330
NEW_GLASGOW	2021	8	28	240	15	20	11.5003762170986	-999.9	0	5.34722222222222	10.6743943519877	330
NEW_GLASGOW	2021	8	29	241	8	25	21.0357298089644	-999.9	0	2.40740740740741	12.6540966319226	330
NEW_GLASGOW	2021	8	30	242	12	20	14.3128786723602	-999.9	0	4.01620370370369	16.1767702360599	330
NEW_GLASGOW	2021	8	31	243	18	27	15.0554856300614	-999.9	0	3.33333333333333	21.5348369054725	330
NEW_GLASGOW	2021	9	1	244	18	23	11.1273702842236	-999.9	1	2.48842592592593	16.9692260196757	330
NEW_GLASGOW	2021	9	2	245	14.4	21.6	14.3114008069	-999.9	142.6	2.41898148148148	18.9722262311912	330
NEW_GLASGOW	2021	9	3	246	9.1	18.2	14.2718471877708	-999.9	1	4.67592592592592	13.6220113255129	330
NEW_GLASGOW	2021	9	4	247	8.9	14	9.94410995396489	-999.9	4.3	4.83796296296297	12.5842752417084	330
NEW_GLASGOW	2021	9	5	248	11	17	11.7690681794224	-999.9	3	2.25694444444444	12.5874288293787	330
NEW_GLASGOW	2021	9	6	249	13	19.5	12.1385873024377	-999.9	38.2	5.47453703703703	16.8641203268749	330
NEW_GLASGOW	2021	9	7	250	14.5	22	12.9190066834517	-999.9	0	5.06944444444445	15.7338252046833	330
NEW_GLASGOW	2021	9	8	251	15	24.5	14.4042054808168	-999.9	1	3.10185185185186	16.1319373992127	330
NEW_GLASGOW	2021	9	9	252	16.9	23.4	12.346848855068	-999.9	9.5	5.46296296296297	21.0379443917406	330
NEW_GLASGOW	2021	9	10	253	15.4	25.1	14.8001883048895	-999.9	25.5	4.52546296296297	21.9615140392523	330
NEW_GLASGOW	2021	9	11	254	13.4	19.4	12.1100401717728	-999.9	0	4.61805555555556	14.2011984976866	330
NEW_GLASGOW	2021	9	12	255	12	22.5	14.5666112518281	-999.9	1	5.20833333333333	16.049324668304	330
NEW_GLASGOW	2021	9	13	256	11.7	19.6	13.2913804984973	-999.9	0	2.7662037037037	12.7108702626118	330
NEW_GLASGOW	2021	9	14	257	6.1	15.3	14.0853695333483	-999.9	0	2.97453703703703	9.90252228682267	330
NEW_GLASGOW	2021	9	15	258	5.2	19.8	16.8498894357788	-999.9	1.6	5.23148148148147	11.6156674580249	330
NEW_GLASGOW	2021	9	16	259	10.5	19.7	13.1741934397971	-999.9	0.4	2.99768518518519	13.648933564333	330
NEW_GLASGOW	2021	9	17	260	10.2	21.8	14.9308391223894	-999.9	0	3.34490740740742	14.751886396907	330
NEW_GLASGOW	2021	9	18	261	16	29	15.2304121034245	-999.9	0	4.27083333333333	20.4306827934413	330
NEW_GLASGOW	2021	9	19	262	14	17	7.2376454117399	-999.9	0	6.84027777777778	11.734738693222	330
NEW_GLASGOW	2021	9	20	263	8	17.5	12.7391064663314	-999.9	0	0.995370370370369	11.1374035214604	330
NEW_GLASGOW	2021	9	21	264	11	21.5	13.2451370323234	-999.9	0	2.78935185185186	13.0675211295903	330
NEW_GLASGOW	2021	9	22	265	14.5	23	11.7842096527712	-999.9	0	3.55324074074075	16.3449826992719	330
NEW_GLASGOW	2021	9	23	266	14.5	25	12.9497035367934	-999.9	0	2.01058201058201	17.7628582277596	330
NEW_GLASGOW	2021	9	24	267	13	25	13.6859656653654	-999.9	0	1.31944444444444	17.3648840647624	330
NEW_GLASGOW	2021	9	25	268	15.5	26	12.6545035108518	-999.9	0	5.59027777777778	19.6125694382349	330
NEW_GLASGOW	2021	9	26	269	18	20.5	6.10284955361578	-999.9	23	5.97222222222222	18.7749879519023	330
NEW_GLASGOW	2021	9	27	270	13	18	8.52917522927145	-999.9	1	4.23611111111111	13.6848556661242	330
NEW_GLASGOW	2021	9	28	271	13	18.5	8.83915188256397	-999.9	14	1.73611111111111	13.293362438583	330
NEW_GLASGOW	2021	9	29	272	10	17	9.8522187494543	-999.9	2	3.63425925925925	12.6804666466513	330
NEW_GLASGOW	2021	9	30	273	12.5	17	7.80362484213833	-999.9	0	3.04398148148147	12.1430664391908	330
NEW_GLASGOW	2021	10	1	274	6	15	10.9010072418442	-999.9	0	1.84027777777778	10.5769289241912	330
NEW_GLASGOW	2021	10	2	275	6.5	13	9.14973100045987	-999.9	1	2.36111111111111	10.4156497930688	330
NEW_GLASGOW	2021	10	3	276	9	17.5	10.3328315272988	-999.9	0	1.48148148148148	10.4249314322182	330
NEW_GLASGOW	2021	10	4	277	6	14	9.8984245538691	-999.9	1.4	3.72685185185186	9.12098495491659	330
NEW_GLASGOW	2021	10	5	278	7.5	17.5	10.9266316110422	-999.9	0	1.35416666666667	11.1812769264972	330
NEW_GLASGOW	2021	10	6	279	10	20	10.7871485888541	-999.9	0	1.16898148148148	11.4480487973299	330
NEW_GLASGOW	2021	10	7	280	9.4	20.6	10.1202840135042	-999.9	0	0.868055555555556	13.4422315443805	330
NEW_GLASGOW	2021	10	8	281	9.6	14	8.80988388255276	-999.9	0	6.03009259259258	8.75376565604063	330
NEW_GLASGOW	2021	10	9	282	3.5	13.5	10.373154092433	-999.9	0	1.57407407407407	7.74671569981368	330
NEW_GLASGOW	2021	10	10	283	2	15	11.6717511225785	-999.9	4.8	2.00231481481481	9.20500522079457	330
NEW_GLASGOW	2021	10	11	284	2.5	17.5	12.3715830646515	-999.9	0.6	1.04166666666667	12.7787648377106	330
NEW_GLASGOW	2021	10	12	285	6	20	11.792945961538	-999.9	0	0.914351851851853	13.6790521277127	330
NEW_GLASGOW	2021	10	13	286	9	17	8.7952238938376	-999.9	13.2	0.261437908496732	13.6733087148454	330
NEW_GLASGOW	2021	10	14	287	11.5	13.5	4.3383761065263	-999.9	0.8	2.99768518518519	11.7453072134605	330
NEW_GLASGOW	2021	10	15	288	6.5	15	8.82267808738981	-999.9	0	2.38425925925926	10.7375113114969	330
NEW_GLASGOW	2021	10	16	289	5	17	10.3402422353245	-999.9	0.2	1.94444444444444	12.0280286491388	330
NEW_GLASGOW	2021	10	17	290	12	19	7.7895172539037	-999.9	6.6	6.84027777777778	15.2980070805613	330
NEW_GLASGOW	2021	10	18	291	12	15	5.02942055120529	-999.9	2.4	2.31481481481481	11.2715250543709	330
NEW_GLASGOW	2021	10	19	292	8	10	4.04990312057747	-999.9	0	2.5462962962963	8.16035032230681	330
NEW_GLASGOW	2021	10	20	293	6	19	10.1824519942231	-999.9	0	2.10648148148148	9.23232572104097	330
NEW_GLASGOW	2021	10	21	294	3	15	9.64724823417143	-999.9	0	2.68518518518519	10.453255687443	330
NEW_GLASGOW	2021	10	22	295	9	21.5	9.70920063173847	-999.9	3.6	4.32870370370369	15.1099657300292	330
NEW_GLASGOW	2021	10	23	296	6	19	9.76341636554026	-999.9	24.4	0.810185185185186	15.3378274736173	330
NEW_GLASGOW	2021	10	24	297	6.5	10	4.99521828771068	-999.9	0.5	4.13194444444444	10.4064716614025	330
NEW_GLASGOW	2021	10	25	298	5	11.5	6.71210613900287	-999.9	0.6	2.70833333333333	7.92648627835831	330
NEW_GLASGOW	2021	10	26	299	2	12.5	8.41148495534337	-999.9	0	2.29166666666667	8.57055232616008	330
NEW_GLASGOW	2021	10	27	300	8	11.5	4.78834084332387	-999.9	0.4	7.56944444444445	9.07914075722168	330
NEW_GLASGOW	2021	10	28	301	8	11	4.37104050292014	-999.9	0	8.83101851851853	7.9217573639462	330
NEW_GLASGOW	2021	10	29	302	8	11	4.30984143989135	-999.9	0	5.37037037037036	8.73952688457906	330
NEW_GLASGOW	2021	10	30	303	0	11	8.13729392994264	-999.9	0	0.983796296296297	9.16226684406353	330
NEW_GLASGOW	2021	10	31	304	3.5	15	8.20399631483403	-999.9	20.8	6.85185185185186	11.8578948132867	330
NEW_GLASGOW	2021	11	1	305	13	16	4.13183880510789	-999.9	0.4	4.54861111111111	10.3874052933174	330
NEW_GLASGOW	2021	11	2	306	0	14.5	8.95756229460056	-999.9	0	3.20601851851853	6.4589623257855	330
NEW_GLASGOW	2021	11	3	307	2	11.5	7.15008622853974	-999.9	6.4	2.02546296296296	8.05010295013848	330
NEW_GLASGOW	2021	11	4	308	0	7	6.05294111389942	-999.9	0	2.5	5.7245390541424	330
NEW_GLASGOW	2021	11	5	309	-2	12	8.44262650526012	-999.9	0	2.2337962962963	4.77492943609174	330
NEW_GLASGOW	2021	11	6	310	-4	8.5	7.86858862876196	-999.9	0	3.69212962962964	5.1136534136512	330
NEW_GLASGOW	2021	11	7	311	2	11.5	6.76656290912592	-999.9	0	2.71990740740741	6.84070505239115	330
NEW_GLASGOW	2021	11	8	312	-1.5	12	7.9575260021533	-999.9	0	1.26157407407407	7.80511501647812	330
NEW_GLASGOW	2021	11	9	313	-2	14.5	8.67965865525956	-999.9	1	1.65509259259259	8.14168150606141	330
NEW_GLASGOW	2021	11	10	314	1	9	5.9635400084752	-999.9	8.4	0.3125	7.45785098316929	330
NEW_GLASGOW	2021	11	11	315	2.5	7	4.41384707956807	-999.9	0	5.12731481481481	5.08415716738057	330
NEW_GLASGOW	2021	11	12	316	-3	13.5	8.34185831874861	-999.9	4	1.28472222222222	5.16764585436271	330
NEW_GLASGOW	2021	11	13	317	-1	15.5	8.2344604020495	-999.9	5.4	5.97222222222222	11.1812358652703	330
NEW_GLASGOW	2021	11	14	318	2	8	4.90239530426695	-999.9	5.3	2.96296296296297	8.06964248304679	330
NEW_GLASGOW	2021	11	15	319	0.5	8.5	5.58970841588992	-999.9	15.4	3.10185185185186	8.14693298153472	330
NEW_GLASGOW	2021	11	16	320	0.5	4	3.65145847217027	-999.9	1.4	6.65509259259258	5.10826948917377	330
NEW_GLASGOW	2021	11	17	321	0	4	3.85595626559817	-999.9	0.6	4.18981481481481	4.84452346884767	330
NEW_GLASGOW	2021	11	18	322	-2	9	6.31763719139761	-999.9	2.8	4.43287037037036	8.01885437720094	330
NEW_GLASGOW	2021	11	19	323	4	9	4.20911691435816	-999.9	9.4	3.21759259259258	9.14991157095863	330
NEW_GLASGOW	2021	11	20	324	0	5	4.16039932866917	-999.9	0	3.02083333333333	4.51047047194845	330
NEW_GLASGOW	2021	11	21	325	-5	9	6.88270938777831	-999.9	6	2.25694444444444	5.52863455955951	330
NEW_GLASGOW	2021	11	22	326	4	12.5	5.3034276621549	-999.9	59.8	7.98611111111111	9.98061992236945	330
NEW_GLASGOW	2021	11	23	327	2.5	7	3.81695106992425	-999.9	16.2	6.15740740740742	9.40032124900686	330
NEW_GLASGOW	2021	11	24	328	1	6	3.98084126178937	-999.9	3	7.47685185185186	6.48389533398622	330
NEW_GLASGOW	2021	11	25	329	3	8	3.93981411726427	-999.9	13	7.53472222222222	8.58760093079584	330
NEW_GLASGOW	2021	11	26	330	6	8	2.4667940646794	-999.9	14.4	2.48842592592593	9.27966258645301	330
NEW_GLASGOW	2021	11	27	331	1	8	4.570095570432	-999.9	6	6.78240740740742	6.31765015400014	330
NEW_GLASGOW	2021	11	28	332	-1.5	1	2.70545726085895	-999.9	0	5.48611111111111	3.85712128354571	330
NEW_GLASGOW	2021	11	29	333	-6	4.5	5.49415060255913	-999.9	27.8	2.56944444444444	5.3536585135657	330
NEW_GLASGOW	2021	11	30	334	-1.5	1.5	2.911034150277	-999.9	3.2	4.72222222222222	5.32949953462588	330
NEW_GLASGOW	2021	12	1	335	-7	4	5.52731110501537	-999.9	1	2.02546296296296	4.11994908105732	330
NEW_GLASGOW	2021	12	2	336	-7	9	6.61246037723348	-999.9	16.4	3.04398148148147	6.33635822768073	330
NEW_GLASGOW	2021	12	3	337	0	9	4.92117579805981	-999.9	17.6	5.52083333333333	6.52299818013216	330
NEW_GLASGOW	2021	12	4	338	-6	-3.5	2.57469278842451	-999.9	1	4.14351851851853	2.69534407757335	330
NEW_GLASGOW	2021	12	5	339	-11	5.5	6.56859558099455	-999.9	2.6	1.9212962962963	2.97263033008285	330
NEW_GLASGOW	2021	12	6	340	-3.5	16	7.09405067731238	-999.9	9.8	4.94212962962964	6.16163866513079	330
NEW_GLASGOW	2021	12	7	341	0	5	3.57012536452045	-999.9	0	6.78743961352658	5.61920377853666	330
NEW_GLASGOW	2021	12	8	342	-5.5	-2	2.9698369269778	-999.9	3	2.28009259259259	2.67422588450743	330
NEW_GLASGOW	2021	12	9	343	-5.5	-2	2.95402885047679	-999.9	3	5.59027777777778	3.46367901056952	330
NEW_GLASGOW	2021	12	10	344	-9	6	6.08546337129214	-999.9	0	3.37962962962964	3.22274362964963	330
NEW_GLASGOW	2021	12	11	345	-5	15	6.99549524513969	-999.9	8.2	3.46064814814814	8.72152709334866	330
NEW_GLASGOW	2021	12	12	346	2.5	6.5	3.11587306075887	-999.9	0.6	7.24537037037036	7.20635787512439	330
NEW_GLASGOW	2021	12	13	347	-4	7	5.14855928817881	-999.9	4.4	5.46296296296297	4.6163696623614	330
NEW_GLASGOW	2021	12	14	348	-4	3	4.09424243200076	-999.9	7.4	6.97916666666667	4.58261745827334	330
NEW_GLASGOW	2021	12	15	349	-3.5	-2	1.89017854964282	-999.9	13	4.38657407407408	2.93567570969765	330
NEW_GLASGOW	2021	12	16	350	-6	8	5.76173242539046	-999.9	4.4	4.81481481481481	5.0281804245297	330
NEW_GLASGOW	2021	12	17	351	2	10	4.3477698871344	-999.9	0.6	5.78703703703703	7.02293235784345	330
NEW_GLASGOW	2021	12	18	352	-2	-1	1.53516764242159	-999.9	1	5.76388888888889	3.41501065468587	330
NEW_GLASGOW	2021	12	19	353	-2.5	-0.5	2.16924035801915	-999.9	2	2.77777777777778	3.84333018075187	330
NEW_GLASGOW	2021	12	20	354	-6.5	-2	3.25266242175926	-999.9	1	3.54166666666667	2.77239737222861	330
NEW_GLASGOW	2021	12	21	355	-8	2	4.84926881101421	-999.9	0	4.96527777777778	3.62297901489159	330
NEW_GLASGOW	2021	12	22	356	-9.5	4	5.63754629325646	-999.9	8.1	4.40972222222222	3.89688421258907	330
NEW_GLASGOW	2021	12	23	357	-8	-2	3.76226160404978	-999.9	0	6.97916666666667	3.09772498378206	330
NEW_GLASGOW	2021	12	24	358	-13	-8	3.43962465112388	-999.9	0	8.18287037037036	1.51281460959707	330
NEW_GLASGOW	2021	12	25	359	-10	-1.5	4.49355306868765	-999.9	0	4.34027777777778	2.73693108358735	330
NEW_GLASGOW	2021	12	26	360	-4.5	2	3.93905425798084	-999.9	0	3.44907407407408	5.09031207012214	330
NEW_GLASGOW	2021	12	27	361	-2	1.5	2.8988333242715	-999.9	2	5.35879629629631	5.08110863952475	330
NEW_GLASGOW	2021	12	28	362	-2	2	3.10935639572504	-999.9	0	1.52777777777778	5.43399965095599	330
NEW_GLASGOW	2021	12	29	363	-3.5	2	3.65989392494914	-999.9	1	1.93287037037037	5.05276053166735	330
NEW_GLASGOW	2021	12	30	364	-2.5	0.5	2.71448558623648	-999.9	2	1.13425925925926	4.68105111812411	330
NEW_GLASGOW	2021	12	31	365	-3	2	3.52080756754074	-999.9	0	0.567129629629631	5.45972507195614	330
