NEW_GLASGOW	2007	1	1	1	-6.1	1.7	5.12570753530697	-999.9	16.9	3.99305555555556	3.6928717633235	330
NEW_GLASGOW	2007	1	2	2	-3.5	2.6	4.28841936627979	-999.9	3.9	4.76851851851853	5.19703683810561	330
NEW_GLASGOW	2007	1	3	3	-6.5	1	4.3842385773334	-999.9	0	4.25925925925925	3.55432914421891	330
NEW_GLASGOW	2007	1	4	4	-1.5	6	4.41222187161896	-999.9	0	3.70370370370369	4.9348138189132	330
NEW_GLASGOW	2007	1	5	5	1.5	8.5	4.29154427348861	-999.9	4	4.50231481481481	7.78091316634967	330
NEW_GLASGOW	2007	1	6	6	5	13.5	4.76302454683867	-999.9	17	4.44444444444444	10.0597233350957	330
NEW_GLASGOW	2007	1	7	7	3	6.5	3.07952058307715	-999.9	0	7.5	5.90703844142548	330
NEW_GLASGOW	2007	1	8	8	-2.5	10	5.866008109067	-999.9	19.8	4.36342592592592	6.557358187524	330
NEW_GLASGOW	2007	1	9	9	1	4	2.89764652765699	-999.9	0	5.75231481481481	5.05900263996188	330
NEW_GLASGOW	2007	1	10	10	-3	2	3.7732976880554	-999.9	6	2.59259259259259	3.9757643237155	330
NEW_GLASGOW	2007	1	11	11	-10	0	5.38439602829577	-999.9	1	4.49074074074075	3.31662747768425	330
NEW_GLASGOW	2007	1	12	12	-10	3	6.19661637685761	-999.9	2.4	4.31712962962964	4.11672353516823	330
NEW_GLASGOW	2007	1	13	13	-4	3	4.5911151189847	-999.9	0	6.13425925925925	5.04663810756079	330
NEW_GLASGOW	2007	1	14	14	-6.5	2	5.10975809413093	-999.9	0	3.17129629629631	3.04959910259912	330
NEW_GLASGOW	2007	1	15	15	-3.5	4	4.84924180749102	-999.9	12	2.70833333333333	3.05600467962511	330
NEW_GLASGOW	2007	1	16	16	-7	-3	3.57891371722534	-999.9	10	4.52546296296297	3.79320167597338	330
NEW_GLASGOW	2007	1	17	17	-19	-18	1.80892258282572	-999.9	4	7.00231481481481	1.1172522059775	330
NEW_GLASGOW	2007	1	18	18	-20	-1	7.97280707690026	-999.9	0	4.89583333333333	1.93730782001593	330
NEW_GLASGOW	2007	1	19	19	-11	5.5	7.51452632261951	-999.9	43.6	7.46527777777778	4.28167635694062	330
NEW_GLASGOW	2007	1	20	20	-6	-5	1.87150289981758	-999.9	2	7.68518518518519	3.48777391054917	330
NEW_GLASGOW	2007	1	21	21	-13	-9	3.78749463624912	-999.9	0	6.67824074074075	1.68745601689767	330
NEW_GLASGOW	2007	1	22	22	-15	-9	4.69488362545876	-999.9	0	4.50231481481481	1.54713577332122	330
NEW_GLASGOW	2007	1	23	23	-15	-3	6.72136786763363	-999.9	0	1.89814814814815	2.29767780430413	330
NEW_GLASGOW	2007	1	24	24	-15	-3	6.80551826293495	-999.9	0	2.66203703703704	2.83846919354622	330
NEW_GLASGOW	2007	1	25	25	-13	-7	4.87338282055631	-999.9	0	2.93981481481481	1.8124959377089	330
NEW_GLASGOW	2007	1	26	26	-20	-7	7.26585645122052	-999.9	5	5.60185185185186	1.68236285908561	330
NEW_GLASGOW	2007	1	27	27	-15	-10	4.56490211564486	-999.9	0	7.48842592592592	1.569221187499	330
NEW_GLASGOW	2007	1	28	28	-15	-4	6.86025849195765	-999.9	0	3.125	1.64459576685437	330
NEW_GLASGOW	2007	1	29	29	-18.5	-6	7.41068692800592	-999.9	1.5	3.81944444444444	2.27418496458295	330
NEW_GLASGOW	2007	1	30	30	-18.5	-12	5.41597309656854	-999.9	0	4.03935185185186	1.13890389406483	330
NEW_GLASGOW	2007	1	31	31	-19	-11.5	5.89683958071741	-999.9	0	2.66203703703704	1.07285862988879	330
NEW_GLASGOW	2007	2	1	32	-20.5	-2	9.38839720757581	-999.9	2	3.39120370370369	1.96847756113936	330
NEW_GLASGOW	2007	2	2	33	-11	1	7.66578803614004	-999.9	2.5	3.94675925925925	3.54238461024637	330
NEW_GLASGOW	2007	2	3	34	-3	0	3.8862148796235	-999.9	3	4.46759259259258	4.78198200214985	330
NEW_GLASGOW	2007	2	4	35	-13	-7	5.57284589374369	-999.9	0	4.95370370370369	1.87905623546453	330
NEW_GLASGOW	2007	2	5	36	-19	-12.5	5.88199233511052	-999.9	0	4.75694444444445	1.14990046343506	330
NEW_GLASGOW	2007	2	6	37	-21.5	-14	6.40754893873352	-999.9	0	5.65972222222222	0.829688643672879	330
NEW_GLASGOW	2007	2	7	38	-17	-10	6.2780839270676	-999.9	0	3.35648148148147	1.16502827472354	330
NEW_GLASGOW	2007	2	8	39	-20	-13	6.3674186543169	-999.9	0	3.46064814814814	1.10146423766923	330
NEW_GLASGOW	2007	2	9	40	-17.5	-9	7.11665561408848	-999.9	0	4.32870370370369	1.24852318700842	330
NEW_GLASGOW	2007	2	10	41	-18	-7.5	8.02279101255292	-999.9	0	2.92824074074075	1.56124556647138	330
NEW_GLASGOW	2007	2	11	42	-14	-9.5	5.32733738531058	-999.9	0	3.85416666666667	1.47682099250711	330
NEW_GLASGOW	2007	2	12	43	-16	-4	8.82415430260419	-999.9	0	4.23611111111111	1.76063339876001	330
NEW_GLASGOW	2007	2	13	44	-15.5	-10	6.05960750182795	-999.9	0	4.20138888888889	1.26305407226362	330
NEW_GLASGOW	2007	2	14	45	-16.5	2.5	11.424037789896	-999.9	3.5	4.17824074074075	2.84000765923378	330
NEW_GLASGOW	2007	2	15	46	-6	3	7.97516579811703	-999.9	0.5	10.6481481481481	4.5514309685761	330
NEW_GLASGOW	2007	2	16	47	-16	-9.5	6.87454233115839	-999.9	0	7.5	1.290796253126	330
NEW_GLASGOW	2007	2	17	48	-11.5	-4.5	7.23593987791979	-999.9	0	4.73379629629631	2.17355056325435	330
NEW_GLASGOW	2007	2	18	49	-10	0	8.77186986407218	-999.9	0	2.58101851851852	3.09567757990815	330
NEW_GLASGOW	2007	2	19	50	-6	-4	3.97867278718148	-999.9	6	6.18055555555556	3.49245745510106	330
NEW_GLASGOW	2007	2	20	51	-17	-8	8.55968500879111	-999.9	0	3.85416666666667	1.61635466523523	330
NEW_GLASGOW	2007	2	21	52	-15.5	-4	9.81247511545705	-999.9	2	1.63194444444444	2.35086856131276	330
NEW_GLASGOW	2007	2	22	53	-13.5	-6	8.03583244173196	-999.9	0	3.71527777777778	1.96701860083311	330
NEW_GLASGOW	2007	2	23	54	-13.5	-5	8.6747210809784	-999.9	1.5	3.11342592592592	2.34554142160786	330
NEW_GLASGOW	2007	2	24	55	-15	-1	11.2883107833346	-999.9	3	4.43287037037036	2.97812188007441	330
NEW_GLASGOW	2007	2	25	56	-4.5	1	7.17358367684634	-999.9	0	8.02083333333333	3.6241223737254	330
NEW_GLASGOW	2007	2	26	57	-8.5	0	9.04114001509044	-999.9	0	4.62962962962964	3.84401271372	330
NEW_GLASGOW	2007	2	27	58	-8.5	-2	8.01486946305213	-999.9	0	2.67361111111111	4.10657672708957	330
NEW_GLASGOW	2007	2	28	59	-5	-2	5.51939881007611	-999.9	0	1.12268518518519	3.81563665475025	330
NEW_GLASGOW	2007	3	1	60	-7	-2	7.22222695889813	-999.9	8	1.40046296296296	3.85251416074726	330
NEW_GLASGOW	2007	3	2	61	-11.5	0.5	11.3394947004394	-999.9	13	4.47916666666667	3.99517747749604	330
NEW_GLASGOW	2007	3	3	62	-3.5	5	9.67141229639759	-999.9	0	6.65509259259258	4.89388790748821	330
NEW_GLASGOW	2007	3	4	63	-2	1	5.82206887985732	-999.9	5	4.58994708994708	5.24326645412869	330
NEW_GLASGOW	2007	3	5	64	-4.5	-1	6.37154158402354	-999.9	1	2.96296296296297	3.55769187239817	330
NEW_GLASGOW	2007	3	6	65	-11.5	-9.5	4.87950153439189	-999.9	0	4.69907407407408	1.98264069953958	330
NEW_GLASGOW	2007	3	7	66	-19	-12	9.24728726197356	-999.9	0	5.50925925925925	0.984106687314228	330
NEW_GLASGOW	2007	3	8	67	-22.5	-13	10.9115314197867	-999.9	0	2.89351851851853	1.04147649100256	330
NEW_GLASGOW	2007	3	9	68	-19.5	-4	14.1156508006844	-999.9	0	4.20138888888889	1.36956409729134	330
NEW_GLASGOW	2007	3	10	69	-14	5	15.826122320279	-999.9	1	4.80324074074075	2.92031629258532	330
NEW_GLASGOW	2007	3	11	70	1.5	6	7.79860885662803	-999.9	2.2	4.64120370370369	6.27284504792206	330
NEW_GLASGOW	2007	3	12	71	-5	1	9.11694279845778	-999.9	0	4.81481481481481	3.69225696220653	330
NEW_GLASGOW	2007	3	13	72	-2.5	5	10.3184777570065	-999.9	0	3.56481481481481	4.76276667582881	330
NEW_GLASGOW	2007	3	14	73	1	11	12.059914805397	-999.9	9.8	7.08333333333333	6.4869422560953	330
NEW_GLASGOW	2007	3	15	74	6	9	6.68515028773556	-999.9	1.2	4.54861111111111	9.28183774791119	330
NEW_GLASGOW	2007	3	16	75	-7	-3	7.81147770973919	-999.9	7	7.11805555555556	3.24898716557889	330
NEW_GLASGOW	2007	3	17	76	-6	8.5	15.0482339233009	-999.9	9.4	8.77314814814814	5.88315135721572	330
NEW_GLASGOW	2007	3	18	77	2	7	8.93984356579759	-999.9	3.6	7.93981481481481	6.52030390130259	330
NEW_GLASGOW	2007	3	19	78	-6	0	9.906230001731	-999.9	4	6.96759259259258	2.96829680584258	330
NEW_GLASGOW	2007	3	20	79	-2	3	9.14638758080941	-999.9	8	6.75925925925925	5.15916695834983	330
NEW_GLASGOW	2007	3	21	80	-8	3	13.7194349704974	-999.9	0	6.38888888888889	2.46908344842357	330
NEW_GLASGOW	2007	3	22	81	-7.5	7.5	16.1995825260433	-999.9	1.2	8.39120370370369	4.62111013081479	330
NEW_GLASGOW	2007	3	23	82	3	10	11.1884042178543	-999.9	0	4.71064814814814	7.04498184569622	330
NEW_GLASGOW	2007	3	24	83	-5	-2	7.40428205538787	-999.9	0	4.01620370370369	3.47400568964018	330
NEW_GLASGOW	2007	3	25	84	-10	-4.5	10.1332512199719	-999.9	0	3.07870370370369	2.93330853409836	330
NEW_GLASGOW	2007	3	26	85	-10.5	7	18.2672544890443	-999.9	0	2.19907407407407	3.49881319174763	330
NEW_GLASGOW	2007	3	27	86	-3	9.5	15.6004616492154	-999.9	1	2.85879629629631	6.23203604252517	330
NEW_GLASGOW	2007	3	28	87	-0.5	4	9.45710190674326	-999.9	10	8.61111111111111	5.36606974902874	330
NEW_GLASGOW	2007	3	29	88	-4	1.5	10.5619356426397	-999.9	2	9.93055555555556	3.99708734515722	330
NEW_GLASGOW	2007	3	30	89	-1.5	5	11.5976512575771	-999.9	0	4.83796296296297	3.87942454348694	330
NEW_GLASGOW	2007	3	31	90	-5	-0.5	9.7456660551905	-999.9	0	6.67824074074075	2.86719379236589	330
NEW_GLASGOW	2007	4	1	91	-7	0	12.2740191876171	-999.9	0	4.09722222222222	2.98489044637424	330
NEW_GLASGOW	2007	4	2	92	-7	0	12.3925260567834	-999.9	0	2.95138888888889	3.20978671198051	330
NEW_GLASGOW	2007	4	3	93	-5	0	10.5732707141	-999.9	0	4.03935185185186	3.61565059482346	330
NEW_GLASGOW	2007	4	4	94	-3	0	8.26682927110838	-999.9	0	5.23148148148147	4.29747185765669	330
NEW_GLASGOW	2007	4	5	95	-1	5.5	12.2808795817273	-999.9	8.8	6.31944444444445	6.21382029738175	330
NEW_GLASGOW	2007	4	6	96	1	3	6.87420895555379	-999.9	0.6	6.85185185185186	5.6257455721178	330
NEW_GLASGOW	2007	4	7	97	-1	4	10.9665038586397	-999.9	30	4.91898148148147	4.89849490044819	330
NEW_GLASGOW	2007	4	8	98	-2	1	8.5695865676407	-999.9	7	11.0648148148148	4.98443315107487	330
NEW_GLASGOW	2007	4	9	99	-2	2	9.98127348488024	-999.9	0	5.54398148148147	4.3498603365834	330
NEW_GLASGOW	2007	4	10	100	-5	1.5	12.8324659359456	-999.9	0	2.71990740740741	3.57544207371801	330
NEW_GLASGOW	2007	4	11	101	-7.5	4	17.2123720054394	-999.9	0	2.80092592592592	3.29776515923037	330
NEW_GLASGOW	2007	4	12	102	-5	6.5	17.3548192662888	-999.9	0	1.92028985507246	3.91038646883637	330
NEW_GLASGOW	2007	4	13	103	-3.5	1.5	11.5365699293903	-999.9	10	5.3125	5.02424181480224	330
NEW_GLASGOW	2007	4	14	104	0	0.5	3.67738026302161	-999.9	0	6.96759259259258	5.43696227287666	330
NEW_GLASGOW	2007	4	15	105	-6	2	14.8252441110345	-999.9	0	2.70833333333333	4.6402902841843	330
NEW_GLASGOW	2007	4	16	106	-5	3	14.9398707349292	-999.9	2.6	3.61111111111111	4.86109279609562	330
NEW_GLASGOW	2007	4	17	107	0	2	7.52668412223779	-999.9	3	7.38425925925925	5.58976550763532	330
NEW_GLASGOW	2007	4	18	108	0	1	5.3618863068123	-999.9	0	9.18981481481481	5.47480765376268	330
NEW_GLASGOW	2007	4	19	109	-0.5	2	8.54001807293671	-999.9	0	7.5	5.40215617778858	330
NEW_GLASGOW	2007	4	20	110	-1.5	11.5	19.6143600456089	-999.9	0	2.95138888888889	5.57644214552764	330
NEW_GLASGOW	2007	4	21	111	-5	6	18.1700121152832	-999.9	0	4.02777777777778	5.10781326982103	330
NEW_GLASGOW	2007	4	22	112	-5	13	23.4042374735868	-999.9	0	3.10185185185186	4.52186991927389	330
NEW_GLASGOW	2007	4	23	113	5	21.5	22.5601918563073	-999.9	0	7.22222222222222	7.08193349637599	330
NEW_GLASGOW	2007	4	24	114	5.5	14.5	16.7728975974187	-999.9	0	5.86805555555556	7.94079346326496	330
NEW_GLASGOW	2007	4	25	115	-2.5	10	19.8962658350105	-999.9	0	3.20601851851853	4.24538058254947	330
NEW_GLASGOW	2007	4	26	116	-2.5	12	21.5662312017499	-999.9	0	4.43287037037036	4.14958370960893	330
NEW_GLASGOW	2007	4	27	117	2.5	12	17.5658821498837	-999.9	9.7	4.21296296296297	5.204610390038	330
NEW_GLASGOW	2007	4	28	118	4	8.5	12.1640110775581	-999.9	0.8	4.28240740740742	8.27278292309409	330
NEW_GLASGOW	2007	4	29	119	1	4	9.99167528263196	-999.9	0	4.13194444444444	6.7925336838755	330
NEW_GLASGOW	2007	4	30	120	1.5	4	9.17486821304136	-999.9	9	1.74768518518519	6.89053913813522	330
NEW_GLASGOW	2007	5	1	121	0	5	13.0500524797172	-999.9	2.8	3.46064814814814	7.19581639231075	330
NEW_GLASGOW	2007	5	2	122	2.5	13	19.0180015212043	-999.9	0	2.58101851851852	7.74845857690302	330
NEW_GLASGOW	2007	5	3	123	4	9	13.1960519586396	-999.9	2	4.78009259259258	6.50690872868498	330
NEW_GLASGOW	2007	5	4	124	3	6	10.276719660434	-999.9	2	5.84490740740742	6.28693798211695	330
NEW_GLASGOW	2007	5	5	125	2.5	6.5	11.9290289360614	-999.9	2.2	4.07407407407408	6.44644760349821	330
NEW_GLASGOW	2007	5	6	126	1.5	7	14.0599658654786	-999.9	0	4.85449735449736	6.47103834993735	330
NEW_GLASGOW	2007	5	7	127	0	20	26.9458952889464	-999.9	0	5.08101851851853	5.85632103627954	330
NEW_GLASGOW	2007	5	8	128	9	23	22.6549688435986	-999.9	0	6.44675925925925	7.62817297151123	330
NEW_GLASGOW	2007	5	9	129	10.5	23.5	21.9351368942009	-999.9	0	3.31018518518519	8.18665192877703	330
NEW_GLASGOW	2007	5	10	130	8	15.5	16.7384858777326	-999.9	0	4.53703703703703	9.96254149984733	330
NEW_GLASGOW	2007	5	11	131	5	23	26.0487298076156	-999.9	10.6	6.12268518518519	12.4250738617788	330
NEW_GLASGOW	2007	5	12	132	3.5	7.5	12.3336947278595	-999.9	0	5.86805555555556	6.69823621446305	330
NEW_GLASGOW	2007	5	13	133	-2	9.5	21.0026165595059	-999.9	0	2.08333333333333	5.26110765894286	330
NEW_GLASGOW	2007	5	14	134	-2	10	21.5439340940652	-999.9	0	3.35648148148147	6.20592018982024	330
NEW_GLASGOW	2007	5	15	135	0	12	21.6313573388528	-999.9	0.6	5.11574074074075	7.54078271680835	330
NEW_GLASGOW	2007	5	16	136	4	6	8.86576037908202	-999.9	4.4	3.72685185185186	5.94663467716934	330
NEW_GLASGOW	2007	5	17	137	0.5	4	11.7731360320395	-999.9	4.8	5.06944444444445	6.42903597877348	330
NEW_GLASGOW	2007	5	18	138	3	10.5	17.297982121705	-999.9	1.8	3.27546296296297	8.60078902036235	330
NEW_GLASGOW	2007	5	19	139	5	15	20.0456997224801	-999.9	35	5.20833333333333	11.4525834099745	330
NEW_GLASGOW	2007	5	20	140	11	15	12.7220637345989	-999.9	4.6	3.51851851851853	14.6055609431061	330
NEW_GLASGOW	2007	5	21	141	3.5	8	13.5391164066498	-999.9	2.2	4.28240740740742	7.1979107845559	330
NEW_GLASGOW	2007	5	22	142	3	4.5	7.84217495449991	-999.9	0.8	6.79398148148147	6.17859078847641	330
NEW_GLASGOW	2007	5	23	143	-2.5	14.5	26.4833376062075	-999.9	0	3.1159420289855	5.84798448180839	330
NEW_GLASGOW	2007	5	24	144	7	19	22.3175721435275	-999.9	0	4.98842592592592	8.11696722417543	330
NEW_GLASGOW	2007	5	25	145	9	23.5	24.6036352104518	-999.9	0	5.35879629629631	12.0007242377809	330
NEW_GLASGOW	2007	5	26	146	11	24	23.3612977109006	-999.9	0	4.75694444444445	13.2886709895585	330
NEW_GLASGOW	2007	5	27	147	5	11	15.9133693351116	-999.9	1.4	3.34490740740742	7.19496338202478	330
NEW_GLASGOW	2007	5	28	148	5.7	12.8	17.7201464055085	-999.9	6.4	5.08101851851853	9.7968681989925	330
NEW_GLASGOW	2007	5	29	149	6	13	17.2747702287764	-999.9	0.2	4.67592592592592	10.0912566439651	330
NEW_GLASGOW	2007	5	30	150	5	14	19.6336173890997	-999.9	0	3.33333333333333	8.88140022278754	330
NEW_GLASGOW	2007	5	31	151	5	9.5	13.9140303784469	-999.9	0	3.05555555555556	9.38365274667126	330
NEW_GLASGOW	2007	6	1	152	8	20.5	23.23920481424	-999.9	0	4.58333333333333	10.706999040264	330
NEW_GLASGOW	2007	6	2	153	5.5	11	15.4461141467534	-999.9	0	3.81944444444444	7.09744820968893	330
NEW_GLASGOW	2007	6	3	154	2	12	20.8670821189357	-999.9	0	3.19444444444444	6.60670075905314	330
NEW_GLASGOW	2007	6	4	155	2.5	15.5	23.8346916188719	-999.9	4	5.44973544973544	8.80066996549538	330
NEW_GLASGOW	2007	6	5	156	10.1	22.5	23.7844174004275	-999.9	0	8.05555555555556	15.9224610548471	330
NEW_GLASGOW	2007	6	6	157	15	27.5	23.447820711577	-999.9	14.2	5.81018518518519	18.2630028756585	330
NEW_GLASGOW	2007	6	7	158	8.5	15	16.9331531591599	-999.9	2.4	4.02777777777778	11.2111005507438	330
NEW_GLASGOW	2007	6	8	159	5	17.5	23.5137853154687	-999.9	0	2.55787037037037	9.30474716228167	330
NEW_GLASGOW	2007	6	9	160	6	24.5	28.6412903140081	-999.9	0	3.33333333333333	12.8626202771172	330
NEW_GLASGOW	2007	6	10	161	10	19.5	20.547574294271	-999.9	0	3.09027777777778	16.0273297159868	330
NEW_GLASGOW	2007	6	11	162	10.5	16	15.6503871610562	-999.9	0.2	4.67592592592592	14.7655380494514	330
NEW_GLASGOW	2007	6	12	163	10	14	13.3589317735614	-999.9	0	3.85416666666667	12.9456683934647	330
NEW_GLASGOW	2007	6	13	164	7.5	13	15.6774040183278	-999.9	0	3.63425925925925	11.2768473833582	330
NEW_GLASGOW	2007	6	14	165	8.5	14	15.688389117558	-999.9	0	2.1412037037037	10.8037653014766	330
NEW_GLASGOW	2007	6	15	166	3	23	29.9343197024954	-999.9	0	2.17391304347826	12.2109498740468	330
NEW_GLASGOW	2007	6	16	167	10.5	25	25.5005187703868	-999.9	0	4.35185185185186	17.4783657384274	330
NEW_GLASGOW	2007	6	17	168	15	24	20.0978760717632	-999.9	6.6	5.35879629629631	16.264549452675	330
NEW_GLASGOW	2007	6	18	169	10.5	14	12.5366106624394	-999.9	1	6.96759259259258	11.543255781316	330
NEW_GLASGOW	2007	6	19	170	10	13.5	12.5386474271781	-999.9	0	6.48148148148147	10.6990974234598	330
NEW_GLASGOW	2007	6	20	171	3.5	19.5	26.8102327410323	-999.9	1.8	1.9212962962963	10.8298209351988	330
NEW_GLASGOW	2007	6	21	172	11	14	11.6085650435297	-999.9	12.2	2.73148148148148	12.8621100236607	330
NEW_GLASGOW	2007	6	22	173	11.5	18.5	17.7295479581922	-999.9	2	2.19907407407407	15.2655529675111	330
NEW_GLASGOW	2007	6	23	174	12.5	17	14.2114717181824	-999.9	12.6	1.68981481481481	14.4339331253443	330
NEW_GLASGOW	2007	6	24	175	12	20	18.9415440891372	-999.9	3.8	2.26851851851852	14.9054213973453	330
NEW_GLASGOW	2007	6	25	176	13	24	22.2002441255618	-999.9	15.4	3.58796296296297	13.3422760975133	330
NEW_GLASGOW	2007	6	26	177	13.5	23	20.6190031059448	-999.9	1.4	3.35648148148147	16.8053399631951	330
NEW_GLASGOW	2007	6	27	178	18	23.5	15.6777987091652	-999.9	26.8	3.96990740740742	14.1963781817112	330
NEW_GLASGOW	2007	6	28	179	13.5	20	17.0298846820487	-999.9	0.6	3.47222222222222	14.7258018347228	330
NEW_GLASGOW	2007	6	29	180	14	20	16.3468974043557	-999.9	0	3.26388888888889	13.5310117160479	330
NEW_GLASGOW	2007	6	30	181	15	21	16.3302709341834	-999.9	0.8	3.13657407407408	13.3617387497231	330
NEW_GLASGOW	2007	7	1	182	15	20	14.8906673596715	-999.9	5.6	2.7662037037037	12.5787939633234	330
NEW_GLASGOW	2007	7	2	183	7.5	16	19.3911392744981	-999.9	1.2	2.90509259259258	12.5476678967328	330
NEW_GLASGOW	2007	7	3	184	7.5	17.5	21.0044751525273	-999.9	0.4	1.74768518518519	10.8974209922921	330
NEW_GLASGOW	2007	7	4	185	13.5	24	21.4920418969325	-999.9	0	3.84259259259258	13.3741950148263	330
NEW_GLASGOW	2007	7	5	186	14.5	19	14.0479726706665	-999.9	7.4	6.05324074074075	14.8918888039512	330
NEW_GLASGOW	2007	7	6	187	14.5	21	16.8554968787252	-999.9	1.2	2.95138888888889	17.1411575586658	330
NEW_GLASGOW	2007	7	7	188	13.5	21	18.0736576507228	-999.9	3	2.83564814814814	17.7286935649271	330
NEW_GLASGOW	2007	7	8	189	12	20	18.6313334476687	-999.9	3.8	3.50241545893719	15.1271686983547	330
NEW_GLASGOW	2007	7	9	190	11.5	17	15.4175983322912	-999.9	0.6	3.62268518518519	12.8596601762206	330
NEW_GLASGOW	2007	7	10	191	15	20	14.6693088889377	-999.9	0	3.00925925925925	14.553597230354	330
NEW_GLASGOW	2007	7	11	192	15.5	25.5	20.6998246203807	-999.9	0	5.11574074074075	17.0754963222877	330
NEW_GLASGOW	2007	7	12	193	20	24	13.0614480922578	-999.9	11	5.47453703703703	23.1204127290955	330
NEW_GLASGOW	2007	7	13	194	18	26.5	18.994069243611	-999.9	1.4	2.68518518518519	19.4505291294222	330
NEW_GLASGOW	2007	7	14	195	17	26	19.4952800317107	-999.9	0	3.37962962962964	14.829118571392	330
NEW_GLASGOW	2007	7	15	196	19	26	17.1478331178739	-999.9	0	6.12268518518519	18.330097369022	330
NEW_GLASGOW	2007	7	16	197	17	26	19.3903525765387	-999.9	0	4.25925925925925	21.0319157953872	330
NEW_GLASGOW	2007	7	17	198	17	27	20.3807783967545	-999.9	0	3.35648148148147	14.9485847631897	330
NEW_GLASGOW	2007	7	18	199	15	27	22.2597184335922	-999.9	0	3.39120370370369	17.4116054779751	330
NEW_GLASGOW	2007	7	19	200	15	22.5	17.5436427433941	-999.9	12.8	1.64351851851852	20.8266009394493	330
NEW_GLASGOW	2007	7	20	201	19.5	22	10.0965017572492	-999.9	46.6	4.08564814814814	22.2844212497323	330
NEW_GLASGOW	2007	7	21	202	19.5	22	10.0631565680592	-999.9	4.4	4.21497584541064	21.1112315022147	330
NEW_GLASGOW	2007	7	22	203	18	23	14.182862779336	-999.9	0	2.37268518518519	17.3410978776604	330
NEW_GLASGOW	2007	7	23	204	18	24.5	16.1139293579817	-999.9	0	3.33333333333333	13.6528922922398	330
NEW_GLASGOW	2007	7	24	205	18	27	18.8922178102484	-999.9	5.4	4.18981481481481	22.7837536829585	330
NEW_GLASGOW	2007	7	25	206	18	28	19.839442240128	-999.9	0	2.8125	20.6025240743048	330
NEW_GLASGOW	2007	7	26	207	20.5	30	19.2623692554252	-999.9	0	3.95833333333333	22.2360402760919	330
NEW_GLASGOW	2007	7	27	208	20	31	20.6449184322097	-999.9	0	3.79629629629631	20.9495337013199	330
NEW_GLASGOW	2007	7	28	209	20	30	19.6036096217378	-999.9	7	4.43287037037036	22.1884511048215	330
NEW_GLASGOW	2007	7	29	210	19.5	29	19.026861351319	-999.9	1	3.65740740740742	23.8223098270384	330
NEW_GLASGOW	2007	7	30	211	18.5	27.5	18.4393578564647	-999.9	0	3.59953703703703	23.2030591917519	330
NEW_GLASGOW	2007	7	31	212	17	27	19.3505536598243	-999.9	0	2.11805555555556	22.5084059121776	330
NEW_GLASGOW	2007	8	1	213	18	23	13.6206147244745	-999.9	0	3.09027777777778	17.0370412087671	330
NEW_GLASGOW	2007	8	2	214	18	26.5	17.6761920548195	-999.9	0	4.20454545454544	17.6362332701663	330
NEW_GLASGOW	2007	8	3	215	18	30	20.9019314629015	-999.9	6	4.01620370370369	20.778230530962	330
NEW_GLASGOW	2007	8	4	216	19.5	26	15.3079768551808	-999.9	13.8	4.72222222222222	21.3649188027217	330
NEW_GLASGOW	2007	8	5	217	17	22	13.3585703889658	-999.9	0	2.73148148148148	16.4605989199832	330
NEW_GLASGOW	2007	8	6	218	13	25	20.588645148795	-999.9	5.2	3.73842592592592	14.8123598845771	330
NEW_GLASGOW	2007	8	7	219	13	25	20.4803792071139	-999.9	0	2.91062801932367	17.3630476576763	330
NEW_GLASGOW	2007	8	8	220	13	25	20.370234812396	-999.9	20.1	4.03935185185186	18.4328644084757	330
NEW_GLASGOW	2007	8	9	221	12.5	17.6	14.2104367327687	-999.9	3.4	6.11111111111111	13.6911407599662	330
NEW_GLASGOW	2007	8	10	222	10.5	25	22.1435862262036	-999.9	0	2.39583333333333	19.8275310427441	330
NEW_GLASGOW	2007	8	11	223	13	27	21.6335592964166	-999.9	0	3.47222222222222	15.7292069928092	330
NEW_GLASGOW	2007	8	12	224	16	23.4	16.3660211440074	-999.9	0	2.65046296296296	16.2683039404253	330
NEW_GLASGOW	2007	8	13	225	15.5	19.8	12.3922351229931	-999.9	10	3.61111111111111	18.2929247505691	330
NEW_GLASGOW	2007	8	14	226	16.5	21.5	12.6978118392852	-999.9	0.6	2.46527777777778	16.6247347775236	330
NEW_GLASGOW	2007	8	15	227	9.5	22	19.9519186482765	-999.9	0.4	2.92824074074075	12.5311904889574	330
NEW_GLASGOW	2007	8	16	228	13	23	17.7321439241748	-999.9	0	4.24768518518519	15.7693174870878	330
NEW_GLASGOW	2007	8	17	229	15.5	20	11.8180183451977	-999.9	4	2.91666666666667	13.3330192682621	330
NEW_GLASGOW	2007	8	18	230	9.5	15.5	13.556154307512	-999.9	32.8	3.41435185185186	15.4379980394795	330
NEW_GLASGOW	2007	8	19	231	11.5	18	14.0147420726395	-999.9	4.4	4.23611111111111	12.3472125617189	330
NEW_GLASGOW	2007	8	20	232	10	17	14.4440785299646	-999.9	0	3.46064814814814	11.4342728207122	330
NEW_GLASGOW	2007	8	21	233	8.5	21	19.1669415763486	-999.9	0	2.47474747474748	12.7241238233799	330
NEW_GLASGOW	2007	8	22	234	7.5	20	19.0306745323265	-999.9	0	1.71296296296296	12.0854719624495	330
NEW_GLASGOW	2007	8	23	235	4.5	21	21.706342765156	-999.9	1.4	2.22222222222222	11.737185698445	330
NEW_GLASGOW	2007	8	24	236	15	19	10.6087476078214	-999.9	21.9	6.23842592592592	17.0147128740467	330
NEW_GLASGOW	2007	8	25	237	18	26	14.8906024382858	-999.9	0.6	3.22916666666667	23.8127189362257	330
NEW_GLASGOW	2007	8	26	238	20	27	13.8227025264461	-999.9	0	4.42129629629631	22.9092873157463	330
NEW_GLASGOW	2007	8	27	239	18.5	22	9.69835214474553	-999.9	0	2.90509259259258	14.2948318395996	330
NEW_GLASGOW	2007	8	28	240	15.5	25	15.8521746443865	-999.9	0	2.10648148148148	14.9673148431567	330
NEW_GLASGOW	2007	8	29	241	12.5	25	18.0379894983875	-999.9	0	4.28240740740742	15.8700660508007	330
NEW_GLASGOW	2007	8	30	242	17	25	14.3128786723602	-999.9	2.5	4.27083333333333	19.7018935386276	330
NEW_GLASGOW	2007	8	31	243	16	24	14.1944479774308	-999.9	6.6	2.47685185185185	20.5875120430419	330
NEW_GLASGOW	2007	9	1	244	15	17.5	7.86823898474817	-999.9	0	6.08796296296297	15.9100229917814	330
NEW_GLASGOW	2007	9	2	245	15	19	9.86765462582954	-999.9	0	3.80787037037036	12.2339416455951	330
NEW_GLASGOW	2007	9	3	246	11.5	22	15.8488324764959	-999.9	0	6.16898148148147	14.3720103492548	330
NEW_GLASGOW	2007	9	4	247	15	20	10.8404794135087	-999.9	0	4.49074074074075	11.3548751922106	330
NEW_GLASGOW	2007	9	5	248	10	13	8.32198791791639	-999.9	6.5	4.52546296296297	9.0446005478192	330
NEW_GLASGOW	2007	9	6	249	3.5	18	18.129902518445	-999.9	6	3.57638888888889	10.0532127102924	330
NEW_GLASGOW	2007	9	7	250	6	24.5	20.2901078466356	-999.9	0	4.85507246376811	17.7294044632933	330
NEW_GLASGOW	2007	9	8	251	15	27.5	16.5227568560198	-999.9	0	4.96527777777778	21.4174868989576	330
NEW_GLASGOW	2007	9	9	252	14.5	17	7.3192826399006	-999.9	1.4	4.375	12.1982804507117	330
NEW_GLASGOW	2007	9	10	253	8.5	17.5	13.7541196053257	-999.9	1.4	1.70138888888889	11.916460946776	330
NEW_GLASGOW	2007	9	11	254	13	20	12.0120092889542	-999.9	24	3.32175925925925	16.5441317250857	330
NEW_GLASGOW	2007	9	12	255	14	20.5	11.4609484434764	-999.9	0	7.23379629629631	14.8940978192326	330
NEW_GLASGOW	2007	9	13	256	9.5	16	11.3464510652922	-999.9	0	4.56018518518519	8.00585227355588	330
NEW_GLASGOW	2007	9	14	257	2.5	18	17.3440722209628	-999.9	0	3.26388888888889	8.55758562749086	330
NEW_GLASGOW	2007	9	15	258	13	20.5	11.9409874879087	-999.9	16.2	6.65509259259258	15.0849677331306	330
NEW_GLASGOW	2007	9	16	259	10	18.5	12.5801603901306	-999.9	0	3.51851851851853	9.71434859350086	330
NEW_GLASGOW	2007	9	17	260	4	16	14.7903134081491	-999.9	0	2.24537037037037	10.0420876497963	330
NEW_GLASGOW	2007	9	18	261	4	20	16.8966251647214	-999.9	0	2.28009259259259	10.6192663656671	330
NEW_GLASGOW	2007	9	19	262	6	20	15.6351010601692	-999.9	0	4.45601851851853	12.8806750625098	330
NEW_GLASGOW	2007	9	20	263	13	22.5	12.7391064663314	-999.9	0	5.03472222222222	15.7440976119386	330
NEW_GLASGOW	2007	9	21	264	5.5	19	15.0185737150713	-999.9	0	2.10648148148148	12.2050643183176	330
NEW_GLASGOW	2007	9	22	265	5.5	21.5	16.1678022597837	-999.9	0	4.64120370370369	14.0963172167525	330
NEW_GLASGOW	2007	9	23	266	15.5	21.5	9.78905574581965	-999.9	2.5	5.34722222222222	13.1419160730323	330
NEW_GLASGOW	2007	9	24	267	9.5	13.5	7.9015959610187	-999.9	0	5.86805555555556	7.62273615432974	330
NEW_GLASGOW	2007	9	25	268	7	18	12.9522972780075	-999.9	0	3.36805555555556	10.7604270988105	330
NEW_GLASGOW	2007	9	26	269	14.5	26.6	13.1650381005651	-999.9	2.1	4.46759259259258	18.1705517873206	330
NEW_GLASGOW	2007	9	27	270	11	18.5	10.4460636192504	-999.9	3.2	3.24074074074075	14.0902696794644	330
NEW_GLASGOW	2007	9	28	271	16	22	9.23219304211877	-999.9	20.2	5.97222222222222	17.6000010669745	330
NEW_GLASGOW	2007	9	29	272	11	14	6.44979116894822	-999.9	0	5.06944444444445	10.7558326311268	330
NEW_GLASGOW	2007	9	30	273	9	11	5.20241656142555	-999.9	0	3.94675925925925	6.59434606255378	330
NEW_GLASGOW	2007	10	1	274	0	16	14.534676322459	-999.9	0	4.21296296296297	8.43767972546145	330
NEW_GLASGOW	2007	10	2	275	9.5	19	11.0614853997475	-999.9	0	4.87268518518519	12.5871628606286	330
NEW_GLASGOW	2007	10	3	276	11	21.5	11.4843001651163	-999.9	0	3.57638888888889	15.3495195168317	330
NEW_GLASGOW	2007	10	4	277	16	22	8.57228712109429	-999.9	0	4.52546296296297	15.2220135460505	330
NEW_GLASGOW	2007	10	5	278	6.5	22.5	13.8212172177953	-999.9	0	4.09722222222222	10.7822336082603	330
NEW_GLASGOW	2007	10	6	279	12.5	15	5.39357429442704	-999.9	0	3.51851851851853	8.55035644695958	330
NEW_GLASGOW	2007	10	7	280	5	10.5	7.89704653413284	-999.9	0	6.00694444444445	7.22466843772065	330
NEW_GLASGOW	2007	10	8	281	8	11	5.75676180239626	-999.9	0.6	4.50231481481481	7.40202443788051	330
NEW_GLASGOW	2007	10	9	282	9	11	4.63901553835209	-999.9	0	4.15509259259258	8.71175463607684	330
NEW_GLASGOW	2007	10	10	283	0	13.5	11.8940901699123	-999.9	0	2.04861111111111	9.1162203756156	330
NEW_GLASGOW	2007	10	11	284	6	13	8.45140017069753	-999.9	2	2.41898148148148	12.1084075506023	330
NEW_GLASGOW	2007	10	12	285	10	14	6.30359476697352	-999.9	30.6	6.29629629629631	13.0622328933157	330
NEW_GLASGOW	2007	10	13	286	9.5	15	7.29261440075699	-999.9	0.6	3.25231481481481	12.2179536294206	330
NEW_GLASGOW	2007	10	14	287	10	12	4.3383761065263	-999.9	3.4	1.88657407407407	9.29885845748416	330
NEW_GLASGOW	2007	10	15	288	6	10	6.05230723662067	-999.9	1.8	3.68055555555556	8.82741129868806	330
NEW_GLASGOW	2007	10	16	289	1	10	8.95491245707584	-999.9	1.2	4.14251207729469	8.50730174932166	330
NEW_GLASGOW	2007	10	17	290	1	12	9.76467664256878	-999.9	0	3.61111111111111	6.5353961764397	330
NEW_GLASGOW	2007	10	18	291	7	15	8.21300936821352	-999.9	0	2.8125	7.65421053710476	330
NEW_GLASGOW	2007	10	19	292	-1	16	11.8073951374355	-999.9	7.4	3.76157407407408	9.17782706980017	330
NEW_GLASGOW	2007	10	20	293	12	19.5	7.734127490992	-999.9	16.6	6.84027777777778	16.8175360018409	330
NEW_GLASGOW	2007	10	21	294	12.5	16	5.21010952156985	-999.9	0.8	5.24305555555556	12.7717487136455	330
NEW_GLASGOW	2007	10	22	295	10	21.5	9.31273809117182	-999.9	0	3.24074074074075	12.6461084916382	330
NEW_GLASGOW	2007	10	23	296	11.5	18	6.90377791962123	-999.9	2.2	6.62037037037036	14.0097538527246	330
NEW_GLASGOW	2007	10	24	297	9.5	11	3.27013798803741	-999.9	0	4.03935185185186	10.9758105162377	330
NEW_GLASGOW	2007	10	25	298	6	10	5.26540925847409	-999.9	0	2.41898148148148	7.8391518653144	330
NEW_GLASGOW	2007	10	26	299	-1	12	9.35943643501589	-999.9	0	3.10185185185186	7.2019883404267	330
NEW_GLASGOW	2007	10	27	300	4.5	15	8.29364962459415	-999.9	3	5.71759259259258	11.0872789717514	330
NEW_GLASGOW	2007	10	28	301	12	17	5.64298902446926	-999.9	0	6.06481481481481	9.11877813984101	330
NEW_GLASGOW	2007	10	29	302	1.5	4.1	4.46317491184543	-999.9	0	4.09722222222222	4.84226818454945	330
NEW_GLASGOW	2007	10	30	303	-1	5.4	6.22387567713728	-999.9	0	3.05555555555556	5.36305821723531	330
NEW_GLASGOW	2007	10	31	304	1	12	8.0236666825299	-999.9	0	4.15509259259258	5.91897750236642	330
NEW_GLASGOW	2007	11	1	305	8	18.5	7.72996259304558	-999.9	0	8.26388888888889	10.7778552766115	330
NEW_GLASGOW	2007	11	2	306	3	8	5.26006169695197	-999.9	0	3.58796296296297	5.29095464916053	330
NEW_GLASGOW	2007	11	3	307	-3	16.5	10.2439342512805	-999.9	35.8	4.52546296296297	8.90536645016634	330
NEW_GLASGOW	2007	11	4	308	6	10	4.57559339654176	-999.9	1.2	9.88425925925925	9.5230419633355	330
NEW_GLASGOW	2007	11	5	309	-3	7	7.13532171200433	-999.9	0	1.93287037037037	6.1375134897313	330
NEW_GLASGOW	2007	11	6	310	-3.5	8	7.54728507795932	-999.9	18	3.37962962962964	6.9617381753302	330
NEW_GLASGOW	2007	11	7	311	3.5	8	4.65706798673534	-999.9	0.8	4.95370370370369	7.65108736686194	330
NEW_GLASGOW	2007	11	8	312	-1.5	5.5	5.73007362453263	-999.9	1.8	2.60416666666667	6.92341203326683	330
NEW_GLASGOW	2007	11	9	313	0	6	5.23403110324667	-999.9	0.8	2.41898148148148	6.2822661663759	330
NEW_GLASGOW	2007	11	10	314	3.5	4.5	2.10842978993505	-999.9	15.1	5.84490740740742	5.95029811141304	330
NEW_GLASGOW	2007	11	11	315	0	3	3.60389104920516	-999.9	10	10.8912037037037	6.63683912267939	330
NEW_GLASGOW	2007	11	12	316	1	2	2.05362355598623	-999.9	0.6	5.83333333333333	4.53382777311835	330
NEW_GLASGOW	2007	11	13	317	-3.5	2.5	4.96556645538859	-999.9	6	3.05555555555556	5.41269645675214	330
NEW_GLASGOW	2007	11	14	318	0	10	6.32896512331712	-999.9	0.6	5.39351851851853	7.02166141043298	330
NEW_GLASGOW	2007	11	15	319	7	16.5	6.09124352718074	-999.9	2.2	7.52314814814814	12.7388965501263	330
NEW_GLASGOW	2007	11	16	320	12	18.5	4.97609911278464	-999.9	7.8	9.32870370370369	11.0963077582693	330
NEW_GLASGOW	2007	11	17	321	1	2	1.92797813279908	-999.9	0	6.55092592592592	4.67630916877935	330
NEW_GLASGOW	2007	11	18	322	-2	4	4.66588428813369	-999.9	0	4.82638888888889	4.4385142667436	330
NEW_GLASGOW	2007	11	19	323	-2	0.5	2.97629511294965	-999.9	0	3.48379629629631	3.70555418943488	330
NEW_GLASGOW	2007	11	20	324	-5.5	3.5	5.58176142746926	-999.9	0	1.66666666666667	4.44875687164398	330
NEW_GLASGOW	2007	11	21	325	-1	4.5	4.31396641189458	-999.9	0	2.1412037037037	5.42726076606761	330
NEW_GLASGOW	2007	11	22	326	0	5	4.06754333775747	-999.9	0.8	3.34490740740742	7.67647503704619	330
NEW_GLASGOW	2007	11	23	327	2	11.9	6.92488522034102	-999.9	0.7	6.20370370370369	7.48983885994426	330
NEW_GLASGOW	2007	11	24	328	-7.5	-2.8	4.15286121999559	-999.9	0	5.52083333333333	2.87512379185916	330
NEW_GLASGOW	2007	11	25	329	-8	3	5.84368869917868	-999.9	0	4.60648148148147	3.75492506378898	330
NEW_GLASGOW	2007	11	26	330	-2.5	8	5.65213526263058	-999.9	19.4	4.49074074074075	6.65154635183986	330
NEW_GLASGOW	2007	11	27	331	3	13	5.46230897317271	-999.9	0.8	4.65277777777778	9.66767416015189	330
NEW_GLASGOW	2007	11	28	332	-4	0.5	3.6297518073006	-999.9	0	5.56712962962964	4.02874963105711	330
NEW_GLASGOW	2007	11	29	333	-5	5.5	5.49415060255913	-999.9	5.6	5.41666666666667	4.9547103288169	330
NEW_GLASGOW	2007	11	30	334	-2	2	3.36137270056523	-999.9	1	5.19675925925925	3.99785727371074	330
NEW_GLASGOW	2007	12	1	335	-7	-2	3.72651238679292	-999.9	7.5	5.13888888888889	3.70741088659002	330
NEW_GLASGOW	2007	12	2	336	-9.5	-0.5	4.95934528292511	-999.9	0	7.09490740740742	3.59713111221464	330
NEW_GLASGOW	2007	12	3	337	-1	0.5	2.00906160663005	-999.9	7	4.32870370370369	4.42275740627596	330
NEW_GLASGOW	2007	12	4	338	-1	0	1.62837869732629	-999.9	16	12.1875	5.54378716507057	330
NEW_GLASGOW	2007	12	5	339	-5	-1.5	3.02527301721443	-999.9	2	4.0625	3.90965261171811	330
NEW_GLASGOW	2007	12	6	340	-6.5	-1.5	3.5922121965004	-999.9	0	2.07175925925926	3.34193422312595	330
NEW_GLASGOW	2007	12	7	341	-12.5	1	5.86631458580761	-999.9	1	3.41435185185186	3.0187445682069	330
NEW_GLASGOW	2007	12	8	342	-8.5	1.5	5.0199406293703	-999.9	0	5.17361111111111	4.42234395064147	330
NEW_GLASGOW	2007	12	9	343	-12.5	-9.5	2.73489928507941	-999.9	0	4.25925925925925	2.02818486081423	330
NEW_GLASGOW	2007	12	10	344	-19	-10	4.71377965819394	-999.9	0	2.52314814814815	1.9016487467727	330
NEW_GLASGOW	2007	12	11	345	-13.5	-3	5.06871785617481	-999.9	2	3.78472222222222	2.77968384976544	330
NEW_GLASGOW	2007	12	12	346	-8.5	0	4.54212648193234	-999.9	3	4.93055555555556	3.78406675380231	330
NEW_GLASGOW	2007	12	13	347	-11.5	-8	2.90417911424246	-999.9	2	5.56712962962964	2.16155095562743	330
NEW_GLASGOW	2007	12	14	348	-10.5	-5.5	3.46026641129547	-999.9	5	2.25694444444444	2.62997879832111	330
NEW_GLASGOW	2007	12	15	349	-10.5	-7	2.88729542690668	-999.9	7	6.52777777777778	2.47810883097053	330
NEW_GLASGOW	2007	12	16	350	-11.5	1	5.44432539945721	-999.9	18	4.22453703703703	3.5835316163007	330
NEW_GLASGOW	2007	12	17	351	-7.5	1	4.48157862013372	-999.9	1	10.6944444444444	4.19018221259171	330
NEW_GLASGOW	2007	12	18	352	-8	-6	2.17105490042895	-999.9	0	5.28935185185186	2.2910319561036	330
NEW_GLASGOW	2007	12	19	353	-12.5	-7	3.59727817382287	-999.9	0	2.97453703703703	1.96788683755398	330
NEW_GLASGOW	2007	12	20	354	-12.5	-5	4.19916913010277	-999.9	0	4.72222222222222	2.56429459714496	330
NEW_GLASGOW	2007	12	21	355	-6	-5	1.53347344292215	-999.9	0	5.42824074074075	2.82286874842884	330
NEW_GLASGOW	2007	12	22	356	-13.5	-1.5	5.31512961761964	-999.9	0	2.61574074074074	2.73222533119495	330
NEW_GLASGOW	2007	12	23	357	-5.5	8	5.64339240607467	-999.9	2.2	5.56712962962964	4.92916154141454	330
NEW_GLASGOW	2007	12	24	358	-1.5	9.5	5.10178782676837	-999.9	2	8.17129629629631	6.66464769631	330
NEW_GLASGOW	2007	12	25	359	-1	1	2.17969340429618	-999.9	0	5.99537037037036	3.58049568548642	330
NEW_GLASGOW	2007	12	26	360	-7.5	0.5	4.36998833968759	-999.9	0	3.24074074074075	3.57525893092946	330
NEW_GLASGOW	2007	12	27	361	-7	-0.5	3.9504439234234	-999.9	10	4.58333333333333	4.51191452553514	330
NEW_GLASGOW	2007	12	28	362	-4	-1.5	2.45816206692574	-999.9	5	4.89583333333333	4.28998215683377	330
NEW_GLASGOW	2007	12	29	363	-7.5	-1.5	3.82263453300987	-999.9	10	3.22916666666667	4.27061994599508	330
NEW_GLASGOW	2007	12	30	364	-3.5	-1.5	2.21636820013968	-999.9	0	3.54166666666667	3.80234188330497	330
NEW_GLASGOW	2007	12	31	365	-10	-1.5	4.59057143251346	-999.9	25	4.50231481481481	3.9884762530834	330
