NEW_GLASGOW	2011	1	1	1	-3.5	3	4.03489478475473	-999.9	0	3.18287037037036	5.88940663778845	330
NEW_GLASGOW	2011	1	2	2	-3.5	3	4.0572836041241	-999.9	0.2	2.00231481481481	5.39254119001465	330
NEW_GLASGOW	2011	1	3	3	-1.5	2	2.99500512321041	-999.9	12	2.98611111111111	5.01408203615349	330
NEW_GLASGOW	2011	1	4	4	-7	-5	2.27846157714031	-999.9	2	5.40509259259258	2.994661706013	330
NEW_GLASGOW	2011	1	5	5	-9.5	-5	3.44089035676416	-999.9	0	3.99305555555556	2.39290057232074	330
NEW_GLASGOW	2011	1	6	6	-15.5	-2	6.00261157140725	-999.9	0	2.11805555555556	2.41263528564805	330
NEW_GLASGOW	2011	1	7	7	-15.5	1	6.68638009808705	-999.9	4.5	3.51851851851853	4.16725481736521	330
NEW_GLASGOW	2011	1	8	8	-0.5	0	1.1732016218134	-999.9	14	4.21296296296297	5.46093029145864	330
NEW_GLASGOW	2011	1	9	9	-3	1.5	3.54887772385355	-999.9	7.5	5.85648148148147	5.55591881397691	330
NEW_GLASGOW	2011	1	10	10	-1	1.5	2.6681243826595	-999.9	5	7.31481481481481	6.08973193730745	330
NEW_GLASGOW	2011	1	11	11	0	2	2.40797510740984	-999.9	0	4.53703703703703	5.39956148221807	330
NEW_GLASGOW	2011	1	12	12	-3	1.5	3.64576936428988	-999.9	10	4.64120370370369	4.92269573036327	330
NEW_GLASGOW	2011	1	13	13	-0.5	1.5	2.45405425692552	-999.9	8	9.58333333333333	6.15758295961642	330
NEW_GLASGOW	2011	1	14	14	-3.5	0.5	3.50526513425575	-999.9	1	4.46759259259258	4.49442863390812	330
NEW_GLASGOW	2011	1	15	15	-8	-3	3.9593893559082	-999.9	4.5	2.4537037037037	2.97615080862057	330
NEW_GLASGOW	2011	1	16	16	-11.5	-3	5.21711843023573	-999.9	3	3.93518518518519	3.33754908079813	330
NEW_GLASGOW	2011	1	17	17	-13.5	-8	4.24229949539314	-999.9	0	4.0625	2.0047697349682	330
NEW_GLASGOW	2011	1	18	18	-19.5	2	8.4811293089194	-999.9	3.6	3.94675925925925	2.70141954483324	330
NEW_GLASGOW	2011	1	19	19	-4	2	4.53142987079601	-999.9	14.1	7.85879629629631	5.69818440175951	330
NEW_GLASGOW	2011	1	20	20	-5	-4	1.87150289981758	-999.9	2	4.72222222222222	3.10685080058273	330
NEW_GLASGOW	2011	1	21	21	-12.5	4	7.69243797056013	-999.9	12	4.80324074074075	3.85885515394938	330
NEW_GLASGOW	2011	1	22	22	-10.5	-7.5	3.31978404844357	-999.9	0	9.84953703703703	2.07360803862195	330
NEW_GLASGOW	2011	1	23	23	-17	-9	5.48797388308034	-999.9	0	3.22916666666667	1.59936462998883	330
NEW_GLASGOW	2011	1	24	24	-22	-15	5.19780043055063	-999.9	2	6.16898148148147	0.98450936962374	330
NEW_GLASGOW	2011	1	25	25	-18.5	-13	4.66590881887465	-999.9	0	3.30917874396136	1.2027386565457	330
NEW_GLASGOW	2011	1	26	26	-18.5	-1.5	8.30882473169169	-999.9	5	1.33101851851852	2.64176657665033	330
NEW_GLASGOW	2011	1	27	27	-7	-1	5.0005997230835	-999.9	20	7.1875	5.01015329069438	330
NEW_GLASGOW	2011	1	28	28	-7	-3	4.13689152412234	-999.9	0	3.56481481481481	3.02874561285858	330
NEW_GLASGOW	2011	1	29	29	-15	-2.5	7.41068692800592	-999.9	1	1.95601851851852	3.56977003015278	330
NEW_GLASGOW	2011	1	30	30	-15.5	-4.5	7.04557046235758	-999.9	1	2.03703703703704	2.88338783268202	330
NEW_GLASGOW	2011	1	31	31	-15	-10.5	4.56767229827505	-999.9	0	4.17824074074075	1.77871812293408	330
NEW_GLASGOW	2011	2	1	32	-18.5	-9	6.72771203311073	-999.9	0	3.61111111111111	1.57441236456589	330
NEW_GLASGOW	2011	2	2	33	-15	-5.5	6.82068489377939	-999.9	15	3.37962962962964	2.413401214111	330
NEW_GLASGOW	2011	2	3	34	-8.5	-4.5	4.48741441375871	-999.9	0	5.19675925925925	2.28307051301613	330
NEW_GLASGOW	2011	2	4	35	-21	-3	9.65245223071565	-999.9	0	3.61111111111111	2.47949765524755	330
NEW_GLASGOW	2011	2	5	36	-13	-0.5	8.15685575620275	-999.9	12	3.58796296296297	2.79718533384309	330
NEW_GLASGOW	2011	2	6	37	-3	-0.5	3.6994001046235	-999.9	8	6.59722222222222	4.53675673919168	330
NEW_GLASGOW	2011	2	7	38	-9	-1.5	6.49843424509522	-999.9	0	3.03240740740742	3.56501756224617	330
NEW_GLASGOW	2011	2	8	39	-8.5	-0.5	6.80705686931629	-999.9	15	2.44212962962963	4.96401851312997	330
NEW_GLASGOW	2011	2	9	40	-12.5	-8	5.17812755259383	-999.9	0	6.20772946859903	2.68594871578089	330
NEW_GLASGOW	2011	2	10	41	-14.5	-6	7.21838916778232	-999.9	0	2.53472222222222	2.01492694369381	330
NEW_GLASGOW	2011	2	11	42	-19	-7	8.69950552110907	-999.9	0	3.31018518518519	1.72440885583805	330
NEW_GLASGOW	2011	2	12	43	-24	-2	11.9479614071317	-999.9	0	4.13194444444444	2.33335665750741	330
NEW_GLASGOW	2011	2	13	44	-13	-7.5	6.05960750182795	-999.9	4	4.65277777777778	2.05186993169506	330
NEW_GLASGOW	2011	2	14	45	-10	0	8.28786809692882	-999.9	14	4.91898148148147	3.95756528638207	330
NEW_GLASGOW	2011	2	15	46	-8.5	-3.5	5.94433761880701	-999.9	8	8.24074074074075	3.52504681599057	330
NEW_GLASGOW	2011	2	16	47	-17.5	-2	10.6158057056794	-999.9	0	5.06944444444445	2.36272281476316	330
NEW_GLASGOW	2011	2	17	48	-13	4	11.2763978581485	-999.9	0	4.64120370370369	3.78852333169139	330
NEW_GLASGOW	2011	2	18	49	-10	2.5	9.80724865292362	-999.9	11.4	2.87037037037036	4.20431339761861	330
NEW_GLASGOW	2011	2	19	50	-1.5	0	3.445631707045	-999.9	7.5	4.16666666666667	5.72547410710885	330
NEW_GLASGOW	2011	2	20	51	-1	1	4.03507420969135	-999.9	4	6.48148148148147	4.92433155257859	330
NEW_GLASGOW	2011	2	21	52	-7.5	-3.5	5.78708210297695	-999.9	3	2.92824074074075	3.67066010656828	330
NEW_GLASGOW	2011	2	22	53	-9.5	-2.5	7.76335169215928	-999.9	0	7.25694444444445	4.07824248104249	330
NEW_GLASGOW	2011	2	23	54	-6.5	-4.5	4.2078577987819	-999.9	2	6.78240740740742	3.49804717685417	330
NEW_GLASGOW	2011	2	24	55	-10.5	-2	8.79578089970967	-999.9	0	3.59953703703703	2.91795439464183	330
NEW_GLASGOW	2011	2	25	56	-9	2	10.1449793266144	-999.9	31	4.66435185185186	4.94120894757399	330
NEW_GLASGOW	2011	2	26	57	-11	-9	4.38559708920192	-999.9	0	7.51157407407408	2.31779343491356	330
NEW_GLASGOW	2011	2	27	58	-16.5	-9	8.60935085396411	-999.9	0	2.38425925925926	1.36001789287073	330
NEW_GLASGOW	2011	2	28	59	-22.5	2	15.772995900213	-999.9	19.4	5.03472222222222	2.71524756947092	330
NEW_GLASGOW	2011	3	1	60	-5.5	-2	6.04254859906683	-999.9	0	6.08796296296297	3.43238371368134	330
NEW_GLASGOW	2011	3	2	61	-15.5	2.5	13.8879879785352	-999.9	2.5	6.30787037037036	2.80004843844435	330
NEW_GLASGOW	2011	3	3	62	-12.5	-7	7.77968082619157	-999.9	0	5.32407407407408	2.55595272918237	330
NEW_GLASGOW	2011	3	4	63	-13.5	-3	10.8920935153124	-999.9	0	2.97453703703703	1.65310484910905	330
NEW_GLASGOW	2011	3	5	64	-19.5	8.5	18.0214410427005	-999.9	0	6.92129629629631	2.9197599491546	330
NEW_GLASGOW	2011	3	6	65	-0.5	9.5	10.9108971272148	-999.9	0.1	8.07870370370369	7.01252525745739	330
NEW_GLASGOW	2011	3	7	66	-0.5	9.5	11.0526222942443	-999.9	4.1	6.01851851851853	7.29284805925566	330
NEW_GLASGOW	2011	3	8	67	-5.5	-3.5	5.00655397664411	-999.9	0	4.35185185185186	4.04451071690692	330
NEW_GLASGOW	2011	3	9	68	-6.5	-3.5	6.21005839970768	-999.9	0	4.39814814814814	2.73323897994118	330
NEW_GLASGOW	2011	3	10	69	-10	0.5	11.7650118008587	-999.9	0	2.38425925925926	3.50366701058507	330
NEW_GLASGOW	2011	3	11	70	-4	9.5	13.5075867680364	-999.9	0.4	6.92129629629631	6.59081763191047	330
NEW_GLASGOW	2011	3	12	71	4	10	9.11694279845778	-999.9	10.6	7.83564814814814	7.9516440689268	330
NEW_GLASGOW	2011	3	13	72	0.5	8	10.3184777570065	-999.9	0	5.17361111111111	5.39892834652852	330
NEW_GLASGOW	2011	3	14	73	-6.5	-4.5	5.39335786154477	-999.9	0	8.17129629629631	3.29164388798569	330
NEW_GLASGOW	2011	3	15	74	-13.5	1	14.6971981270735	-999.9	0	3.04398148148147	2.70186903821629	330
NEW_GLASGOW	2011	3	16	75	-2.5	5	10.6963063726824	-999.9	6.4	5.52083333333333	4.95191360165264	330
NEW_GLASGOW	2011	3	17	76	1	8	10.4556383385751	-999.9	0.8	3.04398148148147	6.68130931555078	330
NEW_GLASGOW	2011	3	18	77	0.5	7.5	10.5777655567377	-999.9	10.9	7.21064814814814	6.01848612686811	330
NEW_GLASGOW	2011	3	19	78	-4	-1	7.00476241021762	-999.9	0	6.70138888888889	3.64331232178467	330
NEW_GLASGOW	2011	3	20	79	-5	-1	8.18077775169988	-999.9	0	4.07407407407408	2.75258301660037	330
NEW_GLASGOW	2011	3	21	80	-12	3.5	16.2856738119468	-999.9	0	2.63888888888889	3.10065053911884	330
NEW_GLASGOW	2011	3	22	81	-3.5	0.5	8.36542844518377	-999.9	0	3.81944444444444	4.17023070271592	330
NEW_GLASGOW	2011	3	23	82	-3	2	9.45592742834206	-999.9	0	3.71527777777778	4.05986025658595	330
NEW_GLASGOW	2011	3	24	83	-3.5	1	9.06835647367307	-999.9	10	4.67592592592592	4.12434425971583	330
NEW_GLASGOW	2011	3	25	84	-3.5	-1	6.83183657881055	-999.9	2.5	4.84953703703703	3.89958544762633	330
NEW_GLASGOW	2011	3	26	85	-10.5	-0.5	13.8087464325541	-999.9	0	5.11574074074075	2.62930274117601	330
NEW_GLASGOW	2011	3	27	86	-7	-1	10.8083168791883	-999.9	0	5.91435185185186	2.73346434470002	330
NEW_GLASGOW	2011	3	28	87	-8.5	2	14.4459617808541	-999.9	0	5.09259259259258	3.2792062751108	330
NEW_GLASGOW	2011	3	29	88	-1.5	4	10.5619356426397	-999.9	0	5.04629629629631	4.33021208442528	330
NEW_GLASGOW	2011	3	30	89	-0.5	6.5	12.0354514973739	-999.9	0	3.29861111111111	4.33703345236467	330
NEW_GLASGOW	2011	3	31	90	-4.5	6.5	15.2370752184139	-999.9	0	2.12962962962963	4.66745682698093	330
NEW_GLASGOW	2011	4	1	91	-4.5	5	14.2987996332906	-999.9	20.2	5.02314814814814	5.18860956132488	330
NEW_GLASGOW	2011	4	2	92	-1.5	2	8.76283921078249	-999.9	6.3	5.79861111111111	6.27737218653179	330
NEW_GLASGOW	2011	4	3	93	-1.5	1.5	8.1900202781304	-999.9	0	4.61805555555556	4.53865650272926	330
NEW_GLASGOW	2011	4	4	94	-1.5	3	10.1247567524599	-999.9	0	3.15972222222222	4.20318064949537	330
NEW_GLASGOW	2011	4	5	95	-1	13.5	18.3424268500145	-999.9	14.4	8.13657407407408	9.06018780473593	330
NEW_GLASGOW	2011	4	6	96	1.5	6.5	10.8690787057386	-999.9	0	5.10416666666667	5.3564913545901	330
NEW_GLASGOW	2011	4	7	97	-2	2	9.80873924137286	-999.9	0	4.90740740740742	3.50049422452475	330
NEW_GLASGOW	2011	4	8	98	-4	2.5	12.6140898814496	-999.9	0	3.24074074074075	4.17958960136031	330
NEW_GLASGOW	2011	4	9	99	-6	8	18.6732528320565	-999.9	0	2.21064814814815	4.37990086908809	330
NEW_GLASGOW	2011	4	10	100	-3	11.5	19.1662629837689	-999.9	0	2.24537037037037	5.8818408368612	330
NEW_GLASGOW	2011	4	11	101	2	11	15.2269547912867	-999.9	16.2	7.66203703703703	8.09293924757453	330
NEW_GLASGOW	2011	4	12	102	8.5	12.5	10.2353140053453	-999.9	0	7.26851851851853	6.89335701549422	330
NEW_GLASGOW	2011	4	13	103	-3	11.5	19.6460706665115	-999.9	0	3.46064814814814	4.18843483337733	330
NEW_GLASGOW	2011	4	14	104	2	12	16.4457444944648	-999.9	2.4	6.46990740740742	8.10043179407137	330
NEW_GLASGOW	2011	4	15	105	-3.5	2.5	12.8390380174615	-999.9	0	5.41666666666667	3.13274994341952	330
NEW_GLASGOW	2011	4	16	106	-3	3	12.9383075857044	-999.9	0	3.06712962962964	3.53103305502086	330
NEW_GLASGOW	2011	4	17	107	-0.5	10.5	17.6516389130784	-999.9	5.1	8.99305555555556	7.10626255713257	330
NEW_GLASGOW	2011	4	18	108	3.5	10	13.6701814540509	-999.9	0	5.82175925925925	7.28456156829103	330
NEW_GLASGOW	2011	4	19	109	1	11	17.0800361458734	-999.9	0	3.47222222222222	6.16260186292961	330
NEW_GLASGOW	2011	4	20	110	-1.5	3	11.5400774560609	-999.9	12.5	2.70833333333333	4.65175249664054	330
NEW_GLASGOW	2011	4	21	111	-1.5	4.5	13.4194432942965	-999.9	3.8	2.48842592592593	6.36629422060717	330
NEW_GLASGOW	2011	4	22	112	-1.5	7.5	16.5492950260736	-999.9	0	4.91898148148147	5.28839794702199	330
NEW_GLASGOW	2011	4	23	113	-10	11	25.4513289388831	-999.9	0.2	6.875	5.19362916510011	330
NEW_GLASGOW	2011	4	24	114	4	15	18.5431359925638	-999.9	0	5.92592592592592	7.8131551103605	330
NEW_GLASGOW	2011	4	25	115	-2.5	14	22.8590691042785	-999.9	0	2.60416666666667	6.06851440321092	330
NEW_GLASGOW	2011	4	26	116	5	13	16.0189943848537	-999.9	1.2	3.57638888888889	8.23375677198273	330
NEW_GLASGOW	2011	4	27	117	1.5	6	12.0896692334981	-999.9	7.1	3.61111111111111	7.41744640557198	330
NEW_GLASGOW	2011	4	28	118	3.5	19.5	22.9366792516522	-999.9	2.4	6.95601851851853	12.7145048598585	330
NEW_GLASGOW	2011	4	29	119	13	19.5	14.7073477917007	-999.9	0.6	4.6875	14.6022048570289	330
NEW_GLASGOW	2011	4	30	120	3	8.5	13.6085287521719	-999.9	0.8	5.63657407407408	8.76752725881685	330
NEW_GLASGOW	2011	5	1	121	2.5	4	7.14780811976732	-999.9	0	6.75925925925925	6.48288496515533	330
NEW_GLASGOW	2011	5	2	122	1	7.5	14.963283578061	-999.9	0	5.27777777777778	6.90986595873913	330
NEW_GLASGOW	2011	5	3	123	4.5	14.5	18.6620356496881	-999.9	0	4.47916666666667	9.35159638291448	330
NEW_GLASGOW	2011	5	4	124	4	18.5	22.5932071000532	-999.9	0	7.71990740740742	11.7791587751991	330
NEW_GLASGOW	2011	5	5	125	10.5	16.5	14.6100170101231	-999.9	10.2	7.29166666666667	13.1776007597405	330
NEW_GLASGOW	2011	5	6	126	6	14.5	17.4788310467085	-999.9	1.2	6.27314814814814	9.10302787291566	330
NEW_GLASGOW	2011	5	7	127	4.5	14.5	19.0536252839566	-999.9	8.2	6.08796296296297	9.05008826242093	330
NEW_GLASGOW	2011	5	8	128	7	14.5	16.581739310336	-999.9	1.4	4.43287037037036	10.043482354051	330
NEW_GLASGOW	2011	5	9	129	4	6	8.60976510524621	-999.9	38.2	6.89814814814814	8.26012086591957	330
NEW_GLASGOW	2011	5	10	130	4.5	7	9.67053900669015	-999.9	2	8.73842592592592	8.56308606962606	330
NEW_GLASGOW	2011	5	11	131	4	7.5	11.4864101733444	-999.9	3	8.66666666666667	8.16851797414569	330
NEW_GLASGOW	2011	5	12	132	5	6.5	7.55281468162771	-999.9	2.4	7.51157407407408	7.9177280315482	330
NEW_GLASGOW	2011	5	13	133	3	5	8.75869657114157	-999.9	1.8	4.42129629629631	8.76400706879733	330
NEW_GLASGOW	2011	5	14	134	3.5	6	9.8334155672701	-999.9	0.8	2.5	9.19572364171331	330
NEW_GLASGOW	2011	5	15	135	4.5	11	15.9202479359028	-999.9	9	4.08564814814814	9.4393348922271	330
NEW_GLASGOW	2011	5	16	136	3.5	9	14.7022003293071	-999.9	27.8	4.59490740740742	8.6713733079748	330
NEW_GLASGOW	2011	5	17	137	3.5	10	16.0440799779669	-999.9	6.4	2.78935185185186	9.35002631961594	330
NEW_GLASGOW	2011	5	18	138	3	16.5	23.2076783386251	-999.9	0	1.77083333333333	9.31870731212502	330
NEW_GLASGOW	2011	5	19	139	5	23.5	27.265099360228	-999.9	2.4	3.29861111111111	13.7997108420031	330
NEW_GLASGOW	2011	5	20	140	14.5	22.5	17.9917150748447	-999.9	2.2	4.20138888888889	17.1430359200262	330
NEW_GLASGOW	2011	5	21	141	4.5	6.5	9.02607760443317	-999.9	1	6.50462962962964	11.3828217830865	330
NEW_GLASGOW	2011	5	22	142	4.5	7	10.1242043322744	-999.9	0	3.72685185185186	6.89088875221246	330
NEW_GLASGOW	2011	5	23	143	-1	16	26.4833376062075	-999.9	0.2	6.07638888888889	8.13080296376209	330
NEW_GLASGOW	2011	5	24	144	6.5	17.5	21.367448549521	-999.9	2.2	9.21296296296297	11.4442332967718	330
NEW_GLASGOW	2011	5	25	145	11	16.5	15.1529302062839	-999.9	0	3.68055555555556	9.14265051824664	330
NEW_GLASGOW	2011	5	26	146	1.5	20	27.8683433150627	-999.9	0	3.81944444444444	10.5090247272998	330
NEW_GLASGOW	2011	5	27	147	13	25	22.504902736767	-999.9	0	5.06944444444445	14.7378082162228	330
NEW_GLASGOW	2011	5	28	148	5.5	18	23.02788916998	-999.9	0.4	2.06018518518519	11.8534427654858	330
NEW_GLASGOW	2011	5	29	149	7.5	24.5	26.9207850388859	-999.9	1.4	5.40509259259258	18.519317129328	330
NEW_GLASGOW	2011	5	30	150	15	24	19.6336173890997	-999.9	0	4.46759259259258	15.0625016002785	330
NEW_GLASGOW	2011	5	31	151	9.5	12.5	11.3607582309264	-999.9	0	4.59490740740742	7.59178753032035	330
NEW_GLASGOW	2011	6	1	152	2	20	27.887045777088	-999.9	4.2	6.93287037037036	9.59163430107526	330
NEW_GLASGOW	2011	6	2	153	8.5	24	25.9300732903473	-999.9	0.4	5.35879629629631	15.225574910347	330
NEW_GLASGOW	2011	6	3	154	8	11.5	12.3451322656115	-999.9	6.4	4.29398148148147	11.0374897754645	330
NEW_GLASGOW	2011	6	4	155	6.5	10.5	13.2211081179561	-999.9	0.4	2.48842592592593	10.6322644956423	330
NEW_GLASGOW	2011	6	5	156	6	11	14.8064659933972	-999.9	0.6	4.13194444444444	10.5018926989461	330
NEW_GLASGOW	2011	6	6	157	8	16	18.7582565692616	-999.9	1	2.5462962962963	12.4604638271088	330
NEW_GLASGOW	2011	6	7	158	8	12.5	14.0892350701468	-999.9	0.2	4.20138888888889	12.3809966085681	330
NEW_GLASGOW	2011	6	8	159	9.5	18	19.389964102755	-999.9	0	2.67361111111111	14.6522089862544	330
NEW_GLASGOW	2011	6	9	160	14.5	23	19.4140515317546	-999.9	0	5.27777777777778	15.3121818569604	330
NEW_GLASGOW	2011	6	10	161	9	12	11.546739927861	-999.9	0	5.21990740740742	9.88082995269397	330
NEW_GLASGOW	2011	6	11	162	5	16.5	22.6304224455245	-999.9	0	3.72685185185186	8.61675979634327	330
NEW_GLASGOW	2011	6	12	163	5.5	22.5	27.5401433739069	-999.9	0	2.70833333333333	10.8989150923234	330
NEW_GLASGOW	2011	6	13	164	9.5	12.5	11.5785302118081	-999.9	9	3.63425925925925	10.9514054479703	330
NEW_GLASGOW	2011	6	14	165	9.5	12.5	11.5866432452649	-999.9	0	4.30555555555556	12.368310468668	330
NEW_GLASGOW	2011	6	15	166	9.5	13.5	13.3870347429982	-999.9	1.9	6.28472222222222	10.9685525511228	330
NEW_GLASGOW	2011	6	16	167	9.5	11.5	9.47065491351449	-999.9	0.2	5.50925925925925	10.6524029097143	330
NEW_GLASGOW	2011	6	17	168	5	20.5	26.3751390733295	-999.9	0	2.55787037037037	13.4462660209681	330
NEW_GLASGOW	2011	6	18	169	10.5	22	22.7245366406841	-999.9	17.7	5.57870370370369	17.0980579683251	330
NEW_GLASGOW	2011	6	19	170	10.5	20.5	21.1941824432407	-999.9	28.1	4.00462962962964	15.127165864188	330
NEW_GLASGOW	2011	6	20	171	10.5	12.5	9.47884868818675	-999.9	1.6	5.19675925925925	11.8549460956674	330
NEW_GLASGOW	2011	6	21	172	8	12	13.4044163055743	-999.9	0.8	4.51388888888889	10.8191109360368	330
NEW_GLASGOW	2011	6	22	173	8.5	14.5	16.4143718595757	-999.9	0.4	4.51388888888889	9.86315758784222	330
NEW_GLASGOW	2011	6	23	174	3.5	20.5	27.6221359812254	-999.9	23.5	2.40740740740741	10.8250882904068	330
NEW_GLASGOW	2011	6	24	175	6.5	15	19.5244967479517	-999.9	0	3.86574074074075	11.8071673852051	330
NEW_GLASGOW	2011	6	25	176	9.5	15	15.6979431651816	-999.9	0.4	5.42824074074075	11.6630581658298	330
NEW_GLASGOW	2011	6	26	177	11.5	19.5	18.9212949169189	-999.9	0.6	2.99768518518519	15.4589673587109	330
NEW_GLASGOW	2011	6	27	178	13	19	16.3749266990204	-999.9	3	2.92824074074075	15.5160378427301	330
NEW_GLASGOW	2011	6	28	179	10	25	25.8702519516088	-999.9	0.4	2.36111111111111	16.3710044094568	330
NEW_GLASGOW	2011	6	29	180	10.5	26	26.2739615988981	-999.9	0	3.69212962962964	16.6018183576905	330
NEW_GLASGOW	2011	6	30	181	14	25	22.1112913712361	-999.9	0	3.15972222222222	19.772787449023	330
NEW_GLASGOW	2011	7	1	182	13	19	16.3119088183959	-999.9	0	2.77777777777778	16.4536789234364	330
NEW_GLASGOW	2011	7	2	183	11.5	23.5	23.0401066897953	-999.9	0	1.50462962962963	16.4538056390053	330
NEW_GLASGOW	2011	7	3	184	15	25	21.0044751525273	-999.9	0	4.73379629629631	16.8402725386763	330
NEW_GLASGOW	2011	7	4	185	16	21.5	15.5547979336564	-999.9	1.2	5.30092592592592	18.6760897927535	330
NEW_GLASGOW	2011	7	5	186	18.5	26.5	18.7306302275553	-999.9	0	2.83564814814814	20.7609719767869	330
NEW_GLASGOW	2011	7	6	187	19	30	21.9271013388801	-999.9	0	3.32175925925925	17.9975149801614	330
NEW_GLASGOW	2011	7	7	188	16.5	25	19.2408778643873	-999.9	0.4	3.85416666666667	17.2422162470674	330
NEW_GLASGOW	2011	7	8	189	17	25	18.6313334476687	-999.9	0	1.46990740740741	15.5060416050351	330
NEW_GLASGOW	2011	7	9	190	11.5	19	18.0038760347927	-999.9	20.4	0.972222222222222	16.4685532338793	330
NEW_GLASGOW	2011	7	10	191	15	24.5	20.2202468884588	-999.9	0.2	3.53009259259258	15.696689657556	330
NEW_GLASGOW	2011	7	11	192	13.5	26.5	23.6014313360202	-999.9	8.4	4.27083333333333	17.7656415995655	330
NEW_GLASGOW	2011	7	12	193	16.5	23.5	17.2786717072465	-999.9	2.2	5.09259259259258	19.5223038444768	330
NEW_GLASGOW	2011	7	13	194	15	17	9.21347691196517	-999.9	0.2	4.49074074074075	14.939429514385	330
NEW_GLASGOW	2011	7	14	195	14	16.5	10.2749147538342	-999.9	0	6.29629629629631	11.7827760855391	330
NEW_GLASGOW	2011	7	15	196	13.5	16.5	11.2258918953039	-999.9	0.2	6.92129629629631	12.5465154025211	330
NEW_GLASGOW	2011	7	16	197	14	19.5	15.1581358855883	-999.9	0	4.29398148148147	12.7419003330536	330
NEW_GLASGOW	2011	7	17	198	11	28.5	26.961235581865	-999.9	0	4.00462962962964	16.0525898942822	330
NEW_GLASGOW	2011	7	18	199	17.5	26	18.7343446872178	-999.9	5.4	2.96296296296297	20.2548530275025	330
NEW_GLASGOW	2011	7	19	200	14	24	20.2576537209304	-999.9	0.6	0.497685185185186	18.6853690309674	330
NEW_GLASGOW	2011	7	20	201	14.5	25	20.6916712829915	-999.9	4.6	2.61574074074074	15.6763094979514	330
NEW_GLASGOW	2011	7	21	202	14.5	25	20.6233339806091	-999.9	11.2	3.27546296296297	19.7256645046736	330
NEW_GLASGOW	2011	7	22	203	15	21.5	16.1709515985521	-999.9	2.8	1.875	18.4388304381146	330
NEW_GLASGOW	2011	7	23	204	16.5	28	21.4335297088509	-999.9	2.2	2.43055555555556	21.9115477435337	330
NEW_GLASGOW	2011	7	24	205	15	20	14.0814277564825	-999.9	0	2.7662037037037	14.6849746299817	330
NEW_GLASGOW	2011	7	25	206	12	25	22.6204444898677	-999.9	0	1.09953703703704	14.9944380560602	330
NEW_GLASGOW	2011	7	26	207	14.5	21	15.9332576728522	-999.9	0.3	2.08333333333333	14.3666985347217	330
NEW_GLASGOW	2011	7	27	208	15.5	18	9.84207869156937	-999.9	11.6	2.69675925925926	18.893378195095	330
NEW_GLASGOW	2011	7	28	209	15.5	20	13.1505011155724	-999.9	0.6	2.83564814814814	15.9233816747595	330
NEW_GLASGOW	2011	7	29	210	10.5	24.5	23.0977336330746	-999.9	0	3.26388888888889	17.1023928886263	330
NEW_GLASGOW	2011	7	30	211	16	19.5	11.4989599218349	-999.9	12.8	3.59953703703703	17.8161187484321	330
NEW_GLASGOW	2011	7	31	212	16	20	12.2383647100704	-999.9	1	1.53935185185185	16.9488646501255	330
NEW_GLASGOW	2011	8	1	213	11.5	26	23.1950710684502	-999.9	0.2	1.27314814814815	18.0297689860689	330
NEW_GLASGOW	2011	8	2	214	15	21	14.8509718174907	-999.9	10	5.46296296296297	17.4385608042476	330
NEW_GLASGOW	2011	8	3	215	16	19	10.4509657314508	-999.9	1	4.42129629629631	17.452471010033	330
NEW_GLASGOW	2011	8	4	216	14.5	18	11.2329840127233	-999.9	0	4.07407407407408	15.9779407100513	330
NEW_GLASGOW	2011	8	5	217	14.5	19.5	13.3585703889658	-999.9	0	3.93518518518519	14.1522045498862	330
NEW_GLASGOW	2011	8	6	218	8	21	21.42934129066	-999.9	0	1.88657407407407	14.4988528825875	330
NEW_GLASGOW	2011	8	7	219	15.5	25	18.2225509521359	-999.9	11.9	2.66203703703704	19.8944143476188	330
NEW_GLASGOW	2011	8	8	220	17.5	19	7.20196558510375	-999.9	29.4	4.35185185185186	19.5687745152703	330
NEW_GLASGOW	2011	8	9	221	15	19	11.6960985621623	-999.9	0.4	3.29861111111111	17.0044005380228	330
NEW_GLASGOW	2011	8	10	222	14.5	19	12.3358821981828	-999.9	3.2	3.64583333333333	16.4594106647438	330
NEW_GLASGOW	2011	8	11	223	14.5	19.5	12.9285244964046	-999.9	0.2	2.77777777777778	16.7702480492151	330
NEW_GLASGOW	2011	8	12	224	15	23.5	16.7579251868272	-999.9	0	3.26388888888889	17.0055963731814	330
NEW_GLASGOW	2011	8	13	225	15	22	15.1165678086276	-999.9	0	2.40740740740741	17.9121343152391	330
NEW_GLASGOW	2011	8	14	226	14	27	20.4746063775428	-999.9	0.2	3.55324074074075	17.7517956774258	330
NEW_GLASGOW	2011	8	15	227	15	24.5	17.3936794235163	-999.9	7.2	2.58101851851852	18.7748479577219	330
NEW_GLASGOW	2011	8	16	228	16.5	19	8.86607196208742	-999.9	13.8	3.76157407407408	17.5220681502058	330
NEW_GLASGOW	2011	8	17	229	15	22	14.7396585461129	-999.9	0	2.93981481481481	17.0332831471888	330
NEW_GLASGOW	2011	8	18	230	15	25.5	17.9331065160469	-999.9	0	4.20138888888889	16.355599213205	330
NEW_GLASGOW	2011	8	19	231	17	26.5	16.9429969919266	-999.9	0	4.46759259259258	20.7166906088368	330
NEW_GLASGOW	2011	8	20	232	19.5	26	13.9186623421762	-999.9	0	4.16666666666667	21.8168470157741	330
NEW_GLASGOW	2011	8	21	233	18.5	27	15.8054649278656	-999.9	0	3.62268518518519	20.877886302643	330
NEW_GLASGOW	2011	8	22	234	18.5	24.5	13.1848380769186	-999.9	13.1	6.36574074074075	20.8182503458673	330
NEW_GLASGOW	2011	8	23	235	13.5	21.5	15.1143570717171	-999.9	1.8	2.99768518518519	14.7202370406322	330
NEW_GLASGOW	2011	8	24	236	10	23	19.1251917342279	-999.9	0	4.06565656565656	11.1178368911598	330
NEW_GLASGOW	2011	8	25	237	15	25	16.6481996389655	-999.9	6.4	5.38194444444445	17.3099315991506	330
NEW_GLASGOW	2011	8	26	238	19.5	25	12.2525162327721	-999.9	0.6	3.84259259259258	20.5343679134992	330
NEW_GLASGOW	2011	8	27	239	15	26.5	17.5797561718841	-999.9	0.8	3.04398148148147	18.2123018500978	330
NEW_GLASGOW	2011	8	28	240	17	26.5	15.8521746443865	-999.9	39.8	4.20138888888889	21.8767694540214	330
NEW_GLASGOW	2011	8	29	241	20.5	22	6.24854285552019	-999.9	0	8.27546296296297	16.0042999782609	330
NEW_GLASGOW	2011	8	30	242	11	23.5	17.8910983404503	-999.9	0	2.53472222222222	16.0017094819463	330
NEW_GLASGOW	2011	8	31	243	12	22	15.8698752903098	-999.9	0	3.26388888888889	15.210543324991	330
NEW_GLASGOW	2011	9	1	244	10	20	15.7364779694963	-999.9	0	1.72453703703704	14.0496143231773	330
NEW_GLASGOW	2011	9	2	245	9	21	17.0912791634788	-999.9	0	1.73611111111111	14.6670362409072	330
NEW_GLASGOW	2011	9	3	246	10	23	17.6349527961468	-999.9	0	3.91203703703703	16.3189134111438	330
NEW_GLASGOW	2011	9	4	247	16	23.5	13.2768215651209	-999.9	0	2.69675925925926	18.1071650637056	330
NEW_GLASGOW	2011	9	5	248	19	26	12.7120465221199	-999.9	2.4	6.04166666666667	20.7415699155418	330
NEW_GLASGOW	2011	9	6	249	13.5	20.5	12.5968073604283	-999.9	1.3	5.68287037037036	16.0726000933207	330
NEW_GLASGOW	2011	9	7	250	7	16.5	14.5398623103392	-999.9	0	2.39583333333333	11.4212832656928	330
NEW_GLASGOW	2011	9	8	251	13	19	11.4473017422933	-999.9	4	2.65046296296296	16.4276929921644	330
NEW_GLASGOW	2011	9	9	252	14.5	22	12.6773694072647	-999.9	0	3.15972222222222	14.9691290766359	330
NEW_GLASGOW	2011	9	10	253	9.5	16	11.6887540433075	-999.9	1.2	4.34027777777778	10.13571368746	330
NEW_GLASGOW	2011	9	11	254	3.5	18	17.2882343301939	-999.9	0.4	4.02777777777778	10.1563299205416	330
NEW_GLASGOW	2011	9	12	255	12	23.5	15.2444865245225	-999.9	0	5.09259259259258	14.9815739126234	330
NEW_GLASGOW	2011	9	13	256	10.5	23.5	16.0463049813389	-999.9	0	3.51851851851853	16.9115564418446	330
NEW_GLASGOW	2011	9	14	257	17.5	22.5	9.85077107193157	-999.9	0	4.69907407407408	19.7581736251724	330
NEW_GLASGOW	2011	9	15	258	17.5	25	11.9409874879087	-999.9	7.4	4.57175925925925	19.4335022497071	330
NEW_GLASGOW	2011	9	16	259	10	15	9.64854257331463	-999.9	1.8	5.41666666666667	10.5115446730261	330
NEW_GLASGOW	2011	9	17	260	8	16	12.0762403286033	-999.9	0	3.84259259259258	9.01740297382748	330
NEW_GLASGOW	2011	9	18	261	2	22	18.8910012293253	-999.9	0	1.93287037037037	9.47059009313767	330
NEW_GLASGOW	2011	9	19	262	3	15	14.4752908234798	-999.9	0	1.72453703703704	10.6624792937348	330
NEW_GLASGOW	2011	9	20	263	8.5	18.5	13.0700474593641	-999.9	0	2.7662037037037	12.5600645552236	330
NEW_GLASGOW	2011	9	21	264	14.5	21.5	10.8146091008113	-999.9	0	3.65740740740742	14.4332346976892	330
NEW_GLASGOW	2011	9	22	265	9.5	22	14.2904532684703	-999.9	0	3.37962962962964	15.0802035448402	330
NEW_GLASGOW	2011	9	23	266	16.5	23.5	10.5733886618195	-999.9	0.4	2.44212962962963	20.1796499695812	330
NEW_GLASGOW	2011	9	24	267	14.5	19	8.38090812934883	-999.9	0.4	1.6087962962963	17.608591517079	330
NEW_GLASGOW	2011	9	25	268	15.5	24.5	11.7157937029889	-999.9	0	3.71527777777778	18.9579032389511	330
NEW_GLASGOW	2011	9	26	269	14.5	21.5	10.2120205389233	-999.9	0	2.92824074074075	13.7025025423925	330
NEW_GLASGOW	2011	9	27	270	9	13.5	8.09148608615598	-999.9	0	3.95833333333333	8.68989945424401	330
NEW_GLASGOW	2011	9	28	271	0	15.5	14.8386742427104	-999.9	0	2.62731481481481	8.84116557926224	330
NEW_GLASGOW	2011	9	29	272	8	20	12.8995823378964	-999.9	7.4	5.01157407407408	13.4045846146361	330
NEW_GLASGOW	2011	9	30	273	15.5	22	9.37878983427144	-999.9	0	5.77546296296297	17.1596340154816	330
NEW_GLASGOW	2011	10	1	274	14	17	6.29369946551683	-999.9	33.2	3.68055555555556	15.2031470625926	330
NEW_GLASGOW	2011	10	2	275	12	15	6.21601816825294	-999.9	7	5.61342592592592	14.9082086251776	330
NEW_GLASGOW	2011	10	3	276	12.5	15	5.60376468444993	-999.9	3	3.53009259259258	13.9708551498453	330
NEW_GLASGOW	2011	10	4	277	11	15	6.99924312510427	-999.9	36	3.80787037037036	13.0614373178982	330
NEW_GLASGOW	2011	10	5	278	5.5	11	8.10340688228627	-999.9	40	11.3310185185185	9.72645958044162	330
NEW_GLASGOW	2011	10	6	279	2.5	6	6.38176316838112	-999.9	13.2	9.14351851851853	6.40525987721477	330
NEW_GLASGOW	2011	10	7	280	2	9	8.9090700232538	-999.9	0.2	3.76157407407408	5.50871853576728	330
NEW_GLASGOW	2011	10	8	281	-1	21	15.5893846563362	-999.9	0	4.86111111111111	10.6505416408365	330
NEW_GLASGOW	2011	10	9	282	14	25	10.8794557955762	-999.9	0	4.44444444444444	15.1819741108628	330
NEW_GLASGOW	2011	10	10	283	14.5	19.5	7.23851276340158	-999.9	0	5.13888888888889	9.83700474218433	330
NEW_GLASGOW	2011	10	11	284	9	10.5	3.91223807462647	-999.9	0	4.71064814814814	7.06481185100294	330
NEW_GLASGOW	2011	10	12	285	0	13.5	11.5804430432725	-999.9	0	1.48148148148148	8.69269494347219	330
NEW_GLASGOW	2011	10	13	286	2.5	15.5	11.2117545652739	-999.9	1	3.14814814814814	11.3235934448495	330
NEW_GLASGOW	2011	10	14	287	12.5	18.5	7.51428783884641	-999.9	11.6	4.60648148148147	16.3745491842402	330
NEW_GLASGOW	2011	10	15	288	16.5	20	5.66141501973178	-999.9	0.6	6.66666666666667	13.8862894089005	330
NEW_GLASGOW	2011	10	16	289	10.5	16	7.00037708608462	-999.9	3.6	6.11111111111111	11.0472904417737	330
NEW_GLASGOW	2011	10	17	290	7.5	16	8.58362995071216	-999.9	18.6	4.07407407407408	11.3135805867238	330
NEW_GLASGOW	2011	10	18	291	4	15	9.63060714406154	-999.9	1	2.53472222222222	11.3377544081553	330
NEW_GLASGOW	2011	10	19	292	5	15	9.05585867989974	-999.9	10	2.40740740740741	10.9556590312681	330
NEW_GLASGOW	2011	10	20	293	8	18.5	9.15114305787454	-999.9	33.5	4.24768518518519	14.8296864329668	330
NEW_GLASGOW	2011	10	21	294	11.5	17	6.53121792945543	-999.9	0	5.85648148148147	11.0537544841597	330
NEW_GLASGOW	2011	10	22	295	5	16	9.10803753167874	-999.9	0	2.36111111111111	10.7799043757152	330
NEW_GLASGOW	2011	10	23	296	9	12.5	5.06598799646417	-999.9	0	1.875	9.60233431969571	330
NEW_GLASGOW	2011	10	24	297	2.5	15	9.4400752384031	-999.9	0.2	2.2337962962963	9.89923149268856	330
NEW_GLASGOW	2011	10	25	298	7.5	12	5.58480988858419	-999.9	14.8	2.11805555555556	10.8267625820937	330
NEW_GLASGOW	2011	10	26	299	7.5	8.5	2.59584061353044	-999.9	3.6	5.90277777777778	7.71986224996721	330
NEW_GLASGOW	2011	10	27	300	1.5	7.5	6.2694098193658	-999.9	1.4	3.04398148148147	6.02484151746424	330
NEW_GLASGOW	2011	10	28	301	2.5	7	5.35340943859635	-999.9	1	3.76157407407408	5.70827075188952	330
NEW_GLASGOW	2011	10	29	302	0	7.5	6.81445765211817	-999.9	6.6	2.89351851851853	5.91305935902612	330
NEW_GLASGOW	2011	10	30	303	2	4	3.49146102975297	-999.9	37.8	9.57175925925925	6.51349348718156	330
NEW_GLASGOW	2011	10	31	304	1	5	4.83845305978679	-999.9	0	4.93055555555556	5.14085898504319	330
NEW_GLASGOW	2011	11	1	305	-3	10	8.60110835586787	-999.9	0	2.61574074074074	6.36813787428436	330
NEW_GLASGOW	2011	11	2	306	-2.5	9	7.97727853520264	-999.9	0	2.96783625730994	6.48257939665843	330
NEW_GLASGOW	2011	11	3	307	1.5	12	7.51699266079554	-999.9	5	4.62962962962964	7.71080971742751	330
NEW_GLASGOW	2011	11	4	308	4	7.5	4.28007570776114	-999.9	5.5	4.36342592592592	6.91123993379691	330
NEW_GLASGOW	2011	11	5	309	0	2.5	3.56766085600217	-999.9	0.6	6.28472222222222	4.70351664105194	330
NEW_GLASGOW	2011	11	6	310	-4.5	10	8.47472931308553	-999.9	0	5.05787037037036	4.79543632677768	330
NEW_GLASGOW	2011	11	7	311	-0.5	11.5	7.60496017663474	-999.9	0	3.20601851851853	6.29953280407866	330
NEW_GLASGOW	2011	11	8	312	5.5	14	6.31423360140517	-999.9	0	3.70370370370369	7.25135817706136	330
NEW_GLASGOW	2011	11	9	313	-2	12	7.99511457346036	-999.9	0	1.77083333333333	7.49215048519667	330
NEW_GLASGOW	2011	11	10	314	2.5	15	7.454425010594	-999.9	10.6	4.58333333333333	9.47625743059352	330
NEW_GLASGOW	2011	11	11	315	10.5	17.5	5.50503450978548	-999.9	36.4	8.58796296296297	11.2226412734485	330
NEW_GLASGOW	2011	11	12	316	2	5	3.55698033858842	-999.9	0	6.88657407407408	5.46075225128135	330
NEW_GLASGOW	2011	11	13	317	-1	11.5	7.16717782424395	-999.9	0	3.35648148148147	7.2241147557872	330
NEW_GLASGOW	2011	11	14	318	3.5	14.5	6.63787462109529	-999.9	1.4	6.29629629629631	10.9852474560712	330
NEW_GLASGOW	2011	11	15	319	9	13.5	4.19228131191744	-999.9	0.4	4.51388888888889	10.5512310248072	330
NEW_GLASGOW	2011	11	16	320	0.5	12	6.61883056569483	-999.9	10.6	3.94675925925925	7.92525937602692	330
NEW_GLASGOW	2011	11	17	321	7.5	11.5	3.85595626559817	-999.9	14.6	3.61111111111111	7.75811674998033	330
NEW_GLASGOW	2011	11	18	322	-0.5	2	3.01181535721211	-999.9	1.2	4.57175925925925	4.81173121055837	330
NEW_GLASGOW	2011	11	19	323	-4	8.5	6.65519819365584	-999.9	0	4.21296296296297	5.503412260316	330
NEW_GLASGOW	2011	11	20	324	-1	14	7.20602301703045	-999.9	1.6	5.60185185185186	8.56780918984587	330
NEW_GLASGOW	2011	11	21	325	-1.5	2	3.44135469388916	-999.9	0	4.43287037037036	3.77913241481205	330
NEW_GLASGOW	2011	11	22	326	-7	0	4.8127821814777	-999.9	0	2.55787037037037	3.20004521021692	330
NEW_GLASGOW	2011	11	23	327	-8.5	-0.5	5.08926809323233	-999.9	19.5	3.09027777777778	3.98648950159058	330
NEW_GLASGOW	2011	11	24	328	-2	0.5	2.81487985103847	-999.9	0	5.94907407407408	4.1387839754549	330
NEW_GLASGOW	2011	11	25	329	-5	5.5	5.70933306832323	-999.9	0	3.54166666666667	5.28446151038961	330
NEW_GLASGOW	2011	11	26	330	3	8.5	4.09071517380863	-999.9	0	4.20138888888889	6.52693864724831	330
NEW_GLASGOW	2011	11	27	331	0	7.5	4.73049833408726	-999.9	1.2	2.80092592592592	5.15239261470506	330
NEW_GLASGOW	2011	11	28	332	0	12	5.92735988055434	-999.9	2	7.06018518518519	8.6304563364278	330
NEW_GLASGOW	2011	11	29	333	-1.5	10.5	5.87349405317539	-999.9	0.2	3.78472222222222	6.01948760374641	330
NEW_GLASGOW	2011	11	30	334	6	17.5	5.69948471287558	-999.9	16	6.76328502415458	12.462326600303	330
NEW_GLASGOW	2011	12	1	335	4	8	3.33309400634558	-999.9	0	4.59490740740742	7.25304607637223	330
NEW_GLASGOW	2011	12	2	336	0	4	3.30623018861674	-999.9	0	2.10648148148148	4.9005092411244	330
NEW_GLASGOW	2011	12	3	337	-2.5	2	3.47979677821921	-999.9	0	2.60416666666667	4.89964047382744	330
NEW_GLASGOW	2011	12	4	338	-3.5	7	5.27655004809143	-999.9	0	4.39814814814814	5.59410768952767	330
NEW_GLASGOW	2011	12	5	339	4.5	12	4.42854623728318	-999.9	1	4.13194444444444	9.09835404083423	330
NEW_GLASGOW	2011	12	6	340	3	11	4.54382895183104	-999.9	12.2	4.12037037037036	9.63598793735022	330
NEW_GLASGOW	2011	12	7	341	3	10	4.22422929843411	-999.9	13	3.69212962962964	7.78317717047364	330
NEW_GLASGOW	2011	12	8	342	3	15	5.49906944008559	-999.9	13	7.29166666666667	8.06076056269352	330
NEW_GLASGOW	2011	12	9	343	-3.5	5	4.60352147259708	-999.9	3	3.76157407407408	4.31670179215322	330
NEW_GLASGOW	2011	12	10	344	1	4	2.72150195455885	-999.9	1.8	3.84259259259258	5.37611832154275	330
NEW_GLASGOW	2011	12	11	345	-7	-1	3.83159054668314	-999.9	0	4.375	2.65735155089461	330
NEW_GLASGOW	2011	12	12	346	-7	5	5.3968504511695	-999.9	0	3.77314814814814	4.46847435575235	330
NEW_GLASGOW	2011	12	13	347	-6	3	4.65704710085138	-999.9	0	2.25694444444444	5.1418233806093	330
NEW_GLASGOW	2011	12	14	348	-1	0	1.54747818318318	-999.9	0	4.73379629629631	4.06566985619401	330
NEW_GLASGOW	2011	12	15	349	-2.5	8.5	5.11862770963911	-999.9	23.2	5.55555555555556	5.63727645138731	330
NEW_GLASGOW	2011	12	16	350	0	9.5	4.74625284639714	-999.9	9.8	6.42361111111111	7.0070760168255	330
NEW_GLASGOW	2011	12	17	351	-6	-2	3.0743375702314	-999.9	2	3.72685185185186	3.1631077437688	330
NEW_GLASGOW	2011	12	18	352	-6	-3	2.65898835480993	-999.9	0	4.46759259259258	3.2451408844603	330
NEW_GLASGOW	2011	12	19	353	-6.5	-2	3.25386053702872	-999.9	0	3.78472222222222	3.32437370762933	330
NEW_GLASGOW	2011	12	20	354	-6.5	-2	3.25266242175926	-999.9	0	5.84490740740742	3.11605680257651	330
NEW_GLASGOW	2011	12	21	355	-11.5	6	6.41497965722274	-999.9	15.4	4.90740740740742	3.45726591933901	330
NEW_GLASGOW	2011	12	22	356	0.5	4	2.87049806918505	-999.9	0.6	3.78472222222222	6.69932858868054	330
NEW_GLASGOW	2011	12	23	357	-3	1	3.07187373626231	-999.9	22	2.91666666666667	4.82500365135649	330
NEW_GLASGOW	2011	12	24	358	-9.5	-7	2.43218191554611	-999.9	4	5.46296296296297	2.72644960851883	330
NEW_GLASGOW	2011	12	25	359	-12.5	-2	4.99430500849162	-999.9	5	3.26388888888889	2.6129925412036	330
NEW_GLASGOW	2011	12	26	360	-15	1	6.18009677739848	-999.9	1	4.66435185185186	4.69452303697235	330
NEW_GLASGOW	2011	12	27	361	-6.5	4	5.02092660031202	-999.9	4.8	4.86111111111111	4.38126678277953	330
NEW_GLASGOW	2011	12	28	362	1.5	8	3.96366723412913	-999.9	14	7.90509259259258	7.9914712890202	330
NEW_GLASGOW	2011	12	29	363	-8.5	-6.5	2.20699907664681	-999.9	0	9.65277777777778	3.33862393172816	330
NEW_GLASGOW	2011	12	30	364	-12.5	8	7.09584047069491	-999.9	0	5.13888888888889	2.2862600201671	330
NEW_GLASGOW	2011	12	31	365	-12.5	2.5	6.09821759065356	-999.9	20.2	3.66898148148147	4.5355034322751	330
