NEW_GLASGOW	2017	1	1	1	-16.5	-2	6.02642196304795	-999.9	0	5.21990740740742	4.62755101021388	330
NEW_GLASGOW	2017	1	2	2	-7	-1	3.89811199795226	-999.9	0	3.62268518518519	3.31313204656495	330
NEW_GLASGOW	2017	1	3	3	-17.5	-1	6.50287670085729	-999.9	0	2.36111111111111	3.19171323422874	330
NEW_GLASGOW	2017	1	4	4	-16	6	7.55680215061583	-999.9	11	8.27546296296297	6.13954163114461	330
NEW_GLASGOW	2017	1	5	5	-17	-1.5	6.38602223493232	-999.9	2	6.85185185185186	4.10698269992103	330
NEW_GLASGOW	2017	1	6	6	-5	-3.5	2.00087052380242	-999.9	2	2.1875	2.8359637588573	330
NEW_GLASGOW	2017	1	7	7	-12.5	-5	4.50795654250725	-999.9	30	2.41898148148148	2.06928681289557	330
NEW_GLASGOW	2017	1	8	8	-10	-3.5	4.23003860390573	-999.9	5	6.23842592592592	2.41798767297142	330
NEW_GLASGOW	2017	1	9	9	-18	-15	2.89764652765699	-999.9	0	3.92361111111111	1.0643911789232	330
NEW_GLASGOW	2017	1	10	10	-25	0	8.43735012983467	-999.9	0	4.39814814814814	2.05733998219996	330
NEW_GLASGOW	2017	1	11	11	-3	5	4.81595021481968	-999.9	5	8.64583333333333	5.61102117194513	330
NEW_GLASGOW	2017	1	12	12	2	8.5	4.38166946048763	-999.9	5.2	6.05324074074075	7.23906448074448	330
NEW_GLASGOW	2017	1	13	13	-2	6	4.90810851385103	-999.9	0	5.87962962962964	3.94792520984324	330
NEW_GLASGOW	2017	1	14	14	-15.5	-10	4.11028770701819	-999.9	0	4.84953703703703	1.29958624730568	330
NEW_GLASGOW	2017	1	15	15	-14.5	-7	4.84924180749102	-999.9	0	3.79629629629631	1.84168506622523	330
NEW_GLASGOW	2017	1	16	16	-15	-1	6.69553447334139	-999.9	1	4.53703703703703	2.44088630172429	330
NEW_GLASGOW	2017	1	17	17	-7.5	-4	3.38418427206603	-999.9	1	5.79861111111111	3.02507619195214	330
NEW_GLASGOW	2017	1	18	18	-10	-4	4.48033079202174	-999.9	0	2.26851851851852	2.68075871532279	330
NEW_GLASGOW	2017	1	19	19	-14	-1	6.67008416690088	-999.9	3	2.77777777777778	3.48678670018697	330
NEW_GLASGOW	2017	1	20	20	-3.5	-1	2.95910590551673	-999.9	0	2.98611111111111	4.68151161089644	330
NEW_GLASGOW	2017	1	21	21	-4.5	-1.5	3.28006657168904	-999.9	0	2.52314814814815	4.35010508649066	330
NEW_GLASGOW	2017	1	22	22	-6.5	-1.5	4.28582277754233	-999.9	0	4.74537037037036	4.62636001002838	330
NEW_GLASGOW	2017	1	23	23	-6.5	-1.5	4.33862430251312	-999.9	0	4.03935185185186	3.08304724309811	330
NEW_GLASGOW	2017	1	24	24	-12	3	7.60880072901942	-999.9	31	3.24074074074075	3.83302436608835	330
NEW_GLASGOW	2017	1	25	25	-2	3.5	4.66590881887465	-999.9	31	4.80324074074075	6.42075072747874	330
NEW_GLASGOW	2017	1	26	26	-1.5	1.5	3.49040453804017	-999.9	6	5.38194444444445	6.00689919681534	330
NEW_GLASGOW	2017	1	27	27	-3.5	-1	3.2278732414253	-999.9	0	7.04861111111111	4.41318377695657	330
NEW_GLASGOW	2017	1	28	28	-5.5	-1.5	4.13689152412234	-999.9	0	7.39583333333333	3.12382571311634	330
NEW_GLASGOW	2017	1	29	29	-4	3	5.54565029704849	-999.9	0	5.04629629629631	4.38159160234179	330
NEW_GLASGOW	2017	1	30	30	-5	0	4.75012263669656	-999.9	0	2.29166666666667	3.37510152507937	330
NEW_GLASGOW	2017	1	31	31	-9	-7.5	2.6371468309791	-999.9	0	2.63888888888889	2.43307290517366	330
NEW_GLASGOW	2017	2	1	32	-14.5	-1.5	7.87004594118884	-999.9	0	1.48148148148148	2.72284638020786	330
NEW_GLASGOW	2017	2	2	33	-6	-2.5	4.13999870926507	-999.9	1	2.30324074074074	3.24742161671138	330
NEW_GLASGOW	2017	2	3	34	-11.5	-8.5	3.8862148796235	-999.9	0	4.56018518518519	1.68502261270683	330
NEW_GLASGOW	2017	2	4	35	-19	-11	6.43496815381044	-999.9	0	3.39120370370369	1.28552704221743	330
NEW_GLASGOW	2017	2	5	36	-16	-1	8.93538779197621	-999.9	5	3.83101851851853	2.3474396129804	330
NEW_GLASGOW	2017	2	6	37	-9.5	-6	4.37718923371194	-999.9	0	5.625	2.38539889846157	330
NEW_GLASGOW	2017	2	7	38	-19	-8	7.86999469729672	-999.9	10	4.09722222222222	1.10149404056227	330
NEW_GLASGOW	2017	2	8	39	-19	5	11.7901683476666	-999.9	1	5.16203703703703	3.89583727526759	330
NEW_GLASGOW	2017	2	9	40	-9	-4	5.45822569368995	-999.9	18	6.09953703703703	3.16245381089068	330
NEW_GLASGOW	2017	2	10	41	-13.5	-10.5	4.28836217923746	-999.9	1	7.53472222222222	2.20418625392845	330
NEW_GLASGOW	2017	2	11	42	-19	-11	7.10311651374743	-999.9	0	2.68518518518519	1.32004243185932	330
NEW_GLASGOW	2017	2	12	43	-28	-5	12.2164884500139	-999.9	0	2.40740740740741	1.86158156593478	330
NEW_GLASGOW	2017	2	13	44	-15	-3	8.95063346579462	-999.9	35	8.91203703703703	3.52644015942504	330
NEW_GLASGOW	2017	2	14	45	-6.5	-3	4.90316888932369	-999.9	0	8.96990740740742	3.9242752698632	330
NEW_GLASGOW	2017	2	15	46	-5	-2	4.60446412037476	-999.9	2	3.24074074074075	3.89067405310584	330
NEW_GLASGOW	2017	2	16	47	-5	-1.5	5.0445349396094	-999.9	10	8.21759259259258	4.50801237156895	330
NEW_GLASGOW	2017	2	17	48	-5	-1	5.46985640536881	-999.9	0	6.09953703703703	4.1039575579795	330
NEW_GLASGOW	2017	2	18	49	-7	2	8.32172643271791	-999.9	0	4.22453703703703	3.20681159543822	330
NEW_GLASGOW	2017	2	19	50	-1	2.5	5.2632893714912	-999.9	0	3.51851851851853	4.8659523438087	330
NEW_GLASGOW	2017	2	20	51	-3.5	-1	4.51135011356305	-999.9	0	5.86805555555556	4.20087750806448	330
NEW_GLASGOW	2017	2	21	52	-3.5	3	7.37711114246076	-999.9	0	3.59953703703703	2.9697964174322	330
NEW_GLASGOW	2017	2	22	53	-15	4.5	12.9573904734765	-999.9	0	2.87037037037036	4.12850139146533	330
NEW_GLASGOW	2017	2	23	54	-5	7.5	10.5196444969548	-999.9	0	4.09722222222222	5.14009192516771	330
NEW_GLASGOW	2017	2	24	55	3	10.5	8.26219748769148	-999.9	4	3.68055555555556	7.08461141601883	330
NEW_GLASGOW	2017	2	25	56	-1.5	9	9.91173023214524	-999.9	17.4	3.95833333333333	7.11365157808388	330
NEW_GLASGOW	2017	2	26	57	3.5	9	7.27269001327879	-999.9	0	6.37731481481481	6.03269138915352	330
NEW_GLASGOW	2017	2	27	58	-6.5	4	10.1867213065497	-999.9	0	6.14583333333333	3.64458255847022	330
NEW_GLASGOW	2017	2	28	59	-5	1.5	8.12433506941445	-999.9	0	3.44202898550725	2.76454491823619	330
NEW_GLASGOW	2017	3	1	60	-4.5	8	11.4193434843947	-999.9	4	6.45833333333333	6.53224628719284	330
NEW_GLASGOW	2017	3	2	61	0	5	7.31961235486815	-999.9	10	3.125	5.76276713691459	330
NEW_GLASGOW	2017	3	3	62	-10.5	-5.5	7.4176346240449	-999.9	0	5.70601851851853	2.19358963177237	330
NEW_GLASGOW	2017	3	4	63	-15	-9.5	7.88311852906613	-999.9	2	5.13888888888889	1.53237941776268	330
NEW_GLASGOW	2017	3	5	64	-12	-5	9.01072052135025	-999.9	2	8.83101851851853	2.38685811256143	330
NEW_GLASGOW	2017	3	6	65	-6.5	-4	5.4554485636074	-999.9	0	6.28472222222222	3.26012756450626	330
NEW_GLASGOW	2017	3	7	66	-9	2	11.5920880576861	-999.9	0	2.62731481481481	3.2361118950277	330
NEW_GLASGOW	2017	3	8	67	-1.5	7.5	10.6205048017846	-999.9	7.2	6.79398148148147	7.07284130950557	330
NEW_GLASGOW	2017	3	9	68	1.5	5.5	7.17075777750905	-999.9	3.4	5.18518518518519	5.06676380924221	330
NEW_GLASGOW	2017	3	10	69	-9	-4.5	7.70200816135483	-999.9	0	5.47453703703703	1.84855326402554	330
NEW_GLASGOW	2017	3	11	70	-16.5	-11	8.62168648805923	-999.9	0	6.875	1.09388151270802	330
NEW_GLASGOW	2017	3	12	71	-19	-6	13.4197764379948	-999.9	0	5.85648148148147	1.33334400788935	330
NEW_GLASGOW	2017	3	13	72	-9	-2	9.96859657493049	-999.9	0	2.85879629629631	2.93489496380853	330
NEW_GLASGOW	2017	3	14	73	-10.5	2	13.4833946538619	-999.9	15.2	4.15509259259258	3.59403834738014	330
NEW_GLASGOW	2017	3	15	74	-4	5	11.5790199545917	-999.9	1	7.5	6.01022054959444	330
NEW_GLASGOW	2017	3	16	75	-2.5	0	6.17551536360287	-999.9	0	6.07638888888889	3.93417597943273	330
NEW_GLASGOW	2017	3	17	76	-5.5	0	9.26793282444478	-999.9	0	3.19444444444444	3.54539875054865	330
NEW_GLASGOW	2017	3	18	77	-5	1	9.79310796310952	-999.9	0	3.4375	3.7901905704077	330
NEW_GLASGOW	2017	3	19	78	-10	2	14.0095248204352	-999.9	0	2.5	3.40111753549614	330
NEW_GLASGOW	2017	3	20	79	-2	-0.5	5.00968279769442	-999.9	0	7.01388888888889	4.9730583606799	330
NEW_GLASGOW	2017	3	21	80	-4	0.5	8.77498009111275	-999.9	0	6.03009259259258	4.59298480285467	330
NEW_GLASGOW	2017	3	22	81	-7	5.5	14.7881279528007	-999.9	15	4.12037037037036	4.71817230813013	330
NEW_GLASGOW	2017	3	23	82	-11	-6	9.45592742834206	-999.9	3	8.85416666666667	2.59482790327999	330
NEW_GLASGOW	2017	3	24	83	-12.5	0.5	15.4132422051581	-999.9	0	4.73379629629631	2.54718385686782	330
NEW_GLASGOW	2017	3	25	84	-4	0.5	9.16587060083399	-999.9	0	4.08564814814814	4.04615608655554	330
NEW_GLASGOW	2017	3	26	85	-7.5	-2	10.2408404401796	-999.9	0	4.36342592592592	2.3032277949278	330
NEW_GLASGOW	2017	3	27	86	-11.5	0	14.9634371511077	-999.9	5	1.68981481481481	2.95208843176887	330
NEW_GLASGOW	2017	3	28	87	-6	1	11.79507840228	-999.9	2	3.42592592592592	4.32645422631677	330
NEW_GLASGOW	2017	3	29	88	-2	0	6.3690868339122	-999.9	0	4.15509259259258	4.81818902695912	330
NEW_GLASGOW	2017	3	30	89	-2.5	-0.5	6.43321942832977	-999.9	0	9.72222222222222	4.7130047533723	330
NEW_GLASGOW	2017	3	31	90	-2	5	12.1549811281452	-999.9	0	8.46064814814814	4.0959215552665	330
NEW_GLASGOW	2017	4	1	91	-4.5	1	10.879755174497	-999.9	0	4.29398148148147	4.34921917585296	330
NEW_GLASGOW	2017	4	2	92	-2	1	8.11281267241747	-999.9	0	3.76157407407408	5.14021645190451	330
NEW_GLASGOW	2017	4	3	93	-2.5	6	13.7858583740439	-999.9	0	5.78703703703703	4.81818902695912	330
NEW_GLASGOW	2017	4	4	94	-1.5	2	8.92919615067691	-999.9	0	3.58796296296297	4.56705038976336	330
NEW_GLASGOW	2017	4	5	95	-2	5	12.7444710371337	-999.9	0	4.61805555555556	4.9675273022679	330
NEW_GLASGOW	2017	4	6	96	-1	9	15.3711985161561	-999.9	17.6	5.24305555555556	6.41644125678657	330
NEW_GLASGOW	2017	4	7	97	2	16.5	18.6752831292198	-999.9	1	6.95601851851853	10.7252979592129	330
NEW_GLASGOW	2017	4	8	98	3.5	9	11.6032750645609	-999.9	1	5.13888888888889	7.54763862306395	330
NEW_GLASGOW	2017	4	9	99	1.5	7.5	12.2245135105639	-999.9	0	2.7662037037037	6.46231046267074	330
NEW_GLASGOW	2017	4	10	100	-2.5	14	20.4453906896992	-999.9	0	5.21990740740742	6.56596051166705	330
NEW_GLASGOW	2017	4	11	101	7.5	18	16.446990938118	-999.9	0	4.86111111111111	8.25362978191302	330
NEW_GLASGOW	2017	4	12	102	1	6	11.4434289435038	-999.9	0	2.98611111111111	8.56906766808552	330
NEW_GLASGOW	2017	4	13	103	1	9.5	15.0418468862939	-999.9	1.2	4.18981481481481	7.26221872228797	330
NEW_GLASGOW	2017	4	14	104	0	5	11.6288974536974	-999.9	0	2.95138888888889	6.11481426136443	330
NEW_GLASGOW	2017	4	15	105	-4	15	22.8472355988736	-999.9	0	3.79629629629631	4.86798124512087	330
NEW_GLASGOW	2017	4	16	106	4	10	12.9383075857044	-999.9	5.8	4.81481481481481	7.18010514886907	330
NEW_GLASGOW	2017	4	17	107	0	1	5.32216938268346	-999.9	12.6	5.71759259259258	5.56219599317997	330
NEW_GLASGOW	2017	4	18	108	-1	2	9.28705950780674	-999.9	0	6.06481481481481	3.57833167337826	330
NEW_GLASGOW	2017	4	19	109	-7	2	16.2035450216892	-999.9	0	2.61574074074074	3.81161000647317	330
NEW_GLASGOW	2017	4	20	110	-2.5	4	13.8694469968845	-999.9	0	3.20601851851853	4.90173971071934	330
NEW_GLASGOW	2017	4	21	111	0	4.5	11.6215787975055	-999.9	0	3.73842592592592	5.2646279001837	330
NEW_GLASGOW	2017	4	22	112	-3.5	5.5	16.5492950260736	-999.9	2.4	2.03703703703704	5.44650804618188	330
NEW_GLASGOW	2017	4	23	113	0	6.5	14.1598122480642	-999.9	1	2.82407407407408	6.29709650293506	330
NEW_GLASGOW	2017	4	24	114	1	8	14.7923052695742	-999.9	0	3.96990740740742	5.40445483243937	330
NEW_GLASGOW	2017	4	25	115	1	6.5	13.1976897007794	-999.9	0	2.46527777777778	3.84719581297114	330
NEW_GLASGOW	2017	4	26	116	2	15.5	20.8092841205454	-999.9	3.2	6.45833333333333	8.57815854373085	330
NEW_GLASGOW	2017	4	27	117	12	20.5	16.6156610761643	-999.9	1	6.28472222222222	15.4798005074707	330
NEW_GLASGOW	2017	4	28	118	13.5	21	15.7036707754883	-999.9	6.8	4.32870370370369	15.7627896213112	330
NEW_GLASGOW	2017	4	29	119	12	20	16.3163374120181	-999.9	0	4.34027777777778	10.6061096837147	330
NEW_GLASGOW	2017	4	30	120	3	8.5	13.6085287521719	-999.9	0	6.18055555555556	4.7787721494059	330
NEW_GLASGOW	2017	5	1	121	3	10	15.4410303287287	-999.9	7.4	3.62268518518519	5.96778211536949	330
NEW_GLASGOW	2017	5	2	122	3	14.5	19.9030277462072	-999.9	4.8	5.97222222222222	10.1875178371649	330
NEW_GLASGOW	2017	5	3	123	6	15.5	18.1895023533004	-999.9	10	5.09259259259258	10.5778927433327	330
NEW_GLASGOW	2017	5	4	124	1	10	17.7998005870136	-999.9	14.4	4.74537037037036	7.03912163943115	330
NEW_GLASGOW	2017	5	5	125	2	18	23.8580578721229	-999.9	0	5.08101851851853	6.93527124861198	330
NEW_GLASGOW	2017	5	6	126	4	14	18.9584541054871	-999.9	9.6	7.78935185185186	11.3405883954167	330
NEW_GLASGOW	2017	5	7	127	11.5	18	15.3615238078756	-999.9	13.6	8.32175925925925	16.4220082442219	330
NEW_GLASGOW	2017	5	8	128	13	19	14.8311585132367	-999.9	2.4	6.60879629629631	10.5923397221556	330
NEW_GLASGOW	2017	5	9	129	5	12	16.0959899783272	-999.9	31	3.86574074074075	9.12479115630958	330
NEW_GLASGOW	2017	5	10	130	3.5	5.5	8.6437169393582	-999.9	5.2	4.44444444444444	8.26345914530626	330
NEW_GLASGOW	2017	5	11	131	3	6	10.6343494127141	-999.9	3	4.88425925925925	8.04004029278377	330
NEW_GLASGOW	2017	5	12	132	2	9.5	16.888607049578	-999.9	0	4.07407407407408	7.85345440647736	330
NEW_GLASGOW	2017	5	13	133	0	14	23.1733329363148	-999.9	0	2.91666666666667	8.34295097075759	330
NEW_GLASGOW	2017	5	14	134	6	17	20.626746509374	-999.9	6.2	4.54861111111111	8.63216716695688	330
NEW_GLASGOW	2017	5	15	135	3.5	12.5	18.7333049737855	-999.9	13.2	5.68287037037036	9.46766170722445	330
NEW_GLASGOW	2017	5	16	136	3	13	19.8244428798517	-999.9	13	4.00462962962964	9.33511876568034	330
NEW_GLASGOW	2017	5	17	137	5.5	17.5	21.7996119516373	-999.9	1	4.16666666666667	8.29999076132015	330
NEW_GLASGOW	2017	5	18	138	10	23	22.7738517054882	-999.9	1	3.03240740740742	13.6876558151112	330
NEW_GLASGOW	2017	5	19	139	7.5	27	27.9922962770025	-999.9	0.2	5.37037037037036	14.3053313929309	330
NEW_GLASGOW	2017	5	20	140	6.5	10	11.9004009368927	-999.9	0	6.66666666666667	6.26738639332453	330
NEW_GLASGOW	2017	5	21	141	4	13	19.1472020448322	-999.9	0	7.17592592592592	5.60501073188841	330
NEW_GLASGOW	2017	5	22	142	4.5	17	22.6384091050633	-999.9	0	2.12962962962963	6.073157503456	330
NEW_GLASGOW	2017	5	23	143	6.5	16	19.7974866531104	-999.9	1.6	4.36342592592592	9.28913317387196	330
NEW_GLASGOW	2017	5	24	144	4	17	23.2288655609069	-999.9	0	2.62731481481481	11.1491035676439	330
NEW_GLASGOW	2017	5	25	145	4	10	15.8267194270211	-999.9	0	3.26388888888889	8.8063356977193	330
NEW_GLASGOW	2017	5	26	146	7	9	9.16305483774867	-999.9	26.8	5.28935185185186	8.95785756724692	330
NEW_GLASGOW	2017	5	27	147	4.5	8.5	12.9932116531588	-999.9	0.6	4.88425925925925	9.01018684977595	330
NEW_GLASGOW	2017	5	28	148	4.5	12.5	18.422311335984	-999.9	0	1.97916666666667	9.01276709261454	330
NEW_GLASGOW	2017	5	29	149	4.5	9.5	14.5998455583079	-999.9	0	3.37962962962964	7.64588440616834	330
NEW_GLASGOW	2017	5	30	150	1	12.5	22.19361198255	-999.9	0	1.72453703703704	7.77884752633793	330
NEW_GLASGOW	2017	5	31	151	6.5	16.5	20.7418118448029	-999.9	3.2	5.24305555555556	9.92750446305974	330
NEW_GLASGOW	2017	6	1	152	9	20	21.8003065012951	-999.9	3.4	3.34490740740742	14.3595934677187	330
NEW_GLASGOW	2017	6	2	153	6	20	24.6434730111554	-999.9	1.4	2.32638888888889	12.9985596697163	330
NEW_GLASGOW	2017	6	3	154	6	16.5	21.382396310197	-999.9	4.4	2.16435185185185	12.0596875753102	330
NEW_GLASGOW	2017	6	4	155	7	12	14.781648244812	-999.9	0	5.09259259259258	9.7893118440333	330
NEW_GLASGOW	2017	6	5	156	5.5	10	14.0466469910888	-999.9	0	5.08101851851853	8.12448743601609	330
NEW_GLASGOW	2017	6	6	157	1.5	12	21.490282658511	-999.9	0	4.47916666666667	9.63207151023529	330
NEW_GLASGOW	2017	6	7	158	3	19	26.566916426219	-999.9	0	2.11805555555556	9.65808708842856	330
NEW_GLASGOW	2017	6	8	159	7.5	27.5	29.7428472036408	-999.9	0	5.04629629629631	11.3552754696699	330
NEW_GLASGOW	2017	6	9	160	10	15	14.8898978165344	-999.9	36.6	7.41898148148147	10.1998543036218	330
NEW_GLASGOW	2017	6	10	161	8	20	23.0934798557219	-999.9	0	4.67592592592592	11.1431588068621	330
NEW_GLASGOW	2017	6	11	162	10.5	27	27.1072657210729	-999.9	0	6.86342592592592	14.2739573687112	330
NEW_GLASGOW	2017	6	12	163	10.5	20	20.5874965224123	-999.9	0	2.1412037037037	12.5284356399839	330
NEW_GLASGOW	2017	6	13	164	12	27.5	26.3183498021131	-999.9	3.6	3.55324074074075	14.8523911392491	330
NEW_GLASGOW	2017	6	14	165	7	14.5	18.3200915454211	-999.9	0.4	4.96527777777778	8.56193135278442	330
NEW_GLASGOW	2017	6	15	166	3	17	25.0448487165693	-999.9	0	1.67824074074074	8.85343037080255	330
NEW_GLASGOW	2017	6	16	167	2.5	19	27.2023852272136	-999.9	1.4	1.5625	10.3206148643748	330
NEW_GLASGOW	2017	6	17	168	8.5	19	21.7081872349722	-999.9	2.6	5.71759259259258	13.5618257084635	330
NEW_GLASGOW	2017	6	18	169	15	25	21.1907396824711	-999.9	0	5.16203703703703	19.0502426297222	330
NEW_GLASGOW	2017	6	19	170	19	25	16.4169431278306	-999.9	0	6.60879629629631	22.7145586995328	330
NEW_GLASGOW	2017	6	20	171	20	21.5	8.20892376259853	-999.9	4.8	6.58564814814814	21.0211894286806	330
NEW_GLASGOW	2017	6	21	172	13	27	25.0773666425726	-999.9	0	5.17361111111111	16.4417256338661	330
NEW_GLASGOW	2017	6	22	173	13	24	22.2251645625281	-999.9	0	3.64583333333333	14.4884253998606	330
NEW_GLASGOW	2017	6	23	174	15	25	21.1852112147811	-999.9	8.8	3.88888888888889	14.650723732528	330
NEW_GLASGOW	2017	6	24	175	15.5	20	14.2061580668529	-999.9	18	5.81018518518519	18.7851851789753	330
NEW_GLASGOW	2017	6	25	176	14	24.5	21.689825457118	-999.9	0	3.62268518518519	15.4683907443395	330
NEW_GLASGOW	2017	6	26	177	13.5	24	21.677066550841	-999.9	0	3.48379629629631	14.9673148431567	330
NEW_GLASGOW	2017	6	27	178	8.5	25	27.1547439151118	-999.9	0	2.29166666666667	13.4177732491627	330
NEW_GLASGOW	2017	6	28	179	10.5	23	23.6162009370636	-999.9	0	3.62268518518519	14.6126843527269	330
NEW_GLASGOW	2017	6	29	180	12	23.5	22.6312546772824	-999.9	0	3.59953703703703	13.784378217053	330
NEW_GLASGOW	2017	6	30	181	13	19	16.3302709341834	-999.9	0	3.18287037037036	15.4003547434549	330
NEW_GLASGOW	2017	7	1	182	9	19	21.0585837328338	-999.9	5.8	2.77777777777778	16.9758897048934	330
NEW_GLASGOW	2017	7	2	183	15	25	21.032643602211	-999.9	1	5.35879629629631	20.114256256565	330
NEW_GLASGOW	2017	7	3	184	15	25	21.0044751525273	-999.9	0	4.54861111111111	18.1487163347251	330
NEW_GLASGOW	2017	7	4	185	15	25	20.9740852550293	-999.9	0	3.35648148148147	12.0722950579334	330
NEW_GLASGOW	2017	7	5	186	7	24.5	27.7029757034886	-999.9	0	2.30324074074074	11.6407884028816	330
NEW_GLASGOW	2017	7	6	187	17	25.5	19.2749981053339	-999.9	0	5.20833333333333	13.2134528881784	330
NEW_GLASGOW	2017	7	7	188	15.5	26	21.385040126821	-999.9	0.4	6.45833333333333	17.3781453065782	330
NEW_GLASGOW	2017	7	8	189	16	24.5	19.2047389377103	-999.9	0	1.85185185185185	18.9072096567452	330
NEW_GLASGOW	2017	7	9	190	15	26.5	22.2938103552716	-999.9	0.6	4.65277777777778	19.1366331606284	330
NEW_GLASGOW	2017	7	10	191	15	25	20.7455355813759	-999.9	0	4.09722222222222	15.3549899070593	330
NEW_GLASGOW	2017	7	11	192	15	24.5	20.1756933548464	-999.9	0	5.28935185185186	17.4347332577808	330
NEW_GLASGOW	2017	7	12	193	17	23	15.9969415639401	-999.9	0	2.71990740740741	14.2259566618865	330
NEW_GLASGOW	2017	7	13	194	11	23	22.5683171912283	-999.9	0	0.729166666666667	12.2858141117033	330
NEW_GLASGOW	2017	7	14	195	9	23	24.3148861792923	-999.9	0	2.04861111111111	13.9599707411878	330
NEW_GLASGOW	2017	7	15	196	13	25.5	22.9147558759498	-999.9	0	2.74305555555556	12.9404608768747	330
NEW_GLASGOW	2017	7	16	197	13	27	24.1840186500524	-999.9	28	2.89351851851853	17.3933697150577	330
NEW_GLASGOW	2017	7	17	198	13.5	25.5	22.3260241348328	-999.9	0	1.59722222222222	20.1643793024452	330
NEW_GLASGOW	2017	7	18	199	16.5	25	18.7343446872178	-999.9	0	3.55324074074075	20.1026817634199	330
NEW_GLASGOW	2017	7	19	200	16	27.5	21.7239134232001	-999.9	0	3.73842592592592	21.0678136434644	330
NEW_GLASGOW	2017	7	20	201	17.5	26	18.617029362819	-999.9	1	2.68518518518519	21.3737777420209	330
NEW_GLASGOW	2017	7	21	202	17	27.5	20.6233339806091	-999.9	26.4	2.52314814814815	20.3747276020464	330
NEW_GLASGOW	2017	7	22	203	14	22.5	18.4921906287412	-999.9	0	3.66898148148147	12.4835133748232	330
NEW_GLASGOW	2017	7	23	204	8	20	21.8945185702452	-999.9	0	3.02083333333333	10.1638976621277	330
NEW_GLASGOW	2017	7	24	205	7	20.5	23.1381468723146	-999.9	2	2.73148148148148	11.8899050960029	330
NEW_GLASGOW	2017	7	25	206	13	19.5	15.9950696922394	-999.9	0	2.89351851851853	13.8764531024351	330
NEW_GLASGOW	2017	7	26	207	7.5	24	25.3857426707525	-999.9	0	1.78240740740741	13.4933931521575	330
NEW_GLASGOW	2017	7	27	208	10	20	19.6841573831387	-999.9	0	4.64120370370369	14.0051907335686	330
NEW_GLASGOW	2017	7	28	209	7	20	22.3515539339424	-999.9	7	4.36342592592592	16.266836926318	330
NEW_GLASGOW	2017	7	29	210	13	22	18.5193869284137	-999.9	0	2.04861111111111	14.5262633465463	330
NEW_GLASGOW	2017	7	30	211	10	22	21.2919364442275	-999.9	0	2.68518518518519	14.0153584592904	330
NEW_GLASGOW	2017	7	31	212	14.7	27.2	27.7852067321721	-999.9	0.3	3.09027777777778	14.2987229788211	330
NEW_GLASGOW	2017	8	1	213	13	24	20.2026364625921	-999.9	0	3.51851851851853	15.1001188745694	330
NEW_GLASGOW	2017	8	2	214	8	26	25.7226377296675	-999.9	0	2.29166666666667	14.6348763494861	330
NEW_GLASGOW	2017	8	3	215	14	27	21.7554200247468	-999.9	0	4.23611111111111	18.1808603442567	330
NEW_GLASGOW	2017	8	4	216	16	27.5	20.3615126651528	-999.9	0	3.87731481481481	18.5767393943022	330
NEW_GLASGOW	2017	8	5	217	17	28.5	20.2592750740246	-999.9	0	5.17361111111111	20.2178152841956	330
NEW_GLASGOW	2017	8	6	218	16	22.5	15.1528325429866	-999.9	39.6	4.94212962962964	18.3884656529172	330
NEW_GLASGOW	2017	8	7	219	13	23	18.6959427966601	-999.9	0	4.28240740740742	13.759436640062	330
NEW_GLASGOW	2017	8	8	220	10	18	16.6322270770163	-999.9	4.6	2.25694444444444	14.3666359363149	330
NEW_GLASGOW	2017	8	9	221	10	22.5	20.6759765168279	-999.9	0	3.58796296296297	13.5865126987433	330
NEW_GLASGOW	2017	8	10	222	13	25	20.1444112750869	-999.9	0	3.31018518518519	17.3047114704358	330
NEW_GLASGOW	2017	8	11	223	13	25	20.0287840262438	-999.9	0	2.36111111111111	14.4317110244317	330
NEW_GLASGOW	2017	8	12	224	13	20.5	15.7413297302682	-999.9	21.6	2.73148148148148	18.2629471160372	330
NEW_GLASGOW	2017	8	13	225	15	23.5	16.657646419498	-999.9	1.2	4.49074074074075	19.5937202604952	330
NEW_GLASGOW	2017	8	14	226	15	24	17.035902262886	-999.9	0	3.93518518518519	15.7201275792258	330
NEW_GLASGOW	2017	8	15	227	15	25	17.8455385516368	-999.9	8	1.96759259259259	16.7409150843703	330
NEW_GLASGOW	2017	8	16	228	16.5	19.5	9.71229522019873	-999.9	0.6	2.7662037037037	16.2217215061733	330
NEW_GLASGOW	2017	8	17	229	7.5	21	20.4694082186634	-999.9	0	3.90046296296297	11.5155147287841	330
NEW_GLASGOW	2017	8	18	230	9	19.5	17.9331065160469	-999.9	0	2.47685185185185	13.1624351789948	330
NEW_GLASGOW	2017	8	19	231	13	20	14.5437851783359	-999.9	7.4	5.17361111111111	17.1573673864511	330
NEW_GLASGOW	2017	8	20	232	15	25	17.2639758944864	-999.9	0.6	4.67592592592592	20.4689692024498	330
NEW_GLASGOW	2017	8	21	233	15	26	17.9801849674641	-999.9	0	3.81944444444444	18.2816776403534	330
NEW_GLASGOW	2017	8	22	234	17	26	16.1480628148346	-999.9	0	2.5	19.5029389989496	330
NEW_GLASGOW	2017	8	23	235	17	25.5	15.5795226674977	-999.9	0	6.00694444444445	20.2984944149358	330
NEW_GLASGOW	2017	8	24	236	14.5	24.5	16.7739027812891	-999.9	0	2.96296296296297	15.6141958288893	330
NEW_GLASGOW	2017	8	25	237	10	23	18.9818681004928	-999.9	0.6	1.95601851851852	14.596458280708	330
NEW_GLASGOW	2017	8	26	238	11	19	14.777090575216	-999.9	2	2.41898148148148	13.7152999845745	330
NEW_GLASGOW	2017	8	27	239	10	18	14.6625302297866	-999.9	0.6	1.33101851851852	13.0952560869726	330
NEW_GLASGOW	2017	8	28	240	5	20.5	20.2485017894633	-999.9	0	1.36574074074074	12.4770345687057	330
NEW_GLASGOW	2017	8	29	241	7	24	21.0357298089644	-999.9	0	1.97916666666667	13.084731901321	330
NEW_GLASGOW	2017	8	30	242	9	22	18.2454119115127	-999.9	0	1.6087962962963	13.5295162387094	330
NEW_GLASGOW	2017	8	31	243	10	21.5	17.0185452665462	-999.9	0	1.8287037037037	14.5225085796683	330
NEW_GLASGOW	2017	9	1	244	7	14.5	13.628189687678	-999.9	4.6	2.90509259259258	10.4753168512923	330
NEW_GLASGOW	2017	9	2	245	7	15	13.9549710006618	-999.9	1.6	3.39120370370369	10.7513008210923	330
NEW_GLASGOW	2017	9	3	246	7	19.5	17.2924939286231	-999.9	7	3.41435185185186	10.927464594721	330
NEW_GLASGOW	2017	9	4	247	14	18.5	10.2841817624561	-999.9	14.2	6.03009259259258	15.4937794110628	330
NEW_GLASGOW	2017	9	5	248	13	23.5	15.5690137828577	-999.9	0	5.86805555555556	17.0837914964102	330
NEW_GLASGOW	2017	9	6	249	13	26.5	17.493566170871	-999.9	12	6.37731481481481	20.844831795323	330
NEW_GLASGOW	2017	9	7	250	20	25	10.5483247860208	-999.9	9	6.08796296296297	20.2565070080259	330
NEW_GLASGOW	2017	9	8	251	14	23	14.0200241001457	-999.9	0	4.02777777777778	14.2604756316668	330
NEW_GLASGOW	2017	9	9	252	8	21	16.6905323907388	-999.9	0	1.79398148148148	14.6038563229107	330
NEW_GLASGOW	2017	9	10	253	13	17	9.16941307021716	-999.9	0	3.99305555555556	12.3867504960028	330
NEW_GLASGOW	2017	9	11	254	5.5	25	20.0485951042514	-999.9	0	6.11111111111111	12.5681923229536	330
NEW_GLASGOW	2017	9	12	255	12	17.5	10.5425392192564	-999.9	0	4.23611111111111	11.4024390411652	330
NEW_GLASGOW	2017	9	13	256	6.5	25	19.1420845576354	-999.9	0	2.29166666666667	13.72538552565	330
NEW_GLASGOW	2017	9	14	257	15	25	13.9310940497582	-999.9	0	2.92824074074075	16.3520983862988	330
NEW_GLASGOW	2017	9	15	258	10	17	11.5360898939213	-999.9	0	1.875	12.5520864356594	330
NEW_GLASGOW	2017	9	16	259	9	24	16.7117659559723	-999.9	0	3.88888888888889	18.5782253050347	330
NEW_GLASGOW	2017	9	17	260	10	17	11.296288457494	-999.9	0	0.532407407407408	13.4970237893257	330
NEW_GLASGOW	2017	9	18	261	13	19	10.3470275071593	-999.9	0.6	1.43518518518519	16.7255397278436	330
NEW_GLASGOW	2017	9	19	262	15	20	9.34376004847439	-999.9	2.6	2.5462962962963	18.6501867555929	330
NEW_GLASGOW	2017	9	20	263	17	24	10.9351862541532	-999.9	0	2.88194444444444	19.5454951341488	330
NEW_GLASGOW	2017	9	21	264	8	18.5	13.2451370323234	-999.9	0	3.92361111111111	11.2278110812576	330
NEW_GLASGOW	2017	9	22	265	2.5	19.5	16.665389112797	-999.9	0	1.22685185185185	11.4148774367627	330
NEW_GLASGOW	2017	9	23	266	7	25.5	17.1890169842216	-999.9	0	3.19444444444444	15.4678894821211	330
NEW_GLASGOW	2017	9	24	267	7	21	14.7825324474244	-999.9	0.4	1.6087962962963	13.6509971033913	330
NEW_GLASGOW	2017	9	25	268	9	25	15.6210582706519	-999.9	0	2.06018518518519	14.6232976142446	330
NEW_GLASGOW	2017	9	26	269	16.5	29	13.6463864583391	-999.9	7.8	5.40509259259258	19.2336733207996	330
NEW_GLASGOW	2017	9	27	270	10.5	20	11.7566567175398	-999.9	8.2	4.00462962962964	15.6501446263995	330
NEW_GLASGOW	2017	9	28	271	12	19	9.9719081972695	-999.9	0	3.63888888888889	16.0808493471389	330
NEW_GLASGOW	2017	9	29	272	8.5	11.5	6.44979116894822	-999.9	4.8	4.83796296296297	9.22884766901348	330
NEW_GLASGOW	2017	9	30	273	6	11.5	8.62723186868974	-999.9	0.6	3.49537037037036	6.98176899139893	330
NEW_GLASGOW	2017	10	1	274	-1	17	15.4163522849435	-999.9	0	4.10879629629631	8.13491427901498	330
NEW_GLASGOW	2017	10	2	275	8	11.5	6.71406698750658	-999.9	0.4	6.37731481481481	8.3777777567584	330
NEW_GLASGOW	2017	10	3	276	5	13	10.0243190114742	-999.9	0	2.95138888888889	8.09097556143189	330
NEW_GLASGOW	2017	10	4	277	7	20	12.6180649885011	-999.9	0	5.76388888888889	12.7068862646392	330
NEW_GLASGOW	2017	10	5	278	7	17	10.9266316110422	-999.9	0	3.58796296296297	12.6075790429869	330
NEW_GLASGOW	2017	10	6	279	7	17	10.7871485888541	-999.9	0	2.17592592592593	10.4899327029011	330
NEW_GLASGOW	2017	10	7	280	2	18	13.4692478253657	-999.9	0	2.46527777777778	9.99988682244184	330
NEW_GLASGOW	2017	10	8	281	10	24	12.4360268346097	-999.9	3	6.66666666666667	17.750972627748	330
NEW_GLASGOW	2017	10	9	282	14	21.5	8.98341496141753	-999.9	27.2	1.71296296296296	17.4157633722565	330
NEW_GLASGOW	2017	10	10	283	15	21	7.9293934466082	-999.9	1	2.87037037037036	17.9446337254829	330
NEW_GLASGOW	2017	10	11	284	9	13	6.38865802341557	-999.9	0	4.07407407407408	8.7856361620699	330
NEW_GLASGOW	2017	10	12	285	6.5	11	6.68597190836852	-999.9	0	3.71527777777778	5.691604888329	330
NEW_GLASGOW	2017	10	13	286	-3	12	12.0433563124082	-999.9	0	2.04861111111111	6.62175364712721	330
NEW_GLASGOW	2017	10	14	287	2	17	11.8811322824295	-999.9	0	5.49768518518519	11.581370787596	330
NEW_GLASGOW	2017	10	15	288	7	20	10.9109520382488	-999.9	0.4	3.94675925925925	14.1694468156204	330
NEW_GLASGOW	2017	10	16	289	10	18.5	8.7026106266267	-999.9	3	5.65972222222222	11.0417152901635	330
NEW_GLASGOW	2017	10	17	290	4	9	6.58334364941791	-999.9	0	2.59259259259259	6.04382543763155	330
NEW_GLASGOW	2017	10	18	291	-2	17	12.6570974889827	-999.9	1.8	3.94675925925925	7.84442380921363	330
NEW_GLASGOW	2017	10	19	292	-2	19	13.1231859890677	-999.9	0	5.56712962962964	8.11212818432679	330
NEW_GLASGOW	2017	10	20	293	9	16	7.47187701833506	-999.9	0	4.97685185185186	8.60323772893083	330
NEW_GLASGOW	2017	10	21	294	5	10	6.22727195794581	-999.9	0	4.13194444444444	6.15476093218369	330
NEW_GLASGOW	2017	10	22	295	-3	7	8.68417304790045	-999.9	0	3.125	5.22209778693	330
NEW_GLASGOW	2017	10	23	296	-3	17.5	12.2604684692195	-999.9	0	3.21759259259258	8.56357679909878	330
NEW_GLASGOW	2017	10	24	297	10	23	9.62702557008029	-999.9	0	3.41269841269842	14.5113647130363	330
NEW_GLASGOW	2017	10	25	298	9	22	9.49235153386558	-999.9	0	5.89120370370369	16.8753067109287	330
NEW_GLASGOW	2017	10	26	299	16	22	6.3584849567428	-999.9	5.8	8.83101851851853	16.6760341854831	330
NEW_GLASGOW	2017	10	27	300	13	16	4.43314219731109	-999.9	0	6.22685185185186	11.6611862056644	330
NEW_GLASGOW	2017	10	28	301	6	13.5	6.91122186703776	-999.9	0	1.63194444444444	8.61299805688093	330
NEW_GLASGOW	2017	10	29	302	1	17	9.9531524619435	-999.9	0	2.85879629629631	10.3929334494075	330
NEW_GLASGOW	2017	10	30	303	9	18	7.36045930212444	-999.9	4	8.50694444444445	13.7051341196955	330
NEW_GLASGOW	2017	10	31	304	8	15	6.40067176322769	-999.9	1.6	5.56712962962964	8.85910638427682	330
NEW_GLASGOW	2017	11	1	305	2	10	6.74726451463019	-999.9	0	2.55787037037037	5.78022547926329	330
NEW_GLASGOW	2017	11	2	306	-3	15	9.98026535722715	-999.9	0	3.06712962962964	7.32651938767744	330
NEW_GLASGOW	2017	11	3	307	11.5	19	6.35301833003439	-999.9	15.4	7.10648148148147	12.8949854890811	330
NEW_GLASGOW	2017	11	4	308	4	8	4.57559339654176	-999.9	0	5.64814814814814	5.44252224452491	330
NEW_GLASGOW	2017	11	5	309	-4	14	9.57303863362312	-999.9	0	4.09722222222222	4.92847676108426	330
NEW_GLASGOW	2017	11	6	310	5	19	8.32733147230995	-999.9	28.8	7.52314814814814	12.0779977133217	330
NEW_GLASGOW	2017	11	7	311	3.5	5.5	3.10471199115689	-999.9	0	3.95833333333333	6.25426379101742	330
NEW_GLASGOW	2017	11	8	312	1.5	5	4.0517739166052	-999.9	0	4.10879629629631	5.56261775783692	330
NEW_GLASGOW	2017	11	9	313	1.5	6.5	4.77799483655309	-999.9	0	2.10858585858586	5.19052704176353	330
NEW_GLASGOW	2017	11	10	314	-2.5	11	7.74686571573658	-999.9	7	6.22685185185186	5.95605780813265	330
NEW_GLASGOW	2017	11	11	315	-6	2	5.88512943942409	-999.9	0	6.18055555555556	3.01261547572464	330
NEW_GLASGOW	2017	11	12	316	-3	1	4.10724711197246	-999.9	0	1.89814814814815	3.38903650579084	330
NEW_GLASGOW	2017	11	13	317	-10	5	7.85124993597842	-999.9	0	1.6087962962963	3.7209591254733	330
NEW_GLASGOW	2017	11	14	318	0.5	4	3.7442662613999	-999.9	0	5.97222222222222	4.90541089009033	330
NEW_GLASGOW	2017	11	15	319	-3	4	5.22869344605675	-999.9	0	2.82407407407408	4.84759834699166	330
NEW_GLASGOW	2017	11	16	320	-1	7.5	5.69038703877901	-999.9	13	3.79629629629631	5.6814268535737	330
NEW_GLASGOW	2017	11	17	321	3	7.5	4.08985923504483	-999.9	3.6	6.33101851851853	7.72469989895063	330
NEW_GLASGOW	2017	11	18	322	-1.5	2.5	3.80967856826556	-999.9	0	4.69907407407408	5.20985749340782	330
NEW_GLASGOW	2017	11	19	323	-2	15	7.76122810357371	-999.9	12.6	5.87962962962964	9.00482500513811	330
NEW_GLASGOW	2017	11	20	324	0	5	4.16039932866917	-999.9	0	6.27314814814814	4.3311726806844	330
NEW_GLASGOW	2017	11	21	325	-8.5	5	6.75868644768799	-999.9	0	5.39351851851853	3.9707234117607	330
NEW_GLASGOW	2017	11	22	326	3.9	12.2	5.27155851324798	-999.9	18	4.47916666666667	8.94904161667035	330
NEW_GLASGOW	2017	11	23	327	-1.5	1.5	3.11652749816157	-999.9	0	6.28472222222222	7.03928885247705	330
NEW_GLASGOW	2017	11	24	328	-4.5	5.5	5.62975970207695	-999.9	0	3.46064814814814	4.65999949796341	330
NEW_GLASGOW	2017	11	25	329	-2.5	14	7.15702776432808	-999.9	0	6.28472222222222	8.15106285545562	330
NEW_GLASGOW	2017	11	26	330	0.5	9.5	5.2328604327766	-999.9	4	3.125	7.30481006439699	330
NEW_GLASGOW	2017	11	27	331	-5.1	-1.6	3.38806801016115	-999.9	1.8	4.69907407407408	3.41320838567195	330
NEW_GLASGOW	2017	11	28	332	-4.5	5.5	5.4109145217179	-999.9	0	3.59953703703703	3.57468610960408	330
NEW_GLASGOW	2017	11	29	333	-4.5	8	5.9946097656463	-999.9	2.4	6.50462962962964	6.19345246309588	330
NEW_GLASGOW	2017	11	30	334	-2.5	5.5	4.75369886133003	-999.9	2	3.98148148148147	3.89087563636885	330
NEW_GLASGOW	2017	12	1	335	-4	5.5	5.13664284148216	-999.9	8.6	4.05092592592592	6.52295460764544	330
NEW_GLASGOW	2017	12	2	336	0.5	5	3.50678667980186	-999.9	0.8	4.86111111111111	5.98063401286265	330
NEW_GLASGOW	2017	12	3	337	0.5	2.5	2.31986451881281	-999.9	0	1.31944444444444	5.61926863079659	330
NEW_GLASGOW	2017	12	4	338	0	4	3.25675739465258	-999.9	5.2	3.55324074074075	6.28164286706361	330
NEW_GLASGOW	2017	12	5	339	-1.5	5	4.12275218015681	-999.9	5.4	3.29861111111111	5.30428842185846	330
NEW_GLASGOW	2017	12	6	340	0.5	10	4.95152280444146	-999.9	11	7.74305555555556	7.89523309841597	330
NEW_GLASGOW	2017	12	7	341	2	2	0	-999.9	0	2.78935185185186	4.61117822673202	330
NEW_GLASGOW	2017	12	8	342	-4	2	3.88842929130023	-999.9	0	2.61574074074074	4.30230776174045	330
NEW_GLASGOW	2017	12	9	343	-4	4	4.46607183089805	-999.9	24.2	1.85185185185185	5.08612666865281	330
NEW_GLASGOW	2017	12	10	344	-3	2	3.51344391555912	-999.9	3.8	4.96527777777778	5.69957952411283	330
NEW_GLASGOW	2017	12	11	345	-6.5	1	4.28384846216454	-999.9	3	2.92824074074075	4.27773856851439	330
NEW_GLASGOW	2017	12	12	346	-8	9.5	6.51731609422831	-999.9	20.8	3.02083333333333	4.54523426577669	330
NEW_GLASGOW	2017	12	13	347	-1	12	5.59707403812352	-999.9	3.6	7.74305555555556	7.53620987869501	330
NEW_GLASGOW	2017	12	14	348	-9.5	-2	4.23794354088271	-999.9	0	6.27314814814814	2.41671069494876	330
NEW_GLASGOW	2017	12	15	349	-12	3	5.97726940126495	-999.9	0.6	6.19212962962964	1.9143868469562	330
NEW_GLASGOW	2017	12	16	350	-11	-5	3.77193928191904	-999.9	0	3.48379629629631	2.13205131736732	330
NEW_GLASGOW	2017	12	17	351	-12.5	5.5	6.5216548307016	-999.9	4	4.59490740740742	2.15457059024646	330
NEW_GLASGOW	2017	12	18	352	-13.5	-2	5.20600676515985	-999.9	1	3.34490740740742	2.43305940294589	330
NEW_GLASGOW	2017	12	19	353	-12.5	2	5.84085841711029	-999.9	3	2.70833333333333	5.0572439039226	330
NEW_GLASGOW	2017	12	20	354	-3	0	2.65578774627853	-999.9	1	5.24305555555556	4.02880788437115	330
NEW_GLASGOW	2017	12	21	355	-11	-7	3.0669468858443	-999.9	0	5.68287037037036	2.12979643705503	330
NEW_GLASGOW	2017	12	22	356	-11.5	-8	2.87049806918505	-999.9	0	3.51851851851853	1.81535943092131	330
NEW_GLASGOW	2017	12	23	357	-18.5	3	7.12184627410741	-999.9	5.4	3.69212962962964	3.65822647869779	330
NEW_GLASGOW	2017	12	24	358	-2.5	0	2.43218191554611	-999.9	0	5.15046296296297	4.96239584389781	330
NEW_GLASGOW	2017	12	25	359	-8	3	5.111834147547	-999.9	2	5.10416666666667	4.30281192689087	330
NEW_GLASGOW	2017	12	26	360	-13.5	-5	4.50448087681237	-999.9	0	8.79629629629631	1.94716966137833	330
NEW_GLASGOW	2017	12	27	361	-15.5	-13	2.44996131775687	-999.9	0	9.78009259259258	1.0065360867617	330
NEW_GLASGOW	2017	12	28	362	-20	-9.5	5.03773313490752	-999.9	4	5.74074074074075	1.44899765480326	330
NEW_GLASGOW	2017	12	29	363	-14	-8.5	3.65989392494914	-999.9	4	3.09027777777778	2.36106525875325	330
NEW_GLASGOW	2017	12	30	364	-15	-9	3.83886233092192	-999.9	0	2.37268518518519	1.77110164456586	330
NEW_GLASGOW	2017	12	31	365	-20	-13	4.16587569410238	-999.9	0	4.18981481481481	1.25203387227938	330
