NEW_GLASGOW	2019	1	1	1	-4	-2	2.2381569288516	-999.9	17	5.78703703703703	4.00029270834713	330
NEW_GLASGOW	2019	1	2	2	-13	-10	2.75638142757668	-999.9	0	5.97222222222222	1.82930404859493	330
NEW_GLASGOW	2019	1	3	3	-19.5	-5.5	5.99001024642082	-999.9	0	2.31481481481481	1.64205722127046	330
NEW_GLASGOW	2019	1	4	4	-15	0	6.23982401104273	-999.9	3	4.34027777777778	4.1987753429372	330
NEW_GLASGOW	2019	1	5	5	-3	3	3.97319794745955	-999.9	8	2.15277777777778	5.52134005575183	330
NEW_GLASGOW	2019	1	6	6	-2	-0.5	2.00087052380242	-999.9	2	6.64351851851853	4.99862010916976	330
NEW_GLASGOW	2019	1	7	7	-6.5	-5	2.01601945373222	-999.9	0	8.32175925925925	3.14688202093506	330
NEW_GLASGOW	2019	1	8	8	-9.5	-3.5	4.06408963300603	-999.9	2	2.85879629629631	3.07846984080541	330
NEW_GLASGOW	2019	1	9	9	-5	3	4.73183696513807	-999.9	6.4	8.81944444444445	5.50214529419827	330
NEW_GLASGOW	2019	1	10	10	-4.5	-0.5	3.37494005193387	-999.9	0	6.13425925925925	5.08519277808374	330
NEW_GLASGOW	2019	1	11	11	-8	0.5	4.96416785585441	-999.9	1	4.89583333333333	2.71838525344748	330
NEW_GLASGOW	2019	1	12	12	-15.5	-12	3.21526635846969	-999.9	0	4.47916666666667	1.51358614713336	330
NEW_GLASGOW	2019	1	13	13	-15	-10	3.88020047675833	-999.9	0	3.07870370370369	1.67421363102761	330
NEW_GLASGOW	2019	1	14	14	-21	-7	6.55775059109459	-999.9	0	1.72453703703704	1.83788196947954	330
NEW_GLASGOW	2019	1	15	15	-20.5	-4	7.19258795125519	-999.9	0	2.98611111111111	2.52433985587485	330
NEW_GLASGOW	2019	1	16	16	-19	-2	7.378119640546	-999.9	0	3.87731481481481	2.88577441654985	330
NEW_GLASGOW	2019	1	17	17	-15	-13	2.55820284991511	-999.9	0	4.23611111111111	1.76322246094127	330
NEW_GLASGOW	2019	1	18	18	-21	-7	6.84381833096036	-999.9	0	3.26388888888889	1.90687227444959	330
NEW_GLASGOW	2019	1	19	19	-15	-11	3.69989699621871	-999.9	0	4.24768518518519	2.11943859806899	330
NEW_GLASGOW	2019	1	20	20	-15	10	9.35751449908789	-999.9	27	5.37037037037036	4.25165857816838	330
NEW_GLASGOW	2019	1	21	21	-7	-2	4.23454773553443	-999.9	1.8	4.44444444444444	5.52620039030794	330
NEW_GLASGOW	2019	1	22	22	-12	-8	3.83335642804065	-999.9	0	4.49074074074075	2.38811753671135	330
NEW_GLASGOW	2019	1	23	23	-13.5	1.5	7.51471772690581	-999.9	2	4.05092592592592	2.73744699088331	330
NEW_GLASGOW	2019	1	24	24	-7	11	8.33502358969137	-999.9	6	5.90277777777778	8.34446391772388	330
NEW_GLASGOW	2019	1	25	25	0.5	4	3.72210761094945	-999.9	0	6.12268518518519	6.06742980767265	330
NEW_GLASGOW	2019	1	26	26	-4.5	-2	3.18628883383834	-999.9	1	2.96296296296297	2.49128040709588	330
NEW_GLASGOW	2019	1	27	27	-6	1.5	5.59084045454066	-999.9	0	3.37962962962964	4.51827898848024	330
NEW_GLASGOW	2019	1	28	28	-6	3	6.20533728618351	-999.9	0	5.08101851851853	2.99330287949823	330
NEW_GLASGOW	2019	1	29	29	-14	-5	6.28817637605219	-999.9	0	3.75	2.22247825603574	330
NEW_GLASGOW	2019	1	30	30	-8	1	6.37295827026843	-999.9	10	5.35879629629631	4.36454806032674	330
NEW_GLASGOW	2019	1	31	31	-10	-9	2.15322137089882	-999.9	2	5.03472222222222	1.60906695184933	330
NEW_GLASGOW	2019	2	1	32	-17	-12	4.88079529760118	-999.9	0	6.35416666666667	1.16455321723	330
NEW_GLASGOW	2019	2	2	33	-15	-10	4.94824489992107	-999.9	2	5.48611111111111	1.47925721819311	330
NEW_GLASGOW	2019	2	3	34	-13	-5.5	6.14464524822367	-999.9	0	3.77314814814814	1.85999153027181	330
NEW_GLASGOW	2019	2	4	35	-6	2	6.43496815381044	-999.9	0.6	4.81481481481481	3.95011756993495	330
NEW_GLASGOW	2019	2	5	36	-4	7.5	7.82378119334239	-999.9	0	4.17824074074075	5.87219070224144	330
NEW_GLASGOW	2019	2	6	37	-4	6.5	7.58151414713256	-999.9	0	6.52777777777778	3.6819429020894	330
NEW_GLASGOW	2019	2	7	38	-7	-3	4.74578536600361	-999.9	0	1.40046296296296	3.66629804520066	330
NEW_GLASGOW	2019	2	8	39	-7.5	5	8.50882108664537	-999.9	6.4	4.39814814814814	5.54666336928029	330
NEW_GLASGOW	2019	2	9	40	-11.5	-4	6.68493392524456	-999.9	0	7.92824074074075	2.20876479262254	330
NEW_GLASGOW	2019	2	10	41	-12	-7	5.53625176756415	-999.9	0	7.73148148148147	1.49444694936361	330
NEW_GLASGOW	2019	2	11	42	-14	-7	6.64435709319476	-999.9	0	7.06018518518519	1.43779656047668	330
NEW_GLASGOW	2019	2	12	43	-13	-5	7.20489181765501	-999.9	3	3.65740740740742	2.13313105491894	330
NEW_GLASGOW	2019	2	13	44	-9.5	-3	6.58748786433745	-999.9	16	4.82638888888889	3.76818214522758	330
NEW_GLASGOW	2019	2	14	45	-9	-5	5.24170802666804	-999.9	0	5.42824074074075	2.97361488679403	330
NEW_GLASGOW	2019	2	15	46	-15	6.5	12.3264408416771	-999.9	7.2	3.70370370370369	3.10792045822128	330
NEW_GLASGOW	2019	2	16	47	-3	4.5	7.38444302333436	-999.9	3.4	5.92592592592592	6.2285204953641	330
NEW_GLASGOW	2019	2	17	48	-8.5	-6	4.32430117875668	-999.9	1	4.29398148148147	2.45728335396437	330
NEW_GLASGOW	2019	2	18	49	-14	-7	7.33907287322809	-999.9	0	2.78935185185186	1.82403912797545	330
NEW_GLASGOW	2019	2	19	50	-13.5	-9	5.96800918077221	-999.9	0	5.47453703703703	1.51979397624175	330
NEW_GLASGOW	2019	2	20	51	-16	-9.5	7.27433348167225	-999.9	0	5.85648148148147	1.23533950821147	330
NEW_GLASGOW	2019	2	21	52	-16	-8	8.18416999659662	-999.9	13	2.77777777777778	2.06592117086398	330
NEW_GLASGOW	2019	2	22	53	-11	-2	8.80281339333682	-999.9	0	2.7662037037037	2.46349415913202	330
NEW_GLASGOW	2019	2	23	54	-12	-5	7.87218110765332	-999.9	0	2.99768518518519	1.94022330100752	330
NEW_GLASGOW	2019	2	24	55	-18	0.5	12.9762978054805	-999.9	7.6	3.35648148148147	1.88729098439636	330
NEW_GLASGOW	2019	2	25	56	-8	1	9.17647907244332	-999.9	1	9.30555555555556	4.218902427342	330
NEW_GLASGOW	2019	2	26	57	-13	-11	4.38559708920192	-999.9	0	7.71990740740742	1.75534590878646	330
NEW_GLASGOW	2019	2	27	58	-16	-8	8.89169932774923	-999.9	0	6.66666666666667	1.40906790176044	330
NEW_GLASGOW	2019	2	28	59	-16	-7.5	9.29053258985892	-999.9	0	4.60648148148147	1.23636404583067	330
NEW_GLASGOW	2019	3	1	60	-13	-1.5	10.9530494915992	-999.9	0	5.09259259259258	1.95574550683816	330
NEW_GLASGOW	2019	3	2	61	-9.5	1.5	10.85673961446	-999.9	0	3.20601851851853	2.77809544900758	330
NEW_GLASGOW	2019	3	3	62	-5.5	-2.5	5.74567507343548	-999.9	0	4.38657407407408	2.98548755243032	330
NEW_GLASGOW	2019	3	4	63	-10.5	-3.5	8.89335711439765	-999.9	18	4.53703703703703	3.5281654236909	330
NEW_GLASGOW	2019	3	5	64	-6	-2	6.81146446657115	-999.9	0	2	2.40957957113667	330
NEW_GLASGOW	2019	3	6	65	-16	-4	11.9522889583877	-999.9	0	2.59259259259259	1.99506227958324	330
NEW_GLASGOW	2019	3	7	66	-17.5	-10	9.57185168524982	-999.9	0	4.32367149758453	1.25563363780407	330
NEW_GLASGOW	2019	3	8	67	-15	-3.5	12.0052946921782	-999.9	0	4.73379629629631	1.55641309393751	330
NEW_GLASGOW	2019	3	9	68	-6.5	-1	8.40845882237622	-999.9	0	3.77777777777778	3.01423947902836	330
NEW_GLASGOW	2019	3	10	69	-17	6	17.4125202943441	-999.9	30	2.46527777777778	2.22257399927927	330
NEW_GLASGOW	2019	3	11	70	-3	6	11.0288984126863	-999.9	0	4.28240740740742	6.09729354125961	330
NEW_GLASGOW	2019	3	12	71	-1	1.5	5.88496127112544	-999.9	0	2.48842592592593	4.7335700125	330
NEW_GLASGOW	2019	3	13	72	-4	2	9.22912707559446	-999.9	0	2.10648148148148	3.59534852268653	330
NEW_GLASGOW	2019	3	14	73	-3	8.5	12.9328178244515	-999.9	0	1.88657407407407	4.61037422536317	330
NEW_GLASGOW	2019	3	15	74	-1	8	11.5790199545917	-999.9	2.2	3.99305555555556	6.43659064997604	330
NEW_GLASGOW	2019	3	16	75	5	9	7.81147770973919	-999.9	5.1	3.125	6.51902974219994	330
NEW_GLASGOW	2019	3	17	76	-3.5	24	20.7237278063602	-999.9	2.8	4.69907407407408	2.24491337732547	330
NEW_GLASGOW	2019	3	18	77	-6	1.5	10.9490275582537	-999.9	0	3.31018518518519	2.3403323300102	330
NEW_GLASGOW	2019	3	19	78	-9	-2.2	10.5706049025419	-999.9	0	2.15277777777778	2.48739253366754	330
NEW_GLASGOW	2019	3	20	79	-7.5	1.8	12.5025010872438	-999.9	0	3.06712962962964	2.72707301183321	330
NEW_GLASGOW	2019	3	21	80	-2	8	13.0809679899569	-999.9	0	3.61111111111111	4.75024718792408	330
NEW_GLASGOW	2019	3	22	81	0	9	12.5481426677756	-999.9	16	8.47222222222222	7.93128068362721	330
NEW_GLASGOW	2019	3	23	82	3	5	5.98045361256391	-999.9	5.8	6.71296296296297	7.8787577371683	330
NEW_GLASGOW	2019	3	24	83	-1	7	12.0911419648974	-999.9	0	3.76157407407408	4.52254442726153	330
NEW_GLASGOW	2019	3	25	84	-3	4.5	11.8330880635074	-999.9	0	1.86342592592593	2.88253729785588	330
NEW_GLASGOW	2019	3	26	85	-9	6	16.9121913736176	-999.9	0	2.98611111111111	2.52759252552142	330
NEW_GLASGOW	2019	3	27	86	-6.5	-1.5	9.86659827232547	-999.9	0	2.82828282828283	3.16325367138236	330
NEW_GLASGOW	2019	3	28	87	-5	6.5	15.1182224811801	-999.9	0	6.94444444444445	4.19232413072649	330
NEW_GLASGOW	2019	3	29	88	0	7.5	12.3336836191454	-999.9	2.6	5.55555555555556	6.90661249769639	330
NEW_GLASGOW	2019	3	30	89	0	8.5	13.2624216078897	-999.9	0	3.63425925925925	5.42771071738871	330
NEW_GLASGOW	2019	3	31	90	2	16	17.189739161812	-999.9	9.2	7.24537037037036	9.75339861401836	330
NEW_GLASGOW	2019	4	1	91	2	9	12.2740191876171	-999.9	5.4	6.23842592592592	6.01206116997264	330
NEW_GLASGOW	2019	4	2	92	-2	7.5	14.4368559579121	-999.9	0	6.41203703703703	3.78012962448412	330
NEW_GLASGOW	2019	4	3	93	-1	5	11.5824377534427	-999.9	15.4	7.82407407407408	5.98936911609468	330
NEW_GLASGOW	2019	4	4	94	-4.1	2.7	11.9910245008466	-999.9	0	10.9722222222222	3.36166975712779	330
NEW_GLASGOW	2019	4	5	95	-4	5.5	14.8468594522075	-999.9	7.8	5.45138888888889	2.88635147116153	330
NEW_GLASGOW	2019	4	6	96	-1.1	4.3	11.2003922136379	-999.9	0.9	4.36342592592592	5.81519931963487	330
NEW_GLASGOW	2019	4	7	97	0	8.5	14.2985716663816	-999.9	0	5.25462962962964	4.49566646341769	330
NEW_GLASGOW	2019	4	8	98	-4	2.5	12.6140898814496	-999.9	3	4.32870370370369	2.60581344353576	330
NEW_GLASGOW	2019	4	9	99	-5	-0.5	10.5867392490545	-999.9	1.8	3.90046296296297	3.44193826201687	330
NEW_GLASGOW	2019	4	10	100	-4	2	12.3290344745378	-999.9	0.6	2.37268518518519	4.21059613394344	330
NEW_GLASGOW	2019	4	11	101	-1	5.5	12.9404232688943	-999.9	0	3.32175925925925	4.99144049036173	330
NEW_GLASGOW	2019	4	12	102	-4	8.5	18.0936498518832	-999.9	4.2	3.04398148148147	4.43545075937651	330
NEW_GLASGOW	2019	4	13	103	2.5	11.9	16.0804921195915	-999.9	6.1	4.61805555555556	8.9051169737228	330
NEW_GLASGOW	2019	4	14	104	3.5	12.9	14.3474020657796	-999.9	1.1	2.83564814814814	7.14141379548736	330
NEW_GLASGOW	2019	4	15	105	3.5	13	16.1554352233302	-999.9	13.3	5.49768518518519	9.20366161633707	330
NEW_GLASGOW	2019	4	16	106	0.5	2	6.4691537928522	-999.9	9.4	6.36574074074075	6.10842093542614	330
NEW_GLASGOW	2019	4	17	107	-1	4.5	12.4815935744941	-999.9	6	7.16435185185186	5.07606785714427	330
NEW_GLASGOW	2019	4	18	108	-1.5	9	17.3744974043971	-999.9	13.1	3.47222222222222	4.91848345661609	330
NEW_GLASGOW	2019	4	19	109	2	16	20.2093713074425	-999.9	4.8	7.73148148148147	9.42632390141321	330
NEW_GLASGOW	2019	4	20	110	2	15	19.6143600456089	-999.9	24	3.17129629629631	7.97563356505539	330
NEW_GLASGOW	2019	4	21	111	2	19	22.5882889701362	-999.9	1.5	5.71759259259258	12.8582265786053	330
NEW_GLASGOW	2019	4	22	112	1	19	23.4042374735868	-999.9	2	3.46064814814814	9.4520341893127	330
NEW_GLASGOW	2019	4	23	113	0	4	11.1078706094907	-999.9	9.6	3.66898148148147	7.43309647812808	330
NEW_GLASGOW	2019	4	24	114	2	6	11.1819317316125	-999.9	4.6	2.61574074074074	7.55437816376739	330
NEW_GLASGOW	2019	4	25	115	1	2.5	6.89226866142701	-999.9	1.4	5.15046296296297	6.3349620156944	330
NEW_GLASGOW	2019	4	26	116	-0.5	8	16.512001466232	-999.9	0.8	2.31481481481481	6.4232086288898	330
NEW_GLASGOW	2019	4	27	117	2.5	8	13.3656322290056	-999.9	13	7.88194444444445	7.68473653587081	330
NEW_GLASGOW	2019	4	28	118	3.5	10	14.6193218851492	-999.9	0.8	4.74537037037036	7.95425675080502	330
NEW_GLASGOW	2019	4	29	119	1	7	14.1303626955262	-999.9	0	4.35185185185186	4.69534727882355	330
NEW_GLASGOW	2019	4	30	120	3.5	10	14.7940304680421	-999.9	0	5.3125	3.962491305893	330
NEW_GLASGOW	2019	5	1	121	1.5	9	15.9829848459247	-999.9	0	5.09259259259258	4.6853385742041	330
NEW_GLASGOW	2019	5	2	122	2	6	11.7381653772239	-999.9	0	4.01620370370369	5.00135455686249	330
NEW_GLASGOW	2019	5	3	123	-3	14	24.3323175386849	-999.9	1.2	2.59259259259259	5.66566677037634	330
NEW_GLASGOW	2019	5	4	124	5	9	11.8665337246758	-999.9	1	2.44212962962963	8.06297932261986	330
NEW_GLASGOW	2019	5	5	125	2	14	20.6616842022177	-999.9	0	2.2337962962963	8.60166022048582	330
NEW_GLASGOW	2019	5	6	126	1.5	12.5	19.8837944134626	-999.9	0	1.88657407407407	6.64433689699511	330
NEW_GLASGOW	2019	5	7	127	1.5	20	25.9157322384232	-999.9	5.4	3.93518518518519	8.47920426416489	330
NEW_GLASGOW	2019	5	8	128	4	11.5	16.581739310336	-999.9	0.6	4.58333333333333	7.13709883848946	330
NEW_GLASGOW	2019	5	9	129	4.5	26	28.2090137765568	-999.9	0	6.28472222222222	6.50230367345716	330
NEW_GLASGOW	2019	5	10	130	5	10	13.6669164890757	-999.9	9.7	1.875	7.37527789729625	330
NEW_GLASGOW	2019	5	11	131	4.5	9	13.0243649038078	-999.9	0.6	4.79166666666667	9.62263652028234	330
NEW_GLASGOW	2019	5	12	132	4	7	10.6812929568485	-999.9	0	5.59027777777778	6.39716283588736	330
NEW_GLASGOW	2019	5	13	133	1	7	15.1705074692965	-999.9	0	3.57638888888889	6.99905710418571	330
NEW_GLASGOW	2019	5	14	134	1	8	16.4544514588656	-999.9	5	4.93055555555556	6.75252210483979	330
NEW_GLASGOW	2019	5	15	135	3	4	6.24443499126183	-999.9	1.6	5.08101851851853	7.39225528868782	330
NEW_GLASGOW	2019	5	16	136	1.5	7	14.7022003293071	-999.9	2.6	2.36111111111111	7.45123651501093	330
NEW_GLASGOW	2019	5	17	137	3	8	14.0715890070792	-999.9	9	1.2962962962963	7.48437005391331	330
NEW_GLASGOW	2019	5	18	138	4	8	12.6326600098386	-999.9	2.2	5.87962962962964	7.45535772386663	330
NEW_GLASGOW	2019	5	19	139	4	15	21.0241072366991	-999.9	0	3.00925925925925	8.23659268144049	330
NEW_GLASGOW	2019	5	20	140	6.5	9	10.0576744847901	-999.9	17.1	3.27546296296297	9.04060657128588	330
NEW_GLASGOW	2019	5	21	141	5	8	11.054642254812	-999.9	37	4.32870370370369	8.0967683996694	330
NEW_GLASGOW	2019	5	22	142	2.5	9	16.3247889646473	-999.9	0.6	8.21759259259258	7.42374548370916	330
NEW_GLASGOW	2019	5	23	143	7.5	12.5	14.3626063787016	-999.9	0	3.33333333333333	7.01732691707565	330
NEW_GLASGOW	2019	5	24	144	2.7	13.2	19.5441223921153	-999.9	0	3.13657407407408	7.2227120951364	330
NEW_GLASGOW	2019	5	25	145	1.5	18	26.2456450008288	-999.9	0	2.44212962962963	7.44597395568678	330
NEW_GLASGOW	2019	5	26	146	5	14.5	19.970415025934	-999.9	0.2	4.65277777777778	9.36626582228916	330
NEW_GLASGOW	2019	5	27	147	7	11.5	13.781382104011	-999.9	1	3.4375	9.39998076559918	330
NEW_GLASGOW	2019	5	28	148	4	14	20.5967702249626	-999.9	0	3.56481481481481	6.74722900509582	330
NEW_GLASGOW	2019	5	29	149	7	16	19.5877482776248	-999.9	0	4.00462962962964	7.85837623690832	330
NEW_GLASGOW	2019	5	30	150	2	16.5	24.9208625471212	-999.9	0	2.91666666666667	9.17387859689893	330
NEW_GLASGOW	2019	5	31	151	8	15	17.3538448484376	-999.9	0.2	5.11574074074075	10.97407757608	330
NEW_GLASGOW	2019	6	1	152	4.6	20.1	25.2893617091221	-999.9	0	3.14814814814814	8.77750985622776	330
NEW_GLASGOW	2019	6	2	153	7	17	20.8275360666654	-999.9	17.1	5.17361111111111	11.3262498374722	330
NEW_GLASGOW	2019	6	3	154	8.5	22	24.2453584591742	-999.9	2.2	4.47916666666667	14.6796604316619	330
NEW_GLASGOW	2019	6	4	155	9	17	18.6974704100145	-999.9	0	4.01620370370369	10.0230397444483	330
NEW_GLASGOW	2019	6	5	156	7	17	20.9395050186783	-999.9	2.6	4.30555555555556	10.5617033215592	330
NEW_GLASGOW	2019	6	6	157	1.5	15	24.3676900795303	-999.9	1	2.28009259259259	11.9565446413677	330
NEW_GLASGOW	2019	6	7	158	5	18	23.9470948514247	-999.9	0	1.66666666666667	10.3820116251144	330
NEW_GLASGOW	2019	6	8	159	11	16.5	15.5972806584756	-999.9	0	4.27083333333333	8.80635265154582	330
NEW_GLASGOW	2019	6	9	160	5	18	24.0092388085457	-999.9	0	2.78935185185186	7.52777081921137	330
NEW_GLASGOW	2019	6	10	161	4	25	30.54980230266	-999.9	0	2.09490740740741	8.48099431814337	330
NEW_GLASGOW	2019	6	11	162	6	25	29.0884474023251	-999.9	0	4.375	12.3526361225643	330
NEW_GLASGOW	2019	6	12	163	-2.5	22.5	33.3973294339036	-999.9	0	5.65972222222222	11.0892252282538	330
NEW_GLASGOW	2019	6	13	164	13	25.5	23.6345758252742	-999.9	10	3.13657407407408	11.1609714936604	330
NEW_GLASGOW	2019	6	14	165	11	22.5	22.6853731838381	-999.9	0	4.78009259259258	16.286813106141	330
NEW_GLASGOW	2019	6	15	166	12	23.5	22.6988217806441	-999.9	0	2.75462962962963	15.4500404223776	330
NEW_GLASGOW	2019	6	16	167	11	23	23.1982720680928	-999.9	0	4.28240740740742	14.0817504179169	330
NEW_GLASGOW	2019	6	17	168	11	21.5	21.7081872349722	-999.9	0	2.65046296296296	16.2863181228933	330
NEW_GLASGOW	2019	6	18	169	10	21.5	22.7245366406841	-999.9	0	1.67824074074074	13.1303869329905	330
NEW_GLASGOW	2019	6	19	170	18	26	18.9566530682475	-999.9	0	3.32175925925925	13.2621777091262	330
NEW_GLASGOW	2019	6	20	171	13	24.5	22.7294806717587	-999.9	6.6	3.70370370370369	15.4479250355687	330
NEW_GLASGOW	2019	6	21	172	13	14.5	8.20849506212497	-999.9	59.4	4.29398148148147	13.4003201945589	330
NEW_GLASGOW	2019	6	22	173	10	17	17.7295479581922	-999.9	1	7.53472222222222	12.3988088903104	330
NEW_GLASGOW	2019	6	23	174	13	21.5	19.5317996631814	-999.9	0	5.38194444444445	10.9966704705343	330
NEW_GLASGOW	2019	6	24	175	11	17	16.4038583680958	-999.9	0	2.62731481481481	9.91814749606757	330
NEW_GLASGOW	2019	6	25	176	6	19	24.1342098012703	-999.9	0	2.82407407407408	10.0920092256413	330
NEW_GLASGOW	2019	6	26	177	11	21.5	21.677066550841	-999.9	0	3.34595959595958	12.1583967475403	330
NEW_GLASGOW	2019	6	27	178	11	15	13.3700716626923	-999.9	17.6	4.14351851851853	12.1516203854513	330
NEW_GLASGOW	2019	6	28	179	12	19	17.6727465367404	-999.9	4.8	2.43055555555556	14.5099665784078	330
NEW_GLASGOW	2019	6	29	180	13	22.5	20.5693948222071	-999.9	4.2	1.93287037037037	18.3902561014001	330
NEW_GLASGOW	2019	6	30	181	15	15	0	-999.9	11.8	3.25231481481481	14.7297515549992	330
NEW_GLASGOW	2019	7	1	182	11.5	14	10.5292918664169	-999.9	3.8	7.39583333333333	13.8854064944946	330
NEW_GLASGOW	2019	7	2	183	11	15	13.302211799511	-999.9	0.4	4.60648148148147	13.0665203541572	330
NEW_GLASGOW	2019	7	3	184	10	18	18.7869737091025	-999.9	0	3.09027777777778	13.7791722059414	330
NEW_GLASGOW	2019	7	4	185	11	26	25.6879033482271	-999.9	0	2.12962962962963	16.3879881769052	330
NEW_GLASGOW	2019	7	5	186	14	31	27.3043509542525	-999.9	0	2.24537037037037	20.0203983629829	330
NEW_GLASGOW	2019	7	6	187	19.5	27	18.1057080362705	-999.9	5.4	4.96527777777778	20.5457619606629	330
NEW_GLASGOW	2019	7	7	188	15	23	18.6663933563477	-999.9	1	2.92824074074075	13.6480240883463	330
NEW_GLASGOW	2019	7	8	189	11	26	25.5120040142215	-999.9	0	2.92824074074075	13.392464874124	330
NEW_GLASGOW	2019	7	9	190	14	20	16.1031562689104	-999.9	0	3.13657407407408	13.1723163099487	330
NEW_GLASGOW	2019	7	10	191	12	18	16.0694227629645	-999.9	0	3.07870370370369	12.0036869559625	330
NEW_GLASGOW	2019	7	11	192	7	20	23.6014313360202	-999.9	0	2.31481481481481	12.277578324571	330
NEW_GLASGOW	2019	7	12	193	15.5	19	12.2178659340902	-999.9	2.2	4.36342592592592	15.4987500213058	330
NEW_GLASGOW	2019	7	13	194	14.5	22	17.8418213203538	-999.9	0	3.65740740740742	18.5506475336764	330
NEW_GLASGOW	2019	7	14	195	16	25.5	20.0294962032132	-999.9	2.2	4.14351851851853	19.7016319928156	330
NEW_GLASGOW	2019	7	15	196	16	20	12.9625434152947	-999.9	0.2	2.90509259259258	16.6659022907723	330
NEW_GLASGOW	2019	7	16	197	18	27.5	19.9216934908868	-999.9	0	2.09490740740741	18.303113184942	330
NEW_GLASGOW	2019	7	17	198	17	27.5	20.8840832803476	-999.9	3.8	4.52546296296297	20.7900432666373	330
NEW_GLASGOW	2019	7	18	199	14	23	19.2774816445796	-999.9	0	3.20601851851853	13.5111616197577	330
NEW_GLASGOW	2019	7	19	200	13	25	22.1911478101641	-999.9	0	2.97453703703703	15.6306132259273	330
NEW_GLASGOW	2019	7	20	201	16.5	28	21.6545838005959	-999.9	0	2.43055555555556	19.7665267781047	330
NEW_GLASGOW	2019	7	21	202	19	25	15.5897751193484	-999.9	1	1.90972222222222	20.1091310128989	330
NEW_GLASGOW	2019	7	22	203	20	25	14.182862779336	-999.9	3	1.40046296296296	18.2134828027852	330
NEW_GLASGOW	2019	7	23	204	16	21	14.1328509659648	-999.9	0.6	0.763888888888889	18.3738876925471	330
NEW_GLASGOW	2019	7	24	205	14	25.5	21.3555425503635	-999.9	0	1.42361111111111	18.3575829676338	330
NEW_GLASGOW	2019	7	25	206	14	23.5	19.3370963430244	-999.9	0	2.07175925925926	15.7014010414588	330
NEW_GLASGOW	2019	7	26	207	9	25.5	25.3857426707525	-999.9	0	1.73611111111111	15.6096854189142	330
NEW_GLASGOW	2019	7	27	208	15	28.5	22.8709241187066	-999.9	0	3.90046296296297	17.9085368687859	330
NEW_GLASGOW	2019	7	28	209	16	26	19.6036096217378	-999.9	0	4.44444444444444	16.1080737264477	330
NEW_GLASGOW	2019	7	29	210	18	28	19.5211478545789	-999.9	0	4.28240740740742	20.5999912723668	330
NEW_GLASGOW	2019	7	30	211	18.5	31	21.7309916350528	-999.9	0	3.25231481481481	23.4639831624554	330
NEW_GLASGOW	2019	7	31	212	21	31	19.3505536598243	-999.9	0	3.56481481481481	23.8369605266428	330
NEW_GLASGOW	2019	8	1	213	18	28	19.2624580712105	-999.9	0	2.46527777777778	18.8209698676348	330
NEW_GLASGOW	2019	8	2	214	17	28	20.1083108985769	-999.9	0	2.70833333333333	15.9543936429068	330
NEW_GLASGOW	2019	8	3	215	17	29	20.9019314629015	-999.9	1.6	3.42592592592592	16.802388822536	330
NEW_GLASGOW	2019	8	4	216	16	25	18.012847545737	-999.9	0	2.60416666666667	15.9842004693844	330
NEW_GLASGOW	2019	8	5	217	16	25	17.922402883166	-999.9	0	3.02083333333333	14.5459261789034	330
NEW_GLASGOW	2019	8	6	218	18	27	17.8302897283598	-999.9	0	2.85353535353536	15.6005552397432	330
NEW_GLASGOW	2019	8	7	219	13	25.5	20.9026994983898	-999.9	0	3.31481481481481	15.2399824016462	330
NEW_GLASGOW	2019	8	8	220	16	25	17.6411408285891	-999.9	3.2	5.72222222222222	17.239751928222	330
NEW_GLASGOW	2019	8	9	221	17.5	27	18.0248984391746	-999.9	0	4.65277777777778	21.6578872621091	330
NEW_GLASGOW	2019	8	10	222	14	25	19.2868054245606	-999.9	0.6	2.85879629629631	19.2998929867649	330
NEW_GLASGOW	2019	8	11	223	15	23	16.3534336775679	-999.9	5.8	3.69212962962964	17.2045105844311	330
NEW_GLASGOW	2019	8	12	224	12.5	25	20.3219692974962	-999.9	0	3.76157407407408	16.7951855792242	330
NEW_GLASGOW	2019	8	13	225	14.5	25	18.5139388966598	-999.9	0	3.28703703703703	17.4573563722171	330
NEW_GLASGOW	2019	8	14	226	14	21.5	15.5515799280599	-999.9	0	2.10144927536232	14.3325472476312	330
NEW_GLASGOW	2019	8	15	227	9	25	22.5730191582058	-999.9	0	1.49305555555556	15.9633540924403	330
NEW_GLASGOW	2019	8	16	228	13	26.5	20.6028894332647	-999.9	0	2.65046296296296	16.2326798878548	330
NEW_GLASGOW	2019	8	17	229	15	26.5	18.8924083076623	-999.9	0	3.42592592592592	16.7682937297281	330
NEW_GLASGOW	2019	8	18	230	15.5	23.5	15.6532986772363	-999.9	7.2	2.31481481481481	19.5716652786183	330
NEW_GLASGOW	2019	8	19	231	17	26.5	16.9429969919266	-999.9	0	4.03935185185186	22.344190534248	330
NEW_GLASGOW	2019	8	20	232	18	26.5	15.916599326885	-999.9	0	3.62268518518519	16.522313028904	330
NEW_GLASGOW	2019	8	21	233	16.5	28	18.3842845234692	-999.9	13.8	2.93650793650794	16.5759164055621	330
NEW_GLASGOW	2019	8	22	234	17	25.5	15.6930962447068	-999.9	2	3.26388888888889	21.8735082039027	330
NEW_GLASGOW	2019	8	23	235	16	25.5	16.470488768051	-999.9	1	2.71990740740741	16.8806459555172	330
NEW_GLASGOW	2019	8	24	236	12	18	12.993009224567	-999.9	1	4.97685185185186	11.8400870525136	330
NEW_GLASGOW	2019	8	25	237	6	19.5	19.343459983815	-999.9	0	2.10648148148148	11.9000707408586	330
NEW_GLASGOW	2019	8	26	238	6.5	18.5	18.0981658960847	-999.9	24.2	1.27314814814815	12.7786478371923	330
NEW_GLASGOW	2019	8	27	239	12.5	18.5	12.6981236627525	-999.9	4	3.63425925925925	14.8510048402371	330
NEW_GLASGOW	2019	8	28	240	15.5	26.5	17.0578145404555	-999.9	0	2.24537037037037	17.9876104584084	330
NEW_GLASGOW	2019	8	29	241	11.5	23	17.3014317307101	-999.9	57.2	4.89583333333333	17.9335360608178	330
NEW_GLASGOW	2019	8	30	242	18	25	13.388472052609	-999.9	0.4	4.14351851851853	20.2553775298636	330
NEW_GLASGOW	2019	8	31	243	14	23.5	15.4680410732415	-999.9	0	3.71527777777778	14.7932561322834	330
NEW_GLASGOW	2019	9	1	244	7	19.5	17.5939172331108	-999.9	4.6	2.00231481481481	11.4194043964158	330
NEW_GLASGOW	2019	9	2	245	7.5	22	18.7874546793366	-999.9	6	4.98842592592592	14.5219392063626	330
NEW_GLASGOW	2019	9	3	246	15	19.5	10.3754963571738	-999.9	0	2.47685185185185	15.5564639340192	330
NEW_GLASGOW	2019	9	4	247	11	24.5	17.8127253268473	-999.9	4	3.95833333333333	17.6371126779537	330
NEW_GLASGOW	2019	9	5	248	14.5	19.5	10.7436402044765	-999.9	0	3.83101851851853	13.5694393675772	330
NEW_GLASGOW	2019	9	6	249	7	16.5	14.6748364747255	-999.9	0	2.22222222222222	9.85326048682908	330
NEW_GLASGOW	2019	9	7	250	7	15	13.3426927292135	-999.9	127	7.37268518518519	12.1656462053706	330
NEW_GLASGOW	2019	9	8	251	6.5	15	13.6250143487536	-999.9	0	7.07175925925925	10.3048240880581	330
NEW_GLASGOW	2019	9	9	252	7	18	15.3530567899719	-999.9	0	2.61574074074074	11.1292913574504	330
NEW_GLASGOW	2019	9	10	253	9	19.5	14.8561471161673	-999.9	0	1.95601851851852	12.1370961041193	330
NEW_GLASGOW	2019	9	11	254	9	16	12.0120092889542	-999.9	33.6	3.03240740740742	13.7630561066698	330
NEW_GLASGOW	2019	9	12	255	10	15	10.0519167412154	-999.9	0	4.59490740740742	11.4173396449426	330
NEW_GLASGOW	2019	9	13	256	7.5	15	12.1880435631245	-999.9	0	3.37962962962964	9.64220361471903	330
NEW_GLASGOW	2019	9	14	257	3.5	16.5	15.8838910802791	-999.9	4	4.14351851851853	10.0391314596404	330
NEW_GLASGOW	2019	9	15	258	13	21	12.3325988474511	-999.9	6.4	4.18981481481481	16.3659745815317	330
NEW_GLASGOW	2019	9	16	259	12	16	8.6299188310929	-999.9	4.3	3.25231481481481	13.4946732008531	330
NEW_GLASGOW	2019	9	17	260	9	11	6.03812016430164	-999.9	0.5	6.25	9.78621709927971	330
NEW_GLASGOW	2019	9	18	261	9	12.5	7.90267279489128	-999.9	0	4.42129629629631	8.0384977244804	330
NEW_GLASGOW	2019	9	19	262	9	18	12.5359695803013	-999.9	0	1.81712962962963	8.90267906532892	330
NEW_GLASGOW	2019	9	20	263	5	23	17.5353087529719	-999.9	0	2.44212962962963	12.4860712824777	330
NEW_GLASGOW	2019	9	21	264	7	15	11.5613034363209	-999.9	0	4.07407407407408	10.7144703875213	330
NEW_GLASGOW	2019	9	22	265	5	24	17.6184540473864	-999.9	0	4.65277777777778	13.3341532581046	330
NEW_GLASGOW	2019	9	23	266	16	23.5	10.9444970415938	-999.9	19.8	5.12731481481481	17.0263178285075	330
NEW_GLASGOW	2019	9	24	267	12	17	8.83425284978779	-999.9	22	3.46064814814814	15.3620168410749	330
NEW_GLASGOW	2019	9	25	268	14	20	9.56590550134501	-999.9	2.7	3.59953703703703	16.2143900558821	330
NEW_GLASGOW	2019	9	26	269	12	17	8.63073260784602	-999.9	6.2	2.89351851851853	13.7722521217713	330
NEW_GLASGOW	2019	9	27	270	15	17	5.39432405743732	-999.9	0.8	3.78472222222222	11.982466444261	330
NEW_GLASGOW	2019	9	28	271	7	19.5	13.3255228451947	-999.9	2.4	2.92824074074075	12.4991157533768	330
NEW_GLASGOW	2019	9	29	272	11	16	8.32664459461737	-999.9	0	5.19675925925925	11.0770739128306	330
NEW_GLASGOW	2019	9	30	273	7	11	7.35732805828242	-999.9	0	4.60648148148147	6.42256567227473	330
NEW_GLASGOW	2019	10	1	274	4	11	9.61378473401133	-999.9	9.2	2.38425925925926	8.94469973396156	330
NEW_GLASGOW	2019	10	2	275	7.5	11	6.71406698750658	-999.9	6	5.40509259259258	9.83254033500271	330
NEW_GLASGOW	2019	10	3	276	4	10	8.68131491957594	-999.9	0	3.33333333333333	7.10924094635541	330
NEW_GLASGOW	2019	10	4	277	1.5	7.5	8.57228712109429	-999.9	7.8	3.09027777777778	7.72768775655613	330
NEW_GLASGOW	2019	10	5	278	4	10	8.46373245194198	-999.9	1.2	4.71064814814814	6.10907060855073	330
NEW_GLASGOW	2019	10	6	279	0	15	13.2115049111381	-999.9	0	3.80787037037036	7.86644848395658	330
NEW_GLASGOW	2019	10	7	280	3	18	13.0415431283955	-999.9	6	5.33564814814814	14.6528467719391	330
NEW_GLASGOW	2019	10	8	281	11	16	7.4319475295879	-999.9	0	2.87037037037036	11.8240349252177	330
NEW_GLASGOW	2019	10	9	282	4.3	13.5	9.74925255965202	-999.9	0	2.11805555555556	8.660188876486	330
NEW_GLASGOW	2019	10	10	283	2.9	13.2	10.2050915515259	-999.9	0	2.15277777777778	9.15184754817868	330
NEW_GLASGOW	2019	10	11	284	1	14	11.5173170424146	-999.9	2.8	2.77777777777778	10.5090247272998	330
NEW_GLASGOW	2019	10	12	285	9.5	11.5	4.45731460557901	-999.9	26.4	3.87731481481481	11.0962416509581	330
NEW_GLASGOW	2019	10	13	286	9	11	4.3976119469188	-999.9	0	3.14814814814814	10.0867069340265	330
NEW_GLASGOW	2019	10	14	287	9	14.5	7.19438287239534	-999.9	2.2	2.26851851851852	11.2635382844831	330
NEW_GLASGOW	2019	10	15	288	11	14	5.2414518184219	-999.9	1.8	2.8125	10.8456257523768	330
NEW_GLASGOW	2019	10	16	289	1.5	14	10.5534655388837	-999.9	0	1.74768518518519	8.5300365826155	330
NEW_GLASGOW	2019	10	17	290	1.5	13.5	10.1988721266224	-999.9	27.4	6.51620370370369	10.2631088970111	330
NEW_GLASGOW	2019	10	18	291	10.5	11	2.05325234205338	-999.9	1.4	4.66435185185186	10.2879470114763	330
NEW_GLASGOW	2019	10	19	292	7.5	11	5.35751824547621	-999.9	1	3.27546296296297	8.62192402047629	330
NEW_GLASGOW	2019	10	20	293	6	15	8.4723121788743	-999.9	0	3.00925925925925	8.06563919595113	330
NEW_GLASGOW	2019	10	21	294	4	15	9.23653697465019	-999.9	0	1.08796296296296	9.868025878853	330
NEW_GLASGOW	2019	10	22	295	1	11	8.68417304790045	-999.9	0	2.19907407407407	8.4015455545359	330
NEW_GLASGOW	2019	10	23	296	6.5	12.5	6.63293527529564	-999.9	1	7.89351851851853	10.5528366697758	330
NEW_GLASGOW	2019	10	24	297	1	14	9.62702557008029	-999.9	24.8	5.33816425120772	9.84774108069447	330
NEW_GLASGOW	2019	10	25	298	8	14.5	6.71210613900287	-999.9	0	3.22916666666667	8.09686653012992	330
NEW_GLASGOW	2019	10	26	299	6.5	12.5	6.3584849567428	-999.9	0	3.64583333333333	6.76959083184291	330
NEW_GLASGOW	2019	10	27	300	2	8	6.2694098193658	-999.9	1.2	2.41898148148148	6.23100764296618	330
NEW_GLASGOW	2019	10	28	301	-1.5	9	8.17746799281961	-999.9	0	1.81712962962963	6.69359616700477	330
NEW_GLASGOW	2019	10	29	302	0	8.5	7.2545441509567	-999.9	0	1.48148148148148	7.62497829179413	330
NEW_GLASGOW	2019	10	30	303	-0.5	12.5	8.84617114159185	-999.9	0	2.51157407407408	9.29964943801502	330
NEW_GLASGOW	2019	10	31	304	6.5	19	8.55325742257009	-999.9	12.8	5.90277777777778	14.6707276173345	330
NEW_GLASGOW	2019	11	1	305	12	20	6.74726451463019	-999.9	1.6	10.0578703703704	10.726410954585	330
NEW_GLASGOW	2019	11	2	306	3	7	4.704742208091	-999.9	0	3.26388888888889	5.18837829261019	330
NEW_GLASGOW	2019	11	3	307	1.5	9	6.35301833003439	-999.9	0.8	2.56944444444444	6.97613680650979	330
NEW_GLASGOW	2019	11	4	308	-3	9	7.92516023758698	-999.9	0	2.37268518518519	5.85955194469831	330
NEW_GLASGOW	2019	11	5	309	-3.5	11.5	8.73894867250636	-999.9	43.2	4.95370370370369	7.09742959033104	330
NEW_GLASGOW	2019	11	6	310	6.5	10	4.16366573615498	-999.9	0	5.86805555555556	6.57925281097206	330
NEW_GLASGOW	2019	11	7	311	1	5	4.39072580515645	-999.9	29	2.47685185185185	5.18865131982534	330
NEW_GLASGOW	2019	11	8	312	1.5	2.5	2.16576425780055	-999.9	2.3	5.56712962962964	5.39413744517061	330
NEW_GLASGOW	2019	11	9	313	-3.5	3	5.4477522938884	-999.9	0	4.30555555555556	3.88157288529565	330
NEW_GLASGOW	2019	11	10	314	-1.5	7	6.14707633938502	-999.9	2.2	6.55092592592592	5.7721124276532	330
NEW_GLASGOW	2019	11	11	315	0	5	4.65260333837252	-999.9	2	2.73148148148148	5.67301791456505	330
NEW_GLASGOW	2019	11	12	316	-1.5	15.5	8.46730683658778	-999.9	20.4	6.30787037037036	8.792310526381	330
NEW_GLASGOW	2019	11	13	317	-4.5	-3	2.4827832276943	-999.9	0	6.33101851851853	4.33154840215726	330
NEW_GLASGOW	2019	11	14	318	-5.5	4	6.16871214724405	-999.9	0	3.44907407407408	3.84560212552565	330
NEW_GLASGOW	2019	11	15	319	-2	9	6.55451411167693	-999.9	2	6.5625	6.2947597491648	330
NEW_GLASGOW	2019	11	16	320	-5	-2	3.38059364702001	-999.9	0	6.80555555555556	2.61923837488768	330
NEW_GLASGOW	2019	11	17	321	-3	2	4.31109016407187	-999.9	0	2.36111111111111	3.96346938431423	330
NEW_GLASGOW	2019	11	18	322	-6.5	4.5	6.31763719139761	-999.9	27.4	3.19444444444444	5.12687559077229	330
NEW_GLASGOW	2019	11	19	323	3	4	1.8823743091498	-999.9	2.8	6.33101851851853	7.21982091629151	330
NEW_GLASGOW	2019	11	20	324	1.5	4	2.94184657774593	-999.9	1.4	5.72916666666667	6.93743072343757	330
NEW_GLASGOW	2019	11	21	325	3	4.5	2.25289548256266	-999.9	16.8	6.90972222222222	6.29923383299795	330
NEW_GLASGOW	2019	11	22	326	0	3.5	3.40315091689667	-999.9	1	4.32870370370369	6.92882812205514	330
NEW_GLASGOW	2019	11	23	327	-1	3.5	3.81695106992425	-999.9	1	6.20370370370369	4.87443656192504	330
NEW_GLASGOW	2019	11	24	328	-3	8	5.90454178861006	-999.9	22.4	2.71990740740741	4.90720164739816	330
NEW_GLASGOW	2019	11	25	329	1	9.5	5.13688913386412	-999.9	2.8	6.27314814814814	8.10355424738115	330
NEW_GLASGOW	2019	11	26	330	0	5.5	4.09071517380863	-999.9	0	4.54861111111111	6.23616592835861	330
NEW_GLASGOW	2019	11	27	331	1	5	3.45466752776027	-999.9	0	3.36805555555556	5.73485574374443	330
NEW_GLASGOW	2019	11	28	332	-2.5	4.5	4.52709588731411	-999.9	1.6	7.32638888888889	6.34620221900922	330
NEW_GLASGOW	2019	11	29	333	-1.5	1	2.68087098691384	-999.9	2.6	9.81481481481481	5.60973182342886	330
NEW_GLASGOW	2019	11	30	334	-3.5	1	3.56527414599752	-999.9	6	9.72222222222222	5.24210022975218	330
NEW_GLASGOW	2019	12	1	335	-3.5	-1	2.63504217887694	-999.9	0	4.22453703703703	3.08243177212323	330
NEW_GLASGOW	2019	12	2	336	-12	1.5	6.0739327007226	-999.9	1.2	3.22916666666667	3.45564779112011	330
NEW_GLASGOW	2019	12	3	337	-1	3.5	3.47979677821921	-999.9	24.2	6.03009259259258	6.25798903465455	330
NEW_GLASGOW	2019	12	4	338	-0.5	0.5	1.62837869732629	-999.9	0	3.87731481481481	5.44735765608331	330
NEW_GLASGOW	2019	12	5	339	-6	2	4.57378288664194	-999.9	2	1.52777777777778	5.07955630660099	330
NEW_GLASGOW	2019	12	6	340	-2.5	-1.5	1.60648613219574	-999.9	0	4.56018518518519	3.78055931072074	330
NEW_GLASGOW	2019	12	7	341	-6.5	-5	1.9554381952692	-999.9	0	3.78472222222222	2.51154120675253	330
NEW_GLASGOW	2019	12	8	342	-9	3.5	5.61246424514253	-999.9	0	3.57638888888889	3.02287971589797	330
NEW_GLASGOW	2019	12	9	343	-7	14	7.23586336912847	-999.9	17.2	6.5625	7.40656093966946	330
NEW_GLASGOW	2019	12	10	344	6	13	4.15716290357874	-999.9	3.4	8.61111111111111	10.7875529394243	330
NEW_GLASGOW	2019	12	11	345	-6	3	4.69272087132267	-999.9	0	4.08564814814814	4.39689337656505	330
NEW_GLASGOW	2019	12	12	346	-13	-1.5	5.28321982089929	-999.9	0	4.14351851851853	2.07501721924413	330
NEW_GLASGOW	2019	12	13	347	-14.5	2.5	6.40049903342892	-999.9	0	3.62268518518519	2.66616103653962	330
NEW_GLASGOW	2019	12	14	348	-4.5	15	6.83347862986668	-999.9	15.2	6.70138888888889	8.64850172176959	330
NEW_GLASGOW	2019	12	15	349	3	12.5	4.75684503430115	-999.9	1	8.49537037037036	7.60794445250574	330
NEW_GLASGOW	2019	12	16	350	-7.4	-1.9	3.69260335043157	-999.9	0	9.66435185185186	2.21049788671416	330
NEW_GLASGOW	2019	12	17	351	-7.2	-2.5	3.20158618199416	-999.9	0	4.39814814814814	2.70452671706665	330
NEW_GLASGOW	2019	12	18	352	-7.5	-4	2.87203567460155	-999.9	0	2.33796296296296	3.35026884370588	330
NEW_GLASGOW	2019	12	19	353	-9.5	-1.5	4.3384807160383	-999.9	2	3.69212962962964	2.31617666503683	330
NEW_GLASGOW	2019	12	20	354	-9.5	1	4.9685239192834	-999.9	1	6.26157407407408	3.61035823702131	330
NEW_GLASGOW	2019	12	21	355	-1	0	1.53347344292215	-999.9	0	3.61111111111111	3.56633710245865	330
NEW_GLASGOW	2019	12	22	356	-11	1.5	5.42473144996766	-999.9	0	3.58796296296297	4.09550176989513	330
NEW_GLASGOW	2019	12	23	357	-3	-1	2.17214274985993	-999.9	0	3.96990740740742	4.73747774898884	330
NEW_GLASGOW	2019	12	24	358	-5.5	0	3.60750876848289	-999.9	1	6.88657407407408	4.83564405897961	330
NEW_GLASGOW	2019	12	25	359	-4.5	-2.5	2.17969340429618	-999.9	0	4.22453703703703	3.29657984554368	330
NEW_GLASGOW	2019	12	26	360	-6.5	-1.5	3.4547791254476	-999.9	0	5.65972222222222	2.86522865249875	330
NEW_GLASGOW	2019	12	27	361	-11.5	-1.5	4.89992263551373	-999.9	0	3.95833333333333	3.95176902467308	330
NEW_GLASGOW	2019	12	28	362	-2.5	2	3.29797048881441	-999.9	0	5.02314814814814	4.84909394277228	330
NEW_GLASGOW	2019	12	29	363	-2.5	0	2.46749998083076	-999.9	0	5.41666666666667	3.47909042641673	330
NEW_GLASGOW	2019	12	30	364	-3.5	-0.5	2.71448558623648	-999.9	0	6.09953703703703	4.29399800805391	330
NEW_GLASGOW	2019	12	31	365	-2.5	4.5	4.16587569410238	-999.9	1.4	6.13425925925925	4.89729173948675	330
