NEW_GLASGOW	2020	1	1	1	-1	2	2.74117129077996	-999.9	0	6.20370370370369	5.33219524667806	330
NEW_GLASGOW	2020	1	2	2	-2	0	2.25057624383096	-999.9	0	5.71759259259258	4.37170078258876	330
NEW_GLASGOW	2020	1	3	3	-3	3	3.92138310661199	-999.9	0	2.19907407407407	4.93789822174994	330
NEW_GLASGOW	2020	1	4	4	-2	5	4.26261305564425	-999.9	0	2.58101851851852	5.4383586124166	330
NEW_GLASGOW	2020	1	5	5	-5	0	3.62701924157231	-999.9	2	7.17592592592592	4.48067760593518	330
NEW_GLASGOW	2020	1	6	6	-5.5	-4	2.0008723813414	-999.9	0	4.16666666666667	2.9546914810071	330
NEW_GLASGOW	2020	1	7	7	-6	-2	3.29215013968618	-999.9	1	2.33796296296296	3.0548831485866	330
NEW_GLASGOW	2020	1	8	8	-12.5	-3.5	4.97748113960985	-999.9	9	4.96527777777778	3.75533308511155	330
NEW_GLASGOW	2020	1	9	9	-10	-4	4.09789956098329	-999.9	4	6.35416666666667	2.73152991420754	330
NEW_GLASGOW	2020	1	10	10	-14.5	4.5	7.35553022771662	-999.9	0	4.94212962962964	3.3008826764112	330
NEW_GLASGOW	2020	1	11	11	0.5	9.5	5.10810246076906	-999.9	3.4	5.06944444444445	7.73383195374652	330
NEW_GLASGOW	2020	1	12	12	-6.5	-0.2	4.11952626080328	-999.9	9	7.11805555555556	4.54785723382971	330
NEW_GLASGOW	2020	1	13	13	-6.5	-5.5	2.46374511799139	-999.9	4	3.11342592592592	3.08093563732168	330
NEW_GLASGOW	2020	1	14	14	-7	-4.9	3.09790177435336	-999.9	2	2.24537037037037	3.39020029062639	330
NEW_GLASGOW	2020	1	15	15	-7	-2.6	4.24385448428586	-999.9	2	2.59259259259259	3.7651521007843	330
NEW_GLASGOW	2020	1	16	16	-9.5	-4.8	2.72426014598744	-999.9	0	2.6207729468599	3.33039755551188	330
NEW_GLASGOW	2020	1	17	17	-12	-8	3.61787182511212	-999.9	8	11.5509259259259	2.47238094053474	330
NEW_GLASGOW	2020	1	18	18	-16.5	-10	4.66331460231993	-999.9	2	4.60648148148147	1.73449439050334	330
NEW_GLASGOW	2020	1	19	19	-15	-2	6.67014536498863	-999.9	5	5.77546296296297	3.18759621972744	330
NEW_GLASGOW	2020	1	20	20	-9	-4	4.18485017318378	-999.9	0	4.88425925925925	2.65487803066505	330
NEW_GLASGOW	2020	1	21	21	-15.5	-11	4.0172895759975	-999.9	0	3.26388888888889	1.29182474188259	330
NEW_GLASGOW	2020	1	22	22	-23	-5	8.13187645246098	-999.9	0	2.83564814814814	1.99180984796487	330
NEW_GLASGOW	2020	1	23	23	-15	-1	7.26000392030267	-999.9	0	4.6875	4.16870285053477	330
NEW_GLASGOW	2020	1	24	24	-4	0	3.92922476674495	-999.9	0	3.36805555555556	3.54149851469525	330
NEW_GLASGOW	2020	1	25	25	-15	-1	7.44433207125896	-999.9	0	1.72453703703704	3.31516641254218	330
NEW_GLASGOW	2020	1	26	26	-8	5	7.26597952273997	-999.9	6.1	6.28472222222222	5.76281886208858	330
NEW_GLASGOW	2020	1	27	27	2	4	2.88715020630375	-999.9	3	3.75	5.77816225214349	330
NEW_GLASGOW	2020	1	28	28	-3.5	-0.5	3.58272318766626	-999.9	2	5.3125	4.63108782899382	330
NEW_GLASGOW	2020	1	29	29	-12.5	-5	5.74041347129182	-999.9	2	5.63657407407408	2.80500157777767	330
NEW_GLASGOW	2020	1	30	30	-12.5	-7	4.98208186144126	-999.9	2	6.15740740740742	2.33099644901033	330
NEW_GLASGOW	2020	1	31	31	-15	-4	7.14159712407175	-999.9	0	2.98611111111111	2.19928273679118	330
NEW_GLASGOW	2020	2	1	32	-17	-1	8.73125255462446	-999.9	0	2.21064814814815	2.8552989321802	330
NEW_GLASGOW	2020	2	2	33	-7	-2	4.94837740332944	-999.9	0	5.18518518518519	4.08508811984486	330
NEW_GLASGOW	2020	2	3	34	-8	0	6.34634216214643	-999.9	0	4.38657407407408	3.51675515692267	330
NEW_GLASGOW	2020	2	4	35	-5	0	5.08744129451381	-999.9	0	3.39120370370369	3.91637427816832	330
NEW_GLASGOW	2020	2	5	36	-7	-2.5	4.89426794168048	-999.9	0	4.44444444444444	2.52677654466085	330
NEW_GLASGOW	2020	2	6	37	-15	-2	8.43621051644683	-999.9	2	2.85879629629631	2.46987794609279	330
NEW_GLASGOW	2020	2	7	38	-5.5	5	7.68931967991151	-999.9	4	4.08564814814814	5.9955349682154	330
NEW_GLASGOW	2020	2	8	39	-11.5	-8	4.50260998175199	-999.9	0	6.07638888888889	2.83058985881769	330
NEW_GLASGOW	2020	2	9	40	-16	25	15.6305803576822	-999.9	0	3.32175925925925	1.6522808773905	330
NEW_GLASGOW	2020	2	10	41	-11.5	-1.5	7.8297572297064	-999.9	5	5.625	3.93135631101372	330
NEW_GLASGOW	2020	2	11	42	-13.5	-1.5	8.69987126725105	-999.9	10	2.43055555555556	3.38293078261557	330
NEW_GLASGOW	2020	2	12	43	-4.5	-1.5	4.41227081182603	-999.9	2	3.21759259259258	4.20661985548823	330
NEW_GLASGOW	2020	2	13	44	-7	-1.5	6.05988485980118	-999.9	4	5.25462962962964	3.68544314294575	330
NEW_GLASGOW	2020	2	14	45	-17	-13.5	4.90340265315622	-999.9	0	5.05787037037036	1.40765994328805	330
NEW_GLASGOW	2020	2	15	46	-20	-2	11.2791471144936	-999.9	0	3.88888888888889	1.35996434497337	330
NEW_GLASGOW	2020	2	16	47	-11	2	9.72257225939512	-999.9	0	5.32407407407408	4.04528945221024	330
NEW_GLASGOW	2020	2	17	48	-7.5	3.5	9.07121627872938	-999.9	0	3.79629629629631	3.71324235464809	330
NEW_GLASGOW	2020	2	18	49	-13.5	2	10.9214963759137	-999.9	4	3.37962962962964	2.36090848056221	330
NEW_GLASGOW	2020	2	19	50	-7	2	8.4405252542824	-999.9	0	6.94444444444445	3.32810930208979	330
NEW_GLASGOW	2020	2	20	51	-16	-13	4.9422309237736	-999.9	0	4.72222222222222	1.0193874039002	330
NEW_GLASGOW	2020	2	21	52	-21	-6.5	11.0189552606261	-999.9	0	2.99768518518519	1.18314477510531	330
NEW_GLASGOW	2020	2	22	53	-13.5	1.5	11.3651073044956	-999.9	0	4.54861111111111	3.00596571382911	330
NEW_GLASGOW	2020	2	23	54	-3	4.5	8.14901777655522	-999.9	0	3.46064814814814	4.06651891023502	330
NEW_GLASGOW	2020	2	24	55	-4.5	4.5	9.05139845764102	-999.9	0	3.78472222222222	4.86895308528833	330
NEW_GLASGOW	2020	2	25	56	1	6.5	7.17408595572347	-999.9	0	2.32638888888889	5.37867671326644	330
NEW_GLASGOW	2020	2	26	57	-3	3	7.59662498899655	-999.9	0	2.75462962962963	5.11189570010338	330
NEW_GLASGOW	2020	2	27	58	-3	2	7.03002768622343	-999.9	4	6.44675925925925	4.93186276151851	330
NEW_GLASGOW	2020	2	28	59	-6	2	9.01382934120703	-999.9	0	5.79861111111111	3.6937008584617	330
NEW_GLASGOW	2020	2	29	60	-8.5	2	10.4668235703306	-999.9	25	2.08333333333333	3.73535389622975	330
NEW_GLASGOW	2020	3	1	61	-3	0	5.67020510264821	-999.9	18	4.43287037037036	4.88941416528989	330
NEW_GLASGOW	2020	3	2	62	-9	3	11.4923027735757	-999.9	2.4	3.98148148148147	3.80584541282761	330
NEW_GLASGOW	2020	3	3	63	-4.5	6	10.8930200663568	-999.9	4.6	4.32870370370369	6.64871391496077	330
NEW_GLASGOW	2020	3	4	64	2	6	6.81205866694547	-999.9	11	6.88657407407408	6.95999119476963	330
NEW_GLASGOW	2020	3	5	65	-0.5	1	4.22615009127529	-999.9	0	7.26851851851853	4.43707404015206	330
NEW_GLASGOW	2020	3	6	66	-5	-1	6.99093223982743	-999.9	0	3.76157407407408	3.00368508686839	330
NEW_GLASGOW	2020	3	7	67	-8	-2.5	8.30320878730111	-999.9	0	10.0925925925926	3.18649018625252	330
NEW_GLASGOW	2020	3	8	68	-9	1.5	11.6190696373662	-999.9	0	3.71527777777778	3.06830303678234	330
NEW_GLASGOW	2020	3	9	69	-6	-4.5	4.44719253662611	-999.9	1.4	3.4375	3.04378522934853	330
NEW_GLASGOW	2020	3	10	70	-9	3	12.7363511369777	-999.9	0	4.44444444444444	4.00268449158363	330
NEW_GLASGOW	2020	3	11	71	-3	-1	5.26420813946693	-999.9	0	3.85416666666667	4.6445122164821	330
NEW_GLASGOW	2020	3	12	72	-6	-1.5	7.99349363907545	-999.9	0	2.47685185185185	3.03055753798887	330
NEW_GLASGOW	2020	3	13	73	-13	5	16.1817985487003	-999.9	2	6.85185185185186	4.20843574598349	330
NEW_GLASGOW	2020	3	14	74	2	5	6.68587709918692	-999.9	0	6.75925925925925	4.280927175	330
NEW_GLASGOW	2020	3	15	75	-5.5	-1.5	7.81234334777782	-999.9	0	5.08101851851853	3.02159444682337	330
NEW_GLASGOW	2020	3	16	76	-8	-3.5	8.38410709198774	-999.9	0	4.43287037037036	3.05738957085063	330
NEW_GLASGOW	2020	3	17	77	-10	2	13.851138242049	-999.9	2	5.56712962962964	3.68987615888338	330
NEW_GLASGOW	2020	3	18	78	-1	2	7.00558200104315	-999.9	0	4.16666666666667	3.11952373246218	330
NEW_GLASGOW	2020	3	19	79	-8	3.5	13.8728346398905	-999.9	3	2.70833333333333	2.88465250686513	330
NEW_GLASGOW	2020	3	20	80	2	9	10.9456476497452	-999.9	0	7.1875	8.04523517159411	330
NEW_GLASGOW	2020	3	21	81	0.5	3.5	7.24556473825244	-999.9	0	6.64351851851853	3.61928174918529	330
NEW_GLASGOW	2020	3	22	82	-9	-5	8.45869555117722	-999.9	0	5.02314814814814	1.97948845957608	330
NEW_GLASGOW	2020	3	23	83	-12	1.5	15.7088473340332	-999.9	0	3.57638888888889	2.66266065458391	330
NEW_GLASGOW	2020	3	24	84	-3.5	0.5	8.64277873093668	-999.9	0	6.44675925925925	4.9365732586832	330
NEW_GLASGOW	2020	3	25	85	-3.5	4	11.9602878995098	-999.9	0	2.83564814814814	4.65518191586488	330
NEW_GLASGOW	2020	3	26	86	-1.5	2	8.25608229460065	-999.9	12	4.66435185185186	4.90461436276847	330
NEW_GLASGOW	2020	3	27	87	-2	0.5	7.04985443611692	-999.9	0	5.83333333333333	5.3932865641044	330
NEW_GLASGOW	2020	3	28	88	-1.5	6	12.3353622804855	-999.9	0	3.73842592592592	3.14949679236548	330
NEW_GLASGOW	2020	3	29	89	-9.5	6	17.9117936574298	-999.9	0	1.99074074074074	3.49314355136112	330
NEW_GLASGOW	2020	3	30	90	-2	1	7.95841346132369	-999.9	0	6.21527777777778	4.60414139771872	330
NEW_GLASGOW	2020	3	31	91	-1.5	3	9.84249857628276	-999.9	1	5.83333333333333	5.2653571074352	330
NEW_GLASGOW	2020	4	1	92	0	2	6.62503003097386	-999.9	3	2.97453703703703	6.8197993995323	330
NEW_GLASGOW	2020	4	2	93	0.5	3.5	8.19120318299576	-999.9	0	6.46990740740742	7.3373523428077	330
NEW_GLASGOW	2020	4	3	94	1.5	3	5.84638434814777	-999.9	0	9.12037037037036	5.93401349613482	330
NEW_GLASGOW	2020	4	4	95	-2	1.5	9.01303091307816	-999.9	0	4.86111111111111	4.92781081339606	330
NEW_GLASGOW	2020	4	5	96	-3	4.5	13.3138309646845	-999.9	0	2.01388888888889	5.19745372479937	330
NEW_GLASGOW	2020	4	6	97	1.5	9	13.4331886070818	-999.9	0	4.46759259259258	5.80245997338319	330
NEW_GLASGOW	2020	4	7	98	0	3	8.57088657967801	-999.9	0	3.06712962962964	3.98041452305153	330
NEW_GLASGOW	2020	4	8	99	-2.5	4	12.7256239330369	-999.9	0	2.16435185185185	4.41387152968769	330
NEW_GLASGOW	2020	4	9	100	-2	5	13.3189336545831	-999.9	5	3.39120370370369	4.18418645844873	330
NEW_GLASGOW	2020	4	10	101	-5	5.5	16.4495480847278	-999.9	4	8.72685185185186	5.75781541898854	330
NEW_GLASGOW	2020	4	11	102	0	6.5	13.0495601139259	-999.9	0	5.10416666666667	5.52720825682197	330
NEW_GLASGOW	2020	4	12	103	-0.5	10	16.7207150647946	-999.9	0	4.71064814814814	5.02264592052302	330
NEW_GLASGOW	2020	4	13	104	3	12	15.6042802585457	-999.9	15.2	5.64814814814814	7.46845602798813	330
NEW_GLASGOW	2020	4	14	105	9	14.5	12.2944068342939	-999.9	0	6.15740740740742	7.62360092786329	330
NEW_GLASGOW	2020	4	15	106	1.5	9	14.4677919778919	-999.9	0	3.07870370370369	5.29092266778571	330
NEW_GLASGOW	2020	4	16	107	0.5	5	11.2918500545197	-999.9	0	3.36805555555556	4.71269845348796	330
NEW_GLASGOW	2020	4	17	108	1.5	6.5	11.9914887803019	-999.9	0	3.62268518518519	3.71484227141386	330
NEW_GLASGOW	2020	4	18	109	-1	4.5	12.6689596854978	-999.9	0	3.09027777777778	4.19687166493696	330
NEW_GLASGOW	2020	4	19	110	0	7	14.3953624713651	-999.9	0	4.96527777777778	4.98959526222966	330
NEW_GLASGOW	2020	4	20	111	-5.5	9	20.8648015739513	-999.9	0	4.84953703703703	5.82784596993775	330
NEW_GLASGOW	2020	4	21	112	-1	7	15.6053982833006	-999.9	1.6	3.57638888888889	5.04483160188243	330
NEW_GLASGOW	2020	4	22	113	0.5	8	15.2125940411502	-999.9	4.6	7.44212962962964	5.17241426765221	330
NEW_GLASGOW	2020	4	23	114	-3	5	15.8162616044455	-999.9	0	6.18055555555556	3.78842192063069	330
NEW_GLASGOW	2020	4	24	115	0	12.5	19.8995716347884	-999.9	0	3.78472222222222	4.43334006252079	330
NEW_GLASGOW	2020	4	25	116	2	12	17.9127607413056	-999.9	0	2.70833333333333	4.62169203585186	330
NEW_GLASGOW	2020	4	26	117	-4	13	23.5020084297144	-999.9	0	2.71990740740741	3.47159355688412	330
NEW_GLASGOW	2020	4	27	118	2	6	11.470251870906	-999.9	0	6.50462962962964	5.24739793214431	330
NEW_GLASGOW	2020	4	28	119	2	4.5	9.1226312215096	-999.9	0	8.64583333333333	5.29360919023993	330
NEW_GLASGOW	2020	4	29	120	2.5	5	9.17639827513602	-999.9	0	5.97222222222222	4.91746894971422	330
NEW_GLASGOW	2020	4	30	121	0.5	15.5	22.6071211518279	-999.9	0	3.34490740740742	5.62502985372173	330
NEW_GLASGOW	2020	5	1	122	5	15.5	19.0211678117936	-999.9	5.4	7.52314814814814	8.55866086644978	330
NEW_GLASGOW	2020	5	2	123	6	11	13.198245598141	-999.9	2.8	5.28935185185186	9.64347676408401	330
NEW_GLASGOW	2020	5	3	124	4	13.5	18.2905905991396	-999.9	0	4.23611111111111	6.12325834386132	330
NEW_GLASGOW	2020	5	4	125	5.5	9.5	11.9310030644418	-999.9	15.8	5.79861111111111	7.56976808554944	330
NEW_GLASGOW	2020	5	5	126	1.5	3.5	8.47987735237271	-999.9	10	7.23379629629631	6.63712522104429	330
NEW_GLASGOW	2020	5	6	127	1	10.5	18.5742302755811	-999.9	0	5.43981481481481	6.33046634922961	330
NEW_GLASGOW	2020	5	7	128	-2	6	17.1283513795163	-999.9	0	2.28009259259259	5.84960746438221	330
NEW_GLASGOW	2020	5	8	129	1.5	13	20.6342359472315	-999.9	5.8	3.33333333333333	6.46472496516922	330
NEW_GLASGOW	2020	5	9	130	0	7	16.1735368395965	-999.9	21.8	3.70370370370369	7.31917279343698	330
NEW_GLASGOW	2020	5	10	131	1	6.5	14.4012999189954	-999.9	0	7.87037037037036	5.64421146163665	330
NEW_GLASGOW	2020	5	11	132	3	16	22.2384492364036	-999.9	1.6	6.06481481481481	6.6102593958451	330
NEW_GLASGOW	2020	5	12	133	5.5	6.5	6.19432007057701	-999.9	10.6	3.4375	7.59479677255557	330
NEW_GLASGOW	2020	5	13	134	2	10.5	18.1347890832608	-999.9	0	4.35185185185186	6.53078030910148	330
NEW_GLASGOW	2020	5	14	135	0.5	10	19.2496602973692	-999.9	0	5.06944444444445	5.08657928279644	330
NEW_GLASGOW	2020	5	15	136	6	10.5	13.3007089682104	-999.9	0.5	2.90509259259258	6.14097395227737	330
NEW_GLASGOW	2020	5	16	137	0.5	9.5	18.8819274194885	-999.9	0	2.37268518518519	5.96373115736845	330
NEW_GLASGOW	2020	5	17	138	-1	20	28.9494780557755	-999.9	0	3.81944444444444	7.88663143746515	330
NEW_GLASGOW	2020	5	18	139	0	10.5	20.543832240382	-999.9	0	3.27546296296297	7.12852248170982	330
NEW_GLASGOW	2020	5	19	140	-1	9	20.1183535054639	-999.9	0	4.25925925925925	5.83860213629782	330
NEW_GLASGOW	2020	5	20	141	3	17	23.884281590146	-999.9	0	3.31018518518519	5.82484636598498	330
NEW_GLASGOW	2020	5	21	142	6.5	24.5	27.1700506177284	-999.9	0	6.34259259259258	9.11713995977062	330
NEW_GLASGOW	2020	5	22	143	10	21	21.306251851426	-999.9	0	5.60185185185186	7.36006938813837	330
NEW_GLASGOW	2020	5	23	144	-1	9.5	20.8791374516421	-999.9	0	4.61805555555556	4.12062619514979	330
NEW_GLASGOW	2020	5	24	145	-2	19	29.6132169913501	-999.9	0	3.22916666666667	5.4327320840277	330
NEW_GLASGOW	2020	5	25	146	9	21.5	22.910786785707	-999.9	0	5.78703703703703	6.04618085100239	330
NEW_GLASGOW	2020	5	26	147	11.5	24.5	23.4270125746059	-999.9	8	7.25694444444445	14.4175293280508	330
NEW_GLASGOW	2020	5	27	148	16	20.5	13.8185688941722	-999.9	1	2.63888888888889	19.0803101510996	330
NEW_GLASGOW	2020	5	28	149	14	28.5	24.8658826530983	-999.9	0	6.74768518518519	18.6762718234551	330
NEW_GLASGOW	2020	5	29	150	16.5	24.5	18.51311826548	-999.9	0	7.43055555555556	20.0160134553719	330
NEW_GLASGOW	2020	5	30	151	18	23	14.6685120600784	-999.9	1.8	7.24537037037036	18.7993357499481	330
NEW_GLASGOW	2020	5	31	152	13	23	20.7883224982369	-999.9	0	4.02777777777778	14.586128928182	330
NEW_GLASGOW	2020	6	1	153	7.5	15	18.0393338820752	-999.9	3.1	4.21296296296297	8.49423007231297	330
NEW_GLASGOW	2020	6	2	154	9	11	9.33313261719791	-999.9	5.8	3.42592592592592	9.12510079450645	330
NEW_GLASGOW	2020	6	3	155	6	15	19.8339190596693	-999.9	0	6.03009259259258	10.1576345854842	330
NEW_GLASGOW	2020	6	4	156	10	23.5	24.3322004891144	-999.9	0	4.35185185185186	13.067628607491	330
NEW_GLASGOW	2020	6	5	157	13.5	25.5	22.9765503415147	-999.9	0	4.98842592592592	16.8867418708195	330
NEW_GLASGOW	2020	6	6	158	12	15	11.505012796543	-999.9	9.9	3.88888888888889	12.4083654520033	330
NEW_GLASGOW	2020	6	7	159	8	11	11.5205191561297	-999.9	11.6	6.60879629629631	9.64895278336785	330
NEW_GLASGOW	2020	6	8	160	7.5	13	15.6181814895361	-999.9	4	3.40277777777778	9.19610485605457	330
NEW_GLASGOW	2020	6	9	161	8	13	14.908180863293	-999.9	3.4	3.26388888888889	10.0314636736042	330
NEW_GLASGOW	2020	6	10	162	0	18.5	28.7057535794973	-999.9	0	3.48379629629631	7.37186754961368	330
NEW_GLASGOW	2020	6	11	163	9	21	23.1403607296242	-999.9	1.2	8.40277777777778	9.79019370670146	330
NEW_GLASGOW	2020	6	12	164	16	20	13.3708479663102	-999.9	3.6	5.81018518518519	17.9874275825516	330
NEW_GLASGOW	2020	6	13	165	14	17.5	12.5159992495219	-999.9	0	3.79629629629631	12.3059073367185	330
NEW_GLASGOW	2020	6	14	166	10	12	9.46677829664362	-999.9	0	4.78009259259258	10.3934836752583	330
NEW_GLASGOW	2020	6	15	167	9.5	17	18.3411575632819	-999.9	0	2.5462962962963	9.39454756374984	330
NEW_GLASGOW	2020	6	16	168	6.5	27	30.3343842717946	-999.9	0	3.27546296296297	11.0174456018373	330
NEW_GLASGOW	2020	6	17	169	15	27.5	23.6934707537149	-999.9	0	5.30092592592592	10.9272871979281	330
NEW_GLASGOW	2020	6	18	170	17	31.5	25.5226881378898	-999.9	0	5.49768518518519	14.5933212111329	330
NEW_GLASGOW	2020	6	19	171	18.5	33	25.5239855650837	-999.9	0	4.32870370370369	18.044688262986	330
NEW_GLASGOW	2020	6	20	172	13	15	9.47883420308291	-999.9	0	4.30555555555556	15.4861243817095	330
NEW_GLASGOW	2020	6	21	173	11	24	24.1624198589705	-999.9	0	3.65740740740742	15.7617687314363	330
NEW_GLASGOW	2020	6	22	174	13	29	26.7985291010112	-999.9	0	4.0625	18.6760633826202	330
NEW_GLASGOW	2020	6	23	175	18	30	23.1994242626867	-999.9	0	3.86574074074075	23.2727703221383	330
NEW_GLASGOW	2020	6	24	176	18.5	29	21.6905346564628	-999.9	0	4.59490740740742	22.799746535103	330
NEW_GLASGOW	2020	6	25	177	21	26.5	15.6891487052024	-999.9	0	4.83796296296297	19.7327259228821	330
NEW_GLASGOW	2020	6	26	178	17	28.5	22.6705876724221	-999.9	0	3.22916666666667	15.669406062053	330
NEW_GLASGOW	2020	6	27	179	16	27.5	22.6522833685753	-999.9	0	3.34490740740742	17.8470655167892	330
NEW_GLASGOW	2020	6	28	180	18.5	26	18.2766363977085	-999.9	0.4	4.32870370370369	19.3832922346644	330
NEW_GLASGOW	2020	6	29	181	17.5	23	15.6351806678515	-999.9	0	1.90972222222222	20.5976636761992	330
NEW_GLASGOW	2020	6	30	182	17.5	22	14.1265806002656	-999.9	0	3.05555555555556	21.3728634520992	330
NEW_GLASGOW	2020	7	1	183	17.5	24	16.9570379501442	-999.9	0	1.12268518518519	22.02965945615	330
NEW_GLASGOW	2020	7	2	184	17	28.5	22.5246472123373	-999.9	6.4	4.54861111111111	22.3595973621194	330
NEW_GLASGOW	2020	7	3	185	13.5	18	14.0696825443426	-999.9	0	3.57638888888889	14.0438264344215	330
NEW_GLASGOW	2020	7	4	186	12.5	24	22.4568623286188	-999.9	0	4.38657407407408	15.9561942637056	330
NEW_GLASGOW	2020	7	5	187	14.5	22	18.1053113608037	-999.9	2.4	3.70370370370369	16.1715514082139	330
NEW_GLASGOW	2020	7	6	188	13.5	16.5	11.4304739154936	-999.9	22.6	2.40740740740741	12.5087870284181	330
NEW_GLASGOW	2020	7	7	189	6.5	21.5	25.5111742269552	-999.9	0	2.41898148148148	13.1698309342493	330
NEW_GLASGOW	2020	7	8	190	14	20	16.1025459455613	-999.9	3.6	5.74074074074075	16.239813483053	330
NEW_GLASGOW	2020	7	9	191	15	25	20.7446369121585	-999.9	6	2.06018518518519	20.3159801941387	330
NEW_GLASGOW	2020	7	10	192	14.5	25	21.2099737666306	-999.9	0	1.30787037037037	20.0185506397012	330
NEW_GLASGOW	2020	7	11	193	14	28	24.4344056498663	-999.9	4.2	5.05787037037036	23.3257655115765	330
NEW_GLASGOW	2020	7	12	194	20.5	29.5	19.5435670949713	-999.9	0.4	5.49768518518519	26.4269806447321	330
NEW_GLASGOW	2020	7	13	195	19.5	31	22.0357963644122	-999.9	0	4.79166666666667	21.9569843725436	330
NEW_GLASGOW	2020	7	14	196	16	17.5	7.93734088789435	-999.9	0.4	5.64814814814814	15.512985239843	330
NEW_GLASGOW	2020	7	15	197	14.5	17	10.2188302414793	-999.9	0.6	5.85648148148147	13.6698954904941	330
NEW_GLASGOW	2020	7	16	198	15	18	11.1620937329837	-999.9	0	3.22916666666667	10.8803882180233	330
NEW_GLASGOW	2020	7	17	199	14	28	24.0411292223843	-999.9	0.6	2.43055555555556	12.8408589043283	330
NEW_GLASGOW	2020	7	18	200	13	22	19.216297743746	-999.9	0	2.1875	17.2582134784552	330
NEW_GLASGOW	2020	7	19	201	15	30	24.7288193560987	-999.9	0	2.93981481481481	20.7258508413716	330
NEW_GLASGOW	2020	7	20	202	21	30	19.0914895196451	-999.9	0	6.14583333333333	23.0592050554656	330
NEW_GLASGOW	2020	7	21	203	19	26	16.7795282287002	-999.9	0	2.89351851851853	17.2726014181933	330
NEW_GLASGOW	2020	7	22	204	13	27	23.6460230828909	-999.9	0	2.30324074074074	14.3409863740853	330
NEW_GLASGOW	2020	7	23	205	15	23.5	18.3576864427965	-999.9	1	2.01388888888889	19.7502614238609	330
NEW_GLASGOW	2020	7	24	206	15	27.5	22.1783246695443	-999.9	0.6	2.01388888888889	20.3421454150495	330
NEW_GLASGOW	2020	7	25	207	17	31	23.3804929566309	-999.9	0	3.83101851851853	18.4127475375239	330
NEW_GLASGOW	2020	7	26	208	19	23.5	13.2026861581648	-999.9	3	2.68518518518519	17.4818652081861	330
NEW_GLASGOW	2020	7	27	209	18	25	16.3991654488798	-999.9	2.2	1.63194444444444	20.4654232817488	330
NEW_GLASGOW	2020	7	28	210	20	27.5	16.9032467480367	-999.9	15.6	2.06018518518519	25.9836875136354	330
NEW_GLASGOW	2020	7	29	211	20	23.5	11.4971494264606	-999.9	0	0.775462962962964	23.1037332680411	330
NEW_GLASGOW	2020	7	30	212	20	30	19.3473941422671	-999.9	8.8	1.93287037037037	24.3313477789964	330
NEW_GLASGOW	2020	7	31	213	20	25	13.6183114472005	-999.9	2.8	2.26851851851852	20.1629836730453	330
NEW_GLASGOW	2020	8	1	214	17	25	17.1454255588029	-999.9	3	2.83564814814814	17.4191316669081	330
NEW_GLASGOW	2020	8	2	215	18	30	20.8981539150776	-999.9	0	2.77777777777778	17.6563011585337	330
NEW_GLASGOW	2020	8	3	216	19.5	30	19.4524700200723	-999.9	0	5.72916666666667	21.3862885042456	330
NEW_GLASGOW	2020	8	4	217	16.5	25	17.4140953867752	-999.9	0	4.16666666666667	18.4538443149532	330
NEW_GLASGOW	2020	8	5	218	16.5	29.5	21.4250967888381	-999.9	0.4	5	21.4648601096215	330
NEW_GLASGOW	2020	8	6	219	19	28	17.7329136893879	-999.9	0	5.17361111111111	17.265116989976	330
NEW_GLASGOW	2020	8	7	220	17	29	20.365966423758	-999.9	0	4.07407407407408	15.0840504293106	330
NEW_GLASGOW	2020	8	8	221	16	31	22.6445223814738	-999.9	0	2.31481481481481	16.2246125711223	330
NEW_GLASGOW	2020	8	9	222	18.5	31.5	20.9623360630982	-999.9	0	3.61111111111111	17.2214980744696	330
NEW_GLASGOW	2020	8	10	223	16	30.5	22.0114957513604	-999.9	0	2.83564814814814	20.591527782804	330
NEW_GLASGOW	2020	8	11	224	21	30	17.2397591130029	-999.9	0	5.16203703703703	25.0550030150922	330
NEW_GLASGOW	2020	8	12	225	21	30.5	17.6060815091801	-999.9	0	5.625	24.8618803369588	330
NEW_GLASGOW	2020	8	13	226	20	30.5	18.3964004151714	-999.9	0	2.69675925925926	21.43140421694	330
NEW_GLASGOW	2020	8	14	227	16.5	25	16.4486798427823	-999.9	0	3.95833333333333	18.3193270640762	330
NEW_GLASGOW	2020	8	15	228	17.5	25	15.352582127177	-999.9	0	3.95833333333333	18.1669575735472	330
NEW_GLASGOW	2020	8	16	229	15	25	17.6126861164387	-999.9	0	1.78240740740741	16.4282060379784	330
NEW_GLASGOW	2020	8	17	230	13	21.5	16.130773602268	-999.9	1.2	1.99074074074074	15.4654742133404	330
NEW_GLASGOW	2020	8	18	231	12.5	20	15.0501767294768	-999.9	1	2.71990740740741	16.7146561422241	330
NEW_GLASGOW	2020	8	19	232	13	25.5	19.2963900108769	-999.9	0	4.43287037037036	16.3312690832904	330
NEW_GLASGOW	2020	8	20	233	14	24.5	17.5618567114715	-999.9	0	4.30555555555556	11.8056797757632	330
NEW_GLASGOW	2020	8	21	234	8.5	21	19.0252292692599	-999.9	0	2.51157407407408	14.4219430113795	330
NEW_GLASGOW	2020	8	22	235	9.5	24.5	20.6901579252995	-999.9	0	2.25694444444444	12.6057919489454	330
NEW_GLASGOW	2020	8	23	236	7	27.5	24.0094572898794	-999.9	0	3.28703703703703	14.4346317411978	330
NEW_GLASGOW	2020	8	24	237	15	25	16.6431831555469	-999.9	0.6	3.125	15.5163636989353	330
NEW_GLASGOW	2020	8	25	238	11.5	23	17.711683092196	-999.9	24.4	4.5	18.8435102962014	330
NEW_GLASGOW	2020	8	26	239	13	19	12.6941727761003	-999.9	0	4.03703703703703	12.3819777235523	330
NEW_GLASGOW	2020	8	27	240	7	18	17.0524251650847	-999.9	0	6.05820105820106	9.46140496141284	330
NEW_GLASGOW	2020	8	28	241	7.5	21.5	19.0834919711192	-999.9	0	3.73188405797103	11.1521430731235	330
NEW_GLASGOW	2020	8	29	242	6.5	28	23.4563214336416	-999.9	25.2	3.07870370370369	11.3806785575813	330
NEW_GLASGOW	2020	8	30	243	13.5	23.5	15.8646390921482	-999.9	4.4	4.23611111111111	17.7568743005328	330
NEW_GLASGOW	2020	8	31	244	12	17.5	11.666581070584	-999.9	0	3.50694444444444	11.7063701728547	330
NEW_GLASGOW	2020	9	1	245	5	20	19.1021550765379	-999.9	0	1.93287037037037	12.2844517059878	330
NEW_GLASGOW	2020	9	2	246	8	22	18.2943735144592	-999.9	3.4	5.13888888888889	13.1108377992307	330
NEW_GLASGOW	2020	9	3	247	12	24	16.7881619737879	-999.9	2	4.98842592592592	20.1814581311435	330
NEW_GLASGOW	2020	9	4	248	20	26	11.7649286682916	-999.9	0	5.70601851851853	21.0385263856318	330
NEW_GLASGOW	2020	9	5	249	15	22.5	13.0342946825221	-999.9	0	3.26388888888889	13.2392346980041	330
NEW_GLASGOW	2020	9	6	250	11	22.5	15.9915699407011	-999.9	0	3.00925925925925	13.6165554764924	330
NEW_GLASGOW	2020	9	7	251	8	25	19.2616705455709	-999.9	0	4.34027777777778	13.6479662157692	330
NEW_GLASGOW	2020	9	8	252	15	25.5	14.9945515381282	-999.9	0	5.15046296296297	19.1291726303035	330
NEW_GLASGOW	2020	9	9	253	13	25	15.8759914912917	-999.9	0	2.30324074074074	19.9336208161811	330
NEW_GLASGOW	2020	9	10	254	15	25	14.3517132369737	-999.9	0	3.76157407407408	20.2470236245951	330
NEW_GLASGOW	2020	9	11	255	13	15	6.35498377016688	-999.9	1.4	5.32407407407408	10.6537587773525	330
NEW_GLASGOW	2020	9	12	256	4	20	17.794976821309	-999.9	0	2.92824074074075	10.5793428127585	330
NEW_GLASGOW	2020	9	13	257	7	20.5	16.1802312165993	-999.9	2	5.56712962962964	12.7372129891352	330
NEW_GLASGOW	2020	9	14	258	14	21.5	11.9363473614052	-999.9	0	5.05787037037036	12.700245592013	330
NEW_GLASGOW	2020	9	15	259	10	15	9.64476297175898	-999.9	0	2.85879629629631	8.49879698052087	330
NEW_GLASGOW	2020	9	16	260	2	18	17.0716409766971	-999.9	1.5	5.52083333333333	8.94025709418766	330
NEW_GLASGOW	2020	9	17	261	15.5	22	10.7652447859551	-999.9	0	6.40046296296297	13.9428652258803	330
NEW_GLASGOW	2020	9	18	262	15	18	7.23474672084597	-999.9	0	4.69907407407408	9.44375123249892	330
NEW_GLASGOW	2020	9	19	263	8.5	14.5	10.1199331599996	-999.9	0	4.29398148148147	6.81127859953769	330
NEW_GLASGOW	2020	9	20	264	-0.5	13.5	15.287960512989	-999.9	0	3.09027777777778	7.6414374156273	330
NEW_GLASGOW	2020	9	21	265	-0.5	15	15.9066783161254	-999.9	0	2.4537037037037	7.67072354745517	330
NEW_GLASGOW	2020	9	22	266	1	16.5	15.7272449514715	-999.9	60.2	5.52083333333333	10.1801692159949	330
NEW_GLASGOW	2020	9	23	267	5	15	12.4883618245041	-999.9	23	5.33564814814814	14.4227046534502	330
NEW_GLASGOW	2020	9	24	268	12	19.5	10.690568945462	-999.9	0	3.72685185185186	12.4095975719503	330
NEW_GLASGOW	2020	9	25	269	7	16.5	11.8916827973403	-999.9	0	3.14814814814814	8.63267608571169	330
NEW_GLASGOW	2020	9	26	270	3	22.5	16.836715561431	-999.9	0	4.01620370370369	11.4500257461784	330
NEW_GLASGOW	2020	9	27	271	14.5	22.5	10.6559337928381	-999.9	0	5.53240740740742	17.8989275988386	330
NEW_GLASGOW	2020	9	28	272	18	26	10.5280169435843	-999.9	0	5.55555555555556	22.299944612398	330
NEW_GLASGOW	2020	9	29	273	20	26	9.00703081063443	-999.9	0	7.29166666666667	22.3396908762475	330
NEW_GLASGOW	2020	9	30	274	19	25	8.89685049141884	-999.9	3.6	7.88194444444445	20.5214478141155	330
NEW_GLASGOW	2020	10	1	275	13	21.5	10.4586554551287	-999.9	0	4.65277777777778	14.7322359896794	330
NEW_GLASGOW	2020	10	2	276	11.5	20	10.3284131289065	-999.9	1	2.69675925925926	15.4701367420112	330
NEW_GLASGOW	2020	10	3	277	12	15	6.05892430783579	-999.9	1.2	2.53472222222222	11.2467116270862	330
NEW_GLASGOW	2020	10	4	278	5	14.5	10.6453890915693	-999.9	2.2	2.16435185185185	9.58197569615648	330
NEW_GLASGOW	2020	10	5	279	7	18	11.3087893947064	-999.9	0	2.37268518518519	10.7236851233376	330
NEW_GLASGOW	2020	10	6	280	4	17.5	12.3669636255448	-999.9	0	5.39351851851853	12.1780772976548	330
NEW_GLASGOW	2020	10	7	281	7	17.5	10.7652698550746	-999.9	10.2	4.65277777777778	13.7659391457467	330
NEW_GLASGOW	2020	10	8	282	11	13	4.63701302483348	-999.9	20	6.79398148148147	8.88294515377553	330
NEW_GLASGOW	2020	10	9	283	4.5	9.5	7.23538660402751	-999.9	0	6.13425925925925	4.6601093751817	330
NEW_GLASGOW	2020	10	10	284	0	18.5	13.7333938207971	-999.9	21	6.13425925925925	9.28817016499605	330
NEW_GLASGOW	2020	10	11	285	7	8.5	3.85848050551804	-999.9	1	5.50925925925925	8.72387003193909	330
NEW_GLASGOW	2020	10	12	286	1.5	10.5	9.32471649029337	-999.9	0	2.26851851851852	6.88707716678179	330
NEW_GLASGOW	2020	10	13	287	-2	18	13.7132318997501	-999.9	0	3.28703703703703	8.02232907300099	330
NEW_GLASGOW	2020	10	14	288	6.5	19	10.6944585773563	-999.9	23.8	6.81712962962964	13.9094534600401	330
NEW_GLASGOW	2020	10	15	289	6.5	16.5	9.43524497015402	-999.9	0	3.21759259259258	10.6755895522732	330
NEW_GLASGOW	2020	10	16	290	7.5	21	10.8128909632092	-999.9	0	4.32870370370369	11.8080865802345	330
NEW_GLASGOW	2020	10	17	291	17	21	5.80498526629107	-999.9	8	6.74768518518519	12.4979261063599	330
NEW_GLASGOW	2020	10	18	292	5	12.5	7.83925002354285	-999.9	0	2.09490740740741	7.89681367641264	330
NEW_GLASGOW	2020	10	19	293	0	15	10.9330435844479	-999.9	9.4	0.983796296296297	10.6237509541888	330
NEW_GLASGOW	2020	10	20	294	11	18.5	7.62357689202723	-999.9	0.8	2.95138888888889	14.4980464181207	330
NEW_GLASGOW	2020	10	21	295	4	14.5	8.89485904504329	-999.9	0.4	3.81944444444444	12.621042075721	330
NEW_GLASGOW	2020	10	22	296	7.5	16	7.89143963989241	-999.9	0	3.96990740740742	10.5712499424516	330
NEW_GLASGOW	2020	10	23	297	1	11	8.43991052343815	-999.9	0.1	2.16435185185185	8.04183371238796	330
NEW_GLASGOW	2020	10	24	298	8	14	6.4460841116863	-999.9	0	3.95833333333333	10.5832175669756	330
NEW_GLASGOW	2020	10	25	299	5	8	4.49425520429222	-999.9	0.4	5.10416666666667	6.03751293926506	330
NEW_GLASGOW	2020	10	26	300	-2	9	8.48530372175911	-999.9	4	1.66666666666667	5.49279844753376	330
NEW_GLASGOW	2020	10	27	301	4.5	7	3.98855163813887	-999.9	3.4	3.32175925925925	7.51436737682085	330
NEW_GLASGOW	2020	10	28	302	1	5	4.97453773962044	-999.9	0	2.11805555555556	4.85835087804224	330
NEW_GLASGOW	2020	10	29	303	-3	8.5	8.31679064301355	-999.9	0.8	3.26388888888889	6.54150893802853	330
NEW_GLASGOW	2020	10	30	304	2	4	3.41991964926948	-999.9	2	6.85185185185186	4.11714532336309	330
NEW_GLASGOW	2020	10	31	305	0	5	5.33203945500533	-999.9	0	3.50694444444444	3.87941598771737	330
NEW_GLASGOW	2020	11	1	306	-6	14	10.5159314287357	-999.9	19	5.65972222222222	5.91946048653138	330
NEW_GLASGOW	2020	11	2	307	7	15	6.55877518782245	-999.9	4.2	9.34027777777778	8.50525080235652	330
NEW_GLASGOW	2020	11	3	308	-2	0	3.23416464689315	-999.9	2	5.99537037037036	3.78827562490246	330
NEW_GLASGOW	2020	11	4	309	-3	4.5	6.17696832006749	-999.9	0	3.19444444444444	3.62794062897949	330
NEW_GLASGOW	2020	11	5	310	-5	13.5	9.56886498384294	-999.9	0	7.22222222222222	7.8058469184623	330
NEW_GLASGOW	2020	11	6	311	12	15	3.80102986436322	-999.9	0	4.96527777777778	12.3970717865944	330
NEW_GLASGOW	2020	11	7	312	6	14.5	6.31184962290194	-999.9	0	4.50231481481481	8.71394873681419	330
NEW_GLASGOW	2020	11	8	313	2.5	9.5	5.65128770051207	-999.9	0.4	2.16435185185185	5.74697528493272	330
NEW_GLASGOW	2020	11	9	314	-1	14	8.16289633286511	-999.9	0	3.56481481481481	10.3529589407912	330
NEW_GLASGOW	2020	11	10	315	9.5	22.5	7.49935743590023	-999.9	0	4.62962962962964	12.7325488361126	330
NEW_GLASGOW	2020	11	11	316	12	18	5.02851461514906	-999.9	1	5.67129629629631	13.1539209406691	330
NEW_GLASGOW	2020	11	12	317	8	16	5.73169909439059	-999.9	0.4	3.49537037037036	10.1254467846499	330
NEW_GLASGOW	2020	11	13	318	3	8	4.47368024730312	-999.9	4	2.53472222222222	6.5485478918026	330
NEW_GLASGOW	2020	11	14	319	2.5	6	3.69596198472852	-999.9	7.4	2.07175925925926	7.4466962075363	330
NEW_GLASGOW	2020	11	15	320	0	7	5.16217605734661	-999.9	1.4	2.69675925925926	5.48338590673418	330
NEW_GLASGOW	2020	11	16	321	2	8	4.72097140833446	-999.9	6.6	6.42361111111111	8.48859832893047	330
NEW_GLASGOW	2020	11	17	322	3	6.5	3.56244568855684	-999.9	0	3.98148148148147	5.00066581254991	330
NEW_GLASGOW	2020	11	18	323	-2	1	3.25930355999383	-999.9	0	4.08564814814814	3.86548174593331	330
NEW_GLASGOW	2020	11	19	324	-4	4.5	5.42275566913108	-999.9	2	4.38271604938272	3.9238727487103	330
NEW_GLASGOW	2020	11	20	325	-1	9.5	5.95872085172682	-999.9	0	4.04761904761906	8.00090170220921	330
NEW_GLASGOW	2020	11	21	326	4	9	4.06628334630384	-999.9	0	4.81481481481481	6.42991473148078	330
NEW_GLASGOW	2020	11	22	327	-0.5	2	2.84412262003547	-999.9	0	1.78240740740741	3.7087244593092	330
NEW_GLASGOW	2020	11	23	328	-3	9	6.16525492378488	-999.9	26	7.00231481481481	8.03481842807053	330
NEW_GLASGOW	2020	11	24	329	-0.5	2	2.78505596628833	-999.9	0	6.67824074074075	4.69688405841876	330
NEW_GLASGOW	2020	11	25	330	-4.5	3	4.77556113717176	-999.9	2	3.87731481481481	4.1060242385535	330
NEW_GLASGOW	2020	11	26	331	-1	11	5.9819875710864	-999.9	3	3.62268518518519	8.38125189743736	330
NEW_GLASGOW	2020	11	27	332	4.5	15	5.54302371127402	-999.9	1	4.50231481481481	11.1816327748435	330
NEW_GLASGOW	2020	11	28	333	4	5.5	2.0760403832175	-999.9	1.4	1.84027777777778	7.06654314271171	330
NEW_GLASGOW	2020	11	29	334	1	6	3.75715253248188	-999.9	0	3.06712962962964	5.85034303482142	330
NEW_GLASGOW	2020	11	30	335	-4	18.5	7.9031262970268	-999.9	2.2	3.93518518518519	5.40852584203469	330
NEW_GLASGOW	2020	12	1	336	5	15	5.22632221635114	-999.9	11	9.57175925925925	11.222156862924	330
NEW_GLASGOW	2020	12	2	337	13	14.5	2.00858117156192	-999.9	0	3.94675925925925	11.3636165788126	330
NEW_GLASGOW	2020	12	3	338	1.5	8	4.15060413493201	-999.9	0.2	3.28703703703703	6.20006680222177	330
NEW_GLASGOW	2020	12	4	339	-2	10	5.60045789901596	-999.9	4	4.09722222222222	7.1126351362736	330
NEW_GLASGOW	2020	12	5	340	4	8	3.2122735640414	-999.9	29.2	3.31018518518519	10.014715679368	330
NEW_GLASGOW	2020	12	6	341	3	10	4.22334210729551	-999.9	2	7.22222222222222	8.54679192663581	330
NEW_GLASGOW	2020	12	7	342	1	9	4.48906225653657	-999.9	3.4	4.59490740740742	6.43777108200552	330
NEW_GLASGOW	2020	12	8	343	0	3	2.73436642359156	-999.9	7.8	5.71759259259258	6.08354066775931	330
NEW_GLASGOW	2020	12	9	344	-0.5	1	1.92403244774691	-999.9	0.4	3.71527777777778	5.15299666114604	330
NEW_GLASGOW	2020	12	10	345	-1.5	2	2.92590106167831	-999.9	1	2.10648148148148	5.28804399705809	330
NEW_GLASGOW	2020	12	11	346	-1.5	1.5	2.69796296571429	-999.9	1.4	2.92824074074075	4.90962127558818	330
NEW_GLASGOW	2020	12	12	347	-2	3	3.47059122434973	-999.9	5.4	2.62731481481481	5.33287453041905	330
NEW_GLASGOW	2020	12	13	348	-1	4	3.45972957989943	-999.9	3.4	3.10185185185186	7.60436302148971	330
NEW_GLASGOW	2020	12	14	349	2	4	2.18226952062551	-999.9	3	2.5	6.17831149816403	330
NEW_GLASGOW	2020	12	15	350	-5	-1.5	2.88046689277156	-999.9	0	5.49768518518519	3.143389615428	330
NEW_GLASGOW	2020	12	16	351	-11	-6	3.43676632331596	-999.9	0	4.96527777777778	2.09137122142567	330
NEW_GLASGOW	2020	12	17	352	-9.5	0	4.73112845793047	-999.9	2	3.44907407407408	3.38119947743731	330
NEW_GLASGOW	2020	12	18	353	-2	2	3.06742196651969	-999.9	2	6.96759259259258	5.14787601187922	330
NEW_GLASGOW	2020	12	19	354	-1.5	1	2.42413803053409	-999.9	0	4.54861111111111	4.59740204238292	330
NEW_GLASGOW	2020	12	20	355	-3	5	4.33690238876417	-999.9	1.2	2.69675925925926	4.45517714144609	330
NEW_GLASGOW	2020	12	21	356	-2	4	3.758037244079	-999.9	28.8	3.36805555555556	7.44993775797572	330
NEW_GLASGOW	2020	12	22	357	0	1.5	1.88098385392242	-999.9	6.4	6.50462962962964	6.16325575608299	330
NEW_GLASGOW	2020	12	23	358	-6.5	-1	3.60725924194684	-999.9	0	4.32870370370369	3.18828836331579	330
NEW_GLASGOW	2020	12	24	359	-11.5	10	7.14617287797775	-999.9	1.2	5.21990740740742	4.50063947372906	330
NEW_GLASGOW	2020	12	25	360	0	14.5	5.88297642425296	-999.9	1.5	8.29861111111111	10.4984680689076	330
NEW_GLASGOW	2020	12	26	361	3	15.5	5.47805043107445	-999.9	7.4	8.36805555555556	8.67593865497356	330
NEW_GLASGOW	2020	12	27	362	-3	-0.5	2.45808168352569	-999.9	0	3.81944444444444	3.38885566361779	330
NEW_GLASGOW	2020	12	28	363	-10	10	6.97898037822014	-999.9	3.4	3.40277777777778	3.9157585188342	330
NEW_GLASGOW	2020	12	29	364	-1	10	5.19777090566083	-999.9	0	5.53240740740742	4.50289866245209	330
NEW_GLASGOW	2020	12	30	365	-8	4	5.45438595424275	-999.9	3.2	4.18981481481481	2.65563933984377	330
NEW_GLASGOW	2020	12	31	366	-8	5	5.70622993558174	-999.9	9.2	5.79861111111111	5.22434897779534	330
