NORTH_CAPE	2020	1	1	1	-1.4	2.7	3.07701316349426	-999.9	0.62	10.5671296296296	5.64368578225028	330
NORTH_CAPE	2020	1	2	2	-1.8	0.3	2.21482594969951	-999.9	0.02	12.0833333333333	4.47879829346418	330
NORTH_CAPE	2020	1	3	3	-2.3	2.2	3.2622483891266	-999.9	0.09	4.09722222222222	5.41892752916667	330
NORTH_CAPE	2020	1	4	4	-0.7	1.6	2.34768691181658	-999.9	0.23	4.61805555555556	5.40945049125999	330
NORTH_CAPE	2020	1	5	5	-4.8	-0.4	3.27000909285422	-999.9	0.67	10.0115740740741	4.14757409812456	330
NORTH_CAPE	2020	1	6	6	-6.4	-4.3	2.27591214954012	-999.9	0.44	6.13425925925925	2.83633445307963	330
NORTH_CAPE	2020	1	7	7	-6.9	-1.8	3.57459494688519	-999.9	0.43	5.02314814814814	3.38283608253946	330
NORTH_CAPE	2020	1	8	8	-6.1	-1.6	3.38541748249107	-999.9	6.89	7.36111111111111	3.84273573308235	330
NORTH_CAPE	2020	1	9	9	-8.4	-3	3.74051069958501	-999.9	0.71	14.1898148148148	2.86348986800319	330
NORTH_CAPE	2020	1	10	10	-10.8	0.9	5.55538515149426	-999.9	1.73	6.58564814814814	3.40735026221033	330
NORTH_CAPE	2020	1	11	11	-1.8	6.4	4.69428873857555	-999.9	13.14	6.30787037037036	6.66579604961394	330
NORTH_CAPE	2020	1	12	12	-6.8	-1.7	3.73799849910886	-999.9	22.76	12.1643518518519	4.01921118717559	330
NORTH_CAPE	2020	1	13	13	-7.6	-5.8	2.24298314289068	-999.9	0.49	4.51388888888889	2.75649399111481	330
NORTH_CAPE	2020	1	14	14	-6.7	-4.4	2.56170375963667	-999.9	0.57	5.11574074074075	3.17928877929579	330
NORTH_CAPE	2020	1	15	15	-6.2	-2.9	3.10121286144296	-999.9	2.62	4.75694444444445	3.77580899388986	330
NORTH_CAPE	2020	1	16	16	-6	-3.7	2.61744375469901	-999.9	1.48	5.89120370370369	3.35258325337587	330
NORTH_CAPE	2020	1	17	17	-12.5	-5.1	4.74779691528577	-999.9	0.71	15.9722222222222	2.38067054931692	330
NORTH_CAPE	2020	1	18	18	-16.3	-11.6	3.82742593367223	-999.9	0.56	9.20138888888889	1.72038759743086	330
NORTH_CAPE	2020	1	19	19	-14.5	-1.9	6.34071496729236	-999.9	6.27	8.46064814814814	2.78051188443028	330
NORTH_CAPE	2020	1	20	20	-11	-2.7	5.20829211208552	-999.9	0.18	9.90740740740742	2.80000755135724	330
NORTH_CAPE	2020	1	21	21	-16.2	-10.8	4.25264841614578	-999.9	0.12	6.89814814814814	1.48949779504619	330
NORTH_CAPE	2020	1	22	22	-14.5	-4.9	5.74119464800343	-999.9	0.03	4.12037037037036	2.13112680022921	330
NORTH_CAPE	2020	1	23	23	-6.2	-1	4.27922296332298	-999.9	0.1	6.875	3.96932335081966	330
NORTH_CAPE	2020	1	24	24	-7.4	-1.6	4.57784610636221	-999.9	0.02	4.42129629629631	3.52286644963899	330
NORTH_CAPE	2020	1	25	25	-8.4	-2.6	4.63796395523452	-999.9	0.04	2.78935185185186	3.41888242861739	330
NORTH_CAPE	2020	1	26	26	-3.3	3.9	5.23628116746094	-999.9	6.24	6.28472222222222	5.91974137009934	330
NORTH_CAPE	2020	1	27	27	-3.7	2.1	4.76306150701401	-999.9	1.04	7.33796296296297	5.31225932626016	330
NORTH_CAPE	2020	1	28	28	-5.1	-2.9	2.97348818273007	-999.9	1.65	12.0717592592593	4.04047998797904	330
NORTH_CAPE	2020	1	29	29	-10.9	-4.8	5.01955027878909	-999.9	0.81	8.92361111111111	2.603024153416	330
NORTH_CAPE	2020	1	30	30	-9.8	-7.3	3.25816033948197	-999.9	0.37	7.68518518518519	2.46003345397633	330
NORTH_CAPE	2020	1	31	31	-9.6	-4.2	4.85573218250156	-999.9	0	5.74074074074075	2.75565421449215	330
NORTH_CAPE	2020	2	1	32	-9.2	-3.3	5.14739474829424	-999.9	0.05	2.82407407407408	3.22986864190268	330
NORTH_CAPE	2020	2	2	33	-5.2	-2.9	3.2596631332224	-999.9	0.46	5.96064814814814	4.06690878262366	330
NORTH_CAPE	2020	2	3	34	-6.5	-1.3	4.97161051315837	-999.9	0.17	6.80555555555556	3.75644675704008	330
NORTH_CAPE	2020	2	4	35	-4.7	-1.4	4.01766749201528	-999.9	0	5.26620370370369	3.99209849397496	330
NORTH_CAPE	2020	2	5	36	-10.3	-2.5	6.26637925392898	-999.9	0.07	8.62268518518519	2.67154763192085	330
NORTH_CAPE	2020	2	6	37	-10.9	-4.3	5.84817481086537	-999.9	0.9	4.00462962962964	2.6816114451957	330
NORTH_CAPE	2020	2	7	38	-6.4	-3	4.25882202448555	-999.9	15.06	10.0810185185185	3.98825808285493	330
NORTH_CAPE	2020	2	8	39	-11.8	-5.8	5.74045178831347	-999.9	1.81	11.2037037037037	2.40175008932194	330
NORTH_CAPE	2020	2	9	40	-14.1	-8.8	5.47449143872632	-999.9	0.01	7.25694444444445	1.80897481393097	330
NORTH_CAPE	2020	2	10	41	-9.7	0.7	7.7816058036606	-999.9	7.78	5.21990740740742	3.96643236057168	330
NORTH_CAPE	2020	2	11	42	-10	-1	7.34561698644986	-999.9	0.4	3.88888888888889	3.68396476403703	330
NORTH_CAPE	2020	2	12	43	-5.4	-1.8	4.71429825466363	-999.9	3.31	5.17361111111111	4.07718539839629	330
NORTH_CAPE	2020	2	13	44	-12.1	-0.8	8.47548938859479	-999.9	2.31	8.37962962962964	3.02849431670837	330
NORTH_CAPE	2020	2	14	45	-16.7	-11.9	5.60536238605084	-999.9	0.03	9.30555555555556	1.34606406099345	330
NORTH_CAPE	2020	2	15	46	-19.9	-7.9	8.99344029279583	-999.9	0.04	6.80555555555556	1.46885869245752	330
NORTH_CAPE	2020	2	16	47	-8.4	-1.3	7.01953272705957	-999.9	0.13	7.59259259259258	3.32928898170624	330
NORTH_CAPE	2020	2	17	48	-11	0.4	9.02534880185377	-999.9	0.27	6.33101851851853	3.09857462149088	330
NORTH_CAPE	2020	2	18	49	-14.1	-4.3	8.49069232646474	-999.9	1.25	4.05092592592592	2.22296549538339	330
NORTH_CAPE	2020	2	19	50	-13.1	-0.7	9.69042173240943	-999.9	9.14	8.57638888888889	3.06556989623283	330
NORTH_CAPE	2020	2	20	51	-18.1	-13	6.30520755218535	-999.9	0.3	10.462962962963	1.10176364064021	330
NORTH_CAPE	2020	2	21	52	-18.3	-8.5	8.86723088653107	-999.9	0.02	5.75231481481481	1.3546970577362	330
NORTH_CAPE	2020	2	22	53	-9.3	-0.5	8.52418437304329	-999.9	0.02	7.45370370370369	2.70845221782168	330
NORTH_CAPE	2020	2	23	54	-4.4	5.1	8.98428213766502	-999.9	0.01	5.55555555555556	4.54644966706181	330
NORTH_CAPE	2020	2	24	55	-4.7	4.2	8.82059824910521	-999.9	0.17	4.12037037037036	4.80638599978854	330
NORTH_CAPE	2020	2	25	56	-3.3	2.2	7.03291118737281	-999.9	0.05	3.93518518518519	5.0403143582633	330
NORTH_CAPE	2020	2	26	57	-4.2	0.5	6.59357213907112	-999.9	0.15	2.38425925925926	4.96085140043472	330
NORTH_CAPE	2020	2	27	58	-4.4	-1.5	5.25235734624288	-999.9	16.63	11.7939814814815	4.46112561308394	330
NORTH_CAPE	2020	2	28	59	-4.8	0.4	7.13187862498932	-999.9	0.56	11.2615740740741	4.10475634502588	330
NORTH_CAPE	2020	2	29	60	-8.1	-2.8	7.30044023310141	-999.9	1.09	6.31944444444445	2.8785222833389	330
NORTH_CAPE	2020	3	1	61	-5.7	-2.3	5.92815576846874	-999.9	5.36	9.83796296296297	4.299314315989	330
NORTH_CAPE	2020	3	2	62	-7.7	-0.7	8.6229689663546	-999.9	0.86	3.58796296296297	3.91270905249814	330
NORTH_CAPE	2020	3	3	63	-0.9	3.2	6.68935923680015	-999.9	3.22	4.66435185185186	6.26906512144154	330
NORTH_CAPE	2020	3	4	64	-1.1	1.3	5.18726840823689	-999.9	7.48	8.24074074074075	6.07406588969414	330
NORTH_CAPE	2020	3	5	65	-3.3	-0.2	5.97460005214947	-999.9	0.73	12.5578703703704	4.56847561862586	330
NORTH_CAPE	2020	3	6	66	-6	-2.9	6.0542011685235	-999.9	0	7.87037037037036	3.01148261017526	330
NORTH_CAPE	2020	3	7	67	-7.6	-5	5.61775255527689	-999.9	0.2	12.1527777777778	2.76562418422949	330
NORTH_CAPE	2020	3	8	68	-7.7	-0.3	9.60157586333465	-999.9	0.09	5.78703703703703	3.37245903848274	330
NORTH_CAPE	2020	3	9	69	-8.5	-4.3	7.32743140619479	-999.9	1.06	4.64120370370369	2.73659125003768	330
NORTH_CAPE	2020	3	10	70	-8.1	-0.7	9.85126880169674	-999.9	4.19	6.50462962962964	3.79144932642021	330
NORTH_CAPE	2020	3	11	71	-5.2	-0.6	7.86596874447034	-999.9	1.58	3.90046296296297	4.33508176760079	330
NORTH_CAPE	2020	3	12	72	-7.1	-3.9	6.64342752499457	-999.9	0.05	4.21296296296297	2.9396951299742	330
NORTH_CAPE	2020	3	13	73	-6.8	2.9	11.7109760392243	-999.9	8.29	8.06712962962964	4.33375724886923	330
NORTH_CAPE	2020	3	14	74	-3.9	1.7	9.00817031387904	-999.9	0.19	12.1064814814815	4.43927784482662	330
NORTH_CAPE	2020	3	15	75	-6.2	-2.7	7.20869371436019	-999.9	0.1	10.6712962962963	3.01395289854738	330
NORTH_CAPE	2020	3	16	76	-9.6	-4.5	8.80707273057201	-999.9	0.54	6.70138888888889	2.73909318692554	330
NORTH_CAPE	2020	3	17	77	-8.6	1.4	12.4799773319446	-999.9	1.7	5.46296296296297	3.7320268461511	330
NORTH_CAPE	2020	3	18	78	-5.1	0.3	9.27941878551222	-999.9	0.02	7.65046296296297	3.70774725030906	330
NORTH_CAPE	2020	3	19	79	-8.3	0.6	12.0523373482131	-999.9	0	4.00462962962964	3.13172000878489	330
NORTH_CAPE	2020	3	20	80	-0.7	7.6	11.7736064307349	-999.9	9.49	6.82870370370369	7.30400255992687	330
NORTH_CAPE	2020	3	21	81	-7.9	3	13.646437559512	-999.9	0.01	13.5416666666667	3.35043008104758	330
NORTH_CAPE	2020	3	22	82	-10	-3.7	10.4918697481926	-999.9	0.06	11.2384259259259	2.28696399629321	330
NORTH_CAPE	2020	3	23	83	-9.2	0.1	12.889655539819	-999.9	0	4.0625	2.79784001156793	330
NORTH_CAPE	2020	3	24	84	-2.9	-1.5	5.05616707817934	-999.9	4.54	5.63657407407408	4.70109952558638	330
NORTH_CAPE	2020	3	25	85	-2	1.3	7.84715076610729	-999.9	0.01	3.50694444444444	5.2419255986109	330
NORTH_CAPE	2020	3	26	86	-1.8	-0.1	5.69268225612324	-999.9	0.54	5.85648148148147	5.00208852121419	330
NORTH_CAPE	2020	3	27	87	-1.7	0.6	6.69165405404718	-999.9	2.99	8.125	5.36334820412069	330
NORTH_CAPE	2020	3	28	88	-1.3	2.7	8.91694499804578	-999.9	0.01	7.83564814814814	4.41209585288244	330
NORTH_CAPE	2020	3	29	89	-2.6	2.3	9.97102876015961	-999.9	0.01	2.96296296296297	4.85924062768461	330
NORTH_CAPE	2020	3	30	90	-2	-0.4	5.75568411262189	-999.9	0.1	8.68055555555556	4.53569813241792	330
NORTH_CAPE	2020	3	31	91	-2	-0.7	5.24013859655523	-999.9	4.07	7.83564814814814	5.10953602695898	330
NORTH_CAPE	2020	4	1	92	-1.1	0.8	6.3976589533772	-999.9	3.22	5.34722222222222	5.94812320896747	330
NORTH_CAPE	2020	4	2	93	0.5	3.2	7.70084474740514	-999.9	0.53	13.75	6.60956144556875	330
NORTH_CAPE	2020	4	3	94	-1	1.8	7.91747511750208	-999.9	0.31	13.5300925925926	5.61527338728595	330
NORTH_CAPE	2020	4	4	95	-2.6	-0.2	7.39951977392965	-999.9	0.16	5.72916666666667	4.78355901478644	330
NORTH_CAPE	2020	4	5	96	-2.6	4.3	12.6634410703591	-999.9	0.01	2.96296296296297	5.4451741582552	330
NORTH_CAPE	2020	4	6	97	-0.2	3.5	9.35828852155661	-999.9	2	8.21759259259258	5.19808784198358	330
NORTH_CAPE	2020	4	7	98	-1.1	3	9.94019850897457	-999.9	0.11	5.69444444444445	4.28043114390914	330
NORTH_CAPE	2020	4	8	99	-3.3	0.6	9.78097763598055	-999.9	0.8	3.26388888888889	4.16252746315635	330
NORTH_CAPE	2020	4	9	100	-0.6	3.9	10.5984519428633	-999.9	0.14	5.49768518518519	4.90244838989948	330
NORTH_CAPE	2020	4	10	101	-1.3	2.6	9.95162965010791	-999.9	9.98	11.2615740740741	6.02295856080188	330
NORTH_CAPE	2020	4	11	102	-0.6	3.3	10.035975177044	-999.9	0.87	9.69907407407408	5.52838984866514	330
NORTH_CAPE	2020	4	12	103	0.6	7.8	13.7498734393326	-999.9	0	6.68981481481481	5.54323821654193	330
NORTH_CAPE	2020	4	13	104	2.1	7.2	11.667093843145	-999.9	8.33	6.04166666666667	7.42085931986187	330
NORTH_CAPE	2020	4	14	105	2.6	11.1	15.1835166566999	-999.9	2.4	8.44907407407408	7.90539128950426	330
NORTH_CAPE	2020	4	15	106	1.6	9.2	14.4708937193662	-999.9	0.99	3.88888888888889	6.07662845583849	330
NORTH_CAPE	2020	4	16	107	0.1	3.1	9.16252946634709	-999.9	0.94	6.21527777777778	4.58671693621743	330
NORTH_CAPE	2020	4	17	108	0.1	4.8	11.5560828415947	-999.9	1.16	5.12731481481481	4.70458754176809	330
NORTH_CAPE	2020	4	18	109	-0.6	2.9	10.0471684331313	-999.9	0	5.71759259259258	3.75122859274618	330
NORTH_CAPE	2020	4	19	110	-0.4	1.8	8.0243554198596	-999.9	0	5.32407407407408	5.08467144021209	330
NORTH_CAPE	2020	4	20	111	0.1	7.6	14.9231344511561	-999.9	0.04	8.19444444444445	5.87033380161212	330
NORTH_CAPE	2020	4	21	112	-0.2	3.6	10.6977763537357	-999.9	0	6.26157407407408	4.79604928270474	330
NORTH_CAPE	2020	4	22	113	-1.5	5.9	15.0325207718244	-999.9	6.53	9.09722222222222	5.34508148578089	330
NORTH_CAPE	2020	4	23	114	-2.4	2.6	12.4410600512467	-999.9	0.17	11.1689814814815	4.03392162139993	330
NORTH_CAPE	2020	4	24	115	1.1	9	15.7429028093709	-999.9	0.04	6.03009259259258	5.68275654815452	330
NORTH_CAPE	2020	4	25	116	1.2	6.3	12.7320388776973	-999.9	0.02	4.71064814814814	5.43502019634081	330
NORTH_CAPE	2020	4	26	117	2	7.7	13.5467424826576	-999.9	0	4.00462962962964	5.8650489221882	330
NORTH_CAPE	2020	4	27	118	1.6	3.2	7.22246199290716	-999.9	0	9.32870370370369	5.52211599702365	330
NORTH_CAPE	2020	4	28	119	1.6	3	6.79767871689886	-999.9	0.14	10.0462962962963	5.72431648081378	330
NORTH_CAPE	2020	4	29	120	-1.9	2.4	11.985218987863	-999.9	0	6.45833333333333	5.2924840063802	330
NORTH_CAPE	2020	4	30	121	-2.1	9.5	19.8015837616185	-999.9	0	3.62268518518519	6.17812841447937	330
NORTH_CAPE	2020	5	1	122	3.6	12.9	17.8326514845389	-999.9	1.92	5.75231481481481	8.56710381451141	330
NORTH_CAPE	2020	5	2	123	4.3	12.5	16.8395114592367	-999.9	2.58	5.78703703703703	10.1831043357837	330
NORTH_CAPE	2020	5	3	124	3.6	7.9	12.2616741768277	-999.9	0.32	5.43981481481481	7.28185277915536	330
NORTH_CAPE	2020	5	4	125	1.8	4.8	10.2970848155936	-999.9	25.29	10.5787037037037	6.84194577326826	330
NORTH_CAPE	2020	5	5	126	0.6	2.1	7.3195235691395	-999.9	17.78	12.337962962963	6.53306919039043	330
NORTH_CAPE	2020	5	6	127	-0.5	6.3	15.6646547840221	-999.9	0.3	5.45138888888889	5.97696028737381	330
NORTH_CAPE	2020	5	7	128	0.2	5.7	14.158682155888	-999.9	0.16	3.21759259259258	6.29501771046378	330
NORTH_CAPE	2020	5	8	129	-0.5	8.8	18.5013859794039	-999.9	1.9	5.71759259259258	7.10335258383766	330
NORTH_CAPE	2020	5	9	130	0.7	4.5	11.8828969122446	-999.9	11.22	8.78472222222222	6.51375007307148	330
NORTH_CAPE	2020	5	10	131	1.2	4.8	11.6197347583348	-999.9	2.42	14.6296296296296	5.87042758405406	330
NORTH_CAPE	2020	5	11	132	3.8	10.2	15.5631076680241	-999.9	0	7.96296296296297	7.32305904070209	330
NORTH_CAPE	2020	5	12	133	1.9	5.8	12.2024542820965	-999.9	12.92	4.49074074074075	7.4621168877142	330
NORTH_CAPE	2020	5	13	134	2.9	5.8	10.567441510255	-999.9	0.02	9.94212962962964	6.07236153851469	330
NORTH_CAPE	2020	5	14	135	3.8	7.7	12.3057128092955	-999.9	0.01	7.84722222222222	6.30167757729767	330
NORTH_CAPE	2020	5	15	136	4.4	7.7	11.3653532048057	-999.9	0	4.17824074074075	7.15642577556514	330
NORTH_CAPE	2020	5	16	137	3.1	7.3	12.8721237597163	-999.9	0.53	4.47916666666667	6.66634543377739	330
NORTH_CAPE	2020	5	17	138	3.8	12.2	18.273137173623	-999.9	0.08	4.81481481481481	7.67939198283963	330
NORTH_CAPE	2020	5	18	139	4	7.8	12.335640544336	-999.9	0.05	3.36805555555556	7.64720159369441	330
NORTH_CAPE	2020	5	19	140	2.9	7.2	13.1688940035883	-999.9	0	4.44444444444444	6.2194204912532	330
NORTH_CAPE	2020	5	20	141	4.1	13.4	19.4334830050616	-999.9	0	4.74537037037036	8.00818947766487	330
NORTH_CAPE	2020	5	21	142	8.2	18.7	20.7179623048401	-999.9	0.45	8.37962962962964	10.1114293845104	330
NORTH_CAPE	2020	5	22	143	5.8	12.9	17.0912603680186	-999.9	3.23	6.875	7.96445866722604	330
NORTH_CAPE	2020	5	23	144	3.5	9.8	16.1494302869722	-999.9	0.01	5.96064814814814	5.32996669427381	330
NORTH_CAPE	2020	5	24	145	3.1	14.7	21.9789835395543	-999.9	0.01	4.46759259259258	7.06542739309483	330
NORTH_CAPE	2020	5	25	146	8.4	22.8	24.5584731774972	-999.9	0	8.25231481481481	7.11754458253577	330
NORTH_CAPE	2020	5	26	147	12.1	24.7	23.035459930656	-999.9	5.76	8.56481481481481	16.3887025938215	330
NORTH_CAPE	2020	5	27	148	8.8	17.9	19.6279053796091	-999.9	3.47	4.93055555555556	14.6447873941076	330
NORTH_CAPE	2020	5	28	149	13	29.8	26.7362096906738	-999.9	0	6.86342592592592	18.6818748639473	330
NORTH_CAPE	2020	5	29	150	15.9	27.7	22.4609735276712	-999.9	0.05	8.57638888888889	20.9803953295911	330
NORTH_CAPE	2020	5	30	151	13.5	23.1	20.3056144293702	-999.9	1.73	7.80092592592592	18.3099108441736	330
NORTH_CAPE	2020	5	31	152	9.1	18.6	20.2435171385082	-999.9	1.88	3.94675925925925	13.2217929968262	330
NORTH_CAPE	2020	6	1	153	7.4	10.9	12.3126819848041	-999.9	0.35	5.67129629629631	8.74271357540889	330
NORTH_CAPE	2020	6	2	154	8.4	11.3	11.2295681516567	-999.9	7.69	6.23842592592592	9.55456835021756	330
NORTH_CAPE	2020	6	3	155	9.6	17.5	18.5683824114467	-999.9	0.58	7.53472222222222	10.4933591756027	330
NORTH_CAPE	2020	6	4	156	9.9	22.9	23.8605160104335	-999.9	1.21	5.20833333333333	13.2024320265298	330
NORTH_CAPE	2020	6	5	157	12.3	26.9	25.3269837500485	-999.9	8.94	5.23148148148147	16.8711380851279	330
NORTH_CAPE	2020	6	6	158	9.4	12.5	11.6879442735363	-999.9	4.11	6.20370370370369	11.0139967357276	330
NORTH_CAPE	2020	6	7	159	9.2	11.1	9.16295953745946	-999.9	1.43	8.09027777777778	9.91407058526887	330
NORTH_CAPE	2020	6	8	160	6.2	10.4	13.640705121051	-999.9	0.85	4.73379629629631	9.2942777390322	330
NORTH_CAPE	2020	6	9	161	5.1	11.3	16.5925383028187	-999.9	0.14	4.02777777777778	8.63079975365277	330
NORTH_CAPE	2020	6	10	162	3.9	15.7	22.9147155203402	-999.9	0	4.09722222222222	8.79932660794571	330
NORTH_CAPE	2020	6	11	163	10.4	22.4	23.1298231319145	-999.9	1.71	7.07175925925925	11.563832306925	330
NORTH_CAPE	2020	6	12	164	13.5	23.6	21.2374514995388	-999.9	10.17	5.10416666666667	18.5408810191286	330
NORTH_CAPE	2020	6	13	165	10.3	16.4	16.5165187002089	-999.9	0.1	5.04629629629631	12.5618027996578	330
NORTH_CAPE	2020	6	14	166	10	12.3	10.1480198133199	-999.9	0.05	5.96064814814814	10.1950219551786	330
NORTH_CAPE	2020	6	15	167	9.5	15.3	16.1230475281727	-999.9	0.03	2.89351851851853	9.83091406983578	330
NORTH_CAPE	2020	6	16	168	12.5	27.1	25.5904140246261	-999.9	0.01	5.59027777777778	13.2461887726706	330
NORTH_CAPE	2020	6	17	169	16.2	25.9	20.8644304267186	-999.9	0.04	8.22916666666667	14.0566849866093	330
NORTH_CAPE	2020	6	18	170	16.5	27.4	22.1210513655857	-999.9	0.13	8.73842592592592	17.399708767511	330
NORTH_CAPE	2020	6	19	171	12.9	30.6	28.1905202980945	-999.9	0.58	6.45833333333333	18.376353466238	330
NORTH_CAPE	2020	6	20	172	11.7	14	10.1614675874385	-999.9	0.19	6.14583333333333	13.3884265315533	330
NORTH_CAPE	2020	6	21	173	12.2	18.4	16.6807877926409	-999.9	6.31	4.17824074074075	15.2728257416738	330
NORTH_CAPE	2020	6	22	174	16.2	26.6	21.5982082625547	-999.9	0.04	3.78472222222222	18.6818748639473	330
NORTH_CAPE	2020	6	23	175	20.2	28.4	19.1708107277966	-999.9	0.1	4.38657407407408	21.5585181209551	330
NORTH_CAPE	2020	6	24	176	19	31.3	23.4677129279782	-999.9	0.06	5.09259259259258	21.0804340765626	330
NORTH_CAPE	2020	6	25	177	19	24.4	15.5400319638504	-999.9	0.44	3.92361111111111	20.9286247809933	330
NORTH_CAPE	2020	6	26	178	18	24.3	16.7731361264672	-999.9	0.64	4.21296296296297	18.5173966185649	330
NORTH_CAPE	2020	6	27	179	17.9	27.3	20.4714702373177	-999.9	1.19	4.50231481481481	20.1117076125125	330
NORTH_CAPE	2020	6	28	180	17.4	22.6	15.2117792938102	-999.9	0.11	3.98148148148147	19.3002802324306	330
NORTH_CAPE	2020	6	29	181	16.3	19.1	11.1507146085272	-999.9	1.96	7.37268518518519	18.7756672238892	330
NORTH_CAPE	2020	6	30	182	14.8	18.4	12.6290986370195	-999.9	0.91	5.57870370370369	17.9156312519572	330
NORTH_CAPE	2020	7	1	183	14.9	22	17.7133109544871	-999.9	0.5	2.93981481481481	20.2070585217451	330
NORTH_CAPE	2020	7	2	184	13.4	20.8	18.058759351908	-999.9	8.47	7.06018518518519	17.669282604901	330
NORTH_CAPE	2020	7	3	185	13.3	18	14.3705843270245	-999.9	0.01	5.06944444444445	13.7754144107828	330
NORTH_CAPE	2020	7	4	186	14.5	21.6	17.6343737969192	-999.9	1.06	4.36342592592592	17.3291318604051	330
NORTH_CAPE	2020	7	5	187	13.7	19.4	15.7734078891684	-999.9	6.04	4.25925925925925	16.8645598110617	330
NORTH_CAPE	2020	7	6	188	11	17	16.1537285125713	-999.9	11.17	3.44907407407408	14.5582320351701	330
NORTH_CAPE	2020	7	7	189	10.8	19.1	18.9625611565306	-999.9	0.01	3.25231481481481	14.474501509379	330
NORTH_CAPE	2020	7	8	190	15.3	18	10.7932515572035	-999.9	13.49	5.30092592592592	16.1533084600797	330
NORTH_CAPE	2020	7	9	191	15.7	20.6	14.5088344286526	-999.9	1.65	3.57638888888889	19.7866641651132	330
NORTH_CAPE	2020	7	10	192	15.9	21.5	15.4754783363949	-999.9	0.26	3.28703703703703	19.5594566485616	330
NORTH_CAPE	2020	7	11	193	18.3	26	18.1034956235678	-999.9	3.86	4.38657407407408	22.9652728663712	330
NORTH_CAPE	2020	7	12	194	19.6	28.7	19.6316190287924	-999.9	1.08	5	25.6597839148441	330
NORTH_CAPE	2020	7	13	195	16.7	26.5	20.3197346475972	-999.9	0.61	7.19907407407408	22.1827458812075	330
NORTH_CAPE	2020	7	14	196	15.1	17.1	9.15462771106366	-999.9	1.45	9.14351851851853	15.3789539707634	330
NORTH_CAPE	2020	7	15	197	14.4	16.7	9.78951803984595	-999.9	2.29	10.5902777777778	13.2969508663477	330
NORTH_CAPE	2020	7	16	198	11.2	18.1	16.9061426140729	-999.9	0.17	4.17824074074075	11.5127695121287	330
NORTH_CAPE	2020	7	17	199	11.4	19.2	17.9201084164735	-999.9	2.68	4.20138888888889	14.072818004828	330
NORTH_CAPE	2020	7	18	200	13.3	21	17.7485413631365	-999.9	3.65	3.88888888888889	17.3874525050987	330
NORTH_CAPE	2020	7	19	201	17.8	28.1	20.4602234763712	-999.9	0.47	3.54166666666667	22.6387322813271	330
NORTH_CAPE	2020	7	20	202	20.1	29.2	19.1662543992317	-999.9	0.49	6.00694444444445	24.332988718269	330
NORTH_CAPE	2020	7	21	203	19.4	23.9	13.430673194023	-999.9	0.05	4.65277777777778	18.7069093003078	330
NORTH_CAPE	2020	7	22	204	18.8	26.3	17.2761572681546	-999.9	0.11	4.58333333333333	18.5303301976013	330
NORTH_CAPE	2020	7	23	205	19	24.5	14.7391590928713	-999.9	0	3.04166666666667	18.4110808661132	330
NORTH_CAPE	2020	7	24	206	17.6	26.1	18.2526256841886	-999.9	1.2	2.80092592592592	20.8230258841941	330
NORTH_CAPE	2020	7	25	207	19.8	27.1	16.8481156659881	-999.9	1.2	5.05787037037036	20.5674441245785	330
NORTH_CAPE	2020	7	26	208	18.5	21.9	11.451244706127	-999.9	0.2	3.72685185185186	20.0655335282452	330
NORTH_CAPE	2020	7	27	209	18.8	23.4	13.2636973099558	-999.9	0	3.94675925925925	21.617994010894	330
NORTH_CAPE	2020	7	28	210	19.8	23.7	12.1601619464745	-999.9	5.8	3.68055555555556	24.6738190907378	330
NORTH_CAPE	2020	7	29	211	18.9	21.9	10.6178788580396	-999.9	0	2.69675925925926	22.7115059937095	330
NORTH_CAPE	2020	7	30	212	18.1	23.8	14.5691144252008	-999.9	12.2	3.40277777777778	23.6705835266737	330
NORTH_CAPE	2020	7	31	213	17.3	22.1	13.3070939012374	-999.9	8.9	3.04398148148147	20.8073970658306	330
NORTH_CAPE	2020	8	1	214	16.8	20.9	12.2396634254821	-999.9	0	4.28240740740742	18.4928610945296	330
NORTH_CAPE	2020	8	2	215	18.1	27.4	18.3434832697964	-999.9	0	4.31712962962964	22.357944335845	330
NORTH_CAPE	2020	8	3	216	19	29.2	19.1139663996704	-999.9	0	6.15740740740742	22.3565420305543	330
NORTH_CAPE	2020	8	4	217	18.4	22.5	12.0559222084152	-999.9	0	8.19444444444445	20.2894336284496	330
NORTH_CAPE	2020	8	5	218	18.3	27.8	18.2547221397815	-999.9	0	7.1875	22.3385483427436	330
NORTH_CAPE	2020	8	6	219	19.8	23.4	11.1767744633011	-999.9	0	9.15509259259258	19.1494847655777	330
NORTH_CAPE	2020	8	7	220	19.1	25	14.229502220254	-999.9	0	7.26851851851853	18.9083658410325	330
NORTH_CAPE	2020	8	8	221	19.5	26.4	15.3014686377666	-999.9	0	4.27083333333333	20.3757274832541	330
NORTH_CAPE	2020	8	9	222	20.3	29.1	17.1807029996896	-999.9	0	5.84490740740742	22.145753777301	330
NORTH_CAPE	2020	8	10	223	18.2	25.2	15.2330034042932	-999.9	0	3.41435185185186	20.8525996780006	330
NORTH_CAPE	2020	8	11	224	20	31.5	19.4074292840673	-999.9	0	5.63657407407408	25.2584828302971	330
NORTH_CAPE	2020	8	12	225	21	28.5	15.5767801590623	-999.9	19.7	5.41666666666667	26.246819291616	330
NORTH_CAPE	2020	8	13	226	21.3	26.5	12.8890775304085	-999.9	0	3.86574074074075	23.4174798812932	330
NORTH_CAPE	2020	8	14	227	18	21.8	10.9478780665472	-999.9	0	7.44212962962964	19.3171883116398	330
NORTH_CAPE	2020	8	15	228	17.9	20.7	9.33640726744416	-999.9	0.3	7.70833333333333	17.636392208191	330
NORTH_CAPE	2020	8	16	229	18.1	21.2	9.75862467384883	-999.9	0	4.09722222222222	18.3781070530687	330
NORTH_CAPE	2020	8	17	230	15.9	21.3	12.7925101267189	-999.9	0	3.87731481481481	15.5194705242319	330
NORTH_CAPE	2020	8	18	231	16.3	21.4	12.3463611445626	-999.9	0	3.92361111111111	15.5118726850358	330
NORTH_CAPE	2020	8	19	232	17.5	22.6	12.2596368881706	-999.9	0	7.23379629629631	18.1753272538551	330
NORTH_CAPE	2020	8	20	233	15.1	21.3	13.4205521887957	-999.9	0	8.75	14.0771229809245	330
NORTH_CAPE	2020	8	21	234	15.1	19	10.566520960523	-999.9	0.3	7.17592592592592	14.9313271648772	330
NORTH_CAPE	2020	8	22	235	16.8	22.2	12.3414074845252	-999.9	0	3.53009259259258	15.3915313080646	330
NORTH_CAPE	2020	8	23	236	15.4	23.6	15.0933461061154	-999.9	0.5	3.71527777777778	17.3545916782244	330
NORTH_CAPE	2020	8	24	237	18.2	21.4	9.35635871247714	-999.9	0	5.24305555555556	18.1253465627499	330
NORTH_CAPE	2020	8	25	238	17.6	23.8	12.9218071440478	-999.9	28.4	5.625	20.6432574515858	330
NORTH_CAPE	2020	8	26	239	13.5	18.4	11.3962783555716	-999.9	0	13.9814814814815	12.2765730922529	330
NORTH_CAPE	2020	8	27	240	13.1	17.1	10.2134971229061	-999.9	0	15.150462962963	11.4590731029329	330
NORTH_CAPE	2020	8	28	241	14.4	18.4	10.1296775860584	-999.9	0	10.5902777777778	11.9539750973071	330
NORTH_CAPE	2020	8	29	242	13.9	19.1	11.4532822199635	-999.9	8	7.12962962962964	13.129689017702	330
NORTH_CAPE	2020	8	30	243	12.2	17.6	11.5725531666322	-999.9	18.2	10.8101851851852	16.1748395683716	330
NORTH_CAPE	2020	8	31	244	10.4	17.7	13.3394815758629	-999.9	0	7.67361111111111	12.2298803937443	330
NORTH_CAPE	2020	9	1	245	10.9	18.8	13.7555307322801	-999.9	0	3.56481481481481	13.1975861493402	330
NORTH_CAPE	2020	9	2	246	13.3	21.8	14.1416635591148	-999.9	0	5.94907407407408	13.0768985568575	330
NORTH_CAPE	2020	9	3	247	17.1	22.8	11.4761585943509	-999.9	21.5	5.91435185185186	20.4838026032336	330
NORTH_CAPE	2020	9	4	248	18	23.7	11.371175769444	-999.9	11.6	5.81018518518519	21.1884747599009	330
NORTH_CAPE	2020	9	5	249	14.4	20.8	11.9373368538911	-999.9	0	6.01851851851853	13.9006093583342	330
NORTH_CAPE	2020	9	6	250	13.8	20.4	12.0082461697769	-999.9	0	4.54861111111111	13.7373369836811	330
NORTH_CAPE	2020	9	7	251	13.4	22.7	14.1182167601144	-999.9	0	4.03935185185186	14.3416482412221	330
NORTH_CAPE	2020	9	8	252	16.3	23.1	11.9554018478097	-999.9	0	6.37731481481481	18.6181554733021	330
NORTH_CAPE	2020	9	9	253	14.3	18.1	8.84939290442669	-999.9	0	4.58333333333333	14.6068397166536	330
NORTH_CAPE	2020	9	10	254	12.8	20.7	12.6324569043775	-999.9	0.8	6.55092592592592	16.3596933999878	330
NORTH_CAPE	2020	9	11	255	7.9	14.6	11.5160882577222	-999.9	0.7	7.31481481481481	10.6325887155618	330
NORTH_CAPE	2020	9	12	256	13.2	17.6	9.23693771406895	-999.9	0	4.60648148148147	12.9776873463326	330
NORTH_CAPE	2020	9	13	257	13.3	20.8	11.9345845703495	-999.9	0	6.13425925925925	13.2234104813225	330
NORTH_CAPE	2020	9	14	258	13	17.7	9.34849387893508	-999.9	0	10.4050925925926	12.9557284844945	330
NORTH_CAPE	2020	9	15	259	11.5	15	7.98149057317405	-999.9	0	8.35648148148147	9.47114306959788	330
NORTH_CAPE	2020	9	16	260	8.3	16.9	12.3765014133003	-999.9	0	5.87962962962964	9.86321621762781	330
NORTH_CAPE	2020	9	17	261	11.1	17.2	10.3098877124754	-999.9	0	8.72685185185186	12.4183430525362	330
NORTH_CAPE	2020	9	18	262	10.4	11.9	5.05611480572427	-999.9	0	6.81712962962964	8.25841298115993	330
NORTH_CAPE	2020	9	19	263	6.6	12.4	9.83127426553552	-999.9	0.7	5.3125	7.29247040697595	330
NORTH_CAPE	2020	9	20	264	5.3	12.6	10.9049667679929	-999.9	1.7	4.49074074074075	7.86738986632616	330
NORTH_CAPE	2020	9	21	265	7.5	13.8	10.0148225627786	-999.9	0	3.75	7.79464482139415	330
NORTH_CAPE	2020	9	22	266	10.1	13.1	6.8310438090056	-999.9	24.2	8.93518518518519	10.3544641825005	330
NORTH_CAPE	2020	9	23	267	10.3	15	8.45031091248791	-999.9	12.3	13.7384259259259	12.9698851871653	330
NORTH_CAPE	2020	9	24	268	12.2	16.7	8.17093394987975	-999.9	0	7.48842592592592	12.9375258738009	330
NORTH_CAPE	2020	9	25	269	10.3	15	8.25089346235491	-999.9	0	7.75462962962964	9.46038684240291	330
NORTH_CAPE	2020	9	26	270	8.3	21.5	13.6606432871866	-999.9	0	4.98842592592592	11.8511532683249	330
NORTH_CAPE	2020	9	27	271	13.9	21.3	10.1036515643279	-999.9	0	8.25231481481481	16.0728426802301	330
NORTH_CAPE	2020	9	28	272	17	25.4	10.632302984704	-999.9	0	6.65509259259258	21.3086992942871	330
NORTH_CAPE	2020	9	29	273	17.6	25.4	10.1183068256299	-999.9	0	6.20370370370369	21.4895285518399	330
NORTH_CAPE	2020	9	30	274	15.5	24.8	10.9099639302092	-999.9	0.2	7.31481481481481	21.0559349857103	330
NORTH_CAPE	2020	10	1	275	12.1	21.9	11.0577177344277	-999.9	0	6.63194444444445	13.2533767180099	330
NORTH_CAPE	2020	10	2	276	13.4	16	5.62289547194875	-999.9	0	4.15509259259258	15.1559006878901	330
NORTH_CAPE	2020	10	3	277	10.7	15.5	7.54164476632208	-999.9	0	5.90277777777778	11.4465097334249	330
NORTH_CAPE	2020	10	4	278	8	12.1	6.87957793122652	-999.9	0	6.07638888888889	6.94028818076133	330
NORTH_CAPE	2020	10	5	279	9	13.4	7.03354113665117	-999.9	0	3.85416666666667	9.94459838095202	330
NORTH_CAPE	2020	10	6	280	9.6	18.4	9.81570408478798	-999.9	0	6.16898148148147	11.5155147287841	330
NORTH_CAPE	2020	10	7	281	12	18.1	8.06368068986032	-999.9	11.3	5	14.2592225453789	330
NORTH_CAPE	2020	10	8	282	6.8	13.7	8.46132577905331	-999.9	7.1	16.0532407407408	10.0161105917391	330
NORTH_CAPE	2020	10	9	283	5.8	9.7	6.27552734820176	-999.9	0	16.9328703703704	6.12561670142298	330
NORTH_CAPE	2020	10	10	284	7.6	18.7	10.4434388251604	-999.9	2.9	7.85879629629631	11.0302730158458	330
NORTH_CAPE	2020	10	11	285	6.4	14	8.52343332059155	-999.9	0.3	11.9560185185185	8.60613529974652	330
NORTH_CAPE	2020	10	12	286	3.1	9.1	7.4691707526287	-999.9	0.3	4.67592592592592	5.71679306089375	330
NORTH_CAPE	2020	10	13	287	4.5	11.6	8.01271886295096	-999.9	0	4.66435185185186	8.15207161312339	330
NORTH_CAPE	2020	10	14	288	10.4	17.6	7.95678695694279	-999.9	11.4	9.87268518518519	14.9527821913828	330
NORTH_CAPE	2020	10	15	289	10.4	15.5	6.60307145116761	-999.9	0	5.91435185185186	12.0861872632511	330
NORTH_CAPE	2020	10	16	290	11.2	20.7	8.88551894540637	-999.9	0	4.73379629629631	13.4707626681412	330
NORTH_CAPE	2020	10	17	291	7.5	16.4	8.47908165020527	-999.9	6	8.13657407407408	12.246207634474	330
NORTH_CAPE	2020	10	18	292	7.3	10.3	4.85313266407548	-999.9	0.4	7.46527777777778	8.41096823837582	330
NORTH_CAPE	2020	10	19	293	6.8	12.4	6.53642734703059	-999.9	0	3.28703703703703	10.4923668096622	330
NORTH_CAPE	2020	10	20	294	8.1	14.7	6.99492095809345	-999.9	0	5.16203703703703	11.6393928139087	330
NORTH_CAPE	2020	10	21	295	7.2	14.8	7.39884707494096	-999.9	0	7.58101851851853	10.5053512415117	330
NORTH_CAPE	2020	10	22	296	8.5	12.7	5.42141768968955	-999.9	0	7.22222222222222	10.4058299964676	330
NORTH_CAPE	2020	10	23	297	8.1	10.6	4.12264957164509	-999.9	0	6.04166666666667	8.54623466929779	330
NORTH_CAPE	2020	10	24	298	6.4	13.1	6.65199645963992	-999.9	0	6.64351851851853	9.57121626775484	330
NORTH_CAPE	2020	10	25	299	4.2	7.6	4.67041137682721	-999.9	0	10.2314814814815	5.78203047328114	330
NORTH_CAPE	2020	10	26	300	1.2	7.2	6.11488418863243	-999.9	4.8	3.66898148148147	5.11869382013181	330
NORTH_CAPE	2020	10	27	301	3	8.7	5.87416220020426	-999.9	8.5	9.72222222222222	7.49565644016083	330
NORTH_CAPE	2020	10	28	302	-1.8	3.4	5.52978494038135	-999.9	0.2	4.94212962962964	4.01320486765783	330
NORTH_CAPE	2020	10	29	303	1.3	6.6	5.50234797501323	-999.9	0	9.6875	5.77902830579738	330
NORTH_CAPE	2020	10	30	304	1.3	3.6	3.57261729222	-999.9	0	9.76851851851853	4.30661904909044	330
NORTH_CAPE	2020	10	31	305	0.5	4.4	4.58542710894786	-999.9	0	9.44444444444444	4.29131478807733	330
NORTH_CAPE	2020	11	1	306	-0.3	10.7	7.59075280748374	-999.9	3.5	6.16898148148147	5.55960624182878	330
NORTH_CAPE	2020	11	2	307	-0.3	14.7	8.7376574781943	-999.9	3.1	11.9675925925926	9.31525460212768	330
NORTH_CAPE	2020	11	3	308	-2.4	1	4.10084601473469	-999.9	0.5	10.5092592592593	3.92472015406655	330
NORTH_CAPE	2020	11	4	309	-1.5	2.2	4.21742337125219	-999.9	0.2	6.72453703703703	3.17810397617695	330
NORTH_CAPE	2020	11	5	310	1.9	13	7.20198097507766	-999.9	0	6.43518518518519	7.81944233541697	330
NORTH_CAPE	2020	11	6	311	9.7	14.8	4.81344166561077	-999.9	0	7.43055555555556	12.0644954123535	330
NORTH_CAPE	2020	11	7	312	3.1	11.5	6.09159068688253	-999.9	0	8.85416666666667	7.83458877144239	330
NORTH_CAPE	2020	11	8	313	2.6	4.5	2.85714985662246	-999.9	0	3.47222222222222	5.31946925079694	330
NORTH_CAPE	2020	11	9	314	4.4	12.2	5.70976020033547	-999.9	0	7.45370370370369	9.85312539017164	330
NORTH_CAPE	2020	11	10	315	10.1	18.8	5.94837494917799	-999.9	0	9.0625	12.3296762865642	330
NORTH_CAPE	2020	11	11	316	11.5	22	6.44703425591521	-999.9	0	8.10185185185186	14.3429008189408	330
NORTH_CAPE	2020	11	12	317	5.2	14.6	6.01892759784985	-999.9	0.3	7.61574074074075	9.3535088586058	330
NORTH_CAPE	2020	11	13	318	4.5	6.9	3.00136471242553	-999.9	0.2	5.65972222222222	6.16234707411032	330
NORTH_CAPE	2020	11	14	319	3.6	5.8	2.8363215801001	-999.9	2.9	5.84490740740742	7.38153877433274	330
NORTH_CAPE	2020	11	15	320	-1.6	4.9	4.81293277403403	-999.9	0.2	7.36111111111111	4.87948610235897	330
NORTH_CAPE	2020	11	16	321	3.8	9.6	4.4890988284428	-999.9	4.5	10.1967592592593	7.77321028679533	330
NORTH_CAPE	2020	11	17	322	0.2	5.6	4.27781770343719	-999.9	0	11.4351851851852	5.34084544119388	330
NORTH_CAPE	2020	11	18	323	-1.4	0.7	2.63516970056157	-999.9	0	11.5217391304348	4.28944508699406	330
NORTH_CAPE	2020	11	19	324	-3.4	1.8	4.09706329167373	-999.9	2.6	9.67592592592592	4.0891369473256	330
NORTH_CAPE	2020	11	20	325	1.6	8.4	4.63021595505091	-999.9	0.9	5.30092592592592	7.21289333010141	330
NORTH_CAPE	2020	11	21	326	0.8	8.2	4.77471444442055	-999.9	0	11.1342592592593	5.92541039610112	330
NORTH_CAPE	2020	11	22	327	-2.4	1.5	3.42738430245495	-999.9	0	4.65277777777778	3.53364504666894	330
NORTH_CAPE	2020	11	23	328	1.5	12.3	5.64106070751862	-999.9	30.1	8.75	8.25130058260921	330
NORTH_CAPE	2020	11	24	329	-3.1	4.5	4.6816478956887	-999.9	0.5	16.6203703703704	4.68919699486226	330
NORTH_CAPE	2020	11	25	330	-3.6	2.8	4.25162395558791	-999.9	2.4	5.15046296296297	4.54314702302447	330
NORTH_CAPE	2020	11	26	331	0.4	10.2	5.20817784184593	-999.9	8.7	6.71296296296297	7.84599977486228	330
NORTH_CAPE	2020	11	27	332	3.8	12.9	4.96982930032539	-999.9	0.4	4.60648148148147	10.3707465752434	330
NORTH_CAPE	2020	11	28	333	1.9	4.6	2.6816111023809	-999.9	0	2.59259259259259	6.7965919660591	330
NORTH_CAPE	2020	11	29	334	2.8	4.6	2.16966847688946	-999.9	0	8.33333333333333	6.25143953913879	330
NORTH_CAPE	2020	11	30	335	-0.9	6.8	4.44836722905455	-999.9	0.3	5.56712962962964	5.86408460449269	330
NORTH_CAPE	2020	12	1	336	6.2	14.4	4.55218614905711	-999.9	6	9.0625	11.5308442186426	330
NORTH_CAPE	2020	12	2	337	4.8	11.1	3.95827051489312	-999.9	5.9	4.87268518518519	10.1771397722805	330
NORTH_CAPE	2020	12	3	338	1	5.9	3.4643688164882	-999.9	0.5	7.67361111111111	6.21186170728533	330
NORTH_CAPE	2020	12	4	339	2	8.5	3.96138220646055	-999.9	0.9	3.77314814814814	6.8810306282022	330
NORTH_CAPE	2020	12	5	340	1.7	4.8	2.71714094969392	-999.9	16.4	6.88657407407408	6.64433275614261	330
NORTH_CAPE	2020	12	6	341	3.2	8	3.35949839736355	-999.9	8	9.03935185185186	8.60495004596645	330
NORTH_CAPE	2020	12	7	342	0.7	3.2	2.41007942473193	-999.9	3	7.99768518518519	6.60129696253977	330
NORTH_CAPE	2020	12	8	343	-0.5	1.9	2.34835155940996	-999.9	0.2	9.58333333333333	5.6953700735074	330
NORTH_CAPE	2020	12	9	344	-1.9	0.6	2.38460036684074	-999.9	0.6	6.66666666666667	4.95997141452002	330
NORTH_CAPE	2020	12	10	345	-2.4	0.9	2.7270039888104	-999.9	2.9	4.81481481481481	5.24673115333107	330
NORTH_CAPE	2020	12	11	346	-1.3	2.4	2.87548321510271	-999.9	0	6.99074074074075	5.1707982637044	330
NORTH_CAPE	2020	12	12	347	0.7	2.3	1.88387347383789	-999.9	0	6.64351851851853	5.21793743225938	330
NORTH_CAPE	2020	12	13	348	0.1	4	2.93162730586559	-999.9	8.7	9.39814814814814	6.72544845676056	330
NORTH_CAPE	2020	12	14	349	-2	2.8	3.2432977437424	-999.9	0.2	6.25	5.60474310432807	330
NORTH_CAPE	2020	12	15	350	-9.6	-1.6	4.17741643546153	-999.9	0.5	14.1666666666667	3.33226281120478	330
NORTH_CAPE	2020	12	16	351	-9.9	-6.3	2.79717051328588	-999.9	0	13.287037037037	2.86343911064803	330
NORTH_CAPE	2020	12	17	352	-6.9	-0.7	3.66587791111502	-999.9	0	6.93287037037036	3.78665713585341	330
NORTH_CAPE	2020	12	18	353	-1.2	0.6	1.97352813880211	-999.9	0.3	12.3611111111111	5.47211994470742	330
NORTH_CAPE	2020	12	19	354	-3.1	-0.6	2.32494698053754	-999.9	0.2	5.82175925925925	4.35111277372064	330
NORTH_CAPE	2020	12	20	355	-3.8	0.8	3.1540552735455	-999.9	0.2	4.49074074074075	4.44371835250204	330
NORTH_CAPE	2020	12	21	356	0.6	3.9	2.67304353441105	-999.9	1.5	5.15046296296297	6.9735874471063	330
NORTH_CAPE	2020	12	22	357	0	2.1	2.13465850395719	-999.9	18	14.4444444444444	6.14160769138923	330
NORTH_CAPE	2020	12	23	358	-9.2	1	4.71193113993138	-999.9	0.4	11.8287037037037	3.40199847538561	330
NORTH_CAPE	2020	12	24	359	-9.1	5.9	5.72577162495167	-999.9	0	5.09259259259258	4.44754304443239	330
NORTH_CAPE	2020	12	25	360	4.2	9.7	3.4759017954531	-999.9	0	6.78240740740742	9.40218742317961	330
NORTH_CAPE	2020	12	26	361	0.4	9.7	4.53348383385627	-999.9	11.6	7.14120370370369	8.39548250710538	330
NORTH_CAPE	2020	12	27	362	-4.3	1	3.43429687613707	-999.9	0.2	11.6319444444444	3.88196222858025	330
NORTH_CAPE	2020	12	28	363	-6.4	3.2	4.64031614834231	-999.9	0	4.90740740740742	3.81510469847218	330
NORTH_CAPE	2020	12	29	364	-6.7	5	5.14537825026823	-999.9	2.3	10.474537037037	4.85683177264819	330
NORTH_CAPE	2020	12	30	365	-6.4	-1.8	3.24200314472838	-999.9	0.4	11.8518518518519	3.21310350173844	330
NORTH_CAPE	2020	12	31	366	-2.8	2.5	3.49846396520152	-999.9	7.1	9.87268518518519	5.04582316286139	330
