NORTH_CAPE	2005	1	1	1	-7.2	5.4	5.39414587697046	-999.9	0	11.0300925925926	5.74772990845939	330
NORTH_CAPE	2005	1	2	2	-10.7	-7	2.93988791524487	-999.9	0.7	7.56944444444445	3.13729194462389	330
NORTH_CAPE	2005	1	3	3	-7.8	9.2	6.34066966862561	-999.9	0	8.04398148148147	6.45672563836455	330
NORTH_CAPE	2005	1	4	4	-7.1	-3.5	2.93715815186952	-999.9	14	6.40096618357489	3.90081640268806	330
NORTH_CAPE	2005	1	5	5	-13.5	-6.9	4.00492428264381	-999.9	0	12.3032407407407	2.83219639586696	330
NORTH_CAPE	2005	1	6	6	-14.6	-7.9	4.06520868769179	-999.9	0	6.41203703703703	2.59501328486352	330
NORTH_CAPE	2005	1	7	7	-11.1	-2.7	4.58755034790235	-999.9	14.6	5.52083333333333	4.225215659738	330
NORTH_CAPE	2005	1	8	8	-5.7	-3	2.6223287833651	-999.9	0	7.16435185185186	4.43228367433439	330
NORTH_CAPE	2005	1	9	9	-20.6	-5.3	6.29620458845342	-999.9	28	6.489898989899	2.26321741962407	330
NORTH_CAPE	2005	1	10	10	-8.3	0	4.6790660121104	-999.9	0	5.625	4.49952167033807	330
NORTH_CAPE	2005	1	11	11	-9.4	-1.3	4.66556272009469	-999.9	1	15.0925925925926	4.10930652200197	330
NORTH_CAPE	2005	1	12	12	-12.1	-5.4	4.28439822769673	-999.9	0	5.625	3.16193100075296	330
NORTH_CAPE	2005	1	13	13	-5.9	8.2	6.27765481711207	-999.9	0	5.63131313131314	6.69364209858054	330
NORTH_CAPE	2005	1	14	14	-3.3	13.9	7.00530472728115	-999.9	4.7	7.66203703703703	8.94555793808527	330
NORTH_CAPE	2005	1	15	15	-11.4	-3.3	4.85863883568731	-999.9	14	10.5092592592593	3.52545204025155	330
NORTH_CAPE	2005	1	16	16	-11.4	-6	4.01058274450118	-999.9	0	4.43287037037036	3.18674235085036	330
NORTH_CAPE	2005	1	17	17	-10.9	-5	4.23934810942377	-999.9	3.9	16.1921296296296	3.36533459655959	330
NORTH_CAPE	2005	1	18	18	-14	-10.5	3.30284586066093	-999.9	0	10.6018518518519	2.3949478286147	330
NORTH_CAPE	2005	1	19	19	-17.9	-9.6	5.14621610850511	-999.9	0	4.47916666666667	2.12062482792053	330
NORTH_CAPE	2005	1	20	20	-9.9	-1.8	5.14510675083606	-999.9	8.4	9.25925925925925	3.95580792804844	330
NORTH_CAPE	2005	1	21	21	-16.4	-5.5	6.04186473652813	-999.9	14	11.7592592592593	2.6578738177634	330
NORTH_CAPE	2005	1	22	22	-17.9	-15.3	2.98777587374733	-999.9	0	8.24074074074075	1.68260872289464	330
NORTH_CAPE	2005	1	23	23	-17.3	-10.8	4.78425288001353	-999.9	0.6	10.7638888888889	2.06925882047072	330
NORTH_CAPE	2005	1	24	24	-13.1	-8.9	3.89552091924039	-999.9	0.7	16.1805555555556	2.6578738177634	330
NORTH_CAPE	2005	1	25	25	-15.7	-12.2	3.60280351340223	-999.9	0	9.74537037037036	2.0862558660927	330
NORTH_CAPE	2005	1	26	26	-18	-15.7	2.95946543509149	-999.9	28	6.68981481481481	1.66451730145406	330
NORTH_CAPE	2005	1	27	27	-18.2	-14.7	3.69997083948141	-999.9	0	6.03864734299517	1.69673566778315	330
NORTH_CAPE	2005	1	28	28	-17	-12	4.48261447244086	-999.9	0	8.46064814814814	2.00250173501603	330
NORTH_CAPE	2005	1	29	29	-13.6	-9.6	4.06462799091592	-999.9	0	4.25925925925925	2.53348296476492	330
NORTH_CAPE	2005	1	30	30	-11.2	-5.3	5.00516915946729	-999.9	0	4.49275362318842	3.28773169756581	330
NORTH_CAPE	2005	1	31	31	-15.4	-10.8	4.48153134624295	-999.9	14	6.08796296296297	2.24493703504893	330
NORTH_CAPE	2005	2	1	32	-14.9	-2.5	7.46210479940403	-999.9	1.3	3.27546296296297	3.18674235085036	330
NORTH_CAPE	2005	2	2	33	-11.8	-2.2	6.65936454901933	-999.9	0.6	1.73611111111111	3.63593097997195	330
NORTH_CAPE	2005	2	3	34	-8.9	-4	4.82593156484761	-999.9	0	2.33796296296296	3.77835744996015	330
NORTH_CAPE	2005	2	4	35	-5.9	-3.7	3.28031357606007	-999.9	0	2.37268518518519	4.30048092362485	330
NORTH_CAPE	2005	2	5	36	-6.9	-3.2	4.31575246889433	-999.9	0	4.50231481481481	4.20392753948184	330
NORTH_CAPE	2005	2	6	37	-8.6	-3.5	5.14066181182395	-999.9	0	3.91203703703703	3.89585106166142	330
NORTH_CAPE	2005	2	7	38	-9.6	4.7	8.73379273677754	-999.9	0	2.53472222222222	5.1086608605554	330
NORTH_CAPE	2005	2	8	39	-2.9	0.9	4.56821278322983	-999.9	14	3.17129629629631	5.70580439682226	330
NORTH_CAPE	2005	2	9	40	-2.9	-0.8	3.44586933796009	-999.9	0	1.71497584541063	5.34051037932044	330
NORTH_CAPE	2005	2	10	41	-5.1	-0.3	5.28634751053898	-999.9	7	6.35416666666667	5.03338829905818	330
NORTH_CAPE	2005	2	11	42	-2.4	3.2	5.79405722495045	-999.9	2	6.46135265700483	6.31816977472399	330
NORTH_CAPE	2005	2	12	43	-6.6	-1.9	5.38636366105644	-999.9	0	9.15343915343914	4.48664498425153	330
NORTH_CAPE	2005	2	13	44	-10.8	-4.7	6.22688151904495	-999.9	0	4.32870370370369	3.41797213687312	330
NORTH_CAPE	2005	2	14	45	-13.3	-6.6	6.62216157005073	-999.9	14	4.36342592592592	2.87733971665664	330
NORTH_CAPE	2005	2	15	46	-7.1	4.3	8.76528649170069	-999.9	1.8	7.33796296296297	5.54080194762908	330
NORTH_CAPE	2005	2	16	47	0.1	3.6	4.92822650159892	-999.9	0	4.375	7.03825531323653	330
NORTH_CAPE	2005	2	17	48	-5.5	4.4	8.41019213000974	-999.9	0	6.66666666666667	5.87515058752993	330
NORTH_CAPE	2005	2	18	49	-11.9	-4.6	7.32769491106839	-999.9	0	9.07407407407408	3.28773169756581	330
NORTH_CAPE	2005	2	19	50	-14.2	-10.4	5.3641219248674	-999.9	0	5.27777777777778	2.3949478286147	330
NORTH_CAPE	2005	2	20	51	-16.7	-10.8	6.78132294110656	-999.9	0	7.54629629629631	2.12062482792053	330
NORTH_CAPE	2005	2	21	52	-15.5	-11.2	5.87330340537436	-999.9	0	3.75	2.1908847294925	330
NORTH_CAPE	2005	2	22	53	-13.4	-8.7	6.2292069205923	-999.9	15	3.95833333333333	2.55810760399611	330
NORTH_CAPE	2005	2	23	54	-11.1	-6.8	6.04403861556148	-999.9	0	1.78240740740741	3.1128241413922	330
NORTH_CAPE	2005	2	24	55	-13	-8.9	5.98639649111317	-999.9	0	3.47222222222222	2.6578738177634	330
NORTH_CAPE	2005	2	25	56	-13.5	-8.1	6.96819444461885	-999.9	0	5.40509259259258	2.70053216736379	330
NORTH_CAPE	2005	2	26	57	-9.7	-4.4	7.00129597344732	-999.9	0	9.83796296296297	3.60802615182289	330
NORTH_CAPE	2005	2	27	58	-9.5	-7	4.87632915564766	-999.9	0	12.9861111111111	3.28773169756581	330
NORTH_CAPE	2005	2	28	59	-10.3	-2.4	8.78987355610896	-999.9	0.6	5.61342592592592	3.80743130440025	330
NORTH_CAPE	2005	3	1	60	-6.7	0.5	8.50830870541395	-999.9	3.2	8.84259259259258	4.88579111960219	330
NORTH_CAPE	2005	3	2	61	-3.7	1.8	7.53922025336936	-999.9	5.5	2.48737373737374	5.70580439682226	330
NORTH_CAPE	2005	3	3	62	-7.8	-5.9	4.4920915869074	-999.9	2	9.21957671957672	3.6640277644217	330
NORTH_CAPE	2005	3	4	63	-12	-8	6.60671609133965	-999.9	0	7.46527777777778	2.87733971665664	330
NORTH_CAPE	2005	3	5	64	-10.4	-5.4	7.48652394022339	-999.9	0	6.92028985507247	3.39156241487427	330
NORTH_CAPE	2005	3	6	65	-11.1	-1.4	10.5675675409105	-999.9	1.6	4.69907407407408	3.83670407060739	330
NORTH_CAPE	2005	3	7	66	-11.3	-1.2	10.9268987643873	-999.9	0.8	6.36574074074075	3.83670407060739	330
NORTH_CAPE	2005	3	8	67	-7.3	4.2	11.8136511767393	-999.9	20.4	7.67361111111111	5.45989938958452	330
NORTH_CAPE	2005	3	9	68	-10.7	4.2	13.6231689905628	-999.9	0	12.4154589371981	4.81344421524126	330
NORTH_CAPE	2005	3	10	69	-11.8	-5.4	9.04429081265452	-999.9	14	7.5	3.10166668067242	330
NORTH_CAPE	2005	3	11	70	-10	-3	9.58035959313333	-999.9	0	4.78260869565217	3.77835744996015	330
NORTH_CAPE	2005	3	12	71	-7	-4.7	5.56151059381744	-999.9	0	9.61805555555556	3.95580792804844	330
NORTH_CAPE	2005	3	13	72	-6	-2.7	6.74572769637698	-999.9	1.6	9.60648148148147	4.43228367433439	330
NORTH_CAPE	2005	3	14	73	-3.7	0.1	7.32913507475412	-999.9	1.4	7.33796296296297	5.38004670630064	330
NORTH_CAPE	2005	3	15	74	-4.1	1.3	8.84488602497689	-999.9	1.8	6.58564814814814	5.54080194762908	330
NORTH_CAPE	2005	3	16	75	-3.8	0.7	8.17298466364469	-999.9	0	6.88657407407408	5.45989938958452	330
NORTH_CAPE	2005	3	17	76	-3.2	-0.3	6.64043402465146	-999.9	1.8	5.76388888888889	5.38004670630064	330
NORTH_CAPE	2005	3	18	77	-2	0	5.58057399198731	-999.9	1.3	6.49305555555556	5.70580439682226	330
NORTH_CAPE	2005	3	19	78	-4.8	0	8.74769640913771	-999.9	0	6.86342592592592	5.14667056144693	330
NORTH_CAPE	2005	3	20	79	-4.8	0.1	8.94175209306812	-999.9	0	6.48148148148147	5.14667056144693	330
NORTH_CAPE	2005	3	21	80	-5.6	-0.1	9.58295065490245	-999.9	14	4.14351851851853	4.95910211736983	330
NORTH_CAPE	2005	3	22	81	-7.4	-1.2	10.2907841149851	-999.9	0	2.53472222222222	4.46579020797288	330
NORTH_CAPE	2005	3	23	82	-8.2	-0.4	11.672816195605	-999.9	0	5.23148148148147	4.46579020797288	330
NORTH_CAPE	2005	3	24	83	-8.4	-1.2	11.3399457660221	-999.9	0	2.51207729468599	4.30048092362485	330
NORTH_CAPE	2005	3	25	84	-6.1	3	12.8890871715108	-999.9	0.7	6.33101851851853	5.45989938958452	330
NORTH_CAPE	2005	3	26	85	-8.4	-2.8	10.2209742226486	-999.9	0.6	4.56018518518519	4.04728276664549	330
NORTH_CAPE	2005	3	27	86	-7.7	7.8	17.187028013672	-999.9	0	5.55555555555556	6.18225535846732	330
NORTH_CAPE	2005	3	28	87	-1.8	7.7	13.5979372201147	-999.9	26.4	5.49768518518519	7.61157547365194	330
NORTH_CAPE	2005	3	29	88	-0.5	1.6	6.46006123063593	-999.9	33.1	7.12962962962964	6.41024414453416	330
NORTH_CAPE	2005	3	30	89	-2.2	-0.1	6.52667090565955	-999.9	1.8	13.599537037037	5.62276627985693	330
NORTH_CAPE	2005	3	31	90	-3	-1	6.43415257495973	-999.9	0	11.4930555555556	5.30123210870854	330
NORTH_CAPE	2005	4	1	91	-3.5	2.4	11.1618396085369	-999.9	3	2.90509259259258	5.87515058752993	330
NORTH_CAPE	2005	4	2	92	-0.1	2.6	7.62542640411883	-999.9	0	2.38425925925926	6.74193883983553	330
NORTH_CAPE	2005	4	3	93	0.1	2.8	7.69973265599248	-999.9	4.1	7.18599033816425	6.83945922305981	330
NORTH_CAPE	2005	4	4	94	0.8	6.3	11.0949575256432	-999.9	4.1	5.82175925925925	7.94139534583193	330
NORTH_CAPE	2005	4	5	95	0.5	5.7	10.8901921403673	-999.9	0	2.97453703703703	7.6656890648113	330
NORTH_CAPE	2005	4	6	96	-0.4	11	16.274772948509	-999.9	0	6.09953703703703	8.94555793808527	330
NORTH_CAPE	2005	4	7	97	-1.5	2.6	9.84968200897002	-999.9	6.4	3.54166666666667	6.41024414453416	330
NORTH_CAPE	2005	4	8	98	-0.9	4.3	11.1928046285181	-999.9	4.3	1.50462962962963	6.93822681042277	330
NORTH_CAPE	2005	4	9	99	-1.9	2.9	10.8493603538644	-999.9	0.7	4.40972222222222	6.36405940148234	330
NORTH_CAPE	2005	4	10	100	-1.1	10.1	16.7177642089516	-999.9	0.7	6.20370370370369	8.45983637753877	330
NORTH_CAPE	2005	4	11	101	-2.2	-0.4	6.75975003010663	-999.9	2.3	10.3935185185185	5.58165064392424	330
NORTH_CAPE	2005	4	12	102	-2.5	0.9	9.36911812534725	-999.9	2.8	8.66898148148147	5.789928420992	330
NORTH_CAPE	2005	4	13	103	-2.7	1.4	10.3742303043681	-999.9	0	5.67129629629631	5.83240146734348	330
NORTH_CAPE	2005	4	14	104	-2	1.2	9.24024834739551	-999.9	0	7.28009259259258	5.96148324508405	330
NORTH_CAPE	2005	4	15	105	-3.6	2.8	13.1729644105803	-999.9	0	6.04166666666667	5.96148324508405	330
NORTH_CAPE	2005	4	16	106	-2	13.9	20.9274995954878	-999.9	0.6	5.19675925925925	5.12334202901735	330
NORTH_CAPE	2005	4	17	107	1.4	14.4	19.07024531608	-999.9	0	4.375	6.60759545222114	330
NORTH_CAPE	2005	4	18	108	-2	4.8	13.8977876485171	-999.9	0	5.30092592592592	5.74712579167927	330
NORTH_CAPE	2005	4	19	109	-2	8.3	17.2328635445168	-999.9	0	5.24691358024692	5.53686552095325	330
NORTH_CAPE	2005	4	20	110	0.8	10.1	16.4956400933393	-999.9	0	6.51620370370369	6.76697532042826	330
NORTH_CAPE	2005	4	21	111	-0.1	3.2	9.8972606222413	-999.9	0	5.83333333333333	5.02819272735076	330
NORTH_CAPE	2005	4	22	112	0.5	5.7	12.5121449694487	-999.9	0	8.28703703703703	5.36266969761723	330
NORTH_CAPE	2005	4	23	113	1.6	6	11.5896538035531	-999.9	5.7	3.92361111111111	6.79927205651761	330
NORTH_CAPE	2005	4	24	114	2	4.8	9.30849338523439	-999.9	9.2	8.70370370370369	7.72842593245478	330
NORTH_CAPE	2005	4	25	115	2.5	5.7	10.017840321355	-999.9	34.8	9.12037037037036	7.91260968563256	330
NORTH_CAPE	2005	4	26	116	2.1	9.6	15.4372959544071	-999.9	0.7	3.75	6.99364421886941	330
NORTH_CAPE	2005	4	27	117	-0.8	2.3	9.98863030026265	-999.9	0	6.04166666666667	6.40745862899546	330
NORTH_CAPE	2005	4	28	118	1.1	2.8	7.44350227969973	-999.9	2.3	11.4236111111111	6.37142962652752	330
NORTH_CAPE	2005	4	29	119	1.4	14.2	20.5508207322115	-999.9	5.5	9.40972222222222	7.19959814692396	330
NORTH_CAPE	2005	4	30	120	2.8	9.9	15.3981483852886	-999.9	0	4.21296296296297	7.31205273702435	330
NORTH_CAPE	2005	5	1	121	4.4	11.8	15.8130052916477	-999.9	16.8	6.90972222222222	8.54569149825285	330
NORTH_CAPE	2005	5	2	122	4.3	11.2	15.3577181760558	-999.9	0.7	7.06018518518519	7.61588787135514	330
NORTH_CAPE	2005	5	3	123	4.1	11	15.4445378807771	-999.9	0	4.88425925925925	7.55884360560157	330
NORTH_CAPE	2005	5	4	124	4.4	9.9	13.8651586872005	-999.9	0	3.81944444444444	7.87257058569184	330
NORTH_CAPE	2005	5	5	125	4.5	11.2	15.3857686830417	-999.9	0	2.38425925925926	7.44261275286301	330
NORTH_CAPE	2005	5	6	126	5.7	13.1	16.2547910952743	-999.9	0	3.62268518518519	7.35175359337938	330
NORTH_CAPE	2005	5	7	127	5	11.3	15.0752750251935	-999.9	20.4	3.84259259259258	8.09666794572716	330
NORTH_CAPE	2005	5	8	128	3.9	5.9	8.5366085438203	-999.9	27.8	11.280193236715	7.04978173296446	330
NORTH_CAPE	2005	5	9	129	2.2	5.2	10.5063682183537	-999.9	0	5.10416666666667	7.60239922807553	330
NORTH_CAPE	2005	5	10	130	2.2	6.8	13.0719086272528	-999.9	0	3.20601851851853	7.78810176182149	330
NORTH_CAPE	2005	5	11	131	3.6	9.7	15.123065387234	-999.9	0	2.53472222222222	8.29109340396601	330
NORTH_CAPE	2005	5	12	132	0.3	10	19.1567829427851	-999.9	2.9	11.9675925925926	6.72041711676033	330
NORTH_CAPE	2005	5	13	133	-0.5	2.8	11.2228380717283	-999.9	1.4	13.599537037037	4.60625957506522	330
NORTH_CAPE	2005	5	14	134	0.5	6.2	14.8128840861456	-999.9	0	7.38425925925925	6.12470356829178	330
NORTH_CAPE	2005	5	15	135	2.3	5.6	11.3178340891024	-999.9	0	5.71759259259258	7.14155217759147	330
NORTH_CAPE	2005	5	16	136	1.9	3.7	8.39256429425324	-999.9	1.9	4.60648148148147	7.20760094276108	330
NORTH_CAPE	2005	5	17	137	3.1	7.4	13.0224548378001	-999.9	0.7	2.73148148148148	8.05742320602806	330
NORTH_CAPE	2005	5	18	138	2.9	7.2	13.0719813846529	-999.9	0	2.5462962962963	8.18308924201082	330
NORTH_CAPE	2005	5	19	139	3.9	5.8	8.72129783303474	-999.9	6.3	4.79166666666667	7.97485375941688	330
NORTH_CAPE	2005	5	20	140	3.1	4.2	6.65957559555519	-999.9	8.9	10.2893518518519	7.68850147388814	330
NORTH_CAPE	2005	5	21	141	2.9	5.2	9.66293346161407	-999.9	0.6	7.54629629629631	7.83773130387456	330
NORTH_CAPE	2005	5	22	142	3.2	5	8.5768012051721	-999.9	9	10.7523148148148	8.09205214043977	330
NORTH_CAPE	2005	5	23	143	3.4	6.5	11.2918033269911	-999.9	0	10.6481481481481	7.94329985786548	330
NORTH_CAPE	2005	5	24	144	3.5	6.7	11.5080129256976	-999.9	0	7.62731481481481	7.98137522148431	330
NORTH_CAPE	2005	5	25	145	3.6	7.5	12.7423711064651	-999.9	0	6.21527777777778	7.82360424749703	330
NORTH_CAPE	2005	5	26	146	4.6	6.7	9.37713254616605	-999.9	4.5	8.55324074074075	8.36607596807574	330
NORTH_CAPE	2005	5	27	147	4.3	6	8.46013627766049	-999.9	3.2	8.10185185185186	9.41303404392327	330
NORTH_CAPE	2005	5	28	148	4.4	6	8.22916108618056	-999.9	0	3.79629629629631	9.50795836658204	330
NORTH_CAPE	2005	5	29	149	4.5	8.3	12.7139464244071	-999.9	0	3.10185185185186	9.21596945774198	330
NORTH_CAPE	2005	5	30	150	5.3	10.9	15.471273817292	-999.9	0	2.22222222222222	9.174412196003	330
NORTH_CAPE	2005	5	31	151	7.7	14.6	17.2127671781014	-999.9	0	2.98611111111111	10.1210814983408	330
NORTH_CAPE	2005	6	1	152	9.8	22.6	23.495027803539	-999.9	0	5.84490740740742	11.9453487456397	330
NORTH_CAPE	2005	6	2	153	11.9	23.5	22.4127767428861	-999.9	0	7.03703703703703	12.948350579164	330
NORTH_CAPE	2005	6	3	154	13.6	23.1	20.3224070084351	-999.9	0	8.42592592592592	13.7792414329445	330
NORTH_CAPE	2005	6	4	155	8.6	14.3	15.7706114957475	-999.9	0	5.76388888888889	10.8136060218087	330
NORTH_CAPE	2005	6	5	156	4.1	11.8	18.3613845924646	-999.9	0	4.12037037037036	8.78455619960698	330
NORTH_CAPE	2005	6	6	157	5.5	12.7	17.7838820069136	-999.9	5.8	3.48379629629631	8.82009262671999	330
NORTH_CAPE	2005	6	7	158	8.5	23.3	25.5354092509652	-999.9	8.2	6.34259259259258	12.3706550617638	330
NORTH_CAPE	2005	6	8	159	9.6	18.9	20.2701312945581	-999.9	0.6	4.89583333333333	12.3531215596249	330
NORTH_CAPE	2005	6	9	160	11.2	18.8	18.3474860567143	-999.9	0	3.98148148148147	11.4806223970042	330
NORTH_CAPE	2005	6	10	161	11.4	26.6	25.9775317395337	-999.9	1.3	5.83333333333333	14.7147925220707	330
NORTH_CAPE	2005	6	11	162	10.2	13.2	11.5529992828201	-999.9	0	3.87731481481481	11.5494235204093	330
NORTH_CAPE	2005	6	12	163	10.3	18.7	19.3501157055788	-999.9	15.5	4.60648148148147	13.7412887441329	330
NORTH_CAPE	2005	6	13	164	9.4	11.4	9.44975528187113	-999.9	8.6	7.625	11.4299168604753	330
NORTH_CAPE	2005	6	14	165	9.3	13.2	13.2053951400188	-999.9	0	7.18599033816425	10.8641787791415	330
NORTH_CAPE	2005	6	15	166	9.1	13.5	14.0349513943889	-999.9	2.1	6.94444444444445	10.8973496139098	330
NORTH_CAPE	2005	6	16	167	9.7	12.6	11.3998999756733	-999.9	7.6	8.78787878787878	11.3767557620193	330
NORTH_CAPE	2005	6	17	168	8.8	10	7.33604798145794	-999.9	3	9.93055555555556	10.9333857673945	330
NORTH_CAPE	2005	6	18	169	8.1	9.7	8.4733100345488	-999.9	15.1	9.98842592592592	11.1249163960394	330
NORTH_CAPE	2005	6	19	170	6.3	11.6	15.4242730859255	-999.9	0	5.55555555555556	10.5090063129227	330
NORTH_CAPE	2005	6	20	171	6.7	24.4	28.1889691987767	-999.9	0	6.06481481481481	12.1702650602592	330
NORTH_CAPE	2005	6	21	172	13.6	28.1	25.5125871887677	-999.9	0	8.18287037037036	14.5587571880571	330
NORTH_CAPE	2005	6	22	173	11.5	15.8	13.8910422678035	-999.9	1.3	3.40277777777778	12.7879452472914	330
NORTH_CAPE	2005	6	23	174	11.9	16.3	14.0478294286023	-999.9	0	4.58333333333333	11.4192267872905	330
NORTH_CAPE	2005	6	24	175	13.1	23.4	21.4850301346965	-999.9	1.7	6.08796296296297	13.6927753378304	330
NORTH_CAPE	2005	6	25	176	15.4	25.7	21.4744783842879	-999.9	0.7	4.53703703703703	17.2844088577954	330
NORTH_CAPE	2005	6	26	177	12.8	16.6	13.0357088775874	-999.9	0	4.80324074074075	14.2389025431697	330
NORTH_CAPE	2005	6	27	178	12.8	22	20.2687885478453	-999.9	0	5.16203703703703	13.7632372269897	330
NORTH_CAPE	2005	6	28	179	16.4	27.1	21.8408210010953	-999.9	0	7.61574074074075	17.8123665579205	330
NORTH_CAPE	2005	6	29	180	13.2	23.1	20.9889161550438	-999.9	15.2	8.24879227053139	17.0193723402713	330
NORTH_CAPE	2005	6	30	181	11.3	17.3	16.3228321923877	-999.9	0.6	4.21296296296297	11.6874405535069	330
NORTH_CAPE	2005	7	1	182	13.2	23.6	21.465259323771	-999.9	0	4.61805555555556	14.9536480661867	330
NORTH_CAPE	2005	7	2	183	16.3	25.6	20.2727467696174	-999.9	9.9	5.69444444444445	17.3259067429577	330
NORTH_CAPE	2005	7	3	184	14.6	20.9	16.6626887571553	-999.9	0	5.18518518518519	13.9701810680473	330
NORTH_CAPE	2005	7	4	185	13.9	27.9	24.8024454832325	-999.9	0.6	5.41666666666667	15.788398030088	330
NORTH_CAPE	2005	7	5	186	14.9	26.5	22.5406846403836	-999.9	0	7.29166666666667	15.6116527302219	330
NORTH_CAPE	2005	7	6	187	13.7	18.1	13.8587467732964	-999.9	21.8	8.76157407407408	14.8144109717211	330
NORTH_CAPE	2005	7	7	188	11.2	17.7	16.8137909403559	-999.9	0	4.42129629629631	12.9259323759167	330
NORTH_CAPE	2005	7	8	189	10.2	22	22.6106515784708	-999.9	0	2.65046296296296	13.2380398020236	330
NORTH_CAPE	2005	7	9	190	14.2	21.9	18.2277154468384	-999.9	12.7	3.59953703703703	16.1863195656233	330
NORTH_CAPE	2005	7	10	191	14.6	19.4	14.3606440207321	-999.9	8.1	3.04398148148147	17.1773997837318	330
NORTH_CAPE	2005	7	11	192	15.6	17.3	8.52698919970888	-999.9	0	6.11111111111111	16.2529289484005	330
NORTH_CAPE	2005	7	12	193	13.6	15.9	9.8947441303328	-999.9	0.6	6.64351851851853	15.3453441081506	330
NORTH_CAPE	2005	7	13	194	13.6	18.3	14.1094578018049	-999.9	0	2.62731481481481	15.5916627907178	330
NORTH_CAPE	2005	7	14	195	13.6	21.1	17.7772270411393	-999.9	33.8	4.57175925925925	17.2249115109376	330
NORTH_CAPE	2005	7	15	196	16.3	21	14.0347746616751	-999.9	0	4.88425925925925	17.1693272298948	330
NORTH_CAPE	2005	7	16	197	12.6	17.5	14.289884022446	-999.9	0	5.76388888888889	15.6302967366789	330
NORTH_CAPE	2005	7	17	198	13.6	24.8	21.5409435806173	-999.9	0	2.68518518518519	18.1232438825595	330
NORTH_CAPE	2005	7	18	199	18.5	25.6	17.0986059743547	-999.9	0	6.72453703703703	21.0800428085004	330
NORTH_CAPE	2005	7	19	200	20.8	29.7	19.0832784123882	-999.9	0	5.81018518518519	22.2487614329145	330
NORTH_CAPE	2005	7	20	201	18.2	24.1	15.486773075791	-999.9	0	4.08564814814814	20.6312085156387	330
NORTH_CAPE	2005	7	21	202	18.1	24	15.4343457476581	-999.9	0	3.40277777777778	18.1155057714873	330
NORTH_CAPE	2005	7	22	203	18.7	22.4	12.1798112917194	-999.9	0	5.24305555555556	19.7549462705776	330
NORTH_CAPE	2005	7	23	204	17.5	21.6	12.7749477121578	-999.9	0	4.29398148148147	18.3720043891191	330
NORTH_CAPE	2005	7	24	205	17.5	21.7	12.8815822689186	-999.9	0	6.22685185185186	17.0782168533379	330
NORTH_CAPE	2005	7	25	206	14.3	20.9	16.0858339226964	-999.9	5.1	5.89120370370369	16.6318416781561	330
NORTH_CAPE	2005	7	26	207	16.6	26.2	19.3234103824425	-999.9	0	5.10869565217392	19.2622657555146	330
NORTH_CAPE	2005	7	27	208	17.4	23.7	15.5899347481421	-999.9	15.7	4.87268518518519	20.8129814413572	330
NORTH_CAPE	2005	7	28	209	16.3	21.5	14.1042720557662	-999.9	1.4	5.94907407407408	16.3799152686996	330
NORTH_CAPE	2005	7	29	210	16.1	22.5	15.5798364248563	-999.9	4.1	3.71527777777778	17.077967527219	330
NORTH_CAPE	2005	7	30	211	16.5	21.9	14.2476226105829	-999.9	0	7.45370370370369	16.0908219373135	330
NORTH_CAPE	2005	7	31	212	17	23.5	15.5604918774349	-999.9	0	5.39351851851853	14.9481321817276	330
NORTH_CAPE	2005	8	1	213	13.8	22	17.3957426995474	-999.9	4.5	4.38657407407408	16.8976991510858	330
NORTH_CAPE	2005	8	2	214	15.9	21.5	14.3069656294784	-999.9	0.6	5.02314814814814	18.3916086359742	330
NORTH_CAPE	2005	8	3	215	16	19.3	10.9288835769625	-999.9	0	6.03009259259258	17.8135519025211	330
NORTH_CAPE	2005	8	4	216	14.4	19.6	13.6500240840558	-999.9	0	5.30092592592592	15.8636219984681	330
NORTH_CAPE	2005	8	5	217	15.2	23.8	17.4639009344715	-999.9	0	6.68981481481481	18.005296687778	330
NORTH_CAPE	2005	8	6	218	17.1	22	13.1128620769358	-999.9	0.7	6.73611111111111	17.3631292138316	330
NORTH_CAPE	2005	8	7	219	17.5	26.4	17.577162402435	-999.9	0	5.03472222222222	17.6078026791105	330
NORTH_CAPE	2005	8	8	220	18.6	25.4	15.2795009604197	-999.9	0	5.60185185185186	19.1027664030085	330
NORTH_CAPE	2005	8	9	221	17.4	30	20.681752279601	-999.9	0	5.85748792270531	21.0409481471888	330
NORTH_CAPE	2005	8	10	222	19.4	27.5	16.4868640642985	-999.9	0	6.52777777777778	21.3052291410335	330
NORTH_CAPE	2005	8	11	223	19.5	24.7	13.1321730579574	-999.9	0	6.89814814814814	20.4037215870884	330
NORTH_CAPE	2005	8	12	224	17.4	24.6	15.3598221223439	-999.9	0	5.25362318840581	17.2309096859776	330
NORTH_CAPE	2005	8	13	225	16.1	22.5	14.3926351711855	-999.9	0	5.63657407407408	19.7822940067409	330
NORTH_CAPE	2005	8	14	226	18.2	21.4	10.1134849889446	-999.9	0	4.44444444444444	18.2452353057308	330
NORTH_CAPE	2005	8	15	227	15.4	21.9	14.3219748217434	-999.9	0	3.28703703703703	16.0847499552125	330
NORTH_CAPE	2005	8	16	228	13.9	26.2	19.5732876285888	-999.9	0	4.25925925925925	17.3988839723889	330
NORTH_CAPE	2005	8	17	229	15.9	22.5	14.2427071046711	-999.9	0	7.71990740740742	16.9759481724581	330
NORTH_CAPE	2005	8	18	230	15.9	20.4	11.6810072080196	-999.9	0	8.02083333333333	12.9457986962882	330
NORTH_CAPE	2005	8	19	231	13.5	20.7	14.6736312030173	-999.9	0	5.70601851851853	12.7109566258775	330
NORTH_CAPE	2005	8	20	232	14.8	21.8	14.366841427068	-999.9	0	4.03935185185186	16.9610111888351	330
NORTH_CAPE	2005	8	21	233	18.3	23.3	12.0553986249416	-999.9	0	4.46859903381642	20.3941038283786	330
NORTH_CAPE	2005	8	22	234	18.1	28.5	17.2599950901904	-999.9	0	6.81216931216931	22.1559404515541	330
NORTH_CAPE	2005	8	23	235	16	20.8	11.6389804639706	-999.9	0	5.82175925925925	20.9130824022725	330
NORTH_CAPE	2005	8	24	236	14.5	16.7	7.82021429297468	-999.9	0	7.07070707070708	16.8475515516159	330
NORTH_CAPE	2005	8	25	237	12.1	17.9	12.6001801378744	-999.9	0	6.51620370370369	15.7942564523239	330
NORTH_CAPE	2005	8	26	238	15.9	24	14.7741651268161	-999.9	0.7	3.94675925925925	20.7089170056035	330
NORTH_CAPE	2005	8	27	239	14.6	27.5	18.4967322807262	-999.9	0	2.87037037037036	19.3043975574279	330
NORTH_CAPE	2005	8	28	240	14.4	26.2	17.5478015735356	-999.9	0	6.96759259259258	18.1868884101611	330
NORTH_CAPE	2005	8	29	241	17.9	23.7	12.2016599738001	-999.9	1.6	4.43236714975844	23.4111634182889	330
NORTH_CAPE	2005	8	30	242	18.6	22	9.26422450397064	-999.9	2	3.20601851851853	23.5283526226796	330
NORTH_CAPE	2005	8	31	243	18	21.4	9.18575971086009	-999.9	7.4	4.11375661375661	23.0446483424059	330
NORTH_CAPE	2005	9	1	244	19.1	24.9	11.8942427506575	-999.9	2.5	6.95707070707069	25.8355960038659	330
NORTH_CAPE	2005	9	2	245	18.2	26.2	13.8470100454492	-999.9	0	6.74768518518519	23.0100613068712	330
NORTH_CAPE	2005	9	3	246	17.5	21.7	9.94408400823088	-999.9	0	9.15509259259258	19.5334952829506	330
NORTH_CAPE	2005	9	4	247	16.8	19.7	8.18858896265329	-999.9	0	7.60416666666667	16.0574662617092	330
NORTH_CAPE	2005	9	5	248	11.6	18.9	12.8730707256776	-999.9	0	5.27777777777778	12.9382652354465	330
NORTH_CAPE	2005	9	6	249	12.6	22.6	14.9269825918028	-999.9	0	5.3125	14.7004627132959	330
NORTH_CAPE	2005	9	7	250	17.1	24.3	12.5467190251474	-999.9	0	7.56944444444445	20.7045437181417	330
NORTH_CAPE	2005	9	8	251	17.5	23.7	11.5316706887487	-999.9	0	5.75231481481481	22.1914700818982	330
NORTH_CAPE	2005	9	9	252	14.9	20.1	10.458540338296	-999.9	2.2	4.45601851851853	17.3856655157709	330
NORTH_CAPE	2005	9	10	253	14	16.8	7.59909725251837	-999.9	0.8	9.88425925925925	14.5587253986777	330
NORTH_CAPE	2005	9	11	254	13.1	18	9.95256931542762	-999.9	7.6	7.02546296296297	12.3593196032157	330
NORTH_CAPE	2005	9	12	255	14.5	18.8	9.22924646043524	-999.9	1.2	12.4652777777778	16.1767702360599	330
NORTH_CAPE	2005	9	13	256	14	17.8	8.5873547836833	-999.9	0	4.47916666666667	14.8133842764586	330
NORTH_CAPE	2005	9	14	257	13.6	23.6	13.7861836515302	-999.9	0	7.12962962962964	18.6215715071229	330
NORTH_CAPE	2005	9	15	258	15.4	19.6	8.84068992870318	-999.9	14.2	7.74305555555556	19.7952283976486	330
NORTH_CAPE	2005	9	16	259	13.2	17.9	9.25271255024028	-999.9	0.6	4.60144927536231	16.5405546928929	330
NORTH_CAPE	2005	9	17	260	13.9	16	6.11828627592418	-999.9	27.5	6.95707070707069	16.6619872207073	330
NORTH_CAPE	2005	9	18	261	13.8	16.1	6.33323616509829	-999.9	7.3	8.35648148148147	16.8500604066798	330
NORTH_CAPE	2005	9	19	262	14.2	18.6	8.66306565763599	-999.9	0	4.42129629629631	16.791745698045	330
NORTH_CAPE	2005	9	20	263	14.1	17.4	7.41870207451142	-999.9	3	6.97916666666667	14.7564943334334	330
NORTH_CAPE	2005	9	21	264	15.1	17.5	6.25525197976883	-999.9	0	10.1797385620915	16.1693339972733	330
NORTH_CAPE	2005	9	22	265	13.6	17.4	7.78112032200955	-999.9	2.4	8.27485380116958	15.1927416815172	330
NORTH_CAPE	2005	9	23	266	12.3	16.6	8.18161512161755	-999.9	3.1	6.79398148148147	15.6590342530201	330
NORTH_CAPE	2005	9	24	267	10.9	14	6.86568630128629	-999.9	0.7	12.4652777777778	10.8840631223743	330
NORTH_CAPE	2005	9	25	268	11.3	15	7.41219061195378	-999.9	2	5.39351851851853	10.7978648534759	330
NORTH_CAPE	2005	9	26	269	12.9	17.5	8.16605145973097	-999.9	33.2	6.66666666666667	17.0610373450975	330
NORTH_CAPE	2005	9	27	270	10.6	17.8	10.0932818074901	-999.9	6.8	8.93518518518519	14.8498713619472	330
NORTH_CAPE	2005	9	28	271	10.6	15.9	8.554274204027	-999.9	0	6.06481481481481	13.3349351184566	330
NORTH_CAPE	2005	9	29	272	10.4	20.3	11.5475205162079	-999.9	4.4	6.99275362318842	14.8098202101311	330
NORTH_CAPE	2005	9	30	273	9.3	13	6.97180943862747	-999.9	0	10.8449074074074	10.8516882164837	330
NORTH_CAPE	2005	10	1	274	8.1	16.7	10.4958054557794	-999.9	0	6.12268518518519	11.3127797935978	330
NORTH_CAPE	2005	10	2	275	11.4	16.5	7.98036590523868	-999.9	0	7.40740740740742	13.7290079780452	330
NORTH_CAPE	2005	10	3	276	12.9	22.3	10.6960398025057	-999.9	0	4.31712962962964	17.2936714851717	330
NORTH_CAPE	2005	10	4	277	14.5	21.7	9.2405513675478	-999.9	0	10.2777777777778	17.4731764083808	330
NORTH_CAPE	2005	10	5	278	12.3	16	6.53818631900729	-999.9	0	6.30787037037036	15.40538662275	330
NORTH_CAPE	2005	10	6	279	11.3	15.2	6.62471019706112	-999.9	0.6	7.15277777777778	15.2262340140307	330
NORTH_CAPE	2005	10	7	280	11.8	20.3	9.65109825786044	-999.9	0	6.81712962962964	17.8438734225234	330
NORTH_CAPE	2005	10	8	281	8.1	12.1	6.53259541161454	-999.9	37.7	9.35185185185186	12.1068540637008	330
NORTH_CAPE	2005	10	9	282	8.1	11.3	5.76469549591916	-999.9	0	12.3856209150327	12.26731666351	330
NORTH_CAPE	2005	10	10	283	11.2	12.9	4.14505203412126	-999.9	1.7	9.86111111111111	14.009296125183	330
NORTH_CAPE	2005	10	11	284	8.7	11.9	5.60976492649407	-999.9	0.6	10.0578703703704	11.3054686270964	330
NORTH_CAPE	2005	10	12	285	8.4	10.5	4.48234240403671	-999.9	0.6	7.06018518518519	9.61731792091651	330
NORTH_CAPE	2005	10	13	286	7.3	13	7.28319126103115	-999.9	0	2.5462962962963	10.4648106185665	330
NORTH_CAPE	2005	10	14	287	7.9	14	7.4302431779941	-999.9	0	3.21759259259258	12.537227853827	330
NORTH_CAPE	2005	10	15	288	11.7	13.6	4.08917273710689	-999.9	10.9	8.83101851851853	14.2962431621888	330
NORTH_CAPE	2005	10	16	289	8.5	15.1	7.51484082327674	-999.9	5.8	10.3703703703704	13.0863210014933	330
NORTH_CAPE	2005	10	17	290	7.8	11	5.15920242394508	-999.9	3.9	6.14583333333333	11.5166926779105	330
NORTH_CAPE	2005	10	18	291	9.2	11.5	4.31224999785702	-999.9	0.7	10.1273148148148	11.3390230016742	330
NORTH_CAPE	2005	10	19	292	8.9	11.9	4.85520884362192	-999.9	0.9	8.95833333333333	10.7691698215063	330
NORTH_CAPE	2005	10	20	293	7.1	11.1	5.52664623189401	-999.9	7.7	11.7361111111111	10.304603224113	330
NORTH_CAPE	2005	10	21	294	6.8	9.3	4.30690730853966	-999.9	0.7	12.1759259259259	9.09651893415598	330
NORTH_CAPE	2005	10	22	295	7.7	10.5	4.49283344265212	-999.9	0	7.41898148148147	10.357794512459	330
NORTH_CAPE	2005	10	23	296	7.6	9.2	3.34758468805412	-999.9	6	11.9444444444444	9.62967475231722	330
NORTH_CAPE	2005	10	24	297	6.5	9.1	4.20606226375622	-999.9	0	10.6597222222222	9.35534807907536	330
NORTH_CAPE	2005	10	25	298	6.2	9.2	4.45304444317809	-999.9	22.3	11.540404040404	9.73830339011053	330
NORTH_CAPE	2005	10	26	299	5.7	7.8	3.67203020330121	-999.9	10.9	17.0833333333333	9.7577005456224	330
NORTH_CAPE	2005	10	27	300	5.8	7.1	2.84750353791562	-999.9	0	10.0578703703704	9.27889595916407	330
NORTH_CAPE	2005	10	28	301	4.8	7.4	3.96893666961318	-999.9	0.6	6.12268518518519	8.14771057886167	330
NORTH_CAPE	2005	10	29	302	1.4	7	5.74088059526165	-999.9	0.6	5.35879629629631	7.18619051484452	330
NORTH_CAPE	2005	10	30	303	1.8	10.8	7.17312145088898	-999.9	0	3.90046296296297	8.69244330095641	330
NORTH_CAPE	2005	10	31	304	9.4	11.5	3.41513485182778	-999.9	0	4.81481481481481	11.8080224838461	330
NORTH_CAPE	2005	11	1	305	9.8	14.1	4.81677221482673	-999.9	0	6.00694444444445	12.3859113011342	330
NORTH_CAPE	2005	11	2	306	8.5	10.8	3.47236613960157	-999.9	9.8	11.1594202898551	9.94007246269039	330
NORTH_CAPE	2005	11	3	307	4.4	6.7	3.42282763498706	-999.9	9.4	10.462962962963	7.42895289240448	330
NORTH_CAPE	2005	11	4	308	1.7	5.5	4.3370667178879	-999.9	1.5	6.36574074074075	6.36304302084784	330
NORTH_CAPE	2005	11	5	309	0.1	8.2	6.24248725805535	-999.9	2.9	5.74074074074075	8.18369726738538	330
NORTH_CAPE	2005	11	6	310	4.7	10.5	5.20800927541445	-999.9	2.6	11.0648148148148	9.6129041475312	330
NORTH_CAPE	2005	11	7	311	4.8	14.5	6.64082687998449	-999.9	0	11.1342592592593	10.7795760280185	330
NORTH_CAPE	2005	11	8	312	3.7	5.3	2.65959228149404	-999.9	1.3	15.4282407407407	6.15100603283548	330
NORTH_CAPE	2005	11	9	313	2.7	6.8	4.19865725859363	-999.9	17.5	8.76157407407408	7.92284680656762	330
NORTH_CAPE	2005	11	10	314	2.7	13	6.56371434588947	-999.9	14.5	8.86574074074075	10.395571593937	330
NORTH_CAPE	2005	11	11	315	2.8	3.7	1.91389722533469	-999.9	0	10.3935185185185	6.16487822278859	330
NORTH_CAPE	2005	11	12	316	1.3	3.3	2.81473213799348	-999.9	0.6	8.71980676328503	5.50088564111664	330
NORTH_CAPE	2005	11	13	317	2.3	7.6	4.52113954266606	-999.9	0	3.69212962962964	7.06323309400113	330
NORTH_CAPE	2005	11	14	318	4	12.7	5.71643858786895	-999.9	0	6.95601851851853	10.0262992871349	330
NORTH_CAPE	2005	11	15	319	2.4	3.5	2.00627821904776	-999.9	3.2	7.45370370370369	6.14951868475463	330
NORTH_CAPE	2005	11	16	320	0.5	15.7	7.36246872036544	-999.9	21.7	8.26388888888889	10.7323559208249	330
NORTH_CAPE	2005	11	17	321	4.9	8.3	3.43819882143886	-999.9	4.3	6.41203703703703	9.53876032177692	330
NORTH_CAPE	2005	11	18	322	0.4	1.6	2.01725186569884	-999.9	0	9.08212560386472	4.9685560802551	330
NORTH_CAPE	2005	11	19	323	-3.5	3.6	4.84696538916072	-999.9	0	6.99074074074075	4.37652160584832	330
NORTH_CAPE	2005	11	20	324	-4.2	5.5	5.59752844988601	-999.9	0	10.2893518518519	5.18690292948619	330
NORTH_CAPE	2005	11	21	325	4	8	3.55233414390553	-999.9	0	6.29629629629631	7.93115092786798	330
NORTH_CAPE	2005	11	22	326	4.9	12.7	4.90358147720891	-999.9	27.4	8.85416666666667	11.1498638112103	330
NORTH_CAPE	2005	11	23	327	4	7.7	3.33936111368453	-999.9	6.9	7.44212962962964	8.71190344159698	330
NORTH_CAPE	2005	11	24	328	-2	9	5.69475022840476	-999.9	13	9.00462962962964	7.2415751876198	330
NORTH_CAPE	2005	11	25	329	-0.6	8.5	5.12435790474067	-999.9	0	10.8680555555556	6.33038436324095	330
NORTH_CAPE	2005	11	26	330	-2.9	1	3.31987155494443	-999.9	0	5.85648148148147	4.26984362362199	330
NORTH_CAPE	2005	11	27	331	-2.8	1.7	3.53020888292311	-999.9	1.3	6.27314814814814	4.96939820528573	330
NORTH_CAPE	2005	11	28	332	-4.1	4.5	4.83268611107741	-999.9	0	2.59259259259259	4.9947889732195	330
NORTH_CAPE	2005	11	29	333	0.9	9.4	4.75925657428977	-999.9	0	4.05092592592592	8.102515355102	330
NORTH_CAPE	2005	11	30	334	5.4	9.9	3.43143859574686	-999.9	0.7	5.91435185185186	10.452685498408	330
NORTH_CAPE	2005	12	1	335	5.4	7.6	2.37835409681204	-999.9	6.2	5.48611111111111	9.56240652971906	330
NORTH_CAPE	2005	12	2	336	4.6	7.8	2.84442826630258	-999.9	3.5	8.78306878306878	9.48503320138744	330
NORTH_CAPE	2005	12	3	337	0.9	3.1	2.33964736044849	-999.9	0.6	9.11458333333333	6.32670645339531	330
NORTH_CAPE	2005	12	4	338	-3	-0.3	2.57222372124077	-999.9	0.6	13.3333333333333	3.95648506368389	330
NORTH_CAPE	2005	12	5	339	-3	-1.1	2.14222215536664	-999.9	0	15.3819444444444	3.88175599446519	330
NORTH_CAPE	2005	12	6	340	-3.1	-1	2.23684257916836	-999.9	0	10.9722222222222	3.95981335455509	330
NORTH_CAPE	2005	12	7	341	-5.7	-1.5	3.14318314367803	-999.9	0.6	13.5763888888889	3.61533972195457	330
NORTH_CAPE	2005	12	8	342	-5.1	-1.8	2.76953122865677	-999.9	0	10.0173611111111	3.82342275055284	330
NORTH_CAPE	2005	12	9	343	-6.2	-0.2	3.71379342424283	-999.9	0.7	6.09375	4.1463206573104	330
NORTH_CAPE	2005	12	10	344	-6.5	3.5	4.77009318217337	-999.9	0	8.15972222222222	4.79550317308433	330
NORTH_CAPE	2005	12	11	345	-2.1	4.5	3.85725743273975	-999.9	0	5.90277777777778	6.88516867594335	330
NORTH_CAPE	2005	12	12	346	-5	4.5	4.60835770056698	-999.9	0.8	5.86805555555556	5.19438546191705	330
NORTH_CAPE	2005	12	13	347	-7.1	-2.1	3.33079309272419	-999.9	0.6	8.05555555555556	3.87750064021915	330
NORTH_CAPE	2005	12	14	348	-4.3	-2.7	1.87803563405425	-999.9	0	16.9444444444444	4.61839151382294	330
NORTH_CAPE	2005	12	15	349	-6.6	-2.5	2.99793312827096	-999.9	1.8	16.1284722222222	3.90478776646981	330
NORTH_CAPE	2005	12	16	350	-4.5	2.6	3.93597339457877	-999.9	4.3	7.08333333333333	5.15662072362812	330
NORTH_CAPE	2005	12	17	351	-0.1	2.6	2.42273619719841	-999.9	0	14.7048611111111	5.9081096052925	330
NORTH_CAPE	2005	12	18	352	-2.6	0.7	2.6748041776945	-999.9	0	12.5347222222222	4.73225152161447	330
NORTH_CAPE	2005	12	19	353	-2.7	-0.8	2.02783689831825	-999.9	0	7.79513888888889	4.50915164571823	330
NORTH_CAPE	2005	12	20	354	-5.1	-1.4	2.8287157326605	-999.9	0	10.5729166666667	3.93132013477169	330
NORTH_CAPE	2005	12	21	355	-5.2	-1.4	2.86697421817427	-999.9	14	7.09259259259258	3.37241935330341	330
NORTH_CAPE	2005	12	22	356	-9.8	-6.9	2.50602756196796	-999.9	12	8.99305555555556	2.54868188288853	330
NORTH_CAPE	2005	12	23	357	-8	-0.7	3.98028452024666	-999.9	0	8.22222222222222	4.38801930055277	330
NORTH_CAPE	2005	12	24	358	-11	-0.4	4.80376576133089	-999.9	29.4	2.79513888888889	3.90863856617267	330
NORTH_CAPE	2005	12	25	359	-3.4	5.1	4.31046357178778	-999.9	43.4	4.16666666666667	6.41186717334748	330
NORTH_CAPE	2005	12	26	360	-1.6	-0.3	1.68997393750755	-999.9	0	16.5555555555556	5.73957737785916	330
NORTH_CAPE	2005	12	27	361	-2.1	-0.5	1.88048031663076	-999.9	91.2	17.8298611111111	5.64083869479531	330
NORTH_CAPE	2005	12	28	362	-0.2	0.4	1.15555262148986	-999.9	0.6	8.4375	6.17452753926924	330
NORTH_CAPE	2005	12	29	363	-3.8	3.5	4.04653739442161	-999.9	0	5.59027777777778	6.28436558273919	330
NORTH_CAPE	2005	12	30	364	-4	5.9	4.73312630730642	-999.9	14	9.35185185185186	6.59796708117016	330
NORTH_CAPE	2005	12	31	365	-5	-3.6	1.78854790999955	-999.9	0.7	10.3395061728395	3.84306057341667	330
