NORTH_CAPE	2014	1	1	1	-19.1	-13.5	3.59609725131364	-999.9	23.4	11.5509259259259	1.38240343830842	330
NORTH_CAPE	2014	1	2	2	-22.5	-16.1	3.86651676846011	-999.9	26.7	8.80787037037036	1.04819907130843	330
NORTH_CAPE	2014	1	3	3	-18.4	-11.7	3.98059569420585	-999.9	30.1	12.4652777777778	1.68043359036032	330
NORTH_CAPE	2014	1	4	4	-19.2	-11.1	4.40573722780428	-999.9	19.9	11.2615740740741	1.4846707056101	330
NORTH_CAPE	2014	1	5	5	-11.4	-4.9	3.97446814267502	-999.9	15.2	3.22916666666667	2.91166810539397	330
NORTH_CAPE	2014	1	6	6	-5	7.8	5.61888868591356	-999.9	8.9	9.44444444444444	6.39159952407622	330
NORTH_CAPE	2014	1	7	7	-14	6.8	7.2189306229426	-999.9	17.1	13.5416666666667	3.64667513893829	330
NORTH_CAPE	2014	1	8	8	-13.7	-9.1	3.42282090404215	-999.9	12	14.3560606060606	1.59844141568972	330
NORTH_CAPE	2014	1	9	9	-12.8	-9.4	2.96805930682218	-999.9	0	9.64975845410628	1.85032536856496	330
NORTH_CAPE	2014	1	10	10	-13.7	-5.8	4.56492526352374	-999.9	0	7.26851851851853	2.15458569961224	330
NORTH_CAPE	2014	1	11	11	-8	9	6.75905504588114	-999.9	0	5.46296296296297	5.75151868408967	330
NORTH_CAPE	2014	1	12	12	0.3	8.6	4.76860638360803	-999.9	0	10	7.51867958053758	330
NORTH_CAPE	2014	1	13	13	-1.8	0.8	2.69571856507286	-999.9	0	7.44212962962964	4.60384878027279	330
NORTH_CAPE	2014	1	14	14	-0.5	8.9	5.17877132902576	-999.9	0	4.35185185185186	7.37947902052717	330
NORTH_CAPE	2014	1	15	15	-0.4	3.5	3.37135442264533	-999.9	0.6	4.72222222222222	6.65771266395221	330
NORTH_CAPE	2014	1	16	16	-1.5	0.7	2.55989375832349	-999.9	2.6	2.85879629629631	5.93167582885863	330
NORTH_CAPE	2014	1	17	17	-1.5	2.5	3.49062399286664	-999.9	2.7	2.47685185185185	5.9701860954344	330
NORTH_CAPE	2014	1	18	18	-2.1	2.4	3.74507518546625	-999.9	0	3.73842592592592	6.12348154638859	330
NORTH_CAPE	2014	1	19	19	-4.2	0	3.66077990552934	-999.9	4.1	4.87268518518519	5.03418131896927	330
NORTH_CAPE	2014	1	20	20	-11.5	-1.1	5.82999993822912	-999.9	3.5	11.2615740740741	3.02779896238767	330
NORTH_CAPE	2014	1	21	21	-16.3	-11.2	4.13278523518703	-999.9	1.5	10.3009259259259	1.48797175425757	330
NORTH_CAPE	2014	1	22	22	-15.1	-8.9	4.61378323674872	-999.9	12.1	10.8564814814815	2.10078309151867	330
NORTH_CAPE	2014	1	23	23	-15.5	-9.2	4.7100739240562	-999.9	5.4	7.78935185185186	1.88968692032886	330
NORTH_CAPE	2014	1	24	24	-16.7	-12.3	3.98719277729313	-999.9	5.3	6.09953703703703	1.57279823771051	330
NORTH_CAPE	2014	1	25	25	-18.1	0.5	8.30544731237125	-999.9	5.4	6.78240740740742	2.59278342061743	330
NORTH_CAPE	2014	1	26	26	-16.4	2.9	8.57290494794563	-999.9	19.9	13.5763888888889	3.08000830649297	330
NORTH_CAPE	2014	1	27	27	-16.4	4.7	9.08459366014115	-999.9	9.7	9.87268518518519	3.14486730279851	330
NORTH_CAPE	2014	1	28	28	-14.3	-6.8	5.49005908554766	-999.9	9.3	11.9444444444444	1.83948946191435	330
NORTH_CAPE	2014	1	29	29	-13.9	-8.1	4.89446023802205	-999.9	0.86	5.10416666666667	1.91809893848592	330
NORTH_CAPE	2014	1	30	30	-11.9	-8.7	3.68610534919446	-999.9	0	7.61574074074075	1.91890193760895	330
NORTH_CAPE	2014	1	31	31	-9.2	0.4	6.47415569097687	-999.9	0	6.31944444444445	3.53659301514598	330
NORTH_CAPE	2014	2	1	32	-6.8	-1.3	4.96971914735995	-999.9	0	4.24768518518519	3.3963316261762	330
NORTH_CAPE	2014	2	2	33	-3.9	1	4.75767983724739	-999.9	5.2	4.79166666666667	5.15862616377968	330
NORTH_CAPE	2014	2	3	34	-6.6	-1	5.15913785362217	-999.9	0	2.7662037037037	4.08804413238052	330
NORTH_CAPE	2014	2	4	35	-11.2	-6.2	4.94525878477282	-999.9	0	3.49537037037036	2.72466470997706	330
NORTH_CAPE	2014	2	5	36	-12	-7.7	4.65253761920107	-999.9	0.6	3.99305555555556	2.50742230777421	330
NORTH_CAPE	2014	2	6	37	-14.8	-11.4	4.19733279305999	-999.9	0	6.94444444444445	1.77817720984501	330
NORTH_CAPE	2014	2	7	38	-12.8	-7.5	5.31707513658463	-999.9	0	6.51620370370369	2.2480558892194	330
NORTH_CAPE	2014	2	8	39	-12.5	-7.3	5.34387386026711	-999.9	0	7.61574074074075	2.21499040489162	330
NORTH_CAPE	2014	2	9	40	-17.1	-10	6.33604616120315	-999.9	0	4.84953703703703	1.46304491835587	330
NORTH_CAPE	2014	2	10	41	-13.6	-9.5	4.8857025042666	-999.9	0	3.84259259259258	1.95394873657494	330
NORTH_CAPE	2014	2	11	42	-14.6	-11	4.64558078895574	-999.9	0	6.46990740740742	1.59287300888608	330
NORTH_CAPE	2014	2	12	43	-14.9	-10.1	5.44336380566589	-999.9	0	5.50925925925925	1.73114056501997	330
NORTH_CAPE	2014	2	13	44	-11.8	-2.8	7.5635718974267	-999.9	2.2	4.97685185185186	2.78893843306848	330
NORTH_CAPE	2014	2	14	45	-5.6	3.4	7.67509263630915	-999.9	26	10.7523148148148	5.51310635061934	330
NORTH_CAPE	2014	2	15	46	-8.2	-5.6	4.18601098618997	-999.9	0	7.36111111111111	2.94954235035947	330
NORTH_CAPE	2014	2	16	47	-10.5	-6.2	5.46249264764635	-999.9	25.7	15.8912037037037	3.08415777756371	330
NORTH_CAPE	2014	2	17	48	-10.9	-6.2	5.79478395566712	-999.9	0	10.2662037037037	2.56402875461128	330
NORTH_CAPE	2014	2	18	49	-13.3	-5.1	7.76627697885306	-999.9	0	3.80787037037036	2.45279535705428	330
NORTH_CAPE	2014	2	19	50	-6.3	-2.8	5.14802757545244	-999.9	4.8	4.07407407407408	4.12763263085023	330
NORTH_CAPE	2014	2	20	51	-4.4	-0.2	5.72154168350093	-999.9	0.7	6.53935185185186	4.86564850432632	330
NORTH_CAPE	2014	2	21	52	-9.6	1.5	9.43647292081351	-999.9	1.3	5.85648148148147	4.04613033552247	330
NORTH_CAPE	2014	2	22	53	-1.1	3.7	6.29512628987719	-999.9	7.3	5.60185185185186	5.93597069670974	330
NORTH_CAPE	2014	2	23	54	-4.2	1.4	6.89742546515745	-999.9	0	6.31944444444445	4.18561413793814	330
NORTH_CAPE	2014	2	24	55	-8	-1.1	7.76601266851355	-999.9	0	3.54166666666667	3.64192178358843	330
NORTH_CAPE	2014	2	25	56	-12.5	-8	6.36106213733321	-999.9	0	8.75	1.91656038551913	330
NORTH_CAPE	2014	2	26	57	-14.2	-8	7.57244883135406	-999.9	0	5.82175925925925	1.80399080620674	330
NORTH_CAPE	2014	2	27	58	-10.7	-4.6	7.61706964150225	-999.9	0	5.60185185185186	2.69250153016998	330
NORTH_CAPE	2014	2	28	59	-13.4	-7.4	7.66028110990863	-999.9	0	8.59953703703703	1.90375712192116	330
NORTH_CAPE	2014	3	1	60	-15	-3.9	10.5642453784472	-999.9	0	6.07638888888889	1.9654150536475	330
NORTH_CAPE	2014	3	2	61	-15.1	-3.3	11.0429750268503	-999.9	0.7	5.60185185185186	2.51791381786103	330
NORTH_CAPE	2014	3	3	62	-18.9	-10.2	9.61239099942113	-999.9	0.6	6.48148148148147	1.50944840479566	330
NORTH_CAPE	2014	3	4	63	-18	-10	9.3433074991211	-999.9	0	6.05324074074075	1.33085738791163	330
NORTH_CAPE	2014	3	5	64	-19	-12.7	8.40360228065904	-999.9	0	4.81481481481481	1.17281535794391	330
NORTH_CAPE	2014	3	6	65	-14.1	-6.9	9.10448559928883	-999.9	0	6.5625	1.91868039188466	330
NORTH_CAPE	2014	3	7	66	-14.9	1	13.709916025676	-999.9	0.6	6.64351851851853	2.30730120104053	330
NORTH_CAPE	2014	3	8	67	-5.5	-0.3	7.94395718635022	-999.9	0	5.90277777777778	4.3392143526986	330
NORTH_CAPE	2014	3	9	68	-10.5	-3.9	9.06686141088998	-999.9	0	4.35185185185186	2.66136535789419	330
NORTH_CAPE	2014	3	10	69	-12.4	-2.8	11.0769487881727	-999.9	0	3.83101851851853	2.50225879190322	330
NORTH_CAPE	2014	3	11	70	-8.6	-0.5	10.3056478860817	-999.9	0	5.27777777777778	3.63464521658825	330
NORTH_CAPE	2014	3	12	71	-8.4	1.2	11.3622533132905	-999.9	2.5	5.80917874396136	4.36379026767131	330
NORTH_CAPE	2014	3	13	72	-11.2	-7.1	7.51906370763043	-999.9	20.4	16.25	2.88564159653444	330
NORTH_CAPE	2014	3	14	73	-12.5	-6	9.5855625557115	-999.9	0	7.19907407407408	2.26639309739714	330
NORTH_CAPE	2014	3	15	74	-6.1	3.1	11.5448760552868	-999.9	6.9	5.85648148148147	5.04874240874781	330
NORTH_CAPE	2014	3	16	75	-11.7	1.7	14.1034975125014	-999.9	0	11.4236111111111	3.35518232228461	330
NORTH_CAPE	2014	3	17	76	-14.7	-8.7	9.5515332622658	-999.9	0	11.4583333333333	1.57497889800214	330
NORTH_CAPE	2014	3	18	77	-12.9	-5.3	10.878541405178	-999.9	0	7.24537037037036	2.19671451241869	330
NORTH_CAPE	2014	3	19	78	-10.7	-2	11.7769467114963	-999.9	0	3.59953703703703	3.11257509134721	330
NORTH_CAPE	2014	3	20	79	-3.2	3.1	10.1389938529069	-999.9	5	7.33796296296297	5.48886010295409	330
NORTH_CAPE	2014	3	21	80	-1.4	1.8	7.30958795522882	-999.9	0	8.15972222222222	5.55005382530728	330
NORTH_CAPE	2014	3	22	81	-3.2	0.5	7.9497502445507	-999.9	4.4	5.90277777777778	4.57619869947366	330
NORTH_CAPE	2014	3	23	82	-11.9	0.7	14.8358904652612	-999.9	0	8.00925925925925	3.23011710328469	330
NORTH_CAPE	2014	3	24	83	-12.9	-8.3	9.06407822955755	-999.9	0	10.6018518518519	1.98582547877267	330
NORTH_CAPE	2014	3	25	84	-10.9	-2.3	12.5299890188217	-999.9	0	6.36574074074075	2.40279262134301	330
NORTH_CAPE	2014	3	26	85	-8	-4	8.63829985174198	-999.9	57.2	13.7731481481481	3.5380620560344	330
NORTH_CAPE	2014	3	27	86	-5.7	-3	7.17326405321339	-999.9	18.1	15.9606481481481	3.22523322611007	330
NORTH_CAPE	2014	3	28	87	-7.1	2.7	13.8109727051523	-999.9	53.9	5.625	4.36375210592625	330
NORTH_CAPE	2014	3	29	88	-2.4	2.1	9.45656133934439	-999.9	16.1	4.59490740740742	5.39565346006676	330
NORTH_CAPE	2014	3	30	89	-3.2	-0.8	6.97730468720103	-999.9	11.08	7.48842592592592	5.07813859080039	330
NORTH_CAPE	2014	3	31	90	-3.5	-0.7	7.61299199401952	-999.9	24.02	0.0694444444444445	5.12407741395086	330
NORTH_CAPE	2014	4	1	91	-4	0.1	9.30468553491417	-999.9	3.62	0	4.83074775906065	330
NORTH_CAPE	2014	4	2	92	-4.1	5.5	14.3786419194437	-999.9	0.51	2.55787037037037	5.43710104797282	330
NORTH_CAPE	2014	4	3	93	-3.8	3	12.2193532625965	-999.9	0.72	1.59722222222222	5.62614981254808	330
NORTH_CAPE	2014	4	4	94	-4.4	3.4	13.2127008006928	-999.9	0.21	2.84722222222222	5.55815487452323	330
NORTH_CAPE	2014	4	5	95	-3.6	1.2	10.4629581721181	-999.9	11.08	6.38888888888889	5.44203450657581	330
NORTH_CAPE	2014	4	6	96	-2.4	1.2	9.14563285817227	-999.9	0.66	8.81944444444445	4.95079356175855	330
NORTH_CAPE	2014	4	7	97	-2.3	9.3	16.5675876179585	-999.9	0	5.09259259259258	5.97331383443412	330
NORTH_CAPE	2014	4	8	98	0.4	7.3	12.8932319799368	-999.9	15.86	7.76620370370369	7.05656705686017	330
NORTH_CAPE	2014	4	9	99	-2.9	6	14.7733340768599	-999.9	0.55	7.89351851851853	5.96560230302522	330
NORTH_CAPE	2014	4	10	100	-4.2	6.2	16.1096406847828	-999.9	0	8.73842592592592	4.05774975491965	330
NORTH_CAPE	2014	4	11	101	0.5	13.6	18.2360188173296	-999.9	0	7.22222222222222	6.85009545527403	330
NORTH_CAPE	2014	4	12	102	-0.9	3.9	11.132171150005	-999.9	0	2.98611111111111	5.76794394478044	330
NORTH_CAPE	2014	4	13	103	-2.1	1.3	9.44720664596526	-999.9	2.5	5.45138888888889	4.93561133665918	330
NORTH_CAPE	2014	4	14	104	-0.4	12.9	18.8379862299271	-999.9	13.7	6.51620370370369	8.85223086163575	330
NORTH_CAPE	2014	4	15	105	7.2	18.2	17.2699020380589	-999.9	0.6	9.91898148148147	11.6360483666461	330
NORTH_CAPE	2014	4	16	106	-3.7	13.8	21.9552205623732	-999.9	27.5	8.93518518518519	7.38096710782294	330
NORTH_CAPE	2014	4	17	107	-3.8	2.1	12.8472628418283	-999.9	0.6	5.67129629629631	3.70010112857073	330
NORTH_CAPE	2014	4	18	108	-4	2.9	13.9996043038124	-999.9	0	4.47916666666667	4.43084273476216	330
NORTH_CAPE	2014	4	19	109	-0.4	2.1	8.49002249851126	-999.9	0	4.56018518518519	5.48338590673418	330
NORTH_CAPE	2014	4	20	110	0	5.6	12.8003460794037	-999.9	0	5.01157407407408	4.98414661782966	330
NORTH_CAPE	2014	4	21	111	1.7	11.6	17.1425582534727	-999.9	0	7.04861111111111	6.29905154777815	330
NORTH_CAPE	2014	4	22	112	0.8	4.4	10.4107339046275	-999.9	2.2	3.96990740740742	6.47675764482877	330
NORTH_CAPE	2014	4	23	113	1	4.6	10.4832363045003	-999.9	3	5.64814814814814	7.2667231743012	330
NORTH_CAPE	2014	4	24	114	-0.8	2	9.30849338523439	-999.9	40.1	12.2569444444444	6.23541930422868	330
NORTH_CAPE	2014	4	25	115	-0.5	1	6.85874640186368	-999.9	0.6	7.89351851851853	5.74985916742541	330
NORTH_CAPE	2014	4	26	116	-0.1	4.3	11.8240684937653	-999.9	0	3.21759259259258	6.3690812044434	330
NORTH_CAPE	2014	4	27	117	0.1	1.8	7.39689668948105	-999.9	3.3	8.44907407407408	6.37363620041038	330
NORTH_CAPE	2014	4	28	118	0.2	1.4	6.25379279860837	-999.9	2	11.2615740740741	6.2847512481546	330
NORTH_CAPE	2014	4	29	119	-0.8	1.9	9.43856711049897	-999.9	0.6	8.35648148148147	5.79860001574319	330
NORTH_CAPE	2014	4	30	120	-0.8	6.2	15.2893261850421	-999.9	0	3.125	5.87407430636133	330
NORTH_CAPE	2014	5	1	121	1.8	9.8	16.4415799975181	-999.9	11	5.39855072463769	7.34477056427974	330
NORTH_CAPE	2014	5	2	122	1.7	5.6	11.5460770647851	-999.9	0	2.80092592592592	7.82096407161979	330
NORTH_CAPE	2014	5	3	123	1.5	8.9	15.9943366453255	-999.9	0	4.54861111111111	8.35051376935135	330
NORTH_CAPE	2014	5	4	124	0.7	2.9	8.76909631424477	-999.9	3.2	6.55092592592592	6.8424975317562	330
NORTH_CAPE	2014	5	5	125	0.8	4	10.6330238148626	-999.9	7.3	8.24074074074075	6.83502414821475	330
NORTH_CAPE	2014	5	6	126	-1.1	4.7	14.3906207940199	-999.9	0	3.90046296296297	6.06798504518294	330
NORTH_CAPE	2014	5	7	127	-0.3	5.9	14.955151397494	-999.9	0	3.24074074074075	6.29115620769966	330
NORTH_CAPE	2014	5	8	128	1.3	10.1	17.9065411482473	-999.9	0	2.92824074074075	6.83300051812108	330
NORTH_CAPE	2014	5	9	129	3	9.3	15.2251740086354	-999.9	0	3.20601851851853	8.00583048534888	330
NORTH_CAPE	2014	5	10	130	5.5	12.8	16.4672666395733	-999.9	6.9	7.14120370370369	9.89723562491768	330
NORTH_CAPE	2014	5	11	131	0.9	10.7	19.1684921019623	-999.9	0	7.56944444444445	8.90426876288268	330
NORTH_CAPE	2014	5	12	132	1.8	5.2	11.3416481430976	-999.9	0	4.53703703703703	6.27559374244728	330
NORTH_CAPE	2014	5	13	133	3	8.6	14.6197430702428	-999.9	0	4.02777777777778	6.88823911541723	330
NORTH_CAPE	2014	5	14	134	4.3	18	22.964790092697	-999.9	0	4.07407407407408	7.49044735353185	330
NORTH_CAPE	2014	5	15	135	9.3	22.3	22.4635313212585	-999.9	0.6	6.95601851851853	12.0605241218799	330
NORTH_CAPE	2014	5	16	136	11.9	21.6	19.4824823552651	-999.9	0	7.22222222222222	13.7746274047975	330
NORTH_CAPE	2014	5	17	137	10.6	20.3	19.5589032901314	-999.9	0	4.47916666666667	12.4792436385557	330
NORTH_CAPE	2014	5	18	138	8	13	14.0958800397085	-999.9	0	4.31712962962964	10.1295091663043	330
NORTH_CAPE	2014	5	19	139	6.4	9.9	11.8369098390927	-999.9	6.5	6.46990740740742	10.3369409806532	330
NORTH_CAPE	2014	5	20	140	6.2	8.4	9.41806212688303	-999.9	4.1	5.64814814814814	10.1066623037394	330
NORTH_CAPE	2014	5	21	141	6.3	11.9	15.077838405624	-999.9	0.7	2.63888888888889	11.2572108426725	330
NORTH_CAPE	2014	5	22	142	5.2	7.8	10.3080321749031	-999.9	2.7	6.37731481481481	9.40445064040985	330
NORTH_CAPE	2014	5	23	143	4.3	8.2	12.6652790204513	-999.9	0.6	7.65046296296297	9.08791751363779	330
NORTH_CAPE	2014	5	24	144	3.3	5.5	9.54194023927475	-999.9	0	8.03240740740742	7.66222174847347	330
NORTH_CAPE	2014	5	25	145	1.1	5.6	13.687502219805	-999.9	0	6.12268518518519	6.90025604564521	330
NORTH_CAPE	2014	5	26	146	-0.5	6	16.4974600660423	-999.9	15.9	5.46296296296297	7.19793319588699	330
NORTH_CAPE	2014	5	27	147	3.3	5	8.46013627766049	-999.9	0	7.47685185185186	7.88686134794415	330
NORTH_CAPE	2014	5	28	148	2.7	6.7	13.0114461323779	-999.9	0.6	4.53703703703703	7.48162743567962	330
NORTH_CAPE	2014	5	29	149	5.2	19.1	24.3162152319754	-999.9	0	6.07638888888889	9.45869983564472	330
NORTH_CAPE	2014	5	30	150	9.5	22.6	23.6628857497728	-999.9	0	5.61342592592592	10.5792505662494	330
NORTH_CAPE	2014	5	31	151	6	9.8	12.7737363306178	-999.9	0	5.74074074074075	9.19196767868701	330
NORTH_CAPE	2014	6	1	152	4.3	15	21.4814141085764	-999.9	0	3.62268518518519	9.817923052142	330
NORTH_CAPE	2014	6	2	153	13	25.7	23.451386858567	-999.9	0	6.23842592592592	11.262383699515	330
NORTH_CAPE	2014	6	3	154	11.6	18.7	17.5688168998583	-999.9	0	4.73379629629631	11.3667987055648	330
NORTH_CAPE	2014	6	4	155	11.8	16.6	14.4721056395378	-999.9	0	4.18981481481481	14.2062866085782	330
NORTH_CAPE	2014	6	5	156	12	20	18.7156561769113	-999.9	3.7	3.84259259259258	16.2927010926926	330
NORTH_CAPE	2014	6	6	157	8	12.4	13.902300072678	-999.9	13.2	9.32870370370369	12.0996118793774	330
NORTH_CAPE	2014	6	7	158	7.7	10.4	10.9067120394147	-999.9	0	7.59259259259258	10.8558583942439	330
NORTH_CAPE	2014	6	8	159	6.6	14.9	19.1493542618285	-999.9	0	4.00462962962964	10.5995687530527	330
NORTH_CAPE	2014	6	9	160	8.3	20.1	22.8618185671393	-999.9	0.6	3.66898148148147	12.6074865896824	330
NORTH_CAPE	2014	6	10	161	9.3	13.8	14.134561735133	-999.9	0	2.80092592592592	10.9259026031683	330
NORTH_CAPE	2014	6	11	162	10.9	18.8	18.7476857255133	-999.9	0	3.32175925925925	11.9149453612764	330
NORTH_CAPE	2014	6	12	163	10.7	14.2	12.4904459791489	-999.9	0	5.94907407407408	11.9088022130045	330
NORTH_CAPE	2014	6	13	164	11.4	15.5	13.5299905217581	-999.9	0.6	4.54861111111111	13.5423241180511	330
NORTH_CAPE	2014	6	14	165	11.7	13.6	9.2171339269648	-999.9	5.3	6.52777777777778	13.294830340772	330
NORTH_CAPE	2014	6	15	166	10	13.2	11.9690467651995	-999.9	26.4	6.90972222222222	13.2230850542529	330
NORTH_CAPE	2014	6	16	167	9.2	14.8	15.8414910147045	-999.9	0	7.24537037037036	12.0045355386644	330
NORTH_CAPE	2014	6	17	168	10.9	21.3	21.5967404920479	-999.9	0.6	4.56018518518519	13.9091883349313	330
NORTH_CAPE	2014	6	18	169	10.7	16.5	16.1327016696909	-999.9	7.1	5.09259259259258	13.8523345151527	330
NORTH_CAPE	2014	6	19	170	10.6	14.8	13.7306600932631	-999.9	0	4.87268518518519	13.5221449075967	330
NORTH_CAPE	2014	6	20	171	8.8	12.1	12.1716521373351	-999.9	9.1	6.73611111111111	10.9634540740703	330
NORTH_CAPE	2014	6	21	172	9.6	12.3	11.0091143546642	-999.9	0	6.23842592592592	11.4828486387877	330
NORTH_CAPE	2014	6	22	173	11.1	16.8	15.9932981249608	-999.9	0	2.73148148148148	13.347832403399	330
NORTH_CAPE	2014	6	23	174	10.4	21.8	22.6118092279444	-999.9	0	3.29861111111111	13.6795374543326	330
NORTH_CAPE	2014	6	24	175	15.6	25.2	20.7421118260212	-999.9	0.7	8.14814814814814	14.749944952206	330
NORTH_CAPE	2014	6	25	176	12.7	16.6	13.2140612269227	-999.9	8.3	6.21527777777778	15.3238331054845	330
NORTH_CAPE	2014	6	26	177	11.1	14.2	11.7739910554192	-999.9	0	3.91203703703703	13.4607085381846	330
NORTH_CAPE	2014	6	27	178	11.1	20.9	20.91928882669	-999.9	0	2.69675925925926	14.4900072743134	330
NORTH_CAPE	2014	6	28	179	14.7	26.6	23.033002324017	-999.9	0	2.95138888888889	15.8731430379833	330
NORTH_CAPE	2014	6	29	180	15.2	27.3	23.2041198808364	-999.9	0	2.83564814814814	16.2891565910362	330
NORTH_CAPE	2014	6	30	181	16.8	28.9	23.1799543228205	-999.9	0	5.81018518518519	19.5228443947922	330
NORTH_CAPE	2014	7	1	182	20.3	30.2	20.9429119700889	-999.9	0	6.63194444444445	24.2608679089267	330
NORTH_CAPE	2014	7	2	183	20	31.2	22.2474445306739	-999.9	0	7.82407407407408	23.9141069981466	330
NORTH_CAPE	2014	7	3	184	19.9	28	18.8937131250449	-999.9	0	7.82407407407408	23.458714834445	330
NORTH_CAPE	2014	7	4	185	18.3	24.7	16.7695138622608	-999.9	6.5	5.76388888888889	22.5731243500106	330
NORTH_CAPE	2014	7	5	186	11.9	20.1	18.9515630446028	-999.9	27.1	10.2662037037037	16.6882288503116	330
NORTH_CAPE	2014	7	6	187	12.1	19.1	17.4802098157035	-999.9	1.5	10.4976851851852	14.8504602071033	330
NORTH_CAPE	2014	7	7	188	15.8	22.4	16.9426341344394	-999.9	5.2	6.5625	18.3707304005772	330
NORTH_CAPE	2014	7	8	189	16.3	26.7	21.2270060519158	-999.9	0.7	4.83796296296297	22.154706170519	330
NORTH_CAPE	2014	7	9	190	18.7	26.6	18.4629215028821	-999.9	0.8	6.23842592592592	21.850071568278	330
NORTH_CAPE	2014	7	10	191	16.8	23.2	16.5822433822121	-999.9	0	4.98842592592592	18.4492288486387	330
NORTH_CAPE	2014	7	11	192	15.9	22.4	16.6735444073695	-999.9	0	3.77314814814814	16.2610002291782	330
NORTH_CAPE	2014	7	12	193	16.4	27	21.2419108991635	-999.9	0	4.38657407407408	18.2134425312536	330
NORTH_CAPE	2014	7	13	194	16.9	27.9	21.5852825849055	-999.9	1	6.68981481481481	17.7266750535013	330
NORTH_CAPE	2014	7	14	195	16.2	25.4	19.689165114192	-999.9	3.2	6.58564814814814	19.6093963858641	330
NORTH_CAPE	2014	7	15	196	18.4	25.4	17.127955863106	-999.9	1.3	5.04629629629631	22.054376939648	330
NORTH_CAPE	2014	7	16	197	20.7	27.8	17.2012432877785	-999.9	2.8	6.25	26.3888464735276	330
NORTH_CAPE	2014	7	17	198	18.9	23.7	14.1018577855645	-999.9	4.5	5.63657407407408	21.7577348610262	330
NORTH_CAPE	2014	7	18	199	17.9	22.4	13.6124966829524	-999.9	0	6.73611111111111	18.9166678375855	330
NORTH_CAPE	2014	7	19	200	17.1	22.9	15.4053645508083	-999.9	0	3.33333333333333	17.9894654573948	330
NORTH_CAPE	2014	7	20	201	17	26.4	19.5478436056813	-999.9	0	2.98611111111111	19.7773875071037	330
NORTH_CAPE	2014	7	21	202	18.7	25.1	16.0750453167129	-999.9	0	3.87731481481481	18.9320224776041	330
NORTH_CAPE	2014	7	22	203	19	28	18.995947134722	-999.9	0	5.99537037037036	21.2975910098828	330
NORTH_CAPE	2014	7	23	204	20.1	29.4	19.2401599059693	-999.9	0	7.84722222222222	22.5534318829005	330
NORTH_CAPE	2014	7	24	205	13.8	20.7	16.5108378265202	-999.9	13.5	4.54861111111111	16.7046949035119	330
NORTH_CAPE	2014	7	25	206	16.7	23.4	16.2072381651823	-999.9	0	3.26388888888889	18.9575067698694	330
NORTH_CAPE	2014	7	26	207	19	25	15.2764972426659	-999.9	0	7.1875	19.2469760047483	330
NORTH_CAPE	2014	7	27	208	16.7	27.1	20.0304493633426	-999.9	0	5.34722222222222	17.7226598338548	330
NORTH_CAPE	2014	7	28	209	18.2	26.8	18.1383688940916	-999.9	2.5	4.54861111111111	23.2284816077009	330
NORTH_CAPE	2014	7	29	210	19	27.8	18.2689775756543	-999.9	0.7	7.06018518518519	22.5904714155207	330
NORTH_CAPE	2014	7	30	211	17.1	23.5	15.5108468638526	-999.9	0	3.61111111111111	20.3194879278457	330
NORTH_CAPE	2014	7	31	212	17.2	25.4	17.4772689348426	-999.9	0.7	5.43981481481481	20.3270021741102	330
NORTH_CAPE	2014	8	1	213	15.8	25.9	19.3061971192351	-999.9	0	4.46759259259258	18.1896179124771	330
NORTH_CAPE	2014	8	2	214	17.4	25.5	17.2066383095974	-999.9	0	4.83796296296297	21.0389243585412	330
NORTH_CAPE	2014	8	3	215	19.1	26.1	15.9172431151043	-999.9	0	5.42824074074075	21.1901448718258	330
NORTH_CAPE	2014	8	4	216	17.5	24.6	15.950008549652	-999.9	0	2.65046296296296	21.4190875284693	330
NORTH_CAPE	2014	8	5	217	17.7	23.8	14.7081127695485	-999.9	9.9	3.29861111111111	21.438784518298	330
NORTH_CAPE	2014	8	6	218	17.6	21.9	12.2838267067368	-999.9	8.4	3.86574074074075	20.0287011858105	330
NORTH_CAPE	2014	8	7	219	17.5	20.5	10.2050324353856	-999.9	18.8	7.55787037037036	18.6149956668457	330
NORTH_CAPE	2014	8	8	220	16.1	19.1	10.1488151206289	-999.9	2.4	9.44444444444444	17.9167151511418	330
NORTH_CAPE	2014	8	9	221	14.6	16.9	8.83620895653176	-999.9	0	9.21296296296297	16.2659372652502	330
NORTH_CAPE	2014	8	10	222	14.4	17	9.34076017575663	-999.9	0.6	6.78240740740742	15.6771438138096	330
NORTH_CAPE	2014	8	11	223	14.6	18.1	10.7738009531357	-999.9	0	4.43287037037036	16.1285029543954	330
NORTH_CAPE	2014	8	12	224	14.3	20	13.6665018947957	-999.9	0	2.8125	16.4515839566656	330
NORTH_CAPE	2014	8	13	225	16.7	22.3	13.4630774258522	-999.9	0	4.51388888888889	19.7538876861975	330
NORTH_CAPE	2014	8	14	226	17.9	21.1	10.1134849889446	-999.9	0	7.78935185185186	19.4693861832758	330
NORTH_CAPE	2014	8	15	227	14.6	20	13.0539849447245	-999.9	13	8.69212962962964	17.7786861683273	330
NORTH_CAPE	2014	8	16	228	13.2	21.8	16.3666746027334	-999.9	0.7	3.14814814814814	16.9506055509874	330
NORTH_CAPE	2014	8	17	229	15	20.2	12.6421880866547	-999.9	8	3.88888888888889	17.0747642511822	330
NORTH_CAPE	2014	8	18	230	15.8	19.1	10.003016956005	-999.9	23	5.96064814814814	18.540247730004	330
NORTH_CAPE	2014	8	19	231	16.2	18.7	8.6465201069034	-999.9	0.7	7.73148148148147	17.8541916316916	330
NORTH_CAPE	2014	8	20	232	16.3	19.2	9.24722185703436	-999.9	0	4.375	17.0441421052919	330
NORTH_CAPE	2014	8	21	233	16.8	19.1	8.17636915524689	-999.9	0	4.95370370370369	17.9162673693774	330
NORTH_CAPE	2014	8	22	234	16	19.5	10.0128571519749	-999.9	0	5.3125	17.4960378189389	330
NORTH_CAPE	2014	8	23	235	12.5	19.6	14.1554439638731	-999.9	0	3.15972222222222	14.9655823856856	330
NORTH_CAPE	2014	8	24	236	11.9	22.2	16.9209961204318	-999.9	0	3.10185185185186	15.8909337554696	330
NORTH_CAPE	2014	8	25	237	16.7	25.9	15.8692598281608	-999.9	0	4.90740740740742	21.0052754479074	330
NORTH_CAPE	2014	8	26	238	18.5	28.1	16.0840737494759	-999.9	0	6.60879629629631	22.1792433503889	330
NORTH_CAPE	2014	8	27	239	18.5	23.9	11.9673236221936	-999.9	6	7.21064814814814	20.5819072768349	330
NORTH_CAPE	2014	8	28	240	13.8	20.8	13.5154568777509	-999.9	8.4	8.07870370370369	17.8034705821307	330
NORTH_CAPE	2014	8	29	241	8.7	15.6	13.3085109675261	-999.9	0.6	8.69212962962964	10.2196763151938	330
NORTH_CAPE	2014	8	30	242	12.4	22.4	15.8880139487353	-999.9	0	7.87037037037036	14.1751295899128	330
NORTH_CAPE	2014	8	31	243	15.4	19.9	10.5677341412916	-999.9	0.7	8.07870370370369	17.3861322849371	330
NORTH_CAPE	2014	9	1	244	14.2	18.3	10.0003391624159	-999.9	0	4.74537037037036	17.5147147181918	330
NORTH_CAPE	2014	9	2	245	15	22	12.952691855322	-999.9	0	4.13194444444444	19.7704862697321	330
NORTH_CAPE	2014	9	3	246	18.2	21.4	8.67990813042245	-999.9	13.5	5.625	20.231596856289	330
NORTH_CAPE	2014	9	4	247	17.7	22.8	10.8591332116837	-999.9	0	7.09490740740742	18.4559547044484	330
NORTH_CAPE	2014	9	5	248	18.1	21.7	9.04007379402137	-999.9	0	4.45601851851853	19.6768943848812	330
NORTH_CAPE	2014	9	6	249	14.9	26.6	16.146000336811	-999.9	24	7.71990740740742	20.3185412237177	330
NORTH_CAPE	2014	9	7	250	14.3	19.1	10.2443531858937	-999.9	0.6	8.4375	13.774909561876	330
NORTH_CAPE	2014	9	8	251	9.1	16.5	12.5983087297188	-999.9	0	6.48148148148147	8.13200041062011	330
NORTH_CAPE	2014	9	9	252	10	20.7	15.002419075981	-999.9	0	3.4375	11.2575765023461	330
NORTH_CAPE	2014	9	10	253	11.6	19.8	13.0043878341738	-999.9	0	4.05092592592592	14.4758015225087	330
NORTH_CAPE	2014	9	11	254	13.6	20.7	11.9802628113875	-999.9	2.3	3.86574074074075	16.8948901111865	330
NORTH_CAPE	2014	9	12	255	12.5	17.5	9.9521524040675	-999.9	0.7	11.3078703703704	12.0846749910734	330
NORTH_CAPE	2014	9	13	256	12.6	15.9	8.00247963539723	-999.9	0	5.48611111111111	10.439266368206	330
NORTH_CAPE	2014	9	14	257	12.7	16.8	8.82746466808138	-999.9	7.3	7.07175925925925	13.5426671105557	330
NORTH_CAPE	2014	9	15	258	11.4	13.7	6.54222432604411	-999.9	0	6.78240740740742	10.4735637558474	330
NORTH_CAPE	2014	9	16	259	9.3	16.1	11.1294729363662	-999.9	0	6.64351851851853	10.6407791821706	330
NORTH_CAPE	2014	9	17	260	12.5	16.6	8.54893617753987	-999.9	0	6.50462962962964	12.673779481045	330
NORTH_CAPE	2014	9	18	261	8.6	16.2	11.5124713180799	-999.9	0	8.41435185185186	10.7826814859106	330
NORTH_CAPE	2014	9	19	262	7.1	11.2	8.36252051244799	-999.9	0	10.1273148148148	6.72310988588851	330
NORTH_CAPE	2014	9	20	263	8.6	14	9.49003558028813	-999.9	0	10.9027777777778	8.26854633517875	330
NORTH_CAPE	2014	9	21	264	13.4	23.3	12.7044768285793	-999.9	4	7.76620370370369	15.6892387878183	330
NORTH_CAPE	2014	9	22	265	12	22.1	12.685600187059	-999.9	36	7.47685185185186	17.2614044284259	330
NORTH_CAPE	2014	9	23	266	8.7	13.1	8.27620340989526	-999.9	0	12.1412037037037	8.83192705059085	330
NORTH_CAPE	2014	9	24	267	7.5	13.9	9.86490929410892	-999.9	0	8.24074074074075	8.03149866955807	330
NORTH_CAPE	2014	9	25	268	12	18	9.43889907127594	-999.9	0	10.7407407407407	13.4044299340183	330
NORTH_CAPE	2014	9	26	269	13.4	17.8	7.986555882137	-999.9	0	4.51388888888889	15.1989233272899	330
NORTH_CAPE	2014	9	27	270	10.3	17.1	9.80890678009868	-999.9	0	6.5625	12.6442390908453	330
NORTH_CAPE	2014	9	28	271	12.7	21.8	11.2089757256364	-999.9	0	8.33333333333333	15.8868092479987	330
NORTH_CAPE	2014	9	29	272	8.2	13.1	8.12398635388939	-999.9	1.2	10.2430555555556	9.93171249687308	330
NORTH_CAPE	2014	9	30	273	8.9	12	6.38153995713012	-999.9	0	5.9375	10.6872430218166	330
NORTH_CAPE	2014	10	1	274	9.5	11.9	5.54462485569502	-999.9	0	4.80324074074075	10.6691892513834	330
NORTH_CAPE	2014	10	2	275	10.1	12.6	5.58737372018094	-999.9	0	7.71990740740742	10.4325953031643	330
NORTH_CAPE	2014	10	3	276	10.7	13.9	6.24071101941453	-999.9	0	5.67129629629631	11.6994486761662	330
NORTH_CAPE	2014	10	4	277	12	14.7	5.65865894811735	-999.9	0	6.16898148148147	13.6344294140841	330
NORTH_CAPE	2014	10	5	278	12.6	15.3	5.58519464016483	-999.9	18.1	9.15509259259258	14.6719159784857	330
NORTH_CAPE	2014	10	6	279	8.6	14.8	8.35276813028337	-999.9	0	6.09953703703703	10.7625258740023	330
NORTH_CAPE	2014	10	7	280	8	16.7	9.7639804381508	-999.9	0	3.73842592592592	11.0537544841597	330
NORTH_CAPE	2014	10	8	281	12.7	16.2	6.11068346916827	-999.9	11.9	6.19212962962964	14.843963215589	330
NORTH_CAPE	2014	10	9	282	9	13.9	7.13344673411997	-999.9	0	8.49747474747475	9.79695729193341	330
NORTH_CAPE	2014	10	10	283	8.4	13.2	6.96508057276775	-999.9	0.7	12.4768518518519	9.00638203863677	330
NORTH_CAPE	2014	10	11	284	6.3	11	6.79858610975148	-999.9	0	5.69444444444445	8.59900275942387	330
NORTH_CAPE	2014	10	12	285	8.6	11.2	4.98749020336866	-999.9	0	7.89351851851853	8.76157921998155	330
NORTH_CAPE	2014	10	13	286	9.9	14.3	6.39897812232473	-999.9	0	8.13657407407408	10.1762298582168	330
NORTH_CAPE	2014	10	14	287	10.5	17.7	8.07243131276436	-999.9	0	8.04398148148147	13.4750801036192	330
NORTH_CAPE	2014	10	15	288	11.7	16.3	6.36264323176312	-999.9	0	8.33333333333333	13.7356952688284	330
NORTH_CAPE	2014	10	16	289	10.6	14.5	5.77670409249484	-999.9	4.8	8.76157407407408	12.8905400071967	330
NORTH_CAPE	2014	10	17	290	13.1	17.1	5.76816366481144	-999.9	2.8	7.61574074074075	16.2336868958216	330
NORTH_CAPE	2014	10	18	291	12.9	18.4	6.66839561703263	-999.9	0.6	4.51388888888889	15.1995915986341	330
NORTH_CAPE	2014	10	19	292	6.2	14	7.82878902381969	-999.9	1	6.15740740740742	10.1261086103059	330
NORTH_CAPE	2014	10	20	293	5.8	7.9	4.00443563446421	-999.9	3	13.2407407407407	7.20219475676788	330
NORTH_CAPE	2014	10	21	294	5.2	9	5.30991194445025	-999.9	0	6.82870370370369	6.90074311113558	330
NORTH_CAPE	2014	10	22	295	7.8	10	3.98247119779331	-999.9	0	8.87731481481481	8.92123512835067	330
NORTH_CAPE	2014	10	23	296	9.3	10.6	3.01747206043432	-999.9	0	12.2916666666667	10.5825267597101	330
NORTH_CAPE	2014	10	24	297	8.5	10.2	3.40105366044621	-999.9	10.1	13.287037037037	11.0331297462759	330
NORTH_CAPE	2014	10	25	298	7.6	9.1	3.1487779226963	-999.9	1.4	9.84953703703703	10.5197739990592	330
NORTH_CAPE	2014	10	26	299	6	9.6	4.8078161030834	-999.9	13.9	6.16898148148147	9.65641938498029	330
NORTH_CAPE	2014	10	27	300	5.7	8.6	4.25296290886915	-999.9	1.3	13.275462962963	8.66080697040886	330
NORTH_CAPE	2014	10	28	301	5.3	6.8	3.01462380808441	-999.9	0.8	6.80555555555556	7.90737675617764	330
NORTH_CAPE	2014	10	29	302	5.9	14	6.90441694902255	-999.9	6.1	4.29398148148147	11.0808302042207	330
NORTH_CAPE	2014	10	30	303	7.5	11.5	4.78208096725932	-999.9	0.7	8.35648148148147	9.22487571236671	330
NORTH_CAPE	2014	10	31	304	3.6	7.8	4.82973002478787	-999.9	0.6	4.73379629629631	5.96306719360426	330
NORTH_CAPE	2014	11	1	305	4.2	7	3.88687788844618	-999.9	7.3	9.69907407407408	7.05598292137188	330
NORTH_CAPE	2014	11	2	306	4.7	7.7	3.96572159245323	-999.9	60.5	16.9444444444444	8.98573144168247	330
NORTH_CAPE	2014	11	3	307	2.7	7.8	5.09690101907793	-999.9	7.3	13.9814814814815	8.2150040398083	330
NORTH_CAPE	2014	11	4	308	2.9	5.4	3.51782563257353	-999.9	0.6	9.22453703703703	6.58216393458621	330
NORTH_CAPE	2014	11	5	309	4.4	11.8	5.96665620768457	-999.9	0	5.97222222222222	8.78964544619976	330
NORTH_CAPE	2014	11	6	310	5.5	8.2	3.55336347836923	-999.9	0	7.24537037037036	7.67679024941038	330
NORTH_CAPE	2014	11	7	311	1.8	7.7	5.17919541311908	-999.9	34	11.8287037037037	8.04883482938901	330
NORTH_CAPE	2014	11	8	312	0.6	2.5	2.89822349651332	-999.9	6.3	17.5462962962963	5.72047988353025	330
NORTH_CAPE	2014	11	9	313	0.2	7.9	5.75392051643148	-999.9	0	4.58333333333333	6.51212022931038	330
NORTH_CAPE	2014	11	10	314	3.6	7.6	4.09035550544763	-999.9	0	6.5625	6.58025591750377	330
NORTH_CAPE	2014	11	11	315	2.5	4.2	2.63040013887717	-999.9	0	7.45370370370369	5.97043430899799	330
NORTH_CAPE	2014	11	12	316	3.4	8.5	4.49476677615937	-999.9	0.7	9.28240740740742	8.88194997842147	330
NORTH_CAPE	2014	11	13	317	3.9	6.9	3.40150100864964	-999.9	0	7.96296296296297	6.62461348026865	330
NORTH_CAPE	2014	11	14	318	-0.2	4.1	4.01883470206831	-999.9	4	5.61868686868686	5.42611340337035	330
NORTH_CAPE	2014	11	15	319	-2.6	-0.1	3.02457821711086	-999.9	0	12.4189814814815	4.01939007950927	330
NORTH_CAPE	2014	11	16	320	-2.7	1.6	3.91593880599519	-999.9	0	8.22916666666667	4.12239732891683	330
NORTH_CAPE	2014	11	17	321	-0.3	6.2	4.75387991330218	-999.9	18.8	5.16203703703703	7.03119284378598	330
NORTH_CAPE	2014	11	18	322	-1.8	8.8	5.99545897259291	-999.9	3.5	10.9722222222222	6.64687232511564	330
NORTH_CAPE	2014	11	19	323	-3.1	1.1	3.72790974607457	-999.9	1.6	16.724537037037	3.69688576544109	330
NORTH_CAPE	2014	11	20	324	-5.1	1.7	4.68667565432228	-999.9	0.7	5.05787037037036	4.40362207430569	330
NORTH_CAPE	2014	11	21	325	-4	0	3.55233414390553	-999.9	1.5	10.7291666666667	4.17030259218405	330
NORTH_CAPE	2014	11	22	326	-5.5	1.5	4.64531441796096	-999.9	1.4	13.4606481481481	4.05544256316203	330
NORTH_CAPE	2014	11	23	327	1.3	4.7	3.20112020096515	-999.9	0	9.12037037037036	5.86408460449269	330
NORTH_CAPE	2014	11	24	328	2.5	14.5	5.94797262608325	-999.9	5.4	5.78703703703703	9.86235884672808	330
NORTH_CAPE	2014	11	25	329	5.4	13	4.68301506513634	-999.9	0	9.15509259259258	9.81934296874519	330
NORTH_CAPE	2014	11	26	330	-0.6	5.6	4.18586119179612	-999.9	3.6	7.67361111111111	5.69624594908124	330
NORTH_CAPE	2014	11	27	331	-2.3	0.2	2.63126234566323	-999.9	7.2	14.2013888888889	5.28182021091014	330
NORTH_CAPE	2014	11	28	332	-3	-1.7	1.87893189483431	-999.9	0	5.85648148148147	3.93934742557417	330
NORTH_CAPE	2014	11	29	333	-8.1	-2.2	3.96511384786527	-999.9	0	6.93287037037036	3.11348496868392	330
NORTH_CAPE	2014	11	30	334	-8.2	6.8	6.26492107861468	-999.9	0.6	6.35416666666667	4.84332338517315	330
NORTH_CAPE	2014	12	1	335	-3.1	8.9	5.55463845963121	-999.9	0	8.00925925925925	6.43672646332564	330
NORTH_CAPE	2014	12	2	336	-8.7	-3	3.7962728977003	-999.9	0	9.02777777777778	2.79214109588086	330
NORTH_CAPE	2014	12	3	337	-7.1	9.3	6.38794234364309	-999.9	25.6	8.88888888888889	5.86201893201932	330
NORTH_CAPE	2014	12	4	338	-10.1	3.2	5.70890317671903	-999.9	3.9	14.3171296296296	3.64347540479857	330
NORTH_CAPE	2014	12	5	339	-11.8	-7.6	3.18502137515455	-999.9	0	6.23842592592592	2.38033114380441	330
NORTH_CAPE	2014	12	6	340	-7.8	2.3	4.90553592587975	-999.9	20.9	4.35185185185186	4.34662667327474	330
NORTH_CAPE	2014	12	7	341	-10.7	0.5	5.13279658008555	-999.9	0.7	13.1134259259259	3.4594820376986	330
NORTH_CAPE	2014	12	8	342	-11.9	-8	3.01079786985815	-999.9	0	4.90740740740742	2.34742965217238	330
NORTH_CAPE	2014	12	9	343	-9.5	1.6	5.05130517353744	-999.9	0.9	5.74074074074075	3.96815863162331	330
NORTH_CAPE	2014	12	10	344	0.7	2.6	2.07923541323661	-999.9	131.8	15.787037037037	6.79078949070129	330
NORTH_CAPE	2014	12	11	345	1.9	5.9	3.00287083874708	-999.9	20.3	9.01620370370369	7.96905417628174	330
NORTH_CAPE	2014	12	12	346	1.5	5.4	2.95268204066213	-999.9	8.2	3.62268518518519	7.88227716656075	330
NORTH_CAPE	2014	12	13	347	-2.1	2	3.01616142700654	-999.9	0	2.74305555555556	6.09309169615625	330
NORTH_CAPE	2014	12	14	348	-1.5	1.6	2.61411496885304	-999.9	0.7	5.02314814814814	6.18225535846732	330
NORTH_CAPE	2014	12	15	349	-1	2.2	2.64853064340241	-999.9	0.6	8.56481481481481	5.49678435393804	330
NORTH_CAPE	2014	12	16	350	-1.9	-0.3	1.86845641273003	-999.9	0	2.5462962962963	4.54076053878066	330
NORTH_CAPE	2014	12	17	351	-1.7	1.1	2.46719378057138	-999.9	7.9	3.19444444444444	5.29446996021989	330
NORTH_CAPE	2014	12	18	352	0.1	3.4	2.6748041776945	-999.9	11	7.1875	6.95605387377258	330
NORTH_CAPE	2014	12	19	353	-1.8	1.9	2.82980873436515	-999.9	1.5	11.3888888888889	5.63358019540334	330
NORTH_CAPE	2014	12	20	354	-2.1	0.4	2.32519000912059	-999.9	0	6.65509259259258	4.65087145092839	330
NORTH_CAPE	2014	12	21	355	-3.4	-1.8	1.86033852806995	-999.9	0	2.1875	4.1517998486066	330
NORTH_CAPE	2014	12	22	356	-3.6	-2.4	1.61204613710091	-999.9	0	2.17171717171717	4.05196878571921	330
NORTH_CAPE	2014	12	23	357	-3.5	0	2.75604757244175	-999.9	0	2.11805555555556	4.41387998529415	330
NORTH_CAPE	2014	12	24	358	-0.6	5.3	3.58389184985488	-999.9	6.4	6.81712962962964	6.63748009768831	330
NORTH_CAPE	2014	12	25	359	3.4	14.7	4.96996966616281	-999.9	21.8	8.35648148148147	11.0734591192956	330
NORTH_CAPE	2014	12	26	360	1.6	3.7	2.14791938859177	-999.9	0	12.4421296296296	5.42078950259349	330
NORTH_CAPE	2014	12	27	361	-0.4	2	2.30310862354636	-999.9	0	9.90740740740742	4.8288528522392	330
NORTH_CAPE	2014	12	28	362	-1.2	3.7	3.30226667584988	-999.9	4.3	6.40046296296297	5.930097037872	330
NORTH_CAPE	2014	12	29	363	-11.6	0	5.10095065890755	-999.9	1.2	12.7777777777778	2.84673479395513	330
NORTH_CAPE	2014	12	30	364	-14.3	-11.1	2.69094911818484	-999.9	0.6	12.5462962962963	1.92078832440871	330
NORTH_CAPE	2014	12	31	365	-15.3	-10.6	3.27706827208947	-999.9	0	11.1904761904762	1.73554754410657	330
