NORTH_CAPE	2016	1	1	1	-3.7	-1.5	2.25397329492141	-999.9	0.6	9.98842592592592	4.03136595986839	330
NORTH_CAPE	2016	1	2	2	-1.9	-0.6	1.74261573827571	-999.9	0	12.2800925925926	4.45834345183449	330
NORTH_CAPE	2016	1	3	3	-2.4	-1	1.81959521587161	-999.9	1.4	5.13888888888889	5.02012916470849	330
NORTH_CAPE	2016	1	4	4	-10	-2.1	4.35100724489157	-999.9	0.6	9.40972222222222	3.30660358858513	330
NORTH_CAPE	2016	1	5	5	-10.1	-5.6	3.3069595209838	-999.9	0	9.13194444444444	2.68498691177547	330
NORTH_CAPE	2016	1	6	6	-6.8	-2.1	3.40482484888963	-999.9	0.7	13.1597222222222	3.41289143039948	330
NORTH_CAPE	2016	1	7	7	-2.7	0.4	2.78690776725751	-999.9	0	8.90046296296297	4.4841561081859	330
NORTH_CAPE	2016	1	8	8	-4.3	-2.6	2.08080046575487	-999.9	0	3.03240740740742	3.42415557294789	330
NORTH_CAPE	2016	1	9	9	-4.3	-2.2	2.33261824823487	-999.9	0	2.84722222222222	3.85075537219301	330
NORTH_CAPE	2016	1	10	10	-2.3	2.5	3.55829427193988	-999.9	0.8	6.31944444444445	5.48159975117436	330
NORTH_CAPE	2016	1	11	11	-6.4	8.6	6.34904641790228	-999.9	9.3	11.5740740740741	5.66541839155009	330
NORTH_CAPE	2016	1	12	12	-9.4	-2.3	4.41045310760418	-999.9	0	9.07407407407408	2.49710375458058	330
NORTH_CAPE	2016	1	13	13	-6.1	-1.9	3.4262133449355	-999.9	10.4	16.1226851851852	4.09567260203999	330
NORTH_CAPE	2016	1	14	14	-10.2	-5.8	3.54316458093125	-999.9	0.7	14.3171296296296	2.71049657297904	330
NORTH_CAPE	2016	1	15	15	-10.9	-5.5	3.96708482178523	-999.9	1.3	14.1666666666667	2.56099778829104	330
NORTH_CAPE	2016	1	16	16	-8.6	-2.8	4.15649666929477	-999.9	0	6.88657407407408	3.45258889403306	330
NORTH_CAPE	2016	1	17	17	-4.7	-1.2	3.26520382255219	-999.9	0	8.07870370370369	4.13885528738243	330
NORTH_CAPE	2016	1	18	18	-8.7	-4.5	3.61811620688129	-999.9	0	7.16435185185186	3.10113351974374	330
NORTH_CAPE	2016	1	19	19	-10.4	-3.8	4.58907257598546	-999.9	0	12.8240740740741	3.01721186946189	330
NORTH_CAPE	2016	1	20	20	-5.4	-2.8	2.91502955170108	-999.9	1.6	15.5208333333333	3.53989180614805	330
NORTH_CAPE	2016	1	21	21	-7.1	-5.3	2.4552677078306	-999.9	0	13.0324074074074	3.05911249425096	330
NORTH_CAPE	2016	1	22	22	-7.5	-4.9	2.98781242376642	-999.9	0	10.625	3.09133063531732	330
NORTH_CAPE	2016	1	23	23	-7.1	-4.6	2.96710727180845	-999.9	0	5.49768518518519	2.98333847906987	330
NORTH_CAPE	2016	1	24	24	-5	-3.2	2.55025404253029	-999.9	0	6.90972222222222	3.44355536958799	330
NORTH_CAPE	2016	1	25	25	-9.5	-2.8	4.9848348406799	-999.9	0	5.84490740740742	2.78364738813358	330
NORTH_CAPE	2016	1	26	26	-7.7	4.9	6.9269488819563	-999.9	1.6	6.68981481481481	4.50882758488317	330
NORTH_CAPE	2016	1	27	27	-5.8	2.5	5.6978529808902	-999.9	0	9.67592592592592	4.54363467359131	330
NORTH_CAPE	2016	1	28	28	-6.3	-0.9	4.65856067575456	-999.9	0	5.86805555555556	3.36529588439059	330
NORTH_CAPE	2016	1	29	29	-2.7	-0.8	2.80141011045503	-999.9	0.6	5.98379629629631	5.08862750970936	330
NORTH_CAPE	2016	1	30	30	-5.9	-2.5	3.79963524104244	-999.9	0	6.35416666666667	4.18642995411038	330
NORTH_CAPE	2016	1	31	31	-3.3	3.1	5.28625163321766	-999.9	0.6	5.34722222222222	5.50155404398775	330
NORTH_CAPE	2016	2	1	32	-2.7	9.6	7.43214244889159	-999.9	0.6	7.80092592592592	6.71915665094487	330
NORTH_CAPE	2016	2	2	33	-8.1	-2.7	4.99465715441237	-999.9	0	10.5787037037037	2.97411059529892	330
NORTH_CAPE	2016	2	3	34	-9.2	-0.5	6.43065265443798	-999.9	6.1	5.89120370370369	3.54784121769813	330
NORTH_CAPE	2016	2	4	35	-0.5	8.9	6.78080020123945	-999.9	3.9	5.74074074074075	7.84199080198211	330
NORTH_CAPE	2016	2	5	36	-6.3	0.1	5.67622185317114	-999.9	4.9	8.10185185185186	4.52546402453153	330
NORTH_CAPE	2016	2	6	37	-7.9	-3.9	4.55279791553071	-999.9	0	10.5439814814815	3.28496883358356	330
NORTH_CAPE	2016	2	7	38	-8.5	0	6.73378887333187	-999.9	1.2	9.90740740740742	3.33631743453974	330
NORTH_CAPE	2016	2	8	39	-7.5	-3.2	4.85964647129793	-999.9	4.6	12.7199074074074	3.19327360980569	330
NORTH_CAPE	2016	2	9	40	-4.5	-2.5	3.36295335795885	-999.9	4.2	12.5462962962963	4.47135837367634	330
NORTH_CAPE	2016	2	10	41	-8.2	-3.5	5.23120194815494	-999.9	0	7.38425925925925	3.46462844364909	330
NORTH_CAPE	2016	2	11	42	-8.2	-4.4	4.77308120684414	-999.9	0	3.66898148148147	3.30915726089888	330
NORTH_CAPE	2016	2	12	43	-13.5	-7.8	5.93202855019938	-999.9	0.6	8.86574074074075	1.98485695999665	330
NORTH_CAPE	2016	2	13	44	-13.8	-8.6	5.74946235236412	-999.9	0	6.89814814814814	1.98693158018405	330
NORTH_CAPE	2016	2	14	45	-17.5	-12	6.00018196137703	-999.9	0	9.64120370370369	1.39445673184156	330
NORTH_CAPE	2016	2	15	46	-17.7	-9.5	7.43433554563265	-999.9	0	10.4513888888889	1.49358115360701	330
NORTH_CAPE	2016	2	16	47	-9.5	8	11.0204176377212	-999.9	8.2	6.05324074074075	5.12891159292875	330
NORTH_CAPE	2016	2	17	48	-2.4	10	9.4128776121898	-999.9	2.7	6.875	7.14466706888002	330
NORTH_CAPE	2016	2	18	49	-5.9	-2	5.35626887263581	-999.9	0	5.28935185185186	3.87109575861958	330
NORTH_CAPE	2016	2	19	50	-6.7	-3.2	5.1483238482166	-999.9	0	4.09722222222222	2.95630215140806	330
NORTH_CAPE	2016	2	20	51	-6.8	1.1	7.84743712355384	-999.9	2.1	6.22685185185186	4.10778958722134	330
NORTH_CAPE	2016	2	21	52	-2.8	4.4	7.60048361702663	-999.9	3.3	4.62962962962964	6.35175706265359	330
NORTH_CAPE	2016	2	22	53	-10.1	-2.8	7.76377478441279	-999.9	0	9.76851851851853	2.89359208042782	330
NORTH_CAPE	2016	2	23	54	-10.7	-7.5	5.21430665213086	-999.9	0	4.14351851851853	2.2057227148715	330
NORTH_CAPE	2016	2	24	55	-8.8	-0.2	8.6706621435024	-999.9	10.4	3.57638888888889	3.81796608459834	330
NORTH_CAPE	2016	2	25	56	-0.4	10.5	9.9007259007267	-999.9	14.4	4.54861111111111	8.66013869822254	330
NORTH_CAPE	2016	2	26	57	-7	5.5	10.7529305200478	-999.9	0	11.1574074074074	4.74774130521344	330
NORTH_CAPE	2016	2	27	58	-9.8	-1.6	8.83206370775176	-999.9	0	9.20138888888889	2.62082123512156	330
NORTH_CAPE	2016	2	28	59	-7.2	-0.1	8.33357687452964	-999.9	0.7	9.01620370370369	3.0365392505708	330
NORTH_CAPE	2016	2	29	60	-7.8	12.1	14.1461302741228	-999.9	0.6	5.91435185185186	6.37874354441005	330
NORTH_CAPE	2016	3	1	61	-9	-0.3	9.48286951006135	-999.9	1.7	9.35185185185186	3.31662747768425	330
NORTH_CAPE	2016	3	2	62	-9	7.7	13.3188288651375	-999.9	5	8.14814814814814	4.71695468671404	330
NORTH_CAPE	2016	3	3	63	-14.7	-4.7	10.4470239663537	-999.9	2.6	14.7569444444444	2.2219697629118	330
NORTH_CAPE	2016	3	4	64	-15	-6.6	9.70449057842933	-999.9	0	6.85185185185186	1.68445693939316	330
NORTH_CAPE	2016	3	5	65	-7.4	-5.3	4.91742379918996	-999.9	0.7	8.53009259259258	2.91268494786619	330
NORTH_CAPE	2016	3	6	66	-8.8	-5.2	6.5241997764211	-999.9	0	5.45138888888889	2.80421176830336	330
NORTH_CAPE	2016	3	7	67	-7.6	4.2	11.9678719995433	-999.9	0	5.37037037037036	3.99487561510091	330
NORTH_CAPE	2016	3	8	68	-6.1	-1.3	7.73298693632865	-999.9	0	7.60416666666667	3.70029558675326	330
NORTH_CAPE	2016	3	9	69	-6.7	0.5	9.59385973385267	-999.9	8.3	4.01620370370369	4.2384237962549	330
NORTH_CAPE	2016	3	10	70	-4.5	-1.3	6.47815445868722	-999.9	0	3.47222222222222	4.44666156524161	330
NORTH_CAPE	2016	3	11	71	-4.6	-1.1	6.86131444200405	-999.9	0.7	3.57638888888889	4.22350196995997	330
NORTH_CAPE	2016	3	12	72	-4.3	1.4	8.86654944325821	-999.9	0	4.79166666666667	4.30850464296227	330
NORTH_CAPE	2016	3	13	73	-4	1.3	8.6565563430854	-999.9	2	10.2546296296296	4.3195168516725	330
NORTH_CAPE	2016	3	14	74	-5.9	-3.9	5.38341143845251	-999.9	0	5.43981481481481	3.14415201648636	330
NORTH_CAPE	2016	3	15	75	-5.4	0.6	9.43839560223084	-999.9	0	4.13194444444444	4.2331365367901	330
NORTH_CAPE	2016	3	16	76	-2.5	2.3	8.5441155577989	-999.9	4.9	2.47685185185185	5.86713954575713	330
NORTH_CAPE	2016	3	17	77	-5	-1.8	7.05974128037795	-999.9	0.6	6.16898148148147	3.98932009887675	330
NORTH_CAPE	2016	3	18	78	-5.8	-3.8	5.6472744326247	-999.9	0.6	6.74768518518519	3.63032264635998	330
NORTH_CAPE	2016	3	19	79	-7.7	-5.1	6.51422792378899	-999.9	0.7	7.77777777777778	2.90792565873569	330
NORTH_CAPE	2016	3	20	80	-8.5	-3.1	9.49658255135205	-999.9	0	6.30787037037036	2.6258388035257	330
NORTH_CAPE	2016	3	21	81	-6.2	-2.8	7.6215885881906	-999.9	6	7.44212962962964	4.02141987019144	330
NORTH_CAPE	2016	3	22	82	-6.2	-2.7	7.8201779893441	-999.9	2.8	15.5092592592593	3.11046012749082	330
NORTH_CAPE	2016	3	23	83	-7.8	-3.3	8.96615194014693	-999.9	0	9.86111111111111	2.60037917756973	330
NORTH_CAPE	2016	3	24	84	-9.6	-3.1	10.894669925375	-999.9	0	7.95138888888889	2.46531176959916	330
NORTH_CAPE	2016	3	25	85	-5.4	-2.4	7.48196468765319	-999.9	11.3	7.88194444444445	4.19556176845518	330
NORTH_CAPE	2016	3	26	86	-6.7	-2.3	9.15838341708564	-999.9	0	6.00694444444445	3.68782897849825	330
NORTH_CAPE	2016	3	27	87	-6.6	1.3	12.4017538807756	-999.9	0	3.95833333333333	4.34339465306229	330
NORTH_CAPE	2016	3	28	88	-1.9	1.9	8.69116290799252	-999.9	26.4	5.28935185185186	5.55957925833333	330
NORTH_CAPE	2016	3	29	89	-2.2	1.4	8.54659608013681	-999.9	20.5	14.8726851851852	5.75283133150611	330
NORTH_CAPE	2016	3	30	90	-2.6	4.6	12.2096497992079	-999.9	0	7.55787037037036	4.46462439159181	330
NORTH_CAPE	2016	3	31	91	1	4.6	8.72011772326974	-999.9	14.8	6.38888888888889	6.34431210011065	330
NORTH_CAPE	2016	4	1	92	2	15.3	16.9266145636418	-999.9	3.9	7.36111111111111	10.2933875396059	330
NORTH_CAPE	2016	4	2	93	-0.2	5.8	11.4797415595801	-999.9	8.1	5.26620370370369	6.994690077845	330
NORTH_CAPE	2016	4	3	94	-7.8	1	14.036183186922	-999.9	8.4	7.89351851851853	4.16449982377753	330
NORTH_CAPE	2016	4	4	95	-10	-3.7	11.9885922368949	-999.9	0.6	12.7314814814815	2.21063008453443	330
NORTH_CAPE	2016	4	5	96	-8.8	-5.3	9.01905863768179	-999.9	0	8.47222222222222	2.08964847959742	330
NORTH_CAPE	2016	4	6	97	-8.6	-0.3	14.0163397083874	-999.9	0.6	8.84259259259258	2.63390171078628	330
NORTH_CAPE	2016	4	7	98	-2.6	10.7	17.9031293564534	-999.9	2.7	5.70601851851853	7.36212329082037	330
NORTH_CAPE	2016	4	8	99	1.6	9.4	13.8323912260716	-999.9	9	6.22685185185186	8.51140820187281	330
NORTH_CAPE	2016	4	9	100	-0.6	5.6	12.4403334916725	-999.9	0	4.67592592592592	6.47370240854746	330
NORTH_CAPE	2016	4	10	101	-3.4	0.2	9.56121649934247	-999.9	0.7	10.0115740740741	4.01530100942362	330
NORTH_CAPE	2016	4	11	102	-2.1	3.3	11.8092999843878	-999.9	3.1	6.36574074074075	4.21473552503121	330
NORTH_CAPE	2016	4	12	103	1.3	9.4	14.5839431241133	-999.9	8.1	6.00694444444445	8.58009428662556	330
NORTH_CAPE	2016	4	13	104	-0.7	5.1	12.4420401889183	-999.9	2.7	4.08564814814814	6.28586376522888	330
NORTH_CAPE	2016	4	14	105	-0.6	2.9	9.74309482915973	-999.9	0	4.72222222222222	5.43858420509669	330
NORTH_CAPE	2016	4	15	106	-0.8	1.6	8.13194024307899	-999.9	0	8.77314814814814	5.35464888407859	330
NORTH_CAPE	2016	4	16	107	-4.1	0.1	10.8412510675821	-999.9	0.7	7.25694444444445	4.80203275180515	330
NORTH_CAPE	2016	4	17	108	-5.7	16.4	25.0586606219637	-999.9	0	4.31712962962964	6.26804788218053	330
NORTH_CAPE	2016	4	18	109	-3.5	3.5	14.2088418615812	-999.9	0	5.78703703703703	4.69265314583333	330
NORTH_CAPE	2016	4	19	110	-4.5	2.6	14.4154429080892	-999.9	0	2.37268518518519	4.38158229305977	330
NORTH_CAPE	2016	4	20	111	-0.2	3.5	10.4816651656433	-999.9	0	4.42129629629631	5.88303814967098	330
NORTH_CAPE	2016	4	21	112	1.7	7.7	13.442416307378	-999.9	0	4.80324074074075	6.44499487172975	330
NORTH_CAPE	2016	4	22	113	1.3	8.2	14.5157840335857	-999.9	0	2.39583333333333	7.3001060080505	330
NORTH_CAPE	2016	4	23	114	1.3	4.2	9.47482905467228	-999.9	8.5	3.31018518518519	7.14790412067666	330
NORTH_CAPE	2016	4	24	115	0.3	3.4	9.86170746431361	-999.9	0	8.42592592592592	5.2786914849274	330
NORTH_CAPE	2016	4	25	116	0.4	2.5	8.1700086323029	-999.9	0	9.12037037037036	4.00678319484254	330
NORTH_CAPE	2016	4	26	117	-0.5	2.6	9.99029457851567	-999.9	0	6.77083333333333	4.17568471869869	330
NORTH_CAPE	2016	4	27	118	-1.4	4	13.2685099269506	-999.9	0	5.01157407407408	5.55929040168105	330
NORTH_CAPE	2016	4	28	119	-3.3	1.9	13.1008142298358	-999.9	0	8.99305555555556	3.8129324592758	330
NORTH_CAPE	2016	4	29	120	-0.1	7.3	15.722717300092	-999.9	0	5.68287037037036	4.95344534696267	330
NORTH_CAPE	2016	4	30	121	0.9	6.1	13.2578348379092	-999.9	0	4.30555555555556	5.63489176350633	330
NORTH_CAPE	2016	5	1	122	1	7	14.3235303579634	-999.9	0	4.14351851851853	6.42908390438825	330
NORTH_CAPE	2016	5	2	123	2.9	9.2	14.760220192068	-999.9	0	3.32175925925925	7.79311969293442	330
NORTH_CAPE	2016	5	3	124	1.8	4.2	9.16054188359649	-999.9	4.7	8.41435185185186	7.18025286347833	330
NORTH_CAPE	2016	5	4	125	1.8	4.9	10.4672960957536	-999.9	0	4.05092592592592	7.35701058294561	330
NORTH_CAPE	2016	5	5	126	1.9	3	6.26806550737453	-999.9	7.8	7.38425925925925	7.12566392770614	330
NORTH_CAPE	2016	5	6	127	1.5	4.6	10.5766277391266	-999.9	9.6	6.67824074074075	7.36225553932919	330
NORTH_CAPE	2016	5	7	128	1.6	7.1	14.158682155888	-999.9	0	3.19444444444444	7.61321713244852	330
NORTH_CAPE	2016	5	8	129	3.4	13.4	19.1850435462046	-999.9	1.8	3.51851851851853	9.98940398157045	330
NORTH_CAPE	2016	5	9	130	2.6	9.3	15.7785805969018	-999.9	0.7	13.2407407407407	7.50857357206643	330
NORTH_CAPE	2016	5	10	131	3.7	7.9	12.5507479921741	-999.9	0	8.39120370370369	7.59442833565329	330
NORTH_CAPE	2016	5	11	132	3.7	8.4	13.3369113351032	-999.9	0	3.90046296296297	6.53629199725895	330
NORTH_CAPE	2016	5	12	133	1.1	8.1	16.3479727712611	-999.9	0	3.64583333333333	6.50657565416011	330
NORTH_CAPE	2016	5	13	134	2	11.7	19.3266561917312	-999.9	0	4.23611111111111	7.59352788228012	330
NORTH_CAPE	2016	5	14	135	3.6	8.9	14.3453915502573	-999.9	29.8	6.46604938271606	8.53798199229971	330
NORTH_CAPE	2016	5	15	136	3.4	9.3	15.196793875114	-999.9	28.2	6.59722222222222	9.42835467013653	330
NORTH_CAPE	2016	5	16	137	2.9	7.1	12.8721237597163	-999.9	1.2	10.7125603864734	7.73598997717091	330
NORTH_CAPE	2016	5	17	138	4	9.1	14.238313775593	-999.9	0	4.98842592592592	8.72721123924867	330
NORTH_CAPE	2016	5	18	139	6.3	12.1	15.239962704632	-999.9	0	4.67592592592592	9.45422114293662	330
NORTH_CAPE	2016	5	19	140	7.4	16.5	19.1573648502707	-999.9	0	3.27546296296297	10.0800547680477	330
NORTH_CAPE	2016	5	20	141	8.6	18.4	19.9490495225615	-999.9	0	4.96527777777778	10.3509446772293	330
NORTH_CAPE	2016	5	21	142	9.7	24.9	24.9272393050245	-999.9	0	5.34722222222222	12.9539869479262	330
NORTH_CAPE	2016	5	22	143	9	14.5	15.0427161510181	-999.9	0	3.94675925925925	10.4285239485352	330
NORTH_CAPE	2016	5	23	144	6.4	11.9	15.0892716133007	-999.9	0	3.94675925925925	10.267225741737	330
NORTH_CAPE	2016	5	24	145	5.6	17.8	22.5402394058179	-999.9	0	3.05555555555556	12.3961749109968	330
NORTH_CAPE	2016	5	25	146	11.2	23.3	22.5119337460391	-999.9	0	4.40972222222222	16.1429148573009	330
NORTH_CAPE	2016	5	26	147	5.7	14	18.6960844682634	-999.9	0	8.58796296296297	11.0374466236576	330
NORTH_CAPE	2016	5	27	148	5.4	11.1	15.5342642075194	-999.9	16.1	5.21990740740742	9.75693030268043	330
NORTH_CAPE	2016	5	28	149	5.2	11.3	16.1105406611052	-999.9	0	5.86805555555556	10.0455155651541	330
NORTH_CAPE	2016	5	29	150	6.2	13	17.0506927547347	-999.9	0	3.32175925925925	10.0722720470256	330
NORTH_CAPE	2016	5	30	151	8.1	17.5	20.0929843351529	-999.9	9.8	5.02314814814814	12.7329192741192	330
NORTH_CAPE	2016	5	31	152	9.3	22.3	23.680771279629	-999.9	0	6.52777777777778	15.1695259814429	330
NORTH_CAPE	2016	6	1	153	4.4	9.7	15.1515329690456	-999.9	0	6.78240740740742	7.99810898813573	330
NORTH_CAPE	2016	6	2	154	3.5	11.7	18.8829995348503	-999.9	0	4.80324074074075	8.22403385270389	330
NORTH_CAPE	2016	6	3	155	8.9	12.2	12.0010016657181	-999.9	1.4	4.17824074074075	10.7854877198742	330
NORTH_CAPE	2016	6	4	156	8.8	12.9	13.3998545329792	-999.9	6.6	2.91666666666667	11.9141004808465	330
NORTH_CAPE	2016	6	5	157	7.4	11	12.576456535246	-999.9	0	4.42129629629631	10.7735280068583	330
NORTH_CAPE	2016	6	6	158	8.9	11.6	10.9078502601224	-999.9	7.3	8.90046296296297	11.981595401735	330
NORTH_CAPE	2016	6	7	159	10.6	17	16.8170166937002	-999.9	32.9	4.25925925925925	14.8324357782669	330
NORTH_CAPE	2016	6	8	160	8.8	15.7	17.4838358666916	-999.9	24	5.46296296296297	13.404994902615	330
NORTH_CAPE	2016	6	9	161	6.4	9.7	12.1052553249556	-999.9	7.2	9.01620370370369	10.009334048264	330
NORTH_CAPE	2016	6	10	162	6.4	13.6	17.8994511541708	-999.9	0.8	6.63194444444445	10.5722524618851	330
NORTH_CAPE	2016	6	11	163	9.7	20.5	21.9428768921097	-999.9	6.5	4.58333333333333	13.9576679900386	330
NORTH_CAPE	2016	6	12	164	8	14.8	17.4259382011664	-999.9	17.4	6.85185185185186	12.4063295497089	330
NORTH_CAPE	2016	6	13	165	5	8.4	12.3308511260943	-999.9	6.4	8.84259259259258	9.56355349072706	330
NORTH_CAPE	2016	6	14	166	3.5	6.9	12.3383432198911	-999.9	12.7	9.1087962962963	8.76379081529058	330
NORTH_CAPE	2016	6	15	167	5.5	7.9	10.3714328128437	-999.9	1.2	7.73148148148147	9.52249057320569	330
NORTH_CAPE	2016	6	16	168	6.9	9.7	11.2067555820444	-999.9	0	6.31944444444445	9.17517905928117	330
NORTH_CAPE	2016	6	17	169	8.9	11.4	10.5923097107329	-999.9	0	4.89583333333333	9.79839481798122	330
NORTH_CAPE	2016	6	18	170	9.4	23.8	25.4257493456223	-999.9	0	6.01851851851853	11.7593556695688	330
NORTH_CAPE	2016	6	19	171	14.1	25.4	22.5245270106579	-999.9	0	10.0462962962963	13.7292737023814	330
NORTH_CAPE	2016	6	20	172	13.3	27.7	25.4257495194565	-999.9	0.6	9.64120370370369	13.1059046660149	330
NORTH_CAPE	2016	6	21	173	13	23.8	22.0157046546677	-999.9	0	5.81018518518519	13.1127328695027	330
NORTH_CAPE	2016	6	22	174	12.6	17.9	15.4183886866687	-999.9	0	4.74537037037036	13.7091792966929	330
NORTH_CAPE	2016	6	23	175	12.7	19	16.8036577716467	-999.9	1.4	3.79629629629631	14.8360578238206	330
NORTH_CAPE	2016	6	24	176	12.4	18.6	16.6614984111146	-999.9	0	4.20138888888889	13.4958526244593	330
NORTH_CAPE	2016	6	25	177	13.6	26.9	24.3882617967418	-999.9	0	5.37037037037036	14.6292340745844	330
NORTH_CAPE	2016	6	26	178	15.9	26.9	22.163601831399	-999.9	0	4.56018518518519	14.8964493064694	330
NORTH_CAPE	2016	6	27	179	15	30	25.8601319811198	-999.9	0	5.9375	16.1014315317004	330
NORTH_CAPE	2016	6	28	180	16.1	24.1	18.8678900733736	-999.9	0.6	8.29861111111111	16.2605405938859	330
NORTH_CAPE	2016	6	29	181	13.8	22	19.0822952488757	-999.9	3.2	3.54166666666667	17.8725378327561	330
NORTH_CAPE	2016	6	30	182	10	22.2	23.2488256279246	-999.9	2.8	4.01620370370369	16.3052125225117	330
NORTH_CAPE	2016	7	1	183	15.3	27.3	23.0282637718143	-999.9	0	4.34027777777778	18.6843090891326	330
NORTH_CAPE	2016	7	2	184	14.5	22.7	19.0098625629727	-999.9	5.8	4.52546296296297	17.3484549187688	330
NORTH_CAPE	2016	7	3	185	14	17.4	12.2226382155827	-999.9	0	10.4282407407407	13.7147026795726	330
NORTH_CAPE	2016	7	4	186	14.4	21.1	17.1304301875036	-999.9	0	6.75925925925925	14.6056105184417	330
NORTH_CAPE	2016	7	5	187	5	21.5	26.8367597503817	-999.9	3.3	4.73611111111111	12.5975841301146	330
NORTH_CAPE	2016	7	6	188	10.8	13.7	11.2304240057072	-999.9	0	6.09953703703703	12.4654483848871	330
NORTH_CAPE	2016	7	7	189	9.9	14.8	14.5698804499908	-999.9	9.9	5.54398148148147	11.4754235925473	330
NORTH_CAPE	2016	7	8	190	9.4	16.2	17.1287185571171	-999.9	0	4.96527777777778	12.25674890787	330
NORTH_CAPE	2016	7	9	191	12.9	15.5	10.5686899815981	-999.9	0	4.64120370370369	12.8581459146788	330
NORTH_CAPE	2016	7	10	192	11	14.5	12.2344398559003	-999.9	0	4.98842592592592	12.8194957043464	330
NORTH_CAPE	2016	7	11	193	12	17.4	15.1605151476729	-999.9	0	4.88425925925925	13.5115624322788	330
NORTH_CAPE	2016	7	12	194	10.5	19.4	19.4146884030193	-999.9	0	3.09027777777778	13.9323319111963	330
NORTH_CAPE	2016	7	13	195	9.9	20.8	21.4298061930477	-999.9	0	4.17824074074075	14.4050133658109	330
NORTH_CAPE	2016	7	14	196	17.5	29.7	22.610262537659	-999.9	0	8.54166666666667	20.9509944727624	330
NORTH_CAPE	2016	7	15	197	16.5	25.5	19.3650511182907	-999.9	0	7.33796296296297	20.0289552918008	330
NORTH_CAPE	2016	7	16	198	12.7	19.6	16.9061426140729	-999.9	0	3.27546296296297	14.9920411859746	330
NORTH_CAPE	2016	7	17	199	10.5	19.7	19.4619900030511	-999.9	4.6	3.04398148148147	15.1710660817652	330
NORTH_CAPE	2016	7	18	200	7.8	26.3	27.5107967697995	-999.9	0	5.3125	16.7474779260673	330
NORTH_CAPE	2016	7	19	201	15.3	20	13.8210389086705	-999.9	0	7.69675925925925	14.0986959659529	330
NORTH_CAPE	2016	7	20	202	15.3	19.7	13.3273219895628	-999.9	0	8.03240740740742	14.1143492421104	330
NORTH_CAPE	2016	7	21	203	16.7	25.4	18.6745932412548	-999.9	0	5.26620370370369	17.56658302677	330
NORTH_CAPE	2016	7	22	204	15.4	28.8	23.0923917438443	-999.9	8.5	7.09490740740742	17.7843252583696	330
NORTH_CAPE	2016	7	23	205	12.8	24.2	21.2199222118386	-999.9	0	4.76851851851853	19.039895970445	330
NORTH_CAPE	2016	7	24	206	12.5	21.2	18.4661139451311	-999.9	0	2.48842592592593	17.3983760184295	330
NORTH_CAPE	2016	7	25	207	8.2	20.7	22.0467669753628	-999.9	0	3.81944444444444	15.4587201844989	330
NORTH_CAPE	2016	7	26	208	12.2	22	19.4413435457115	-999.9	0	3.46064814814814	17.3185073731324	330
NORTH_CAPE	2016	7	27	209	11.4	19.3	17.3819794490431	-999.9	0	4.00462962962964	16.4837856198201	330
NORTH_CAPE	2016	7	28	210	11.4	23.5	21.4190271070582	-999.9	37.1	3.57638888888889	18.08997587834	330
NORTH_CAPE	2016	7	29	211	9.8	19.1	18.6947048512784	-999.9	0.7	2.7662037037037	15.7920764304638	330
NORTH_CAPE	2016	7	30	212	7.3	23.9	24.862784770261	-999.9	0	3.47222222222222	14.2011960956309	330
NORTH_CAPE	2016	7	31	213	13.5	23.2	18.916834745222	-999.9	0	4.35185185185186	15.1491464819171	330
NORTH_CAPE	2016	8	1	214	11.5	21.6	19.2104807761458	-999.9	0	2.97453703703703	14.8335420643687	330
NORTH_CAPE	2016	8	2	215	16.4	22.4	14.7338403217001	-999.9	0	4.38657407407408	15.9275551901091	330
NORTH_CAPE	2016	8	3	216	14.6	23.5	17.854419545687	-999.9	0	3.50694444444444	16.1322023255824	330
NORTH_CAPE	2016	8	4	217	15	24	17.8619867702352	-999.9	5.5	7.58101851851853	17.5158091965467	330
NORTH_CAPE	2016	8	5	218	15.4	25.8	19.0998560373922	-999.9	0	9.0625	18.2932429494879	330
NORTH_CAPE	2016	8	6	219	14.3	23.2	17.5735799006725	-999.9	0	7.47685185185186	16.9313627595963	330
NORTH_CAPE	2016	8	7	220	13.9	22.1	16.7753128449797	-999.9	0	5.24305555555556	16.232569953942	330
NORTH_CAPE	2016	8	8	221	16.1	20.4	12.0793286875085	-999.9	0	9.6875	14.4913133879644	330
NORTH_CAPE	2016	8	9	222	14.9	21.5	14.8789252526067	-999.9	0	5.48611111111111	15.0389139920436	330
NORTH_CAPE	2016	8	10	223	14	28.3	21.772311432602	-999.9	0	5.53240740740742	17.4956745070741	330
NORTH_CAPE	2016	8	11	224	9.7	18.9	17.3585324590779	-999.9	5.4	5.74074074074075	14.7417987511831	330
NORTH_CAPE	2016	8	12	225	9.3	17.5	16.2874833620373	-999.9	2.8	5.75231481481481	13.2340089275999	330
NORTH_CAPE	2016	8	13	226	16.2	19.7	10.5743623061692	-999.9	0	3.50694444444444	13.150108531837	330
NORTH_CAPE	2016	8	14	227	9.1	18	16.7545650026294	-999.9	7	7.58101851851853	13.5851916576168	330
NORTH_CAPE	2016	8	15	228	13.8	19.4	13.2036737814583	-999.9	0	4.0625	15.1496537759162	330
NORTH_CAPE	2016	8	16	229	10.6	24.7	20.8121680669314	-999.9	0	4.89583333333333	16.1999439224171	330
NORTH_CAPE	2016	8	17	230	7.5	19.1	18.749422005756	-999.9	16.3	5.78703703703703	14.0825093440721	330
NORTH_CAPE	2016	8	18	231	8.3	23.1	21.032202088735	-999.9	0.6	3.125	15.132435818375	330
NORTH_CAPE	2016	8	19	232	14.1	18.6	11.515923628884	-999.9	0	6.92129629629631	15.4262459317077	330
NORTH_CAPE	2016	8	20	233	13.9	20.3	13.6352946591179	-999.9	0	2.88194444444444	15.4993707060535	330
NORTH_CAPE	2016	8	21	234	9.7	25.8	21.4690413951721	-999.9	0	4.34027777777778	15.4070859350988	330
NORTH_CAPE	2016	8	22	235	10.3	24.7	20.1534340299013	-999.9	11.3	5.55555555555556	17.3020001379279	330
NORTH_CAPE	2016	8	23	236	14.6	21.7	14.0445484016901	-999.9	0.7	10.2893518518519	15.7558854730596	330
NORTH_CAPE	2016	8	24	237	17.5	23.6	12.9180449732019	-999.9	0	7.22222222222222	18.3033945826453	330
NORTH_CAPE	2016	8	25	238	16.5	27.8	17.4448255962029	-999.9	4.9	8.77314814814814	19.0798756529969	330
NORTH_CAPE	2016	8	26	239	12.6	24.9	18.0558344485243	-999.9	12.7	7.52314814814814	19.001255901252	330
NORTH_CAPE	2016	8	27	240	10.5	17.8	13.7976748168048	-999.9	0	6.01851851851853	13.345915411969	330
NORTH_CAPE	2016	8	28	241	12	21.2	15.3624166846963	-999.9	0	3.09027777777778	13.0554136869137	330
NORTH_CAPE	2016	8	29	242	13.5	19.4	12.1998445316369	-999.9	18.1	8.20601851851853	15.5875793661116	330
NORTH_CAPE	2016	8	30	243	11.2	18	12.9863397617621	-999.9	0	5.67129629629631	11.165161737004	330
NORTH_CAPE	2016	8	31	244	11.3	20.6	15.0563255219572	-999.9	0	4.62962962962964	15.6918031532328	330
NORTH_CAPE	2016	9	1	245	5.6	13.3	13.5802938862684	-999.9	16.5	6.62037037037036	11.2864392129764	330
NORTH_CAPE	2016	9	2	246	5.2	16.1	16.0141645595364	-999.9	1.4	8.07870370370369	10.0932037569848	330
NORTH_CAPE	2016	9	3	247	10.8	17.3	12.2550698748787	-999.9	0	2.87037037037036	11.7116080820667	330
NORTH_CAPE	2016	9	4	248	12.5	20.5	13.471406411663	-999.9	0	3.41435185185186	13.5066178890236	330
NORTH_CAPE	2016	9	5	249	14.4	24.1	14.6961416507642	-999.9	0	6.31944444444445	15.8380983664637	330
NORTH_CAPE	2016	9	6	250	13.8	23.7	14.7070379108419	-999.9	0	3.20601851851853	17.8301321500521	330
NORTH_CAPE	2016	9	7	251	10.4	22.3	15.9702550439783	-999.9	0	7.68518518518519	15.6057116152834	330
NORTH_CAPE	2016	9	8	252	8.8	20	15.3432984673577	-999.9	2.5	5.69444444444445	14.3159287800125	330
NORTH_CAPE	2016	9	9	253	4.8	17.7	16.3048397450301	-999.9	5.8	5.63657407407408	12.0779037253695	330
NORTH_CAPE	2016	9	10	254	14.7	17	6.81613522324373	-999.9	0	5.52083333333333	14.7755950308554	330
NORTH_CAPE	2016	9	11	255	11.3	23.2	15.3476209262378	-999.9	2.3	9.18981481481481	16.1098689722296	330
NORTH_CAPE	2016	9	12	256	14.2	19.3	9.94458730691435	-999.9	0	12.0717592592593	12.8221691472897	330
NORTH_CAPE	2016	9	13	257	16.2	21.7	10.2201676357259	-999.9	0	10.2199074074074	15.5446704556228	330
NORTH_CAPE	2016	9	14	258	10	24.3	16.306499360842	-999.9	15.2	8.80787037037036	15.6470653799424	330
NORTH_CAPE	2016	9	15	259	8.1	14.8	11.0430079346521	-999.9	0	7.16435185185186	9.43468042620768	330
NORTH_CAPE	2016	9	16	260	13.5	18.6	9.53089660543765	-999.9	0	6.25	11.9724659085485	330
NORTH_CAPE	2016	9	17	261	11.9	18.8	10.9651244006501	-999.9	0	8.76157407407408	14.0390323351754	330
NORTH_CAPE	2016	9	18	262	13.8	15.9	5.9824757166352	-999.9	4.3	6.18055555555556	13.906676263429	330
NORTH_CAPE	2016	9	19	263	15.45	16.48	4.77	-999.9	3.6	7.00980392156864	17.6319790865839	330
NORTH_CAPE	2016	9	20	264	15.84	17.27	9.52	-999.9	0	3.125	17.3440832664125	330
NORTH_CAPE	2016	9	21	265	16.33	18.79	18.43	-999.9	0	7.15277777777778	16.6270606096712	330
NORTH_CAPE	2016	9	22	266	15.2	16	3.52753585459893	-999.9	0	8.56481481481481	12.3414599446409	330
NORTH_CAPE	2016	9	23	267	11	14.2	6.97266417010605	-999.9	10.1	5	11.4989476200562	330
NORTH_CAPE	2016	9	24	268	9.2	12.4	6.8903365046443	-999.9	0	8.19444444444445	8.35610174703845	330
NORTH_CAPE	2016	9	25	269	8.3	12.4	7.70626570162832	-999.9	1.5	10.0347222222222	8.52669202917888	330
NORTH_CAPE	2016	9	26	270	8.7	14.3	8.89770901782909	-999.9	0.8	8.29861111111111	9.13949186894968	330
NORTH_CAPE	2016	9	27	271	9.5	13.1	7.04715382226046	-999.9	0	8.72685185185186	9.82029927206528	330
NORTH_CAPE	2016	9	28	272	11	13.3	5.56354517783333	-999.9	0.7	8.51851851851853	9.99376142282764	330
NORTH_CAPE	2016	9	29	273	10.7	12	4.13078146395226	-999.9	0	7.73148148148147	10.0434876945598	330
NORTH_CAPE	2016	9	30	274	10.1	14.6	7.58906193866773	-999.9	0	4.39814814814814	10.517632332067	330
NORTH_CAPE	2016	10	1	275	11.2	15.5	7.32464683571141	-999.9	0	3.40277777777778	12.3931818306321	330
NORTH_CAPE	2016	10	2	276	11	16	7.79755305410982	-999.9	0	4.12037037037036	12.403008131064	330
NORTH_CAPE	2016	10	3	277	8.5	14.1	8.14590736167302	-999.9	0.6	9.34027777777778	9.47297551001847	330
NORTH_CAPE	2016	10	4	278	6.9	14.5	9.36648544194158	-999.9	0	5.34722222222222	8.81742280210195	330
NORTH_CAPE	2016	10	5	279	11.3	16.7	7.79192158837376	-999.9	0	6.89814814814814	12.117370899278	330
NORTH_CAPE	2016	10	6	280	12.6	18.3	7.8998264226954	-999.9	0	5.04629629629631	14.0336240445387	330
NORTH_CAPE	2016	10	7	281	14	17.5	6.10804779440236	-999.9	0	6.13425925925925	14.4035400160433	330
NORTH_CAPE	2016	10	8	282	11.5	23.5	11.1584659954963	-999.9	0	5.11574074074075	13.3111616148178	330
NORTH_CAPE	2016	10	9	283	9.4	16.4	8.40750129785206	-999.9	8.3	4.98842592592592	12.2252281020927	330
NORTH_CAPE	2016	10	10	284	7	10.6	5.94748407843186	-999.9	22.9	15.8912037037037	9.50084017912311	330
NORTH_CAPE	2016	10	11	285	6.3	10.4	6.2603656551958	-999.9	0	6.88657407407408	7.72495460255333	330
NORTH_CAPE	2016	10	12	286	8.3	18.1	9.54574438316935	-999.9	0	5.19323671497583	10.4525915121754	330
NORTH_CAPE	2016	10	13	287	9.1	18.8	9.36562140613657	-999.9	0	5	11.7696317785482	330
NORTH_CAPE	2016	10	14	288	7.7	15.1	8.06654092720953	-999.9	1.6	9.88425925925925	9.54723451257144	330
NORTH_CAPE	2016	10	15	289	4.5	9.8	6.73129840231133	-999.9	0	4.82638888888889	5.85603140589961	330
NORTH_CAPE	2016	10	16	290	5.7	15.8	9.16181844731408	-999.9	5.2	6.50462962962964	9.27733216013607	330
NORTH_CAPE	2016	10	17	291	10.1	12.7	4.58290113013168	-999.9	0	8.15972222222222	11.0190763364233	330
NORTH_CAPE	2016	10	18	292	8.4	13.9	6.57117269095707	-999.9	1.4	8.48379629629631	10.6958691036317	330
NORTH_CAPE	2016	10	19	293	10.8	16	6.29865899570876	-999.9	1.3	8.53009259259258	12.4189071691492	330
NORTH_CAPE	2016	10	20	294	9.6	11.6	3.85057725739193	-999.9	0	7.17592592592592	9.12782723739477	330
NORTH_CAPE	2016	10	21	295	10.3	13.4	4.72539483060638	-999.9	13.1	7.80092592592592	11.8789962679953	330
NORTH_CAPE	2016	10	22	296	12.6	17.8	6.03239671992598	-999.9	19.1	6.75925925925925	16.5118468164116	330
NORTH_CAPE	2016	10	23	297	6.8	14.5	7.23522063457661	-999.9	1.3	9.47916666666667	9.87788207683582	330
NORTH_CAPE	2016	10	24	298	5.8	8.2	3.98125714334744	-999.9	0.7	15.0578703703704	6.76555082523937	330
NORTH_CAPE	2016	10	25	299	4.6	7.8	4.53096456982235	-999.9	2	7.60416666666667	7.75192902297905	330
NORTH_CAPE	2016	10	26	300	4.4	7.8	4.60311759168565	-999.9	2.7	13.0208333333333	7.75372070560917	330
NORTH_CAPE	2016	10	27	301	2.6	5	3.81165976027897	-999.9	1.3	5.92592592592592	5.99024458334939	330
NORTH_CAPE	2016	10	28	302	4	7.9	4.78893423583487	-999.9	0	6.88657407407408	6.52255974186281	330
NORTH_CAPE	2016	10	29	303	7.2	9.3	3.46353646840035	-999.9	11.4	9.09722222222222	10.0867420312217	330
NORTH_CAPE	2016	10	30	304	6.1	8.7	3.7984748211183	-999.9	9.3	7.32638888888889	9.42210489672557	330
NORTH_CAPE	2016	10	31	305	6.1	7.5	2.7473343014855	-999.9	0.7	5.45138888888889	8.56693030954645	330
NORTH_CAPE	2016	11	1	306	5.5	7.7	3.3946878555862	-999.9	0	6.62037037037036	7.6750521272271	330
NORTH_CAPE	2016	11	2	307	5	8.6	4.28056047375793	-999.9	0	3.95833333333333	8.47596869429065	330
NORTH_CAPE	2016	11	3	308	6.2	8.7	3.51644644707148	-999.9	2.8	3.76157407407408	8.64954390706265	330
NORTH_CAPE	2016	11	4	309	4	8	4.38506801603809	-999.9	9.5	7.8125	8.10331207282417	330
NORTH_CAPE	2016	11	5	310	2.1	4.5	3.34885313052275	-999.9	0.7	5.20833333333333	5.36794703897041	330
NORTH_CAPE	2016	11	6	311	2.3	5	3.50229324883451	-999.9	1.4	6.79398148148147	6.09148799442735	330
NORTH_CAPE	2016	11	7	312	2.1	5.5	3.87552488193455	-999.9	0	4.71064814814814	5.53384499604657	330
NORTH_CAPE	2016	11	8	313	3.7	10.2	5.28460945481188	-999.9	0	5.18518518518519	7.64163516382364	330
NORTH_CAPE	2016	11	9	314	4.6	9.5	4.52552124171889	-999.9	4.5	6.60879629629631	8.62698404841659	330
NORTH_CAPE	2016	11	10	315	1.8	6.5	4.37207535505249	-999.9	0	6.60879629629631	5.54323821654193	330
NORTH_CAPE	2016	11	11	316	3.5	8.6	4.49314481610773	-999.9	8.8	10.162037037037	7.4582283006698	330
NORTH_CAPE	2016	11	12	317	1.4	6	4.21050423231891	-999.9	1.2	13.3912037037037	5.43835252018897	330
NORTH_CAPE	2016	11	13	318	5.2	8.4	3.46567744931025	-999.9	0	11.0763888888889	7.07019827670098	330
NORTH_CAPE	2016	11	14	319	5.4	9.4	3.82449523841003	-999.9	0	6.44675925925925	8.13825155460201	330
NORTH_CAPE	2016	11	15	320	5.4	8.1	3.10195147251388	-999.9	0	3.68055555555556	8.97625757819755	330
NORTH_CAPE	2016	11	16	321	7.3	9.2	2.56934232004399	-999.9	21.5	7.67361111111111	10.2928743615601	330
NORTH_CAPE	2016	11	17	322	5.9	10.4	3.90509542177916	-999.9	0.6	5.77546296296297	10.2368473620025	330
NORTH_CAPE	2016	11	18	323	5.1	7.1	2.5716623030098	-999.9	0	7.65046296296297	8.55746004704427	330
NORTH_CAPE	2016	11	19	324	4.3	7.6	3.26383331531213	-999.9	4.4	9.61805555555556	8.79978215923783	330
NORTH_CAPE	2016	11	20	325	6.7	10.5	3.46129479351022	-999.9	1.5	3.24074074074075	10.7662145605596	330
NORTH_CAPE	2016	11	21	326	3.9	10.7	4.57705361640581	-999.9	0	3.76157407407408	8.67752377306672	330
NORTH_CAPE	2016	11	22	327	0.3	3.9	3.29292432439588	-999.9	3.6	5.17361111111111	5.786017254854	330
NORTH_CAPE	2016	11	23	328	2.6	4.9	2.6032316380691	-999.9	5.4	10.0115740740741	6.8896202406814	330
NORTH_CAPE	2016	11	24	329	1.4	3.1	2.21419778548429	-999.9	0	8.28703703703703	5.46480608684963	330
NORTH_CAPE	2016	11	25	330	0.2	2.9	2.76151076465821	-999.9	0.6	2.69675925925926	5.0689249745682	330
NORTH_CAPE	2016	11	26	331	-0.1	4	3.36871830184487	-999.9	0.8	4.09722222222222	6.09632218478427	330
NORTH_CAPE	2016	11	27	332	0.5	4.2	3.16899561367167	-999.9	4.5	14.5601851851852	6.25454855359091	330
NORTH_CAPE	2016	11	28	333	1.1	3	2.2495244269733	-999.9	2	13.0092592592593	5.96450621901402	330
NORTH_CAPE	2016	11	29	334	0.4	2.5	2.34350980003836	-999.9	0.7	7.03703703703703	5.25213472837468	330
NORTH_CAPE	2016	11	30	335	1	3.7	2.63412968234394	-999.9	12.1	8.85416666666667	6.31533133836827	330
NORTH_CAPE	2016	12	1	336	1	4.5	2.97404207932809	-999.9	26.9	12.7662037037037	6.22861986368675	330
NORTH_CAPE	2016	12	2	337	2.5	5	2.49347604864923	-999.9	1.5	8.05555555555556	7.32924043139219	330
NORTH_CAPE	2016	12	3	338	0.4	3.6	2.79963278019431	-999.9	2.8	9.57175925925925	6.17311694098795	330
NORTH_CAPE	2016	12	4	339	-1.7	1.1	2.59997447205972	-999.9	0	8.95833333333333	4.42373482498524	330
NORTH_CAPE	2016	12	5	340	-1.7	-0.6	1.61855575153402	-999.9	0	5.52083333333333	4.01324943224788	330
NORTH_CAPE	2016	12	6	341	-1.3	-0.4	1.45470547804497	-999.9	0	6.94444444444445	4.21500193287022	330
NORTH_CAPE	2016	12	7	342	-3	0.7	2.93198816396041	-999.9	0	3.77314814814814	4.34358695118948	330
NORTH_CAPE	2016	12	8	343	-0.6	2.4	2.62553686095416	-999.9	0	6.43518518518519	5.40696240977622	330
NORTH_CAPE	2016	12	9	344	-4.9	1.9	3.93278367494839	-999.9	0	12.1759259259259	4.14808159774559	330
NORTH_CAPE	2016	12	10	345	-8.2	-4.8	2.76801386879948	-999.9	0	12.5231481481481	2.98647670107267	330
NORTH_CAPE	2016	12	11	346	-7.8	-4.4	2.75644564754643	-999.9	0	11.7361111111111	2.8309851048073	330
NORTH_CAPE	2016	12	12	347	-7.8	-0.6	3.9962991247447	-999.9	2	7.95138888888889	3.60899133975032	330
NORTH_CAPE	2016	12	13	348	-6.7	0.2	3.89942884566667	-999.9	0.7	7.25694444444445	4.21376929009246	330
NORTH_CAPE	2016	12	14	349	-6.8	0.9	4.10782150192743	-999.9	0.8	6.60879629629631	4.03835781013678	330
NORTH_CAPE	2016	12	15	350	-8.1	-3.6	3.13306232659615	-999.9	5	7.52314814814814	3.00971053192352	330
NORTH_CAPE	2016	12	16	351	-12.4	-7.6	3.22989429762977	-999.9	14.4	20.1967592592593	2.55244010698416	330
NORTH_CAPE	2016	12	17	352	-13.3	-0.3	5.30828006847995	-999.9	6.1	9.0625	3.31693202237704	330
NORTH_CAPE	2016	12	18	353	-4.2	8.3	5.20070328753966	-999.9	15.8	8.51851851851853	6.52972127218742	330
NORTH_CAPE	2016	12	19	354	-11.3	-4	3.97287114187548	-999.9	1.5	11.0069444444444	2.61930452695107	330
NORTH_CAPE	2016	12	20	355	-13.9	-2.9	4.87738149978356	-999.9	0	7.82407407407408	2.2767581654558	330
NORTH_CAPE	2016	12	21	356	-3	0.4	2.71324193346055	-999.9	0	8.35648148148147	4.2118205483945	330
NORTH_CAPE	2016	12	22	357	-2.4	0.3	2.42047522950854	-999.9	2.1	5.71759259259258	4.63988317008461	330
NORTH_CAPE	2016	12	23	358	-0.8	1	1.97940699976719	-999.9	0	6.80555555555556	5.15703134485483	330
NORTH_CAPE	2016	12	24	359	-0.8	3.7	3.13613427810904	-999.9	5.5	6.25	5.74514574737024	330
NORTH_CAPE	2016	12	25	360	-6.5	1.7	4.24417301059828	-999.9	5.6	15.6481481481481	3.69488057390544	330
NORTH_CAPE	2016	12	26	361	-9	-6.1	2.53156799233595	-999.9	2.2	7.32638888888889	2.43717113546643	330
NORTH_CAPE	2016	12	27	362	-6.1	3.8	4.69372344513965	-999.9	8.6	9.44444444444444	5.03471863975523	330
NORTH_CAPE	2016	12	28	363	-2.1	1.5	2.84160170215891	-999.9	0	8.04398148148147	4.87411506734799	330
NORTH_CAPE	2016	12	29	364	-2.2	0.9	2.64853198733458	-999.9	1.7	7.11805555555556	4.95268091268584	330
NORTH_CAPE	2016	12	30	365	-1.8	3.9	3.60887586452225	-999.9	8.1	15.0694444444444	5.18914665970912	330
NORTH_CAPE	2016	12	31	366	-7.2	-1.5	3.62808036097414	-999.9	0	10.5671296296296	3.0804371536624	330
