NORTH_CAPE	2006	1	1	1	-4.2	-3	1.6646695580015	-999.9	1.5	8.38888888888889	4.29159172411235	330
NORTH_CAPE	2006	1	2	2	-5.1	-4.3	1.36702011327482	-999.9	0	6.08465608465608	3.75741730265993	330
NORTH_CAPE	2006	1	3	3	-6.3	-4.2	2.22853939080023	-999.9	0	4.72222222222222	3.44784584724761	330
NORTH_CAPE	2006	1	4	4	-4.2	-1.6	2.49610445514847	-999.9	0	3.77777777777778	4.18548218706013	330
NORTH_CAPE	2006	1	5	5	-2.3	-0.8	1.90927273813106	-999.9	0	3.66959064327486	4.81333235660741	330
NORTH_CAPE	2006	1	6	6	-2.1	0.5	2.53239890852323	-999.9	2.5	4.125	5.54096149888935	330
NORTH_CAPE	2006	1	7	7	-5.9	-0.1	3.81202023567316	-999.9	0	8.91666666666667	4.61468007760678	330
NORTH_CAPE	2006	1	8	8	-7.7	-5	2.6223287833651	-999.9	0	7.73611111111111	3.24773890265342	330
NORTH_CAPE	2006	1	9	9	-6.9	-0.9	3.94283625493131	-999.9	2	5.54093567251461	3.80935410893694	330
NORTH_CAPE	2006	1	10	10	-5.1	-0.8	3.36786251269139	-999.9	0	11.0277777777778	4.3907142711736	330
NORTH_CAPE	2006	1	11	11	-2.8	0.4	2.93248981104899	-999.9	1.24	7.27513227513228	5.10062093689788	330
NORTH_CAPE	2006	1	12	12	-0.1	6.2	4.15453770068546	-999.9	0	7.80555555555556	7.61969493042243	330
NORTH_CAPE	2006	1	13	13	-0.1	4.4	3.54645237793799	-999.9	0	5.22222222222222	6.7944338411162	330
NORTH_CAPE	2006	1	14	14	2.8	7.2	3.54314679983487	-999.9	0.37	6.07142857142858	8.68133662229095	330
NORTH_CAPE	2006	1	15	15	-4.4	9	6.24920119238654	-999.9	3.5	5.54292929292931	7.24215052923199	330
NORTH_CAPE	2006	1	16	16	-4.8	-2.6	2.55989375832349	-999.9	2.5	1.73280423280423	4.65380227999568	330
NORTH_CAPE	2006	1	17	17	-3.8	-2	2.34158175958246	-999.9	0	9.40277777777778	4.16812532964934	330
NORTH_CAPE	2006	1	18	18	-6.4	3	5.41275301817791	-999.9	10	8.47222222222222	4.87539473289565	330
NORTH_CAPE	2006	1	19	19	-2.3	6.3	5.23839447058824	-999.9	0	14.4444444444444	5.60010991392974	330
NORTH_CAPE	2006	1	20	20	-2.7	-0.2	2.85839263935337	-999.9	0	6.59420289855072	4.89041183803395	330
NORTH_CAPE	2006	1	21	21	-2.1	5.4	5.01173825078507	-999.9	0	6.81159420289856	6.88392764408033	330
NORTH_CAPE	2006	1	22	22	-9.6	-2.1	5.07448500752311	-999.9	0	15.9420289855073	3.16464634243875	330
NORTH_CAPE	2006	1	23	23	-9.1	-2.3	4.89341337868396	-999.9	4	6.09788359788361	3.26490921244481	330
NORTH_CAPE	2006	1	24	24	-6	-1.5	4.03224723309819	-999.9	0	2.96296296296297	4.92079720105706	330
NORTH_CAPE	2006	1	25	25	-2.2	-0.5	2.51090924712326	-999.9	2.5	6.90277777777778	5.50201633399568	330
NORTH_CAPE	2006	1	26	26	-5.4	-2.7	3.20649993973203	-999.9	0	15.1527777777778	4.364317836053	330
NORTH_CAPE	2006	1	27	27	-7.3	-2.7	4.24173170094677	-999.9	0	13.4837962962963	3.18045162796258	330
NORTH_CAPE	2006	1	28	28	-3	1.7	4.3460559773229	-999.9	0	9.29292929292931	5.03972508609998	330
NORTH_CAPE	2006	1	29	29	-5.9	0.3	5.06042103900778	-999.9	0	12.1666666666667	3.92445431247966	330
NORTH_CAPE	2006	1	30	30	-6	-4.4	2.60647008858341	-999.9	0	7.99516908212561	3.52095219530434	330
NORTH_CAPE	2006	1	31	31	-5.2	-0.9	4.33293077317641	-999.9	0	9.77272727272728	4.49270701588875	330
NORTH_CAPE	2006	2	1	32	-2.9	-1.8	2.22252596851583	-999.9	0	15.2662037037037	4.73493691653117	330
NORTH_CAPE	2006	2	2	33	-4.1	-3.1	2.14930066622299	-999.9	0	4.65277777777778	4.05718189139117	330
NORTH_CAPE	2006	2	3	34	-4.2	5.6	6.8248978700919	-999.9	3.8	5.15873015873017	5.768008236939	330
NORTH_CAPE	2006	2	4	35	-2.2	2.9	4.99446655182916	-999.9	0	6.06060606060606	6.13436847218657	330
NORTH_CAPE	2006	2	5	36	-0.6	6.3	5.89359394945961	-999.9	20.1	7.260101010101	7.45130387775484	330
NORTH_CAPE	2006	2	6	37	-0.2	5.1	5.24048980791122	-999.9	0.6	5.26388888888889	6.92732070497617	330
NORTH_CAPE	2006	2	7	38	-5.1	-2.5	3.7241017359648	-999.9	0	8.75661375661375	3.83744029277739	330
NORTH_CAPE	2006	2	8	39	-7.5	-2.7	5.13422793247102	-999.9	0	8.45410628019325	3.35034746950879	330
NORTH_CAPE	2006	2	9	40	-8.5	-5.9	3.8342094414043	-999.9	0	6.71497584541064	2.74283043123975	330
NORTH_CAPE	2006	2	10	41	-9.5	-8.6	2.28905561867969	-999.9	0	6.54589371980675	2.57421974191588	330
NORTH_CAPE	2006	2	11	42	-11.9	-8.5	4.5146930173364	-999.9	0	7.2705314009662	2.38273914174025	330
NORTH_CAPE	2006	2	12	43	-13.8	-3.8	7.85681889624566	-999.9	4.3	7.03282828282828	2.78249928066261	330
NORTH_CAPE	2006	2	13	44	-6.7	-3.8	4.29343293825808	-999.9	0	13.5763888888889	3.61787916551581	330
NORTH_CAPE	2006	2	14	45	-9.5	-0.9	7.5025966171199	-999.9	0.7	5.80917874396136	3.47197449861541	330
NORTH_CAPE	2006	2	15	46	-7	3.7	8.49191383132719	-999.9	0	4.03439153439153	4.5087928286078	330
NORTH_CAPE	2006	2	16	47	-4.3	-2.5	3.53421438479459	-999.9	0	5.28935185185186	3.98135738410854	330
NORTH_CAPE	2006	2	17	48	-5	11.5	10.8575113526441	-999.9	7.6	8.99305555555556	7.32140030662229	330
NORTH_CAPE	2006	2	18	49	-12	-9.7	4.11310566980726	-999.9	2.5	18.7152777777778	1.96022809591487	330
NORTH_CAPE	2006	2	19	50	-17.4	-12.9	5.83731458877855	-999.9	0.8	13.1597222222222	1.36573952441799	330
NORTH_CAPE	2006	2	20	51	-15.1	-6.2	8.32881900392709	-999.9	0.6	5.91435185185186	2.20829514349342	330
NORTH_CAPE	2006	2	21	52	-11.1	-3.7	7.7048478758613	-999.9	1.6	3.28703703703703	3.15087276097482	330
NORTH_CAPE	2006	2	22	53	-5	-2.5	4.54311607255411	-999.9	0.7	1.73611111111111	4.56717217814156	330
NORTH_CAPE	2006	2	23	54	-13.1	-3.9	8.84070534956772	-999.9	0	2.09490740740741	3.19507634455588	330
NORTH_CAPE	2006	2	24	55	-7.9	-4.7	5.28869520162187	-999.9	0.7	3.27546296296297	3.82071780364653	330
NORTH_CAPE	2006	2	25	56	-9.1	-7.5	3.79300462618057	-999.9	0.6	7.02546296296297	2.94388975752872	330
NORTH_CAPE	2006	2	26	57	-14	-9.1	6.73191374299087	-999.9	0	10.4976851851852	1.91700211000546	330
NORTH_CAPE	2006	2	27	58	-16	-13.4	4.97289950386976	-999.9	0	8.10185185185186	1.51021902406889	330
NORTH_CAPE	2006	2	28	59	-16.1	-11	7.06243022481635	-999.9	0.6	5.81018518518519	1.67590044054761	330
NORTH_CAPE	2006	3	1	60	-15.4	-12.7	5.21025372558607	-999.9	0	3.84259259259258	1.50193702719166	330
NORTH_CAPE	2006	3	2	61	-18.3	-10.3	9.09264174264522	-999.9	0	3.36805555555556	1.59203669973831	330
NORTH_CAPE	2006	3	3	62	-16	-3.4	11.56796788771	-999.9	1.3	5.95410628019325	2.63754162392624	330
NORTH_CAPE	2006	3	4	63	-8.2	-0.4	9.22577694004978	-999.9	0.9	5.54398148148147	4.37833514973342	330
NORTH_CAPE	2006	3	5	64	-6.6	1.3	9.41041467300512	-999.9	0.7	7.15277777777778	4.50697977278168	330
NORTH_CAPE	2006	3	6	65	-2.9	0.1	5.87692018363848	-999.9	0	4.14351851851853	4.96132641060621	330
NORTH_CAPE	2006	3	7	66	-8.7	-0.1	10.0828999581717	-999.9	0	3.22463768115942	4.24921108778579	330
NORTH_CAPE	2006	3	8	67	-5.2	-2.3	5.93245185007267	-999.9	2.3	4.90740740740742	4.547852498877	330
NORTH_CAPE	2006	3	9	68	-4.2	0.1	7.31845214768422	-999.9	0.7	5.12731481481481	5.23589938575723	330
NORTH_CAPE	2006	3	10	69	-2.4	4.3	9.25383885912277	-999.9	10.4	6.48148148148147	6.54298402216042	330
NORTH_CAPE	2006	3	11	70	0	2.3	5.4915723333591	-999.9	0	8.68055555555556	5.96403510983526	330
NORTH_CAPE	2006	3	12	71	-1.2	7.6	10.8785293273386	-999.9	0	6.29629629629631	6.45596937834943	330
NORTH_CAPE	2006	3	13	72	1.2	5.3	7.51906370763043	-999.9	0	5.21990740740742	6.98772586786915	330
NORTH_CAPE	2006	3	14	73	-1	0.8	5.04425670543357	-999.9	10.9	5.57870370370369	5.84175166368981	330
NORTH_CAPE	2006	3	15	74	-1.2	0.9	5.51575552175473	-999.9	6.7	5.31400966183575	5.91481021236603	330
NORTH_CAPE	2006	3	16	75	-2.7	-1.5	4.22051113214727	-999.9	0	7.70833333333333	4.4750714599374	330
NORTH_CAPE	2006	3	17	76	-4.1	-2	5.65076328304942	-999.9	0	5.60185185185186	4.21399484065689	330
NORTH_CAPE	2006	3	18	77	-6.1	-3.4	6.48404103997353	-999.9	0	4.69907407407408	3.56581543250561	330
NORTH_CAPE	2006	3	19	78	-5	-1.2	7.78331992378139	-999.9	0	2.26851851851852	3.98802700137529	330
NORTH_CAPE	2006	3	20	79	-4.2	0.2	8.473267617452	-999.9	1	9.30555555555556	4.72291587866761	330
NORTH_CAPE	2006	3	21	80	-1.4	1.6	7.07747810455989	-999.9	0.6	5.012077294686	6.14731217600642	330
NORTH_CAPE	2006	3	22	81	-1.2	0.5	5.38861410293382	-999.9	1.5	5.625	5.86460914235144	330
NORTH_CAPE	2006	3	23	82	-0.7	-0.1	3.23745671710156	-999.9	0	9.93055555555556	5.96148324508405	330
NORTH_CAPE	2006	3	24	83	-1	2.7	8.12915849916207	-999.9	0	3.75	6.42503256568057	330
NORTH_CAPE	2006	3	25	84	-1	2.9	8.43788822890464	-999.9	0	2.77777777777778	6.18009583269605	330
NORTH_CAPE	2006	3	26	85	-1.3	0.9	6.40633462915675	-999.9	0	4.61805555555556	5.95820477372843	330
NORTH_CAPE	2006	3	27	86	-2.7	2.3	9.76157595590082	-999.9	0.6	5.27777777777778	5.54234022733876	330
NORTH_CAPE	2006	3	28	87	-1	3.6	9.46215689528297	-999.9	0	5.54398148148147	5.61828236652961	330
NORTH_CAPE	2006	3	29	88	-1.9	10.5	15.6977652289413	-999.9	0	4.04589371980675	6.23225199688427	330
NORTH_CAPE	2006	3	30	89	0.8	6.6	10.8466609310696	-999.9	0	5.33564814814814	6.66464769631	330
NORTH_CAPE	2006	3	31	90	-0.5	9.5	14.3872025352153	-999.9	0	4.09722222222222	6.21445480566702	330
NORTH_CAPE	2006	4	1	91	2.7	14.7	15.9184359665268	-999.9	7.2	3.90046296296297	9.13555793981484	330
NORTH_CAPE	2006	4	2	92	1.2	4.9	8.92653914573966	-999.9	1.4	9.27083333333333	7.33350920533614	330
NORTH_CAPE	2006	4	3	93	0.8	4.1	8.51237473532456	-999.9	0	7.58101851851853	6.04824395238287	330
NORTH_CAPE	2006	4	4	94	-0.1	1.6	6.1683464742168	-999.9	2.3	8.19444444444445	6.08619725372011	330
NORTH_CAPE	2006	4	5	95	-0.2	9	14.4853096715384	-999.9	0	6.80555555555556	7.77455051118003	330
NORTH_CAPE	2006	4	6	96	0	1.4	5.70330412341713	-999.9	2.7	7.10144927536231	6.35285657374739	330
NORTH_CAPE	2006	4	7	97	0.1	8.6	14.1820739071439	-999.9	8.5	7.63285024154589	7.76160067476011	330
NORTH_CAPE	2006	4	8	98	1.7	4.4	8.0652741347954	-999.9	0	7.73148148148147	7.13547890449518	330
NORTH_CAPE	2006	4	9	99	0.6	5.1	10.50484799188	-999.9	0.2	5.74074074074075	6.16905437458656	330
NORTH_CAPE	2006	4	10	100	-1.6	5.6	13.4040312734504	-999.9	0	3.04398148148147	6.29126271976284	330
NORTH_CAPE	2006	4	11	101	0.6	11.5	16.634418854322	-999.9	0	5.07575757575758	7.24654828694959	330
NORTH_CAPE	2006	4	12	102	1.1	9.5	14.7264782075605	-999.9	0.3	5.43981481481481	7.14526440304561	330
NORTH_CAPE	2006	4	13	103	4.6	17.3	18.2585303216859	-999.9	0	6.86342592592592	9.02263047036261	330
NORTH_CAPE	2006	4	14	104	4.8	10	11.7790516584533	-999.9	0	4.23611111111111	9.77968821013582	330
NORTH_CAPE	2006	4	15	105	1.3	6	11.2886617577893	-999.9	32	5.50925925925925	7.8942751962792	330
NORTH_CAPE	2006	4	16	106	2.2	3	4.69422361116884	-999.9	22.7	10.6944444444444	7.39848564854309	330
NORTH_CAPE	2006	4	17	107	1.5	4.2	8.69093467719172	-999.9	18.1	13.8285024154589	7.48550815117288	330
NORTH_CAPE	2006	4	18	108	1.2	2.7	6.52734916338344	-999.9	0	13.5069444444444	6.99127645900406	330
NORTH_CAPE	2006	4	19	109	1.6	3	6.35335107908632	-999.9	13	13.1763285024154	6.62656773424727	330
NORTH_CAPE	2006	4	20	110	0.4	2	6.84207278018052	-999.9	0	10.5917874396135	6.43171697298391	330
NORTH_CAPE	2006	4	21	111	0	2.5	8.61445964751199	-999.9	0	9.72222222222222	5.89357820248957	330
NORTH_CAPE	2006	4	22	112	0.3	5.3	12.2691675684847	-999.9	0	3.46064814814814	6.82896876621077	330
NORTH_CAPE	2006	4	23	113	1.8	9.5	15.3316708727677	-999.9	0.2	3.00925925925925	7.95586599866481	330
NORTH_CAPE	2006	4	24	114	1.8	8.6	14.5062392229304	-999.9	12.6	4.44444444444444	7.98406835128141	330
NORTH_CAPE	2006	4	25	115	3.5	12.7	16.9860746944218	-999.9	2.7	6.30787037037036	10.5741948862022	330
NORTH_CAPE	2006	4	26	116	0.7	8.7	15.9435707045051	-999.9	0.2	9.97584541062803	5.83373911850413	330
NORTH_CAPE	2006	4	27	117	3.3	7.3	11.346321573906	-999.9	0	5.10416666666667	7.33535750922992	330
NORTH_CAPE	2006	4	28	118	-4.4	5.1	17.5960289434694	-999.9	0	3.63526570048308	4.63332450146426	330
NORTH_CAPE	2006	4	29	119	-1	6.6	15.8354708867687	-999.9	0	1.88657407407407	6.16921033687447	330
NORTH_CAPE	2006	4	30	120	0	14.1	21.6994578017051	-999.9	0	3.55324074074075	8.44971725290118	330
NORTH_CAPE	2006	5	1	121	4	7.4	10.7185987865152	-999.9	0	3.72685185185186	8.12448743601609	330
NORTH_CAPE	2006	5	2	122	4.3	7.9	11.0931120244518	-999.9	0	3.00724637681158	8.53895965299589	330
NORTH_CAPE	2006	5	3	123	5.1	9.6	12.4725895209932	-999.9	0	2.78935185185186	8.95250753333138	330
NORTH_CAPE	2006	5	4	124	5.3	10.6	13.6107304909341	-999.9	0	2.05314009661836	9.77540370463162	330
NORTH_CAPE	2006	5	5	125	6.6	17.6	19.714153782259	-999.9	0	2.65046296296296	13.5840561078924	330
NORTH_CAPE	2006	5	6	126	6.4	19.6	21.7096338151588	-999.9	0	3.33333333333333	14.730236524574	330
NORTH_CAPE	2006	5	7	127	7.4	12.3	13.2951428875217	-999.9	0	5.20531400966183	10.6547334952367	330
NORTH_CAPE	2006	5	8	128	3.6	12	17.4948414913593	-999.9	0	4.64285714285714	7.46036985955607	330
NORTH_CAPE	2006	5	9	129	4.7	10.3	14.3544317150017	-999.9	2.6	5.33564814814814	8.56712598618292	330
NORTH_CAPE	2006	5	10	130	6.4	8.9	9.63673889340117	-999.9	0.6	7.5	10.5362366235531	330
NORTH_CAPE	2006	5	11	131	7.3	10.3	10.6056072404012	-999.9	0	7.53623188405797	9.89888036617864	330
NORTH_CAPE	2006	5	12	132	6.5	10	11.5072284073764	-999.9	0	4.17874396135267	9.99512766218249	330
NORTH_CAPE	2006	5	13	133	6.1	10.4	12.8109092461382	-999.9	0	4.25925925925925	10.5310717210621	330
NORTH_CAPE	2006	5	14	134	4.4	10.6	15.448917049921	-999.9	0	2.80092592592592	10.3239290365141	330
NORTH_CAPE	2006	5	15	135	5.2	22.6	25.9884858616098	-999.9	0	4.64646464646464	11.4476460644862	330
NORTH_CAPE	2006	5	16	136	11.1	17.3	15.575940130101	-999.9	9.8	5.07246376811595	12.8784696437325	330
NORTH_CAPE	2006	5	17	137	9.8	14	12.870140184729	-999.9	0.5	4.60648148148147	13.8141418818198	330
NORTH_CAPE	2006	5	18	138	6.4	12.8	15.9476677805919	-999.9	1.1	2.85879629629631	11.9376928382573	330
NORTH_CAPE	2006	5	19	139	9.7	14.7	14.1478132857954	-999.9	12.6	5.16908212560386	14.1553515453614	330
NORTH_CAPE	2006	5	20	140	3	19.7	25.9482722631299	-999.9	0.6	7.98309178743961	11.4871333148896	330
NORTH_CAPE	2006	5	21	141	9.4	13.2	12.4204368003707	-999.9	2.5	2.52314814814815	12.7277352801668	330
NORTH_CAPE	2006	5	22	142	9.6	12.4	10.6971505280746	-999.9	1.6	4.09722222222222	13.157773954345	330
NORTH_CAPE	2006	5	23	143	7.1	11.4	13.2989295738831	-999.9	0.4	3.84057971014492	10.8953794567652	330
NORTH_CAPE	2006	5	24	144	7.3	10.7	11.8621882084061	-999.9	0	3.92512077294686	10.6339445445947	330
NORTH_CAPE	2006	5	25	145	7.1	18.1	21.4000253747972	-999.9	0.6	4.22453703703703	12.6280905657623	330
NORTH_CAPE	2006	5	26	146	11	16.3	14.8969836892341	-999.9	7	5.16908212560386	14.067371810095	330
NORTH_CAPE	2006	5	27	147	10.1	14.9	14.215872405325	-999.9	1	4.67592592592592	14.3281566340782	330
NORTH_CAPE	2006	5	28	148	7.6	20	22.9090149158119	-999.9	0.3	3.30808080808081	14.2168212440206	330
NORTH_CAPE	2006	5	29	149	11.3	13.4	9.4514453187923	-999.9	0.6	2.16931216931217	13.2809340475522	330
NORTH_CAPE	2006	5	30	150	7.9	15.1	17.5427755654027	-999.9	0.3	3.71527777777778	9.67310195322376	330
NORTH_CAPE	2006	5	31	151	8.5	19	21.2334614797364	-999.9	0.3	6.71717171717172	12.1122257453792	330
NORTH_CAPE	2006	6	1	152	12.9	18.9	16.0859458965117	-999.9	0	6.42676767676767	17.350192763909	330
NORTH_CAPE	2006	6	2	153	12.2	16.5	13.645859589633	-999.9	0	2.97979797979797	14.1574590724328	330
NORTH_CAPE	2006	6	3	154	11.8	13.6	8.84605417781335	-999.9	0.6	3.56280193236714	13.7254191559557	330
NORTH_CAPE	2006	6	4	155	11.1	12.4	7.53152256262696	-999.9	59.7	6.40046296296297	13.8159123493642	330
NORTH_CAPE	2006	6	5	156	9.5	11.7	9.81457289882747	-999.9	0.7	6.42361111111111	12.8174586338812	330
NORTH_CAPE	2006	6	6	157	8.7	21.5	23.7118426758849	-999.9	0	4.375	15.3864621927226	330
NORTH_CAPE	2006	6	7	158	13	17.4	13.9231756840374	-999.9	0	5.28935185185186	16.3600968019063	330
NORTH_CAPE	2006	6	8	159	10.1	12.1	9.40004830345201	-999.9	8.9	11.5393518518519	13.2509901479946	330
NORTH_CAPE	2006	6	9	160	10.8	17.2	16.8368079135241	-999.9	0	6.42361111111111	15.5278891987437	330
NORTH_CAPE	2006	6	10	161	11.6	14.4	11.1494926565592	-999.9	19.3	7.91666666666667	15.0372469838272	330
NORTH_CAPE	2006	6	11	162	11.3	15.2	13.1724458684594	-999.9	0.8	5.47453703703703	15.3092978168769	330
NORTH_CAPE	2006	6	12	163	10.7	17.7	17.6641581038008	-999.9	0	3.85416666666667	16.0760696815241	330
NORTH_CAPE	2006	6	13	164	13.1	15.6	10.5651475905008	-999.9	0.6	4.47916666666667	16.1894899290745	330
NORTH_CAPE	2006	6	14	165	11.7	18.6	17.5648175415708	-999.9	0.3	3.1280193236715	16.7094674357156	330
NORTH_CAPE	2006	6	15	166	13	15.8	11.1960180604129	-999.9	0	4.91898148148147	16.3130214334083	330
NORTH_CAPE	2006	6	16	167	12.2	20.8	19.6313997895004	-999.9	0.8	4.90740740740742	15.8231599106876	330
NORTH_CAPE	2006	6	17	168	17.2	25	18.7033259050535	-999.9	0	7.03703703703703	17.5875205512358	330
NORTH_CAPE	2006	6	18	169	15.9	26.7	22.0143052321826	-999.9	1.3	7.95138888888889	18.472348691071	330
NORTH_CAPE	2006	6	19	170	17.2	26.1	19.9876517636866	-999.9	0.7	8.31018518518519	21.5585470629329	330
NORTH_CAPE	2006	6	20	171	17.2	27.8	21.8145116210505	-999.9	0	6.5625	24.767924424117	330
NORTH_CAPE	2006	6	21	172	16.3	20.8	14.2127055173692	-999.9	0	5.47453703703703	20.6029712678711	330
NORTH_CAPE	2006	6	22	173	15	26.7	22.9136109994418	-999.9	0	5.77020202020203	19.5160715211652	330
NORTH_CAPE	2006	6	23	174	17.5	22.8	15.4177437018938	-999.9	4.8	5.25462962962964	22.0265284140263	330
NORTH_CAPE	2006	6	24	175	14.2	17.8	12.7018975403752	-999.9	0.2	3.15217391304347	16.5169216776973	330
NORTH_CAPE	2006	6	25	176	14.2	23.4	20.2954144738918	-999.9	0.3	4.15458937198067	21.1346983937481	330
NORTH_CAPE	2006	6	26	177	17.3	22.4	15.1017731644523	-999.9	8.6	4.43287037037036	22.1753933260445	330
NORTH_CAPE	2006	6	27	178	17.8	26.4	19.5967072075911	-999.9	1.8	5.71759259259258	24.795667506663	330
NORTH_CAPE	2006	6	28	179	19.8	27	17.9160934452161	-999.9	1.4	8.98550724637681	25.3066892171273	330
NORTH_CAPE	2006	6	29	180	18.7	24.9	16.6099475137473	-999.9	8	6.05072463768117	25.1080600629128	330
NORTH_CAPE	2006	6	30	181	19	25	16.3228321923877	-999.9	7.9	5.45138888888889	25.8174953994727	330
NORTH_CAPE	2006	7	1	182	16.6	22.8	16.573541293823	-999.9	1.9	8.37962962962964	20.4905331511226	330
NORTH_CAPE	2006	7	2	183	14	19.8	16.0097709318275	-999.9	22.2	7.51262626262625	17.1874866121455	330
NORTH_CAPE	2006	7	3	184	14.1	20.7	17.0548056704488	-999.9	0	6.25	18.4650808323732	330
NORTH_CAPE	2006	7	4	185	16.5	21.7	15.1158355237464	-999.9	2.1	3.76157407407408	19.8229986145201	330
NORTH_CAPE	2006	7	5	186	16.5	22.6	16.3456812569629	-999.9	0.7	3.91203703703703	22.0050025024348	330
NORTH_CAPE	2006	7	6	187	17.5	22.7	15.0660461352448	-999.9	0	4.95370370370369	22.0974053470181	330
NORTH_CAPE	2006	7	7	188	17.1	22.2	14.8934068299136	-999.9	0	5.64814814814814	20.5577467087879	330
NORTH_CAPE	2006	7	8	189	15.3	27.2	22.706257296986	-999.9	0	3.63526570048308	20.9896088097898	330
NORTH_CAPE	2006	7	9	190	19.4	28.7	20.0321863633578	-999.9	0	8.1400966183575	23.3416715328289	330
NORTH_CAPE	2006	7	10	191	19.1	21.3	9.72220196164442	-999.9	2.4	5.46296296296297	22.175088632646	330
NORTH_CAPE	2006	7	11	192	16.9	28.3	22.0812511748056	-999.9	1.6	3.68357487922706	25.2240588940582	330
NORTH_CAPE	2006	7	12	193	18.2	20.8	10.5202806139703	-999.9	0	6.29629629629631	21.7548815900802	330
NORTH_CAPE	2006	7	13	194	17.4	19.6	9.65323183467821	-999.9	0	6.25	20.7683657029047	330
NORTH_CAPE	2006	7	14	195	13.8	24.8	21.5292910983908	-999.9	0	3.35648148148147	21.3079088017178	330
NORTH_CAPE	2006	7	15	196	17.3	22.4	14.6198057806495	-999.9	0	4.15458937198067	20.1164881759165	330
NORTH_CAPE	2006	7	16	197	17.8	27.8	20.4141200320657	-999.9	0	4.58937198067633	24.3751833897338	330
NORTH_CAPE	2006	7	17	198	17.3	29.4	22.3897063185661	-999.9	0	4.35185185185186	25.5424398094465	330
NORTH_CAPE	2006	7	18	199	20.2	30.9	20.9905306988878	-999.9	4.8	5.48611111111111	29.4084451941595	330
NORTH_CAPE	2006	7	19	200	19.3	21.8	10.1141173303513	-999.9	0	3.51851851851853	20.7905447061883	330
NORTH_CAPE	2006	7	20	201	21.4	29.1	17.6921369124389	-999.9	39.7	3.66666666666667	20.2830932355257	330
NORTH_CAPE	2006	7	21	202	17.8	21.9	12.8663140356595	-999.9	7	4.10879629629631	21.8156872528031	330
NORTH_CAPE	2006	7	22	203	19.1	22.1	10.9673151917436	-999.9	5	3.99305555555556	24.1101287486314	330
NORTH_CAPE	2006	7	23	204	16.8	20.8	12.6181939509492	-999.9	0	8.07870370370369	21.7611134234597	330
NORTH_CAPE	2006	7	24	205	15.5	19.8	13.0340323359835	-999.9	0	4.94212962962964	19.8432367501573	330
NORTH_CAPE	2006	7	25	206	15	24.6	19.4002456587472	-999.9	4.8	5.25462962962964	20.811298771942	330
NORTH_CAPE	2006	7	26	207	17.5	23.5	15.2764972426659	-999.9	0.8	5.26570048309178	23.6351087259392	330
NORTH_CAPE	2006	7	27	208	17.9	25.4	17.0100133482818	-999.9	0	3.50694444444444	23.7198321337256	330
NORTH_CAPE	2006	7	28	209	18.6	26.2	17.0512334637033	-999.9	2.4	5.10101010101011	25.5081125101418	330
NORTH_CAPE	2006	7	29	210	18.9	25	15.2103015484891	-999.9	0	5.60386473429953	25.4971933999934	330
NORTH_CAPE	2006	7	30	211	18.5	22.2	11.7935997645796	-999.9	0	8.58796296296297	19.2822189959838	330
NORTH_CAPE	2006	7	31	212	18.4	21	9.84131916904879	-999.9	10	6.08796296296297	19.5495433438076	330
NORTH_CAPE	2006	8	1	213	14.7	23.2	17.7110990575818	-999.9	0.9	3.58695652173914	19.6319283864205	330
NORTH_CAPE	2006	8	2	214	18.9	25.1	15.0539117261159	-999.9	0.6	6.72453703703703	23.5498919046604	330
NORTH_CAPE	2006	8	3	215	17.2	21.1	11.8809490403924	-999.9	0	5.43981481481481	19.4159935099756	330
NORTH_CAPE	2006	8	4	216	17.1	22.4	13.7806493003575	-999.9	2.6	5.55555555555556	21.0721646339859	330
NORTH_CAPE	2006	8	5	217	17.2	20.7	11.1410482653199	-999.9	10.8	9.20138888888889	18.3851809055266	330
NORTH_CAPE	2006	8	6	218	17.3	23.9	15.2184850153887	-999.9	0	7.21064814814814	17.8364194574086	330
NORTH_CAPE	2006	8	7	219	15.8	25.3	18.159988312855	-999.9	1.5	8.61111111111111	18.6485501099941	330
NORTH_CAPE	2006	8	8	220	17	19.7	9.62801139994314	-999.9	0	6.58564814814814	19.3901991790756	330
NORTH_CAPE	2006	8	9	221	17.4	21	11.0548615983426	-999.9	10.6	4.0625	18.3832143403703	330
NORTH_CAPE	2006	8	10	222	16	22.5	14.7690386163928	-999.9	29.3	6.53935185185186	20.1465106956022	330
NORTH_CAPE	2006	8	11	223	15.8	18.4	9.28584862099696	-999.9	0.8	4.25925925925925	15.181225728403	330
NORTH_CAPE	2006	8	12	224	15.6	18.5	9.74807668585004	-999.9	14.3	4.84953703703703	16.2661816778267	330
NORTH_CAPE	2006	8	13	225	12.5	18	13.3423298977332	-999.9	0	8.20601851851853	13.8764531024351	330
NORTH_CAPE	2006	8	14	226	16.3	21.4	12.7676489487371	-999.9	0	9.27083333333333	16.873044080837	330
NORTH_CAPE	2006	8	15	227	17.1	21.9	12.3074150345624	-999.9	1.2	6.00694444444445	20.4746248269325	330
NORTH_CAPE	2006	8	16	228	16	23.4	15.1819334104527	-999.9	0.7	5.27777777777778	21.018639675636	330
NORTH_CAPE	2006	8	17	229	17.1	21.7	11.8904828640099	-999.9	0	4.05092592592592	20.1214972372088	330
NORTH_CAPE	2006	8	18	230	14.4	24.7	17.6722825838542	-999.9	0	3.86574074074075	19.0277428403535	330
NORTH_CAPE	2006	8	19	231	17.7	24.3	14.0489322829881	-999.9	0	6.01851851851853	22.7965927503042	330
NORTH_CAPE	2006	8	20	232	17.6	18.9	6.19133002521234	-999.9	4.3	5.22946859903381	20.9330447609464	330
NORTH_CAPE	2006	8	21	233	17.6	18.4	4.82215944997665	-999.9	0	8.34490740740742	20.7224297284366	330
NORTH_CAPE	2006	8	22	234	16	22.4	13.5398541183687	-999.9	0	5.77020202020203	20.7947844945644	330
NORTH_CAPE	2006	8	23	235	15.3	19.8	11.2693943759479	-999.9	0	7.84722222222222	15.281408834268	330
NORTH_CAPE	2006	8	24	236	13.9	19.5	12.4767458041141	-999.9	0	8.4375	14.0850836224494	330
NORTH_CAPE	2006	8	25	237	13.4	17.9	11.0986208197311	-999.9	0	5.86805555555556	13.677393912762	330
NORTH_CAPE	2006	8	26	238	11.6	16.2	11.1336959016943	-999.9	0	6.01851851851853	13.155159145492	330
NORTH_CAPE	2006	8	27	239	13.2	17.7	10.9246218347331	-999.9	0	3.32125603864733	13.4830409170125	330
NORTH_CAPE	2006	8	28	240	12.9	17.8	11.3078425099592	-999.9	0.6	2.91062801932367	15.0618697547078	330
NORTH_CAPE	2006	8	29	241	14.9	20.1	11.5533144356517	-999.9	0.9	3.56481481481481	17.896024320613	330
NORTH_CAPE	2006	8	30	242	16	20.3	10.4184674742084	-999.9	4.9	4.38657407407408	18.4838745227792	330
NORTH_CAPE	2006	8	31	243	13.5	16.7	8.91149589162807	-999.9	1.1	8.51851851851853	15.3721024519921	330
NORTH_CAPE	2006	9	1	244	14.8	16.5	6.43942755594146	-999.9	0	7.69675925925925	15.7816083608793	330
NORTH_CAPE	2006	9	2	245	14.1	18.6	10.3852575340869	-999.9	0.2	4.08564814814814	15.5354859130146	330
NORTH_CAPE	2006	9	3	246	12.9	21	13.8096492729704	-999.9	4.4	5.78703703703703	16.9497313256017	330
NORTH_CAPE	2006	9	4	247	13.7	17.5	9.37350188411354	-999.9	10	4.73379629629631	17.2378032858288	330
NORTH_CAPE	2006	9	5	248	15	21.2	11.8636020392953	-999.9	0	5.78502415458936	19.8104635559962	330
NORTH_CAPE	2006	9	6	249	17.4	19.1	6.15455258977591	-999.9	0	6.38888888888889	19.8513664694976	330
NORTH_CAPE	2006	9	7	250	15.63	20.6	13.989667899472	-999.9	0	3.22	14.6620731726379	330
NORTH_CAPE	2006	9	8	251	17.8	22.6	10.1465174272878	-999.9	0	3.76262626262625	19.3248502451936	330
NORTH_CAPE	2006	9	9	252	15.1	19.9	10.0482405352042	-999.9	10.8	8.09027777777778	19.5274991885511	330
NORTH_CAPE	2006	9	10	253	12	15.2	8.12377667648541	-999.9	0	8.86111111111111	14.2458815540592	330
NORTH_CAPE	2006	9	11	254	12.5	15.9	8.29042184405312	-999.9	0	5.15	9.74147005598077	330
NORTH_CAPE	2006	9	12	255	8.9	16	11.8593582968379	-999.9	0	4.35	11.7465482862284	330
NORTH_CAPE	2006	9	13	256	13.7	18.4	9.55028950029634	-999.9	0	5.87	14.2953658793783	330
NORTH_CAPE	2006	9	14	257	13.7	18.1	9.14471969261151	-999.9	0	6.99	16.2434936455565	330
NORTH_CAPE	2006	9	15	258	15.2	21.3	10.6543370370317	-999.9	0	4.85	17.1002104500679	330
NORTH_CAPE	2006	9	16	259	16.1	19.2	7.51451556408986	-999.9	0	4.65	16.0344343714267	330
NORTH_CAPE	2006	9	17	260	12	20.6	12.381389102116	-999.9	0	4.4	16.6250229386255	330
NORTH_CAPE	2006	9	18	261	13.9	16.5	6.73361744111501	-999.9	0	6.83	15.4396424066346	330
NORTH_CAPE	2006	9	19	262	14.5	23.3	11.8716139188995	-999.9	2	5.92	17.9147132586004	330
NORTH_CAPE	2006	9	20	263	13.3	20.3	10.8048808176019	-999.9	24	4.20634920634919	18.2350591725501	330
NORTH_CAPE	2006	9	21	264	11	15	8.07549558132521	-999.9	0	9.27083333333333	11.4596353055916	330
NORTH_CAPE	2006	9	22	265	9.8	14.6	8.74522427016495	-999.9	0.6	10.7175925925926	9.10199211085611	330
NORTH_CAPE	2006	9	23	266	11.5	14.8	7.16740239985669	-999.9	0.6	5.43650793650795	10.3598562262626	330
NORTH_CAPE	2006	9	24	267	12.1	18.8	10.0934703293506	-999.9	0.8	6.08974358974358	15.5585375233941	330
NORTH_CAPE	2006	9	25	268	10.8	13.7	6.56212828109687	-999.9	0	10.2910052910053	9.6228713408058	330
NORTH_CAPE	2006	9	26	269	7.6	14.7	10.1452410641117	-999.9	1.3	4.74537037037036	9.84999391957755	330
NORTH_CAPE	2006	9	27	270	11.6	14.1	5.9475233420859	-999.9	0	4.57264957264958	11.4801844342698	330
NORTH_CAPE	2006	9	28	271	7.6	17.1	11.452677597425	-999.9	4.4	4.31712962962964	11.3127797935978	330
NORTH_CAPE	2006	9	29	272	14	17.4	6.76722480341553	-999.9	15.5	7.99768518518519	16.3561633697624	330
NORTH_CAPE	2006	9	30	273	11.2	13.8	5.84428410537818	-999.9	0	8.93518518518519	10.3140899003669	330
NORTH_CAPE	2006	10	1	274	7	14.9	10.0595856409879	-999.9	9.4	5.47101449275361	8.66424659314929	330
NORTH_CAPE	2006	10	2	275	10.7	11.7	3.53376541886802	-999.9	27.5	14.7222222222222	11.9758118163451	330
NORTH_CAPE	2006	10	3	276	10.1	15.2	7.87851146993346	-999.9	0	8.39646464646464	11.8091872258983	330
NORTH_CAPE	2006	10	4	277	11.9	14.6	5.65865894811735	-999.9	36.2	5.9375	12.6256980326163	330
NORTH_CAPE	2006	10	5	278	8.5	11.6	5.98462961576882	-999.9	0.7	11.2268518518519	9.26244153271599	330
NORTH_CAPE	2006	10	6	279	9.3	11.5	4.97560529571465	-999.9	0	4.93055555555556	7.36587999550355	330
NORTH_CAPE	2006	10	7	280	4.6	14.3	10.3098688675058	-999.9	0	7.19907407407408	8.05748433250339	330
NORTH_CAPE	2006	10	8	281	11.5	15	6.11068346916827	-999.9	0	6.57407407407408	10.5427134381665	330
NORTH_CAPE	2006	10	9	282	12.2	17.2	7.20586936989895	-999.9	0	9.0625	11.3284410035522	330
NORTH_CAPE	2006	10	10	283	10	11.4	3.76157342796882	-999.9	0	6.67824074074075	7.7838787373867	330
NORTH_CAPE	2006	10	11	284	8	10.4	4.85819893560281	-999.9	1.3	5.55555555555556	6.7958894066908	330
NORTH_CAPE	2006	10	12	285	11.7	15	5.61891356678853	-999.9	14.6	11.8939393939394	13.9371743084467	330
NORTH_CAPE	2006	10	13	286	11.8	18.1	7.65692797351375	-999.9	0	4.23611111111111	15.5731083267493	330
NORTH_CAPE	2006	10	14	287	9.9	12.3	4.66062039143927	-999.9	28.9	3.69212962962964	11.7915569402054	330
NORTH_CAPE	2006	10	15	288	8.3	11.6	5.38909235224088	-999.9	0	9.14351851851853	9.06193068161582	330
NORTH_CAPE	2006	10	16	289	4.6	9.9	6.73419600806989	-999.9	0	4.16666666666667	6.64934513971681	330
NORTH_CAPE	2006	10	17	290	3.2	10.8	7.95086491657963	-999.9	0	4.87268518518519	6.6230299280534	330
NORTH_CAPE	2006	10	18	291	8.6	10.2	3.59666512628311	-999.9	12.1	7.08333333333333	10.041332304862	330
NORTH_CAPE	2006	10	19	292	8.8	10.9	4.06215915993319	-999.9	2.9	6.04166666666667	11.1088864076295	330
NORTH_CAPE	2006	10	20	293	9.3	12	4.54060321283891	-999.9	50.8	5.90277777777778	12.1172275503855	330
NORTH_CAPE	2006	10	21	294	9.1	11.5	4.21989011015432	-999.9	5.1	9.31712962962964	11.6094636110424	330
NORTH_CAPE	2006	10	22	295	7.2	9.1	3.70099163605827	-999.9	3.7	10.7986111111111	9.70453129917836	330
NORTH_CAPE	2006	10	23	296	7.9	9.8	3.64794584004301	-999.9	5.8	4.0625	10.5814435907389	330
NORTH_CAPE	2006	10	24	297	7.5	8.9	3.08640590538274	-999.9	4.6	4.87268518518519	9.59078855071166	330
NORTH_CAPE	2006	10	25	298	6.2	7.9	3.3521300781226	-999.9	4.7	11.0763888888889	8.77892701600123	330
NORTH_CAPE	2006	10	26	299	5.2	7.1	3.49279742207801	-999.9	0.7	11.412037037037	6.90294600817991	330
NORTH_CAPE	2006	10	27	300	5.7	6.6	2.36926615685074	-999.9	0	8.21759259259258	6.61333965266431	330
NORTH_CAPE	2006	10	28	301	2.1	12.6	7.97594489260585	-999.9	19.1	7.25694444444445	7.638496562366	330
NORTH_CAPE	2006	10	29	302	6.8	11.5	5.25936642440593	-999.9	8.4	13.2291666666667	9.07449444409571	330
NORTH_CAPE	2006	10	30	303	5.3	7.6	3.6261924338097	-999.9	2	17.5347222222222	6.50049236772516	330
NORTH_CAPE	2006	10	31	304	5.3	8.1	3.94345805204328	-999.9	0.6	11.3657407407407	6.84518835081237	330
NORTH_CAPE	2006	11	1	305	5.9	9.7	4.52807570824316	-999.9	0	3.72685185185186	8.71335779442513	330
NORTH_CAPE	2006	11	2	306	3.5	8.3	5.0162851193049	-999.9	2.6	4.45601851851853	7.77154633505529	330
NORTH_CAPE	2006	11	3	307	3.7	4.9	2.47236014882078	-999.9	0	9.15509259259258	5.03654943864212	330
NORTH_CAPE	2006	11	4	308	2.4	4.3	3.06676928667701	-999.9	0	7.84722222222222	4.99493711862072	330
NORTH_CAPE	2006	11	5	309	2	3.2	2.40273446590071	-999.9	0	7.28009259259258	4.69803838682486	330
NORTH_CAPE	2006	11	6	310	1.5	3.7	3.20751792932249	-999.9	0	4.36342592592592	4.78743675507809	330
NORTH_CAPE	2006	11	7	311	-1.6	8.8	6.87627063541463	-999.9	0	5.52083333333333	6.64760968740681	330
NORTH_CAPE	2006	11	8	312	4.6	9.2	4.50955811841639	-999.9	21.8	7.06018518518519	9.00482500513811	330
NORTH_CAPE	2006	11	9	313	7.3	13.7	5.24576079164375	-999.9	27.5	8.14814814814814	12.3763798413681	330
NORTH_CAPE	2006	11	10	314	7.4	9.8	3.1683757505333	-999.9	0.6	9.75694444444444	9.40115392153076	330
NORTH_CAPE	2006	11	11	315	5.1	8.2	3.55204292177925	-999.9	0.6	7.44212962962964	7.25171123427393	330
NORTH_CAPE	2006	11	12	316	5.3	6.4	2.08746122233668	-999.9	13.1	7.98611111111111	8.52927210272318	330
NORTH_CAPE	2006	11	13	317	5	8.3	3.56752435493144	-999.9	0	9.21296296296297	9.17756206602618	330
NORTH_CAPE	2006	11	14	318	7.6	14.7	5.16410531151273	-999.9	0	9.62962962962964	12.276320105417	330
NORTH_CAPE	2006	11	15	319	8.7	14.8	4.72454220798888	-999.9	0	4.96527777777778	12.987884073606	330
NORTH_CAPE	2006	11	16	320	9.3	16.3	4.99632509429968	-999.9	0	4.54861111111111	13.518291176894	330
NORTH_CAPE	2006	11	17	321	10	18	5.27395624147979	-999.9	1.9	5.45138888888889	15.0129678084322	330
NORTH_CAPE	2006	11	18	322	7.9	9.3	2.17888104416228	-999.9	0	6.52777777777778	8.76537225403787	330
NORTH_CAPE	2006	11	19	323	4.9	6	1.90781863608213	-999.9	0	3.53009259259258	6.64056137242031	330
NORTH_CAPE	2006	11	20	324	4.3	5.6	2.04918948451585	-999.9	3.4	9.4212962962963	7.04498184569622	330
NORTH_CAPE	2006	11	21	325	1.1	3.2	2.57391062038437	-999.9	1.2	10.9259259259259	4.70690751914898	330
NORTH_CAPE	2006	11	22	326	1.5	4.6	3.09134119597025	-999.9	0	7.85879629629631	5.34043004848521	330
NORTH_CAPE	2006	11	23	327	0.2	6.6	4.39190068269302	-999.9	0	3.47222222222222	6.43371391111696	330
NORTH_CAPE	2006	11	24	328	1	6	3.839399820753	-999.9	0.6	8.70370370370369	6.16388160252938	330
NORTH_CAPE	2006	11	25	329	0.7	5.1	3.56324018056328	-999.9	0	5.91435185185186	5.40382710913249	330
NORTH_CAPE	2006	11	26	330	-0.3	6.8	4.47938253252345	-999.9	0	9.43287037037036	6.59897894893345	330
NORTH_CAPE	2006	11	27	331	3.3	5.4	2.41159177445776	-999.9	0	5.90909090909092	6.30823057193979	330
NORTH_CAPE	2006	11	28	332	0.4	1.2	1.47395544561108	-999.9	0	6.46135265700483	4.15658831374125	330
NORTH_CAPE	2006	11	29	333	-4.2	7.8	5.65483944411432	-999.9	4.1	3.93518518518519	5.64287668789086	330
NORTH_CAPE	2006	11	30	334	-0.2	12	5.65001876503964	-999.9	3.9	9.03935185185186	8.56035828806341	330
NORTH_CAPE	2006	12	1	335	1.5	4.5	2.7773192298156	-999.9	11.8	7.76620370370369	6.38420892852557	330
NORTH_CAPE	2006	12	2	336	0.1	3.4	2.88853055933428	-999.9	2.4	11.6087962962963	6.26598071844228	330
NORTH_CAPE	2006	12	3	337	-1.7	-0.7	1.57738992862686	-999.9	1.3	11.0763888888889	4.61066834948268	330
NORTH_CAPE	2006	12	4	338	-5.4	1.4	4.08207813498691	-999.9	20.3	5.54398148148147	4.7931973649573	330
NORTH_CAPE	2006	12	5	339	-4.9	-2.4	2.45729733943608	-999.9	1.4	11.7939814814815	3.54846862422472	330
NORTH_CAPE	2006	12	6	340	-6.5	3.2	4.80741529517589	-999.9	0.7	7.55787037037036	3.98810081190967	330
NORTH_CAPE	2006	12	7	341	-6.8	5.2	5.31294921454088	-999.9	4	5.15046296296297	5.47871976836368	330
NORTH_CAPE	2006	12	8	342	-0.8	2.9	2.93258195979753	-999.9	1.5	9.75694444444444	5.4051303520556	330
NORTH_CAPE	2006	12	9	343	-7.5	0.7	4.34159235579113	-999.9	0.6	8.99305555555556	3.73849458367792	330
NORTH_CAPE	2006	12	10	344	-6	3.3	4.60011127462735	-999.9	0	10.8912037037037	4.64273029861754	330
NORTH_CAPE	2006	12	11	345	0.4	2.4	2.1233503331054	-999.9	2.9	9.66435185185186	4.81845683466215	330
NORTH_CAPE	2006	12	12	346	-3	-1.3	1.9494353618106	-999.9	0	9.18981481481481	3.28424036301382	330
NORTH_CAPE	2006	12	13	347	-6.4	6.2	5.28747011517594	-999.9	4.8	6.875	4.7145296999009	330
NORTH_CAPE	2006	12	14	348	2.2	5.1	2.52838285076338	-999.9	0	6.11111111111111	7.75098527080854	330
NORTH_CAPE	2006	12	15	349	2	6.1	2.99793312827096	-999.9	0	4.05092592592592	7.83853629706992	330
NORTH_CAPE	2006	12	16	350	2.8	4.7	2.03610317087519	-999.9	0	7.71990740740742	7.37622274184983	330
NORTH_CAPE	2006	12	17	351	-0.2	4.1	3.05744373554278	-999.9	0.6	9.88425925925925	5.38449386766556	330
NORTH_CAPE	2006	12	18	352	1.3	3.8	2.32811820696783	-999.9	0.6	9.59490740740742	5.78314961527785	330
NORTH_CAPE	2006	12	19	353	-4.8	-3.4	1.74068520698533	-999.9	0	9.83796296296297	3.50400176115509	330
NORTH_CAPE	2006	12	20	354	-7.2	1.1	4.23669782739661	-999.9	0.6	6.41203703703703	3.69080804159949	330
NORTH_CAPE	2006	12	21	355	-9.4	3.2	5.22056204658982	-999.9	2.4	13.4143518518519	3.57680624880877	330
NORTH_CAPE	2006	12	22	356	-1.7	-0.6	1.5434166706143	-999.9	0.6	12.2685185185185	3.54468557559314	330
NORTH_CAPE	2006	12	23	357	-2.1	5.5	4.06124774928915	-999.9	26.9	7.97453703703703	5.82521959291745	330
NORTH_CAPE	2006	12	24	358	0.3	4	2.83811344980501	-999.9	0	11.8981481481481	6.3637629348647	330
NORTH_CAPE	2006	12	25	359	1.1	3.1	2.09088195315979	-999.9	0	11.875	5.08396066249125	330
NORTH_CAPE	2006	12	26	360	-0.8	0.5	1.68997393750755	-999.9	3.5	6.64351851851853	5.24745445808062	330
NORTH_CAPE	2006	12	27	361	-3.2	-1.8	1.75902826685112	-999.9	0	9.05092592592592	4.39557694876954	330
NORTH_CAPE	2006	12	28	362	-7.7	-5.7	2.10974079058074	-999.9	0	10.9259259259259	2.90222539446959	330
NORTH_CAPE	2006	12	29	363	-9.8	-5.6	3.06935253791638	-999.9	3	14.2361111111111	2.72551194338634	330
NORTH_CAPE	2006	12	30	364	-8.1	-2.5	3.55979107872282	-999.9	1.2	11.712962962963	3.26592525527965	330
NORTH_CAPE	2006	12	31	365	-4.7	-2.7	2.1377236311967	-999.9	0	11.1574074074074	3.42973215352932	330
