NORTH_CAPE	2002	1	1	1	-8	-4.6	2.80205640362952	-999.9	0	11.9212962962963	2.66997427531861	330
NORTH_CAPE	2002	1	2	2	-7.5	-3.1	3.20594634164991	-999.9	0	13.4837962962963	3.31482201906819	330
NORTH_CAPE	2002	1	3	3	-5.8	-3	2.57329563435639	-999.9	0	12.0949074074074	3.12036431203216	330
NORTH_CAPE	2002	1	4	4	-11.9	-6.2	3.69584295947012	-999.9	0	13.2986111111111	2.15682159472514	330
NORTH_CAPE	2002	1	5	5	-10	-3.9	3.85023519370612	-999.9	0	9.86111111111111	2.45900618227494	330
NORTH_CAPE	2002	1	6	6	-6.9	1.6	4.5788340794717	-999.9	20.1	4.78009259259258	4.11271225565626	330
NORTH_CAPE	2002	1	7	7	-4.1	0.8	3.50379945394725	-999.9	2	8.92361111111111	5.25089454221839	330
NORTH_CAPE	2002	1	8	8	-6.2	-3.4	2.67044892151823	-999.9	0	9.53703703703703	3.50667205583135	330
NORTH_CAPE	2002	1	9	9	-3.8	-1.1	2.64493496705313	-999.9	2	7.99768518518519	4.5025821578968	330
NORTH_CAPE	2002	1	10	10	-1.9	-0.3	2.05437687304884	-999.9	4	4.92753623188405	5.64238076771652	330
NORTH_CAPE	2002	1	11	11	-0.6	0.6	1.79577592824517	-999.9	3	5.06944444444444	5.71604148471659	330
NORTH_CAPE	2002	1	12	12	-4.4	-0.9	3.09660957127279	-999.9	0	7.83564814814814	4.27298805635055	330
NORTH_CAPE	2002	1	13	13	-8	-0.4	4.60887226418937	-999.9	16.9	9.66435185185186	4.27108614421058	330
NORTH_CAPE	2002	1	14	14	-6.3	-0.3	4.13750406402109	-999.9	0	16.2962962962963	4.65170821478778	330
NORTH_CAPE	2002	1	15	15	-7.2	-3.7	3.19378833213248	-999.9	14.8	4.62962962962964	3.56415097397593	330
NORTH_CAPE	2002	1	16	16	-5.9	-3.1	2.88794964629123	-999.9	4	10.4398148148148	4.2169880291934	330
NORTH_CAPE	2002	1	17	17	-8.4	-4	3.66099732935355	-999.9	5.5	4.89583333333333	3.23534559195546	330
NORTH_CAPE	2002	1	18	18	-6.2	-4.5	2.30185914455403	-999.9	3	5.65972222222222	3.84784724157237	330
NORTH_CAPE	2002	1	19	19	-11.9	-5.3	4.58903047158581	-999.9	0	6.45833333333333	3.08542301878343	330
NORTH_CAPE	2002	1	20	20	-9.6	-3	4.6443383155271	-999.9	0	2.7536231884058	3.28548667619958	330
NORTH_CAPE	2002	1	21	21	-5.2	-1.3	3.61401584848196	-999.9	11.9	7.13768115942028	4.34251860131967	330
NORTH_CAPE	2002	1	22	22	-5.8	-0.8	4.14329965861163	-999.9	0	11.6319444444444	4.83811496672677	330
NORTH_CAPE	2002	1	23	23	-8.1	1	5.66080434813683	-999.9	0	7.02546296296297	3.2029125527072	330
NORTH_CAPE	2002	1	24	24	-3.6	-1.4	2.819371050722	-999.9	10.2	5.65972222222222	4.87710881392064	330
NORTH_CAPE	2002	1	25	25	-6.9	-3.8	3.39068466681325	-999.9	2.5	6.08796296296297	3.70522471400511	330
NORTH_CAPE	2002	1	26	26	-9.6	-4.8	4.27533325297603	-999.9	5.5	9.18981481481481	2.98479718592571	330
NORTH_CAPE	2002	1	27	27	-10.5	-9	2.42219949157898	-999.9	4.5	4.58333333333333	2.27470208989005	330
NORTH_CAPE	2002	1	28	28	-9.4	0.8	6.40245408553735	-999.9	0	5.64814814814814	4.41603394835084	330
NORTH_CAPE	2002	1	29	29	-5	-1.9	3.57825803234148	-999.9	7.5	5.70601851851853	4.29384157087817	330
NORTH_CAPE	2002	1	30	30	-11.1	-4.9	5.1308415002205	-999.9	4	7.82407407407408	2.9007812180028	330
NORTH_CAPE	2002	1	31	31	-14.9	-11.2	4.01928113481765	-999.9	0	10.8564814814815	1.65982575523238	330
NORTH_CAPE	2002	2	1	32	-13.2	-5.2	5.99370680917742	-999.9	18	5.76388888888889	2.32582912319555	330
NORTH_CAPE	2002	2	2	33	-10.1	-4	5.30838105813272	-999.9	7	13.2175925925926	3.28213235759854	330
NORTH_CAPE	2002	2	3	34	-14.5	-10.7	4.2498628736738	-999.9	0	7.83816425120772	1.70490094897381	330
NORTH_CAPE	2002	2	4	35	-13.2	-5	6.33302127703132	-999.9	0	6.58212560386472	2.7733987403926	330
NORTH_CAPE	2002	2	5	36	-10.9	-6.1	4.91559715624757	-999.9	0	11.5625	2.4837362249102	330
NORTH_CAPE	2002	2	6	37	-15.7	-10.9	4.98717450252452	-999.9	0	11.2847222222222	1.68433478006061	330
NORTH_CAPE	2002	2	7	38	-17.3	-11.2	5.70426614348613	-999.9	7.3	6.00694444444444	1.44119721132701	330
NORTH_CAPE	2002	2	8	39	-13	-6.6	5.92849575778608	-999.9	4	7.74305555555556	2.88307094176939	330
NORTH_CAPE	2002	2	9	40	-15.5	-10.6	5.26365235870983	-999.9	0	9.35185185185186	1.85547886307865	330
NORTH_CAPE	2002	2	10	41	-13	-2.9	7.66824141918628	-999.9	11.5	5.45138888888889	2.44467453370447	330
NORTH_CAPE	2002	2	11	42	-17.4	1.8	10.728509276183	-999.9	10.9	9.06084656084655	3.18980053948862	330
NORTH_CAPE	2002	2	12	43	-19.3	-5.6	9.19617074334269	-999.9	0	5.55555555555556	1.56867036566932	330
NORTH_CAPE	2002	2	13	44	-14	-1.5	8.91375496443737	-999.9	4.5	9.14351851851853	3.5922977473867	330
NORTH_CAPE	2002	2	14	45	-17.2	-10.2	6.76879546835237	-999.9	0	8.32175925925925	1.38741037898095	330
NORTH_CAPE	2002	2	15	46	-7.8	3.6	8.7652864917007	-999.9	0	7.95893719806764	4.58161622766639	330
NORTH_CAPE	2002	2	16	47	0.8	4.6	5.13509444937579	-999.9	0	4.78535353535353	6.83188122800578	330
NORTH_CAPE	2002	2	17	48	-4	1.2	6.09522850849914	-999.9	0	3.32175925925925	5.04475737466533	330
NORTH_CAPE	2002	2	18	49	-9.3	-4.6	5.87969607983059	-999.9	0	9.12037037037036	2.94889415617095	330
NORTH_CAPE	2002	2	19	50	-8.9	-5.7	4.9224558718585	-999.9	0	6.47342995169083	2.89976146714518	330
NORTH_CAPE	2002	2	20	51	-9.8	-1.7	7.94567743840746	-999.9	0	2.47584541062802	3.74895019957334	330
NORTH_CAPE	2002	2	21	52	-3.8	0.3	5.73508867058003	-999.9	26.2	3.81944444444444	5.11104724721759	330
NORTH_CAPE	2002	2	22	53	-1.7	1.3	4.97673430860432	-999.9	0	6.73611111111111	6.30292789599077	330
NORTH_CAPE	2002	2	23	54	-5.5	-2.5	5.04839851095317	-999.9	1.2	6.51620370370369	3.80855678420698	330
NORTH_CAPE	2002	2	24	55	-4.9	-3.4	3.62092207712204	-999.9	0	4.44444444444444	3.96091203358171	330
NORTH_CAPE	2002	2	25	56	-5.8	-2.3	5.60992949653755	-999.9	7.7	3.96135265700483	4.15500656366697	330
NORTH_CAPE	2002	2	26	57	-3.3	1	6.30630150293805	-999.9	0	5.67129629629631	5.52145189559525	330
NORTH_CAPE	2002	2	27	58	0.7	8.7	8.72304277815385	-999.9	0	7.63888888888889	7.90181132661908	330
NORTH_CAPE	2002	2	28	59	-5.3	7.3	11.1008019545404	-999.9	0	11.9675925925926	5.86622910794496	330
NORTH_CAPE	2002	3	1	60	-5.3	0.7	7.76698767362133	-999.9	0	6.93287037037036	3.32149099138321	330
NORTH_CAPE	2002	3	2	61	-4.7	-2.2	5.08294125790171	-999.9	0	6.14583333333333	3.47654887646897	330
NORTH_CAPE	2002	3	3	62	-3	9.5	11.5219718093771	-999.9	5.66	7.76620370370369	6.69604687736487	330
NORTH_CAPE	2002	3	4	63	-5.5	10	13.0053336311422	-999.9	0	9.78260869565217	5.2669583527752	330
NORTH_CAPE	2002	3	5	64	-11.6	-5.9	7.99342019454709	-999.9	0	11.7824074074074	1.79074286957235	330
NORTH_CAPE	2002	3	6	65	-7.7	-1.4	8.516466448839	-999.9	0	5.43981481481481	2.70845221782168	330
NORTH_CAPE	2002	3	7	66	-5.9	0.5	8.69813651537993	-999.9	0	3.85416666666667	3.87730933719313	330
NORTH_CAPE	2002	3	8	67	-8.5	-4.3	7.13936964290769	-999.9	11.7	6.88657407407408	2.10564588684021	330
NORTH_CAPE	2002	3	9	68	-6.8	-1.2	8.35177956656454	-999.9	7.6	7.65046296296297	4.42589965723182	330
NORTH_CAPE	2002	3	10	69	-1	7.7	10.5449410844997	-999.9	6	7.51157407407408	7.25733749203413	330
NORTH_CAPE	2002	3	11	70	-8.7	-0.2	10.5570420941041	-999.9	0	14.9884259259259	2.47583469882079	330
NORTH_CAPE	2002	3	12	71	-5.4	0.3	8.75520417871611	-999.9	2	6.36473429951692	3.70270142135642	330
NORTH_CAPE	2002	3	13	72	-3	0.6	7.04568279060441	-999.9	0	5.94907407407408	5.29060092431024	330
NORTH_CAPE	2002	3	14	73	-3.7	2.8	9.5855625557115	-999.9	0	9.32870370370369	5.27701542710504	330
NORTH_CAPE	2002	3	15	74	-8.7	-4.4	7.89277257084882	-999.9	7	8.4375	2.40597184062317	330
NORTH_CAPE	2002	3	16	75	-6.3	-4.1	5.71459908745967	-999.9	0	8.22222222222222	3.68755521240759	330
NORTH_CAPE	2002	3	17	76	-6.3	-2.6	7.5006401320446	-999.9	0	9.375	3.0079026692072	330
NORTH_CAPE	2002	3	18	77	-5.3	-3.8	4.83291884475975	-999.9	0	6.52777777777778	3.39032196917948	330
NORTH_CAPE	2002	3	19	78	-5.8	-3.5	6.05531864480884	-999.9	0	5.23148148148147	3.60000080151295	330
NORTH_CAPE	2002	3	20	79	-7.2	-0.5	10.4559136114845	-999.9	12.2	3.98148148148147	4.01083934404738	330
NORTH_CAPE	2002	3	21	80	-3.4	-0.6	6.83749344173894	-999.9	2	5.37037037037036	5.20666824614761	330
NORTH_CAPE	2002	3	22	81	-9.3	-0.2	12.4673260906982	-999.9	0	9.88425925925925	4.4945515525267	330
NORTH_CAPE	2002	3	23	82	-11.4	-2.7	12.3278678987503	-999.9	0	14.7685185185185	2.6667378948967	330
NORTH_CAPE	2002	3	24	83	-6.4	-1.3	9.54398652205818	-999.9	0	11.9907407407407	3.15940880484452	330
NORTH_CAPE	2002	3	25	84	-9.1	-3	10.5527678026543	-999.9	0	12.0486111111111	2.46098877553236	330
NORTH_CAPE	2002	3	26	85	-4.8	2.2	11.4273965790577	-999.9	13.6	5.30092592592592	4.07973987699361	330
NORTH_CAPE	2002	3	27	86	-2.7	7	13.5963020111011	-999.9	4.4	7.8125	6.2083203368147	330
NORTH_CAPE	2002	3	28	87	-1.3	-0.5	3.94599220147208	-999.9	0	3.81944444444444	5.62548425020355	330
NORTH_CAPE	2002	3	29	88	-1.3	2.9	9.13590620612596	-999.9	0.03	5.65972222222222	5.94408161701347	330
NORTH_CAPE	2002	3	30	89	-0.1	5.9	11.032087370262	-999.9	1.4	7.24537037037036	6.55063129374181	330
NORTH_CAPE	2002	3	31	90	1.6	8.6	12.0371972548643	-999.9	0	5.08101851851853	7.86831445497162	330
NORTH_CAPE	2002	4	1	91	1.6	6.8	10.4787973977064	-999.9	21.6	7.74305555555556	7.54851801980675	330
NORTH_CAPE	2002	4	2	92	1.8	5.7	9.16462196577581	-999.9	0	12.0486111111111	6.89106111558934	330
NORTH_CAPE	2002	4	3	93	1.5	6.8	10.7877705066451	-999.9	27.3	5.75231481481481	7.14149610818359	330
NORTH_CAPE	2002	4	4	94	0.9	7.5	12.153917022713	-999.9	0	9.0625	6.6368990210808	330
NORTH_CAPE	2002	4	5	95	-0.8	2.6	8.80589147743192	-999.9	0	5.60185185185186	5.28852315031444	330
NORTH_CAPE	2002	4	6	96	-1.5	0.2	6.28473504789397	-999.9	0	7.33796296296297	4.95008589114269	330
NORTH_CAPE	2002	4	7	97	-2.3	0.6	8.28379380897925	-999.9	0	5.87962962962964	4.46299482737109	330
NORTH_CAPE	2002	4	8	98	-3.1	6.3	15.0487760123953	-999.9	0	4.46759259259258	5.25147329595749	330
NORTH_CAPE	2002	4	9	99	1.6	11.2	15.343312555508	-999.9	8.3	6.08333333333333	8.45369014038709	330
NORTH_CAPE	2002	4	10	100	1.7	11.2	15.3968183789819	-999.9	1.8	7.03703703703703	8.43782001808831	330
NORTH_CAPE	2002	4	11	101	0.2	4.3	10.2020233266919	-999.9	0	4.39814814814814	4.98097615026308	330
NORTH_CAPE	2002	4	12	102	2	13.1	16.9285883880293	-999.9	0	8.59903381642511	5.27462925414492	330
NORTH_CAPE	2002	4	13	103	3.8	8.8	11.4564208436329	-999.9	4	7.14120370370369	9.37016578137523	330
NORTH_CAPE	2002	4	14	104	0.8	6	11.7790516584533	-999.9	16.9	7.32638888888889	6.96173885722374	330
NORTH_CAPE	2002	4	15	105	0.4	3	8.39615032267655	-999.9	5.2	3.21759259259258	6.79133317414146	330
NORTH_CAPE	2002	4	16	106	1.1	10.8	16.3457422790712	-999.9	2.2	5.48611111111111	8.93222628934937	330
NORTH_CAPE	2002	4	17	107	-1.5	9.3	17.3818693543834	-999.9	0	7.39583333333333	5.97348029092172	330
NORTH_CAPE	2002	4	18	108	-2.7	1.9	11.4306290484039	-999.9	0	2.55787037037037	5.15003656593115	330
NORTH_CAPE	2002	4	19	109	1.6	9	14.6067870113408	-999.9	4.6	4.95370370370369	8.33960222143356	330
NORTH_CAPE	2002	4	20	110	0.8	6.4	12.8003460794037	-999.9	0	9.34027777777778	5.94823952154313	330
NORTH_CAPE	2002	4	21	111	-1.8	1.4	9.74614853282176	-999.9	0	11.6666666666667	4.07923915826339	330
NORTH_CAPE	2002	4	22	112	-0.6	3	10.4107339046275	-999.9	0	6.43518518518519	5.38104187475105	330
NORTH_CAPE	2002	4	23	113	-0.6	1	6.98882420300017	-999.9	2	7.16435185185186	5.966787468191	330
NORTH_CAPE	2002	4	24	114	-0.8	2.8	10.55483939058	-999.9	1.1	4.82638888888889	5.8643630284036	330
NORTH_CAPE	2002	4	25	115	-1.4	4.8	13.9442435834405	-999.9	0	3.00925925925925	5.90297318846824	330
NORTH_CAPE	2002	4	26	116	-0.1	3.3	10.3939364484328	-999.9	12.7	8.44907407407408	6.37537101468462	330
NORTH_CAPE	2002	4	27	117	0.7	5.4	12.2991195042051	-999.9	0	10.7175925925926	6.46908636797017	330
NORTH_CAPE	2002	4	28	118	-0.1	6	14.0999568156652	-999.9	4.2	8.26388888888889	4.89744603791194	330
NORTH_CAPE	2002	4	29	119	-0.2	2.3	9.08226543668488	-999.9	9	11.7013888888889	6.32129340788468	330
NORTH_CAPE	2002	4	30	120	0.4	4.7	11.9832205862331	-999.9	0	6.14583333333333	6.51918398388534	330
NORTH_CAPE	2002	5	1	121	1.9	9.3	15.8130052916477	-999.9	1.6	5.18518518518519	7.75346507572054	330
NORTH_CAPE	2002	5	2	122	3.6	12.1	17.0455732465273	-999.9	5	5.42824074074075	8.33052595423468	330
NORTH_CAPE	2002	5	3	123	2.5	5.9	10.8415114139153	-999.9	3.3	7.03703703703703	7.84333799354063	330
NORTH_CAPE	2002	5	4	124	1.9	5.9	11.8242470579815	-999.9	0	10.9490740740741	7.04321492749397	330
NORTH_CAPE	2002	5	5	125	0.8	8.8	16.8122868348891	-999.9	0	6.00694444444444	5.01072591722006	330
NORTH_CAPE	2002	5	6	126	6.3	19.7	21.8734824325598	-999.9	0	6.50462962962964	8.78635649665826	330
NORTH_CAPE	2002	5	7	127	6.2	19.6	21.9860579521775	-999.9	5.1	4.91898148148147	10.7429420929507	330
NORTH_CAPE	2002	5	8	128	4.9	13.8	18.0079954510599	-999.9	0	9.13194444444444	7.379742153515	330
NORTH_CAPE	2002	5	9	129	2.8	6.5	11.6679041336571	-999.9	7.7	5.13888888888889	6.35902498337249	330
NORTH_CAPE	2002	5	10	130	5	17.2	21.2882520211971	-999.9	8.5	6.45833333333333	11.0777510870967	330
NORTH_CAPE	2002	5	11	131	3.9	10.5	15.7306576741989	-999.9	0	8.95833333333333	7.0342336886346	330
NORTH_CAPE	2002	5	12	132	1.8	8.4	15.8018770773682	-999.9	0	6.88657407407408	6.03642071866631	330
NORTH_CAPE	2002	5	13	133	-0.9	7.4	17.7985561500648	-999.9	0	4.0625	6.60118869826367	330
NORTH_CAPE	2002	5	14	134	0.9	3.9	10.7463956001312	-999.9	7.2	11.5972222222222	6.69926925440636	330
NORTH_CAPE	2002	5	15	135	3.9	8.4	13.2163828328423	-999.9	4.8	4.71064814814814	9.04406337818549	330
NORTH_CAPE	2002	5	16	136	4	10.2	15.575940130101	-999.9	1.4	6.35265700483092	8.65083552552838	330
NORTH_CAPE	2002	5	17	137	4.3	9.8	14.7278711814755	-999.9	1.4	3.63425925925925	9.7021507973136	330
NORTH_CAPE	2002	5	18	138	4.3	7.5	11.2767040317668	-999.9	3.5	4.98842592592592	8.75502580365526	330
NORTH_CAPE	2002	5	19	139	4.6	9.5	14.0056205986858	-999.9	1.4	4.87268518518519	9.17115609067424	330
NORTH_CAPE	2002	5	20	140	6.1	11.3	14.4794438927352	-999.9	1.3	4.27083333333333	9.33084490725117	330
NORTH_CAPE	2002	5	21	141	2.8	7.9	14.3889849738137	-999.9	0	3.17129629629631	9.02167535006026	330
NORTH_CAPE	2002	5	22	142	2.3	17	24.5102510076194	-999.9	0	4.96527777777778	9.36742519452024	330
NORTH_CAPE	2002	5	23	143	10	18.6	18.8075265684302	-999.9	0	9.83796296296297	9.16713842661347	330
NORTH_CAPE	2002	5	24	144	10.6	24.2	23.7243764168122	-999.9	0	8.58796296296297	11.313643119551	330
NORTH_CAPE	2002	5	25	145	5.4	10.2	14.1363915062618	-999.9	0	7.44212962962964	8.14058960363664	330
NORTH_CAPE	2002	5	26	146	6.1	16.8	21.1666581728763	-999.9	0	7.8125	8.78797331641163	330
NORTH_CAPE	2002	5	27	147	9	15.3	16.286327841809	-999.9	0	5.72916666666667	11.9351412220384	330
NORTH_CAPE	2002	5	28	148	9.4	17.8	18.8553767917037	-999.9	0	3.51851851851853	12.970593954338	330
NORTH_CAPE	2002	5	29	149	10.1	25	25.1757091672036	-999.9	0	4.88425925925925	13.7174742107224	330
NORTH_CAPE	2002	5	30	150	13.6	18.4	14.3236162691337	-999.9	7	7.76570048309178	16.9666912576088	330
NORTH_CAPE	2002	5	31	151	13.6	24.8	21.9298247182282	-999.9	0	4.7979797979798	17.9325014532928	330
NORTH_CAPE	2002	6	1	152	14.2	20	15.8155746087831	-999.9	6.2	8.38164251207731	15.6417818266528	330
NORTH_CAPE	2002	6	2	153	8.5	17	19.1856330300846	-999.9	3.8	7.14120370370369	11.328966619707	330
NORTH_CAPE	2002	6	3	154	8	11.4	12.1577385816869	-999.9	0	9.21296296296297	9.37871894946953	330
NORTH_CAPE	2002	6	4	155	7.5	14.5	17.4767279277662	-999.9	0	5.79861111111111	8.74202123139773	330
NORTH_CAPE	2002	6	5	156	9	12.5	12.3792429668743	-999.9	19.6	5.43981481481481	10.7120573876436	330
NORTH_CAPE	2002	6	6	157	9.7	14.1	13.902300072678	-999.9	2	3.77314814814814	12.7355293035785	330
NORTH_CAPE	2002	6	7	158	6.8	10.6	12.9390908796892	-999.9	0	4.61805555555556	9.03258373307474	330
NORTH_CAPE	2002	6	8	159	3.1	12.1	19.940513696556	-999.9	0	3.94675925925925	9.04766558943546	330
NORTH_CAPE	2002	6	9	160	10.2	14.2	13.3106653833708	-999.9	8.7	4.86714975845411	11.9842131379448	330
NORTH_CAPE	2002	6	10	161	8.3	11.7	12.2861425146886	-999.9	0	8.71527777777778	11.7460474002192	330
NORTH_CAPE	2002	6	11	162	8	12.5	14.1494766208246	-999.9	0	3.66898148148147	12.2812257644663	330
NORTH_CAPE	2002	6	12	163	9.4	14.2	14.6273125706533	-999.9	0	3.57487922705314	13.3951573748279	330
NORTH_CAPE	2002	6	13	164	8.8	15.2	16.9042361448012	-999.9	0	5.74074074074075	12.1571725122183	330
NORTH_CAPE	2002	6	14	165	5.7	15.1	20.5013766364409	-999.9	0	3.69212962962964	10.32092335576	330
NORTH_CAPE	2002	6	15	166	5.9	11.8	16.2521409624091	-999.9	5.5	6.38888888888889	10.5322728677413	330
NORTH_CAPE	2002	6	16	167	8.9	10.1	7.33318539588987	-999.9	7	8.00925925925925	11.9427378106013	330
NORTH_CAPE	2002	6	17	168	9.8	12.6	11.2059983922863	-999.9	0	4.02777777777778	11.9785321857061	330
NORTH_CAPE	2002	6	18	169	10	11.9	9.23357553947184	-999.9	0	5.59027777777778	12.6582171029541	330
NORTH_CAPE	2002	6	19	170	10.2	15.1	14.8308079470692	-999.9	0	2.55787037037037	13.4296315323156	330
NORTH_CAPE	2002	6	20	171	12.1	24.9	23.9716289482618	-999.9	0	5.13285024154589	15.7679104706141	330
NORTH_CAPE	2002	6	21	172	15.9	26	21.2927221841272	-999.9	0	8.46064814814814	16.078264364565	330
NORTH_CAPE	2002	6	22	173	10.3	17.5	17.9749153250812	-999.9	0	4.84953703703703	13.9393227609882	330
NORTH_CAPE	2002	6	23	174	9.1	20.6	22.710767290357	-999.9	8.8	4.46759259259258	13.380480385938	330
NORTH_CAPE	2002	6	24	175	11.3	15.5	13.719617389486	-999.9	2.6	11.4814814814815	14.2385538214256	330
NORTH_CAPE	2002	6	25	176	11.6	21.7	21.2649662681248	-999.9	0	6.52777777777778	14.2371032354048	330
NORTH_CAPE	2002	6	26	177	14.3	27.9	24.6610923094427	-999.9	0	5.30092592592592	16.0852521389759	330
NORTH_CAPE	2002	6	27	178	16.8	24.6	18.6629881215139	-999.9	8.4	5.47619047619047	20.21310945967	330
NORTH_CAPE	2002	6	28	179	14	18	13.3538676115806	-999.9	0	4.12037037037036	17.147214718051	330
NORTH_CAPE	2002	6	29	180	14	17.4	12.3001915261255	-999.9	0	3.68055555555556	16.0910343742438	330
NORTH_CAPE	2002	6	30	181	13.9	22.2	19.1981303841504	-999.9	0	3.87731481481481	16.0360844246036	330
NORTH_CAPE	2002	7	1	182	16.9	21.4	14.1197083698137	-999.9	0	4.82638888888889	17.9876898355089	330
NORTH_CAPE	2002	7	2	183	15.4	19.9	14.1018918014518	-999.9	0	4.09722222222222	18.6092718875715	330
NORTH_CAPE	2002	7	3	184	18	25.9	18.6589995022652	-999.9	5.3	4.0625	23.3694070435113	330
NORTH_CAPE	2002	7	4	185	17.3	21.1	12.9217782594379	-999.9	41.7	5.72916666666667	20.09619768544	330
NORTH_CAPE	2002	7	5	186	17.1	24.3	17.7584213660682	-999.9	4	2.65046296296296	20.1458480450652	330
NORTH_CAPE	2002	7	6	187	15.1	17.8	10.8562416875056	-999.9	0	3.03240740740742	15.5541398618799	330
NORTH_CAPE	2002	7	7	188	15.3	19.9	14.144509141852	-999.9	0	2.24537037037037	16.1807345825363	330
NORTH_CAPE	2002	7	8	189	16	22.4	16.6518335498263	-999.9	0	2.5	17.2887717409487	330
NORTH_CAPE	2002	7	9	190	18.8	21.6	10.9917259859143	-999.9	2	5.87962962962964	20.2405239395282	330
NORTH_CAPE	2002	7	10	191	15.9	19.2	11.9072169911573	-999.9	0	6.67824074074075	16.3665789268385	330
NORTH_CAPE	2002	7	11	192	14.7	16.1	7.73811660991654	-999.9	0	10.8574879227053	13.6946107303231	330
NORTH_CAPE	2002	7	12	193	14.9	21.3	16.5055741966482	-999.9	0	5.76086956521739	15.7238798418738	330
NORTH_CAPE	2002	7	13	194	16.3	21.7	15.1237077315993	-999.9	5.7	5.23148148148147	19.0219435365999	330
NORTH_CAPE	2002	7	14	195	15.7	19.1	11.9694128194914	-999.9	0	3.80787037037036	19.1260570477898	330
NORTH_CAPE	2002	7	15	196	16.2	25.7	19.9534647348017	-999.9	4	4.68599033816425	21.7063456726325	330
NORTH_CAPE	2002	7	16	197	16.3	19.7	11.9033751882573	-999.9	0	5.90277777777778	19.4339150465038	330
NORTH_CAPE	2002	7	17	198	15.2	20.2	14.3926483333031	-999.9	0	3.76157407407408	18.5600719974236	330
NORTH_CAPE	2002	7	18	199	17.7	22.3	13.7629155772524	-999.9	6.2	7.01388888888889	19.6835628050425	330
NORTH_CAPE	2002	7	19	200	15.2	18.9	12.3043547848202	-999.9	10.6	5.71256038647342	14.2860620330396	330
NORTH_CAPE	2002	7	20	201	14	17	11.0432157324031	-999.9	0	5.17361111111111	14.3596826634137	330
NORTH_CAPE	2002	7	21	202	13.2	25.8	22.5552420195018	-999.9	0	4.17824074074075	16.0795612940459	330
NORTH_CAPE	2002	7	22	203	17.5	27	19.5164804194898	-999.9	0	8.44907407407408	19.7798899562661	330
NORTH_CAPE	2002	7	23	204	18.3	26.6	18.176332098675	-999.9	40	7.59259259259258	22.6835315448419	330
NORTH_CAPE	2002	7	24	205	14.4	19.1	13.6267878707216	-999.9	0	6.29629629629631	13.1981562563932	330
NORTH_CAPE	2002	7	25	206	9.7	18.9	18.9917736876325	-999.9	0	2.17592592592593	13.688633032958	330
NORTH_CAPE	2002	7	26	207	10.2	20.8	20.304911149994	-999.9	0	3.41435185185186	14.4810130037708	330
NORTH_CAPE	2002	7	27	208	12.7	20	16.781680666702	-999.9	0	3.36805555555556	15.3874647269086	330
NORTH_CAPE	2002	7	28	209	13.9	22.5	18.1383688940916	-999.9	0	2.89351851851853	17.9232085496604	330
NORTH_CAPE	2002	7	29	210	16.2	21.4	14.0434747732902	-999.9	1.9	4.09722222222222	21.5227674695045	330
NORTH_CAPE	2002	7	30	211	20.7	22.7	8.67082699404098	-999.9	0	2.96296296296297	25.7881503675084	330
NORTH_CAPE	2002	7	31	212	18	24.7	15.7980703789258	-999.9	0	5.46296296296297	23.6436767743604	330
NORTH_CAPE	2002	8	1	213	15.8	19.7	11.9968810472563	-999.9	0	4.84953703703703	17.8925694919678	330
NORTH_CAPE	2002	8	2	214	15.6	21.1	14.1786494444043	-999.9	0	4.79166666666667	17.4877529722229	330
NORTH_CAPE	2002	8	3	215	18.3	23.2	13.3173210470325	-999.9	2.8	5.42824074074075	22.2202329886315	330
NORTH_CAPE	2002	8	4	216	19.1	24.4	13.7806493003575	-999.9	0	3.99305555555556	24.2256354011856	330
NORTH_CAPE	2002	8	5	217	19.3	27.3	16.843681745488	-999.9	10.4	5.32407407407408	23.8816910469016	330
NORTH_CAPE	2002	8	6	218	18.3	20.3	8.37750028103073	-999.9	19.4	6.42361111111111	22.0279329285698	330
NORTH_CAPE	2002	8	7	219	15.6	19	10.8640866439955	-999.9	3.6	11.1458333333333	17.7353546119237	330
NORTH_CAPE	2002	8	8	220	14.6	19.5	12.9703816048752	-999.9	0	7.12962962962964	14.6304140569749	330
NORTH_CAPE	2002	8	9	221	15.3	19.2	11.5062647590368	-999.9	0	4.10879629629631	14.7982829609985	330
NORTH_CAPE	2002	8	10	222	15.3	24.5	17.5707160889188	-999.9	0	5.40509259259258	19.0949400999292	330
NORTH_CAPE	2002	8	11	223	19.7	26.6	15.127232115311	-999.9	0	6.35416666666667	21.622264172546	330
NORTH_CAPE	2002	8	12	224	19.6	27.2	15.7807170956816	-999.9	0	6.70138888888889	23.1963261848875	330
NORTH_CAPE	2002	8	13	225	20.7	28.8	16.1917145675837	-999.9	0	5.6400966183575	24.9841880067348	330
NORTH_CAPE	2002	8	14	226	20.4	27.9	15.4830485901321	-999.9	0	3.15972222222222	27.4319513245348	330
NORTH_CAPE	2002	8	15	227	23.6	33.6	17.7642234580827	-999.9	0	5.67129629629631	28.1603296606994	330
NORTH_CAPE	2002	8	16	228	22.5	29.7	14.9753668680947	-999.9	0	6.31944444444444	27.2293684069404	330
NORTH_CAPE	2002	8	17	229	21.7	28	13.9152447779379	-999.9	0	5.34722222222222	27.1602878809736	330
NORTH_CAPE	2002	8	18	230	21.4	26.6	12.5567054494383	-999.9	2.2	3.4375	25.3146144940324	330
NORTH_CAPE	2002	8	19	231	22	25.9	10.7995001521446	-999.9	0	3.94675925925925	26.0385140755116	330
NORTH_CAPE	2002	8	20	232	19.8	23.5	10.4451129419108	-999.9	3.2	4.18981481481481	20.846409143549	330
NORTH_CAPE	2002	8	21	233	18	23.5	12.6438087460571	-999.9	0	6.11111111111111	16.3123806871404	330
NORTH_CAPE	2002	8	22	234	17.3	24	13.8535603048172	-999.9	0	8.29861111111111	18.424635634242	330
NORTH_CAPE	2002	8	23	235	11.7	18.1	13.4395370079324	-999.9	0	6.82870370370369	13.909825547393	330
NORTH_CAPE	2002	8	24	236	11.3	23.1	18.1112454862484	-999.9	0	4.23611111111111	14.7258186814366	330
NORTH_CAPE	2002	8	25	237	16.1	22.5	13.2358776583537	-999.9	0	2.82407407407408	17.6451196372551	330
NORTH_CAPE	2002	8	26	238	16.1	22.9	13.5367651884843	-999.9	0	8.125	17.1349592054679	330
NORTH_CAPE	2002	8	27	239	16.7	19	7.81023449830675	-999.9	0	6.85185185185186	16.59846710393	330
NORTH_CAPE	2002	8	28	240	14.5	17.4	8.69922793275026	-999.9	0	4.41919191919192	14.9302388588977	330
NORTH_CAPE	2002	8	29	241	11.6	23.1	17.1812137800158	-999.9	0	4.60648148148147	16.2682621979958	330
NORTH_CAPE	2002	8	30	242	13.4	19	11.8895009504905	-999.9	1.4	9.16666666666667	16.6495141540701	330
NORTH_CAPE	2002	8	31	243	10.6	16.6	12.2025683023983	-999.9	0	5.89120370370369	9.54310756470322	330
NORTH_CAPE	2002	9	1	244	11.6	21.6	15.6179058715645	-999.9	0	8.69212962962964	13.706817073422	330
NORTH_CAPE	2002	9	2	245	13.7	23	14.9297483692315	-999.9	0	8.61111111111111	16.6953008397671	330
NORTH_CAPE	2002	9	3	246	14.8	25	15.4967356699348	-999.9	0	5.67129629629631	18.9514373918544	330
NORTH_CAPE	2002	9	4	247	17.5	23.6	11.8761312944342	-999.9	35.4	4.47916666666667	20.7603881442043	330
NORTH_CAPE	2002	9	5	248	14.2	19	10.4385780769446	-999.9	0	8.41435185185186	17.5793593692138	330
NORTH_CAPE	2002	9	6	249	13.5	17.3	9.20161005109833	-999.9	0	9.45601851851853	13.9297124595701	330
NORTH_CAPE	2002	9	7	250	14.4	17.3	7.96274710987907	-999.9	0	4.87268518518519	13.8856715797032	330
NORTH_CAPE	2002	9	8	251	14.8	20.4	10.9594914063547	-999.9	2	6.53935185185186	17.9660704152634	330
NORTH_CAPE	2002	9	9	252	14.1	17.9	8.94048754080066	-999.9	0	5.10416666666667	16.5838701614327	330
NORTH_CAPE	2002	9	10	253	17.5	25.4	12.7642861772399	-999.9	3.4	6.04166666666667	22.451076580441	330
NORTH_CAPE	2002	9	11	254	12.7	17.3	9.64308703959389	-999.9	56.8	12.1412037037037	17.4571177049006	330
NORTH_CAPE	2002	9	12	255	10.2	13.4	7.961721923254	-999.9	3.8	14.849537037037	13.8671923820688	330
NORTH_CAPE	2002	9	13	256	11.6	15.8	9.02801460308796	-999.9	2.5	10.6944444444444	12.3313157993963	330
NORTH_CAPE	2002	9	14	257	11.2	15.1	8.60946893093591	-999.9	0	7.28009259259258	10.0603285364394	330
NORTH_CAPE	2002	9	15	258	12.7	20.9	12.3528861771815	-999.9	5.3	6.36574074074075	15.9330832118443	330
NORTH_CAPE	2002	9	16	259	10.5	13.1	6.88187556073495	-999.9	23.4	7.92824074074075	12.3178395620663	330
NORTH_CAPE	2002	9	17	260	9.8	16.3	10.7640777191469	-999.9	0	5.34722222222222	12.5583944302782	330
NORTH_CAPE	2002	9	18	261	9.7	15.1	9.70417556347933	-999.9	0	5.05787037037036	11.1894796536741	330
NORTH_CAPE	2002	9	19	262	11.9	16.6	8.95352801167844	-999.9	0	5.20833333333333	13.0922758192426	330
NORTH_CAPE	2002	9	20	263	14.1	22.3	11.6943984500344	-999.9	1.1	9.67592592592592	15.9459151906989	330
NORTH_CAPE	2002	9	21	264	17.7	22.9	9.20748160732368	-999.9	0	5.16203703703703	17.9318275640374	330
NORTH_CAPE	2002	9	22	265	17.8	24	9.93907979811668	-999.9	0	3.86574074074075	17.6829986554035	330
NORTH_CAPE	2002	9	23	266	17	26.4	12.0967510954805	-999.9	7.5	5.89120370370369	18.1549030923669	330
NORTH_CAPE	2002	9	24	267	14.3	17.1	6.52502417460549	-999.9	0	5.56712962962964	14.3616822318483	330
NORTH_CAPE	2002	9	25	268	9.5	16.3	10.0484753952079	-999.9	0	3.23671497584542	12.5393923335714	330
NORTH_CAPE	2002	9	26	269	10.1	19	11.3586887671612	-999.9	0	3.72685185185186	12.0679015884556	330
NORTH_CAPE	2002	9	27	270	11.8	17.9	9.29032845099472	-999.9	26.7	4.34027777777778	14.2360570839123	330
NORTH_CAPE	2002	9	28	271	11.6	16.7	8.39132072390003	-999.9	0	9.93055555555556	14.0834876599215	330
NORTH_CAPE	2002	9	29	272	9	10.9	5.05880507647248	-999.9	0	11.6550925925926	8.0235554110957	330
NORTH_CAPE	2002	9	30	273	8.5	12.6	7.3389947039491	-999.9	11.5	6.71296296296297	8.97843128883312	330
NORTH_CAPE	2002	10	1	274	12.3	21.9	11.08924971139	-999.9	5.6	7.88194444444444	15.9026770345575	330
NORTH_CAPE	2002	10	2	275	16.5	21.1	7.57908246186188	-999.9	3	7.38636363636364	16.6562891916513	330
NORTH_CAPE	2002	10	3	276	8.7	15.6	9.16396937044937	-999.9	0	9.02777777777778	8.559792946146	330
NORTH_CAPE	2002	10	4	277	7.4	11.1	6.62418570920515	-999.9	0	4.79468599033817	7.69521407351297	330
NORTH_CAPE	2002	10	5	278	9.9	20.8	11.2219848864386	-999.9	2.6	9.84953703703703	14.6553301363627	330
NORTH_CAPE	2002	10	6	279	8.8	13.7	7.42561829344392	-999.9	0	9.52020202020203	8.19755424391717	330
NORTH_CAPE	2002	10	7	280	9.6	14.5	7.32766007235675	-999.9	1.8	6.23842592592592	11.1221365848624	330
NORTH_CAPE	2002	10	8	281	7.7	13.5	7.8662865493941	-999.9	0	12.3671497584541	8.53885047306942	330
NORTH_CAPE	2002	10	9	282	2.5	7.4	7.13344673411997	-999.9	0	4.89130434782608	7.20546168787918	330
NORTH_CAPE	2002	10	10	283	5.9	10.4	6.74391026583057	-999.9	0	2.97453703703703	7.01051551624305	330
NORTH_CAPE	2002	10	11	284	6.9	11.8	6.94172993567622	-999.9	0	2.90509259259258	10.5996607899909	330
NORTH_CAPE	2002	10	12	285	9.9	13.6	5.94971610687253	-999.9	0	3.67149758454106	10.8434400918284	330
NORTH_CAPE	2002	10	13	286	7.5	12.9	7.08893782038974	-999.9	2.7	5.03472222222222	11.1672648467299	330
NORTH_CAPE	2002	10	14	287	6.5	12.4	7.30742078173753	-999.9	8	10.0462962962963	9.7780089830974	330
NORTH_CAPE	2002	10	15	288	3.8	9.6	7.14451336446771	-999.9	0	10.6481481481481	6.6538185173706	330
NORTH_CAPE	2002	10	16	289	7.3	9.3	4.13678372356002	-999.9	18	5.64814814814814	7.67150560715893	330
NORTH_CAPE	2002	10	17	290	8.4	12.5	5.83982061930435	-999.9	2.3	11.0069444444444	12.2527397079495	330
NORTH_CAPE	2002	10	18	291	6.7	10.8	5.75747341100822	-999.9	0	6.93236714975844	9.81502821497181	330
NORTH_CAPE	2002	10	19	292	4.6	10.2	6.63347813053939	-999.9	7.6	9.54106280193236	7.93464073130346	330
NORTH_CAPE	2002	10	20	293	3.1	9.9	7.20586508153351	-999.9	0.6	10.3356481481481	7.82489174731776	330
NORTH_CAPE	2002	10	21	294	2.5	5.9	5.02267386633048	-999.9	0	12.0949074074074	5.47075502691093	330
NORTH_CAPE	2002	10	22	295	3.6	7.2	5.09439427341072	-999.9	0	12.3958333333333	6.42568740975632	330
NORTH_CAPE	2002	10	23	296	4.4	7.4	4.58386911701534	-999.9	2.1	8.71980676328503	7.86210174452463	330
NORTH_CAPE	2002	10	24	297	4.3	6.4	3.78005980365022	-999.9	0	7.1875	6.0578618454128	330
NORTH_CAPE	2002	10	25	298	-1.4	5.9	6.94636871884178	-999.9	0	5.20531400966183	4.27601757334654	330
NORTH_CAPE	2002	10	26	299	-1.1	8	7.64394042322485	-999.9	0.7	4.98842592592592	5.50018006537003	330
NORTH_CAPE	2002	10	27	300	4.7	7.9	4.46753110918654	-999.9	11.7	9.39814814814814	8.60056545356578	330
NORTH_CAPE	2002	10	28	301	4.4	7.4	4.26332187484579	-999.9	1.3	13.0208333333333	7.49565644016083	330
NORTH_CAPE	2002	10	29	302	3	4.7	3.16307115156942	-999.9	1.3	17.2916666666667	5.77570550774618	330
NORTH_CAPE	2002	10	30	303	2.7	4.3	3.02445356237611	-999.9	0	10.9837962962963	6.05874076495958	330
NORTH_CAPE	2002	10	31	304	1.5	4.1	3.80001126226644	-999.9	0	8.68055555555556	4.82467894059671	330
NORTH_CAPE	2002	11	1	305	0.5	4.1	4.40730525827334	-999.9	1.1	5.15046296296297	4.86129354274697	330
NORTH_CAPE	2002	11	2	306	-3.7	3.6	6.18618672437778	-999.9	9.5	9.93055555555556	5.4812437383339	330
NORTH_CAPE	2002	11	3	307	-1	0.9	3.1109849646597	-999.9	0	15.2777777777778	4.24231509344879	330
NORTH_CAPE	2002	11	4	308	-2.7	1.9	4.77181085264202	-999.9	0	6.42361111111111	4.10845553640376	330
NORTH_CAPE	2002	11	5	309	-1.8	3.2	4.90456119071284	-999.9	0	3.21759259259258	5.08736174256141	330
NORTH_CAPE	2002	11	6	310	2.1	3.4	2.46563864555531	-999.9	0	8.42995169082125	5.3313592756753	330
NORTH_CAPE	2002	11	7	311	-3.6	3.3	5.60093892519466	-999.9	0	10.162037037037	4.89964047382744	330
NORTH_CAPE	2002	11	8	312	-4.3	5.6	6.61565226978075	-999.9	0	8.88888888888889	4.52557769743552	330
NORTH_CAPE	2002	11	9	313	3.3	5.8	3.27860049477735	-999.9	0.8	7.31481481481481	7.2449104801641	330
NORTH_CAPE	2002	11	10	314	5.7	15.1	6.27039625368464	-999.9	1.3	4.95370370370369	12.0091281302049	330
NORTH_CAPE	2002	11	11	315	10.2	19.9	6.28323387319116	-999.9	3.7	8.40277777777778	15.5659589518537	330
NORTH_CAPE	2002	11	12	316	4.4	10.2	4.79331610944811	-999.9	12.2	5.63657407407408	8.77593750422083	330
NORTH_CAPE	2002	11	13	317	3.8	5.3	2.40522442942904	-999.9	33.6	8.81944444444444	8.26012086591957	330
NORTH_CAPE	2002	11	14	318	2.8	4.6	2.60017254582144	-999.9	17.5	9.60648148148147	7.30778619900392	330
NORTH_CAPE	2002	11	15	319	0.3	9.3	5.73873367644094	-999.9	0.9	5.86805555555556	7.58087931605244	330
NORTH_CAPE	2002	11	16	320	-2.1	1.6	3.63247413632197	-999.9	0	7.61574074074075	4.01839260685876	330
NORTH_CAPE	2002	11	17	321	-0.3	2	2.82784399333663	-999.9	8.6	11.1458333333333	5.29778598555055	330
NORTH_CAPE	2002	11	18	322	-0.9	10	6.07970842758608	-999.9	29.3	17.025462962963	8.05423903943769	330
NORTH_CAPE	2002	11	19	323	-2.9	0.6	3.40310043378066	-999.9	0	7.84722222222222	4.12570475784502	330
NORTH_CAPE	2002	11	20	324	-1.1	4	4.05878017594115	-999.9	0	3.61111111111111	6.31510068262522	330
NORTH_CAPE	2002	11	21	325	1.1	4.1	3.07641161135303	-999.9	0	4.40972222222222	7.36765862500749	330
NORTH_CAPE	2002	11	22	326	4.1	5.4	2.0018787552208	-999.9	22.9	5.47101449275361	8.63542254309652	330
NORTH_CAPE	2002	11	23	327	2.8	11.3	5.06141544951291	-999.9	11.5	6.93287037037036	9.94382310081678	330
NORTH_CAPE	2002	11	24	328	0.5	3.5	2.97398631304162	-999.9	0	19.7800925925926	5.57352711370539	330
NORTH_CAPE	2002	11	25	329	1.3	3.5	2.51959129467268	-999.9	0	10.9953703703704	5.71358176907235	330
NORTH_CAPE	2002	11	26	330	-1.7	2	3.23362638466784	-999.9	0	10.6597222222222	4.16708108622885	330
NORTH_CAPE	2002	11	27	331	-3.3	-1.5	2.23270013723915	-999.9	0	7.74305555555556	3.63912497615643	330
NORTH_CAPE	2002	11	28	332	-6	-2.3	3.16986104306882	-999.9	0	10.6481481481481	3.28090121795484	330
NORTH_CAPE	2002	11	29	333	-6.2	-1.6	3.50113269811918	-999.9	0	6.70138888888889	3.67782791220157	330
NORTH_CAPE	2002	11	30	334	-1.8	2.7	3.43143859574686	-999.9	1.6	6.27314814814814	5.93448539188228	330
NORTH_CAPE	2002	12	1	335	-1.5	3.4	3.54946758031339	-999.9	5.6	5.48611111111111	6.52099079855651	330
NORTH_CAPE	2002	12	2	336	-5	1.9	4.17680828798938	-999.9	3.1	13.0902777777778	4.80016154667639	330
NORTH_CAPE	2002	12	3	337	-5.5	-2.9	2.54346483483199	-999.9	0	8.71527777777778	3.26027841029912	330
NORTH_CAPE	2002	12	4	338	-9	-5	3.13081101127433	-999.9	0	13.6805555555556	3.05418202317644	330
NORTH_CAPE	2002	12	5	339	-8.6	-4.8	3.02955962573563	-999.9	0	9.75694444444444	2.85571537212232	330
NORTH_CAPE	2002	12	6	340	-6.6	-3.6	2.67353824519935	-999.9	0	4.25925925925925	2.82538963382675	330
NORTH_CAPE	2002	12	7	341	-8.2	2.2	4.9460865448135	-999.9	0.6	5.82175925925925	3.87633126518969	330
NORTH_CAPE	2002	12	8	342	-11.6	2.1	5.6429938916812	-999.9	0	8.03240740740742	3.24686309733676	330
NORTH_CAPE	2002	12	9	343	-16.1	-6.5	4.69761839198533	-999.9	0	15.7986111111111	1.98842892952667	330
NORTH_CAPE	2002	12	10	344	-6.6	-1.5	3.40652790579713	-999.9	0	11.5277777777778	3.06387647255717	330
NORTH_CAPE	2002	12	11	345	-5.4	-1.4	3.00287083874708	-999.9	0	5.76388888888889	3.65289539991958	330
NORTH_CAPE	2002	12	12	346	-4	-0.1	2.95268204066213	-999.9	0	2.99768518518519	4.63732294844076	330
NORTH_CAPE	2002	12	13	347	-2.7	0.8	2.78674143733813	-999.9	0	4.35185185185186	5.21367876759634	330
NORTH_CAPE	2002	12	14	348	-2.2	2.2	3.11436977053758	-999.9	32.8	6.04166666666667	5.78717932916667	330
NORTH_CAPE	2002	12	15	349	-1	3.3	3.07018284506797	-999.9	0.6	9.36342592592592	6.59044844956075	330
NORTH_CAPE	2002	12	16	350	-3.8	-0.5	2.68336622881335	-999.9	0	11.7361111111111	4.42904515489273	330
NORTH_CAPE	2002	12	17	351	-4	-1.7	2.23608425657819	-999.9	0	12.650462962963	3.79784570488572	330
NORTH_CAPE	2002	12	18	352	-2.1	-0.1	2.082332228174	-999.9	0	14.4806763285024	3.59796681577793	330
NORTH_CAPE	2002	12	19	353	-1.3	1	2.23110566385183	-999.9	0	12.5810185185185	3.91920830082391	330
NORTH_CAPE	2002	12	20	354	-0.5	1.5	2.0797131683988	-999.9	4.9	4.93055555555556	5.36172004574887	330
NORTH_CAPE	2002	12	21	355	0.2	5.7	3.44915994433953	-999.9	11.9	11.3310185185185	7.18342435325902	330
NORTH_CAPE	2002	12	22	356	-0.1	2.6	2.41806920565136	-999.9	0	7.75462962962964	5.44973389553372	330
NORTH_CAPE	2002	12	23	357	-2	1.6	2.79514239850001	-999.9	0	5.90277777777778	5.02061925095898	330
NORTH_CAPE	2002	12	24	358	-4.3	-1.7	2.37911570446206	-999.9	0	9.61805555555556	3.64662274577104	330
NORTH_CAPE	2002	12	25	359	-5.3	-1.5	2.88208187772201	-999.9	0	5.85648148148147	3.73650390498586	330
NORTH_CAPE	2002	12	26	360	-3.8	-0.6	2.65144925686591	-999.9	1.3	14.4560185185185	4.75986326965621	330
NORTH_CAPE	2002	12	27	361	-5.8	-3.6	2.20505862829067	-999.9	0	15.3587962962963	3.13066524023107	330
NORTH_CAPE	2002	12	28	362	-8.2	-1.9	3.7444184516206	-999.9	0	8.40277777777778	3.14068419928789	330
NORTH_CAPE	2002	12	29	363	-5.5	-0.5	3.34893817607301	-999.9	0	8.81944444444444	3.8968409544235	330
NORTH_CAPE	2002	12	30	364	-7.3	-5.3	2.12738207027143	-999.9	0	12.4189814814815	2.95586076106378	330
NORTH_CAPE	2002	12	31	365	-7.5	-2.3	3.44697578186729	-999.9	2.5	3.87731481481481	3.51049552066973	330
