NORTH_CAPE	2008	1	1	1	-7.8	-2.7	3.43180429833241	-999.9	0	7.98611111111111	3.80593297049493	330
NORTH_CAPE	2008	1	2	2	-10.8	-2	4.53389326494763	-999.9	3.1	14.6296296296296	3.66147977106491	330
NORTH_CAPE	2008	1	3	3	-11.2	-9	2.2809833169632	-999.9	0	9.79166666666667	2.5014207753945	330
NORTH_CAPE	2008	1	4	4	-15	-5.4	4.79636115806569	-999.9	0	10.1273148148148	2.32948153560058	330
NORTH_CAPE	2008	1	5	5	-7.9	-3.8	3.15656364566294	-999.9	0	6.13425925925925	3.36738149875124	330
NORTH_CAPE	2008	1	6	6	-4.2	0.2	3.29436856401279	-999.9	0	4.43287037037036	4.80424159851711	330
NORTH_CAPE	2008	1	7	7	-0.2	4.4	3.39485058603805	-999.9	0.6	5.26620370370369	6.47319976687008	330
NORTH_CAPE	2008	1	8	8	-0.4	4.5	3.53267769076424	-999.9	14.2	3.54166666666667	7.03841482004348	330
NORTH_CAPE	2008	1	9	9	0.4	9.2	4.77502178751375	-999.9	3.3	5.84490740740742	8.47359444918682	330
NORTH_CAPE	2008	1	10	10	-1	3.3	3.36787117295545	-999.9	0	9.94212962962964	5.29913332804293	330
NORTH_CAPE	2008	1	11	11	-3.3	0.8	3.31936339989441	-999.9	4.6	5.91435185185186	4.68393516535976	330
NORTH_CAPE	2008	1	12	12	-1	3.8	3.62639120946496	-999.9	6.6	5.92592592592592	6.48214011051732	330
NORTH_CAPE	2008	1	13	13	-5.3	-1	3.46676165983269	-999.9	0	9.45601851851853	3.67955648974768	330
NORTH_CAPE	2008	1	14	14	-8.8	-2.2	4.33947264899188	-999.9	2	7.90509259259258	3.45626583489452	330
NORTH_CAPE	2008	1	15	15	-14.4	-1.3	6.17888702042612	-999.9	0.7	13.5069444444444	4.28994166891467	330
NORTH_CAPE	2008	1	16	16	-23.5	-11.4	6.00352225922255	-999.9	1.71	12.7173913043478	1.67596474513942	330
NORTH_CAPE	2008	1	17	17	-5.26	-3.56	7.14	-999.9	0	5.47453703703703	3.55009639328361	330
NORTH_CAPE	2008	1	18	18	-4.86	0.42	1.69	-999.9	8.5	7.67361111111111	4.84722833391704	330
NORTH_CAPE	2008	1	19	19	-4.19	-0.57	5.36	-999.9	0	11.3773148148148	4.18575730304488	330
NORTH_CAPE	2008	1	20	20	-13.36	-2.82	3.4	-999.9	2.4	10	3.11188684525437	330
NORTH_CAPE	2008	1	21	21	-16.88	-13.71	3.5	-999.9	0.6	11.5972222222222	1.89148103118627	330
NORTH_CAPE	2008	1	22	22	-12.4	-2.3	5.88880728109531	-999.9	2.5	7.54629629629631	2.86620671935842	330
NORTH_CAPE	2008	1	23	23	-12.9	-6.8	4.63476972160445	-999.9	0	4.25925925925925	2.61013599267098	330
NORTH_CAPE	2008	1	24	24	-14.8	-7.9	4.99311694023496	-999.9	0	7.17592592592592	1.80848551094324	330
NORTH_CAPE	2008	1	25	25	-16	-13.4	3.1052748529065	-999.9	0.7	6.28472222222222	1.40023568209865	330
NORTH_CAPE	2008	1	26	26	-15.6	-13.4	2.89446332154534	-999.9	0	5.32407407407408	1.48518878680356	330
NORTH_CAPE	2008	1	27	27	-17.3	-9.1	5.66342455100707	-999.9	0	2.92824074074075	1.73225602707357	330
NORTH_CAPE	2008	1	28	28	-9.1	-1	5.70554829569693	-999.9	5.7	6.875	3.89914279286941	330
NORTH_CAPE	2008	1	29	29	-3	-1.3	2.6498686791525	-999.9	0	0	5.07979920959195	330
NORTH_CAPE	2008	1	30	30	-2.7	6.3	6.18192459287428	-999.9	10.7	0	6.77844010805465	330
NORTH_CAPE	2008	1	31	31	-7.6	-1.6	5.11839113482844	-999.9	2.1	9	3.03978586432381	330
NORTH_CAPE	2008	2	1	32	-8.9	-5.8	3.7311466259996	-999.9	2.1	4.67592592592592	2.47809899662682	330
NORTH_CAPE	2008	2	2	33	-7.2	3.7	7.09613798174671	-999.9	29.1	12.2916666666667	4.95860971430709	330
NORTH_CAPE	2008	2	3	34	-10.2	-5.9	4.52094947708297	-999.9	0.6	4.24768518518519	2.91770253402766	330
NORTH_CAPE	2008	2	4	35	-12.1	-6.3	5.32636615120446	-999.9	0	2.92824074074075	2.79626331699576	330
NORTH_CAPE	2008	2	5	36	-12	-3.2	6.65596010909202	-999.9	2.7	4.96527777777778	3.16904567228899	330
NORTH_CAPE	2008	2	6	37	-9.5	-2.9	5.84817481086537	-999.9	0	5.38194444444445	3.73569345664454	330
NORTH_CAPE	2008	2	7	38	-12.2	-6.4	5.56242322379826	-999.9	0	7.02546296296297	2.73386042715653	330
NORTH_CAPE	2008	2	8	39	-14.8	-6.2	6.87257794804808	-999.9	0	2.46527777777778	2.54325983476843	330
NORTH_CAPE	2008	2	9	40	-12.1	-5.5	6.10910815502247	-999.9	0	2.99768518518519	2.93005606069775	330
NORTH_CAPE	2008	2	10	41	-8	-2.8	5.502426232289	-999.9	1.8	8.00925925925925	3.91753888430854	330
NORTH_CAPE	2008	2	11	42	-8.3	-3.2	5.52957958467474	-999.9	4.7	13.2523148148148	3.68049259241806	330
NORTH_CAPE	2008	2	12	43	-10.9	-5.5	5.7738126096096	-999.9	0	8.48379629629631	2.64659447986735	330
NORTH_CAPE	2008	2	13	44	-11.8	3.1	9.73237191803191	-999.9	28	6.07638888888889	4.11648346253806	330
NORTH_CAPE	2008	2	14	45	-8.3	3.5	8.78868866132831	-999.9	3.7	7.21064814814814	4.55051455474599	330
NORTH_CAPE	2008	2	15	46	-11.5	-1.8	8.08576471600352	-999.9	1.2	6.19212962962964	3.16888285592726	330
NORTH_CAPE	2008	2	16	47	-17	-11.5	6.17817738728771	-999.9	0.8	9.05092592592592	1.38253586604872	330
NORTH_CAPE	2008	2	17	48	-18.4	-2.3	10.7256718925084	-999.9	1.2	4.51388888888889	2.06637212928477	330
NORTH_CAPE	2008	2	18	49	-2.9	8.5	9.15761732937608	-999.9	10.2	6.48148148148147	7.1916795614857	330
NORTH_CAPE	2008	2	19	50	-1.8	8.4	8.78884735089031	-999.9	0.7	7.68518518518519	6.70588435164077	330
NORTH_CAPE	2008	2	20	51	-11.4	-1.4	8.82905656098815	-999.9	0	9.38657407407408	2.64457832684801	330
NORTH_CAPE	2008	2	21	52	-13.6	-9.4	5.80496524888271	-999.9	0.6	7.84722222222222	1.66638503447994	330
NORTH_CAPE	2008	2	22	53	-13.1	-5.5	7.92169823759995	-999.9	0	5.90277777777778	2.06116353799058	330
NORTH_CAPE	2008	2	23	54	-11.2	-4.8	7.37414318581571	-999.9	0.6	2.78935185185186	2.85913218432709	330
NORTH_CAPE	2008	2	24	55	-10.6	-1.3	9.01663548259111	-999.9	0	5.43981481481481	3.07842477552323	330
NORTH_CAPE	2008	2	25	56	-6	2	8.48201003360309	-999.9	0	4.80324074074075	4.28516262120606	330
NORTH_CAPE	2008	2	26	57	-5.9	-0.2	7.26121441183587	-999.9	0	3.78472222222222	4.36464006684462	330
NORTH_CAPE	2008	2	27	58	-6.5	-0.8	7.36364248434437	-999.9	5.8	8.24074074074075	4.52171838402305	330
NORTH_CAPE	2008	2	28	59	-12.8	-6.5	7.85005223091334	-999.9	1.3	6.36574074074075	2.5509686007352	330
NORTH_CAPE	2008	2	29	60	-15.3	-11.9	5.84723533817626	-999.9	0	4.91898148148147	1.48100740968007	330
NORTH_CAPE	2008	3	1	61	-15.1	-3.7	10.8550686357276	-999.9	2.1	7.96296296296297	2.66093211800429	330
NORTH_CAPE	2008	3	2	62	-7.5	-2.9	6.99015359994417	-999.9	18.6	15.2314814814815	3.85926110021122	330
NORTH_CAPE	2008	3	3	63	-10	-1.2	9.80017717100774	-999.9	0.6	6.68981481481481	3.03208933934525	330
NORTH_CAPE	2008	3	4	64	-8.7	4.3	12.0727102040132	-999.9	3.1	9.95370370370369	4.1983430485445	330
NORTH_CAPE	2008	3	5	65	-9.9	6	13.5308959237977	-999.9	9.9	9.28240740740742	4.43315535090751	330
NORTH_CAPE	2008	3	6	66	-5.7	-1.9	6.70297807665622	-999.9	0	9.02777777777778	3.65721528478087	330
NORTH_CAPE	2008	3	7	67	-7.9	2.7	11.3430243556692	-999.9	0.6	3.76157407407408	3.93628657402244	330
NORTH_CAPE	2008	3	8	68	-6.4	0.6	9.33846892230831	-999.9	42.1	4.75694444444445	4.73387622953928	330
NORTH_CAPE	2008	3	9	69	-10.3	-1.9	10.3625528719992	-999.9	6.2	11.8287037037037	3.66534654051312	330
NORTH_CAPE	2008	3	10	70	-11.5	-7.3	7.42165829263746	-999.9	0	4.75694444444445	2.22603248983732	330
NORTH_CAPE	2008	3	11	71	-10.4	-2.2	10.5021986018009	-999.9	0	6.49305555555556	2.97344565472073	330
NORTH_CAPE	2008	3	12	72	-6.6	1.9	10.8274621749335	-999.9	1.2	4.54861111111111	3.92862519523782	330
NORTH_CAPE	2008	3	13	73	-11.1	-3.3	10.5015771342401	-999.9	1.3	8.26388888888889	2.81203682714717	330
NORTH_CAPE	2008	3	14	74	-11.3	-7.4	7.51752495809223	-999.9	0	3.22916666666667	2.10788056773415	330
NORTH_CAPE	2008	3	15	75	-10.2	-5.7	8.17389036249923	-999.9	0	4.82638888888889	2.64599432654498	330
NORTH_CAPE	2008	3	16	76	-9.1	-4.6	8.27280431585671	-999.9	0	4.40972222222222	2.92053546389113	330
NORTH_CAPE	2008	3	17	77	-9.1	-2.8	9.90567491641466	-999.9	1.4	10.0462962962963	3.1520321691994	330
NORTH_CAPE	2008	3	18	78	-10.3	-6	8.28052977244571	-999.9	0.6	9.40972222222222	2.31801363155831	330
NORTH_CAPE	2008	3	19	79	-10.5	-3	11.0638660099346	-999.9	0	2.91666666666667	3.08000830649297	330
NORTH_CAPE	2008	3	20	80	-5.5	0.3	9.84202501837887	-999.9	9.5	4.46759259259258	4.84693580290256	330
NORTH_CAPE	2008	3	21	81	-8.9	0.5	12.6727238182664	-999.9	1.2	8.99305555555556	4.3514124153561	330
NORTH_CAPE	2008	3	22	82	-9.2	-6.5	6.86854104324427	-999.9	0	10.1273148148148	3.17676346193224	330
NORTH_CAPE	2008	3	23	83	-11.9	-7.1	9.26020190500117	-999.9	0	11.0648148148148	2.37944918931436	330
NORTH_CAPE	2008	3	24	84	-13.6	-3.7	13.4454392871019	-999.9	0	5.81018518518519	2.00631987172287	330
NORTH_CAPE	2008	3	25	85	-10.6	-1.3	13.1733582020909	-999.9	2.4	3.72685185185186	2.4012367537025	330
NORTH_CAPE	2008	3	26	86	-8.3	1.8	13.875644676464	-999.9	0	5.99537037037036	3.75849769140088	330
NORTH_CAPE	2008	3	27	87	-5.1	2.2	11.9215024594225	-999.9	0	6.99074074074075	3.85244484298914	330
NORTH_CAPE	2008	3	28	88	-6.7	-0.3	11.2791423857081	-999.9	0	3.34490740740742	4.33304856980654	330
NORTH_CAPE	2008	3	29	89	-8.3	-2.5	10.8481560956313	-999.9	0	4.47916666666667	3.08540431360314	330
NORTH_CAPE	2008	3	30	90	-7.4	-1.5	11.0525621369351	-999.9	0	6.27314814814814	3.77397607690254	330
NORTH_CAPE	2008	3	31	91	-7.6	2.1	14.3138665785676	-999.9	0	4.22453703703703	3.95734545301498	330
NORTH_CAPE	2008	4	1	92	-1.1	5.1	11.5568673710098	-999.9	14.1	4.51388888888889	6.90266712492289	330
NORTH_CAPE	2008	4	2	93	-4	5.5	14.4450246890877	-999.9	15.7	10.8564814814815	5.18383586214006	330
NORTH_CAPE	2008	4	3	94	-5.6	1.3	12.4288869233593	-999.9	10.7	15.0694444444444	3.21459444411624	330
NORTH_CAPE	2008	4	4	95	-2	7.9	15.0284957048169	-999.9	0	5.92592592592592	5.16001387317988	330
NORTH_CAPE	2008	4	5	96	-0.8	3.1	9.52049417938219	-999.9	0.7	4.52546296296297	6.26692241479603	330
NORTH_CAPE	2008	4	6	97	-2.7	1.9	10.4345682597901	-999.9	0	2.85879629629631	5.60876215308325	330
NORTH_CAPE	2008	4	7	98	-3.1	2.5	11.617084347567	-999.9	0	2.41898148148148	5.23441926123819	330
NORTH_CAPE	2008	4	8	99	-2.8	3	11.9278991679838	-999.9	0	2.04861111111111	5.47129599224358	330
NORTH_CAPE	2008	4	9	100	-3.5	13.3	20.478154670722	-999.9	0	3.19444444444444	6.07891658993177	330
NORTH_CAPE	2008	4	10	101	1	9.6	14.7778456946235	-999.9	3.7	5.64814814814814	6.45943829445907	330
NORTH_CAPE	2008	4	11	102	-0.2	4.5	11.0173260919632	-999.9	0	4.61805555555556	5.93531750186769	330
NORTH_CAPE	2008	4	12	103	-1.1	2	9.02221764399753	-999.9	3.6	3.52272727272728	5.87807668355096	330
NORTH_CAPE	2008	4	13	104	-1.5	0.6	7.48664517348865	-999.9	1.5	2.97453703703703	5.74063200882435	330
NORTH_CAPE	2008	4	14	105	-1.1	1.9	9.02035302682609	-999.9	0	6.41203703703703	5.47837970883359	330
NORTH_CAPE	2008	4	15	106	-0.5	5.7	13.0702652855863	-999.9	0	5.91435185185186	5.01863943159506	330
NORTH_CAPE	2008	4	16	107	-0.4	11.5	18.2485447825114	-999.9	0.6	5.86805555555556	4.97800736847595	330
NORTH_CAPE	2008	4	17	108	2.8	18.8	21.3216941278764	-999.9	0	7.41898148148147	5.59241050774558	330
NORTH_CAPE	2008	4	18	109	1.9	9.7	14.998815472134	-999.9	0	5.19675925925925	6.08557595799046	330
NORTH_CAPE	2008	4	19	110	-0.9	3.4	11.2184548358374	-999.9	0	5.18518518518519	5.48625273091617	330
NORTH_CAPE	2008	4	20	111	-1.9	5.8	15.1208004736261	-999.9	0	2.06018518518519	5.61783178074597	330
NORTH_CAPE	2008	4	21	112	1.1	7.4	13.7743778077235	-999.9	0	2.25694444444444	6.89266910754128	330
NORTH_CAPE	2008	4	22	113	1.7	6.9	12.6013659701858	-999.9	0	3.39120370370369	7.27501585581639	330
NORTH_CAPE	2008	4	23	114	-0.2	3.1	10.1071649650711	-999.9	2.6	5.98379629629631	5.79644169154319	330
NORTH_CAPE	2008	4	24	115	-1	0.6	7.08485979051098	-999.9	2.4	6.89814814814814	5.52217709781683	330
NORTH_CAPE	2008	4	25	116	-0.2	3.2	10.3956662118787	-999.9	0	5.25462962962964	5.97027794679596	330
NORTH_CAPE	2008	4	26	117	1.2	4.7	10.6152803767588	-999.9	0	4.32870370370369	6.5364404379986	330
NORTH_CAPE	2008	4	27	118	0.4	4.9	12.1124369857868	-999.9	0	3.03240740740742	6.56642027376016	330
NORTH_CAPE	2008	4	28	119	1.1	5	11.3456379332985	-999.9	0	3.33333333333333	7.09715045917112	330
NORTH_CAPE	2008	4	29	120	1.1	7.2	14.2750179614671	-999.9	0	7.54629629629631	7.84889396289934	330
NORTH_CAPE	2008	4	30	121	2.4	6.4	11.6278903632364	-999.9	9.2	6.95601851851853	8.15226790872304	330
NORTH_CAPE	2008	5	1	122	1.4	2.5	6.13296929318704	-999.9	19.1	8.24074074074075	6.86722339129042	330
NORTH_CAPE	2008	5	2	123	2.1	5.6	11.0016185707763	-999.9	1.9	3.80787037037036	7.81697298971148	330
NORTH_CAPE	2008	5	3	124	-0.2	5.8	14.484088476767	-999.9	0	2.22222222222222	7.03846551865405	330
NORTH_CAPE	2008	5	4	125	-0.6	8.3	17.7357135532217	-999.9	0	2.91666666666667	7.06332622070773	330
NORTH_CAPE	2008	5	5	126	5.8	11.8	14.639047138279	-999.9	0	3.09027777777778	9.54348734202192	330
NORTH_CAPE	2008	5	6	127	6.1	12.9	15.6646547840221	-999.9	0	2.84722222222222	9.9253105402847	330
NORTH_CAPE	2008	5	7	128	5.8	12.1	15.1534584499333	-999.9	0	3.03240740740742	10.0767911718878	330
NORTH_CAPE	2008	5	8	129	6.2	9	10.1517708230404	-999.9	14.6	4.35185185185186	10.0190831960184	330
NORTH_CAPE	2008	5	9	130	3.9	7.8	12.0382354910622	-999.9	0	8.42592592592592	8.74687540010473	330
NORTH_CAPE	2008	5	10	131	3.6	5.5	8.44154159372137	-999.9	0	8.62268518518519	7.97614593284111	330
NORTH_CAPE	2008	5	11	132	2.9	5.7	10.2940281292285	-999.9	0	7.77777777777778	7.5774173749067	330
NORTH_CAPE	2008	5	12	133	2.8	6.9	12.5114260708966	-999.9	0	6.92129629629631	7.55061613406553	330
NORTH_CAPE	2008	5	13	134	3.1	6.7	11.7739477494781	-999.9	0	5.20833333333333	7.31137433625068	330
NORTH_CAPE	2008	5	14	135	4.5	8.7	12.7702416952853	-999.9	0	4.44444444444444	7.87488079578933	330
NORTH_CAPE	2008	5	15	136	4.8	8.1	11.3653532048057	-999.9	0	4.79166666666667	8.21775639508682	330
NORTH_CAPE	2008	5	16	137	2.8	9.5	16.2578444038602	-999.9	0	3.18287037037036	8.81117418630321	330
NORTH_CAPE	2008	5	17	138	2.5	5.7	11.2784251208275	-999.9	14.3	4.38657407407408	7.99277072355358	330
NORTH_CAPE	2008	5	18	139	5.6	13.3	17.5596263359477	-999.9	2.7	4.6875	10.7449683176355	330
NORTH_CAPE	2008	5	19	140	6.1	14.3	18.1853640874954	-999.9	12.1	5.13888888888889	10.6834783031336	330
NORTH_CAPE	2008	5	20	141	5.8	12.7	16.7391621358172	-999.9	0.9	5.76388888888889	9.92003959536338	330
NORTH_CAPE	2008	5	21	142	5.3	8.9	12.131196554783	-999.9	3.5	4.50231481481481	9.29384485059361	330
NORTH_CAPE	2008	5	22	143	7.3	11.9	13.7570029923306	-999.9	7.2	3.66898148148147	10.9124615722989	330
NORTH_CAPE	2008	5	23	144	6.1	9.5	11.8638702912963	-999.9	3.6	7.39583333333333	9.71397713463859	330
NORTH_CAPE	2008	5	24	145	6.4	10.5	13.066838922906	-999.9	0	4.56018518518519	9.35623967804006	330
NORTH_CAPE	2008	5	25	146	6.6	17.2	21.0704130552384	-999.9	0	3.53009259259258	10.375178290987	330
NORTH_CAPE	2008	5	26	147	11	21.3	20.8271683572311	-999.9	0	7.77777777777778	10.3927356422815	330
NORTH_CAPE	2008	5	27	148	9.3	21.3	22.5394794909786	-999.9	0.7	7.17592592592592	13.4400866526729	330
NORTH_CAPE	2008	5	28	149	6.3	12.2	15.8442323907586	-999.9	0.6	7.77777777777778	8.37615991525495	330
NORTH_CAPE	2008	5	29	150	9.2	14.5	15.053084763531	-999.9	8.9	8.59953703703703	10.3693495391382	330
NORTH_CAPE	2008	5	30	151	8.2	16.4	18.7666798428337	-999.9	0.6	6.66666666666667	9.59893384990826	330
NORTH_CAPE	2008	5	31	152	8.9	15.4	16.7448339555533	-999.9	13.8	5.32407407407408	11.3551959057708	330
NORTH_CAPE	2008	6	1	153	9	14.8	15.8501230136887	-999.9	0.6	4.6875	13.1904654339908	330
NORTH_CAPE	2008	6	2	154	8.9	11.1	9.78082293131685	-999.9	0.7	3.4375	11.4712535215692	330
NORTH_CAPE	2008	6	3	155	9.6	20.3	21.6098829697733	-999.9	0.7	3.95833333333333	14.1320786052636	330
NORTH_CAPE	2008	6	4	156	9.4	12	10.6707471555103	-999.9	0	2.66203703703704	11.4497303419236	330
NORTH_CAPE	2008	6	5	157	6.6	13.4	17.2846862302695	-999.9	0	3.14814814814814	9.69893714676342	330
NORTH_CAPE	2008	6	6	158	6.5	16.8	21.3047232822668	-999.9	0	3.61111111111111	10.4691593215843	330
NORTH_CAPE	2008	6	7	159	11.5	17	15.5897917201602	-999.9	17.5	6.90972222222222	14.3258645588509	330
NORTH_CAPE	2008	6	8	160	12.7	20	17.9834745851912	-999.9	3.4	4.40972222222222	17.7436941065772	330
NORTH_CAPE	2008	6	9	161	10.7	14.5	12.9899889732497	-999.9	0	4.34027777777778	13.836578691437	330
NORTH_CAPE	2008	6	10	162	10.2	14	13.0036497876455	-999.9	0	5.3125	13.0820366430355	330
NORTH_CAPE	2008	6	11	163	13.1	21.2	19.0030888206815	-999.9	3	4.71064814814814	17.050868202592	330
NORTH_CAPE	2008	6	12	164	13.1	16.1	11.5745026990911	-999.9	0.6	6.95601851851853	13.6192726293841	330
NORTH_CAPE	2008	6	13	165	10.8	13.7	11.3881346860296	-999.9	0.7	8.88888888888889	9.79641814981286	330
NORTH_CAPE	2008	6	14	166	9.7	12.3	10.7895681491125	-999.9	0	7.16435185185186	10.8073869541531	330
NORTH_CAPE	2008	6	15	167	9	12.3	12.161582979328	-999.9	0	6.55092592592592	12.127993634393	330
NORTH_CAPE	2008	6	16	168	9.3	12.5	11.9805256586648	-999.9	0	3.86574074074075	12.034114313529	330
NORTH_CAPE	2008	6	17	169	9.7	12.8	11.7950969054955	-999.9	0	3.71527777777778	12.6997252993565	330
NORTH_CAPE	2008	6	18	170	8.8	20.6	23.0161944971477	-999.9	6.1	6.0144927536232	15.9170726241602	330
NORTH_CAPE	2008	6	19	171	12.1	16	13.2327089933155	-999.9	0	4.93055555555556	15.1173975588056	330
NORTH_CAPE	2008	6	20	172	12.7	17.2	14.2134260760968	-999.9	4.3	3.73842592592592	15.6801154842854	330
NORTH_CAPE	2008	6	21	173	13.5	18.8	15.4226373802598	-999.9	1.5	4.25925925925925	16.3248382698254	330
NORTH_CAPE	2008	6	22	174	14	24.3	21.4941199060541	-999.9	1.7	4.05092592592592	17.778197159548	330
NORTH_CAPE	2008	6	23	175	16.4	25.1	19.7466386780276	-999.9	3.4	4.78009259259258	20.7810269875352	330
NORTH_CAPE	2008	6	24	176	17	23.9	17.5769192142325	-999.9	0.6	4.62962962962964	20.7838057059205	330
NORTH_CAPE	2008	6	25	177	16.6	21	14.0275351648434	-999.9	0	6.74768518518519	16.0507503265235	330
NORTH_CAPE	2008	6	26	178	13.2	19.3	16.5047486319952	-999.9	0.9	5.18518518518519	16.359472357408	330
NORTH_CAPE	2008	6	27	179	12.1	13.8	8.70581768833382	-999.9	1.3	9.15509259259258	13.865594823004	330
NORTH_CAPE	2008	6	28	180	11.7	16	13.8328787948763	-999.9	0	4.58333333333333	13.6534606282758	330
NORTH_CAPE	2008	6	29	181	12.1	13.8	8.6885668240633	-999.9	43.5	9.16666666666667	13.9971707341125	330
NORTH_CAPE	2008	6	30	182	13.2	22.9	20.7303661068103	-999.9	16.6	4.89583333333333	19.8017747561909	330
NORTH_CAPE	2008	7	1	183	15.4	22.8	18.0836641275754	-999.9	0	5.20833333333333	19.2957420018147	330
NORTH_CAPE	2008	7	2	184	17.3	25.2	18.6588810667532	-999.9	0	3.58796296296297	21.0158734678105	330
NORTH_CAPE	2008	7	3	185	17.7	27.3	20.5381402410722	-999.9	0	7.66203703703703	20.2180156555983	330
NORTH_CAPE	2008	7	4	186	14.6	22.2	18.2447393845496	-999.9	0	5.74074074074075	15.7335086489577	330
NORTH_CAPE	2008	7	5	187	14.8	21.9	17.6042399932136	-999.9	0	4.47916666666667	15.3262259264749	330
NORTH_CAPE	2008	7	6	188	17	27.9	21.7726054900444	-999.9	0	6.09953703703703	18.5531367578446	330
NORTH_CAPE	2008	7	7	189	17.8	26.3	19.1896657923046	-999.9	0	7.11805555555556	18.8972367263527	330
NORTH_CAPE	2008	7	8	190	18.9	24.7	15.8191962527837	-999.9	0	5.61342592592592	21.58139623747	330
NORTH_CAPE	2008	7	9	191	19.7	29	19.9883045969995	-999.9	0.68	5.22486772486772	22.5277823707858	330
NORTH_CAPE	2008	7	10	192	19.1	27.2	18.6119800171817	-999.9	2.11	6.03864734299517	23.6994072926565	330
NORTH_CAPE	2008	7	11	193	14.7	21.7	17.2610058116432	-999.9	0	5.57870370370369	15.012683328104	330
NORTH_CAPE	2008	7	12	194	15.4	23	17.9408170494493	-999.9	0	3.72685185185186	16.6984741906959	330
NORTH_CAPE	2008	7	13	195	14.5	26.2	22.2022978883841	-999.9	0	6.28472222222222	15.0307052912011	330
NORTH_CAPE	2008	7	14	196	17.4	25.7	18.6493945046997	-999.9	7.6	4.84953703703703	20.7794578205958	330
NORTH_CAPE	2008	7	15	197	18.8	27.8	19.3650511182907	-999.9	0	4.00462962962964	23.0889155007557	330
NORTH_CAPE	2008	7	16	198	19	27.6	18.874228497723	-999.9	0	3.85416666666667	21.0062450512318	330
NORTH_CAPE	2008	7	17	199	18.2	26.3	18.2614744884188	-999.9	0.7	3.94675925925925	20.2102503535769	330
NORTH_CAPE	2008	7	18	200	17.3	22.9	15.1360069315516	-999.9	0	3.13657407407408	18.0716419675391	330
NORTH_CAPE	2008	7	19	201	16.6	22.1	14.9510985921865	-999.9	0	2.47685185185185	19.5465973161457	330
NORTH_CAPE	2008	7	20	202	17	24.6	17.5155326310838	-999.9	0.7	3.35648148148147	21.2229578285164	330
NORTH_CAPE	2008	7	21	203	17.6	21.2	12.0127592981678	-999.9	7	4.23611111111111	20.9602856466288	330
NORTH_CAPE	2008	7	22	204	16.7	20.1	11.6320423763765	-999.9	0	6.79398148148147	18.3454304561848	330
NORTH_CAPE	2008	7	23	205	14.7	20.7	15.3945495938708	-999.9	1.5	5.34722222222222	17.5640605393152	330
NORTH_CAPE	2008	7	24	206	15.7	24.5	18.5719378140326	-999.9	0	4.00462962962964	20.1091310128989	330
NORTH_CAPE	2008	7	25	207	19.8	29.9	19.8175787301397	-999.9	28.5	3.71527777777778	26.5752129001344	330
NORTH_CAPE	2008	7	26	208	18	26	17.5654075366464	-999.9	4.4	4.40972222222222	22.6649734676605	330
NORTH_CAPE	2008	7	27	209	17.1	27.5	19.9435449393124	-999.9	0	4.73379629629631	18.9147214847578	330
NORTH_CAPE	2008	7	28	210	17.6	24.7	16.4072663999816	-999.9	0	3.69212962962964	19.6760505594307	330
NORTH_CAPE	2008	7	29	211	17.7	24	15.3867682777251	-999.9	0	3.81944444444444	22.0054047286818	330
NORTH_CAPE	2008	7	30	212	16.7	21.8	13.7810025937465	-999.9	0	2.29166666666667	19.9217239653863	330
NORTH_CAPE	2008	7	31	213	17.7	23.3	14.3733041705474	-999.9	0	3.92361111111111	21.5304084351623	330
NORTH_CAPE	2008	8	1	214	19.1	23.5	12.6795513056718	-999.9	0	7.34953703703703	22.3300279357926	330
NORTH_CAPE	2008	8	2	215	17.5	22.4	13.3149142447122	-999.9	18.4	8.66898148148147	20.6697882063487	330
NORTH_CAPE	2008	8	3	216	17.1	19.4	9.07642138446698	-999.9	32.5	9.69907407407408	19.7704803781154	330
NORTH_CAPE	2008	8	4	217	14.7	17.3	9.60052941588902	-999.9	25.4	12.7662037037037	17.2891267897713	330
NORTH_CAPE	2008	8	5	218	13.1	17.2	11.9923792013822	-999.9	3	9.12037037037036	15.9120729495573	330
NORTH_CAPE	2008	8	6	219	12.6	16.7	11.9277125770473	-999.9	0.6	5.89120370370369	14.8270330367679	330
NORTH_CAPE	2008	8	7	220	13	18.1	13.2296632579759	-999.9	0.6	2.98611111111111	15.9774047660048	330
NORTH_CAPE	2008	8	8	221	13.2	18.9	13.9074016999059	-999.9	0	2.87037037037036	16.9405799588349	330
NORTH_CAPE	2008	8	9	222	14.9	19.5	12.4216277461032	-999.9	10.5	4.29398148148147	18.495717891401	330
NORTH_CAPE	2008	8	10	223	15.3	19.2	11.3702188167744	-999.9	0	4.0625	18.8609389044104	330
NORTH_CAPE	2008	8	11	224	15.7	19.9	11.7285341681971	-999.9	0	2.83564814814814	19.1075149864728	330
NORTH_CAPE	2008	8	12	225	15.6	18.4	9.51756988834526	-999.9	2.8	3.39120370370369	18.2223797321629	330
NORTH_CAPE	2008	8	13	226	15.4	20.1	12.2537521886857	-999.9	0	4.25925925925925	17.9053018614872	330
NORTH_CAPE	2008	8	14	227	15.9	21	12.6830364766229	-999.9	0	3.96990740740742	18.9775285058717	330
NORTH_CAPE	2008	8	15	228	16.6	22.4	13.4373852666037	-999.9	0	4.01620370370369	19.7254375359054	330
NORTH_CAPE	2008	8	16	229	17	22.8	13.3481710967276	-999.9	1.7	3.72685185185186	20.9504483198711	330
NORTH_CAPE	2008	8	17	230	16.7	22.3	13.0272546631508	-999.9	4.2	8.59953703703703	18.7676158094023	330
NORTH_CAPE	2008	8	18	231	15.6	25.3	17.0270634928464	-999.9	0	6.51620370370369	16.1730293915488	330
NORTH_CAPE	2008	8	19	232	15.4	19.8	11.3872500525385	-999.9	3.5	7.30324074074075	17.0326667061842	330
NORTH_CAPE	2008	8	20	233	14.4	16.5	7.81059623730438	-999.9	0.6	10.8564814814815	12.9801813997256	330
NORTH_CAPE	2008	8	21	234	15.2	21.7	13.6413199024858	-999.9	0	6.30787037037036	15.8769745527997	330
NORTH_CAPE	2008	8	22	235	17	26.8	16.6257348445288	-999.9	0	4.30555555555556	20.0754198862399	330
NORTH_CAPE	2008	8	23	236	18.5	27.7	15.9872040655945	-999.9	0	6.43518518518519	21.4871055260799	330
NORTH_CAPE	2008	8	24	237	17.1	27.2	16.6223553197299	-999.9	0	7.73148148148147	15.7095455053724	330
NORTH_CAPE	2008	8	25	238	16.3	24.6	14.9508696958389	-999.9	0	5.94907407407408	18.8971204306743	330
NORTH_CAPE	2008	8	26	239	14.5	18.7	10.550903564191	-999.9	0	6.53935185185186	15.7265576494905	330
NORTH_CAPE	2008	8	27	240	15.7	18.9	9.13522954192662	-999.9	0	6.82870370370369	15.4159053857336	330
NORTH_CAPE	2008	8	28	241	16.2	19.2	8.77255812167239	-999.9	0	7.1875	17.5810060873512	330
NORTH_CAPE	2008	8	29	242	15.1	16.7	6.35313789483668	-999.9	2	7.91666666666667	16.9976026723242	330
NORTH_CAPE	2008	8	30	243	15	21.6	12.7939389067194	-999.9	0.6	4.93055555555556	18.9082164363907	330
NORTH_CAPE	2008	8	31	244	16.8	19.7	8.4076867086025	-999.9	0	6.33101851851853	17.83478581506	330
NORTH_CAPE	2008	9	1	245	14.9	16.9	6.92115863803426	-999.9	29.1	12.9398148148148	16.3098384023458	330
NORTH_CAPE	2008	9	2	246	12.9	18.9	11.8813739021119	-999.9	0.6	4.20138888888889	16.8162142934288	330
NORTH_CAPE	2008	9	3	247	14.6	18.3	9.2461295791282	-999.9	0	3.49537037037036	17.3230227111547	330
NORTH_CAPE	2008	9	4	248	15.5	22.7	12.7800982639953	-999.9	0	5.96064814814814	19.3974932779508	330
NORTH_CAPE	2008	9	5	249	15.4	18.5	8.30803484027407	-999.9	0	4.97685185185186	15.0042815321323	330
NORTH_CAPE	2008	9	6	250	17.4	24.8	12.7152081629984	-999.9	1.3	7.21064814814814	20.7072116966336	330
NORTH_CAPE	2008	9	7	251	15.3	20.6	10.6580144803721	-999.9	35.3	5.08101851851853	19.9453386136202	330
NORTH_CAPE	2008	9	8	252	14.7	17.9	8.20133800683802	-999.9	1.4	5.27777777777778	16.4912785327994	330
NORTH_CAPE	2008	9	9	253	14.4	19.8	10.5491765180655	-999.9	10.9	5.35879629629631	16.6006417825363	330
NORTH_CAPE	2008	9	10	254	13.4	15.2	6.02990586438811	-999.9	0	11.9328703703704	11.8438965914917	330
NORTH_CAPE	2008	9	11	255	12.2	16.9	9.64531714674249	-999.9	0	6.19212962962964	11.8325686652433	330
NORTH_CAPE	2008	9	12	256	10.9	17.4	11.2268612464637	-999.9	0	5.72916666666667	12.1264916687434	330
NORTH_CAPE	2008	9	13	257	13.3	16.2	7.42122627525301	-999.9	0	4.79166666666667	15.0497553901495	330
NORTH_CAPE	2008	9	14	258	13.6	20.8	11.5706822487047	-999.9	0	4.16666666666667	17.0016119632008	330
NORTH_CAPE	2008	9	15	259	13.6	24.1	13.8243471928695	-999.9	0.7	10.6828703703704	17.9418833647882	330
NORTH_CAPE	2008	9	16	260	8.4	15	10.8422804804317	-999.9	0.6	5.56712962962964	9.99171963823729	330
NORTH_CAPE	2008	9	17	261	9.7	18.5	12.3831277655003	-999.9	0	5.89120370370369	12.0212253072248	330
NORTH_CAPE	2008	9	18	262	11	15.8	9.0446531261141	-999.9	0.91	9.57671957671958	9.5414962884354	330
NORTH_CAPE	2008	9	19	263	8	13.1	9.2189381895632	-999.9	0	5.71759259259258	7.02634152896117	330
NORTH_CAPE	2008	9	20	264	8	19	13.3862600909328	-999.9	0	7.62731481481481	10.163216474828	330
NORTH_CAPE	2008	9	21	265	7.1	13.1	9.7734660695823	-999.9	0	6.11111111111111	9.6192860138759	330
NORTH_CAPE	2008	9	22	266	10	12	5.57752391422058	-999.9	0	5.56712962962964	7.69916489315179	330
NORTH_CAPE	2008	9	23	267	5.8	12.9	10.3861103758588	-999.9	0	4.80324074074075	6.41954463323119	330
NORTH_CAPE	2008	9	24	268	7.3	12.6	8.86754452484485	-999.9	0	3.81944444444444	8.4300613653807	330
NORTH_CAPE	2008	9	25	269	9	20	12.6225875908639	-999.9	0	6.33101851851853	12.3642131949299	330
NORTH_CAPE	2008	9	26	270	12.9	19.1	9.36224560734815	-999.9	0	8.92361111111111	12.4439117589379	330
NORTH_CAPE	2008	9	27	271	12.6	18	8.63096550172114	-999.9	10.4	4.73379629629631	15.5710094823446	330
NORTH_CAPE	2008	9	28	272	15.3	19.5	7.51817354011419	-999.9	15.3	5.39351851851853	18.2156650624627	330
NORTH_CAPE	2008	9	29	273	10.9	15.6	7.85433593451013	-999.9	12.6	11.6782407407407	14.3955959855691	330
NORTH_CAPE	2008	9	30	274	9.9	11.4	4.38154695318656	-999.9	0	9.29398148148147	11.5089438039646	330
NORTH_CAPE	2008	10	1	275	10.9	14.8	6.97565133984415	-999.9	0	4.00462962962964	12.0135897337266	330
NORTH_CAPE	2008	10	2	276	10.4	15.1	7.56000817550867	-999.9	7.2	8.27546296296297	13.2956660705956	330
NORTH_CAPE	2008	10	3	277	9.3	15.8	8.77611148681294	-999.9	5.7	12.4537037037037	10.1683899867376	330
NORTH_CAPE	2008	10	4	278	8.8	12.4	6.44645739435288	-999.9	0	12.8819444444444	9.18664744806339	330
NORTH_CAPE	2008	10	5	279	9.1	11.4	5.08524184010183	-999.9	0	7.93981481481481	9.10936693272763	330
NORTH_CAPE	2008	10	6	280	8.4	11	5.33539767377365	-999.9	0	7.76620370370369	8.44844865717656	330
NORTH_CAPE	2008	10	7	281	8	10.4	5.05794410128092	-999.9	0	10.4513888888889	7.67242663299079	330
NORTH_CAPE	2008	10	8	282	7.9	11.7	6.27921956944796	-999.9	0.6	7.34953703703703	8.36341526676868	330
NORTH_CAPE	2008	10	9	283	8.8	15.7	8.34723169428344	-999.9	0	6.33101851851853	12.0465422941804	330
NORTH_CAPE	2008	10	10	284	11.3	13.7	4.8561004151617	-999.9	0	8.71527777777778	11.9815647519842	330
NORTH_CAPE	2008	10	11	285	6.3	13.3	8.18006570069157	-999.9	0	5.55555555555556	9.93472358961613	330
NORTH_CAPE	2008	10	12	286	5.8	11.7	7.40666613281972	-999.9	0	3.125	9.63825881513038	330
NORTH_CAPE	2008	10	13	287	6.3	10.7	6.30778771666518	-999.9	0	7.06018518518519	9.10085844613326	330
NORTH_CAPE	2008	10	14	288	3.7	14.1	9.56286778706677	-999.9	3.3	5.06944444444445	8.3153544538584	330
NORTH_CAPE	2008	10	15	289	9.3	12.6	5.31150847345799	-999.9	0	6.84027777777778	10.1319252695186	330
NORTH_CAPE	2008	10	16	290	8.8	12.5	5.54525927102981	-999.9	8.08	3.47222222222222	11.06361942002	330
NORTH_CAPE	2008	10	17	291	7.2	10.5	5.16310294062426	-999.9	1.4	10.2546296296296	8.64453371795262	330
NORTH_CAPE	2008	10	18	292	5.6	7.3	3.65330554948519	-999.9	0	7.40740740740742	6.28988451531287	330
NORTH_CAPE	2008	10	19	293	-0.2	7.7	7.76354313738456	-999.9	0	3.34490740740742	4.86602501168438	330
NORTH_CAPE	2008	10	20	294	-0.3	9	8.30333037102699	-999.9	0	3.42592592592592	6.48611096387453	330
NORTH_CAPE	2008	10	21	295	4.9	8.3	4.94876365913793	-999.9	8.6	9.60648148148147	8.2133660915172	330
NORTH_CAPE	2008	10	22	296	2.9	5.1	3.92373405381772	-999.9	6.3	14.5949074074074	6.77963744708385	330
NORTH_CAPE	2008	10	23	297	2.9	7.2	5.40680422466053	-999.9	0.6	8.09027777777778	5.86654556976365	330
NORTH_CAPE	2008	10	24	298	3.8	9.8	6.2949202618967	-999.9	0	7.19907407407408	6.7601018610562	330
NORTH_CAPE	2008	10	25	299	2.6	15.1	8.95510502385227	-999.9	0	3.81944444444444	7.84305377059277	330
NORTH_CAPE	2008	10	26	300	7.9	12.2	5.1766265906422	-999.9	0.7	7.84722222222222	9.98130215418307	330
NORTH_CAPE	2008	10	27	301	10.9	15.6	5.33405433676746	-999.9	19.3	4.51388888888889	14.4275436020484	330
NORTH_CAPE	2008	10	28	302	10.3	12.6	3.67765078182227	-999.9	3	11.2615740740741	12.8123187256021	330
NORTH_CAPE	2008	10	29	303	4.7	12.6	6.71774730016797	-999.9	0.7	6.89814814814814	8.76373461305267	330
NORTH_CAPE	2008	10	30	304	3.2	6.6	4.3437221404387	-999.9	0.6	8.61111111111111	6.09341609282965	330
NORTH_CAPE	2008	10	31	305	3.9	7.7	4.52625782862396	-999.9	0.9	7.22222222222222	6.58724043138219	330
NORTH_CAPE	2008	11	1	306	2	7.5	5.36747278448258	-999.9	0.6	11.9560185185185	5.32749353644711	330
NORTH_CAPE	2008	11	2	307	-1.8	3.2	5.04468889712223	-999.9	1.7	11.3541666666667	3.94936384879965	330
NORTH_CAPE	2008	11	3	308	2.2	7.2	4.97300625680717	-999.9	0	11.0532407407407	5.09737253859491	330
NORTH_CAPE	2008	11	4	309	6.3	9.7	4.04283295221163	-999.9	0	6.06481481481481	7.47293258411922	330
NORTH_CAPE	2008	11	5	310	8.6	13.4	4.73599351558087	-999.9	0	9.64120370370369	10.7469798116249	330
NORTH_CAPE	2008	11	6	311	10.3	14.7	4.47092066099489	-999.9	0	7.91666666666667	12.7455714112706	330
NORTH_CAPE	2008	11	7	312	7.1	10.9	4.09715948302911	-999.9	24.1	8.15972222222222	10.9365364625303	330
NORTH_CAPE	2008	11	8	313	7.2	8.1	1.96642539340564	-999.9	0.6	6.00694444444445	10.2767883928395	330
NORTH_CAPE	2008	11	9	314	7.2	13	4.92362042324265	-999.9	8.7	3.40909090909092	12.1524586943629	330
NORTH_CAPE	2008	11	10	315	3.5	7.7	4.13298048713498	-999.9	1.02	6.50584795321636	8.07810457995185	330
NORTH_CAPE	2008	11	11	316	3.1	6.2	3.50304870159758	-999.9	15.1	8.79629629629631	7.67108097322909	330
NORTH_CAPE	2008	11	12	317	3.2	4.9	2.55964450714642	-999.9	0	9.21296296296297	6.07683640345648	330
NORTH_CAPE	2008	11	13	318	0.1	5.6	4.54354146717544	-999.9	0	4.57175925925925	5.06057701886707	330
NORTH_CAPE	2008	11	14	319	3.8	9	4.36059548424378	-999.9	0	4.60648148148147	7.67461634412137	330
NORTH_CAPE	2008	11	15	320	7.4	13.3	4.58542002329941	-999.9	8.16	6.010101010101	11.4171003857512	330
NORTH_CAPE	2008	11	16	321	8.5	16.2	5.1723812938622	-999.9	26.07	7.77777777777778	13.7656408507542	330
NORTH_CAPE	2008	11	17	322	2.7	5.9	3.29306560349815	-999.9	0	13.7268518518519	5.55793136810817	330
NORTH_CAPE	2008	11	18	323	-2.1	3.7	4.3793830960642	-999.9	0	4.20138888888889	4.1270162143436	330
NORTH_CAPE	2008	11	19	324	-0.2	3.6	3.50237625215767	-999.9	4.4	16.1689814814815	6.23284041802979	330
NORTH_CAPE	2008	11	20	325	-3.5	0	3.32185608256864	-999.9	0.6	12.5694444444444	4.39594649627315	330
NORTH_CAPE	2008	11	21	326	-4.4	-1.3	3.09038359990704	-999.9	0	9.52546296296297	3.40731641314285	330
NORTH_CAPE	2008	11	22	327	-5.1	0.3	4.03299217818447	-999.9	12	14.9537037037037	4.72421468619482	330
NORTH_CAPE	2008	11	23	328	-5.3	-3	2.6032316380691	-999.9	0	14.0856481481481	3.29215002213069	330
NORTH_CAPE	2008	11	24	329	-7.9	-2.7	3.87251958813763	-999.9	0	8.40277777777778	2.91397134504349	330
NORTH_CAPE	2008	11	25	330	-8	1.9	5.2878905288894	-999.9	0	5.74074074074075	3.62159266740512	330
NORTH_CAPE	2008	11	26	331	1.8	4.1	2.52311290958573	-999.9	0	12.337962962963	6.50789702997241	330
NORTH_CAPE	2008	11	27	332	0.6	3.9	2.9928003499503	-999.9	0	4.45601851851853	6.91625375541655	330
NORTH_CAPE	2008	11	28	333	0.4	4.3	3.22289544349595	-999.9	0.6	3.39120370370369	6.74992824952644	330
NORTH_CAPE	2008	11	29	334	1.8	5.2	2.98192410092941	-999.9	2.5	8.62268518518519	6.93929527960663	330
NORTH_CAPE	2008	11	30	335	-0.5	1.9	2.48348128121355	-999.9	0.6	7.68518518518519	4.62193943612929	330
NORTH_CAPE	2008	12	1	336	0.7	11.2	5.15119198524404	-999.9	21.5	7.85879629629631	8.38111755673075	330
NORTH_CAPE	2008	12	2	337	3	7.5	3.34534916702836	-999.9	0	7.78935185185186	7.47326819410873	330
NORTH_CAPE	2008	12	3	338	-1.5	3.1	3.35664178523887	-999.9	0	6.43518518518519	4.77194717889631	330
NORTH_CAPE	2008	12	4	339	-1.3	7.9	4.71285395598843	-999.9	1.4	6.57407407407408	6.29446052910048	330
NORTH_CAPE	2008	12	5	340	-5.1	3.7	4.57796699055278	-999.9	0.6	9.86111111111111	4.2479324020485	330
NORTH_CAPE	2008	12	6	341	-5.5	-0.6	3.39431278210493	-999.9	0.6	5.38194444444445	2.94368914956032	330
NORTH_CAPE	2008	12	7	342	-0.6	2.6	2.72669360708179	-999.9	7.4	9.72222222222222	5.41033300655953	330
NORTH_CAPE	2008	12	8	343	-7	0.7	4.20632528950403	-999.9	9.4	16.400462962963	3.98467072915015	330
NORTH_CAPE	2008	12	9	344	-8.5	2.2	4.93329959893155	-999.9	8.9	9.60648148148147	3.83918579380593	330
NORTH_CAPE	2008	12	10	345	-1.3	11	5.2647937104929	-999.9	30.4	7.19907407407408	8.18496938584731	330
NORTH_CAPE	2008	12	11	346	-2.2	-0.6	1.89090611430576	-999.9	0.6	7.41898148148147	4.66119963844297	330
NORTH_CAPE	2008	12	12	347	-2	13.8	5.91998059507983	-999.9	21.6	8.18287037037036	8.98390756332391	330
NORTH_CAPE	2008	12	13	348	-7.6	1.5	4.4781346795095	-999.9	1.4	11.280193236715	4.10831305448289	330
NORTH_CAPE	2008	12	14	349	-8.2	0.9	4.46567278237878	-999.9	0.38	6.02272727272728	3.51643985940227	330
NORTH_CAPE	2008	12	15	350	0.8	12.3	5.00854635679777	-999.9	0.7	6.92129629629631	8.29900694947245	330
NORTH_CAPE	2008	12	16	351	-6.9	11.1	6.2546634123652	-999.9	3.54	12.6932367149758	4.81144164257447	330
NORTH_CAPE	2008	12	17	352	-7.6	-2	3.48398411193013	-999.9	13.35	6.19047619047619	3.3072746150734	330
NORTH_CAPE	2008	12	18	353	-7.1	-1.5	3.48097644043903	-999.9	0.64	8.33333333333333	3.6891310413689	330
NORTH_CAPE	2008	12	19	354	-12.7	-5.3	3.9999900310425	-999.9	0.53	11.8939393939394	2.19515666551899	330
NORTH_CAPE	2008	12	20	355	-12	-8.6	2.71162633187783	-999.9	1.58	7.53623188405797	1.99011566312331	330
NORTH_CAPE	2008	12	21	356	-10.3	-6	3.05128862338143	-999.9	3.03	5.56763285024156	2.27185384486674	330
NORTH_CAPE	2008	12	22	357	-7.4	-1.7	3.51686897359037	-999.9	18.81	16.6666666666667	4.1355891151186	330
NORTH_CAPE	2008	12	23	358	-12.3	-7.9	3.09474726227095	-999.9	0.1	13.2608695652174	2.48854364803869	330
NORTH_CAPE	2008	12	24	359	-11.2	-1.4	4.62808610457783	-999.9	3.29	5.81018518518519	3.44184327667405	330
NORTH_CAPE	2008	12	25	360	-9.1	6.5	5.85394249978736	-999.9	13.6	14.0972222222222	4.35368750226091	330
NORTH_CAPE	2008	12	26	361	-11.6	-8.8	2.48753736409267	-999.9	0.01	9.39613526570047	2.12784146611222	330
NORTH_CAPE	2008	12	27	362	-11.3	-1.3	4.71736955673409	-999.9	1.2	4.90740740740742	2.81837886520035	330
NORTH_CAPE	2008	12	28	363	-7.7	6.4	5.62369178109068	-999.9	12.05	4.97076023391814	6.76760049634645	330
NORTH_CAPE	2008	12	29	364	-3.2	2	3.43025216684549	-999.9	0	11.219806763285	4.43957031353348	330
NORTH_CAPE	2008	12	30	365	-3.8	-2.5	1.7234797779844	-999.9	0	6.62037037037036	3.81089705637788	330
NORTH_CAPE	2008	12	31	366	-8	-3.5	3.22363399536425	-999.9	0	4.71064814814814	3.22375276258279	330
