NORTH_CAPE	2021	1	1	1	-4.3	-2.3	2.14907915835942	-999.9	0.2	10.6828703703704	3.49175265780627	330
NORTH_CAPE	2021	1	2	2	-5.3	-1	3.169305751545	-999.9	2.4	6.67824074074075	4.01093884247619	330
NORTH_CAPE	2021	1	3	3	-3.1	-1.5	1.94522865667292	-999.9	0.2	7.10648148148147	4.06368975266681	330
NORTH_CAPE	2021	1	4	4	-3	-0.1	2.63618011873933	-999.9	0	4.03935185185186	4.61816490035691	330
NORTH_CAPE	2021	1	5	5	-0.9	0.5	1.84453270396572	-999.9	0	10.462962962963	5.43144301496818	330
NORTH_CAPE	2021	1	6	6	-1.5	0.7	2.32946818874355	-999.9	2.8	8.40277777777778	5.50195224494216	330
NORTH_CAPE	2021	1	7	7	-1.2	0.8	2.23849535958649	-999.9	2.9	5.61342592592592	5.47681005639251	330
NORTH_CAPE	2021	1	8	8	-2.8	-1	2.14112248568597	-999.9	1.7	11.2615740740741	4.50605563255162	330
NORTH_CAPE	2021	1	9	9	-1.5	0.3	2.15958035737507	-999.9	3.2	7.29166666666667	5.29008350818841	330
NORTH_CAPE	2021	1	10	10	-3	-0.1	2.76578950933341	-999.9	0	10.0462962962963	4.24734673348096	330
NORTH_CAPE	2021	1	11	11	-6.5	-1.6	3.62877100451809	-999.9	0.4	5.01157407407408	3.6362282427081	330
NORTH_CAPE	2021	1	12	12	-5.4	-1.5	3.26877278255499	-999.9	0	5.50925925925925	3.98924991447305	330
NORTH_CAPE	2021	1	13	13	-2.8	-0.5	2.53543098587723	-999.9	0	4.72222222222222	4.51427719309594	330
NORTH_CAPE	2021	1	14	14	-3.7	0.5	3.46168425998873	-999.9	0	2.82407407407408	4.32469530816674	330
NORTH_CAPE	2021	1	15	15	-2.6	0.1	2.80513643967924	-999.9	0	2.91666666666667	4.88946384419225	330
NORTH_CAPE	2021	1	16	16	-3.2	0.5	3.31979650248757	-999.9	2.2	6.07638888888889	4.95440040817167	330
NORTH_CAPE	2021	1	17	17	0	3.9	3.44671502493125	-999.9	14.7	12.0717592592593	6.60730267798567	330
NORTH_CAPE	2021	1	18	18	-5.7	0.8	4.50102020388879	-999.9	0	12.1875	3.97580300871775	330
NORTH_CAPE	2021	1	19	19	-8.6	-5.3	3.24493456553003	-999.9	0	12.4537037037037	2.85488829977858	330
NORTH_CAPE	2021	1	20	20	-9.6	-5.8	3.52406312240267	-999.9	0.2	9.97685185185186	2.65805588159637	330
NORTH_CAPE	2021	1	21	21	-10.2	-7	3.27365371701657	-999.9	0.2	5.94907407407408	2.42619213575691	330
NORTH_CAPE	2021	1	22	22	-7.9	-3	4.10165739912906	-999.9	0	4.31712962962964	2.51148520352709	330
NORTH_CAPE	2021	1	23	23	-6.5	-2.8	3.60959362284829	-999.9	0	8.41435185185186	3.2289766063284	330
NORTH_CAPE	2021	1	24	24	-6.5	0.2	4.92014947643639	-999.9	1.5	9.16666666666667	4.28170247214461	330
NORTH_CAPE	2021	1	25	25	-0.7	0.5	2.10958572692908	-999.9	0.2	11.4351851851852	5.27814068179536	330
NORTH_CAPE	2021	1	26	26	-0.5	0.1	1.51155856750585	-999.9	0.2	7.84722222222222	5.63055391899717	330
NORTH_CAPE	2021	1	27	27	-3.8	-0.1	3.8042157663063	-999.9	0.2	4.24768518518519	4.55055988571262	330
NORTH_CAPE	2021	1	28	28	-4.3	-2.9	2.3719766234915	-999.9	0	4.18981481481481	3.62416479857448	330
NORTH_CAPE	2021	1	29	29	-6.8	-3.7	3.57825803234148	-999.9	0	9.39814814814814	3.10131612737695	330
NORTH_CAPE	2021	1	30	30	-7.1	-3.9	3.68610534919446	-999.9	0	7.84722222222222	3.1843865165154	330
NORTH_CAPE	2021	1	31	31	-5.4	-1.7	4.01928113481765	-999.9	0	5.83333333333333	4.14929411609382	330
NORTH_CAPE	2021	2	1	32	-3.9	-2.1	2.84306477163913	-999.9	0	3.94675925925925	3.81070025964151	330
NORTH_CAPE	2021	2	2	33	-3.5	1	4.55935522768513	-999.9	22.9	12.0138888888889	4.98162319970238	330
NORTH_CAPE	2021	2	3	34	-0.7	2.4	3.83852139774501	-999.9	14	6.82870370370369	6.36530603249713	330
NORTH_CAPE	2021	2	4	35	-1.5	-0.2	2.52159710433228	-999.9	0.4	2.2337962962963	5.46992296288386	330
NORTH_CAPE	2021	2	5	36	-1.9	1	3.82080316238388	-999.9	0	5.11574074074075	5.21292786368328	330
NORTH_CAPE	2021	2	6	37	-3.5	1.7	5.19081579765486	-999.9	8.7	10.9490740740741	4.89514997203792	330
NORTH_CAPE	2021	2	7	38	-4.9	-2.5	3.57800121337418	-999.9	0.2	9.89583333333333	2.94505377314975	330
NORTH_CAPE	2021	2	8	39	-8.2	-1.5	6.06585364800354	-999.9	0.7	12.974537037037	3.38423149738323	330
NORTH_CAPE	2021	2	9	40	-9.6	-4.4	5.42239099301293	-999.9	0	13.587962962963	2.41031924547307	330
NORTH_CAPE	2021	2	10	41	-8.9	-4.7	4.94492530296556	-999.9	0	10.4282407407407	2.3261601195891	330
NORTH_CAPE	2021	2	11	42	-11.8	-7.8	4.89687211580737	-999.9	0.2	13.6111111111111	1.81355461092291	330
NORTH_CAPE	2021	2	12	43	-12	-2.1	7.81743609738634	-999.9	0.6	7.76620370370369	2.91047442913713	330
NORTH_CAPE	2021	2	13	44	-8	-4.3	4.84960701083556	-999.9	0.4	6.78240740740742	2.94312718641206	330
NORTH_CAPE	2021	2	14	45	-9.5	-4.8	5.54640144384784	-999.9	0	4.64120370370369	2.83143018457576	330
NORTH_CAPE	2021	2	15	46	-7.3	-4.9	4.02178926615847	-999.9	0	5.06944444444445	2.91052539731622	330
NORTH_CAPE	2021	2	16	47	-6.7	-1.3	6.12143887930501	-999.9	14.9	5.38194444444445	4.05760873027381	330
NORTH_CAPE	2021	2	17	48	-8.9	-1.7	7.17223594722557	-999.9	0	10.3703703703704	3.32285897605314	330
NORTH_CAPE	2021	2	18	49	-10.6	-6.6	5.42420312736881	-999.9	0.2	9.54861111111111	2.12375450603763	330
NORTH_CAPE	2021	2	19	50	-9.5	-5.7	5.3641219248674	-999.9	0.2	4.07407407407408	2.6208629658547	330
NORTH_CAPE	2021	2	20	51	-5.9	-4	3.84826722133214	-999.9	0	7.12962962962964	3.21528667749284	330
NORTH_CAPE	2021	2	21	52	-6.4	-2.7	5.44815018103229	-999.9	0	8.11342592592592	3.05547261787107	330
NORTH_CAPE	2021	2	22	53	-7	-1.7	6.61487684959008	-999.9	0	6.09953703703703	3.1413810541845	330
NORTH_CAPE	2021	2	23	54	-1.9	-0.5	3.44871273257872	-999.9	7.8	8.29861111111111	5.44939765289467	330
NORTH_CAPE	2021	2	24	55	-1.6	0.8	4.5801443974774	-999.9	0	4.80324074074075	5.49450039088581	330
NORTH_CAPE	2021	2	25	56	-9.8	-0.2	9.29092592615846	-999.9	5.2	9.62962962962964	3.73641292807812	330
NORTH_CAPE	2021	2	26	57	-12.2	-6.9	7.00129597344732	-999.9	0.2	11.6898148148148	1.84195306740949	330
NORTH_CAPE	2021	2	27	58	-11.8	1.8	11.3734562920052	-999.9	6.4	5.54398148148147	2.9227679777503	330
NORTH_CAPE	2021	2	28	59	-6	0.3	7.8494523386644	-999.9	1.2	7.36111111111111	4.34747952289422	330
NORTH_CAPE	2021	3	1	60	-3.8	-0.7	5.58287414507939	-999.9	15	7.99768518518519	4.81427414379494	330
NORTH_CAPE	2021	3	2	61	-15.2	-1.7	11.8116881049623	-999.9	5	16.5509259259259	2.59355500657702	330
NORTH_CAPE	2021	3	3	62	-12	-4	9.21757744750169	-999.9	0	10.9259259259259	2.35152754934602	330
NORTH_CAPE	2021	3	4	63	-9.4	-5.9	6.18001701636982	-999.9	0	11.4351851851852	2.48345569115482	330
NORTH_CAPE	2021	3	5	64	-10.9	-4.8	8.26913596835826	-999.9	0	7.22222222222222	2.36561478437481	330
NORTH_CAPE	2021	3	6	65	-11.7	-4	9.41530791681649	-999.9	0	6.49305555555556	2.45666747337755	330
NORTH_CAPE	2021	3	7	66	-9	-3.9	7.76463992328511	-999.9	0	5.15046296296297	2.66059337101361	330
NORTH_CAPE	2021	3	8	67	-9.9	-1.6	10.0363146676504	-999.9	0	3.24074074074075	3.19485807014499	330
NORTH_CAPE	2021	3	9	68	-9.3	1.1	11.3815570430556	-999.9	0.4	3.72685185185186	3.78923317136232	330
NORTH_CAPE	2021	3	10	69	-8.1	1.4	11.0191053181986	-999.9	0	3.21759259259258	4.01798587204234	330
NORTH_CAPE	2021	3	11	70	0.1	7.7	9.98250615180976	-999.9	0	7.88194444444445	6.2657448866948	330
NORTH_CAPE	2021	3	12	71	0.2	7.9	10.1759324037184	-999.9	0	9.08564814814814	5.86411411713127	330
NORTH_CAPE	2021	3	13	72	-5	0.6	8.78751035277701	-999.9	0.2	12.6736111111111	3.46488446515441	330
NORTH_CAPE	2021	3	14	73	-8.7	-4.9	7.32913507475412	-999.9	0	9.43287037037036	2.33846784508957	330
NORTH_CAPE	2021	3	15	74	-11.2	-7.6	7.22181919808905	-999.9	0.2	12.5347222222222	2.01738122314449	330
NORTH_CAPE	2021	3	16	75	-11.3	-6.3	8.61508227291413	-999.9	0	9.51388888888889	1.87212664669582	330
NORTH_CAPE	2021	3	17	76	-10.1	5.7	15.4997970149649	-999.9	0	5.33564814814814	3.05571469163115	330
NORTH_CAPE	2021	3	18	77	-4.4	4.9	12.0338708764973	-999.9	0	6.78240740740742	4.73056595138181	330
NORTH_CAPE	2021	3	19	78	-9	-4.3	8.65609496963787	-999.9	0	12.1990740740741	2.30749330411159	330
NORTH_CAPE	2021	3	20	79	-6.7	6.1	14.4520538073085	-999.9	0	5.20833333333333	3.92831655838621	330
NORTH_CAPE	2021	3	21	80	-1.4	7.6	12.258551666554	-999.9	0	6.45833333333333	4.93798137258261	330
NORTH_CAPE	2021	3	22	81	0.8	14.4	15.2413022935279	-999.9	0	7.78935185185186	5.48560091290286	330
NORTH_CAPE	2021	3	23	82	1.9	12.7	13.7353655907627	-999.9	0	7.31481481481481	5.59674610215546	330
NORTH_CAPE	2021	3	24	83	2.8	16.2	15.4702427514653	-999.9	0.2	4.95370370370369	7.60046302634414	330
NORTH_CAPE	2021	3	25	84	3.2	13.2	13.5114346410818	-999.9	0.2	6.00694444444445	7.9346941330366	330
NORTH_CAPE	2021	3	26	85	-1	7	12.216400806179	-999.9	17.7	8.75	7.52553157699327	330
NORTH_CAPE	2021	3	27	86	-3.2	-0.4	7.30489455639024	-999.9	1.6	1.99494949494949	4.70565577641334	330
NORTH_CAPE	2021	3	28	87	-3.6	-0.8	7.38227543439518	-999.9	3.8	0	3.61838605543982	330
NORTH_CAPE	2021	3	29	88	-0.2	2.7	7.59147185052442	-999.9	12	0	5.70848985160936	330
NORTH_CAPE	2021	3	30	89	-3.47	1.72	20.65	-999.9	0	8.39	4.0076924187223	330
NORTH_CAPE	2021	3	31	90	0.52	6.11	20.14	-999.9	0	7.73	6.79618208631203	330
NORTH_CAPE	2021	4	1	91	3.37	6.47	5.73	-999.9	4.9	9.12	8.47055691166173	330
NORTH_CAPE	2021	4	2	92	-1.39	3.51	5.68	-999.9	5.44	5.85	5.21400697449242	330
NORTH_CAPE	2021	4	3	93	-1.6	-0.04	7.78	-999.9	2.04	5.3	4.3311371013224	330
NORTH_CAPE	2021	4	4	94	-0.95	1.73	4.53	-999.9	21.23	11.36	5.78301870195049	330
NORTH_CAPE	2021	4	5	95	0.48	1.28	13.79	-999.9	1.29	6.76	6.38095467859029	330
NORTH_CAPE	2021	4	6	96	0.4	1.27	9.59	-999.9	0.83	5.22	6.30706009223653	330
NORTH_CAPE	2021	4	7	97	1.04	1.34	11.98	-999.9	0.54	6.4	6.44477258719723	330
NORTH_CAPE	2021	4	8	98	0.79	1.25	20.19	-999.9	0.09	5.96	6.39464478770848	330
NORTH_CAPE	2021	4	9	99	1.31	2.67	21.83	-999.9	0.07	3.83	6.71347430120583	330
NORTH_CAPE	2021	4	10	100	-0.37	2.38	20.22	-999.9	0	6.07	5.03338403853325	330
NORTH_CAPE	2021	4	11	101	-0.36	2.43	9.52	-999.9	0.4	8.58	6.09678559186821	330
NORTH_CAPE	2021	4	12	102	1.35	2.29	14.78	-999.9	0.25	10.59	6.53525483407496	330
NORTH_CAPE	2021	4	13	103	1.02	1.86	22.4	-999.9	0.06	11.49	6.1081979836449	330
NORTH_CAPE	2021	4	14	104	0.6	1.15	24.59	-999.9	0	6.23	6.04202923847035	330
NORTH_CAPE	2021	4	15	105	-0.02	1.76	24.54	-999.9	0.08	4.58	6.17649399059924	330
NORTH_CAPE	2021	4	16	106	-0.11	1.73	20.1	-999.9	0.08	6.84	6.14177384410133	330
NORTH_CAPE	2021	4	17	107	0.68	1.48	10.68	-999.9	4.78	9.84	6.18491418140637	330
NORTH_CAPE	2021	4	18	108	0.58	1.48	7.99	-999.9	4.72	9.82	6.27355597289577	330
NORTH_CAPE	2021	4	19	109	0.53	3.07	11.44	-999.9	3.74	5.46	6.4068510861649	330
NORTH_CAPE	2021	4	20	110	1.16	3.97	20.7	-999.9	0.61	3.57	6.79830940005918	330
NORTH_CAPE	2021	4	21	111	3.14	7.96	15.83	-999.9	0.8	5.39	7.42700123571053	330
NORTH_CAPE	2021	4	22	112	1.54	5.73	11.33	-999.9	2.73	11.2	7.31042603112478	330
NORTH_CAPE	2021	4	23	113	1.1	3.78	11.21	-999.9	3.66	11.75	5.65279898429499	330
NORTH_CAPE	2021	4	24	114	2.74	5.13	25.46	-999.9	0.01	5.76	6.42338252008403	330
NORTH_CAPE	2021	4	25	115	4.04	6.47	23.84	-999.9	0.25	3.39	7.2357930780803	330
NORTH_CAPE	2021	4	26	116	2.07	4.52	11.58	-999.9	13.46	6.49	7.22822363036032	330
NORTH_CAPE	2021	4	27	117	2.2	2.56	15.24	-999.9	1.79	3.32	7.07351330904262	330
NORTH_CAPE	2021	4	28	118	2.47	4.47	12.83	-999.9	0.52	3.01	7.42012074566266	330
NORTH_CAPE	2021	4	29	119	2.53	4.41	20.09	-999.9	0.03	3.24	7.20170979599118	330
NORTH_CAPE	2021	4	30	120	1.06	3.97	6.78	-999.9	8.95	8.43	7.06677218454937	330
NORTH_CAPE	2021	5	1	121	1.7	4.86	15.69	-999.9	3.91	10.48	6.92682872099679	330
NORTH_CAPE	2021	5	2	122	2.79	6.24	21.09	-999.9	0.28	7.44	6.67808898455962	330
NORTH_CAPE	2021	5	3	123	2.6	6.59	27.93	-999.9	0	8.53	6.16577396054271	330
NORTH_CAPE	2021	5	4	124	3.32	5.24	27.92	-999.9	0	3.61	6.62876440734502	330
NORTH_CAPE	2021	5	5	125	3.26	4.76	15.96	-999.9	1.07	4.25	7.08225767427032	330
NORTH_CAPE	2021	5	6	126	1.54	4.3	4.15	-999.9	16.17	7.92	7.16176838261339	330
NORTH_CAPE	2021	5	7	127	2.63	3.96	18.62	-999.9	0.11	3.47	7.34057010231757	330
NORTH_CAPE	2021	5	8	128	1.89	3.16	7.99	-999.9	9.24	8.81	7.16016455758505	330
NORTH_CAPE	2021	5	9	129	2.55	4.95	14.39	-999.9	2.14	10.12	7.16938014315332	330
NORTH_CAPE	2021	5	10	130	3.43	5.51	28.11	-999.9	0.01	2.84	7.22989559961868	330
NORTH_CAPE	2021	5	11	131	3.54	5.2	27.69	-999.9	0.17	2.52	6.83310474045735	330
NORTH_CAPE	2021	5	12	132	3.83	5.07	20.65	-999.9	1.08	3.79	7.54761907493467	330
NORTH_CAPE	2021	5	13	133	4.51	8.92	27.91	-999.9	0.03	3.23	7.70247448799083	330
NORTH_CAPE	2021	5	14	134	5.11	6.66	27.34	-999.9	0.19	1.97	7.86497066440269	330
NORTH_CAPE	2021	5	15	135	4.98	8.39	26.26	-999.9	0.57	3.62	7.84470913200931	330
NORTH_CAPE	2021	5	16	136	5.11	6.88	27.62	-999.9	2.3	6.1	8.54072681274401	330
NORTH_CAPE	2021	5	17	137	6.73	8.5	15.03	-999.9	0.48	5.14	9.14778440309261	330
NORTH_CAPE	2021	5	18	138	6.68	13.56	13.65	-999.9	11.48	4.08	10.7402944749623	330
NORTH_CAPE	2021	5	19	139	6.22	6.73	12	-999.9	0.19	5.7	9.08020171519064	330
NORTH_CAPE	2021	5	20	140	6.15	11.43	19.51	-999.9	0.09	4.2	9.89583721126383	330
NORTH_CAPE	2021	5	21	141	8.65	13.09	25.73	-999.9	2.54	7.34	11.3072384324818	330
NORTH_CAPE	2021	5	22	142	9.54	12.07	7.88	-999.9	14.4	10.15	11.7299356848142	330
NORTH_CAPE	2021	5	23	143	6.69	9.89	7.32	-999.9	11.63	8.28	10.3498412086798	330
NORTH_CAPE	2021	5	24	144	6.36	7.92	30.34	-999.9	0.05	5.59	7.15021057320219	330
NORTH_CAPE	2021	5	25	145	7.63	13.62	20.29	-999.9	1.44	10.17	10.38816461479	330
NORTH_CAPE	2021	5	26	146	9.23	14.46	19.49	-999.9	6.54	7.3	12.7023903653404	330
NORTH_CAPE	2021	5	27	147	7.43	11.53	23.11	-999.9	2.91	8.19	9.90728671692952	330
NORTH_CAPE	2021	5	28	148	5.38	8.2	26.79	-999.9	0.12	8.41	6.60009703204208	330
NORTH_CAPE	2021	5	29	149	6.8	7.63	27.26	-999.9	0	3.74	7.55216963366022	330
NORTH_CAPE	2021	5	30	150	7.15	8.28	24.1	-999.9	0.35	4.56	9.08663162188243	330
NORTH_CAPE	2021	5	31	151	7.72	14.7	11.94	-999.9	9.23	6.03	12.2603846177948	330
NORTH_CAPE	2021	6	1	152	7.77	12.29	19.65	-999.9	10.34	5.2	11.2445171052514	330
NORTH_CAPE	2021	6	2	153	10.7	14.59	29.45	-999.9	0.03	5.23	12.4863001285865	330
NORTH_CAPE	2021	6	3	154	11.69	14.69	21.7	-999.9	4.2	5.89	13.0390858058191	330
NORTH_CAPE	2021	6	4	155	11.87	15.5	21.4	-999.9	4.86	6.04	14.1340154880869	330
NORTH_CAPE	2021	6	5	156	13.15	17.01	17.63	-999.9	0.36	6.91	15.0944090167161	330
NORTH_CAPE	2021	6	6	157	10.61	13.89	28.09	-999.9	0.51	5.6	11.2473133258345	330
NORTH_CAPE	2021	6	7	158	11.91	18.95	25.5	-999.9	1.69	7.7	16.2471351976557	330
NORTH_CAPE	2021	6	8	159	15.3	20.28	25.04	-999.9	0.59	6.35	17.1361074953741	330
NORTH_CAPE	2021	6	9	160	11.9	14.74	28.85	-999.9	0.87	3.48	13.1128654135744	330
NORTH_CAPE	2021	6	10	161	9.79	13.06	22.06	-999.9	1.16	9.04	9.72096354360549	330
NORTH_CAPE	2021	6	11	162	10.47	13.92	20.29	-999.9	1.91	4.83	10.7344027976491	330
NORTH_CAPE	2021	6	12	163	11.17	14.8	25.74	-999.9	0.52	4.21	12.4442021733753	330
NORTH_CAPE	2021	6	13	164	10.21	13.08	30.61	-999.9	0.05	4.68	9.86222041125323	330
NORTH_CAPE	2021	6	14	165	10.33	15.86	22.88	-999.9	0	5.79	11.8825993223453	330
NORTH_CAPE	2021	6	15	166	12.22	15	9.56	-999.9	5.74	8.86	14.5183107833561	330
NORTH_CAPE	2021	6	16	167	12.88	17.38	12.19	-999.9	9.36	3.99	15.1013703153931	330
NORTH_CAPE	2021	6	17	168	12.35	15.32	28.47	-999.9	0.12	6.15	13.433618318685	330
NORTH_CAPE	2021	6	18	169	13.48	17.49	29.85	-999.9	0	6.11	14.4729239557795	330
NORTH_CAPE	2021	6	19	170	13.74	17.14	16.98	-999.9	8.42	7.08	15.2479870336621	330
NORTH_CAPE	2021	6	20	171	14.52	18.37	24.93	-999.9	0.08	3.77	16.1131138147986	330
NORTH_CAPE	2021	6	21	172	14.98	19.47	27.95	-999.9	3.87	4.69	17.5729934533774	330
NORTH_CAPE	2021	6	22	173	16.69	19.34	19.35	-999.9	2.9	6.86	19.2985877487017	330
NORTH_CAPE	2021	6	23	174	14.17	16.67	22.2	-999.9	6.76	4.88	15.0419205185608	330
NORTH_CAPE	2021	6	24	175	14.26	18.08	30.96	-999.9	0	5.61	14.2666606611289	330
NORTH_CAPE	2021	6	25	176	14.38	18.38	27.57	-999.9	2.06	6.58	14.9299849348404	330
NORTH_CAPE	2021	6	26	177	15.86	18.53	16.61	-999.9	2.11	6.33	18.117687645729	330
NORTH_CAPE	2021	6	27	178	16.72	19.5	9.86	-999.9	3.77	9.46	19.1110355276297	330
NORTH_CAPE	2021	6	28	179	16.9	18.63	25.95	-999.9	1.27	3.77	19.5359295768897	330
NORTH_CAPE	2021	6	29	180	16.82	22.04	16.33	-999.9	0.78	2.84	20.2683102951341	330
NORTH_CAPE	2021	6	30	181	17.11	20.45	6.41	-999.9	24.2	4.25	20.1369166185814	330
NORTH_CAPE	2021	7	1	182	13.85	17.71	7.62	-999.9	2.17	6.53	16.7494915432796	330
NORTH_CAPE	2021	7	2	183	13.31	14.1	12.39	-999.9	0.32	8.26	13.4949706743896	330
NORTH_CAPE	2021	7	3	184	13.4	14.62	18.73	-999.9	0.1	8.71	13.1534343044316	330
NORTH_CAPE	2021	7	4	185	13.01	14.98	10.17	-999.9	11.06	9.94	13.7917399747244	330
NORTH_CAPE	2021	7	5	186	13.17	17.8	19.56	-999.9	1.33	4.85	13.6852426976344	330
NORTH_CAPE	2021	7	6	187	15.33	18.78	27.98	-999.9	0.05	7.67	17.0411238808394	330
NORTH_CAPE	2021	7	7	188	15.7	16.8	6.91680142133957	-999.9	0	8.75	13.4472172032345	330
NORTH_CAPE	2021	7	8	189	14.4	16.1	8.58215857326722	-999.9	0	6.03009259259258	12.5746265273114	330
NORTH_CAPE	2021	7	9	190	13.5	21.3	18.3456954192598	-999.9	43.5	6.37731481481481	18.340372947418	330
NORTH_CAPE	2021	7	10	191	13.2	18.8	15.5112683600843	-999.9	5.1	6.16898148148147	15.8363229108244	330
NORTH_CAPE	2021	7	11	192	14.1	26.3	22.8428962661688	-999.9	0	3.31018518518519	18.2431948465092	330
NORTH_CAPE	2021	7	12	193	12.3	18.9	16.7614898330173	-999.9	0	3.62268518518519	13.5381629246982	330
NORTH_CAPE	2021	7	13	194	13.1	20.2	17.3416561343924	-999.9	0	3.39120370370369	12.7648555697523	330
NORTH_CAPE	2021	7	14	195	16.9	24.4	17.7772270411393	-999.9	1.1	4.81481481481481	16.415190815384	330
NORTH_CAPE	2021	7	15	196	18.1	25	17.0051732344463	-999.9	0.5	4.39814814814814	23.0139241940314	330
NORTH_CAPE	2021	7	16	197	18.3	27.7	19.7922236972648	-999.9	0.3	5.77546296296297	23.5673199501874	330
NORTH_CAPE	2021	7	17	198	17.3	24.7	17.509412398715	-999.9	0.2	4.78009259259258	19.5087226868189	330
NORTH_CAPE	2021	7	18	199	17.6	25.3	17.8064314708298	-999.9	0	2.17592592592593	19.8265845051424	330
NORTH_CAPE	2021	7	19	200	19.3	23	12.3043547848202	-999.9	0	3.09027777777778	21.9196259176527	330
NORTH_CAPE	2021	7	20	201	16.5	21.7	14.5390691048231	-999.9	0	6.07638888888889	20.4057559232997	330
NORTH_CAPE	2021	7	21	202	15.5	18.6	11.187758055659	-999.9	4.7	7.01388888888889	17.4441998147751	330
NORTH_CAPE	2021	7	22	203	14.6	16.7	9.17591421933181	-999.9	0.2	7.74305555555556	15.7442995940687	330
NORTH_CAPE	2021	7	23	204	15	19.1	12.7749477121578	-999.9	0.2	4.47916666666667	16.771398427867	330
NORTH_CAPE	2021	7	24	205	14	19.8	15.1376536062776	-999.9	1.7	3.03240740740742	16.0934978170473	330
NORTH_CAPE	2021	7	25	206	16	26.5	20.2892625595188	-999.9	2.6	4.66435185185186	17.6115399011607	330
NORTH_CAPE	2021	7	26	207	16	20.6	13.3760251496463	-999.9	1.1	3.35648148148147	18.9786053295927	330
NORTH_CAPE	2021	7	27	208	17.9	21.5	11.7848829426596	-999.9	0.7	3.84259259259258	20.8554067498773	330
NORTH_CAPE	2021	7	28	209	16.7	20.5	12.0570428097796	-999.9	0	5.48611111111111	15.2236054015862	330
NORTH_CAPE	2021	7	29	210	16.6	23.5	16.1769801283839	-999.9	0	6.40046296296297	14.4986539314733	330
NORTH_CAPE	2021	7	30	211	14	18.8	13.4327874183066	-999.9	19	5.11574074074075	15.9724458382426	330
NORTH_CAPE	2021	7	31	212	14.5	19.5	13.6474541854662	-999.9	2.1	8.88888888888889	16.1958695306323	330
NORTH_CAPE	2021	8	1	213	16.6	23	15.3683073081311	-999.9	0	7.29166666666667	15.941802680457	330
NORTH_CAPE	2021	8	2	214	14.3	20.1	14.5602059200622	-999.9	2.9	3.88888888888889	15.926184069826	330
NORTH_CAPE	2021	8	3	215	16.4	23.9	16.475911910119	-999.9	0	9.31712962962964	16.7575926603113	330
NORTH_CAPE	2021	8	4	216	17.9	21.5	11.3575065568573	-999.9	0	3.98148148148147	17.6291559819405	330
NORTH_CAPE	2021	8	5	217	17	21.7	12.9104375859876	-999.9	7.4	3.62268518518519	19.8293349822423	330
NORTH_CAPE	2021	8	6	218	19.6	25.5	14.388829254949	-999.9	0.5	5.48611111111111	24.8591506650898	330
NORTH_CAPE	2021	8	7	219	19.6	28.4	17.4781353473799	-999.9	0	6.70138888888889	24.3326424759623	330
NORTH_CAPE	2021	8	8	220	16.9	20.1	10.4816511855823	-999.9	0	6.06481481481481	16.5630166631059	330
NORTH_CAPE	2021	8	9	221	15.1	19.9	12.7650546393143	-999.9	0	2.80092592592592	14.5410426691096	330
NORTH_CAPE	2021	8	10	222	17.6	26.7	17.4749621548518	-999.9	0	4.98842592592592	22.291616703701	330
NORTH_CAPE	2021	8	11	223	19.5	25.2	13.7490392991489	-999.9	0	3.31018518518519	23.9038092633212	330
NORTH_CAPE	2021	8	12	224	20.9	26.8	13.9041980082419	-999.9	0	2.68518518518519	26.3486478768633	330
NORTH_CAPE	2021	8	13	225	21.6	29.8	16.2913568284734	-999.9	0	4.03935185185186	28.5332423657349	330
NORTH_CAPE	2021	8	14	226	21.7	28.9	15.1702274834169	-999.9	0	4.44444444444444	25.7451256786608	330
NORTH_CAPE	2021	8	15	227	20	23.7	10.805555283067	-999.9	0.2	7.06018518518519	20.5979402063954	330
NORTH_CAPE	2021	8	16	228	18.3	23.5	12.726614647271	-999.9	0	6.03009259259258	16.1628043190459	330
NORTH_CAPE	2021	8	17	229	19.4	28.1	16.3523510464426	-999.9	0	7.48842592592592	20.0720902963316	330
NORTH_CAPE	2021	8	18	230	20.1	25.2	12.4353817786044	-999.9	0	7.62731481481481	21.8785090798981	330
NORTH_CAPE	2021	8	19	231	20.7	29.7	16.4056184233544	-999.9	0	6.21527777777778	26.6923137086235	330
NORTH_CAPE	2021	8	20	232	19.6	24.5	12.0201619295815	-999.9	0	6.92129629629631	23.9370437208479	330
NORTH_CAPE	2021	8	21	233	17.9	22.1	11.0489553463323	-999.9	0	3.80787037037036	19.1046362361566	330
NORTH_CAPE	2021	8	22	234	15.7	23.6	15.043106973269	-999.9	0	3.47222222222222	18.4551929053378	330
NORTH_CAPE	2021	8	23	235	17.1	25.2	15.119479133924	-999.9	0.2	3.06712962962964	19.3284543771709	330
NORTH_CAPE	2021	8	24	236	20.6	23.9	9.57776734850393	-999.9	14.1	5.64814814814814	24.9247671382459	330
NORTH_CAPE	2021	8	25	237	19.5	24	11.0986208197311	-999.9	0	4.31712962962964	23.4499626965117	330
NORTH_CAPE	2021	8	26	238	19.4	31.4	17.9825411294741	-999.9	4.2	4.21296296296297	27.0931015134553	330
NORTH_CAPE	2021	8	27	239	17.2	21.4	10.5541873877843	-999.9	0	10.2314814814815	16.3157701681725	330
NORTH_CAPE	2021	8	28	240	14.9	19.5	10.9562170428221	-999.9	0	7.14120370370369	11.5505881372398	330
NORTH_CAPE	2021	8	29	241	14.8	22.8	14.3301228965173	-999.9	0	4.67592592592592	14.2804469816863	330
NORTH_CAPE	2021	8	30	242	14.7	20.3	11.8895009504905	-999.9	4.4	4.42129629629631	16.5657448129097	330
NORTH_CAPE	2021	8	31	243	19.4	24.7	11.468683212891	-999.9	0	5.13888888888889	22.2693584743414	330
NORTH_CAPE	2021	9	1	244	17.6	20.7	8.69568197337304	-999.9	0	4.32870370370369	17.2941834148902	330
NORTH_CAPE	2021	9	2	245	15.7	19.2	9.15893624551795	-999.9	42.7	9.95370370370369	16.3450467881341	330
NORTH_CAPE	2021	9	3	246	10.9	16.6	11.5845072911204	-999.9	8	14.3981481481481	13.4726308070506	330
NORTH_CAPE	2021	9	4	247	11.2	14.8	9.12349677967667	-999.9	2	11.2731481481481	13.4583360505253	330
NORTH_CAPE	2021	9	5	248	11.7	14.9	8.52306330957242	-999.9	0.6	4.90740740740742	12.6001399394329	330
NORTH_CAPE	2021	9	6	249	14.5	18.1	8.95618955508168	-999.9	14.7	4.20138888888889	17.320882107322	330
NORTH_CAPE	2021	9	7	250	15.5	18.4	7.96274710987907	-999.9	0	9.38657407407408	16.8200346727037	330
NORTH_CAPE	2021	9	8	251	15.8	24.5	13.6601671411017	-999.9	0	5.33564814814814	18.332330977681	330
NORTH_CAPE	2021	9	9	252	16.9	25.2	13.2132134321935	-999.9	0	4.82638888888889	21.2671088916576	330
NORTH_CAPE	2021	9	10	253	16	21.8	10.9369690648073	-999.9	1.6	5.38194444444445	21.0387766746982	330
NORTH_CAPE	2021	9	11	254	14.1	18.6	9.5376949457463	-999.9	0	9.87268518518519	14.5445232254442	330
NORTH_CAPE	2021	9	12	255	13.1	22.4	13.5729262762767	-999.9	5.8	6.62037037037036	15.886451283751	330
NORTH_CAPE	2021	9	13	256	14.9	18.2	8.00247963539723	-999.9	0	8.04398148148147	14.5095275600324	330
NORTH_CAPE	2021	9	14	257	11.5	15.5	8.71914811604252	-999.9	0	7.38425925925925	11.2248518263387	330
NORTH_CAPE	2021	9	15	258	9.2	18.4	13.0844486520882	-999.9	29.7	4.56018518518519	12.4560775761413	330
NORTH_CAPE	2021	9	16	259	14.7	19.2	9.05370622262347	-999.9	0	6.40046296296297	15.5940999868887	330
NORTH_CAPE	2021	9	17	260	12.7	22.8	13.4177851453999	-999.9	0	3.94675925925925	16.8139310813585	330
NORTH_CAPE	2021	9	18	261	15.9	25.2	12.7351257996049	-999.9	0	6.34259259259258	21.1167501662581	330
NORTH_CAPE	2021	9	19	262	13.6	16.5	7.0330590962624	-999.9	0	8.4375	12.6078523613723	330
NORTH_CAPE	2021	9	20	263	13.4	17.5	8.26918844591679	-999.9	0	3.91203703703703	12.1066524934203	330
NORTH_CAPE	2021	9	21	264	12.2	21.6	12.379500308066	-999.9	0.2	6.78240740740742	13.3709741623116	330
NORTH_CAPE	2021	9	22	265	15.5	20.2	8.65364871765043	-999.9	0	8.96990740740742	17.1174810256113	330
NORTH_CAPE	2021	9	23	266	15.4	23.4	11.1596304013384	-999.9	0	5.85648148148147	18.4439204183689	330
NORTH_CAPE	2021	9	24	267	14.3	18.1	7.60142312382798	-999.9	0	3.39120370370369	17.6037071479712	330
NORTH_CAPE	2021	9	25	268	16.9	21.6	8.35400336849893	-999.9	0	4.89583333333333	20.0586465334167	330
NORTH_CAPE	2021	9	26	269	15.8	18.7	6.48383859877145	-999.9	16.2	8.26388888888889	18.7337897151252	330
NORTH_CAPE	2021	9	27	270	12.8	16.9	7.61654617288156	-999.9	0	9.64120370370369	13.4229451444197	330
NORTH_CAPE	2021	9	28	271	13.5	16.3	6.21762103449435	-999.9	0	5.54398148148147	12.3827540429208	330
NORTH_CAPE	2021	9	29	272	12.9	14.5	4.64227791650822	-999.9	0	6.77083333333333	12.0671161447901	330
NORTH_CAPE	2021	9	30	273	9.7	13.1	6.68319456072407	-999.9	2.5	9.18981481481481	12.6713738628163	330
NORTH_CAPE	2021	10	1	274	9.5	11.7	5.30857413918199	-999.9	1.4	3.72685185185186	10.9993793950328	330
NORTH_CAPE	2021	10	2	275	9.1	12.7	6.70484846421713	-999.9	2.1	5.83333333333333	10.5121207081461	330
NORTH_CAPE	2021	10	3	276	9.4	12.1	5.73245911114869	-999.9	0	4.72222222222222	10.4369986801531	330
NORTH_CAPE	2021	10	4	277	7.8	12.8	7.7004594729565	-999.9	0	5.55555555555556	9.408120623847	330
NORTH_CAPE	2021	10	5	278	11	15.3	7.04840187887801	-999.9	0	4.01620370370369	11.881666301803	330
NORTH_CAPE	2021	10	6	279	13.6	16.6	5.8102552039175	-999.9	0	5.75231481481481	13.56277511995	330
NORTH_CAPE	2021	10	7	280	13	19.1	8.17583638646835	-999.9	0	5.47453703703703	14.6725585470607	330
NORTH_CAPE	2021	10	8	281	9.1	13.1	6.53259541161454	-999.9	0.6	8.90046296296297	9.30941485574587	330
NORTH_CAPE	2021	10	9	282	6.9	12.7	7.76095882711766	-999.9	0	3.18287037037036	8.29752169193959	330
NORTH_CAPE	2021	10	10	283	11.4	14.6	5.68696447355099	-999.9	0	7.17592592592592	10.8393488675088	330
NORTH_CAPE	2021	10	11	284	12.2	15.5	5.69674321297721	-999.9	0	4.78009259259258	13.3934188669797	330
NORTH_CAPE	2021	10	12	285	12	15.3	5.61891356678853	-999.9	0	3.10185185185186	13.9558821500616	330
NORTH_CAPE	2021	10	13	286	12.4	14.2	4.09280015887053	-999.9	21.9	4.43287037037036	14.7214616736579	330
NORTH_CAPE	2021	10	14	287	10.1	13.2	5.2968656432605	-999.9	0.5	5.21990740740742	12.7887918545454	330
NORTH_CAPE	2021	10	15	288	9.9	14.2	6.15166792948155	-999.9	0	3.40277777777778	12.6088694391935	330
NORTH_CAPE	2021	10	16	289	12.6	14	3.46108157991946	-999.9	5.4	5.84490740740742	13.1240808496933	330
NORTH_CAPE	2021	10	17	290	12.8	16.1	5.23919482867759	-999.9	2.7	7.88194444444445	15.1547953908806	330
NORTH_CAPE	2021	10	18	291	10.7	13.1	4.40499716752822	-999.9	0.2	6.80555555555556	11.4068673682369	330
NORTH_CAPE	2021	10	19	292	7.9	10.8	4.77360288300968	-999.9	1.5	7.98611111111111	8.96430455529626	330
NORTH_CAPE	2021	10	20	293	7.1	12	6.11687647017026	-999.9	0	2.71990740740741	9.89223143446706	330
NORTH_CAPE	2021	10	21	294	10.6	12.8	4.04023718321462	-999.9	0.7	4.98842592592592	11.0443878557372	330
NORTH_CAPE	2021	10	22	295	12.5	17.1	5.75864383773587	-999.9	12.7	5.05787037037036	15.4511761001347	330
NORTH_CAPE	2021	10	23	296	10.7	13.9	4.73419966703865	-999.9	0.4	3.62268518518519	14.141072747714	330
NORTH_CAPE	2021	10	24	297	7.6	10.8	4.66620712608221	-999.9	9.1	11.5046296296296	10.2088062496077	330
NORTH_CAPE	2021	10	25	298	5.4	10.9	6.02945067898826	-999.9	0.2	6.37731481481481	8.53165809621783	330
NORTH_CAPE	2021	10	26	299	5.1	11.5	6.41042147077787	-999.9	0	4.78009259259258	9.06066109798211	330
NORTH_CAPE	2021	10	27	300	8.8	10.5	3.25624487329895	-999.9	0.2	13.2175925925926	9.18707236861274	330
NORTH_CAPE	2021	10	28	301	8.3	9.7	2.91240329006556	-999.9	0	12.7777777777778	8.6598925085385	330
NORTH_CAPE	2021	10	29	302	8.8	10.1	2.76602548187594	-999.9	0.2	8.84259259259258	9.49362327005136	330
NORTH_CAPE	2021	10	30	303	8.1	11.1	4.14140360060063	-999.9	0	3.09027777777778	10.3873431190031	330
NORTH_CAPE	2021	10	31	304	8.9	13.3	4.94338628140778	-999.9	11.1	8.33333333333333	11.9131763741879	330
NORTH_CAPE	2021	11	1	305	8.6	13.5	5.14185613465223	-999.9	0.2	9.00462962962964	10.5712499424516	330
NORTH_CAPE	2021	11	2	306	7.3	10.6	4.15928389554438	-999.9	0	10.462962962963	6.84597455036535	330
NORTH_CAPE	2021	11	3	307	3.4	9.1	5.38838402037347	-999.9	1.5	3.35648148148147	6.32770050749825	330
NORTH_CAPE	2021	11	4	308	4.2	6.5	3.37417981244273	-999.9	0	7.43055555555556	5.73882946817606	330
NORTH_CAPE	2021	11	5	309	4	5.9	3.02337456824484	-999.9	0	4.88425925925925	4.84023105046279	330
NORTH_CAPE	2021	11	6	310	4.9	9.6	4.68820594463813	-999.9	0	10.0462962962963	6.78670693412314	330
NORTH_CAPE	2021	11	7	311	6.4	10	4.0456428635451	-999.9	0	9.27083333333333	7.78910341499922	330
NORTH_CAPE	2021	11	8	312	5.7	9.5	4.09870697555751	-999.9	0	4.82638888888889	7.84405990411905	330
NORTH_CAPE	2021	11	9	313	5.2	11.2	5.07918604605602	-999.9	0	5.65972222222222	9.16766552641556	330
NORTH_CAPE	2021	11	10	314	4.9	8.7	3.98678539087551	-999.9	0	5.92592592592592	6.98337128032044	330
NORTH_CAPE	2021	11	11	315	3	6.7	3.88059410970253	-999.9	0	9.83796296296297	5.30681806062022	330
NORTH_CAPE	2021	11	12	316	3	7.2	4.07893438512708	-999.9	1	5.54398148148147	5.60556515907868	330
NORTH_CAPE	2021	11	13	317	5.8	12	4.88996579720268	-999.9	1	7.40740740740742	9.72748578968288	330
NORTH_CAPE	2021	11	14	318	2.8	7.8	4.3336209097024	-999.9	6.1	8.77314814814814	7.55526914187451	330
NORTH_CAPE	2021	11	15	319	2.7	8.4	4.56701295514267	-999.9	10.1	7.06018518518519	7.92370897642732	330
NORTH_CAPE	2021	11	16	320	2.5	5.3	3.15995344572851	-999.9	1.4	16.2962962962963	6.25898572284724	330
NORTH_CAPE	2021	11	17	321	-0.1	4.2	3.86656892605201	-999.9	0.3	11.5277777777778	5.38441708549396	330
NORTH_CAPE	2021	11	18	322	0	11.6	6.2718909323079	-999.9	10.1	5.09661835748792	7.23814651282891	330
NORTH_CAPE	2021	11	19	323	3.3	12.9	5.63606977040414	-999.9	9.8	7.90509259259258	9.15526446130155	330
NORTH_CAPE	2021	11	20	324	-0.9	3.8	3.89636264840157	-999.9	0	10.8680555555556	4.30315976117513	330
NORTH_CAPE	2021	11	21	325	-0.8	6.1	4.66560921270479	-999.9	0	3.92361111111111	5.40837074084643	330
NORTH_CAPE	2021	11	22	326	4.8	10.5	4.19182865717476	-999.9	33.5	6.55092592592592	9.81066106308302	330
NORTH_CAPE	2021	11	23	327	1.5	5.4	3.42842637157281	-999.9	12.7	9.83796296296297	6.96876922624027	330
NORTH_CAPE	2021	11	24	328	2.2	5.4	3.0715198566024	-999.9	0	11.5740740740741	6.04058277312543	330
NORTH_CAPE	2021	11	25	329	3.6	6.2	2.73908451524948	-999.9	7.7	11.4930555555556	8.07259823838883	330
NORTH_CAPE	2021	11	26	330	5.4	6.4	1.68108230867675	-999.9	10	5.625	9.10436653151727	330
NORTH_CAPE	2021	11	27	331	-1	7.4	4.82318354891552	-999.9	8.8	9.00462962962964	6.89987758672622	330
NORTH_CAPE	2021	11	28	332	-1.5	-0.2	1.87893189483431	-999.9	0	14.6180555555556	4.3593336069719	330
NORTH_CAPE	2021	11	29	333	-4.5	3.7	4.6745152595165	-999.9	12.3	7.31481481481481	5.14426325023712	330
NORTH_CAPE	2021	11	30	334	-2.3	3.6	3.92912622275824	-999.9	2.5	13.1944444444444	5.22434897779534	330
NORTH_CAPE	2021	12	1	335	-2.6	2.3	3.54946758031339	-999.9	0.2	7.53472222222222	3.96050960250157	330
NORTH_CAPE	2021	12	2	336	-3.8	8.2	5.50821165243577	-999.9	6.1	6.36574074074075	5.89037567323164	330
NORTH_CAPE	2021	12	3	337	-2.3	8.4	5.15977723939588	-999.9	8.1	11.7939814814815	6.52861185353096	330
NORTH_CAPE	2021	12	4	338	-4.7	-1.6	2.75618080519863	-999.9	0	11.3078703703704	3.35423600932518	330
NORTH_CAPE	2021	12	5	339	-6.3	-1.7	3.33324028454225	-999.9	0.2	8.86574074074075	2.93472451317177	330
NORTH_CAPE	2021	12	6	340	-5.5	14.8	6.95462620599737	-999.9	6.8	8.22916666666667	6.99288272705696	330
NORTH_CAPE	2021	12	7	341	-2.8	14.3	6.34224619773737	-999.9	4.9	12.9861111111111	6.25537008744613	330
NORTH_CAPE	2021	12	8	342	-6.6	-2.6	3.04915352913699	-999.9	0.2	7.40740740740742	2.67959579781506	330
NORTH_CAPE	2021	12	9	343	-5.8	-2.1	2.91637240170079	-999.9	1	10.2662037037037	3.37626542565936	330
NORTH_CAPE	2021	12	10	344	-6.1	-0.5	3.5696108781358	-999.9	0	4.42129629629631	3.28116447338946	330
NORTH_CAPE	2021	12	11	345	-1.3	12.8	5.63788500162487	-999.9	13	6.08796296296297	8.13854134140893	330
NORTH_CAPE	2021	12	12	346	2.4	14	5.09229287699041	-999.9	2.4	13.7615740740741	7.82550109450857	330
NORTH_CAPE	2021	12	13	347	0.9	4.8	2.94167680901566	-999.9	2.5	11.9791666666667	5.20858393852281	330
NORTH_CAPE	2021	12	14	348	-1.9	3.8	3.54471452516209	-999.9	1.4	14.7106481481481	4.93204496439456	330
NORTH_CAPE	2021	12	15	349	-3.7	-1.3	2.29369481988803	-999.9	0	11.1226851851852	3.42705999395591	330
NORTH_CAPE	2021	12	16	350	-3.8	3.9	4.09890962027512	-999.9	2.2	5.28935185185186	4.89979478333333	330
NORTH_CAPE	2021	12	17	351	1.1	7.5	3.73004638834121	-999.9	9.7	9.94212962962964	7.04213192732155	330
NORTH_CAPE	2021	12	18	352	-2	1.2	2.63396507448131	-999.9	0.2	13.2523148148148	3.79796161738896	330
NORTH_CAPE	2021	12	19	353	-3	-1.1	2.02783689831825	-999.9	0	5.16203703703703	3.50543973188352	330
NORTH_CAPE	2021	12	20	354	-8.4	-2.4	3.60216887283677	-999.9	0.2	7.47685185185186	2.96383732899392	330
NORTH_CAPE	2021	12	21	355	-6.2	1.4	4.05451382231606	-999.9	0	10.3009259259259	3.67772500536728	330
NORTH_CAPE	2021	12	22	356	-5.3	2.9	4.21399261733691	-999.9	4.1	8.99305555555556	4.41387152968769	330
NORTH_CAPE	2021	12	23	357	-10.9	2.7	5.4327802882987	-999.9	5.6	16.2037037037037	3.73256467926816	330
NORTH_CAPE	2021	12	24	358	-11.3	-6.3	3.29923987026907	-999.9	0	19.2361111111111	2.41624227307539	330
NORTH_CAPE	2021	12	25	359	-7.4	0.1	4.04897549173674	-999.9	0	10.9490740740741	3.80735306033107	330
NORTH_CAPE	2021	12	26	360	-0.6	2.2	2.48020367440215	-999.9	0	7.26851851851853	5.55507763585318	330
NORTH_CAPE	2021	12	27	361	0	1.9	2.04920591637772	-999.9	0	9.28240740740742	5.47519767491726	330
NORTH_CAPE	2021	12	28	362	-0.2	1	1.63419818934674	-999.9	0.2	3.125	5.64686423615957	330
NORTH_CAPE	2021	12	29	363	-1	1.6	2.41495366243802	-999.9	0.2	4.42129629629631	5.49372907724009	330
NORTH_CAPE	2021	12	30	364	-1.5	0.7	2.23121713873921	-999.9	0	1.84027777777778	4.83376933122232	330
NORTH_CAPE	2021	12	31	365	-1.2	1.1	2.29245319949684	-999.9	0.2	2.15277777777778	5.05472731960296	330
