NORTH_CAPE	2022	1	1	1	-0.4	5.2	3.59609725131364	-999.9	0.7	3.15972222222222	6.70130202170455	330
NORTH_CAPE	2022	1	2	2	-4.5	5.1	4.7354965823211	-999.9	3.4	8.26388888888889	6.01644354700604	330
NORTH_CAPE	2022	1	3	3	-9.5	-4.1	3.57361323141616	-999.9	0	8.25231481481481	2.79539215429457	330
NORTH_CAPE	2022	1	4	4	-9	-5.4	2.93715815186952	-999.9	0.2	8.71527777777778	2.65241457754252	330
NORTH_CAPE	2022	1	5	5	-7.8	8.2	6.2356586509701	-999.9	4.9	5.47453703703703	5.41253496007059	330
NORTH_CAPE	2022	1	6	6	-2.9	4.5	4.27229569507395	-999.9	2.3	6.06481481481481	5.93986837940983	330
NORTH_CAPE	2022	1	7	7	-4.8	-1.5	2.8753993520151	-999.9	5	11.5856481481481	4.19481563575847	330
NORTH_CAPE	2022	1	8	8	-6.9	-3.5	2.94269138862276	-999.9	1.3	15.2199074074074	3.16216033391181	330
NORTH_CAPE	2022	1	9	9	-7.6	1.9	4.96129348835239	-999.9	3	7.03703703703703	4.00938839689997	330
NORTH_CAPE	2022	1	10	10	-13.9	1.7	6.41478973007298	-999.9	0	13.7615740740741	2.80014295056915	330
NORTH_CAPE	2022	1	11	11	-16.1	-12.9	2.93248981104899	-999.9	0.2	11.3310185185185	1.62202640536299	330
NORTH_CAPE	2022	1	12	12	-18.3	-4.2	6.21529842520546	-999.9	3	6.44675925925925	2.06736058360794	330
NORTH_CAPE	2022	1	13	13	-6.6	-2	3.58564088668856	-999.9	0	3.81944444444444	3.38655757437943	330
NORTH_CAPE	2022	1	14	14	-6.8	-0.7	4.17184078608643	-999.9	3.6	7.91666666666667	4.24646550234989	330
NORTH_CAPE	2022	1	15	15	-11.8	-5.7	4.21635359908603	-999.9	4.1	19.537037037037	2.68483043059143	330
NORTH_CAPE	2022	1	16	16	-12.3	-6.9	4.01058274450118	-999.9	0	14.224537037037	2.23459088467726	330
NORTH_CAPE	2022	1	17	17	-11.9	3.7	6.8934300498625	-999.9	2.7	9.90740740740742	3.47755646484448	330
NORTH_CAPE	2022	1	18	18	-12	4.8	7.23617272738622	-999.9	0.5	8.91203703703703	4.05757411701872	330
NORTH_CAPE	2022	1	19	19	-14.1	-2.7	6.03116762940431	-999.9	1.2	10.162037037037	2.62336911004758	330
NORTH_CAPE	2022	1	20	20	-10.8	-1.9	5.39320444553383	-999.9	0	8.24074074074075	3.1301110709372	330
NORTH_CAPE	2022	1	21	21	-13.7	-10.2	3.42366900717808	-999.9	0	7.21064814814814	1.87864575554516	330
NORTH_CAPE	2022	1	22	22	-14.5	-8.8	4.4238334676611	-999.9	0.3	3.27546296296297	1.93311904635103	330
NORTH_CAPE	2022	1	23	23	-11.4	-3.6	5.24088644638494	-999.9	0	5.01157407407408	2.80010058692682	330
NORTH_CAPE	2022	1	24	24	-14.5	-5.4	5.73405153475146	-999.9	0.2	4.81481481481481	1.94819876648627	330
NORTH_CAPE	2022	1	25	25	-13.5	-2.8	6.29938923958194	-999.9	4.3	3.88888888888889	2.77439144151223	330
NORTH_CAPE	2022	1	26	26	-14.3	-8.7	4.61788770196971	-999.9	0	8.05555555555556	1.98455178116545	330
NORTH_CAPE	2022	1	27	27	-15.9	-9.4	5.04221032554411	-999.9	0.2	5.27777777777778	1.68793621868311	330
NORTH_CAPE	2022	1	28	28	-9.5	-4.3	4.57138773337788	-999.9	0.2	5.15046296296297	3.0106094797665	330
NORTH_CAPE	2022	1	29	29	-8.8	-1.7	5.41526834520261	-999.9	7.8	15.0347222222222	3.63152992718074	330
NORTH_CAPE	2022	1	30	30	-9.9	0.6	6.67709266766513	-999.9	1.2	9.51388888888889	3.51522792544977	330
NORTH_CAPE	2022	1	31	31	-12.2	-8.1	4.23096517794617	-999.9	0	8.59953703703703	1.84328782097675	330
NORTH_CAPE	2022	2	1	32	-14.9	-8.7	5.27650490558327	-999.9	0.2	3.85416666666667	1.791980023012	330
NORTH_CAPE	2022	2	2	33	-13.9	2.4	8.6774271340861	-999.9	0	4.89583333333333	3.09946419377084	330
NORTH_CAPE	2022	2	3	34	-6.3	5.9	7.61487948256876	-999.9	4.9	6.19212962962964	5.68348213399222	330
NORTH_CAPE	2022	2	4	35	-7.3	-5.4	3.04846225011589	-999.9	14	12.6041666666667	3.42745563640927	330
NORTH_CAPE	2022	2	5	36	-12.1	-5.5	5.76404859265171	-999.9	0.7	12.9282407407407	2.55852916810928	330
NORTH_CAPE	2022	2	6	37	-15.8	-10.7	5.14066181182395	-999.9	0	7.63888888888889	1.49009275815756	330
NORTH_CAPE	2022	2	7	38	-10.7	-1.2	7.11863401244746	-999.9	0.2	5.20833333333333	2.9998210121034	330
NORTH_CAPE	2022	2	8	39	-2	0.3	3.55400835512702	-999.9	16.1	8.15972222222222	5.58486845608187	330
NORTH_CAPE	2022	2	9	40	-1.7	0.3	3.36282413828637	-999.9	1.2	7.32638888888889	5.37309985179018	330
NORTH_CAPE	2022	2	10	41	-2.8	2.6	5.60701825861611	-999.9	0	3.99305555555556	5.47870495012717	330
NORTH_CAPE	2022	2	11	42	-0.6	2.9	4.5806044310495	-999.9	0	6.05324074074075	5.55188850198335	330
NORTH_CAPE	2022	2	12	43	0.4	8.2	6.93895456616876	-999.9	1.3	6.07638888888889	6.50337060020662	330
NORTH_CAPE	2022	2	13	44	-10.8	0.9	8.62379880341638	-999.9	0.4	7.62731481481481	3.07455423746438	330
NORTH_CAPE	2022	2	14	45	-12.9	-9.1	4.98716996689753	-999.9	0.5	9.47916666666667	2.01112452210764	330
NORTH_CAPE	2022	2	15	46	-15.3	-10.8	5.50706175651786	-999.9	0	8.99305555555556	1.45827368235053	330
NORTH_CAPE	2022	2	16	47	-14.8	1.6	10.6678908050201	-999.9	0	7.16435185185186	2.49028051912923	330
NORTH_CAPE	2022	2	17	48	1.6	7.7	6.60166127812954	-999.9	7	9.69907407407408	7.44945608024669	330
NORTH_CAPE	2022	2	18	49	-8.7	9.3	11.5064724416873	-999.9	28.5	6.21527777777778	5.54338695186786	330
NORTH_CAPE	2022	2	19	50	-10.1	-3.7	6.96140385416537	-999.9	2.3	5.47453703703703	2.51596573156957	330
NORTH_CAPE	2022	2	20	51	-10.4	-3.6	7.2801927434758	-999.9	1.5	7.37268518518519	2.82542136568653	330
NORTH_CAPE	2022	2	21	52	-7.5	0.7	8.11064017934656	-999.9	0.4	7.71990740740742	3.69270897376067	330
NORTH_CAPE	2022	2	22	53	-10.7	-1.3	8.80942890992997	-999.9	0	9.00462962962964	2.98846018325236	330
NORTH_CAPE	2022	2	23	54	-3.8	8	10.0123035111748	-999.9	13.9	7.36111111111111	6.52007354848472	330
NORTH_CAPE	2022	2	24	55	-11.7	-7.2	6.2716210078232	-999.9	0	13.3564814814815	1.86780591750325	330
NORTH_CAPE	2022	2	25	56	-13.6	-11.6	4.24070809155547	-999.9	0	5.49768518518519	1.68020467061817	330
NORTH_CAPE	2022	2	26	57	-13.5	-8.2	7.00129597344732	-999.9	0	5.91435185185186	1.78943373448265	330
NORTH_CAPE	2022	2	27	58	-9.8	-3.7	7.61706964150225	-999.9	1.2	7.31481481481481	2.8185073542445	330
NORTH_CAPE	2022	2	28	59	-13.2	-8.8	6.55987283164876	-999.9	0.8	10.9375	1.79074248471809	330
NORTH_CAPE	2022	3	1	60	-13.4	-6.3	8.4490166331899	-999.9	0	5.71759259259258	1.82347000599098	330
NORTH_CAPE	2022	3	2	61	-10.8	-0.5	10.3172439316356	-999.9	6.8	6.27314814814814	3.39234013000728	330
NORTH_CAPE	2022	3	3	62	-14.6	-6.9	9.04309648160771	-999.9	0	5.38194444444445	1.82039738331121	330
NORTH_CAPE	2022	3	4	63	-17.1	-8	9.96497801496889	-999.9	0	9.43287037037036	1.4386448107264	330
NORTH_CAPE	2022	3	5	64	-10.1	-3.6	8.53595061605908	-999.9	0	7.66203703703703	2.42616038928042	330
NORTH_CAPE	2022	3	6	65	-7.5	0.3	9.47624905733429	-999.9	7.6	5.60185185185186	3.88303371275837	330
NORTH_CAPE	2022	3	7	66	-2.4	0.1	5.43633532211246	-999.9	2.4	4.15509259259258	5.3931699900961	330
NORTH_CAPE	2022	3	8	67	-7.2	0.1	9.41231933306564	-999.9	9.9	8.25231481481481	3.89872273786042	330
NORTH_CAPE	2022	3	9	68	-8.1	-1.7	8.92842791655539	-999.9	0	7.33796296296297	2.77247341272751	330
NORTH_CAPE	2022	3	10	69	-5.3	2.5	9.98462670786133	-999.9	0	5.94907407407408	3.96398206003298	330
NORTH_CAPE	2022	3	11	70	-5.2	-1.5	6.96520097910057	-999.9	0	4.49074074074075	3.75448648788818	330
NORTH_CAPE	2022	3	12	71	-3.6	5.8	11.2432735601327	-999.9	11.5	6.86342592592592	6.36874990252453	330
NORTH_CAPE	2022	3	13	72	-8	-1.4	9.53989959629215	-999.9	1	14.9884259259259	2.96817396478655	330
NORTH_CAPE	2022	3	14	73	-7.9	0.1	10.6342268611648	-999.9	0.2	7.11805555555556	3.17926938395735	330
NORTH_CAPE	2022	3	15	74	-4.5	-0.3	7.80045626559982	-999.9	0	6.15740740740742	3.46756929077487	330
NORTH_CAPE	2022	3	16	75	-5.1	3.2	11.0997570543085	-999.9	0	4.78009259259258	3.81984550166364	330
NORTH_CAPE	2022	3	17	76	-0.9	6.4	10.5355908703091	-999.9	0.3	5.26620370370369	6.34743891731129	330
NORTH_CAPE	2022	3	18	77	-1.9	4.3	9.82561442598579	-999.9	0.2	5.03472222222222	6.19719697626915	330
NORTH_CAPE	2022	3	19	78	-2.6	0	6.43813023472826	-999.9	0.3	5.77546296296297	4.45601776406618	330
NORTH_CAPE	2022	3	20	79	-1.6	1.8	7.44841804433035	-999.9	13.5	4.05092592592592	5.847383193217	330
NORTH_CAPE	2022	3	21	80	-1.8	1.2	7.07747810455989	-999.9	1	6.57407407407408	5.20689602420491	330
NORTH_CAPE	2022	3	22	81	-4.4	0.7	9.33335340866356	-999.9	0.2	13.0902777777778	3.82069013387217	330
NORTH_CAPE	2022	3	23	82	-0.7	0.6	4.76540725675464	-999.9	0	9.45601851851853	4.4113496875	330
NORTH_CAPE	2022	3	24	83	-1.8	0	5.66997288301104	-999.9	0	4.59490740740742	4.58860437692008	330
NORTH_CAPE	2022	3	25	84	-1.2	0.8	6.04249726620086	-999.9	11.2	3.98148148148147	5.7565734785092	330
NORTH_CAPE	2022	3	26	85	-0.6	2.7	7.84612548147807	-999.9	5.2	1.00694444444444	6.0591331028746	330
NORTH_CAPE	2022	3	27	86	-0.7	3.3	8.73101896196869	-999.9	10.6	4.07407407407408	6.40484189784376	330
NORTH_CAPE	2022	3	28	87	-1.1	2.6	8.4861771045691	-999.9	2.2	3.41435185185186	6.15936169087525	330
NORTH_CAPE	2022	3	29	88	-3.4	-1	6.90609594932025	-999.9	6.1	12.3263888888889	4.79686266407055	330
NORTH_CAPE	2022	3	30	89	-2.7	2.5	10.2703144148113	-999.9	0	11.0185185185185	4.6104393834249	330
NORTH_CAPE	2022	3	31	90	-0.4	4.5	10.0710417746507	-999.9	6.3	5.37037037037036	5.53613270502997	330
NORTH_CAPE	2022	4	1	91	-0.3	9.6	14.4586374872199	-999.9	13.7	5.70601851851853	8.44676809866744	330
NORTH_CAPE	2022	4	2	92	-1.1	1.2	7.03794988148656	-999.9	7.5	10.9837962962963	5.74881976666667	330
NORTH_CAPE	2022	4	3	93	-0.7	3.7	9.82924368976521	-999.9	0	6.89814814814814	5.07829847312191	330
NORTH_CAPE	2022	4	4	94	-0.9	1.5	7.32908772680952	-999.9	0	7.82407407407408	4.96056031807883	330
NORTH_CAPE	2022	4	5	95	-3.2	2.9	11.795022887855	-999.9	0	5.65972222222222	4.33255245602334	330
NORTH_CAPE	2022	4	6	96	-1.9	3.4	11.0968687024181	-999.9	0	4.10879629629631	4.61117822673202	330
NORTH_CAPE	2022	4	7	97	-0.3	3.2	9.10048008479527	-999.9	0	3.4375	5.91626144526046	330
NORTH_CAPE	2022	4	8	98	0	3.1	8.64207633862627	-999.9	1.9	8.91203703703703	6.1013675819046	330
NORTH_CAPE	2022	4	9	99	0.5	7	12.6252560252261	-999.9	0.5	3.49537037037036	7.67767414614913	330
NORTH_CAPE	2022	4	10	100	-0.7	1.2	6.88566650652433	-999.9	0.8	6.12268518518519	6.18109860498231	330
NORTH_CAPE	2022	4	11	101	0.7	5	10.4478904840207	-999.9	0	6.05324074074075	6.18797124007835	330
NORTH_CAPE	2022	4	12	102	1.6	6.1	10.778678367775	-999.9	0.4	2.77777777777778	6.51040587770185	330
NORTH_CAPE	2022	4	13	103	-0.5	6.4	13.4582472259232	-999.9	0	3.77314814814814	7.081936680277	330
NORTH_CAPE	2022	4	14	104	0.9	4.5	9.80076339943674	-999.9	0	4.27083333333333	6.50122177458807	330
NORTH_CAPE	2022	4	15	105	1.6	5.9	10.7976130381498	-999.9	4.3	3.96990740740742	7.70509891505333	330
NORTH_CAPE	2022	4	16	106	3.4	10.3	13.7861603451804	-999.9	7.3	6.35416666666667	8.17827613527166	330
NORTH_CAPE	2022	4	17	107	1.3	5.6	10.9677825491353	-999.9	8.2	7.51157407407408	7.19388396248118	330
NORTH_CAPE	2022	4	18	108	0.5	4.5	10.6591165488481	-999.9	0	7.17592592592592	5.60748123520517	330
NORTH_CAPE	2022	4	19	109	0.5	8.3	14.9963696913189	-999.9	14.8	12.0138888888889	7.37169438203981	330
NORTH_CAPE	2022	4	20	110	2.9	8.1	12.3347221196987	-999.9	0.7	9.17824074074075	7.14323334881866	330
NORTH_CAPE	2022	4	21	111	2.1	6.8	11.8115519824869	-999.9	0	6.20370370370369	6.11575671459574	330
NORTH_CAPE	2022	4	22	112	3.1	7.8	11.8953992978018	-999.9	0.2	6.18055555555556	7.03372558754869	330
NORTH_CAPE	2022	4	23	113	0.1	3.1	9.56984166605314	-999.9	0	7.85879629629631	4.63838208318358	330
NORTH_CAPE	2022	4	24	114	1.7	3.8	8.06139174257238	-999.9	0	10.6365740740741	5.5480818105009	330
NORTH_CAPE	2022	4	25	115	1.6	3.9	8.49303734721092	-999.9	0	5.33564814814814	6.994690077845	330
NORTH_CAPE	2022	4	26	116	2.3	13.9	19.198601456196	-999.9	0	5.76388888888889	8.62203583028793	330
NORTH_CAPE	2022	4	27	117	3.1	7.4	11.7641165946649	-999.9	16.9	5.40509259259258	8.43934902221679	330
NORTH_CAPE	2022	4	28	118	2.2	3.2	5.70890564293528	-999.9	8.2	9.75694444444444	7.30844128814724	330
NORTH_CAPE	2022	4	29	119	1.4	2.6	6.29237807366598	-999.9	2.1	10.4398148148148	6.88789890257603	330
NORTH_CAPE	2022	4	30	120	0.5	1.4	5.48227202214235	-999.9	6.3	10.0462962962963	6.37528569218067	330
NORTH_CAPE	2022	5	1	121	0.4	1.7	6.62781278646303	-999.9	1.4	7.93981481481481	6.35213577234404	330
NORTH_CAPE	2022	5	2	122	0.7	4.5	11.3970891833391	-999.9	0	3.63425925925925	6.11608146946229	330
NORTH_CAPE	2022	5	3	123	0.7	5.5	12.8816350663701	-999.9	0	3.07870370370369	6.45195496288284	330
NORTH_CAPE	2022	5	4	124	3.4	12.3	17.6375599541492	-999.9	0	6.50462962962964	8.14884428547035	330
NORTH_CAPE	2022	5	5	125	3.8	6.8	10.2953810386974	-999.9	0	6.60879629629631	7.13035513981546	330
NORTH_CAPE	2022	5	6	126	1.4	6.2	13.0914017637988	-999.9	0	5.19675925925925	6.08756508358307	330
NORTH_CAPE	2022	5	7	127	-0.9	3.9	13.1587788429003	-999.9	0	4.36342592592592	4.74772461067402	330
NORTH_CAPE	2022	5	8	128	1	7.7	15.6245590719203	-999.9	0	3.28703703703703	5.71782182647777	330
NORTH_CAPE	2022	5	9	129	2.8	9.1	15.2251740086354	-999.9	0	2.07175925925926	6.56951278139632	330
NORTH_CAPE	2022	5	10	130	4.8	8.3	11.4023432284521	-999.9	0	3.41435185185186	7.29170733447505	330
NORTH_CAPE	2022	5	11	131	4.6	16.5	21.1226495241328	-999.9	0	3.80787037037036	9.2902525075334	330
NORTH_CAPE	2022	5	12	132	9.2	20.6	20.7677351682338	-999.9	0.2	4.17824074074075	11.184880297498	330
NORTH_CAPE	2022	5	13	133	9.3	22.9	22.7832240490312	-999.9	0	4.34027777777778	12.1485315836742	330
NORTH_CAPE	2022	5	14	134	5.3	11.2	15.0705187759376	-999.9	0	3.76157407407408	9.32690537426894	330
NORTH_CAPE	2022	5	15	135	6.3	8.9	10.0459966098059	-999.9	0	4.96527777777778	9.75266468034402	330
NORTH_CAPE	2022	5	16	136	8.3	17.1	18.5566578619812	-999.9	0	5.20833333333333	13.2456812452424	330
NORTH_CAPE	2022	5	17	137	9.6	21.6	21.7545074721524	-999.9	8.5	6.13425925925925	15.6585980815787	330
NORTH_CAPE	2022	5	18	138	7.3	11.5	12.9190874537962	-999.9	0	8.91203703703703	8.59557782558704	330
NORTH_CAPE	2022	5	19	139	6.6	14.4	17.6706131303013	-999.9	0	6.62037037037036	7.85076798521119	330
NORTH_CAPE	2022	5	20	140	7.8	13.3	14.8912637329601	-999.9	0	3.61111111111111	8.6847128929772	330
NORTH_CAPE	2022	5	21	141	8.7	21.8	23.0611371603445	-999.9	9.8	6.35416666666667	12.0316082929214	330
NORTH_CAPE	2022	5	22	142	11.2	21	20.0125361454016	-999.9	3.1	5.03472222222222	17.3233314264995	330
NORTH_CAPE	2022	5	23	143	8.4	12.4	12.8266266591099	-999.9	0	7.02546296296297	10.1096175296453	330
NORTH_CAPE	2022	5	24	144	5.9	10.2	13.3401151892691	-999.9	0	3.48379629629631	8.03909944553576	330
NORTH_CAPE	2022	5	25	145	5.1	18.2	23.3535868904538	-999.9	0	3.93518518518519	7.93815377131115	330
NORTH_CAPE	2022	5	26	146	9.2	13.9	14.0284386244739	-999.9	0.8	4.73379629629631	10.931616987375	330
NORTH_CAPE	2022	5	27	147	9.4	12.2	10.8575518945393	-999.9	17.9	3.49537037037036	12.2957165136383	330
NORTH_CAPE	2022	5	28	148	10.5	24.9	24.6874832585417	-999.9	9.7	5.40509259259258	18.5977389695112	330
NORTH_CAPE	2022	5	29	149	10.9	17.9	17.2558993404305	-999.9	0	5.83333333333333	12.6757049169142	330
NORTH_CAPE	2022	5	30	150	9.5	18.9	20.0445350014593	-999.9	0.8	6.45833333333333	12.5668391315749	330
NORTH_CAPE	2022	5	31	151	7.2	9.5	9.93779576377519	-999.9	0	9.38657407407408	7.69267121018444	330
NORTH_CAPE	2022	6	1	152	7	11	13.1341198254902	-999.9	0	5.99537037037036	8.42934628534946	330
NORTH_CAPE	2022	6	2	153	6.7	12.8	16.2529271212258	-999.9	0	3.75	9.29933532169552	330
NORTH_CAPE	2022	6	3	154	6.9	10.7	12.8530187367247	-999.9	0	4.93055555555556	9.68090597802918	330
NORTH_CAPE	2022	6	4	155	7	10.1	11.6303277136582	-999.9	0	3.44907407407408	8.98976578374125	330
NORTH_CAPE	2022	6	5	156	8.5	11.6	11.6504020156512	-999.9	2.1	6.59722222222222	11.1138955074297	330
NORTH_CAPE	2022	6	6	157	8.9	14	14.9673670126727	-999.9	0.2	3.32175925925925	11.1660748485863	330
NORTH_CAPE	2022	6	7	158	9.3	12.9	12.5939862638596	-999.9	0	4.10879629629631	11.2000442385636	330
NORTH_CAPE	2022	6	8	159	11.2	18.3	17.7110480712088	-999.9	3.9	5.49768518518519	14.4722729652584	330
NORTH_CAPE	2022	6	9	160	12.1	16.4	13.8007916048019	-999.9	3.3	4.15509259259258	15.6492713713951	330
NORTH_CAPE	2022	6	10	161	13.3	21.7	19.3114877597766	-999.9	0	7.65046296296297	16.0888521592047	330
NORTH_CAPE	2022	6	11	162	14	21.1	17.773104458186	-999.9	0	7.46527777777778	15.3274972208336	330
NORTH_CAPE	2022	6	12	163	13.7	16.2	10.5563535627343	-999.9	0	4.67592592592592	14.6171777194271	330
NORTH_CAPE	2022	6	13	164	13.4	19	15.8124650097416	-999.9	13.4	3.58796296296297	16.4172866224625	330
NORTH_CAPE	2022	6	14	165	11.2	13.6	10.3591642313322	-999.9	27.4	7.48842592592592	14.0355574649003	330
NORTH_CAPE	2022	6	15	166	12	18.8	17.447733978758	-999.9	0	3.65740740740742	14.5440861574523	330
NORTH_CAPE	2022	6	16	167	14.5	23.1	19.6313997895004	-999.9	0	7.44444444444445	13.2988649890172	330
NORTH_CAPE	2022	6	17	168	14.6	20.1	15.705540421679	-999.9	0	6.97916666666667	15.1894203875488	330
NORTH_CAPE	2022	6	18	169	14.4	21	17.2093740337654	-999.9	2.9	4.24768518518519	18.6739939356732	330
NORTH_CAPE	2022	6	19	170	10.8	15.3	14.2125834560961	-999.9	0	5.64814814814814	14.4357571044741	330
NORTH_CAPE	2022	6	20	171	10.3	11.2	6.35643801952638	-999.9	6.5	7.28009259259258	11.8426924081955	330
NORTH_CAPE	2022	6	21	172	10.4	12.9	10.5935252270079	-999.9	0	5.46296296296297	11.8230609236168	330
NORTH_CAPE	2022	6	22	173	11.3	19.8	19.5303518700972	-999.9	0	3.79629629629631	14.335660047597	330
NORTH_CAPE	2022	6	23	174	11.3	18.2	17.591684699029	-999.9	0	4.95370370370369	13.8384507915974	330
NORTH_CAPE	2022	6	24	175	14.7	17.6	11.4003019363761	-999.9	10	2.77777777777778	17.9349804115873	330
NORTH_CAPE	2022	6	25	176	14	21.3	18.0786268694781	-999.9	0	2.80092592592592	19.3901292260712	330
NORTH_CAPE	2022	6	26	177	15.1	22	17.5657784146989	-999.9	0	4.43287037037036	18.0388068716086	330
NORTH_CAPE	2022	6	27	178	17.6	27.9	21.4463056226977	-999.9	0.3	6.99074074074075	19.9686338157005	330
NORTH_CAPE	2022	6	28	179	15.6	21.2	15.8005092406121	-999.9	0	4.98842592592592	18.4162622340079	330
NORTH_CAPE	2022	6	29	180	15.8	21.5	15.9261148469536	-999.9	0	3.93518518518519	17.5656190473937	330
NORTH_CAPE	2022	6	30	181	13.8	19.8	16.3228321923877	-999.9	0	4.16666666666667	15.3834014363863	330
NORTH_CAPE	2022	7	1	182	12.3	25.2	23.9064078875508	-999.9	0	3.88888888888889	15.9690440183002	330
NORTH_CAPE	2022	7	2	183	17.6	22.3	14.4118605182237	-999.9	3.4	5.84490740740742	20.8360856031816	330
NORTH_CAPE	2022	7	3	184	15.3	20.7	15.4266521676285	-999.9	0	4.45601851851853	17.1046388716804	330
NORTH_CAPE	2022	7	4	185	12.7	20	17.9098486557888	-999.9	0	6.12268518518519	12.6301329242737	330
NORTH_CAPE	2022	7	5	186	16.1	22.3	16.4791176036857	-999.9	0	5.28935185185186	15.3674363928868	330
NORTH_CAPE	2022	7	6	187	14.5	17.7	11.8187789594312	-999.9	27.7	7.75462962962964	16.8487196065954	330
NORTH_CAPE	2022	7	7	188	14.6	20.8	16.4211969388216	-999.9	0	5.28935185185186	14.793463435429	330
NORTH_CAPE	2022	7	8	189	14.9	23.2	18.9631779408324	-999.9	3.5	5.18518518518519	18.1579777322925	330
NORTH_CAPE	2022	7	9	190	14.7	18.6	12.9723656365416	-999.9	0	7.31481481481481	13.7271904756339	330
NORTH_CAPE	2022	7	10	191	15.6	21.5	15.9213285306751	-999.9	0	6.41203703703703	14.7394624736206	330
NORTH_CAPE	2022	7	11	192	16.2	25.9	20.3684095754406	-999.9	0	7.82407407407408	15.9020498317424	330
NORTH_CAPE	2022	7	12	193	16.2	26.1	20.5285487098702	-999.9	0	6.72453703703703	16.7162164014007	330
NORTH_CAPE	2022	7	13	194	15.8	24	18.6366703010632	-999.9	0	6.40046296296297	18.3838968783648	330
NORTH_CAPE	2022	7	14	195	14.2	20.5	16.2930977124873	-999.9	11.2	3.34490740740742	15.8711568253041	330
NORTH_CAPE	2022	7	15	196	14.4	19.7	14.9037120105654	-999.9	8	4.10879629629631	16.7311627990083	330
NORTH_CAPE	2022	7	16	197	18.1	26.3	18.4857719146521	-999.9	0	6.13425925925925	19.6845195997468	330
NORTH_CAPE	2022	7	17	198	18.4	26.3	18.0912784278196	-999.9	0	6.06481481481481	19.4268037351031	330
NORTH_CAPE	2022	7	18	199	19.7	28.2	18.7085872173943	-999.9	0	7.12962962962964	21.7358289125965	330
NORTH_CAPE	2022	7	19	200	18	25.4	17.400985412943	-999.9	32.7	7.10648148148147	24.3606151446642	330
NORTH_CAPE	2022	7	20	201	17.7	21.3	12.0972367280663	-999.9	0	9.86111111111111	18.0753288189594	330
NORTH_CAPE	2022	7	21	202	18.8	24.8	15.5645957002897	-999.9	0	4.45601851851853	20.9694680403569	330
NORTH_CAPE	2022	7	22	203	20.2	26.5	15.8931496337764	-999.9	0	4.75694444444445	24.5894150482373	330
NORTH_CAPE	2022	7	23	204	18.7	29.2	20.4438107695801	-999.9	0	3.81944444444444	22.3129988482063	330
NORTH_CAPE	2022	7	24	205	20.3	29.6	19.1684078150155	-999.9	0	4.51388888888889	23.1627289432009	330
NORTH_CAPE	2022	7	25	206	21.7	28	15.7159951999692	-999.9	0	5.96064814814814	24.348534179201	330
NORTH_CAPE	2022	7	26	207	18	24.4	15.7774985091277	-999.9	0.2	6.89814814814814	19.4232533359691	330
NORTH_CAPE	2022	7	27	208	16.4	22.8	15.7131772568794	-999.9	0	4.75694444444445	17.1574130526357	330
NORTH_CAPE	2022	7	28	209	16	22.7	16.0098184087054	-999.9	0	3.4375	18.0953317823819	330
NORTH_CAPE	2022	7	29	210	16.8	25.7	18.3724853590778	-999.9	7.3	4.54861111111111	22.0038916588066	330
NORTH_CAPE	2022	7	30	211	18.8	24.3	14.3789398806596	-999.9	1.6	6.70138888888889	20.6931016322505	330
NORTH_CAPE	2022	7	31	212	19.5	24.5	13.6474541854662	-999.9	0	6.96759259259258	20.6628455039482	330
NORTH_CAPE	2022	8	1	213	20.2	27.5	16.4133593999829	-999.9	0	5.38194444444445	23.0575928030963	330
NORTH_CAPE	2022	8	2	214	19.2	26	15.7655082693932	-999.9	0	5.43981481481481	21.4195996078499	330
NORTH_CAPE	2022	8	3	215	18.3	21.3	10.4202816328543	-999.9	0	4.90740740740742	19.5746013518823	330
NORTH_CAPE	2022	8	4	216	17	30.8	22.2367487482181	-999.9	0	5.71759259259258	21.3077970091046	330
NORTH_CAPE	2022	8	5	217	19.5	25	13.9660431094856	-999.9	0	5.42824074074075	22.2155037331402	330
NORTH_CAPE	2022	8	6	218	19.1	24.5	13.7656376382792	-999.9	0	3.64583333333333	18.5654644088413	330
NORTH_CAPE	2022	8	7	219	20.1	28.3	16.8717716265921	-999.9	9.7	7.54629629629631	25.4224739487669	330
NORTH_CAPE	2022	8	8	220	15.7	20.5	12.8373485332575	-999.9	3.9	4.90740740740742	12.9810669090607	330
NORTH_CAPE	2022	8	9	221	15.3	18.8	10.9002405344865	-999.9	19.6	9.78009259259258	16.374202428367	330
NORTH_CAPE	2022	8	10	222	16	21.1	13.0821955251448	-999.9	0	4.95370370370369	17.2490587734121	330
NORTH_CAPE	2022	8	11	223	16.9	23.9	15.2364554262327	-999.9	0	2.36111111111111	20.2548530275025	330
NORTH_CAPE	2022	8	12	224	16.9	21.6	12.4099167193307	-999.9	0	3.15972222222222	19.8538714875999	330
NORTH_CAPE	2022	8	13	225	19.1	21.4	8.62808168218885	-999.9	0	3.84259259259258	20.9271827962399	330
NORTH_CAPE	2022	8	14	226	17.1	19.8	9.28982915407928	-999.9	15.4	7.8125	19.0042574192603	330
NORTH_CAPE	2022	8	15	227	17.4	22.6	12.8099637093835	-999.9	0	4.10879629629631	19.8578656218116	330
NORTH_CAPE	2022	8	16	228	17.4	23.3	13.5561769219421	-999.9	0	3.98148148148147	20.7161021558516	330
NORTH_CAPE	2022	8	17	229	18.1	20.3	8.22303078087088	-999.9	19.6	11.2615740740741	20.3565011455139	330
NORTH_CAPE	2022	8	18	230	16.6	22.6	13.4880653119121	-999.9	1	5.33564814814814	20.144215213634	330
NORTH_CAPE	2022	8	19	231	16.4	21.6	12.4701886399082	-999.9	0	5.08101851851853	19.846802787516	330
NORTH_CAPE	2022	8	20	232	18.9	24.6	12.9643189219265	-999.9	0	4.38657407407408	22.6631978716521	330
NORTH_CAPE	2022	8	21	233	18.5	30	18.2829172402646	-999.9	0.4	3.09027777777778	23.5669178043931	330
NORTH_CAPE	2022	8	22	234	18.9	28.3	16.4092195204928	-999.9	0	5.37037037037036	17.9893355682358	330
NORTH_CAPE	2022	8	23	235	18.7	22	9.65053278531675	-999.9	8.4	4.61805555555556	21.8043352555794	330
NORTH_CAPE	2022	8	24	236	17.3	20.7	9.72180200746928	-999.9	1	3.57638888888889	20.5638248428315	330
NORTH_CAPE	2022	8	25	237	15.3	22.8	14.3282578668965	-999.9	0	4.24768518518519	18.8264252472593	330
NORTH_CAPE	2022	8	26	238	14.8	21.8	13.7343926522453	-999.9	9	3.78472222222222	15.9782787568569	330
NORTH_CAPE	2022	8	27	239	13.6	20.1	13.1297613967279	-999.9	0.6	4.42129629629631	14.9912127421184	330
NORTH_CAPE	2022	8	28	240	13.9	22.6	15.0675047661458	-999.9	0	4.84953703703703	13.7623550136492	330
NORTH_CAPE	2022	8	29	241	17	23.2	12.6153924722024	-999.9	0	7.07175925925925	19.1248367880874	330
NORTH_CAPE	2022	8	30	242	19.8	29.2	15.4040010387267	-999.9	0	6.84027777777778	24.9185737230632	330
NORTH_CAPE	2022	8	31	243	18.3	24.5	12.4042773112282	-999.9	35	4.94212962962964	22.9791326094786	330
NORTH_CAPE	2022	9	1	244	17.6	24.3	12.7838069116653	-999.9	0.2	5.43981481481481	19.394271513723	330
NORTH_CAPE	2022	9	2	245	12.2	18.8	12.5771714601888	-999.9	0	7.07175925925925	11.8751716324391	330
NORTH_CAPE	2022	9	3	246	12.6	23.1	15.7229773550331	-999.9	0	3.68055555555556	14.2901361523107	330
NORTH_CAPE	2022	9	4	247	15.6	22.2	12.353273037111	-999.9	0.4	6.60879629629631	18.1702678271709	330
NORTH_CAPE	2022	9	5	248	15.2	17.4	7.0669507655741	-999.9	0	6.25	13.8706616338402	330
NORTH_CAPE	2022	9	6	249	12.6	18.4	11.368051257435	-999.9	0.2	3.63425925925925	12.4792436385557	330
NORTH_CAPE	2022	9	7	250	11.4	20.1	13.7918825621328	-999.9	0	1.81712962962963	13.6675927159535	330
NORTH_CAPE	2022	9	8	251	13	21.8	13.738449542099	-999.9	0	2.40740740740741	15.9210399792862	330
NORTH_CAPE	2022	9	9	252	16.5	21.7	10.458540338296	-999.9	0	3.68055555555556	19.1199897975796	330
NORTH_CAPE	2022	9	10	253	17.8	20.3	7.18047197098493	-999.9	0	2.84722222222222	16.1329962445996	330
NORTH_CAPE	2022	9	11	254	15.6	21.3	10.7343215052906	-999.9	0.2	2.5462962962963	17.8141921225115	330
NORTH_CAPE	2022	9	12	255	14.4	22.2	12.4302343686315	-999.9	0	2.56944444444444	18.6970497567847	330
NORTH_CAPE	2022	9	13	256	18	21.1	7.75619027413504	-999.9	0	3.46064814814814	20.5789420446705	330
NORTH_CAPE	2022	9	14	257	17.1	24.1	11.5343487796929	-999.9	10.1	7.51157407407408	20.9326675703908	330
NORTH_CAPE	2022	9	15	258	12.8	17.2	9.0487346264558	-999.9	0	15.8449074074074	11.7565197079628	330
NORTH_CAPE	2022	9	16	259	11.5	14.1	6.88187556073495	-999.9	0	16.25	10.339699381412	330
NORTH_CAPE	2022	9	17	260	11.8	17.1	9.71981684270557	-999.9	0	11.7361111111111	10.8238670818185	330
NORTH_CAPE	2022	9	18	261	12.1	15.3	7.47027783178424	-999.9	0	8.21759259259258	9.34545679691624	330
NORTH_CAPE	2022	9	19	262	11.6	14	6.3980980095016	-999.9	0	4.18981481481481	9.30078221868643	330
NORTH_CAPE	2022	9	20	263	11.7	14.8	7.19037941971278	-999.9	1.2	7.91666666666667	11.394572258665	330
NORTH_CAPE	2022	9	21	264	13	17.4	8.46965121905284	-999.9	21.6	6.36574074074075	16.930965904093	330
NORTH_CAPE	2022	9	22	265	13.3	18	8.65364871765043	-999.9	19	4.78009259259258	16.5408770454555	330
NORTH_CAPE	2022	9	23	266	10.5	17.6	10.5131773856122	-999.9	12.9	10.0347222222222	13.8159427582276	330
NORTH_CAPE	2022	9	24	267	9.7	12.2	6.16556830881808	-999.9	25.2	21.3425925925926	11.2522031854979	330
NORTH_CAPE	2022	9	25	268	11	17.3	9.67199340682263	-999.9	0	8.79629629629631	11.6319475951019	330
NORTH_CAPE	2022	9	26	269	13.4	18.9	8.92924092927957	-999.9	2.6	4.96527777777778	16.5272083737572	330
NORTH_CAPE	2022	9	27	270	13.3	20.2	9.88076786372659	-999.9	0.2	4.73379629629631	16.3835529431088	330
NORTH_CAPE	2022	9	28	271	12.9	15.5	5.99144954599961	-999.9	0	4.80324074074075	14.6940561058684	330
NORTH_CAPE	2022	9	29	272	10.9	14.8	7.24775407415074	-999.9	0	7.08333333333333	12.1145162010683	330
NORTH_CAPE	2022	9	30	273	10	16.3	9.09735035891831	-999.9	0	7.55787037037036	10.4942105765394	330
NORTH_CAPE	2022	10	1	274	9.9	15	8.0826102021303	-999.9	0.2	6.88657407407408	11.2660664520175	330
NORTH_CAPE	2022	10	2	275	8.2	10.2	4.99749898160819	-999.9	0	7.91666666666667	6.89836836227662	330
NORTH_CAPE	2022	10	3	276	7.5	12.5	7.80088877426816	-999.9	0	5.25462962962964	6.83754520251171	330
NORTH_CAPE	2022	10	4	277	9.6	16.4	8.98020175100303	-999.9	0	6.48148148148147	9.39827936489199	330
NORTH_CAPE	2022	10	5	278	9.9	17.7	9.49300548580477	-999.9	0.2	4.18981481481481	12.3636636460587	330
NORTH_CAPE	2022	10	6	279	11.8	16.1	6.95614792345584	-999.9	0	2.1875	14.9193457374665	330
NORTH_CAPE	2022	10	7	280	11.6	15.6	6.62059878517759	-999.9	0.4	3.05555555555556	15.2857839946135	330
NORTH_CAPE	2022	10	8	281	8.9	14.7	7.8662865493941	-999.9	1	7.41898148148147	10.4401047635807	330
NORTH_CAPE	2022	10	9	282	7.1	11.1	6.44512549923105	-999.9	0	9.59490740740742	7.89165296187352	330
NORTH_CAPE	2022	10	10	283	6.6	10.9	6.59234236564369	-999.9	0	8.68055555555556	7.40165204977072	330
NORTH_CAPE	2022	10	11	284	8.2	12.6	6.57803245503313	-999.9	0	10.0231481481481	7.84075764564346	330
NORTH_CAPE	2022	10	12	285	9.6	15.5	7.51313837219431	-999.9	0	6.38888888888889	10.0048491097034	330
NORTH_CAPE	2022	10	13	286	11.2	19.1	8.57428337820461	-999.9	0.2	3.71527777777778	12.5302154834388	330
NORTH_CAPE	2022	10	14	287	12.2	15	5.03404537510501	-999.9	0	6.48148148148147	14.1064460137844	330
NORTH_CAPE	2022	10	15	288	13.1	14.9	3.9801084759759	-999.9	0	8.51851851851853	15.23364840428	330
NORTH_CAPE	2022	10	16	289	11.4	14	4.71665914055324	-999.9	16.2	4.31712962962964	14.6525741047788	330
NORTH_CAPE	2022	10	17	290	10	12.5	4.56013377435705	-999.9	0.5	3.39120370370369	13.0053309548321	330
NORTH_CAPE	2022	10	18	291	12.5	15.5	4.92493655364357	-999.9	0.2	6.53935185185186	14.8859092835502	330
NORTH_CAPE	2022	10	19	292	9.8	16.1	7.0358660534356	-999.9	23.3	8.53009259259258	14.360570869555	330
NORTH_CAPE	2022	10	20	293	8.7	13.2	5.861893541687	-999.9	0.7	8.25231481481481	9.77497397276047	330
NORTH_CAPE	2022	10	21	294	8.6	13.1	5.7783225088112	-999.9	0	7.38425925925925	8.95194088327338	330
NORTH_CAPE	2022	10	22	295	8.1	17.2	8.09957067480081	-999.9	0	7.24537037037036	10.2843560189993	330
NORTH_CAPE	2022	10	23	296	11.3	15.8	5.61407019219484	-999.9	0	5.49768518518519	12.7511846877487	330
NORTH_CAPE	2022	10	24	297	12.6	15.5	4.44209684215093	-999.9	6.3	2.58101851851852	13.8426919213607	330
NORTH_CAPE	2022	10	25	298	12.5	17	5.45384334386118	-999.9	3	3.65740740740742	16.6183121577742	330
NORTH_CAPE	2022	10	26	299	14.1	19.4	5.83357159298326	-999.9	11.7	4.53703703703703	18.6169572013707	330
NORTH_CAPE	2022	10	27	300	8.2	19.2	8.2830243632505	-999.9	0.5	9.84953703703703	13.6607624617379	330
NORTH_CAPE	2022	10	28	301	6.2	9.8	4.67023512151652	-999.9	0	8.93518518518519	6.74583644079951	330
NORTH_CAPE	2022	10	29	302	7.9	12.5	5.2031148988171	-999.9	0	9.25925925925925	7.74708368180449	330
NORTH_CAPE	2022	10	30	303	9.9	13.1	4.27722324667991	-999.9	0	7.65046296296297	8.96919077822391	330
NORTH_CAPE	2022	10	31	304	10.2	13.1	4.01325918869708	-999.9	0.7	7.23379629629631	9.44016270943205	330
NORTH_CAPE	2022	11	1	305	9.1	13.4	4.81677221482673	-999.9	0	2.83564814814814	12.3876194717399	330
NORTH_CAPE	2022	11	2	306	6.1	11.9	5.51411210571956	-999.9	0.3	12.4305555555556	7.48794920732752	330
NORTH_CAPE	2022	11	3	307	5.9	11.4	5.293006854971	-999.9	0	10.1967592592593	6.31106802290727	330
NORTH_CAPE	2022	11	4	308	10.1	15.7	5.26499930540059	-999.9	0	9.375	10.9118252866439	330
NORTH_CAPE	2022	11	5	309	12.2	19	5.71965207367435	-999.9	0	9.13194444444444	13.3453960922546	330
NORTH_CAPE	2022	11	6	310	14.7	20	4.97846762270479	-999.9	0	9.16666666666667	16.4032438011132	330
NORTH_CAPE	2022	11	7	311	9.2	16.9	5.9167286752859	-999.9	0.5	10.462962962963	12.0297975870617	330
NORTH_CAPE	2022	11	8	312	5	9.3	4.36002822140132	-999.9	0.7	17.2337962962963	6.1960042015977	330
NORTH_CAPE	2022	11	9	313	2.4	6.9	4.39870414643195	-999.9	0.2	9.1087962962963	4.91631602892076	330
NORTH_CAPE	2022	11	10	314	5	10.3	4.70835277068882	-999.9	0	11.1458333333333	7.4404475655475	330
NORTH_CAPE	2022	11	11	315	6.8	9.7	3.43555066078158	-999.9	0	7.51157407407408	9.0240153503664	330
NORTH_CAPE	2022	11	12	316	3.7	14.1	6.41857682395385	-999.9	53.4	10.8912037037037	10.9726421364741	330
NORTH_CAPE	2022	11	13	317	3.3	7.9	4.21200514064599	-999.9	6.7	7.1875	8.12161141003646	330
NORTH_CAPE	2022	11	14	318	2.4	8.7	4.8644774064798	-999.9	7.7	13.7268518518519	8.0351926452849	330
NORTH_CAPE	2022	11	15	319	1.1	3.2	2.77207172504502	-999.9	0	8.48379629629631	5.43796126496207	330
NORTH_CAPE	2022	11	16	320	0.4	8.5	5.37457562481811	-999.9	14.5	7.68518518518519	7.33319075516306	330
NORTH_CAPE	2022	11	17	321	0.6	9.5	5.56271143968578	-999.9	1.3	11.6782407407407	7.95806463567563	330
NORTH_CAPE	2022	11	18	322	-1.3	1.5	3.08140312345194	-999.9	0	12.5231481481481	4.41516070183875	330
NORTH_CAPE	2022	11	19	323	-2.8	2.1	4.02660273522946	-999.9	0.2	7.06018518518519	3.66879614707881	330
NORTH_CAPE	2022	11	20	324	-0.4	4.7	4.05878017594115	-999.9	0.4	10.0231481481481	5.5034097282673	330
NORTH_CAPE	2022	11	21	325	-4	1	3.97163031228314	-999.9	0.7	14.0046296296296	3.9395316389639	330
NORTH_CAPE	2022	11	22	326	-2.4	1.3	3.37727913213219	-999.9	0.3	11.6550925925926	4.09057359656771	330
NORTH_CAPE	2022	11	23	327	-3.5	1.7	3.95880577704875	-999.9	0	12.1412037037037	3.61388517994384	330
NORTH_CAPE	2022	11	24	328	-3.4	0.1	3.21227235590613	-999.9	0	13.6805555555556	3.79008015960326	330
NORTH_CAPE	2022	11	25	329	-4.8	5.4	5.4252386198188	-999.9	8.3	5.57870370370369	4.63125020212628	330
NORTH_CAPE	2022	11	26	330	2.8	5.7	2.86278001473799	-999.9	3.1	10.625	7.62955556785331	330
NORTH_CAPE	2022	11	27	331	1.9	6.2	3.45086821459946	-999.9	0.2	6.13425925925925	6.39845301230805	330
NORTH_CAPE	2022	11	28	332	-0.5	4.7	3.75786378966862	-999.9	12.7	9.24768518518519	6.32445896340339	330
NORTH_CAPE	2022	11	29	333	-2.6	0	2.63218451355284	-999.9	0.2	10.0810185185185	3.8187793155515	330
NORTH_CAPE	2022	11	30	334	-5.6	5.9	5.48553379593157	-999.9	0.5	5.41666666666667	4.46667949649264	330
NORTH_CAPE	2022	12	1	335	0.6	10.2	4.96821967446804	-999.9	10.9	13.6342592592593	7.05624552005951	330
NORTH_CAPE	2022	12	2	336	-3.8	1	3.48369893119536	-999.9	0.2	10.8449074074074	3.4491492123991	330
NORTH_CAPE	2022	12	3	337	-3.7	8.6	5.53212034750522	-999.9	0.4	6.14583333333333	5.85847111582025	330
NORTH_CAPE	2022	12	4	338	-2	11	5.64414981746843	-999.9	2.6	9.96527777777778	6.51407401070486	330
NORTH_CAPE	2022	12	5	339	-4.6	2.6	4.17017186905659	-999.9	0	4.44444444444444	3.37355684962116	330
NORTH_CAPE	2022	12	6	340	1.4	4	2.48892865481071	-999.9	0	4.98842592592592	5.88028368723487	330
NORTH_CAPE	2022	12	7	341	3.8	5.7	2.11408206591246	-999.9	5.1	6.67824074074075	8.38000334651951	330
NORTH_CAPE	2022	12	8	342	3	7	3.04915352913699	-999.9	24.2	8.49537037037036	8.58538720263084	330
NORTH_CAPE	2022	12	9	343	-1.8	3.3	3.42394835800087	-999.9	0.6	12.4305555555556	5.95341734925338	330
NORTH_CAPE	2022	12	10	344	-4.9	-1.2	2.90153440745552	-999.9	0.2	14.1087962962963	3.76613065469335	330
NORTH_CAPE	2022	12	11	345	-6.9	-3.5	2.76851011973371	-999.9	0.4	7.23379629629631	2.97962771430723	330
NORTH_CAPE	2022	12	12	346	-6.3	-4	2.26750522779325	-999.9	0.6	4.00462962962964	2.97778200713297	330
NORTH_CAPE	2022	12	13	347	-4.3	3.5	4.16015923942835	-999.9	11.9	11.4699074074074	4.93561133665918	330
NORTH_CAPE	2022	12	14	348	-1	3.7	3.21879090858029	-999.9	11.3	12.4189814814815	6.16807745129976	330
NORTH_CAPE	2022	12	15	349	1.3	2.9	1.87279397813021	-999.9	1.2	15.4398148148148	6.10729739034204	330
NORTH_CAPE	2022	12	16	350	1.4	2.4	1.47714449324363	-999.9	0	11.2037037037037	5.7801671759955	330
NORTH_CAPE	2022	12	17	351	1.6	2.7	1.54639554009351	-999.9	0	12.8472222222222	6.27686190629406	330
NORTH_CAPE	2022	12	18	352	1.5	2.9	1.74220413727682	-999.9	4.2	9.7337962962963	6.43267373877331	330
NORTH_CAPE	2022	12	19	353	1.1	2.9	1.97375150079951	-999.9	14.7	11.0185185185185	6.77861405720926	330
NORTH_CAPE	2022	12	20	354	1.3	2.5	1.61093889321936	-999.9	2.8	13.1018518518519	6.53971222854895	330
NORTH_CAPE	2022	12	21	355	-0.7	2.2	2.50455739267967	-999.9	0.2	4.29398148148147	5.0131188421114	330
NORTH_CAPE	2022	12	22	356	-4.3	-0.2	2.97974275558898	-999.9	0	8.50694444444445	3.80444319747276	330
NORTH_CAPE	2022	12	23	357	-2.9	5.3	4.2185151557258	-999.9	4.5	12.9398148148148	5.3130784157483	330
NORTH_CAPE	2022	12	24	358	-2.9	7	4.64244200488436	-999.9	6.2	10.2662037037037	5.46473711936597	330
NORTH_CAPE	2022	12	25	359	-7.3	-2.3	3.30597464526321	-999.9	0.2	9.94212962962964	2.82935807433485	330
NORTH_CAPE	2022	12	26	360	-4.3	-2.1	2.19846558392272	-999.9	0	13.1018518518519	3.14813235092086	330
NORTH_CAPE	2022	12	27	361	-7.8	-1.9	3.61106084700975	-999.9	0.9	9.61805555555556	3.24907564147092	330
NORTH_CAPE	2022	12	28	362	-9	-2.2	3.89016980242468	-999.9	0.2	8.95833333333333	3.01185292551202	330
NORTH_CAPE	2022	12	29	363	-4.4	-2	2.3202124289462	-999.9	4.5	3.40277777777778	3.82706204919391	330
NORTH_CAPE	2022	12	30	364	-2	6.8	4.46243427747842	-999.9	0.8	4.66435185185186	6.65875407236039	330
NORTH_CAPE	2022	12	31	365	2.2	8.4	3.76385084753209	-999.9	0.8	6.73611111111111	8.1628216185028	330
