NORTH_CAPE	2007	1	1	1	-6.9	0.6	4.16167389500374	-999.9	12.1	4.30555555555556	3.81493830458189	330
NORTH_CAPE	2007	1	2	2	-3.9	0.6	3.24217287390736	-999.9	4.7	9.03935185185186	4.89818270726618	330
NORTH_CAPE	2007	1	3	3	-4.3	1.1	3.57361323141616	-999.9	0	10.4398148148148	4.17454807495316	330
NORTH_CAPE	2007	1	4	4	-1.8	5.4	4.15376889320857	-999.9	0	6.86342592592592	5.3953820963167	330
NORTH_CAPE	2007	1	5	5	2	6.9	3.45080470846973	-999.9	4	7.97453703703703	7.37415737575463	330
NORTH_CAPE	2007	1	6	6	1.7	8.5	4.09543370375656	-999.9	25.7	5.16203703703703	8.54251372439268	330
NORTH_CAPE	2007	1	7	7	2.2	3.4	1.73393104964821	-999.9	0	12.3263888888889	5.96909403603313	330
NORTH_CAPE	2007	1	8	8	-1.7	5.2	4.19208234791754	-999.9	16	7.47685185185186	5.87290107300096	330
NORTH_CAPE	2007	1	9	9	-1.1	1.8	2.74114566760817	-999.9	0	11.5625	5.34411860112071	330
NORTH_CAPE	2007	1	10	10	-0.9	0.1	1.62412752280223	-999.9	1.9	7.06018518518519	5.08961632049051	330
NORTH_CAPE	2007	1	11	11	-6.9	-0.3	4.21146785747634	-999.9	0.7	11.2037037037037	3.90460612227369	330
NORTH_CAPE	2007	1	12	12	-6	1.4	4.50265103476502	-999.9	0.7	7.55787037037036	4.62755101021388	330
NORTH_CAPE	2007	1	13	13	-3.1	1.3	3.50682596797607	-999.9	0.6	10.3125	4.59818392676751	330
NORTH_CAPE	2007	1	14	14	-7.9	-3.1	3.70069613773312	-999.9	0	6.84027777777778	2.92100342683563	330
NORTH_CAPE	2007	1	15	15	-8.2	-2.9	3.93015829290328	-999.9	7.6	4.98842592592592	3.24625805241357	330
NORTH_CAPE	2007	1	16	16	-8.4	-2.6	4.15646949797108	-999.9	2.2	9.32870370370369	3.90316746448019	330
NORTH_CAPE	2007	1	17	17	-16.2	-12.6	3.31149668180697	-999.9	3.6	14.525462962963	1.80364706838041	330
NORTH_CAPE	2007	1	18	18	-16.1	-1.7	6.69939415644013	-999.9	0	8.09027777777778	2.69153504749192	330
NORTH_CAPE	2007	1	19	19	-12.3	2.8	6.94124617778503	-999.9	24.4	7.97453703703703	4.15892342655553	330
NORTH_CAPE	2007	1	20	20	-5.1	-3.9	1.98035251173637	-999.9	8.6	16.712962962963	3.68966189548558	330
NORTH_CAPE	2007	1	21	21	-11	-8.9	2.65196260954543	-999.9	11.6	16.1226851851852	2.39778309721387	330
NORTH_CAPE	2007	1	22	22	-11.3	-7.4	3.65926317823957	-999.9	0.7	12.2685185185185	2.30899022237784	330
NORTH_CAPE	2007	1	23	23	-9.4	-3.1	4.7100739240562	-999.9	0.6	2.4537037037037	3.05817286961331	330
NORTH_CAPE	2007	1	24	24	-8.5	-2	4.84615805142778	-999.9	0	2.47685185185185	3.08649777162984	330
NORTH_CAPE	2007	1	25	25	-12.9	-10	3.27948428667557	-999.9	0.7	9.79166666666667	2.01647486611717	330
NORTH_CAPE	2007	1	26	26	-16.9	-7.8	5.88667487598092	-999.9	9.7	10.1041666666667	2.00550324808081	330
NORTH_CAPE	2007	1	27	27	-14.3	-10.3	3.95543520639822	-999.9	3.5	14.3402777777778	1.874046675891	330
NORTH_CAPE	2007	1	28	28	-12.8	-6.6	4.99162822239247	-999.9	0.6	7.11805555555556	2.21951454770416	330
NORTH_CAPE	2007	1	29	29	-11.3	-7.3	4.06462799091592	-999.9	0	5.56712962962964	2.28792953264351	330
NORTH_CAPE	2007	1	30	30	-17.2	-12.9	4.27294184282942	-999.9	0	8.69212962962964	1.36356544170542	330
NORTH_CAPE	2007	1	31	31	-17.5	-13.1	4.38302412259072	-999.9	0.6	6.57407407407408	1.3232507756375	330
NORTH_CAPE	2007	2	1	32	-17.3	-4.3	7.6405069946874	-999.9	0.7	4.38657407407408	1.99051725169439	330
NORTH_CAPE	2007	2	2	33	-11.3	-1.7	6.65936454901933	-999.9	1.6	3.37962962962964	3.61462862712855	330
NORTH_CAPE	2007	2	3	34	-3.5	-2	2.67010751151307	-999.9	7.7	7.15277777777778	4.6880283851603	330
NORTH_CAPE	2007	2	4	35	-11.2	-6.9	4.58604433314819	-999.9	0	8.55324074074075	2.28937030907607	330
NORTH_CAPE	2007	2	5	36	-16.3	-14.4	3.09266205667974	-999.9	1.3	9.18981481481481	1.23952579343686	330
NORTH_CAPE	2007	2	6	37	-20.5	-13.4	6.06545130194843	-999.9	0	10.5787037037037	1.09696892935705	330
NORTH_CAPE	2007	2	7	38	-15	-11.5	4.32084696511068	-999.9	0	6.60879629629631	1.51945074191824	330
NORTH_CAPE	2007	2	8	39	-16.4	-13.1	4.25707691004213	-999.9	0	7.68518518518519	1.39445673184156	330
NORTH_CAPE	2007	2	9	40	-16	-11.3	5.15511178684298	-999.9	0	8.68055555555556	1.54737630182304	330
NORTH_CAPE	2007	2	10	41	-13.9	-8.2	5.76066364471931	-999.9	0.6	5.68287037037036	2.05778001219563	330
NORTH_CAPE	2007	2	11	42	-14.2	-9.8	5.13588280341646	-999.9	0.6	7.61574074074075	1.75525283121049	330
NORTH_CAPE	2007	2	12	43	-15.8	-5.4	8.01241457334423	-999.9	0.7	6.30787037037036	2.1138694935237	330
NORTH_CAPE	2007	2	13	44	-15	-9.2	6.07183109042394	-999.9	0.7	8.91203703703703	1.77668993807327	330
NORTH_CAPE	2007	2	14	45	-13.4	0.1	9.40003034377498	-999.9	2	6.66666666666667	3.30686258889083	330
NORTH_CAPE	2007	2	15	46	-5.1	1.7	6.76968009243652	-999.9	1.3	14.6990740740741	4.81011026578007	330
NORTH_CAPE	2007	2	16	47	-15.9	-10.2	6.28918059098442	-999.9	0	14.3055555555556	1.66593035809256	330
NORTH_CAPE	2007	2	17	48	-13.1	-5.5	7.3687719509458	-999.9	0.7	8.69212962962964	2.21571913211157	330
NORTH_CAPE	2007	2	18	49	-10	-2.1	7.62288722497855	-999.9	0.6	3.64583333333333	3.36828789706144	330
NORTH_CAPE	2007	2	19	50	-6.6	-4.2	4.26297183403734	-999.9	1.4	7.8125	3.5596867746842	330
NORTH_CAPE	2007	2	20	51	-16.2	-8.6	7.69653444266428	-999.9	0	7.38425925925925	1.84316241259944	330
NORTH_CAPE	2007	2	21	52	-12.3	-5.9	7.16536297959366	-999.9	0	4.52546296296297	2.36529658689254	330
NORTH_CAPE	2007	2	22	53	-11.3	-6	6.61487684959009	-999.9	0	5.99537037037036	2.37677867000923	330
NORTH_CAPE	2007	2	23	54	-11.5	-4.9	7.48798507983737	-999.9	0.6	3.84259259259258	2.63002737827193	330
NORTH_CAPE	2007	2	24	55	-13.3	-0.7	10.4944291976341	-999.9	1.3	6.07638888888889	3.33748164536592	330
NORTH_CAPE	2007	2	25	56	-4.4	-1.5	5.1064887565515	-999.9	1.9	10.4976851851852	3.88453514088322	330
NORTH_CAPE	2007	2	26	57	-4.3	-2.3	4.30086192799789	-999.9	0	5.98379629629631	4.09744438822412	330
NORTH_CAPE	2007	2	27	58	-6.3	-2	6.3952457324842	-999.9	0	3.47222222222222	4.02332229356062	330
NORTH_CAPE	2007	2	28	59	-6.5	-1.6	6.92256627205346	-999.9	0.6	1.34259259259259	4.20102421391316	330
NORTH_CAPE	2007	3	1	60	-8.2	-3	7.23067201942951	-999.9	0	2.56944444444444	3.77746391553579	330
NORTH_CAPE	2007	3	2	61	-5.7	-0.9	7.04313000845906	-999.9	3.3	6.95652173913044	4.32372858638628	330
NORTH_CAPE	2007	3	3	62	-3	1.9	7.21389541616897	-999.9	3.3	8.21969696969697	5.42383220148785	330
NORTH_CAPE	2007	3	4	63	-2.5	-0.1	5.11754027897581	-999.9	1.3	3.85964912280703	5.3877617268195	330
NORTH_CAPE	2007	3	5	64	-6.9	-2.4	7.10234022254526	-999.9	0.6	6.32275132275133	3.59853694444752	330
NORTH_CAPE	2007	3	6	65	-11.9	-10.3	4.2918956709816	-999.9	2.1	9.83796296296297	2.12040332276431	330
NORTH_CAPE	2007	3	7	66	-19.5	-14.2	7.91542370799118	-999.9	1.4	12.5231481481481	1.17116202619277	330
NORTH_CAPE	2007	3	8	67	-18.4	-14.4	6.96731135532016	-999.9	1.4	7.87037037037036	1.09787157979304	330
NORTH_CAPE	2007	3	9	68	-19.2	-5.5	13.0630711797216	-999.9	0	7.90509259259258	1.67191262882946	330
NORTH_CAPE	2007	3	10	69	-13.6	5.1	15.4598520918009	-999.9	1.4	5.48611111111111	3.20978671198051	330
NORTH_CAPE	2007	3	11	70	0.9	4.1	6.47750533757263	-999.9	5.4	5.35879629629631	6.91140427352253	330
NORTH_CAPE	2007	3	12	71	-3.9	1.1	8.20000001128626	-999.9	0	6.31944444444445	4.0701807640292	330
NORTH_CAPE	2007	3	13	72	-4.3	5	11.3243507008879	-999.9	0	5.06944444444445	5.20985749340782	330
NORTH_CAPE	2007	3	14	73	-2.6	10.1	13.3987038452928	-999.9	16.8	6.13425925925925	6.7788762231741	330
NORTH_CAPE	2007	3	15	74	1.9	5.2	6.9143654675656	-999.9	13.2	5.74074074074075	7.63366627618095	330
NORTH_CAPE	2007	3	16	75	-8	-3.4	8.26329662807483	-999.9	3.9	9.29398148148147	2.99402885672572	330
NORTH_CAPE	2007	3	17	76	-6.9	3.3	12.4536757233473	-999.9	23.4	12.0987654320988	5.25451228315363	330
NORTH_CAPE	2007	3	18	77	0.5	4.5	7.89212342529502	-999.9	0.6	7.53472222222222	6.32984235502418	330
NORTH_CAPE	2007	3	19	78	-5.9	-1.2	8.65609496963787	-999.9	2.3	11.5393518518519	3.02994297283418	330
NORTH_CAPE	2007	3	20	79	-2.5	1.8	8.3764270928347	-999.9	5.5	7.96296296296297	5.36285096922353	330
NORTH_CAPE	2007	3	21	80	-8.9	-1.2	11.3387001263819	-999.9	0.6	9.13194444444444	2.60643507447874	330
NORTH_CAPE	2007	3	22	81	-6.6	6.2	14.7862351125139	-999.9	0	9.25925925925925	4.64004018123267	330
NORTH_CAPE	2007	3	23	82	0.8	2.4	5.28674468082986	-999.9	0	6.88657407407408	5.7405718851282	330
NORTH_CAPE	2007	3	24	83	-5.3	-3.4	5.82534337274794	-999.9	0	5.54398148148147	3.34083381952954	330
NORTH_CAPE	2007	3	25	84	-6.4	-2.6	8.32900769016845	-999.9	0	3.34490740740742	3.20210597685708	330
NORTH_CAPE	2007	3	26	85	-8.3	5.1	15.810684725869	-999.9	0	2.99768518518519	3.92657764434287	330
NORTH_CAPE	2007	3	27	86	0.2	4.7	9.26064407201459	-999.9	0.8	5.74074074074075	6.58389308784188	330
NORTH_CAPE	2007	3	28	87	-0.6	1.4	6.2391614929569	-999.9	5	13.3217592592593	5.278304332634	330
NORTH_CAPE	2007	3	29	88	-3.6	0.7	9.24402720281308	-999.9	0	11.6550925925926	4.31996343190632	330
NORTH_CAPE	2007	3	30	89	-0.8	2.1	7.66974749759047	-999.9	0	8.02083333333333	4.90711148515706	330
NORTH_CAPE	2007	3	31	90	-4.6	-0.4	9.32397290062064	-999.9	0	9.69907407407408	3.20568468999851	330
NORTH_CAPE	2007	4	1	91	-3.2	0.2	8.47323458657418	-999.9	0	5.02314814814814	3.45138722994743	330
NORTH_CAPE	2007	4	2	92	-7.6	0.1	12.8773830502778	-999.9	0	4.35185185185186	3.34810041654794	330
NORTH_CAPE	2007	4	3	93	-3.5	0.2	9.01352413922999	-999.9	0	7.43055555555556	4.16650396261231	330
NORTH_CAPE	2007	4	4	94	-3.2	-0.5	7.77367144730716	-999.9	0	7.33796296296297	4.42594797686182	330
NORTH_CAPE	2007	4	5	95	-1.8	1.2	8.27169472174134	-999.9	15.7	9.52546296296297	5.78738611436134	330
NORTH_CAPE	2007	4	6	96	-0.1	4.1	9.87841251277554	-999.9	0	8.99305555555556	6.17607058545732	330
NORTH_CAPE	2007	4	7	97	-1.5	1.5	8.42540738008328	-999.9	6.9	4.80324074074075	5.11972294166667	330
NORTH_CAPE	2007	4	8	98	-1.9	-0.8	5.14794139209277	-999.9	3.6	17.6388888888889	5.52464127528183	330
NORTH_CAPE	2007	4	9	99	-1.3	0.4	6.45666087188277	-999.9	0.6	10.5092592592593	5.11922338931243	330
NORTH_CAPE	2007	4	10	100	-1.1	1.1	7.40935706870413	-999.9	0	5.63657407407408	4.66708010416667	330
NORTH_CAPE	2007	4	11	101	-3.7	2.3	12.3415585819521	-999.9	0	5.60185185185186	4.33298825678059	330
NORTH_CAPE	2007	4	12	102	-0.3	4.2	10.778678367775	-999.9	0	3.64734299516908	5.5507968932237	330
NORTH_CAPE	2007	4	13	103	-0.9	0.5	6.0621680934299	-999.9	0.6	10.8101851851852	5.63559470137766	330
NORTH_CAPE	2007	4	14	104	-1.2	-0.4	4.62012417369776	-999.9	0	9.83796296296297	5.77545359993952	330
NORTH_CAPE	2007	4	15	105	-1.9	0.5	8.0667603014411	-999.9	0	4.38657407407408	5.63312775054257	330
NORTH_CAPE	2007	4	16	106	-1.1	0.9	7.42221922871708	-999.9	0	8.59953703703703	5.57264011377624	330
NORTH_CAPE	2007	4	17	107	-0.2	0.8	5.28913440944642	-999.9	0	12.8240740740741	5.71588272689062	330
NORTH_CAPE	2007	4	18	108	-0.4	0.1	3.76856679657411	-999.9	0	12.9166666666667	5.5700645304314	330
NORTH_CAPE	2007	4	19	109	-0.7	1.9	8.65815807815014	-999.9	0	9.93055555555556	5.71313009381607	330
NORTH_CAPE	2007	4	20	110	-0.9	8.5	16.5840891997288	-999.9	0	2.91666666666667	6.29562960132407	330
NORTH_CAPE	2007	4	21	111	1.1	3.9	9.11668716260714	-999.9	0	3.46064814814814	5.65645487044714	330
NORTH_CAPE	2007	4	22	112	-1.9	9.5	18.5260367601306	-999.9	0	3.72685185185186	5.75197715174278	330
NORTH_CAPE	2007	4	23	113	5.2	21	21.9620395099557	-999.9	0	9.30555555555556	8.50131962570622	330
NORTH_CAPE	2007	4	24	114	4.8	8.3	10.4072119887456	-999.9	0	8.76157407407408	6.46792384366746	330
NORTH_CAPE	2007	4	25	115	1.5	7.8	14.0562473392199	-999.9	0	5.74074074074075	5.74437424230155	330
NORTH_CAPE	2007	4	26	116	-0.4	7.7	16.0429085547064	-999.9	0	6.73611111111111	5.26840400393306	330
NORTH_CAPE	2007	4	27	117	0.3	11.9	19.3220893914091	-999.9	7.4	4.07407407407408	5.74437235202143	330
NORTH_CAPE	2007	4	28	118	2.4	3.3	5.41594343359903	-999.9	0	6.15740740740742	7.42553864996177	330
NORTH_CAPE	2007	4	29	119	1.4	3.5	8.32403376905793	-999.9	0	4.50231481481481	7.17769841515073	330
NORTH_CAPE	2007	4	30	120	-0.9	4.2	13.0504177573108	-999.9	0	3.86574074074075	6.68671608854495	330
NORTH_CAPE	2007	5	1	121	0.3	4.7	12.1934020703056	-999.9	0	4.73379629629631	6.91446512572516	330
NORTH_CAPE	2007	5	2	122	3	10.9	16.4329560610649	-999.9	0	4.45601851851853	8.64766502631277	330
NORTH_CAPE	2007	5	3	123	3.5	6	9.29651934146414	-999.9	0	7.66203703703703	6.94373988635572	330
NORTH_CAPE	2007	5	4	124	3	5.2	8.76909631424477	-999.9	0	7.12962962962964	6.93369432836574	330
NORTH_CAPE	2007	5	5	125	3	5.6	9.58447814442918	-999.9	0	5.42824074074075	7.09427012026816	330
NORTH_CAPE	2007	5	6	126	2.6	6.8	12.2458850281858	-999.9	0	4.35185185185186	6.49554985883863	330
NORTH_CAPE	2007	5	7	127	1.5	18.2	24.5444443502803	-999.9	0	6.5625	7.55220573417163	330
NORTH_CAPE	2007	5	8	128	7.8	17.9	19.1836417664543	-999.9	0	7.67361111111111	8.64604981354726	330
NORTH_CAPE	2007	5	9	129	7.2	22.5	23.7267200222054	-999.9	0	5.42824074074075	10.277614975521	330
NORTH_CAPE	2007	5	10	130	7.3	15.8	17.7692685302071	-999.9	0	4.72222222222222	9.64588054087246	330
NORTH_CAPE	2007	5	11	131	6.2	23.2	25.246395016187	-999.9	9.7	7.15277777777778	13.4205990394152	330
NORTH_CAPE	2007	5	12	132	5.7	7.6	8.4783923792377	-999.9	0	6.03009259259258	7.23528606726539	330
NORTH_CAPE	2007	5	13	133	0.4	8.8	17.9054553463425	-999.9	0	3.11342592592592	5.69369740822303	330
NORTH_CAPE	2007	5	14	134	2.6	10.7	17.6581298461983	-999.9	0	3.96990740740742	6.96016451987221	330
NORTH_CAPE	2007	5	15	135	4.7	13	17.949212511536	-999.9	2.1	4.91898148148147	8.68747014370404	330
NORTH_CAPE	2007	5	16	136	4.6	6	7.4015459949048	-999.9	0	5.9375	5.71024781714442	330
NORTH_CAPE	2007	5	17	137	0.9	3.8	10.6944297281817	-999.9	2	8.80787037037036	6.43081862944527	330
NORTH_CAPE	2007	5	18	138	2.4	5.9	11.7934593680436	-999.9	6.1	4.16666666666667	7.40018850327888	330
NORTH_CAPE	2007	5	19	139	3.7	11.5	17.6706131303013	-999.9	26.4	3.92361111111111	10.2942367449937	330
NORTH_CAPE	2007	5	20	140	3.5	4.4	6.02381277639932	-999.9	9.2	8.53009259259258	8.03890745482534	330
NORTH_CAPE	2007	5	21	141	2	5.8	12.4204368003707	-999.9	0	6.35416666666667	7.10726078571692	330
NORTH_CAPE	2007	5	22	142	2.6	5.6	11.0726027437877	-999.9	0	8.32175925925925	6.74175815318606	330
NORTH_CAPE	2007	5	23	143	2.1	9	16.8463959426053	-999.9	0	3.67149758454106	7.01329159372041	330
NORTH_CAPE	2007	5	24	144	4	22.8	27.8935812293955	-999.9	0	5.18518518518519	10.1100580372359	330
NORTH_CAPE	2007	5	25	145	8.1	18.7	21.0073309975455	-999.9	0	4.35185185185186	11.9429884065821	330
NORTH_CAPE	2007	5	26	146	8.5	16	17.7211148057466	-999.9	0	6.60879629629631	10.7599021584383	330
NORTH_CAPE	2007	5	27	147	6.8	10.3	12.1391120527108	-999.9	5.2	5.75231481481481	8.12959058654499	330
NORTH_CAPE	2007	5	28	148	6.7	13.2	16.586404432264	-999.9	5.6	5.53240740740742	10.998635821621	330
NORTH_CAPE	2007	5	29	149	7.1	9	8.99011773234075	-999.9	0	6.21527777777778	10.1313439892587	330
NORTH_CAPE	2007	5	30	150	6.1	12.1	16.0142898307025	-999.9	0	3.56280193236714	10.0209864336834	330
NORTH_CAPE	2007	5	31	151	6.2	12.6	16.5773892856197	-999.9	0.7	5.76388888888889	10.1301499861827	330
NORTH_CAPE	2007	6	1	152	4.3	16.2	22.6539772044832	-999.9	0	5.41666666666667	10.3882423824316	330
NORTH_CAPE	2007	6	2	153	6.3	10.9	14.1138528858929	-999.9	0	5.16203703703703	7.91922165244808	330
NORTH_CAPE	2007	6	3	154	6.5	10.6	13.3507379221549	-999.9	0	5.28935185185186	7.97532003487392	330
NORTH_CAPE	2007	6	4	155	6.9	11.7	14.4721056395378	-999.9	1.5	8.02910052910053	9.72959275954049	330
NORTH_CAPE	2007	6	5	156	9.3	24.3	25.6274676665131	-999.9	0	8.33333333333333	16.0477210613707	330
NORTH_CAPE	2007	6	6	157	13.6	20.2	17.0267707145593	-999.9	4.5	3.64583333333333	16.5365120212203	330
NORTH_CAPE	2007	6	7	158	9.1	14.1	14.8421551489089	-999.9	0.6	6.04166666666667	10.9601889084084	330
NORTH_CAPE	2007	6	8	159	9.8	15	15.1571224537773	-999.9	0	3.57638888888889	11.1983267498926	330
NORTH_CAPE	2007	6	9	160	9.6	19.4	20.8344868360793	-999.9	0	4.52546296296297	13.9045593080413	330
NORTH_CAPE	2007	6	10	161	12	20.7	19.65331054027	-999.9	0	3.34490740740742	15.9256287033967	330
NORTH_CAPE	2007	6	11	162	10.6	13.3	10.960137462001	-999.9	0	5.42824074074075	13.418559519514	330
NORTH_CAPE	2007	6	12	163	10.3	11.3	6.67642420885474	-999.9	0	8.49537037037036	11.9489003581192	330
NORTH_CAPE	2007	6	13	164	7.7	12.1	14.0162521649674	-999.9	0	5.38194444444445	11.0323437819453	330
NORTH_CAPE	2007	6	14	165	8.4	15.5	17.8175617177636	-999.9	0	2.97453703703703	11.9223930667479	330
NORTH_CAPE	2007	6	15	166	8.2	19.3	22.2918475371997	-999.9	0	3.41787439613528	12.7703423383789	330
NORTH_CAPE	2007	6	16	167	13.3	23	20.8491286406606	-999.9	0	3.83101851851853	16.4728569540757	330
NORTH_CAPE	2007	6	17	168	15.7	27.5	23.0044865159999	-999.9	11	5.55555555555556	19.0307450066028	330
NORTH_CAPE	2007	6	18	169	12.3	13.8	8.20424716276493	-999.9	0	9.21296296296297	12.7393662046933	330
NORTH_CAPE	2007	6	19	170	10.5	13.5	11.6045257980524	-999.9	0	5.37037037037036	11.3825996798676	330
NORTH_CAPE	2007	6	20	171	7.9	15.6	18.5925057506698	-999.9	1.9	4.53703703703703	11.1986481490655	330
NORTH_CAPE	2007	6	21	172	11.2	12.7	8.20570935636598	-999.9	9.1	4.39814814814814	13.2953458116391	330
NORTH_CAPE	2007	6	22	173	11.2	16.1	14.8285486038887	-999.9	1.1	3.79629629629631	14.5133304502285	330
NORTH_CAPE	2007	6	23	174	11.1	13.1	9.47104466867074	-999.9	0.6	3.06712962962964	13.5958683305949	330
NORTH_CAPE	2007	6	24	175	11.3	17.7	16.9358633871669	-999.9	5	3.11342592592592	15.2791282609972	330
NORTH_CAPE	2007	6	25	176	14.7	21.5	17.4485148581165	-999.9	5.6	4.66435185185186	16.5434748292179	330
NORTH_CAPE	2007	6	26	177	14.8	21	16.6509378338334	-999.9	1.1	3.53009259259258	17.8210566868144	330
NORTH_CAPE	2007	6	27	178	16.5	20.6	13.5308726529724	-999.9	13	6.31944444444445	16.541550038826	330
NORTH_CAPE	2007	6	28	179	12.4	16	12.6685911674842	-999.9	0	6.66666666666667	14.1656391504707	330
NORTH_CAPE	2007	6	29	180	12.7	19.2	17.0070541183383	-999.9	0.6	5.13888888888889	13.7674084863555	330
NORTH_CAPE	2007	6	30	181	12.7	17.9	15.1957297952441	-999.9	1	5.35879629629631	13.9855447148756	330
NORTH_CAPE	2007	7	1	182	13.8	18.2	13.9619413133926	-999.9	2.5	5.64814814814814	14.2846370924727	330
NORTH_CAPE	2007	7	2	183	12.9	16.2	12.0761386659213	-999.9	0	4.27083333333333	13.7722200504389	330
NORTH_CAPE	2007	7	3	184	12.4	18.3	16.1250404702098	-999.9	0	2.65046296296296	13.7389278900543	330
NORTH_CAPE	2007	7	4	185	12.1	24.6	23.4361080910251	-999.9	0	4.91898148148147	15.7069467322741	330
NORTH_CAPE	2007	7	5	186	15.3	21.2	16.0754860974866	-999.9	8	6.81712962962964	17.1484941063404	330
NORTH_CAPE	2007	7	6	187	14.5	19.9	15.3530442308706	-999.9	0	4.07407407407408	17.8635961525471	330
NORTH_CAPE	2007	7	7	188	15.6	19.9	13.6754993320721	-999.9	0	3.85416666666667	18.0587758774428	330
NORTH_CAPE	2007	7	8	189	13.9	17.8	12.9988333985411	-999.9	0.6	6.32850241545894	14.3848870915318	330
NORTH_CAPE	2007	7	9	190	13.1	17.2	13.3008319370932	-999.9	0	5.75231481481481	13.0360488651232	330
NORTH_CAPE	2007	7	10	191	13.7	20	16.4521845633299	-999.9	0.7	3.65740740740742	16.3029227135654	330
NORTH_CAPE	2007	7	11	192	13	23.1	20.7841342572634	-999.9	0.6	4.21296296296297	18.2204131916333	330
NORTH_CAPE	2007	7	12	193	18.3	23	14.144564459189	-999.9	1.3	4.22453703703703	22.6554898701718	330
NORTH_CAPE	2007	7	13	194	16	23.4	17.7042386799414	-999.9	0	2.67361111111111	20.2216789204612	330
NORTH_CAPE	2007	7	14	195	16.1	24	18.2451287747369	-999.9	0	5.27777777777778	17.1562483384644	330
NORTH_CAPE	2007	7	15	196	15.8	28.7	23.2515211466315	-999.9	0	5.25462962962964	19.466729437559	330
NORTH_CAPE	2007	7	16	197	18.2	24.7	16.4583897403218	-999.9	0	5.27777777777778	19.9231425465635	330
NORTH_CAPE	2007	7	17	198	17.5	25.7	18.4315830767641	-999.9	0	4.49074074074075	18.3506900233833	330
NORTH_CAPE	2007	7	18	199	17.6	28.9	21.5710234917138	-999.9	0.7	4.44444444444444	19.4861350104874	330
NORTH_CAPE	2007	7	19	200	17.1	22.6	15.0016603287319	-999.9	21.8	2.29166666666667	20.0560440296492	330
NORTH_CAPE	2007	7	20	201	18.6	20.9	9.66938487423944	-999.9	14.4	2.73148148148148	22.2219067666976	330
NORTH_CAPE	2007	7	21	202	18.4	21.5	11.187758055659	-999.9	0	5.73671497584542	20.7110435707804	330
NORTH_CAPE	2007	7	22	203	15.9	25.3	19.4134903580086	-999.9	0	2.90509259259258	18.5064272457916	330
NORTH_CAPE	2007	7	23	204	17.7	25.9	18.0665043131407	-999.9	0	5.37037037037036	17.2869715684443	330
NORTH_CAPE	2007	7	24	205	20.3	26.5	15.6509394427884	-999.9	0	6.43518518518519	22.4700531243932	330
NORTH_CAPE	2007	7	25	206	19.7	27.4	17.3746864284414	-999.9	0	5.30092592592592	24.6195513874229	330
NORTH_CAPE	2007	7	26	207	21.5	26	13.2298346929916	-999.9	0	5.94907407407408	24.4859859717105	330
NORTH_CAPE	2007	7	27	208	22	30.5	18.1085420356404	-999.9	0	6.50462962962964	25.1258812174	330
NORTH_CAPE	2007	7	28	209	23.1	33	19.4610649424413	-999.9	2.8	6.58564814814814	28.128629401213	330
NORTH_CAPE	2007	7	29	210	21	27.1	15.2103015484891	-999.9	0	3.92361111111111	27.2423256540856	330
NORTH_CAPE	2007	7	30	211	20.7	25.3	13.1499602185465	-999.9	0	2.58101851851852	25.142392704963	330
NORTH_CAPE	2007	7	31	212	19.3	28.4	18.4114222822357	-999.9	4	4.09722222222222	25.0431766828032	330
NORTH_CAPE	2007	8	1	213	19.2	23.5	12.5970912994564	-999.9	0	4.67592592592592	17.5622419525806	330
NORTH_CAPE	2007	8	2	214	19.4	30.5	20.1425759422766	-999.9	8	4.760101010101	20.5611976334091	330
NORTH_CAPE	2007	8	3	215	19.4	28.7	18.3467990356574	-999.9	7	5.3125	24.9187524655167	330
NORTH_CAPE	2007	8	4	216	17.2	28.6	20.2108310425873	-999.9	0.6	6.06481481481481	22.7941767888926	330
NORTH_CAPE	2007	8	5	217	19.1	22.5	10.9807370547653	-999.9	0	7.75462962962964	17.3791872581217	330
NORTH_CAPE	2007	8	6	218	15.4	27	20.1756923935781	-999.9	0.9	3.64583333333333	15.7787600310638	330
NORTH_CAPE	2007	8	7	219	15.1	23.3	16.8717716265921	-999.9	0	4.46759259259258	17.0707924558173	330
NORTH_CAPE	2007	8	8	220	15.7	24	16.8808285867673	-999.9	23.2	4.35185185185186	18.04363437665	330
NORTH_CAPE	2007	8	9	221	14.2	18.2	11.652847289564	-999.9	3.2	12.1643518518519	14.814848510087	330
NORTH_CAPE	2007	8	10	222	15.4	25.1	18.0418644185353	-999.9	0	4.67592592592592	16.8714531936453	330
NORTH_CAPE	2007	8	11	223	18.1	25.1	15.2364554262327	-999.9	0	5.57870370370369	19.5488821366748	330
NORTH_CAPE	2007	8	12	224	17.5	23.9	14.4813791740381	-999.9	0	3.77314814814814	17.7628029234575	330
NORTH_CAPE	2007	8	13	225	17.8	22.7	12.5935557747873	-999.9	0	4.36342592592592	18.3762313579929	330
NORTH_CAPE	2007	8	14	226	13.5	20.3	14.742811114944	-999.9	0	3.54166666666667	16.0934978170473	330
NORTH_CAPE	2007	8	15	227	13	20.7	15.5880428214351	-999.9	1.6	4.62962962962964	15.569935575752	330
NORTH_CAPE	2007	8	16	228	16.8	23.3	14.2287877373712	-999.9	0.7	6.48148148148147	17.038133031487	330
NORTH_CAPE	2007	8	17	229	16.3	20.9	11.8904828640099	-999.9	0	5.09259259259258	14.4167005216435	330
NORTH_CAPE	2007	8	18	230	15.3	18.8	10.3016800450576	-999.9	0	7.04861111111111	14.7325597342804	330
NORTH_CAPE	2007	8	19	231	13.5	17	10.2307005597231	-999.9	0.7	11.724537037037	12.5018987856844	330
NORTH_CAPE	2007	8	20	232	13.7	18.5	11.8968749584231	-999.9	0	7.52314814814814	13.0901001941291	330
NORTH_CAPE	2007	8	21	233	12.2	20	15.0571880565311	-999.9	0	4.40656565656567	13.2278907224884	330
NORTH_CAPE	2007	8	22	234	11.6	18.8	14.3611839950626	-999.9	0	2.82407407407408	13.1372155414601	330
NORTH_CAPE	2007	8	23	235	11.3	20.4	16.0256265009507	-999.9	0	4.375	13.5512234733114	330
NORTH_CAPE	2007	8	24	236	14.1	18.9	11.5512220452017	-999.9	11.3	4.39814814814814	16.8440089371835	330
NORTH_CAPE	2007	8	25	237	16.5	21.7	11.9306588932406	-999.9	0	5.04629629629631	20.7942607958195	330
NORTH_CAPE	2007	8	26	238	17.2	26	15.3993282109004	-999.9	0	5.625	22.5173761110457	330
NORTH_CAPE	2007	8	27	239	15.5	23.6	14.6569182305651	-999.9	0	4.86111111111111	17.3864330266419	330
NORTH_CAPE	2007	8	28	240	17	24.7	14.1751307604473	-999.9	0	4.42129629629631	17.0210978305499	330
NORTH_CAPE	2007	8	29	241	17.3	29.5	17.6963963534858	-999.9	0	6.57004830917875	18.8229495765922	330
NORTH_CAPE	2007	8	30	242	16.2	22.4	12.5102346934751	-999.9	0	6.81712962962964	18.2920201713208	330
NORTH_CAPE	2007	8	31	243	15.5	17.3	6.68362191872105	-999.9	0	5.40509259259258	18.0011883482294	330
NORTH_CAPE	2007	9	1	244	14	18.6	10.592579126634	-999.9	0	8.85416666666667	15.4755956518419	330
NORTH_CAPE	2007	9	2	245	14.8	19.8	10.9470226317128	-999.9	0	6.16898148148147	13.6892578907613	330
NORTH_CAPE	2007	9	3	246	15.5	23	13.2883412086063	-999.9	0	9.36342592592592	15.3135959959598	330
NORTH_CAPE	2007	9	4	247	13	18.2	10.9650784835516	-999.9	0	10.6481481481481	12.1739668797122	330
NORTH_CAPE	2007	9	5	248	7.9	14.6	12.3326988479707	-999.9	2	9.27083333333333	9.91553320682005	330
NORTH_CAPE	2007	9	6	249	13	19	11.5623909974361	-999.9	5.7	4.78009259259258	11.6984940618866	330
NORTH_CAPE	2007	9	7	250	14.9	24.9	14.7864501738734	-999.9	0	6.89814814814814	18.8116554519492	330
NORTH_CAPE	2007	9	8	251	16.5	31.1	17.6959064956472	-999.9	3.2	5.96618357487922	20.659296454502	330
NORTH_CAPE	2007	9	9	252	13.1	16.6	8.58031883739639	-999.9	0	6.97916666666667	12.4961622081679	330
NORTH_CAPE	2007	9	10	253	12.8	17	9.30695538722779	-999.9	0	2.12962962962963	11.7164810720939	330
NORTH_CAPE	2007	9	11	254	13.8	16.5	7.38786673721641	-999.9	14.4	7.01388888888889	14.5607752013433	330
NORTH_CAPE	2007	9	12	255	14.3	19.3	9.9521524040675	-999.9	6.7	10.9259259259259	15.4394283927103	330
NORTH_CAPE	2007	9	13	256	11.8	15.4	8.35831738057894	-999.9	0	11.8055555555556	8.77662022197116	330
NORTH_CAPE	2007	9	14	257	7.2	19.2	15.1020075357041	-999.9	0	4.58333333333333	9.55366643414531	330
NORTH_CAPE	2007	9	15	258	12.5	19.8	11.6552862361223	-999.9	36.1	7.84722222222222	16.2863181228933	330
NORTH_CAPE	2007	9	16	259	8.6	15	10.7971746997861	-999.9	0	7.96296296296297	9.80895034359721	330
NORTH_CAPE	2007	9	17	260	11.2	17.2	10.3417913554888	-999.9	0	3.64583333333333	11.0899814870017	330
NORTH_CAPE	2007	9	18	261	13.4	19.3	10.1434985368689	-999.9	0	4.0625	13.6003776727195	330
NORTH_CAPE	2007	9	19	262	11.7	20.8	12.4585059475213	-999.9	0	8.05555555555556	12.4750668355779	330
NORTH_CAPE	2007	9	20	263	13.7	20	10.2504099690853	-999.9	0	8.66898148148147	15.296072249536	330
NORTH_CAPE	2007	9	21	264	13.8	17.3	7.55393442343145	-999.9	0	3.54166666666667	14.2795738187124	330
NORTH_CAPE	2007	9	22	265	13.5	24.9	13.4772957375272	-999.9	0	5.10416666666667	17.5827300703592	330
NORTH_CAPE	2007	9	23	266	11.3	18.9	10.8770622485923	-999.9	0	9.79166666666667	13.0314647129218	330
NORTH_CAPE	2007	9	24	267	11	13.5	6.16556830881808	-999.9	0	13.2291666666667	9.0962465410602	330
NORTH_CAPE	2007	9	25	268	10.4	17.9	10.5530099780663	-999.9	2.7	5.01157407407408	11.4287103045643	330
NORTH_CAPE	2007	9	26	269	14.1	24.5	12.2786286853545	-999.9	6.3	4.75694444444445	19.8093306002783	330
NORTH_CAPE	2007	9	27	270	13.6	16.8	6.72885453832675	-999.9	0	5.91435185185186	14.5969061571779	330
NORTH_CAPE	2007	9	28	271	11.2	19	10.3774950246568	-999.9	18.6	4.28240740740742	16.2336868958216	330
NORTH_CAPE	2007	9	29	272	9.8	14.6	8.04066121424724	-999.9	0	11.3194444444444	10.6417804561936	330
NORTH_CAPE	2007	9	30	273	4.6	11.9	9.79278175969708	-999.9	0	7.30324074074075	6.92604629936751	330
NORTH_CAPE	2007	10	1	274	6.9	15.9	10.7371198635373	-999.9	0	6.96759259259258	8.77465853606683	330
NORTH_CAPE	2007	10	2	275	11.7	16	7.32777193647742	-999.9	0	8.81944444444445	13.4342079758509	330
NORTH_CAPE	2007	10	3	276	12.6	22.2	10.8092285609809	-999.9	0	7.07175925925925	16.4032438011132	330
NORTH_CAPE	2007	10	4	277	14.1	18.3	7.05758768415259	-999.9	0.02	7.66414141414142	14.9093979616476	330
NORTH_CAPE	2007	10	5	278	13.2	18.1	7.52409846760978	-999.9	0	7.99768518518519	12.9386803299124	330
NORTH_CAPE	2007	10	6	279	9.9	15.2	7.72275959601763	-999.9	0	8.58796296296297	9.6129737269578	330
NORTH_CAPE	2007	10	7	280	7.9	10.9	5.73360673622818	-999.9	0	11.7361111111111	7.78635006244337	330
NORTH_CAPE	2007	10	8	281	7.9	11	5.75091055218055	-999.9	0	6.67824074074075	8.35554170608552	330
NORTH_CAPE	2007	10	9	282	5.6	11	7.48855911682159	-999.9	0.6	6.34259259259258	8.68962290337313	330
NORTH_CAPE	2007	10	10	283	5.8	11.9	7.85182196278613	-999.9	0	2.03703703703704	9.99464577213617	330
NORTH_CAPE	2007	10	11	284	10.4	12.6	4.65137135581912	-999.9	0	5.72916666666667	12.1367910657232	330
NORTH_CAPE	2007	10	12	285	10.1	13.1	5.35742387813738	-999.9	20.4	13.7847222222222	12.760219933512	330
NORTH_CAPE	2007	10	13	286	9.5	13.2	5.86793303660135	-999.9	1.2	5.24305555555556	12.4063295497089	330
NORTH_CAPE	2007	10	14	287	7.2	9.7	4.75672576826525	-999.9	0.6	6.53935185185186	8.87333698497993	330
NORTH_CAPE	2007	10	15	288	6.5	8.7	4.40017547990843	-999.9	3.8	8.63425925925925	8.66515303439433	330
NORTH_CAPE	2007	10	16	289	7.4	11.4	5.85029564646285	-999.9	0.7	9.79468599033817	8.65521868405839	330
NORTH_CAPE	2007	10	17	290	4.7	10.4	6.8856509998164	-999.9	0	7.512077294686	7.05031122591586	330
NORTH_CAPE	2007	10	18	291	6	11.6	6.72874431875472	-999.9	0	5.81018518518519	8.44413825396378	330
NORTH_CAPE	2007	10	19	292	8.6	15	7.09148641346746	-999.9	2.4	5.20833333333333	11.0480975534731	330
NORTH_CAPE	2007	10	20	293	12.6	18.5	6.71208852701226	-999.9	7.1	6.73611111111111	16.6965733331985	330
NORTH_CAPE	2007	10	21	294	11.9	14.2	4.13104036765608	-999.9	0	8.95833333333333	12.6573801845641	330
NORTH_CAPE	2007	10	22	295	11.9	17.4	6.2968398505229	-999.9	0.6	5.08101851851853	13.7634610586703	330
NORTH_CAPE	2007	10	23	296	11.8	16.4	5.67610600021013	-999.9	10.3	7.21064814814814	13.2260401616443	330
NORTH_CAPE	2007	10	24	297	8.8	14.4	6.17281181076547	-999.9	0	7.83564814814814	10.9259026031683	330
NORTH_CAPE	2007	10	25	298	7.7	10.3	4.14555876867402	-999.9	0	7.39583333333333	8.17478483057822	330
NORTH_CAPE	2007	10	26	299	3.7	12	7.30021487798028	-999.9	0	6.55092592592592	7.1369254382046	330
NORTH_CAPE	2007	10	27	300	8.3	17.1	7.40856221420601	-999.9	9.8	7.33796296296297	12.3794284365322	330
NORTH_CAPE	2007	10	28	301	5.2	17.6	8.66758955853893	-999.9	2	11.3657407407407	10.0660446573774	330
NORTH_CAPE	2007	10	29	302	3.3	5.5	3.59828734112082	-999.9	2.8	10.9837962962963	5.59352688627712	330
NORTH_CAPE	2007	10	30	303	-0.4	6.8	6.41583487001987	-999.9	0.7	7.95138888888889	5.33976540511214	330
NORTH_CAPE	2007	10	31	304	4.7	10.7	5.77263150098777	-999.9	0	5.60185185185186	7.28214017053585	330
NORTH_CAPE	2007	11	1	305	7.5	17	7.15951632786423	-999.9	0	9.27083333333333	10.8676208674772	330
NORTH_CAPE	2007	11	2	306	5	7.6	3.69188588425164	-999.9	0.7	10.1157407407407	5.92012912316976	330
NORTH_CAPE	2007	11	3	307	5.2	10.4	5.14662806023524	-999.9	43.4	9.36342592592592	8.12449774022871	330
NORTH_CAPE	2007	11	4	308	5.1	13.3	6.37105319035305	-999.9	12.8	15.1736111111111	9.79013322268051	330
NORTH_CAPE	2007	11	5	309	4.7	7.9	3.92364895257027	-999.9	0	3.50694444444444	7.34223841321593	330
NORTH_CAPE	2007	11	6	310	3.7	9.1	5.025214823151	-999.9	5.5	6.03009259259258	7.50165591288593	330
NORTH_CAPE	2007	11	7	311	4.5	10.5	5.22290247840436	-999.9	12.5	7.26851851851853	8.69292176015725	330
NORTH_CAPE	2007	11	8	312	3.7	7.2	3.93359003195867	-999.9	0	6.18055555555556	6.87488966216992	330
NORTH_CAPE	2007	11	9	313	2.6	4.3	2.70360322883386	-999.9	5.3	5.56712962962964	6.51216062697933	330
NORTH_CAPE	2007	11	10	314	1.1	4.6	3.82617722287239	-999.9	2.4	9.56018518518519	5.61796478012375	330
NORTH_CAPE	2007	11	11	315	1.8	4.1	3.05957621521362	-999.9	4.8	15.6944444444444	6.76478770220816	330
NORTH_CAPE	2007	11	12	316	0.9	2.3	2.35497386525994	-999.9	0	10.162037037037	4.96559468063589	330
NORTH_CAPE	2007	11	13	317	-2.3	5.3	5.41398156781797	-999.9	5.1	5.59027777777778	5.63970408434807	330
NORTH_CAPE	2007	11	14	318	2.3	9.6	5.23633406840648	-999.9	0.6	8.19444444444445	7.21511707498202	330
NORTH_CAPE	2007	11	15	319	7.7	11.8	3.87335001799879	-999.9	0	6.85185185185186	10.8724398467993	330
NORTH_CAPE	2007	11	16	320	3.4	12.7	5.75894781269904	-999.9	4.7	7.58101851851853	10.1268251025552	330
NORTH_CAPE	2007	11	17	321	1.5	3.5	2.6369781207399	-999.9	0	13.9583333333333	5.31976112815862	330
NORTH_CAPE	2007	11	18	322	-1.5	2.2	3.5421778648832	-999.9	0.7	9.66435185185186	4.08574978765485	330
NORTH_CAPE	2007	11	19	323	-1.3	1.3	2.9331037029173	-999.9	0	4.10879629629631	3.7362213875	330
NORTH_CAPE	2007	11	20	324	0.2	3.2	3.11294229237463	-999.9	0	4.01620370370369	4.64283010730791	330
NORTH_CAPE	2007	11	21	325	1.7	3.1	2.1015892211574	-999.9	0	3.94675925925925	5.50084202235158	330
NORTH_CAPE	2007	11	22	326	0.7	7.7	4.64531441796096	-999.9	9.6	5.68287037037036	7.09644942292043	330
NORTH_CAPE	2007	11	23	327	-1.5	11.7	6.3073871522758	-999.9	1.3	9.1087962962963	7.93233417265035	330
NORTH_CAPE	2007	11	24	328	-6	-1.4	3.68262293819369	-999.9	2.1	12.2453703703704	3.76453007089995	330
NORTH_CAPE	2007	11	25	329	-7.6	3.4	5.63397741040481	-999.9	0	9.22453703703703	3.89184313639827	330
NORTH_CAPE	2007	11	26	330	1.3	6.6	3.87014211125296	-999.9	1.9	7.91666666666667	5.78583517070409	330
NORTH_CAPE	2007	11	27	331	1.3	5.3	3.32831285349323	-999.9	21.22	7.5	7.18336698033352	330
NORTH_CAPE	2007	11	28	332	-4.1	3.3	4.48286047794604	-999.9	2.8	12.2569444444444	4.78409030417995	330
NORTH_CAPE	2007	11	29	333	-7.3	4.6	5.63122832034792	-999.9	4.6	4.71064814814814	4.56192693688128	330
NORTH_CAPE	2007	11	30	334	-3.5	3.9	4.40033595154887	-999.9	3.2	13.75	4.54071724838137	330
NORTH_CAPE	2007	12	1	335	-5.7	-3.4	2.43180693037764	-999.9	4.34	10.787037037037	3.64919835058861	330
NORTH_CAPE	2007	12	2	336	-2.8	-0.3	2.51414314462656	-999.9	0.6	13.8194444444444	4.17682303303216	330
NORTH_CAPE	2007	12	3	337	-2.5	2.4	3.49170145286991	-999.9	1.4	9.74537037037036	4.82115880458364	330
NORTH_CAPE	2007	12	4	338	-2.1	1.4	2.92860553673195	-999.9	15.3	19.6990740740741	5.59882634767478	330
NORTH_CAPE	2007	12	5	339	-8.1	-1.7	3.93167574309772	-999.9	0.8	6.90972222222222	3.5585114168491	330
NORTH_CAPE	2007	12	6	340	-7.1	-2.4	3.34637573693068	-999.9	0	6.82870370370369	3.51026755390878	330
NORTH_CAPE	2007	12	7	341	-8.6	-1.7	4.0287432134435	-999.9	0.7	6.84027777777778	3.31687845910046	330
NORTH_CAPE	2007	12	8	342	-7.1	0.5	4.20296808982322	-999.9	1.9	9.39814814814814	4.22179169711785	330
NORTH_CAPE	2007	12	9	343	-9.9	-6.9	2.62604851420811	-999.9	1.8	11.3773148148148	2.57443580022286	330
NORTH_CAPE	2007	12	10	344	-9.3	-4.8	3.19987578430438	-999.9	0	8.49537037037036	2.72556308885621	330
NORTH_CAPE	2007	12	11	345	-5.7	-3.4	2.27703955447937	-999.9	0	9.23611111111111	3.28173171707969	330
NORTH_CAPE	2007	12	12	346	-7.6	0.3	4.20240519478977	-999.9	1.7	9.88425925925925	4.1421509777017	330
NORTH_CAPE	2007	12	13	347	-9.6	-7.4	2.20939818857471	-999.9	0	11.099537037037	2.62457516526203	330
NORTH_CAPE	2007	12	14	348	-10.7	-5	3.54471452516209	-999.9	2.1	2.82407407407408	2.77966802919071	330
NORTH_CAPE	2007	12	15	349	-10	-6.6	2.73004289885831	-999.9	1.9	13.3217592592593	2.67950133351613	330
NORTH_CAPE	2007	12	16	350	-9.4	-1.4	4.17799555185976	-999.9	3.1	7.99768518518519	3.33025049387243	330
NORTH_CAPE	2007	12	17	351	-6.7	2.8	4.5444993804699	-999.9	9.8	16.8402777777778	4.55243307335346	330
NORTH_CAPE	2007	12	18	352	-7.1	-5.3	1.97547380586099	-999.9	2.9	13.6921296296296	3.06072340130428	330
NORTH_CAPE	2007	12	19	353	-8.5	-5.8	2.41734202800565	-999.9	0	5.47453703703703	2.8552989321802	330
NORTH_CAPE	2007	12	20	354	-6.3	-4.8	1.80108443641838	-999.9	0	7.47685185185186	2.92247543108193	330
NORTH_CAPE	2007	12	21	355	-6.6	-5.3	1.67688648816935	-999.9	0	6.99074074074075	2.89358843140308	330
NORTH_CAPE	2007	12	22	356	-7	-1.9	3.32331824831798	-999.9	0	7.68518518518519	3.35057225283042	330
NORTH_CAPE	2007	12	23	357	-2	3.8	3.54786171759272	-999.9	1.4	6.71296296296297	5.41515064159315	330
NORTH_CAPE	2007	12	24	358	-1.4	8.6	4.66582977005657	-999.9	3.6	9.66435185185186	6.77996627650401	330
NORTH_CAPE	2007	12	25	359	-3.7	0.5	3.02997581150469	-999.9	0	11.7592592592593	4.08127479371443	330
NORTH_CAPE	2007	12	26	360	-3.2	0.2	2.7330513367559	-999.9	0	8.26388888888889	4.39788319672584	330
NORTH_CAPE	2007	12	27	361	-3.5	-1.6	2.04920591637772	-999.9	0	9.91898148148147	4.1412354724015	330
NORTH_CAPE	2007	12	28	362	-3.9	-2.5	1.76513578582731	-999.9	1.3	7.98611111111111	4.24128999010454	330
NORTH_CAPE	2007	12	29	363	-4.8	-0.8	2.99538136565736	-999.9	3.3	5.28935185185186	4.50691894044052	330
NORTH_CAPE	2007	12	30	364	-4.1	-0.9	2.69094911818484	-999.9	0.6	8.75	4.47859268775357	330
NORTH_CAPE	2007	12	31	365	-5.7	-1.7	3.02319775184383	-999.9	8	5.70601851851853	4.32512193254379	330
