NORTH_CAPE	2011	1	1	1	0.9	2.5	1.92219483484788	-999.9	0	4.71064814814814	6.27331340775726	330
NORTH_CAPE	2011	1	2	2	0.6	2.2	1.93325838423006	-999.9	0	2.46527777777778	6.00397263837528	330
NORTH_CAPE	2011	1	3	3	-3.7	1.6	3.54036959508909	-999.9	19.6	7.99768518518519	5.2983406494608	330
NORTH_CAPE	2011	1	4	4	-5.4	-3.4	2.18922842941597	-999.9	0.6	14.3981481481481	3.62893225836128	330
NORTH_CAPE	2011	1	5	5	-7.4	-3.8	2.95783260725977	-999.9	0	9.97685185185186	2.90561175288758	330
NORTH_CAPE	2011	1	6	6	-9.8	-3.9	3.81479714997296	-999.9	0	5.23148148148147	2.49459223627711	330
NORTH_CAPE	2011	1	7	7	-4	1	3.53937193400546	-999.9	1.4	7.28009259259258	4.4093419856699	330
NORTH_CAPE	2011	1	8	8	-2.2	0.6	2.67044892151823	-999.9	1.9	10.1273148148148	5.38704590169798	330
NORTH_CAPE	2011	1	9	9	-0.8	0.9	2.09873486281781	-999.9	1.3	9.38657407407408	5.94269296332671	330
NORTH_CAPE	2011	1	10	10	0.3	1.7	1.92169360056519	-999.9	0	12.2222222222222	5.82820425503364	330
NORTH_CAPE	2011	1	11	11	0.2	1.2	1.63931164020776	-999.9	0.7	8.27546296296297	5.40481741978099	330
NORTH_CAPE	2011	1	12	12	-0.6	1	2.09369020351539	-999.9	0.7	8.03240740740742	5.47740234933318	330
NORTH_CAPE	2011	1	13	13	-0.6	1	2.11469562560937	-999.9	14.2	15.7986111111111	5.71611434181952	330
NORTH_CAPE	2011	1	14	14	-4.2	-0.1	3.42022546788812	-999.9	0	7.54629629629631	4.17004939399236	330
NORTH_CAPE	2011	1	15	15	-8	-3.8	3.49861982681152	-999.9	0	6.73611111111111	2.9536699196095	330
NORTH_CAPE	2011	1	16	16	-8.1	-3	3.89758584224717	-999.9	1.3	8.19444444444445	3.30865366173269	330
NORTH_CAPE	2011	1	17	17	-9.6	-6.5	3.07293886876579	-999.9	0.6	10.7291666666667	2.40289569683632	330
NORTH_CAPE	2011	1	18	18	-12.6	-0.8	6.06450401211988	-999.9	1.5	5.02314814814814	2.72238664139348	330
NORTH_CAPE	2011	1	19	19	-4.6	0.2	3.91353833567928	-999.9	14.8	11.6782407407407	4.89262580255472	330
NORTH_CAPE	2011	1	20	20	-7.3	-4.5	3.02503842924262	-999.9	0.7	8.54166666666667	3.25035551421314	330
NORTH_CAPE	2011	1	21	21	-11.3	1.4	6.52168186629445	-999.9	5	6.93287037037036	3.63404545059653	330
NORTH_CAPE	2011	1	22	22	-10.3	-3.6	4.79621610874746	-999.9	4.9	18.0208333333333	2.79663691209509	330
NORTH_CAPE	2011	1	23	23	-13.7	-10	3.60959362284829	-999.9	0	8.57638888888889	1.89513414396465	330
NORTH_CAPE	2011	1	24	24	-17.9	-11.4	4.84615805142778	-999.9	5.9	16.4583333333333	1.66698632493691	330
NORTH_CAPE	2011	1	25	25	-15.5	-12.4	3.39068466681325	-999.9	3	8.88888888888889	1.64031867471538	330
NORTH_CAPE	2011	1	26	26	-13.4	-3.8	6.04623427002339	-999.9	0	3.07870370370369	2.53994080180177	330
NORTH_CAPE	2011	1	27	27	-4.1	-1.2	3.36793171875716	-999.9	8.1	12.5810185185185	4.71670428524244	330
NORTH_CAPE	2011	1	28	28	-9.3	-3.3	4.91045812630996	-999.9	0.6	8.18287037037036	3.18446437860414	330
NORTH_CAPE	2011	1	29	29	-9.3	-2.9	5.14139291702739	-999.9	0	4.00462962962964	3.42834893426205	330
NORTH_CAPE	2011	1	30	30	-7.7	-4.5	3.68610534919446	-999.9	0	5.61342592592592	3.2514123652116	330
NORTH_CAPE	2011	1	31	31	-13.3	-7.6	4.98867199985739	-999.9	0	11.0648148148148	1.98090786405389	330
NORTH_CAPE	2011	2	1	32	-13.8	-9	4.64270533079883	-999.9	0.6	8.17129629629631	1.80634021377723	330
NORTH_CAPE	2011	2	2	33	-10.8	-6.2	4.60973637289622	-999.9	1.2	6.04166666666667	2.58276538616485	330
NORTH_CAPE	2011	2	3	34	-11.7	-6.3	5.06617280034334	-999.9	0.7	7.52314814814814	2.40984468946113	330
NORTH_CAPE	2011	2	4	35	-8.9	-4.8	4.47812229038753	-999.9	0	8.54166666666667	2.93427556800771	330
NORTH_CAPE	2011	2	5	36	-9.4	-1.8	6.18532411335948	-999.9	0	5.05787037037036	3.31371276519099	330
NORTH_CAPE	2011	2	6	37	-4.5	-1.7	3.80901744362872	-999.9	4	9.29398148148147	4.63132283212291	330
NORTH_CAPE	2011	2	7	38	-10	-2.7	6.24016815295676	-999.9	0	3.70370370370369	3.49649108120756	330
NORTH_CAPE	2011	2	8	39	-5.2	-1.5	4.50770398206164	-999.9	6.5	3.81944444444444	4.56462624088044	330
NORTH_CAPE	2011	2	9	40	-12.9	-5	6.68348078705353	-999.9	3.3	11.7013888888889	2.45913107169983	330
NORTH_CAPE	2011	2	10	41	-12.5	-8.6	4.76504925229243	-999.9	0	3.54166666666667	1.96981997692879	330
NORTH_CAPE	2011	2	11	42	-16.5	-8.2	7.053875869055	-999.9	0	6.80555555555556	1.75605269599968	330
NORTH_CAPE	2011	2	12	43	-15	-2.1	8.92363088026616	-999.9	0.7	5.37037037037036	2.47972091977802	330
NORTH_CAPE	2011	2	13	44	-14.3	-5.9	7.30710466083342	-999.9	1.6	8.51851851851853	1.93286198764435	330
NORTH_CAPE	2011	2	14	45	-7.9	-2.6	5.88979672326467	-999.9	1.8	9.52546296296297	3.73519713559452	330
NORTH_CAPE	2011	2	15	46	-11.6	-3.1	7.56873243630756	-999.9	16.5	15.462962962963	2.86296084435427	330
NORTH_CAPE	2011	2	16	47	-11.7	-5.7	6.45256313870413	-999.9	2.8	8.76157407407408	2.34889467443929	330
NORTH_CAPE	2011	2	17	48	-5.7	0.9	6.86689311909822	-999.9	0	6.33101851851853	4.09374754241758	330
NORTH_CAPE	2011	2	18	49	-5.1	-1.4	5.21683151917289	-999.9	4.8	4.61805555555556	4.43839668680371	330
NORTH_CAPE	2011	2	19	50	-2.4	-1.3	2.88604557480006	-999.9	2.2	6.09953703703703	5.23147495907598	330
NORTH_CAPE	2011	2	20	51	-6	-1.1	6.17997134098358	-999.9	0	9.22453703703703	4.52432261380483	330
NORTH_CAPE	2011	2	21	52	-8.9	-3.1	6.82122233421779	-999.9	3.5	6.93287037037036	3.60185513055375	330
NORTH_CAPE	2011	2	22	53	-6.2	-2.1	5.81802732752839	-999.9	0.6	11.0648148148148	3.69523217176514	330
NORTH_CAPE	2011	2	23	54	-10.5	-5.5	6.51745445264665	-999.9	0	8.66898148148147	2.56466540712812	330
NORTH_CAPE	2011	2	24	55	-13.4	-2.5	9.76083110893154	-999.9	0	4.44444444444444	2.72592102321327	330
NORTH_CAPE	2011	2	25	56	-5.9	-0.7	6.83793633388309	-999.9	12.8	7.00231481481481	4.24385331643771	330
NORTH_CAPE	2011	2	26	57	-13.6	-5.8	8.49352176440591	-999.9	2.8	12.962962962963	2.05869795160391	330
NORTH_CAPE	2011	2	27	58	-17.3	-11.4	7.49115899182214	-999.9	0	4.39814814814814	1.39311545953263	330
NORTH_CAPE	2011	2	28	59	-16.3	-2.2	11.7429885763648	-999.9	2.8	8.44907407407408	2.50202703597504	330
NORTH_CAPE	2011	3	1	60	-10.6	-2.2	9.19002375029901	-999.9	0.6	10.2893518518519	3.04435861381003	330
NORTH_CAPE	2011	3	2	61	-10.4	1.6	11.1361663417058	-999.9	0.7	6.26157407407408	3.46272162057374	330
NORTH_CAPE	2011	3	3	62	-13.9	-6.8	8.68362331781002	-999.9	0.6	10.8101851851852	2.13606427529775	330
NORTH_CAPE	2011	3	4	63	-13.4	-8.9	7.00748062434083	-999.9	0.6	5.59027777777778	1.7046412459725	330
NORTH_CAPE	2011	3	5	64	-9.6	2.7	11.742153982151	-999.9	0.6	6.73611111111111	3.46762436844983	330
NORTH_CAPE	2011	3	6	65	-1	8.7	10.5675675409105	-999.9	1.9	8.44907407407408	6.49555645751208	330
NORTH_CAPE	2011	3	7	66	-3.9	3.7	9.47857451691554	-999.9	3	2.83564814814814	5.85952318113693	330
NORTH_CAPE	2011	3	8	67	-7.5	-3.7	6.79089509165578	-999.9	0	2.16435185185185	3.3895993170656	330
NORTH_CAPE	2011	3	9	68	-8	-6.2	4.7350139438487	-999.9	0	4.50231481481481	2.75262328499488	330
NORTH_CAPE	2011	3	10	69	-6.5	-1.7	7.83258560297302	-999.9	0	3.88888888888889	3.64945089086341	330
NORTH_CAPE	2011	3	11	70	-1.7	1.9	6.8704319240545	-999.9	0	6.80555555555556	5.7520734231073	330
NORTH_CAPE	2011	3	12	71	1.2	7.7	9.34943849868125	-999.9	25	7.1875	7.77599960368772	330
NORTH_CAPE	2011	3	13	72	-3	3	9.09593737022369	-999.9	0.6	9.40972222222222	4.93815434583333	330
NORTH_CAPE	2011	3	14	73	-6.4	-2.9	7.03387991502124	-999.9	29	10.9722222222222	3.26065826058669	330
NORTH_CAPE	2011	3	15	74	-8.7	2.4	12.6810977561285	-999.9	0	5.17361111111111	3.03901864941269	330
NORTH_CAPE	2011	3	16	75	-1.5	6	10.5512778303682	-999.9	2.9	8.07870370370369	5.69715841632916	330
NORTH_CAPE	2011	3	17	76	-1	4.7	9.3096830384907	-999.9	0.6	4.84953703703703	6.2229907394533	330
NORTH_CAPE	2011	3	18	77	-3.3	4.9	11.2998011012666	-999.9	8.2	9.07407407407408	5.44397608313611	330
NORTH_CAPE	2011	3	19	78	-4.6	-2.9	5.20592065170652	-999.9	0.6	9.6875	3.48720210725276	330
NORTH_CAPE	2011	3	20	79	-8.3	-2.6	9.6441068377	-999.9	0	5.50925925925925	2.76297357302777	330
NORTH_CAPE	2011	3	21	80	-7.9	1.9	12.7917789216504	-999.9	0	3.42592592592592	3.7901905704077	330
NORTH_CAPE	2011	3	22	81	-2.2	1.3	7.73190741348435	-999.9	0	3.95833333333333	4.70741688352478	330
NORTH_CAPE	2011	3	23	82	-2.7	0.1	6.99370583528467	-999.9	0	5.67129629629631	4.43276088638317	330
NORTH_CAPE	2011	3	24	83	-3.5	-0.8	6.94427020939716	-999.9	0	7.00231481481481	4.25928322757988	330
NORTH_CAPE	2011	3	25	84	-3	-0.8	6.33742459783541	-999.9	0	7.84722222222222	4.25905702750805	330
NORTH_CAPE	2011	3	26	85	-4.9	-2.3	6.9644199911833	-999.9	0.7	12.025462962963	3.12799937972202	330
NORTH_CAPE	2011	3	27	86	-6.7	-3.8	7.43419476357973	-999.9	0.7	14.4675925925926	2.88291658825795	330
NORTH_CAPE	2011	3	28	87	-5.6	0.2	10.6249091662973	-999.9	0.7	11.9097222222222	3.89248695127166	330
NORTH_CAPE	2011	3	29	88	-1.9	4.3	11.0999962428588	-999.9	0	6.33101851851853	5.02580960901755	330
NORTH_CAPE	2011	3	30	89	-0.8	3	8.77958253213439	-999.9	0	5.25462962962964	5.03685046638788	330
NORTH_CAPE	2011	3	31	90	-1.4	2.5	8.98480510349718	-999.9	0	3.50694444444444	5.17360121165111	330
NORTH_CAPE	2011	4	1	91	-1.3	1.2	7.26573871589022	-999.9	2.8	8.55324074074075	5.41269645675214	330
NORTH_CAPE	2011	4	2	92	-1.1	-0.4	3.88267707813216	-999.9	2.1	6.23842592592592	5.61864303853766	330
NORTH_CAPE	2011	4	3	93	-2.7	1.1	9.13451645419473	-999.9	0	4.78009259259258	5.60416821748518	330
NORTH_CAPE	2011	4	4	94	-1.4	0.8	7.01706726477171	-999.9	0	5.26620370370369	5.26194249827147	330
NORTH_CAPE	2011	4	5	95	-0.7	11.2	16.4743144468314	-999.9	10.1	7.31481481481481	8.29327767176654	330
NORTH_CAPE	2011	4	6	96	-0.4	3	8.88795754065318	-999.9	0	8.37962962962964	5.40197849541822	330
NORTH_CAPE	2011	4	7	97	-2.4	1.1	9.10048008479527	-999.9	0.6	9.50231481481481	4.00491567424252	330
NORTH_CAPE	2011	4	8	98	-3.6	0.9	10.4122241355533	-999.9	0	5.11574074074075	3.92011737794758	330
NORTH_CAPE	2011	4	9	99	-1.8	3.3	11.1832646773429	-999.9	0	3.10185185185186	4.95892296273723	330
NORTH_CAPE	2011	4	10	100	-0.7	8.2	14.9026735296183	-999.9	0.7	3.32175925925925	6.1177679974487	330
NORTH_CAPE	2011	4	11	101	2.8	9.3	12.8455014402346	-999.9	7.8	6.75925925925925	7.6158242499708	330
NORTH_CAPE	2011	4	12	102	1.9	9	13.5390574284358	-999.9	1.3	10.462962962963	7.07142306647604	330
NORTH_CAPE	2011	4	13	103	-0.1	6.3	12.9614605866556	-999.9	13.7	3.40277777777778	5.25738508361641	330
NORTH_CAPE	2011	4	14	104	0.1	3.3	9.24024834739551	-999.9	43.9	6.34259259259258	6.28776804694564	330
NORTH_CAPE	2011	4	15	105	-6	0.1	12.8605176273081	-999.9	0	7.02546296296297	2.92057974689424	330
NORTH_CAPE	2011	4	16	106	-2.7	2	11.3780466230357	-999.9	0	5.23148148148147	3.36327013076826	330
NORTH_CAPE	2011	4	17	107	0	10.1	16.8091321100175	-999.9	7.7	9.36342592592592	7.48388895992405	330
NORTH_CAPE	2011	4	18	108	0.6	6.8	13.2704930836418	-999.9	1.5	7.03703703703703	6.55801333316905	330
NORTH_CAPE	2011	4	19	109	1.4	6	11.5164268298122	-999.9	0	6.40046296296297	5.6582858941672	330
NORTH_CAPE	2011	4	20	110	-1.9	2	10.6821827042809	-999.9	8.6	5.9375	4.68305843403899	330
NORTH_CAPE	2011	4	21	111	-0.9	1	7.50991181134275	-999.9	0	6.33101851851853	5.87314259054395	330
NORTH_CAPE	2011	4	22	112	0.8	6.4	12.9844664719959	-999.9	0	6.28472222222222	5.78067402882016	330
NORTH_CAPE	2011	4	23	113	2.2	13.5	18.5730550843652	-999.9	0.6	7.85879629629631	6.12500659093887	330
NORTH_CAPE	2011	4	24	114	3.5	7.3	10.8440666230633	-999.9	0	7.10648148148147	7.24391162431642	330
NORTH_CAPE	2011	4	25	115	2.9	9.6	14.4956107097752	-999.9	0	4.13194444444444	7.06261018202709	330
NORTH_CAPE	2011	4	26	116	2.5	8.7	14.0357764757566	-999.9	0	6.18055555555556	6.8200223274533	330
NORTH_CAPE	2011	4	27	117	1.4	2.8	6.71257436759321	-999.9	0.7	8.84259259259258	6.03887662074736	330
NORTH_CAPE	2011	4	28	118	2.5	19.5	23.5384209725069	-999.9	9.8	6.63194444444445	12.2846161668905	330
NORTH_CAPE	2011	4	29	119	4.4	20.5	23.0482058472642	-999.9	0	5.47453703703703	10.9871433859288	330
NORTH_CAPE	2011	4	30	120	2.8	5.6	9.66981892679722	-999.9	0	7.82407407407408	7.07919152062733	330
NORTH_CAPE	2011	5	1	121	2.3	4.4	8.42380303745769	-999.9	0	8.17129629629631	6.44023897593553	330
NORTH_CAPE	2011	5	2	122	2.3	6.7	12.2638967808288	-999.9	0.6	6.71296296296297	6.75376937473512	330
NORTH_CAPE	2011	5	3	123	3.9	10.5	15.1050560318991	-999.9	1.9	3.75	8.79254642874186	330
NORTH_CAPE	2011	5	4	124	6.5	20.2	21.882844954942	-999.9	1.5	4.44444444444444	12.5475338617349	330
NORTH_CAPE	2011	5	5	125	1.8	11.9	18.89045785922	-999.9	7.6	7.00231481481481	9.43778931421548	330
NORTH_CAPE	2011	5	6	126	1.7	9.2	16.3642522047485	-999.9	8	5.10416666666667	7.62322839395092	330
NORTH_CAPE	2011	5	7	127	6.6	17	19.369198005565	-999.9	6.8	5.16203703703703	10.2490213153288	330
NORTH_CAPE	2011	5	8	128	2.8	9.5	15.6245590719203	-999.9	0	4.36342592592592	8.87861676224519	330
NORTH_CAPE	2011	5	9	129	2.6	3.4	5.42546521850756	-999.9	3.2	12.5347222222222	7.30711245470586	330
NORTH_CAPE	2011	5	10	130	0.6	2.7	8.83221708630717	-999.9	7.5	13.4837962962963	6.51904227395973	330
NORTH_CAPE	2011	5	11	131	2.5	3.7	6.70757496976816	-999.9	2.8	11.0416666666667	7.03326971696437	330
NORTH_CAPE	2011	5	12	132	2.5	4.1	7.78030643890158	-999.9	0.6	8.54166666666667	7.05251702102509	330
NORTH_CAPE	2011	5	13	133	0.5	3.6	10.8774369278117	-999.9	1.3	6.84027777777778	6.85695103981413	330
NORTH_CAPE	2011	5	14	134	-1	1.6	10.0043498510356	-999.9	2.8	5.43981481481481	6.05303355988966	330
NORTH_CAPE	2011	5	15	135	-0.6	2.6	11.1450325814747	-999.9	17	2.40740740740741	6.36428908037872	330
NORTH_CAPE	2011	5	16	136	-0.7	3.1	12.1941132119392	-999.9	9.2	8.05555555555556	5.89319406429195	330
NORTH_CAPE	2011	5	17	137	0.5	2.6	9.10056339944338	-999.9	0.7	5.71759259259258	6.73904790024581	330
NORTH_CAPE	2011	5	18	138	3.4	6.74	19.65	-999.9	0	2.01388888888889	8.28080902179052	330
NORTH_CAPE	2011	5	19	139	7.13	14.17	24.03	-999.9	0	2.91666666666667	11.9846163827978	330
NORTH_CAPE	2011	5	20	140	9.36	12.71	15.92	-999.9	6.9	4.15509259259258	12.8515646573107	330
NORTH_CAPE	2011	5	21	141	4.25	11.02	19.42	-999.9	1.4	10.5902777777778	7.86991505134932	330
NORTH_CAPE	2011	5	22	142	3.08	5.5	23.49	-999.9	0	5.25462962962964	7.58704429778674	330
NORTH_CAPE	2011	5	23	143	3.38	9.19	19.63	-999.9	0	5.24305555555556	8.20829307672868	330
NORTH_CAPE	2011	5	24	144	6.03	11.07	6.07	-999.9	6.3	7.80092592592592	10.4531229995505	330
NORTH_CAPE	2011	5	25	145	6.1	9.25	24.98	-999.9	0	4.69907407407408	9.12383915422062	330
NORTH_CAPE	2011	5	26	146	6.07	12.22	24.47	-999.9	0	5.54398148148147	10.1707492095206	330
NORTH_CAPE	2011	5	27	147	7.02	13.25	7.14	-999.9	0	6.79398148148147	11.7013379729818	330
NORTH_CAPE	2011	5	28	148	6.86	7.66	7.87	-999.9	0	6.72453703703703	9.83813276191134	330
NORTH_CAPE	2011	5	29	149	8.06	13.88	15.83	-999.9	10.9	5.41666666666667	13.3675486739929	330
NORTH_CAPE	2011	5	30	150	10.48	12.36	27.6	-999.9	0	6.04166666666667	12.1494735248836	330
NORTH_CAPE	2011	5	31	151	7.23	10.05	26.71	-999.9	0	4.98842592592592	9.36706037344982	330
NORTH_CAPE	2011	6	1	152	7.48	14.17	9.36	-999.9	2.4	7.67361111111111	10.3779844588735	330
NORTH_CAPE	2011	6	2	153	10.1	15.64	16.14	-999.9	7.5	5.57870370370369	12.9968056355107	330
NORTH_CAPE	2011	6	3	154	8.28	9.91	8.21	-999.9	7.5	6.48148148148147	10.7579699339786	330
NORTH_CAPE	2011	6	4	155	8.23	8.56	14.03	-999.9	0	6.44675925925925	10.3700640230393	330
NORTH_CAPE	2011	6	5	156	7.67	8.7	13.01	-999.9	0	4.18981481481481	10.4137708962945	330
NORTH_CAPE	2011	6	6	157	8	15	17.5351441343551	-999.9	1.2	3.33333333333333	10.7538715108391	330
NORTH_CAPE	2011	6	7	158	7.6	12	13.9231756840374	-999.9	0	3.75	11.6074066429699	330
NORTH_CAPE	2011	6	8	159	7.3	13.6	16.6834307184637	-999.9	0	3.85416666666667	11.8292694878656	330
NORTH_CAPE	2011	6	9	160	10.9	22.5	22.6672463600984	-999.9	1.7	3.83101851851853	16.3517402189475	330
NORTH_CAPE	2011	6	10	161	9.1	12.2	11.731591630932	-999.9	0	7.09490740740742	10.4000371511972	330
NORTH_CAPE	2011	6	11	162	9.4	13.7	13.8314702453501	-999.9	0	5.26620370370369	9.70302438293924	330
NORTH_CAPE	2011	6	12	163	11	15.8	14.6273125706533	-999.9	0	4.14351851851853	12.7661992391306	330
NORTH_CAPE	2011	6	13	164	9.4	13.2	13.0255887500634	-999.9	3.3	6.14583333333333	11.6073360477577	330
NORTH_CAPE	2011	6	14	165	9.2	11.7	10.5727777201894	-999.9	0.6	7.68518518518519	11.4415116645094	330
NORTH_CAPE	2011	6	15	166	9.1	13.4	13.8745466819009	-999.9	0	5.16203703703703	11.7081719786745	330
NORTH_CAPE	2011	6	16	167	8.8	11.8	11.5947841776478	-999.9	0	4.81481481481481	10.8704413224839	330
NORTH_CAPE	2011	6	17	168	8.9	12.7	13.0545930597805	-999.9	0	4.93055555555556	11.5424751758702	330
NORTH_CAPE	2011	6	18	169	10.2	17.2	17.7231994958426	-999.9	7.5	5.17361111111111	14.8084501385522	330
NORTH_CAPE	2011	6	19	170	10.3	14.8	14.2125834560961	-999.9	1.3	6.03009259259258	14.0013725267563	330
NORTH_CAPE	2011	6	20	171	9.4	11.8	10.3800198196446	-999.9	0	8.03240740740742	11.6838327555405	330
NORTH_CAPE	2011	6	21	172	9.1	11.5	10.3794925533883	-999.9	0	5.02314814814814	10.7603741731242	330
NORTH_CAPE	2011	6	22	173	7.2	13.8	17.2096711918576	-999.9	0	4.62962962962964	10.7881662909093	330
NORTH_CAPE	2011	6	23	174	8.1	18.1	21.1778996970847	-999.9	0	3.86574074074075	12.4807949104396	330
NORTH_CAPE	2011	6	24	175	8.6	13.2	14.3580767551119	-999.9	0	7.85879629629631	11.5104175890962	330
NORTH_CAPE	2011	6	25	176	10.3	12.2	9.22318270345112	-999.9	27.7	8.58796296296297	12.016281767587	330
NORTH_CAPE	2011	6	26	177	11	16.5	15.6828214992732	-999.9	8	4.13194444444444	14.9644556783849	330
NORTH_CAPE	2011	6	27	178	9.9	15.8	16.2315458968822	-999.9	5.2	4.15509259259258	13.9307843648083	330
NORTH_CAPE	2011	6	28	179	10.4	17.8	18.163223649647	-999.9	0	4.15509259259258	15.0500894663799	330
NORTH_CAPE	2011	6	29	180	12.8	18.5	15.9261148469536	-999.9	0	5.25462962962964	15.7816083608793	330
NORTH_CAPE	2011	6	30	181	14.7	19.7	14.9006389902371	-999.9	7.4	3.75	18.5778116237197	330
NORTH_CAPE	2011	7	1	182	13	15	9.41313891320916	-999.9	0.7	4.10879629629631	14.9059711559	330
NORTH_CAPE	2011	7	2	183	12.6	20.3	18.4466065131225	-999.9	0	2.73148148148148	15.917392128518	330
NORTH_CAPE	2011	7	3	184	16.4	26.6	21.2019054455986	-999.9	0.6	7.90509259259258	18.8288180771239	330
NORTH_CAPE	2011	7	4	185	15.3	22.3	17.5379773912033	-999.9	8.6	5.24305555555556	19.1555900390071	330
NORTH_CAPE	2011	7	5	186	16.4	21.8	15.3792440341234	-999.9	0	5.09259259259258	19.9710004707181	330
NORTH_CAPE	2011	7	6	187	16.4	29.3	23.7297124902609	-999.9	0	4.90740740740742	19.1372945054875	330
NORTH_CAPE	2011	7	7	188	13.9	20.6	17.0705048853555	-999.9	0	5.82175925925925	15.746364236446	330
NORTH_CAPE	2011	7	8	189	16.3	22.9	16.9100169082993	-999.9	0	4.375	17.376890527725	330
NORTH_CAPE	2011	7	9	190	14.3	18.5	13.4620600289901	-999.9	13.3	4.02777777777778	16.1987286566642	330
NORTH_CAPE	2011	7	10	191	15.6	22	16.5822433822121	-999.9	0	6.75925925925925	16.4320464315653	330
NORTH_CAPE	2011	7	11	192	17.1	26.5	20.0509603882112	-999.9	0	5.61342592592592	19.0899742920811	330
NORTH_CAPE	2011	7	12	193	17.9	22.8	14.4423774220672	-999.9	21.5	5.52083333333333	21.1071611994519	330
NORTH_CAPE	2011	7	13	194	13.3	18.3	14.5527945499735	-999.9	0.6	7.84722222222222	14.7640039997608	330
NORTH_CAPE	2011	7	14	195	13.3	16.1	10.8620651416582	-999.9	0.6	7.5	12.7978496575028	330
NORTH_CAPE	2011	7	15	196	12.1	16.9	14.1832949316785	-999.9	0	7.38425925925925	12.9582480188204	330
NORTH_CAPE	2011	7	16	197	12.6	18.7	15.9439374364361	-999.9	0	3.64583333333333	14.8861979574251	330
NORTH_CAPE	2011	7	17	198	15.1	25.4	20.6573365092171	-999.9	0	6.74768518518519	18.0075108806362	330
NORTH_CAPE	2011	7	18	199	16.4	22.7	16.1065232847051	-999.9	3.3	5.06944444444445	19.3331028056952	330
NORTH_CAPE	2011	7	19	200	15.2	20.7	15.0016603287319	-999.9	0.6	3.02083333333333	17.9249017150976	330
NORTH_CAPE	2011	7	20	201	16.4	24.8	18.4788343353879	-999.9	4.4	6.55092592592592	17.785661291622	330
NORTH_CAPE	2011	7	21	202	14.6	20.7	15.6937646843802	-999.9	23.64	5.98484848484847	18.4675663505074	330
NORTH_CAPE	2011	7	22	203	14.5	18.2	12.1798112917194	-999.9	5.7	4.30555555555556	17.4081713068486	330
NORTH_CAPE	2011	7	23	204	15.6	25.2	19.5480220124966	-999.9	7.7	4.80324074074075	21.9594693714012	330
NORTH_CAPE	2011	7	24	205	14.8	20.1	14.4704654652475	-999.9	0.6	6.68981481481481	15.7123579589113	330
NORTH_CAPE	2011	7	25	206	16.8	23.4	16.0858339226964	-999.9	0.02	3.54797979797981	18.02869094682	330
NORTH_CAPE	2011	7	26	207	14.4	20.2	15.0197311029528	-999.9	0.76	5	14.9203205729616	330
NORTH_CAPE	2011	7	27	208	14.9	16.4	7.60710922898738	-999.9	4.8	8.4375	16.4009338899351	330
NORTH_CAPE	2011	7	28	209	14	19.4	14.3729489988643	-999.9	0.6	4.49074074074075	15.48484348555	330
NORTH_CAPE	2011	7	29	210	14.2	25.9	21.0652121599353	-999.9	0.1	4.64646464646464	18.4474633988307	330
NORTH_CAPE	2011	7	30	211	16.2	17.5	6.99064421168632	-999.9	7.09	3.91534391534392	17.6162688832567	330
NORTH_CAPE	2011	7	31	212	15.2	19.1	12.0531051800202	-999.9	0.6	4.25925925925925	17.9210617651701	330
NORTH_CAPE	2011	8	1	213	15.1	22.2	16.1869573923142	-999.9	0.09	3.76262626262625	18.8180213579586	330
NORTH_CAPE	2011	8	2	214	16	20.6	12.9667887684416	-999.9	3.65	6.36363636363636	18.2506984664786	330
NORTH_CAPE	2011	8	3	215	16.4	17.6	6.5903647640476	-999.9	3.33	8.63526570048308	17.517506618587	330
NORTH_CAPE	2011	8	4	216	15.7	18.3	9.65202459319554	-999.9	0.84	7.88359788359789	16.1750254257023	330
NORTH_CAPE	2011	8	5	217	15.3	18.7	10.9807370547653	-999.9	0.56	4.89197530864197	15.3455708541342	330
NORTH_CAPE	2011	8	6	218	12.1	20.5	17.1687665843069	-999.9	0.15	4.60144927536231	15.129056653626	330
NORTH_CAPE	2011	8	7	219	16.5	20.3	11.485385070132	-999.9	5.6	4.7705314009662	19.6696767372255	330
NORTH_CAPE	2011	8	8	220	16	18.6	9.44803270028625	-999.9	50.5	3.65740740740742	19.1500903987837	330
NORTH_CAPE	2011	8	9	221	14.7	16.4	7.59672700775849	-999.9	1.75	8.63636363636364	16.2924335036994	330
NORTH_CAPE	2011	8	10	222	15.4	17.6	8.59224967080581	-999.9	5.08	7.16374269005847	17.084183637839	330
NORTH_CAPE	2011	8	11	223	14.6	18.1	10.7738009531357	-999.9	9.1	3.88888888888889	16.939257051039	330
NORTH_CAPE	2011	8	12	224	15.7	21	13.1782539669169	-999.9	0.67	4.48412698412697	18.4769751864277	330
NORTH_CAPE	2011	8	13	225	15.7	19.7	11.3783771681984	-999.9	0	3.46064814814814	17.9368625961072	330
NORTH_CAPE	2011	8	14	226	16	23.3	15.2752130093345	-999.9	1.72	4.58333333333333	19.6508001319788	330
NORTH_CAPE	2011	8	15	227	15.9	23.7	15.6889373557798	-999.9	0.32	3.20707070707069	19.8468855849921	330
NORTH_CAPE	2011	8	16	228	15.3	18.4	9.82634638629946	-999.9	15.46	5.46296296296297	17.3661568035806	330
NORTH_CAPE	2011	8	17	229	15.8	21.4	13.1194185924675	-999.9	0.97	3.84722222222222	17.5474914558213	330
NORTH_CAPE	2011	8	18	230	15	25.2	17.5862855645896	-999.9	0.02	6.33333333333333	16.8904888977653	330
NORTH_CAPE	2011	8	19	231	16.7	27	17.5505189960704	-999.9	0.92	5.20061728395061	19.9004182725135	330
NORTH_CAPE	2011	8	20	232	18.6	27.2	15.9243422841458	-999.9	0	5.21990740740742	23.8807264769331	330
NORTH_CAPE	2011	8	21	233	18.6	25.2	13.8505985259931	-999.9	0.91	4.20454545454544	23.0038765359802	330
NORTH_CAPE	2011	8	22	234	17.6	22.8	12.2046595715201	-999.9	18.2	5.85858585858586	20.9064744021293	330
NORTH_CAPE	2011	8	23	235	16.8	20.5	10.2186890170509	-999.9	0.99	7.05314009661836	15.1567745247156	330
NORTH_CAPE	2011	8	24	236	15.8	23.8	14.9125635364701	-999.9	0.02	7.95454545454544	15.1460300507879	330
NORTH_CAPE	2011	8	25	237	15.4	25.4	16.5448470729421	-999.9	0.02	6.30050505050506	16.5502750480349	330
NORTH_CAPE	2011	8	26	238	15	22.1	13.8321475702435	-999.9	1.7	6.08796296296297	18.1284629693801	330
NORTH_CAPE	2011	8	27	239	14.2	25.5	17.3116864395817	-999.9	0.02	4.60144927536231	18.2194718930641	330
NORTH_CAPE	2011	8	28	240	18.5	21.5	8.84794345631499	-999.9	38.9	5.26620370370369	21.7556123856694	330
NORTH_CAPE	2011	8	29	241	17.1	22.1	11.328956875781	-999.9	2.3	11.4351851851852	17.6631654952328	330
NORTH_CAPE	2011	8	30	242	15.6	21.6	12.3068026855526	-999.9	0.01	4.48067632850242	16.9707298807666	330
NORTH_CAPE	2011	8	31	243	12.6	18.7	12.3038361657766	-999.9	0.12	3.97342995169083	15.2453353909845	330
NORTH_CAPE	2011	9	1	244	14.1	19.6	11.5825489896299	-999.9	0.16	2.92929292929292	15.7991313541092	330
NORTH_CAPE	2011	9	2	245	12.5	20.1	13.4963959203497	-999.9	0.06	3.41787439613528	15.9623683302696	330
NORTH_CAPE	2011	9	3	246	13.3	21.3	13.7241397865744	-999.9	0	6.34259259259258	16.1759607423721	330
NORTH_CAPE	2011	9	4	247	15.9	20.5	10.3130942932913	-999.9	0.1	4.33862433862433	17.0223571394885	330
NORTH_CAPE	2011	9	5	248	15.7	20.8	10.7598399981249	-999.9	0.57	4.9867724867725	19.0708614623282	330
NORTH_CAPE	2011	9	6	249	12	18.3	11.8479251287502	-999.9	4.56	8.29710144927536	15.5708710535888	330
NORTH_CAPE	2011	9	7	250	11.7	15.5	9.1149800506028	-999.9	0.18	3.4920634920635	12.3239422779614	330
NORTH_CAPE	2011	9	8	251	12.7	18.6	11.2492195453664	-999.9	7.34	7.20833333333333	14.70875515298	330
NORTH_CAPE	2011	9	9	252	14.4	19.5	10.3574892695649	-999.9	0.05	6.93236714975845	15.8004357139162	330
NORTH_CAPE	2011	9	10	253	11.2	14.6	8.37379732901963	-999.9	2.81	8.26086956521739	11.3083089307058	330
NORTH_CAPE	2011	9	11	254	10.1	18.4	12.9531745271476	-999.9	0.6	7.51157407407408	11.7620734716887	330
NORTH_CAPE	2011	9	12	255	12.1	19	11.691131926115	-999.9	0.48	8.1280193236715	14.6683310092259	330
NORTH_CAPE	2011	9	13	256	10.6	20.7	14.0000083461119	-999.9	0.04	3.88888888888889	15.1051841974003	330
NORTH_CAPE	2011	9	14	257	14.9	18.2	7.91955956428939	-999.9	1.53	5.59523809523808	15.8146173405644	330
NORTH_CAPE	2011	9	15	258	13.2	20.6	11.7348454275383	-999.9	2.12	4.22979797979797	17.4423113114054	330
NORTH_CAPE	2011	9	16	259	10.5	14	7.98461836949989	-999.9	3.2	13.6805555555556	10.6701365675726	330
NORTH_CAPE	2011	9	17	260	10.4	15.1	9.15311829988537	-999.9	0.01	10.6400966183575	9.86003369344555	330
NORTH_CAPE	2011	9	18	261	9.5	16.1	10.7283697479322	-999.9	0	3.125	11.0384948539596	330
NORTH_CAPE	2011	9	19	262	9	16.2	11.0818308242621	-999.9	0	3.20601851851853	11.1998773263286	330
NORTH_CAPE	2011	9	20	263	12.2	17.8	9.66417919877656	-999.9	2.8	4.32367149758453	13.2874974749137	330
NORTH_CAPE	2011	9	21	264	12	18	9.89042179717349	-999.9	0.67	6.44927536231883	14.3817619728477	330
NORTH_CAPE	2011	9	22	265	11.7	21	12.1728370090952	-999.9	0.04	3.71980676328503	15.2990254565831	330
NORTH_CAPE	2011	9	23	266	15.2	19.5	8.18161512161755	-999.9	0.42	3.41269841269842	17.5145497024152	330
NORTH_CAPE	2011	9	24	267	13.8	15.7	5.37501783752699	-999.9	0.35	3.61111111111111	16.2660903234131	330
NORTH_CAPE	2011	9	25	268	14.6	19.5	8.52989641223635	-999.9	0.2	6.54040404040403	17.540244781798	330
NORTH_CAPE	2011	9	26	269	12.7	19.6	10.0013296448253	-999.9	0	5.27777777777778	15.2231620675673	330
NORTH_CAPE	2011	9	27	270	11.8	13.4	4.75801867366872	-999.9	0	6.76328502415458	10.4194285828922	330
NORTH_CAPE	2011	9	28	271	5.1	17	12.8179541326412	-999.9	0	5.25	9.2010629963797	330
NORTH_CAPE	2011	9	29	272	11.7	20.5	10.8871067505352	-999.9	0.25	7.75362318840581	14.3142392359294	330
NORTH_CAPE	2011	9	30	273	14.6	20.5	8.80380980808044	-999.9	4.16	7.29166666666667	15.9155147506468	330
NORTH_CAPE	2011	10	1	274	13.9	16.2	5.42788283687032	-999.9	16.13	6.66666666666667	15.1952165548119	330
NORTH_CAPE	2011	10	2	275	11.7	12.9	3.87104606569141	-999.9	4.42	11.0138888888889	12.8544326119719	330
NORTH_CAPE	2011	10	3	276	10.2	12.3	5.05555373631527	-999.9	11.1	6.80555555555556	12.4028195027681	330
NORTH_CAPE	2011	10	4	277	9.5	14.2	7.4658724559804	-999.9	1.64	7.93478260869564	11.7446815514779	330
NORTH_CAPE	2011	10	5	278	3.6	10.5	8.92855083971325	-999.9	31.69	18.6956521739131	9.07253661519859	330
NORTH_CAPE	2011	10	6	279	4.1	6.6	5.30401306674566	-999.9	2.8	15.9837962962963	6.44070069809688	330
NORTH_CAPE	2011	10	7	280	4.6	9.6	7.40205446770481	-999.9	0.82	8.68357487922706	5.80466177613192	330
NORTH_CAPE	2011	10	8	281	9.1	15.3	8.13301569888828	-999.9	0	9.50231481481481	11.1173907559118	330
NORTH_CAPE	2011	10	9	282	13	19.2	8.02411653618636	-999.9	0	7.95138888888889	15.0115125618054	330
NORTH_CAPE	2011	10	10	283	13.5	15.1	4.02129114361489	-999.9	0.08	9.41666666666667	11.3857804464006	330
NORTH_CAPE	2011	10	11	284	8.2	10.9	5.15289811757702	-999.9	0.04	7.36714975845411	8.27143104073344	330
NORTH_CAPE	2011	10	12	285	4	12.7	9.12336411468412	-999.9	0.01	2.77777777777778	8.91743494055162	330
NORTH_CAPE	2011	10	13	286	7.8	13.1	7.02299277945064	-999.9	0.44	3.47222222222222	11.1257039229466	330
NORTH_CAPE	2011	10	14	287	11.9	13.5	3.8053806146122	-999.9	1.3	7.44212962962964	14.1180776908938	330
NORTH_CAPE	2011	10	15	288	11.9	18.9	7.84887976308814	-999.9	5.51	8.743961352657	13.6030375421575	330
NORTH_CAPE	2011	10	16	289	9.9	13.9	5.85029564646285	-999.9	0	7.30676328502417	10.5586572622297	330
NORTH_CAPE	2011	10	17	290	8.1	12.5	6.04970108934781	-999.9	6.38	7.56313131313131	10.4006308927492	330
NORTH_CAPE	2011	10	18	291	8.6	12.4	5.54283321711245	-999.9	1.22	7.58771929824561	9.54274030111791	330
NORTH_CAPE	2011	10	19	292	7.7	11.9	5.74476057649562	-999.9	0.02	5.22946859903381	9.67379384848691	330
NORTH_CAPE	2011	10	20	293	9.8	12.9	4.86533240320678	-999.9	4.5	11.7512077294686	12.4396746251785	330
NORTH_CAPE	2011	10	21	294	10.6	14.2	5.16828877024759	-999.9	0.4	7.11352657004831	12.1817848256661	330
NORTH_CAPE	2011	10	22	295	9.9	13.3	4.95086132360555	-999.9	0	5.46296296296297	11.4344827975627	330
NORTH_CAPE	2011	10	23	296	10.1	11.7	3.34758468805412	-999.9	0.84	3.61111111111111	10.5560669625146	330
NORTH_CAPE	2011	10	24	297	8.9	13	5.28178783262447	-999.9	0.22	2.38888888888889	10.7520573646376	330
NORTH_CAPE	2011	10	25	298	8.1	10.8	4.22452888871971	-999.9	7.94	2.79040404040403	10.5945848246009	330
NORTH_CAPE	2011	10	26	299	5.5	9.1	4.8078161030834	-999.9	2.7	13.7152777777778	7.99290651286422	330
NORTH_CAPE	2011	10	27	300	4.9	7.3	3.86899543275281	-999.9	0.23	9.86714975845411	6.68892024815807	330
NORTH_CAPE	2011	10	28	301	4.1	6.4	3.73294346950852	-999.9	0.66	10.7575757575757	5.99758998121625	330
NORTH_CAPE	2011	10	29	302	3.8	7.1	4.406983966831	-999.9	0.6	7.09490740740742	6.32308433469503	330
NORTH_CAPE	2011	10	30	303	2.8	5.9	4.209861190408	-999.9	22.68	14.0942028985507	7.18085031838982	330
NORTH_CAPE	2011	10	31	304	3.3	7	4.53313937301231	-999.9	0.19	9.93055555555556	5.86312668911904	330
NORTH_CAPE	2011	11	1	305	2	8.7	6.01255805204928	-999.9	0	5.26620370370369	6.80101961827013	330
NORTH_CAPE	2011	11	2	306	4.9	10.1	5.22111508824246	-999.9	0	6.78571428571428	7.69401241369028	330
NORTH_CAPE	2011	11	3	307	4.5	11.9	6.13955609283837	-999.9	0.63	8.01767676767678	8.31453433639217	330
NORTH_CAPE	2011	11	4	308	2.4	7.3	4.92495588560295	-999.9	2.12	9.97474747474747	6.24796761235466	330
NORTH_CAPE	2011	11	5	309	1.5	4.5	3.79905676241721	-999.9	0	10.9259259259259	4.69697636519938	330
NORTH_CAPE	2011	11	6	310	1.8	9.5	6.00071657672968	-999.9	0.02	10.5681818181818	6.03274547350149	330
NORTH_CAPE	2011	11	7	311	5.5	10.8	4.90878743656531	-999.9	0	4.90338164251208	6.89815152092272	330
NORTH_CAPE	2011	11	8	312	6.4	10.1	4.04441706893557	-999.9	0	7.54629629629631	8.59800853433388	330
NORTH_CAPE	2011	11	9	313	6	8.5	3.27860049477735	-999.9	0	5.30092592592592	7.50083785709367	330
NORTH_CAPE	2011	11	10	314	7.6	12.7	4.6186616465385	-999.9	1	5.96064814814814	10.0170625025483	330
NORTH_CAPE	2011	11	11	315	3.8	14.1	6.47464513555088	-999.9	67.4	9.20138888888889	11.1142491762385	330
NORTH_CAPE	2011	11	12	316	2.7	6.5	3.87984050141773	-999.9	0.7	15.5671296296296	6.18000448111989	330
NORTH_CAPE	2011	11	13	317	5.5	8.7	3.51305513562874	-999.9	0.6	6.45833333333333	7.75753262279339	330
NORTH_CAPE	2011	11	14	318	8	14.2	4.82571601261121	-999.9	0	5.89120370370369	10.569834444291	330
NORTH_CAPE	2011	11	15	319	7.9	11.4	3.57872920853061	-999.9	0	6.75925925925925	10.8450288483661	330
NORTH_CAPE	2011	11	16	320	5.8	12.1	4.73993016859277	-999.9	7	5.83333333333333	8.82319608329741	330
NORTH_CAPE	2011	11	17	321	1.8	8.6	4.86234740341403	-999.9	6.2	6.29629629629631	7.47326564730513	330
NORTH_CAPE	2011	11	18	322	0.6	2.5	2.53831960004454	-999.9	2.2	11.8634259259259	5.04309240108512	330
NORTH_CAPE	2011	11	19	323	1	6.7	4.34288342679868	-999.9	0	9.82638888888889	5.67093846810889	330
NORTH_CAPE	2011	11	20	324	3	9.6	4.61723958382497	-999.9	1.9	9.84953703703703	7.65781884555765	330
NORTH_CAPE	2011	11	21	325	-3.1	3.1	4.42262034301311	-999.9	0	9.58333333333333	4.20932265833333	330
NORTH_CAPE	2011	11	22	326	-3.8	0.6	3.68292125092394	-999.9	0	7.77777777777778	3.64220788446867	330
NORTH_CAPE	2011	11	23	327	-2.8	0.3	3.05663351327338	-999.9	3.4	5.02314814814814	4.30717374689487	330
NORTH_CAPE	2011	11	24	328	-2.4	1.2	3.25783877872904	-999.9	0	7.99768518518519	4.58751341709628	330
NORTH_CAPE	2011	11	25	329	-0.3	5.6	4.12614764883238	-999.9	0	7.1875	6.44844203716305	330
NORTH_CAPE	2011	11	26	330	1.4	6.2	3.68306680594047	-999.9	0	10.5092592592593	6.26878256677684	330
NORTH_CAPE	2011	11	27	331	-0.4	3.4	3.24403808981828	-999.9	0	6.68981481481481	5.26068405240351	330
NORTH_CAPE	2011	11	28	332	3.2	10.8	4.54303579433866	-999.9	9.31	9.83091787439614	8.73058958925345	330
NORTH_CAPE	2011	11	29	333	0.2	6.4	4.06467194924766	-999.9	0	4.23611111111111	6.01909812818771	330
NORTH_CAPE	2011	11	30	334	4.8	14.5	5.03797307374255	-999.9	9.3	6.40046296296297	11.2780244291272	330
NORTH_CAPE	2011	12	1	335	0.8	7.4	4.11943013406804	-999.9	0	8.18287037037036	6.84115367247554	330
NORTH_CAPE	2011	12	2	336	-1.7	1.4	2.79963132074104	-999.9	0	3.87731481481481	4.38548067101839	330
NORTH_CAPE	2011	12	3	337	-1.7	1.5	2.82172088594655	-999.9	0	4.53703703703703	4.73991758196822	330
NORTH_CAPE	2011	12	4	338	-1.7	6.6	4.50988952145803	-999.9	0	7.14120370370369	5.95947923850681	330
NORTH_CAPE	2011	12	5	339	5.8	9	2.78011457937106	-999.9	0	6.31944444444445	8.72847943336352	330
NORTH_CAPE	2011	12	6	340	2.1	7.2	3.48586739170098	-999.9	4.3	7.24537037037036	8.07143561861662	330
NORTH_CAPE	2011	12	7	341	2.1	4.2	2.22256611540599	-999.9	4.3	8.87731481481481	7.32448543821707	330
NORTH_CAPE	2011	12	8	342	-1.5	10.1	5.19252135367019	-999.9	32.7	14.0162037037037	7.34453344641187	330
NORTH_CAPE	2011	12	9	343	-1.4	3	3.18030268556775	-999.9	3.3	9.43287037037036	4.80988429445824	330
NORTH_CAPE	2011	12	10	344	-4.3	3.5	4.2128322295056	-999.9	6.1	7.51157407407408	5.0747126123778	330
NORTH_CAPE	2011	12	11	345	-7	-1.1	3.64697396199116	-999.9	0.7	11.5046296296296	3.33021838539968	330
NORTH_CAPE	2011	12	12	346	-1.5	3	3.17168929144088	-999.9	0	8.69212962962964	4.71233171158472	330
NORTH_CAPE	2011	12	13	347	-2.9	2.7	3.52498007678396	-999.9	0	4.50231481481481	5.37969221006463	330
NORTH_CAPE	2011	12	14	348	-1.6	0.4	2.09970767095612	-999.9	0	5.67129629629631	4.00489431716624	330
NORTH_CAPE	2011	12	15	349	-2.9	5.9	4.39209119496219	-999.9	13.5	5.89120370370369	5.65965250708199	330
NORTH_CAPE	2011	12	16	350	-3.5	7.9	4.98741383230707	-999.9	5.7	10.5671296296296	6.35177844722842	330
NORTH_CAPE	2011	12	17	351	-6.5	-3.1	2.71871513199488	-999.9	0	8.65740740740742	3.22894442682166	330
NORTH_CAPE	2011	12	18	352	-6.5	-4.6	2.02960639855798	-999.9	0	6.00694444444445	2.79262510898539	330
NORTH_CAPE	2011	12	19	353	-6.5	1.1	4.0556737966365	-999.9	0	3.96990740740742	3.44157924948103	330
NORTH_CAPE	2011	12	20	354	-7	0.4	4.00040815322663	-999.9	0.6	14.6527777777778	3.63816158601985	330
NORTH_CAPE	2011	12	21	355	-9.2	2.4	5.00911478535935	-999.9	11.3	6.94444444444445	3.81613105266803	330
NORTH_CAPE	2011	12	22	356	0.3	2.3	2.08114261410327	-999.9	0	6.21527777777778	6.13516434425034	330
NORTH_CAPE	2011	12	23	357	-6.4	1	4.00745401326647	-999.9	0	8.90046296296297	4.4860073215356	330
NORTH_CAPE	2011	12	24	358	-10.3	-6	3.05958918820041	-999.9	0	9.47916666666667	2.64107211266887	330
NORTH_CAPE	2011	12	25	359	-10.9	-5	3.59120768809677	-999.9	0.6	4.69907407407408	2.52119650192256	330
NORTH_CAPE	2011	12	26	360	-5	-1.4	2.81228662425288	-999.9	0	5.72916666666667	4.31605308187866	330
NORTH_CAPE	2011	12	27	361	-6.7	1.8	4.33429297006038	-999.9	0	5.82175925925925	4.37003364446676	330
NORTH_CAPE	2011	12	28	362	1.5	6.5	3.33579308539973	-999.9	16.3	7.69675925925925	7.78705345327704	330
NORTH_CAPE	2011	12	29	363	-8.5	1.8	4.80663052758873	-999.9	0	17.4652777777778	3.80816833789981	330
NORTH_CAPE	2011	12	30	364	-9.4	-5.4	3.00857257612721	-999.9	0.6	10.2199074074074	2.69990868749264	330
NORTH_CAPE	2011	12	31	365	-9	1.7	4.94456908436577	-999.9	11.7	5.63657407407408	4.05455849931985	330
