NORTH_CAPE	2010	1	1	1	-11	-2.3	4.4822599596289	-999.9	0	4.09722222222222	2.8696683788265	330
NORTH_CAPE	2010	1	2	2	-2.7	2.9	3.61679525694852	-999.9	5.1	13.1481481481481	5.4609922333128	330
NORTH_CAPE	2010	1	3	3	0.5	2.2	2.0050958043602	-999.9	13.1	17.4305555555556	6.30105893763513	330
NORTH_CAPE	2010	1	4	4	0.1	1.8	2.018368883217	-999.9	6.1	6.88657407407408	6.21308566810191	330
NORTH_CAPE	2010	1	5	5	0.1	1.4	1.77743618828574	-999.9	0	7.38425925925925	5.86128435431728	330
NORTH_CAPE	2010	1	6	6	-0.3	0.8	1.64718275281891	-999.9	0	7.47685185185186	5.68190628635583	330
NORTH_CAPE	2010	1	7	7	-0.8	0.5	1.80473265573565	-999.9	0	8.47826086956522	5.21786725715172	330
NORTH_CAPE	2010	1	8	8	-1.7	-0.3	1.88829254121784	-999.9	0	7.07175925925925	4.72868539386645	330
NORTH_CAPE	2010	1	9	9	-3.8	-1.3	2.5450898586953	-999.9	0.6	10.5439814814815	4.12855822095537	330
NORTH_CAPE	2010	1	10	10	-8.4	-3.4	3.63165954511412	-999.9	0	8.03240740740742	3.09047494378784	330
NORTH_CAPE	2010	1	11	11	-8.7	-5.2	3.06687125390394	-999.9	0	9.88425925925925	2.77391234347027	330
NORTH_CAPE	2010	1	12	12	-7.1	-5.2	2.28154600405118	-999.9	0.7	10.5555555555556	3.08810882121069	330
NORTH_CAPE	2010	1	13	13	-6	-2.7	3.03700037491823	-999.9	0	7.92824074074075	3.70465043779782	330
NORTH_CAPE	2010	1	14	14	-5.6	-2.5	2.97401842707114	-999.9	0	6.06481481481481	3.91390385396945	330
NORTH_CAPE	2010	1	15	15	-3.6	0.2	3.32785125267552	-999.9	0	10.0810185185185	4.49846931898305	330
NORTH_CAPE	2010	1	16	16	-8	-0.8	4.63102205429004	-999.9	2.1	10.5324074074074	3.54028658487459	330
NORTH_CAPE	2010	1	17	17	-9.1	-4.9	3.57682521973817	-999.9	1.2	10.0231481481481	2.31942097097377	330
NORTH_CAPE	2010	1	18	18	-6.1	-2.8	3.20709078546009	-999.9	0	5.74074074074075	3.1086272105035	330
NORTH_CAPE	2010	1	19	19	-4.2	-0.9	3.24493456553003	-999.9	0	3.93518518518519	3.98065695408389	330
NORTH_CAPE	2010	1	20	20	-4.4	-0.6	3.52406312240267	-999.9	0	4.62962962962964	4.17845886219594	330
NORTH_CAPE	2010	1	21	21	-4	-1.4	2.95083158370413	-999.9	0	9.00462962962964	4.01202992337429	330
NORTH_CAPE	2010	1	22	22	-7.5	-3.6	3.65926317823957	-999.9	0.6	10.5555555555556	2.77576143079103	330
NORTH_CAPE	2010	1	23	23	-7.8	-5	3.14004928270413	-999.9	0.6	9.23611111111111	2.54146039568717	330
NORTH_CAPE	2010	1	24	24	-9.3	-3.9	4.41710553401135	-999.9	0	7.78935185185186	2.52933761635522	330
NORTH_CAPE	2010	1	25	25	-9.2	1.5	6.29938923958194	-999.9	3.6	5.16203703703703	3.69125064180815	330
NORTH_CAPE	2010	1	26	26	0.5	6.9	4.93672960896214	-999.9	18.3	8.72685185185186	7.49772865834876	330
NORTH_CAPE	2010	1	27	27	-1.3	1.9	3.53784880084094	-999.9	0	6.96759259259258	5.22714469765946	330
NORTH_CAPE	2010	1	28	28	-1.9	0.5	3.10564640680445	-999.9	2	4.24768518518519	5.22485964782853	330
NORTH_CAPE	2010	1	29	29	-5.6	-1	4.35882791702285	-999.9	5.8	9.45601851851853	4.67104649054038	330
NORTH_CAPE	2010	1	30	30	-11.2	-5.5	4.91960440732255	-999.9	3	16.5277777777778	2.55948395555419	330
NORTH_CAPE	2010	1	31	31	-12.3	-9.8	3.30382874129775	-999.9	0	11.3541666666667	1.95670379162862	330
NORTH_CAPE	2010	2	1	32	-14.3	-9.6	4.59408927560165	-999.9	0	12.2800925925926	1.62746797162906	330
NORTH_CAPE	2010	2	2	33	-19.6	-14.2	4.9945234117645	-999.9	2.1	11.9907407407407	0.982463416018103	330
NORTH_CAPE	2010	2	3	34	-15.7	-10.8	4.82593156484761	-999.9	0.7	5.25462962962964	1.48631916910839	330
NORTH_CAPE	2010	2	4	35	-13.1	-8.2	4.89555643000929	-999.9	0	7.26851851851853	1.8476182787626	330
NORTH_CAPE	2010	2	5	36	-13.6	-11.5	3.25136190520184	-999.9	0	9.65277777777778	1.52922975818582	330
NORTH_CAPE	2010	2	6	37	-12.9	-4.6	6.55802385448281	-999.9	0	7.83564814814814	2.48211583559108	330
NORTH_CAPE	2010	2	7	38	-4.7	-1	4.44258478285053	-999.9	2.6	7.75462962962964	4.75040656993051	330
NORTH_CAPE	2010	2	8	39	-1.1	-0.4	1.96066567797542	-999.9	2.7	7.95138888888889	5.6451802104672	330
NORTH_CAPE	2010	2	9	40	-7.9	2	7.48181138601844	-999.9	0.7	6.21527777777778	4.64544461145749	330
NORTH_CAPE	2010	2	10	41	-8.2	0.3	7.03468334721117	-999.9	0	4.18981481481481	3.93961072779868	330
NORTH_CAPE	2010	2	11	42	-3.2	-0.3	4.16953636223076	-999.9	0	8.85416666666667	4.53941440844117	330
NORTH_CAPE	2010	2	12	43	-1.4	0.9	3.7679979735574	-999.9	0.6	6.84027777777778	5.31198474742288	330
NORTH_CAPE	2010	2	13	44	-2.9	-0.1	4.21875884292894	-999.9	0	8.03240740740742	4.47580296154538	330
NORTH_CAPE	2010	2	14	45	-3.1	-1.2	3.52646170252313	-999.9	1.9	3.91203703703703	5.05150555503981	330
NORTH_CAPE	2010	2	15	46	-3.5	-0.8	4.26575169390589	-999.9	4.1	3.11342592592592	5.0950342543508	330
NORTH_CAPE	2010	2	16	47	-2.3	-0.5	3.53421438479459	-999.9	1.4	3.06712962962964	5.34456521198388	330
NORTH_CAPE	2010	2	17	48	-2	-1.1	2.53576833727656	-999.9	0.6	7.16435185185186	5.26652795287007	330
NORTH_CAPE	2010	2	18	49	-2.4	0.4	4.53821393247061	-999.9	0	1.84027777777778	5.5940657273845	330
NORTH_CAPE	2010	2	19	50	-1.8	1.3	4.84493203681119	-999.9	0.7	2.93981481481481	5.85494315071576	330
NORTH_CAPE	2010	2	20	51	-1.6	0	3.53141219484776	-999.9	1.3	7.93981481481481	5.43529530520624	330
NORTH_CAPE	2010	2	21	52	-1.4	-1	1.79134074489842	-999.9	0.6	6.82870370370369	5.4470548336114	330
NORTH_CAPE	2010	2	22	53	-1.3	0.3	3.63449285804329	-999.9	0.6	6.62037037037036	5.75296154492577	330
NORTH_CAPE	2010	2	23	54	-1.5	0	3.56975682122705	-999.9	0	6.93287037037036	5.3363840280143	330
NORTH_CAPE	2010	2	24	55	-1.4	0.1	3.62092207712204	-999.9	0	6.36574074074075	5.33178700806316	330
NORTH_CAPE	2010	2	25	56	-2.6	-0.7	4.13333096447585	-999.9	0	8.28703703703703	4.80559373031924	330
NORTH_CAPE	2010	2	26	57	-1.5	-0.1	3.59835925479811	-999.9	0	14.2013888888889	4.9214391578432	330
NORTH_CAPE	2010	2	27	58	-0.9	-0.1	2.7584683306049	-999.9	3.4	4.28240740740742	5.53102989510009	330
NORTH_CAPE	2010	2	28	59	-1.1	0.4	3.83014055495431	-999.9	15.6	0	5.63111771525231	330
NORTH_CAPE	2010	3	1	60	-1.2	-0.2	3.1708594398098	-999.9	4.1	13.8657407407407	5.58695457225944	330
NORTH_CAPE	2010	3	2	61	-2.2	-1.2	3.21473431756215	-999.9	0	8.55324074074075	4.95689766825692	330
NORTH_CAPE	2010	3	3	62	-2	0.8	5.45319235863197	-999.9	0.6	9.30555555555556	4.91064669941043	330
NORTH_CAPE	2010	3	4	63	-3.4	-0.8	5.32650479982118	-999.9	0	14.7222222222222	4.52550097663439	330
NORTH_CAPE	2010	3	5	64	-3.8	-0.9	5.70156676803596	-999.9	0	12.9976851851852	3.85571402895066	330
NORTH_CAPE	2010	3	6	65	-2.5	2.5	7.58707133274069	-999.9	0	5.59027777777778	4.587803675	330
NORTH_CAPE	2010	3	7	66	-1.3	2.3	6.52360238653495	-999.9	0	4.62962962962964	4.99048324732907	330
NORTH_CAPE	2010	3	8	67	-1.6	2.3	6.87966872995524	-999.9	0	5.96064814814814	5.03347525386345	330
NORTH_CAPE	2010	3	9	68	-3.9	-0.3	6.69632093741654	-999.9	0	9.23611111111111	3.73178423557739	330
NORTH_CAPE	2010	3	10	69	-2.1	2.3	7.49912978010839	-999.9	0	6.19212962962964	4.4357682197003	330
NORTH_CAPE	2010	3	11	70	-3.2	0.2	6.67685967432854	-999.9	0	3.40277777777778	3.85244484298914	330
NORTH_CAPE	2010	3	12	71	-4.9	1.9	9.56276112070822	-999.9	0	4.02777777777778	4.24204366708678	330
NORTH_CAPE	2010	3	13	72	-3.8	0.8	7.964357607051	-999.9	0	2.82407407407408	4.51017932837752	330
NORTH_CAPE	2010	3	14	73	-3.3	1.2	7.97567014587357	-999.9	0	2.90509259259258	4.85464887124315	330
NORTH_CAPE	2010	3	15	74	-1.5	0.9	5.89659068331792	-999.9	0	5.20833333333333	5.3019762975926	330
NORTH_CAPE	2010	3	16	75	-1.5	6.8	11.0997570543085	-999.9	0	3.48379629629631	5.84613209243044	330
NORTH_CAPE	2010	3	17	76	0.1	9	11.6330198871969	-999.9	0	4.72222222222222	5.87118174139707	330
NORTH_CAPE	2010	3	18	77	0.4	3.7	7.16837708495268	-999.9	0	6.94444444444445	5.36954300514728	330
NORTH_CAPE	2010	3	19	78	-0.1	4.4	8.46992062756719	-999.9	0	4.47916666666667	5.65068592050603	330
NORTH_CAPE	2010	3	20	79	0.5	7	10.2986728708147	-999.9	0	4.57175925925925	6.07749744562786	330
NORTH_CAPE	2010	3	21	80	-2.2	0.5	6.71428527011418	-999.9	0.6	6.79398148148147	3.8222403891255	330
NORTH_CAPE	2010	3	22	81	-1.3	4.1	9.60394142532487	-999.9	1.3	2.61574074074074	6.0350959649644	330
NORTH_CAPE	2010	3	23	82	-0.5	1.7	6.19925764228176	-999.9	4.9	7.60416666666667	6.07637726200634	330
NORTH_CAPE	2010	3	24	83	-1.4	1.6	7.31990351644981	-999.9	41.7	9.22453703703703	5.90405386733629	330
NORTH_CAPE	2010	3	25	84	-1.5	5.5	11.3044772653209	-999.9	1.5	10.6365740740741	5.81572596019391	330
NORTH_CAPE	2010	3	26	85	-7.6	4.6	15.0861421245541	-999.9	2.7	11.8171296296296	3.63931136862983	330
NORTH_CAPE	2010	3	27	86	-10.3	-5.1	9.95489325651129	-999.9	0	7.80092592592592	2.03085803048535	330
NORTH_CAPE	2010	3	28	87	-9.3	-0.2	13.308586304155	-999.9	0	4.17824074074075	2.52115694147507	330
NORTH_CAPE	2010	3	29	88	-1.9	3.5	10.3591439239804	-999.9	1.9	7.83564814814814	5.17028689229652	330
NORTH_CAPE	2010	3	30	89	0.1	7.3	12.0850462181207	-999.9	13.2	7.46527777777778	7.59769837379341	330
NORTH_CAPE	2010	3	31	90	0.4	2.8	7.04826100747079	-999.9	16.04	8.86473429951692	6.6670502693715	330
NORTH_CAPE	2010	4	1	91	0	1.8	6.16518373960273	-999.9	0	4.42129629629631	6.35133847932825	330
NORTH_CAPE	2010	4	2	92	0.1	10	14.6015798950086	-999.9	0.6	3.00925925925925	8.38445516580883	330
NORTH_CAPE	2010	4	3	93	5.6	16.6	15.5413988682478	-999.9	0	7.29166666666667	10.6859257221834	330
NORTH_CAPE	2010	4	4	94	4.2	19.3	18.3836935930978	-999.9	0	6.44675925925925	10.3185062056023	330
NORTH_CAPE	2010	4	5	95	4	12.7	14.0861885317527	-999.9	0	5.77546296296297	6.8302434426158	330
NORTH_CAPE	2010	4	6	96	4.3	10.4	11.9049460110835	-999.9	0	6.48148148148147	7.48340018546517	330
NORTH_CAPE	2010	4	7	97	2.8	9.3	12.4018638637149	-999.9	6.4	3.40277777777778	7.76160050307422	330
NORTH_CAPE	2010	4	8	98	1.4	7.6	12.2217415651489	-999.9	0.3	5.82125603864733	6.74579996365483	330
NORTH_CAPE	2010	4	9	99	1.7	9	13.3796559391678	-999.9	0	7.30324074074075	7.36401793104084	330
NORTH_CAPE	2010	4	10	100	2.7	12.2	15.3968183789819	-999.9	3.4	10.474537037037	8.8924598843924	330
NORTH_CAPE	2010	4	11	101	3.6	6.2	8.1242084476229	-999.9	0	11.4699074074074	5.92304693377967	330
NORTH_CAPE	2010	4	12	102	2.3	6.4	10.2884792112273	-999.9	0	5.56712962962964	6.00306546305711	330
NORTH_CAPE	2010	4	13	103	-4	2.8	13.3603677652653	-999.9	0	5.13888888888889	4.09057359656771	330
NORTH_CAPE	2010	4	14	104	-3.7	6	16.0877208450167	-999.9	0	4.45601851851853	5.00628648623003	330
NORTH_CAPE	2010	4	15	105	0.5	3.1	8.39615032267655	-999.9	0	6.86342592592592	6.22521690335947	330
NORTH_CAPE	2010	4	16	106	0.2	2.4	7.78448920013711	-999.9	0	9.38657407407408	5.12387351827501	330
NORTH_CAPE	2010	4	17	107	0.4	2.9	8.36285579231015	-999.9	0.6	9.18981481481481	6.27042247991958	330
NORTH_CAPE	2010	4	18	108	0.2	3.5	9.68162339804588	-999.9	15.5	6.93287037037036	6.60129696253977	330
NORTH_CAPE	2010	4	19	109	1.8	3.3	6.57634314913208	-999.9	7.5	12.3611111111111	6.96382461669119	330
NORTH_CAPE	2010	4	20	110	1.9	4.7	9.05121151428098	-999.9	0	7.14120370370369	7.09463127057646	330
NORTH_CAPE	2010	4	21	111	1.7	7.3	12.8929426292717	-999.9	0	3.09027777777778	7.17323626178809	330
NORTH_CAPE	2010	4	22	112	2.4	6.8	11.5094993846271	-999.9	0	3.88888888888889	6.97513429373956	330
NORTH_CAPE	2010	4	23	113	0.8	5.6	12.1049986047634	-999.9	0	4.80324074074075	6.73904127934333	330
NORTH_CAPE	2010	4	24	114	2.4	6.9	11.8006691844646	-999.9	0	3.07971014492753	7.56073477826591	330
NORTH_CAPE	2010	4	25	115	2.4	8.6	13.9442435834405	-999.9	0	3.48379629629631	7.75928998154747	330
NORTH_CAPE	2010	4	26	116	2.5	5.2	9.26237757264429	-999.9	0	6.96759259259258	7.37086817577204	330
NORTH_CAPE	2010	4	27	117	2.3	3.5	6.21463627073582	-999.9	1.8	9.81481481481481	7.14527022763497	330
NORTH_CAPE	2010	4	28	118	2.4	5.5	10.0515656135653	-999.9	1.3	3.63425925925925	7.59305780343578	330
NORTH_CAPE	2010	4	29	119	2.8	7.2	12.0489866799588	-999.9	1.3	4.16666666666667	7.48301180501412	330
NORTH_CAPE	2010	4	30	120	2.2	5.9	11.1157862790632	-999.9	2.1	5.94907407407408	7.32442154212436	330
NORTH_CAPE	2010	5	1	121	1.9	8.7	15.1583877735255	-999.9	0	4.98842592592592	7.12662782400793	330
NORTH_CAPE	2010	5	2	122	3.2	16.6	21.4020092565726	-999.9	3.1	3.93518518518519	9.3535088586058	330
NORTH_CAPE	2010	5	3	123	6.3	19.7	21.5229983320847	-999.9	6	5.12731481481481	13.7716120293551	330
NORTH_CAPE	2010	5	4	124	4.3	9.3	13.2199101021993	-999.9	0	8.36805555555556	8.356064746908	330
NORTH_CAPE	2010	5	5	125	2.6	7.9	13.6842100597665	-999.9	0	3.84259259259258	7.37263066730527	330
NORTH_CAPE	2010	5	6	126	4.7	14.5	18.7058983644627	-999.9	1.6	6.19212962962964	10.0122585095061	330
NORTH_CAPE	2010	5	7	127	6.2	8.3	8.70371409390313	-999.9	3.6	9.76851851851853	8.46358087925344	330
NORTH_CAPE	2010	5	8	128	5.1	10.9	14.5373205147384	-999.9	8.8	7.12962962962964	8.29428193120259	330
NORTH_CAPE	2010	5	9	129	4.8	10.8	14.8582484256814	-999.9	8	6.21527777777778	9.62099923134442	330
NORTH_CAPE	2010	5	10	130	5.3	9.3	12.1896176477913	-999.9	0	4.98842592592592	8.16833968579111	330
NORTH_CAPE	2010	5	11	131	4.1	7.1	10.6056072404012	-999.9	0	4.43287037037036	7.08642944961943	330
NORTH_CAPE	2010	5	12	132	3	9	15.0664986331281	-999.9	0	3.27546296296297	7.17598954203744	330
NORTH_CAPE	2010	5	13	133	4.6	8.5	12.200511267212	-999.9	0	6.93287037037036	7.24276970135777	330
NORTH_CAPE	2010	5	14	134	5	8.9	12.2527761716631	-999.9	0	5.20833333333333	6.99609933539313	330
NORTH_CAPE	2010	5	15	135	4.7	7.4	10.23736612174	-999.9	0	3.65740740740742	7.34003133869405	330
NORTH_CAPE	2010	5	16	136	5.9	8.3	9.6908985089567	-999.9	0.6	8.4375	7.81662155463186	330
NORTH_CAPE	2010	5	17	137	5.6	10.2	13.4690680778754	-999.9	0	6.11111111111111	8.07751960901108	330
NORTH_CAPE	2010	5	18	138	8	16.4	18.2703486906427	-999.9	0	4.17824074074075	9.96998090784172	330
NORTH_CAPE	2010	5	19	139	8.6	21.7	22.9002363834238	-999.9	1.9	6.97916666666667	10.535786721369	330
NORTH_CAPE	2010	5	20	140	8.3	12.7	13.3191511911104	-999.9	0.6	4.10879629629631	11.8611399938949	330
NORTH_CAPE	2010	5	21	141	5.6	9.6	12.7430992806222	-999.9	0	5.21990740740742	7.30685535611981	330
NORTH_CAPE	2010	5	22	142	7.2	19.6	22.5112667411197	-999.9	0	7.82407407407408	9.40904256264385	330
NORTH_CAPE	2010	5	23	143	11.7	22.9	21.4630516019072	-999.9	0	9.93961352657005	12.6551372046732	330
NORTH_CAPE	2010	5	24	144	7.2	15.6	18.645111931343	-999.9	0	8.06712962962964	10.9119307630394	330
NORTH_CAPE	2010	5	25	145	7	10	11.1757987639114	-999.9	19.8	3.92361111111111	9.85307225647693	330
NORTH_CAPE	2010	5	26	146	6.5	10.2	12.4469019805266	-999.9	0.6	5.41666666666667	10.1784924225882	330
NORTH_CAPE	2010	5	27	147	7.7	9.5	8.70540841038951	-999.9	0	9.24768518518519	8.77939684964434	330
NORTH_CAPE	2010	5	28	148	7.5	10.7	11.6377912150295	-999.9	0	6.74768518518519	9.68081447896494	330
NORTH_CAPE	2010	5	29	149	9	12.8	12.7139464244071	-999.9	0	5.37037037037036	10.2339068232912	330
NORTH_CAPE	2010	5	30	150	7.5	12.6	14.7644457046135	-999.9	5.3	6.64351851851853	9.9864738133303	330
NORTH_CAPE	2010	5	31	151	7.2	12.1	14.5052156249172	-999.9	0	7.02546296296297	9.08283753131496	330
NORTH_CAPE	2010	6	1	152	7.7	10.9	11.7475139017695	-999.9	14.7	5.57870370370369	10.5718999047425	330
NORTH_CAPE	2010	6	2	153	7.4	13.2	15.8482264201149	-999.9	0	4.07407407407408	11.2897447486164	330
NORTH_CAPE	2010	6	3	154	9.7	12.7	11.4202068367732	-999.9	7.7	5	12.4043143766883	330
NORTH_CAPE	2010	6	4	155	7.9	10.6	10.8540792296533	-999.9	0.7	4.21296296296297	11.3021794994605	330
NORTH_CAPE	2010	6	5	156	9.4	19.5	21.0291031666142	-999.9	9.8	4.88425925925925	15.4172758944601	330
NORTH_CAPE	2010	6	6	157	8.6	10.2	8.38340237527338	-999.9	23.9	4.69907407407408	11.3785318403006	330
NORTH_CAPE	2010	6	7	158	6.7	13.6	17.4355844714398	-999.9	0	4.89583333333333	11.5164980538653	330
NORTH_CAPE	2010	6	8	159	5.9	12.7	17.3328326468753	-999.9	0.7	4.18981481481481	9.88573115802765	330
NORTH_CAPE	2010	6	9	160	6.1	12.5	16.8368079135241	-999.9	0	4.81481481481481	9.02802022463407	330
NORTH_CAPE	2010	6	10	161	6.1	20.8	25.5466970295184	-999.9	0	3.72685185185186	11.1018574868344	330
NORTH_CAPE	2010	6	11	162	12.5	22.9	21.5105140281053	-999.9	0	4.94212962962964	13.3785101744229	330
NORTH_CAPE	2010	6	12	163	8.4	14.6	16.6241622147646	-999.9	0	5.08101851851853	10.9900970548364	330
NORTH_CAPE	2010	6	13	164	8.8	19.5	21.8573472920845	-999.9	0	3.73842592592592	12.4584459099548	330
NORTH_CAPE	2010	6	14	165	11.8	18.8	17.6916409758251	-999.9	9.8	5.96064814814814	14.9528236785149	330
NORTH_CAPE	2010	6	15	166	10.4	13.5	11.7805460591996	-999.9	8.4	12.1064814814815	9.07087582735837	330
NORTH_CAPE	2010	6	16	167	11.3	19.2	18.8154923666397	-999.9	0	5.96064814814814	11.6509842086483	330
NORTH_CAPE	2010	6	17	168	13.1	20.2	17.8443492433505	-999.9	0	5.67129629629631	14.3475385967808	330
NORTH_CAPE	2010	6	18	169	9.3	19.5	21.3940591345496	-999.9	0	5.23148148148147	12.5590362739323	330
NORTH_CAPE	2010	6	19	170	12.4	28.1	26.5470701350345	-999.9	0	4.88425925925925	14.9082657871786	330
NORTH_CAPE	2010	6	20	171	13.2	21.3	19.0693140585792	-999.9	11.6	6.875	16.0107313170159	330
NORTH_CAPE	2010	6	21	172	11.3	15.8	14.2127055173692	-999.9	0.6	3.36805555555556	14.6667944466645	330
NORTH_CAPE	2010	6	22	173	12	17.8	16.1329802366417	-999.9	0	2.69675925925926	15.4943905768888	330
NORTH_CAPE	2010	6	23	174	15	25.3	21.4932207602112	-999.9	1.3	4.45601851851853	17.9460744092696	330
NORTH_CAPE	2010	6	24	175	14.4	20.2	16.1224616135714	-999.9	2.9	6.00694444444445	18.3404662145383	330
NORTH_CAPE	2010	6	25	176	11.7	20.1	19.3929400219773	-999.9	0	5.99537037037036	13.7099383048449	330
NORTH_CAPE	2010	6	26	177	12.2	21.8	20.7194618467734	-999.9	0	4.94212962962964	14.2828439003874	330
NORTH_CAPE	2010	6	27	178	12.3	19	17.2970196842947	-999.9	0	4.31712962962964	12.7148277290488	330
NORTH_CAPE	2010	6	28	179	12.4	15.8	12.3116576121771	-999.9	3.8	5.89120370370369	14.5452787731874	330
NORTH_CAPE	2010	6	29	180	11.8	15	11.9329385594218	-999.9	4.8	5.77546296296297	14.7663443088382	330
NORTH_CAPE	2010	6	30	181	12.5	20.2	18.4912066985569	-999.9	1.8	5.12731481481481	16.3001657821635	330
NORTH_CAPE	2010	7	1	182	11.9	18.7	17.3569705386011	-999.9	0	5.09259259259258	12.9455380096092	330
NORTH_CAPE	2010	7	2	183	12.8	19.3	16.9483646570599	-999.9	0	4.375	14.3608350667756	330
NORTH_CAPE	2010	7	3	184	14.8	24.9	21.0977185475379	-999.9	0	5.67129629629631	15.1951511480086	330
NORTH_CAPE	2010	7	4	185	15.8	23	17.7867554538096	-999.9	0.6	4.57175925925925	18.3496745296701	330
NORTH_CAPE	2010	7	5	186	15.8	22.6	17.2580834523228	-999.9	0	5.98379629629631	19.9841828803924	330
NORTH_CAPE	2010	7	6	187	15	20	14.773473699289	-999.9	3.6	5.37037037037036	17.5027970447511	330
NORTH_CAPE	2010	7	7	188	15	29.5	25.1126744092329	-999.9	0.48	3.95833333333333	20.9337443814458	330
NORTH_CAPE	2010	7	8	189	20.3	30.2	20.7104564835846	-999.9	0	7.22222222222222	23.4917525191554	330
NORTH_CAPE	2010	7	9	190	20.3	27.6	17.7479545410046	-999.9	0	9.39814814814814	22.5972718735207	330
NORTH_CAPE	2010	7	10	191	20	27.9	18.4232753820432	-999.9	39.9	6.38888888888889	25.593595215866	330
NORTH_CAPE	2010	7	11	192	18.2	21.5	11.8803222841866	-999.9	43.8	3.09027777777778	22.3114983267304	330
NORTH_CAPE	2010	7	12	193	18.2	23.5	15.020299242159	-999.9	1.2	4.57175925925925	22.946425325632	330
NORTH_CAPE	2010	7	13	194	19.8	28	18.6366703010632	-999.9	0	6.04166666666667	22.5239671354251	330
NORTH_CAPE	2010	7	14	195	17	21.7	14.0728583496953	-999.9	2.4	4.16666666666667	20.526754558614	330
NORTH_CAPE	2010	7	15	196	17.3	21.4	13.1083625184127	-999.9	0	4.89583333333333	18.4816187738485	330
NORTH_CAPE	2010	7	16	197	17.8	26.8	19.3665347188191	-999.9	0	5.38194444444445	19.6582424007757	330
NORTH_CAPE	2010	7	17	198	19.1	29.1	20.3542784714238	-999.9	7.7	7.09490740740742	24.0772421756026	330
NORTH_CAPE	2010	7	18	199	18.7	26.4	17.8064314708298	-999.9	0	5.61342592592592	21.8440908694945	330
NORTH_CAPE	2010	7	19	200	17.8	23.4	15.1374247279229	-999.9	11.2	5.08101851851853	20.526602244098	330
NORTH_CAPE	2010	7	20	201	17.5	23.8	16.00313996677	-999.9	0	4.59490740740742	20.7351868514196	330
NORTH_CAPE	2010	7	21	202	17.1	24.9	17.746369519074	-999.9	0	3.34490740740742	19.4671040784204	330
NORTH_CAPE	2010	7	22	203	16.1	19.1	10.9673151917436	-999.9	51.1	4.91898148148147	18.2113979661277	330
NORTH_CAPE	2010	7	23	204	15.3	20.6	14.524631996147	-999.9	0.7	4.71064814814814	16.3189134111438	330
NORTH_CAPE	2010	7	24	205	15.2	23.1	17.6668089246221	-999.9	0	4.95370370370369	17.1080242823294	330
NORTH_CAPE	2010	7	25	206	17.9	20.1	9.2871605454084	-999.9	1.3	5.42824074074075	19.184936274917	330
NORTH_CAPE	2010	7	26	207	16.8	20.6	12.1573790926861	-999.9	0	9.40972222222222	16.627342529197	330
NORTH_CAPE	2010	7	27	208	15.2	20.1	13.7490300997695	-999.9	0.37	6.96859903381642	15.5339102083064	330
NORTH_CAPE	2010	7	28	209	16	28.6	21.9550422490118	-999.9	0.6	7.15277777777778	17.4276796527221	330
NORTH_CAPE	2010	7	29	210	17.9	25.9	17.418786662153	-999.9	22.7	6.41203703703703	21.7795217933414	330
NORTH_CAPE	2010	7	30	211	16.2	19.9	11.7935997645796	-999.9	0	4.15509259259258	16.0655908399285	330
NORTH_CAPE	2010	7	31	212	12.1	20.5	17.6891223538815	-999.9	0	4.45601851851853	14.2273136378406	330
NORTH_CAPE	2010	8	1	213	12	21.5	18.7239663450224	-999.9	0	3.63425925925925	14.8391395749533	330
NORTH_CAPE	2010	8	2	214	14.9	21.9	15.9956738496334	-999.9	0	4.01620370370369	16.6985916217976	330
NORTH_CAPE	2010	8	3	215	16.4	21.7	13.8502229504607	-999.9	0	3.85416666666667	18.0284761081193	330
NORTH_CAPE	2010	8	4	216	18.1	22.2	12.1205875851692	-999.9	0	3.41435185185186	21.5808477581669	330
NORTH_CAPE	2010	8	5	217	19	29.3	19.1121984340363	-999.9	2	4.93055555555556	25.4477447976226	330
NORTH_CAPE	2010	8	6	218	17	24.1	15.7844199736094	-999.9	6.6	6.60879629629631	20.1306885509626	330
NORTH_CAPE	2010	8	7	219	15.5	20.1	12.6366709781948	-999.9	0	8.50694444444445	11.6299198757469	330
NORTH_CAPE	2010	8	8	220	13.3	24.4	19.5216356616194	-999.9	0	6.81712962962964	13.6391200934973	330
NORTH_CAPE	2010	8	9	221	18.5	20.1	7.36990773222839	-999.9	1.3	6.88657407407408	19.9498223066633	330
NORTH_CAPE	2010	8	10	222	17.4	25.4	16.3847772371422	-999.9	0.6	5.12731481481481	21.4329728747341	330
NORTH_CAPE	2010	8	11	223	16.5	20.2	11.0773476946401	-999.9	0	5.98379629629631	16.6720297051139	330
NORTH_CAPE	2010	8	12	224	13.7	20.3	14.7059100702476	-999.9	0	4.01620370370369	13.9748143497548	330
NORTH_CAPE	2010	8	13	225	14.9	21.4	14.5046418034156	-999.9	0	3.29861111111111	16.0531663310419	330
NORTH_CAPE	2010	8	14	226	15.6	24.9	17.2411932336207	-999.9	0.6	2.80092592592592	18.4061276129137	330
NORTH_CAPE	2010	8	15	227	15.6	26.6	18.6312747437089	-999.9	0	5	16.4568942300849	330
NORTH_CAPE	2010	8	16	228	15.5	26.4	18.4257201724584	-999.9	0.6	4.78009259259258	15.9503316687432	330
NORTH_CAPE	2010	8	17	229	17.6	26	16.067940636764	-999.9	1.4	4.89583333333333	21.7015964190458	330
NORTH_CAPE	2010	8	18	230	17	25.5	16.0540088440886	-999.9	0	4.375	18.4193585915556	330
NORTH_CAPE	2010	8	19	231	15.6	24.8	16.5869014782578	-999.9	0	2.5462962962963	19.6198528723858	330
NORTH_CAPE	2010	8	20	232	16.3	25.6	16.5597491056382	-999.9	1.6	4.79166666666667	20.4035227673877	330
NORTH_CAPE	2010	8	21	233	13.1	20.9	15.0571880565311	-999.9	0	3.81944444444444	13.3020129628466	330
NORTH_CAPE	2010	8	22	234	16.2	21.4	12.2046595715201	-999.9	0	5.72916666666667	17.1401677695002	330
NORTH_CAPE	2010	8	23	235	15.8	20.7	11.7595948819409	-999.9	0	4.57175925925925	15.3007856597875	330
NORTH_CAPE	2010	8	24	236	14.1	20.8	13.647236410882	-999.9	0	3.40277777777778	14.7083734247956	330
NORTH_CAPE	2010	8	25	237	14	23.8	16.3785629825605	-999.9	0.6	3.49537037037036	17.4120314120603	330
NORTH_CAPE	2010	8	26	238	16.7	20.1	9.57193846010727	-999.9	34.37	4.67391304347825	19.5865263893462	330
NORTH_CAPE	2010	8	27	239	18.2	21.4	9.21245001967047	-999.9	0	6.25	18.3862124247937	330
NORTH_CAPE	2010	8	28	240	15.5	21.9	12.9232485828105	-999.9	0	4.12037037037036	15.3732998750687	330
NORTH_CAPE	2010	8	29	241	15.5	26.8	17.0311566371422	-999.9	0	4.95370370370369	20.0236467416904	330
NORTH_CAPE	2010	8	30	242	19.3	21.9	8.10132931568354	-999.9	0	4.83796296296297	18.8820376726124	330
NORTH_CAPE	2010	8	31	243	17.8	22.7	11.027413557101	-999.9	0	5.18518518518519	19.791320757578	330
NORTH_CAPE	2010	9	1	244	19	29	15.6179058715645	-999.9	0	4.61805555555556	24.3451271565555	330
NORTH_CAPE	2010	9	2	245	21.3	25.8	10.3852575340869	-999.9	0	6.44675925925925	23.6810833394865	330
NORTH_CAPE	2010	9	3	246	20	23.2	8.67990813042245	-999.9	0	4.0625	19.6352383250202	330
NORTH_CAPE	2010	9	4	247	18.7	22.2	8.99588914156993	-999.9	29.3	10	21.9137990258541	330
NORTH_CAPE	2010	9	5	248	16.4	20.4	9.52907446836913	-999.9	0.6	11.3888888888889	14.3434350091792	330
NORTH_CAPE	2010	9	6	249	14.8	19.6	10.3417169010794	-999.9	0	9.24768518518519	12.8640878543388	330
NORTH_CAPE	2010	9	7	250	14.3	18.3	9.35177221160651	-999.9	5.2	6.57407407407408	15.506608869581	330
NORTH_CAPE	2010	9	8	251	13.6	15.8	6.86922477104949	-999.9	32	9.69907407407408	13.7494666905374	330
NORTH_CAPE	2010	9	9	252	15.7	18.5	7.67447047561612	-999.9	0.6	4.98842592592592	17.7100704225485	330
NORTH_CAPE	2010	9	10	253	13.4	16.1	7.46216536564209	-999.9	5.4	8.55324074074075	15.9300639646786	330
NORTH_CAPE	2010	9	11	254	11.6	14	6.96534755785101	-999.9	0.7	11.4236111111111	12.572134475126	330
NORTH_CAPE	2010	9	12	255	10.8	14.6	8.67608532000912	-999.9	0	7.14120370370369	9.48577543722365	330
NORTH_CAPE	2010	9	13	256	10.8	16.7	10.7002423345284	-999.9	0	3.72685185185186	11.71676613548	330
NORTH_CAPE	2010	9	14	257	12.2	16.4	8.93446814661971	-999.9	10.8	2.96296296296297	14.5304223583586	330
NORTH_CAPE	2010	9	15	258	12	16	8.62762994633679	-999.9	22.1	3.36805555555556	14.4779845457709	330
NORTH_CAPE	2010	9	16	259	12.8	15.6	7.14165977943812	-999.9	0	9.13194444444444	13.772713722098	330
NORTH_CAPE	2010	9	17	260	10.6	13.8	7.55257654721755	-999.9	0.8	4.58333333333333	12.0507759691086	330
NORTH_CAPE	2010	9	18	261	11.5	17.8	10.4817075864559	-999.9	0	3.46064814814814	13.644508929541	330
NORTH_CAPE	2010	9	19	262	10.1	17.4	11.1585226100963	-999.9	0	4.57175925925925	12.4890825511708	330
NORTH_CAPE	2010	9	20	263	12.5	14.9	6.32669038685875	-999.9	0	5.35879629629631	12.5524240767001	330
NORTH_CAPE	2010	9	21	264	11.3	14.3	6.99358432157662	-999.9	0	11.9907407407407	9.90063319954585	330
NORTH_CAPE	2010	9	22	265	9.9	19	12.041234904943	-999.9	1.3	7.83564814814814	13.179284232361	330
NORTH_CAPE	2010	9	23	266	11.7	14.6	6.71898724710411	-999.9	0.6	10.9661835748792	9.75045291883535	330
NORTH_CAPE	2010	9	24	267	9.1	12.1	6.75404168515728	-999.9	22.2	5.92592592592592	9.60373621462273	330
NORTH_CAPE	2010	9	25	268	9.6	12.7	6.78463618038303	-999.9	14.1	8.39120370370369	12.1872806123587	330
NORTH_CAPE	2010	9	26	269	3.5	11.9	11.0350127570402	-999.9	0	7.53472222222222	7.16340962427712	330
NORTH_CAPE	2010	9	27	270	3.6	16.3	13.4050368233607	-999.9	0.6	2.84722222222222	9.24173089355264	330
NORTH_CAPE	2010	9	28	271	12.1	21.8	11.5726041933909	-999.9	7.6	5.89120370370369	17.1848065089792	330
NORTH_CAPE	2010	9	29	272	16	23.9	10.315367165284	-999.9	0	7.71990740740742	19.6035284266554	330
NORTH_CAPE	2010	9	30	273	15.7	21.9	9.02486035619924	-999.9	0	4.59490740740742	18.3385269567745	330
NORTH_CAPE	2010	10	1	274	19.1	25.2	8.83957661178278	-999.9	9.4	8.24074074074075	22.7973162144963	330
NORTH_CAPE	2010	10	2	275	11.4	19.4	9.99499796321638	-999.9	43.5	8.66898148148147	15.1369754270817	330
NORTH_CAPE	2010	10	3	276	10.5	13	5.51606135156703	-999.9	0	6.46990740740742	10.0405666445086	330
NORTH_CAPE	2010	10	4	277	5.7	12.8	9.17615649683443	-999.9	0	3.88888888888889	9.22406843798118	330
NORTH_CAPE	2010	10	5	278	5.5	15.4	10.6948335011784	-999.9	0	5.30092592592592	9.45491678868466	330
NORTH_CAPE	2010	10	6	279	11.1	13.1	4.74405350831617	-999.9	17.2	6.82870370370369	10.2766337511882	330
NORTH_CAPE	2010	10	7	280	10	16.6	8.50431312056339	-999.9	12.9	10.6018518518519	12.6256980326163	330
NORTH_CAPE	2010	10	8	281	8.1	11.4	5.93352444334512	-999.9	1.4	14.5601851851852	8.00860370999667	330
NORTH_CAPE	2010	10	9	282	6.7	10.5	6.28193127674892	-999.9	2.5	14.2708333333333	7.14786889409275	330
NORTH_CAPE	2010	10	10	283	7.3	11	6.11513977295018	-999.9	0.6	13.4837962962963	7.38032917234393	330
NORTH_CAPE	2010	10	11	284	7.3	10.8	5.86683259031307	-999.9	0	11.1805555555556	7.68372338015749	330
NORTH_CAPE	2010	10	12	285	7.2	12	6.77666473835459	-999.9	0	5.99537037037036	9.00203062792755	330
NORTH_CAPE	2010	10	13	286	8.5	10.6	4.42072942667374	-999.9	0	6.97916666666667	8.40189525273238	330
NORTH_CAPE	2010	10	14	287	7.9	12	6.09158121152012	-999.9	0	3.91203703703703	8.49170715233047	330
NORTH_CAPE	2010	10	15	288	8.2	11.6	5.47013588262158	-999.9	6.9	12.4768518518519	10.0832152234616	330
NORTH_CAPE	2010	10	16	289	8.4	12.1	5.62663418170184	-999.9	5	6.92129629629631	11.8191153241086	330
NORTH_CAPE	2010	10	17	290	7.4	10.2	4.82599196485403	-999.9	4.8	12.1527777777778	9.22600290710858	330
NORTH_CAPE	2010	10	18	291	6	9.2	5.08645260090392	-999.9	0.6	14.9884259259259	6.88757375768137	330
NORTH_CAPE	2010	10	19	292	4.4	8.4	5.60631226567393	-999.9	0	11.7939814814815	5.98523538786824	330
NORTH_CAPE	2010	10	20	293	2.5	13.1	8.9967282507113	-999.9	0	5.92592592592592	7.05303809274351	330
NORTH_CAPE	2010	10	21	294	6.9	11.7	5.96782582550433	-999.9	6.1	5.98379629629631	10.1700010673809	330
NORTH_CAPE	2010	10	22	295	5.2	9.9	5.82090125612749	-999.9	19.1	13.1597222222222	9.01018684977595	330
NORTH_CAPE	2010	10	23	296	5.7	8.5	4.42843828865947	-999.9	3	14.7800925925926	8.09518366187037	330
NORTH_CAPE	2010	10	24	297	5.5	7.9	4.04105391050717	-999.9	0.6	10.5208333333333	6.74663734876108	330
NORTH_CAPE	2010	10	25	298	4.5	8	4.8098377257872	-999.9	6.4	4.60648148148147	6.9108119993817	330
NORTH_CAPE	2010	10	26	299	7.2	7.9	2.12004762634839	-999.9	4.2	9.56018518518519	9.64784428073441	330
NORTH_CAPE	2010	10	27	300	7.6	17.1	7.69758332631337	-999.9	7.5	8.21759259259258	13.4331730243467	330
NORTH_CAPE	2010	10	28	301	10.4	20	7.62646201769364	-999.9	0.7	5.42824074074075	14.409025186838	330
NORTH_CAPE	2010	10	29	302	5.6	10.5	5.37010207146198	-999.9	0	3.94675925925925	9.2953499491102	330
NORTH_CAPE	2010	10	30	303	2.6	8.1	5.60748698339619	-999.9	3.2	11.875	6.9361392133351	330
NORTH_CAPE	2010	10	31	304	1.5	4.6	4.14934032474257	-999.9	0	6.25	5.40111675358162	330
NORTH_CAPE	2010	11	1	305	2.1	6.1	4.64570765326014	-999.9	2.6	9.6875	6.23449826163978	330
NORTH_CAPE	2010	11	2	306	1	3.9	3.89906606217713	-999.9	0	8.24074074074075	5.05040613432781	330
NORTH_CAPE	2010	11	3	307	1.3	5.7	4.73420925323501	-999.9	0	5.06944444444445	5.58889264706955	330
NORTH_CAPE	2010	11	4	308	0.9	8.6	6.17375892937758	-999.9	10.6	4.67592592592592	6.56217616009667	330
NORTH_CAPE	2010	11	5	309	7.8	17.6	6.86638566699797	-999.9	25.9	8.57638888888889	13.9091940348927	330
NORTH_CAPE	2010	11	6	310	5.7	17.2	7.33342192138903	-999.9	19.3	5.3125	12.1538211747958	330
NORTH_CAPE	2010	11	7	311	5.4	9.1	4.10144747022343	-999.9	40.7	10.1041666666667	9.65738222673156	330
NORTH_CAPE	2010	11	8	312	6.8	9.9	3.70199578114008	-999.9	0	7.91666666666667	10.6442956553391	330
NORTH_CAPE	2010	11	9	313	5.1	6.9	2.78198477119036	-999.9	2	13.3333333333333	8.58458072804261	330
NORTH_CAPE	2010	11	10	314	3.9	5.3	2.41988695114689	-999.9	2	15.3125	6.30424351434171	330
NORTH_CAPE	2010	11	11	315	3.8	5.5	2.63040013887717	-999.9	0	9.375	6.21264619360306	330
NORTH_CAPE	2010	11	12	316	5.2	9.9	4.31490266058638	-999.9	0.6	4.46759259259258	6.67356544181176	330
NORTH_CAPE	2010	11	13	317	5.5	9.1	3.72615766362797	-999.9	0	5.04629629629631	7.65487674063924	330
NORTH_CAPE	2010	11	14	318	2.8	5.6	3.2429849376532	-999.9	0	6.86342592592592	5.63643088892464	330
NORTH_CAPE	2010	11	15	319	-0.9	7.2	5.44424079079955	-999.9	0	3.41435185185186	5.74507289971703	330
NORTH_CAPE	2010	11	16	320	2.1	7.2	4.26468301760328	-999.9	1.4	3.17129629629631	7.72827449399873	330
NORTH_CAPE	2010	11	17	321	4.1	10.7	4.79030864460329	-999.9	13.9	6.48148148148147	9.98648337933693	330
NORTH_CAPE	2010	11	18	322	3.9	10.4	4.69489821355989	-999.9	0	12.2569444444444	7.95536341933532	330
NORTH_CAPE	2010	11	19	323	-2.5	4	4.63764415734626	-999.9	0.7	13.2407407407407	4.10533786259393	330
NORTH_CAPE	2010	11	20	324	-4.2	-0.7	3.36236196766456	-999.9	2.6	7.5	3.81233816718947	330
NORTH_CAPE	2010	11	21	325	-2.4	-0.1	2.69369073488871	-999.9	4.2	13.1481481481481	3.77691693572207	330
NORTH_CAPE	2010	11	22	326	-3.6	-1	2.83108408585983	-999.9	1.4	3.63425925925925	3.72666923091454	330
NORTH_CAPE	2010	11	23	327	-1.6	2	3.29392551201976	-999.9	11.8	3.51851851851853	5.29836835496843	330
NORTH_CAPE	2010	11	24	328	0.5	3.8	3.11914315945498	-999.9	20	8.50694444444445	6.66936736958984	330
NORTH_CAPE	2010	11	25	329	1.7	4.5	2.84248233528795	-999.9	0.7	10.0694444444444	6.80649308213037	330
NORTH_CAPE	2010	11	26	330	-0.6	2.9	3.14501701901767	-999.9	6.9	5.45138888888889	6.09679234479044	330
NORTH_CAPE	2010	11	27	331	-0.8	2.9	3.20106880071697	-999.9	1.5	5.56712962962964	4.99254611923989	330
NORTH_CAPE	2010	11	28	332	-0.7	1.6	2.4992130531397	-999.9	1.2	11.1342592592593	5.16814657228712	330
NORTH_CAPE	2010	11	29	333	1.2	2.2	1.63241153764176	-999.9	0	7.26851851851853	5.25859773673293	330
NORTH_CAPE	2010	11	30	334	0.9	2.6	2.10908671239726	-999.9	0	3.04398148148147	5.0983885864277	330
NORTH_CAPE	2010	12	1	335	0.7	5.2	3.4015074829339	-999.9	0	5.61342592592592	6.6728144985682	330
NORTH_CAPE	2010	12	2	336	5.1	6.5	1.88141245369981	-999.9	0	8.25231481481481	8.59775728243674	330
NORTH_CAPE	2010	12	3	337	4.8	5.7	1.49644347980139	-999.9	0	7.38425925925925	8.4349156724529	330
NORTH_CAPE	2010	12	4	338	4.4	6.7	2.37405499373583	-999.9	15	11.712962962963	8.51361046122378	330
NORTH_CAPE	2010	12	5	339	4.2	6.7	2.45729733943608	-999.9	0	4.42129629629631	8.47361331642933	330
NORTH_CAPE	2010	12	6	340	2.5	7.1	3.31058459305406	-999.9	4.7	13.9467592592593	7.05532927799752	330
NORTH_CAPE	2010	12	7	341	-0.9	4.8	3.66169754953055	-999.9	0	5.86805555555556	5.71530204823526	330
NORTH_CAPE	2010	12	8	342	-4	-0.8	2.72724582599348	-999.9	0	7.95138888888889	4.23742542892463	330
NORTH_CAPE	2010	12	9	343	-4.4	-1.8	2.44471812126566	-999.9	0	9.7337962962963	3.94324058277893	330
NORTH_CAPE	2010	12	10	344	-8.2	-1.6	3.87524202056686	-999.9	0	7.47685185185186	2.93074803346693	330
NORTH_CAPE	2010	12	11	345	-8.7	0.3	4.50430625812063	-999.9	0	4.76851851851853	3.5527473188711	330
NORTH_CAPE	2010	12	12	346	-1.8	2.5	3.10040627209458	-999.9	0	5.70601851851853	4.52275653040659	330
NORTH_CAPE	2010	12	13	347	2.5	8.5	3.64870102253487	-999.9	4.8	12.8587962962963	8.18259269851449	330
NORTH_CAPE	2010	12	14	348	5.4	8.5	2.61411496885304	-999.9	36.5	9.58333333333333	9.60339339567744	330
NORTH_CAPE	2010	12	15	349	0.4	6.3	3.59630087543721	-999.9	3.4	9.22453703703703	7.16778370320688	330
NORTH_CAPE	2010	12	16	350	-2.2	4	3.67806012652104	-999.9	0	5.33564814814814	5.45882121128341	330
NORTH_CAPE	2010	12	17	351	-5.5	-0.5	3.29692636917058	-999.9	0	5.11574074074075	3.30616190448984	330
NORTH_CAPE	2010	12	18	352	-3.1	-0.3	2.4638487193594	-999.9	0	6.63194444444445	3.92261104772769	330
NORTH_CAPE	2010	12	19	353	-3.2	0.3	2.75226497171765	-999.9	0	7.67361111111111	4.28100354949655	330
NORTH_CAPE	2010	12	20	354	-0.7	4.6	3.38552775597101	-999.9	1.3	6.79398148148147	6.05792480668243	330
NORTH_CAPE	2010	12	21	355	2.8	4.3	1.80126503438073	-999.9	38.9	20.5208333333333	6.97850116014981	330
NORTH_CAPE	2010	12	22	356	2.2	3.4	1.61204613710091	-999.9	23.2	18.3101851851852	6.80708104580624	330
NORTH_CAPE	2010	12	23	357	0.9	3.2	2.23417200447905	-999.9	12.9	17.8819444444444	6.22629003311538	330
NORTH_CAPE	2010	12	24	358	-0.6	1.4	2.08662250745774	-999.9	1.4	14.2361111111111	5.11771751752644	330
NORTH_CAPE	2010	12	25	359	-1.8	0.5	2.24222109600206	-999.9	0.7	11.7824074074074	4.78499937049971	330
NORTH_CAPE	2010	12	26	360	-0.1	1.7	1.98858694264943	-999.9	0	7.07175925925925	5.69598692222604	330
NORTH_CAPE	2010	12	27	361	-0.9	1.8	2.44281558827827	-999.9	20.1	15.462962962963	5.96365399747241	330
NORTH_CAPE	2010	12	28	362	-2.3	-0.8	1.82708912004319	-999.9	12.5	18.1134259259259	5.25287820439611	330
NORTH_CAPE	2010	12	29	363	-1.7	0.7	2.3202124289462	-999.9	1.6	13.3796296296296	4.61371240915393	330
NORTH_CAPE	2010	12	30	364	-2.5	0.4	2.56170724044004	-999.9	1.2	12.349537037037	4.30947439907146	330
NORTH_CAPE	2010	12	31	365	-0.6	1.6	2.24206345934152	-999.9	0.7	9.01620370370369	5.29277606889948	330
