NORTH_CAPE	2024	1	1	1	-5.6	-2	2.88329232674195	-999.9	0	6.60879629629631	3.20899872584312	330
NORTH_CAPE	2024	1	2	2	-5.8	-1.2	3.27799941473649	-999.9	0	10	3.50121389224678	330
NORTH_CAPE	2024	1	3	3	-3.8	0.5	3.18893007397445	-999.9	0	5.94907407407408	4.16650396261231	330
NORTH_CAPE	2024	1	4	4	-2.5	0.3	2.59033108011158	-999.9	0	3.03240740740742	4.89004981099455	330
NORTH_CAPE	2024	1	5	5	-8.2	-1.6	4.00492686587706	-999.9	0.4	11.9444444444444	3.45003105881422	330
NORTH_CAPE	2024	1	6	6	-8.3	-5.6	2.58064180864868	-999.9	0.3	9.94212962962964	2.5266524792158	330
NORTH_CAPE	2024	1	7	7	-6.9	-2.6	3.28228264807563	-999.9	0	6.77083333333333	2.93687009742547	330
NORTH_CAPE	2024	1	8	8	-4.5	-1.5	2.76418179946691	-999.9	0	10.7060185185185	3.37589484788478	330
NORTH_CAPE	2024	1	9	9	-6.4	-3.2	2.87944647908278	-999.9	0	10.0694444444444	3.03363091820703	330
NORTH_CAPE	2024	1	10	10	-4.8	4.1	4.84525062386933	-999.9	8.8	12.8240740740741	5.02674392725981	330
NORTH_CAPE	2024	1	11	11	-1.3	2.9	3.35959957683498	-999.9	0	9.07407407407408	5.42500752535515	330
NORTH_CAPE	2024	1	12	12	-6.3	-1.1	3.77446764075304	-999.9	0	11.1111111111111	3.28958418811836	330
NORTH_CAPE	2024	1	13	13	-7.3	3.3	5.44305458668265	-999.9	1.7	8.79629629629631	4.01347447563475	330
NORTH_CAPE	2024	1	14	14	-1.3	5.5	4.40473153870427	-999.9	1.2	7.92824074074075	5.69379795670466	330
NORTH_CAPE	2024	1	15	15	-6.6	-0.6	4.18167456930817	-999.9	0	11.6203703703704	3.19075548013024	330
NORTH_CAPE	2024	1	16	16	-7.3	1.3	5.06130682374968	-999.9	12.5	7.40740740740742	3.75122216086346	330
NORTH_CAPE	2024	1	17	17	-6.4	4.5	5.76221585430523	-999.9	0.7	13.3796296296296	4.64368678854282	330
NORTH_CAPE	2024	1	18	18	-8.9	-5.8	3.10841297541814	-999.9	0	17.3032407407408	2.37968012716979	330
NORTH_CAPE	2024	1	19	19	-10.3	-3.7	4.58907257598546	-999.9	0	15.6481481481481	2.54969659970533	330
NORTH_CAPE	2024	1	20	20	-4.2	-0.5	3.47742001859995	-999.9	0.8	8.59953703703703	4.64487018170585	330
NORTH_CAPE	2024	1	21	21	-6.5	-0.5	4.48268502764275	-999.9	0.2	9.80324074074075	3.8924330517642	330
NORTH_CAPE	2024	1	22	22	-7.2	-0.7	4.72414624022504	-999.9	0	11.6782407407407	3.31541421282405	330
NORTH_CAPE	2024	1	23	23	-9.6	-0.5	5.66087988277473	-999.9	0	13.6342592592593	2.72379471828928	330
NORTH_CAPE	2024	1	24	24	-10.3	-1.9	5.50917838823507	-999.9	0	6.86342592592592	2.68651396127069	330
NORTH_CAPE	2024	1	25	25	-4.1	-0.3	3.75409424013688	-999.9	0	7.84722222222222	4.10693277999143	330
NORTH_CAPE	2024	1	26	26	-7.2	-3.2	3.90289354658154	-999.9	1	2.46527777777778	3.04221032674308	330
NORTH_CAPE	2024	1	27	27	-3.2	-1	2.93348271369917	-999.9	0	3.09027777777778	4.40271606641563	330
NORTH_CAPE	2024	1	28	28	-1.3	-0.6	1.67727354263139	-999.9	0	6.35416666666667	4.92628350904207	330
NORTH_CAPE	2024	1	29	29	-8.1	-0.7	5.52860740491061	-999.9	0	12.3611111111111	3.57537549729641	330
NORTH_CAPE	2024	1	30	30	-10.5	-6.3	4.22305846280384	-999.9	0	7.15277777777778	2.28763223430574	330
NORTH_CAPE	2024	1	31	31	-9.3	-2.9	5.28625163321766	-999.9	0	7.30324074074075	2.76118443995253	330
NORTH_CAPE	2024	2	1	32	-3	-1.4	2.68053486667536	-999.9	4.2	4.52546296296297	4.59663064724002	330
NORTH_CAPE	2024	2	2	33	-4.1	-0.8	3.90450310532843	-999.9	3.3	6.86342592592592	4.90431442613318	330
NORTH_CAPE	2024	2	3	34	-5.2	-3.7	2.67018317730265	-999.9	0	13.7037037037037	3.25342765250219	330
NORTH_CAPE	2024	2	4	35	-4.9	-2.2	3.6341169827517	-999.9	0.8	16.5509259259259	3.79759204339634	330
NORTH_CAPE	2024	2	5	36	-2.7	-0.9	3.01027122292244	-999.9	2.9	15.2430555555556	4.89584250273359	330
NORTH_CAPE	2024	2	6	37	-3	-1.1	3.1377994213045	-999.9	0.2	9.27083333333333	4.71187092964501	330
NORTH_CAPE	2024	2	7	38	-2.8	-0.2	3.72423182344685	-999.9	0	4.93055555555556	4.37954913441537	330
NORTH_CAPE	2024	2	8	39	-2.7	-0.3	3.63058048989146	-999.9	0	4.10879629629631	4.63164249118444	330
NORTH_CAPE	2024	2	9	40	-3.8	1.3	5.37020586047752	-999.9	0	2.39583333333333	4.73015213292964	330
NORTH_CAPE	2024	2	10	41	-1.6	5.4	6.38412787087084	-999.9	0.5	5.10416666666667	5.62180643144768	330
NORTH_CAPE	2024	2	11	42	-0.3	1.6	3.37507808851356	-999.9	0	5.52083333333333	5.84934778188742	330
NORTH_CAPE	2024	2	12	43	-2.3	0.9	4.44468301921141	-999.9	0	4.50231481481481	4.83117254878284	330
NORTH_CAPE	2024	2	13	44	-4.3	-1.6	4.14292856335164	-999.9	0	6.51620370370369	3.45588263589663	330
NORTH_CAPE	2024	2	14	45	-6.3	-1.9	5.36672589720282	-999.9	1.1	11.9560185185185	3.62867244376222	330
NORTH_CAPE	2024	2	15	46	-4.7	-1.5	4.64419259721454	-999.9	0.2	13.2407407407407	3.56255602470993	330
NORTH_CAPE	2024	2	16	47	-5.3	-2.7	4.24781606250601	-999.9	0	6.62037037037036	3.17833329247527	330
NORTH_CAPE	2024	2	17	48	-6.9	-2.3	5.73311278067395	-999.9	0	8.05555555555556	2.99066903707262	330
NORTH_CAPE	2024	2	18	49	-9.2	-4.9	5.62424581416191	-999.9	0	11.412037037037	2.29063651738233	330
NORTH_CAPE	2024	2	19	50	-7.8	-3.6	5.63970621002007	-999.9	0	8.14814814814814	2.83838621632578	330
NORTH_CAPE	2024	2	20	51	-10.7	-7.3	5.14818040839902	-999.9	0	11.3310185185185	1.88714963571902	330
NORTH_CAPE	2024	2	21	52	-10.5	-4.2	7.1096014171755	-999.9	0	4.6875	2.22397266205868	330
NORTH_CAPE	2024	2	22	53	-8.1	-2.3	6.9203091390871	-999.9	0	3.72685185185186	3.23343497585265	330
NORTH_CAPE	2024	2	23	54	-4.8	2.3	7.76695436656638	-999.9	1.9	4.36342592592592	4.90952687888503	330
NORTH_CAPE	2024	2	24	55	-10.1	-0.1	9.34981544443934	-999.9	4.8	6.42361111111111	3.73098569129014	330
NORTH_CAPE	2024	2	25	56	-12	-6	7.34563616425477	-999.9	0	8.33333333333333	1.92476292742751	330
NORTH_CAPE	2024	2	26	57	-8.1	1.5	9.42339616818552	-999.9	0	5.17361111111111	3.90290101785812	330
NORTH_CAPE	2024	2	27	58	-4	5.4	9.45625540655745	-999.9	0	4.98842592592592	4.8264024146775	330
NORTH_CAPE	2024	2	28	59	3.1	8.2	7.06296996911541	-999.9	3.6	6.60879629629631	8.68400402359079	330
NORTH_CAPE	2024	2	29	60	-11.6	10.8	15.008425169574	-999.9	10.2	12.6157407407407	4.87102860150409	330
NORTH_CAPE	2024	3	1	61	-12.9	-5.6	8.68643507990498	-999.9	0	15.3356481481481	1.83353156310772	330
NORTH_CAPE	2024	3	2	62	-5.8	9.6	12.7899298805104	-999.9	0.6	7.67361111111111	4.39890957077283	330
NORTH_CAPE	2024	3	3	63	0	7.7	9.16722632589861	-999.9	8	4.66435185185186	7.64804896664048	330
NORTH_CAPE	2024	3	4	64	-3.9	0.7	7.18144792387027	-999.9	0	6.43518518518519	3.96525193168576	330
NORTH_CAPE	2024	3	5	65	-2.9	9.6	11.9972856108708	-999.9	4.5	4.25925925925925	5.50400846059791	330
NORTH_CAPE	2024	3	6	66	0.2	5.4	7.84111227508566	-999.9	5.1	2.84722222222222	6.87899784142111	330
NORTH_CAPE	2024	3	7	67	-2.8	0.3	6.13418371769069	-999.9	10	11.5856481481481	5.08391784470397	330
NORTH_CAPE	2024	3	8	68	-2.9	-1.4	4.32287111468717	-999.9	0	11.9560185185185	4.24046457791226	330
NORTH_CAPE	2024	3	9	69	-2.9	1.7	7.66842249030854	-999.9	0	5.02314814814814	4.90575074058749	330
NORTH_CAPE	2024	3	10	70	-2	-0.1	4.99175325731593	-999.9	2.6	10.1388888888889	5.07816591317182	330
NORTH_CAPE	2024	3	11	71	-1.1	2.4	6.86131444200405	-999.9	12.5	9.18981481481481	6.16079237993951	330
NORTH_CAPE	2024	3	12	72	-1.1	-0.3	3.32171376249728	-999.9	2.5	9.98842592592592	5.66228975787929	330
NORTH_CAPE	2024	3	13	73	-1	0.4	4.44909053266108	-999.9	0.7	8.4375	5.73734386520993	330
NORTH_CAPE	2024	3	14	74	-0.9	1.2	5.51635519627266	-999.9	0	3.73842592592592	5.61751591014038	330
NORTH_CAPE	2024	3	15	75	-1.2	2.4	7.31094979647148	-999.9	0	2.43055555555556	5.79325814562275	330
NORTH_CAPE	2024	3	16	76	-2.3	3.3	9.22869957122118	-999.9	0.2	2.33796296296296	5.67992301582299	330
NORTH_CAPE	2024	3	17	77	0.2	4.6	8.2782804404402	-999.9	2.9	4.90740740740742	6.62836267997171	330
NORTH_CAPE	2024	3	18	78	0.1	3.1	6.91647039869795	-999.9	0	7.34953703703703	6.17111477651281	330
NORTH_CAPE	2024	3	19	79	-1.1	1.3	6.25866774541126	-999.9	1	4.47916666666667	5.66191553246298	330
NORTH_CAPE	2024	3	20	80	-0.3	3.7	8.17335690383788	-999.9	0	4.95370370370369	5.85991072696956	330
NORTH_CAPE	2024	3	21	81	-4.1	3.5	11.3949609066521	-999.9	4.2	9.64120370370369	5.09680307607179	330
NORTH_CAPE	2024	3	22	82	-5.7	0	9.97975876568774	-999.9	0	16.1805555555556	3.47230521600683	330
NORTH_CAPE	2024	3	23	83	-6.9	-0.4	10.7759735212669	-999.9	11.8	9.84953703703703	3.47450164248004	330
NORTH_CAPE	2024	3	24	84	-2	4.6	10.97815520699	-999.9	25.8	10.1157407407407	5.08173640052603	330
NORTH_CAPE	2024	3	25	85	-1.7	0.4	6.25986077409894	-999.9	0	4.57175925925925	3.7886307864952	330
NORTH_CAPE	2024	3	26	86	-1.3	1.6	7.43517991714838	-999.9	13.2	7.59259259259258	5.08748097207207	330
NORTH_CAPE	2024	3	27	87	-0.1	10.8	14.5674256979713	-999.9	17.6	3.71527777777778	8.67346388413517	330
NORTH_CAPE	2024	3	28	88	0.7	10.8	14.1692472611599	-999.9	37.2	2.52314814814815	9.0020853713216	330
NORTH_CAPE	2024	3	29	89	0.4	4.9	9.55538490570957	-999.9	14.8	5.18518518518519	7.28981314552664	330
NORTH_CAPE	2024	3	30	90	-0.3	2.8	8.01157322149078	-999.9	2.4	9.78009259259258	5.85972585379905	330
NORTH_CAPE	2024	3	31	91	-1.4	2.4	8.95906930014365	-999.9	0	8.90046296296297	4.32225701017343	330
NORTH_CAPE	2024	4	1	92	-3.2	3.4	11.9238430874887	-999.9	0	5.60185185185186	4.59290054339468	330
NORTH_CAPE	2024	4	2	93	-0.1	1.6	6.11055906699044	-999.9	0	6.22685185185186	5.67972815841378	330
NORTH_CAPE	2024	4	3	94	-0.2	1.7	6.52205552745294	-999.9	0	7.43055555555556	5.54694825394705	330
NORTH_CAPE	2024	4	4	95	0.4	1.6	5.2322506096696	-999.9	10.7	11.2384259259259	5.63851270145	330
NORTH_CAPE	2024	4	5	96	0.1	1.5	5.70415352913795	-999.9	4.3	14.4907407407407	6.08619725372011	330
NORTH_CAPE	2024	4	6	97	0	0.5	3.44017527941053	-999.9	0.7	10.7523148148148	5.96678567237827	330
NORTH_CAPE	2024	4	7	98	-0.1	1.2	5.59725129224847	-999.9	0.2	8.17129629629631	5.67573700297296	330
NORTH_CAPE	2024	4	8	99	0	7.1	13.1971191199736	-999.9	0	4.53703703703703	6.32159285888407	330
NORTH_CAPE	2024	4	9	100	-0.4	1.7	7.24012101692726	-999.9	0	7.29166666666667	4.91719144586974	330
NORTH_CAPE	2024	4	10	101	-0.2	3.6	9.82321614566079	-999.9	0	4.34027777777778	5.24703402538222	330
NORTH_CAPE	2024	4	11	102	0.5	9.4	15.1608055737253	-999.9	0	4.38657407407408	6.71326984171357	330
NORTH_CAPE	2024	4	12	103	2.8	9.9	13.6540543385849	-999.9	2.5	7.19907407407408	8.59657076454881	330
NORTH_CAPE	2024	4	13	104	5.9	11	11.667093843145	-999.9	1.1	5.20833333333333	10.5170634594346	330
NORTH_CAPE	2024	4	14	105	5.3	7.7	8.06804901961165	-999.9	0	6.48148148148147	7.95449657957147	330
NORTH_CAPE	2024	4	15	106	3.7	7.9	10.7575457798126	-999.9	1.8	3.53009259259258	7.58671042067803	330
NORTH_CAPE	2024	4	16	107	3.6	11.4	14.7741348368141	-999.9	1	4.56018518518519	9.00524230243834	330
NORTH_CAPE	2024	4	17	108	2.5	5.6	9.38517909224575	-999.9	0.3	3.90046296296297	7.10636696260597	330
NORTH_CAPE	2024	4	18	109	2.4	4.2	7.20519789244799	-999.9	0	5.76388888888889	6.24910672189132	330
NORTH_CAPE	2024	4	19	110	2.1	6	10.6839321078324	-999.9	0	5.02314814814814	6.29294660625404	330
NORTH_CAPE	2024	4	20	111	4	7.3	9.89888753410223	-999.9	12	5.12731481481481	7.14724956045755	330
NORTH_CAPE	2024	4	21	112	3.7	11.5	15.3267127276243	-999.9	0	4.82638888888889	8.24150391930549	330
NORTH_CAPE	2024	4	22	113	0.3	5.6	12.7219559519629	-999.9	0	9.375	4.83652191554968	330
NORTH_CAPE	2024	4	23	114	-0.9	14	21.4765995002051	-999.9	0	6.51620370370369	3.98129844079366	330
NORTH_CAPE	2024	4	24	115	0.8	6.2	13.0157185394352	-999.9	2.4	5.59027777777778	6.06531206730769	330
NORTH_CAPE	2024	4	25	116	-1.9	3.4	12.979286017033	-999.9	0	13.3449074074074	4.32483117405935	330
NORTH_CAPE	2024	4	26	117	-1.5	5.4	14.9046572260646	-999.9	0	3.47222222222222	4.05872723063307	330
NORTH_CAPE	2024	4	27	118	0.7	6.2	13.390802926226	-999.9	0	3.61111111111111	5.24718492496771	330
NORTH_CAPE	2024	4	28	119	-0.7	7.6	16.5514353776966	-999.9	0	5.61342592592592	5.26572730859167	330
NORTH_CAPE	2024	4	29	120	2.6	6.6	11.5595716580749	-999.9	0.2	6.27314814814814	7.11712176027879	330
NORTH_CAPE	2024	4	30	121	2.1	3.5	6.87915270980417	-999.9	0	10.474537037037	5.81275317600083	330
NORTH_CAPE	2024	5	1	122	3.2	5.4	8.67332835204284	-999.9	0	4.25925925925925	7.18464298804227	330
NORTH_CAPE	2024	5	2	123	2.9	4.7	7.88966955886586	-999.9	0.4	6.45833333333333	7.53394906981478	330
NORTH_CAPE	2024	5	3	124	2.5	4	7.24204423838349	-999.9	2.3	9.88425925925925	7.24085055837796	330
NORTH_CAPE	2024	5	4	125	1	3.6	9.58606427439981	-999.9	0	5.60185185185186	6.65976092417291	330
NORTH_CAPE	2024	5	5	126	0.4	9.8	18.3231910907894	-999.9	0.2	3.49537037037036	7.52064676424589	330
NORTH_CAPE	2024	5	6	127	6.3	15.5	18.2204997971088	-999.9	3.6	7.22222222222222	10.9812656904505	330
NORTH_CAPE	2024	5	7	128	5.6	12.1	15.3921102726187	-999.9	0	5.27777777777778	9.18362439683156	330
NORTH_CAPE	2024	5	8	129	4	6.5	9.5925217731023	-999.9	0	6.00694444444445	7.40293773878666	330
NORTH_CAPE	2024	5	9	130	3.6	5.1	7.46579672028145	-999.9	0	7.33796296296297	6.97956609578563	330
NORTH_CAPE	2024	5	10	131	3.8	6	9.08356450591024	-999.9	0	4.34027777777778	7.53611663116765	330
NORTH_CAPE	2024	5	11	132	3.8	7.6	11.9921798548102	-999.9	0	3.86574074074075	7.98652444181959	330
NORTH_CAPE	2024	5	12	133	1.8	7.7	15.008624477786	-999.9	0	5.06944444444445	7.42085931986187	330
NORTH_CAPE	2024	5	13	134	1.9	12.3	20.0118631088703	-999.9	0	3.66898148148147	8.07408047192805	330
NORTH_CAPE	2024	5	14	135	6.7	10.9	12.7702416952853	-999.9	0	4.78009259259258	8.93694991412777	330
NORTH_CAPE	2024	5	15	136	7.1	11.6	13.271873204946	-999.9	0	4.25925925925925	10.2929824019372	330
NORTH_CAPE	2024	5	16	137	7.1	9	8.65769659186278	-999.9	0	4.65277777777778	9.83309746682733	330
NORTH_CAPE	2024	5	17	138	7	11.1	12.7663104025921	-999.9	0	2.91666666666667	10.1692072174142	330
NORTH_CAPE	2024	5	18	139	7	9.9	10.7762809734754	-999.9	0	4.90740740740742	10.4275357351481	330
NORTH_CAPE	2024	5	19	140	8.5	11	10.0411875420441	-999.9	0	5.99537037037036	10.867371110274	330
NORTH_CAPE	2024	5	20	141	9	16.6	17.5677428889714	-999.9	0	4.24768518518519	12.0959641088768	330
NORTH_CAPE	2024	5	21	142	10.7	20.8	20.3195027518233	-999.9	0.2	5.40509259259258	14.1407016945827	330
NORTH_CAPE	2024	5	22	143	8.7	14.2	15.0427161510181	-999.9	0	4.83796296296297	12.3468290776184	330
NORTH_CAPE	2024	5	23	144	9.2	15.7	16.4037676704844	-999.9	1.6	5.25462962962964	13.7521198671559	330
NORTH_CAPE	2024	5	24	145	9.5	15.4	15.6748940843609	-999.9	0.3	2.48842592592593	13.5897929788906	330
NORTH_CAPE	2024	5	25	146	8.6	11.4	10.8292687678513	-999.9	0	4.74537037037036	10.8958928433714	330
NORTH_CAPE	2024	5	26	147	7.8	11.3	12.1407533884029	-999.9	0	5.63657407407408	9.76220210317476	330
NORTH_CAPE	2024	5	27	148	7.8	12.6	14.255218493229	-999.9	0	5.30092592592592	10.1628409589263	330
NORTH_CAPE	2024	5	28	149	10.5	17.7	17.5029578148178	-999.9	1.5	6.43518518518519	14.5991252471279	330
NORTH_CAPE	2024	5	29	150	10.9	17.4	16.6703320576616	-999.9	0	6.79398148148147	13.6096962884706	330
NORTH_CAPE	2024	5	30	151	8.9	14	14.8001326166168	-999.9	0	4.38657407407408	10.0040130096289	330
NORTH_CAPE	2024	5	31	152	8.2	11.3	11.5639182806964	-999.9	0	4.18981481481481	9.79786770343265	330
NORTH_CAPE	2024	6	1	153	8.1	10.4	9.98119541388437	-999.9	0	7.29166666666667	9.48829918001208	330
NORTH_CAPE	2024	6	2	154	7.1	11.8	14.2959488365941	-999.9	5.5	7.48842592592592	10.3966030301446	330
NORTH_CAPE	2024	6	3	155	7.1	10.8	12.7075371529405	-999.9	0.2	5.12731481481481	11.0710217593906	330
NORTH_CAPE	2024	6	4	156	9	11.2	9.8156597545615	-999.9	0	4.69907407407408	11.6982929910684	330
NORTH_CAPE	2024	6	5	157	10.4	16.2	15.9632399080321	-999.9	0	3.61111111111111	13.4307779678945	330
NORTH_CAPE	2024	6	6	158	7.9	11.1	11.874963256882	-999.9	0	3.49537037037036	11.2119248695809	330
NORTH_CAPE	2024	6	7	159	8.5	12	12.4363515592061	-999.9	0	4.64120370370369	11.8861505682525	330
NORTH_CAPE	2024	6	8	160	10.7	14.1	12.2730254262694	-999.9	3.8	5.10416666666667	13.728341400218	330
NORTH_CAPE	2024	6	9	161	11	15.1	13.4930121822675	-999.9	3.7	4.28240740740742	14.0911535277614	330
NORTH_CAPE	2024	6	10	162	12	17.8	16.0652490704106	-999.9	0.9	4.84953703703703	15.210870163771	330
NORTH_CAPE	2024	6	11	163	11.7	15.8	13.5199042904217	-999.9	0	3.57638888888889	14.7400218481842	330
NORTH_CAPE	2024	6	12	164	12	14.1	9.68392373534026	-999.9	0	3.71527777777778	14.3480398304018	330
NORTH_CAPE	2024	6	13	165	12.1	23.6	22.6778832992687	-999.9	0	4.87268518518519	16.8224574155782	330
NORTH_CAPE	2024	6	14	166	15.6	27.5	23.0829265246289	-999.9	0	6.50462962962964	18.070032411261	330
NORTH_CAPE	2024	6	15	167	12.6	15.9	12.161582979328	-999.9	0	5.99537037037036	13.6168984660191	330
NORTH_CAPE	2024	6	16	168	11.8	19.3	18.3413591962813	-999.9	0	6.67824074074075	10.7922620604983	330
NORTH_CAPE	2024	6	17	169	14.5	23.7	20.3195731261698	-999.9	0	7.04861111111111	14.3006793551321	330
NORTH_CAPE	2024	6	18	170	14.7	28.3	24.709386887453	-999.9	0	7.45370370370369	19.0863061875802	330
NORTH_CAPE	2024	6	19	171	19.1	34.9	26.6345278094586	-999.9	0	6.79398148148147	25.8694391154691	330
NORTH_CAPE	2024	6	20	172	19.5	27	18.3494541617577	-999.9	0	8.20987654320989	20.6883164128772	330
NORTH_CAPE	2024	6	21	173	17.4	21.1	12.8861022981471	-999.9	0	5.30092592592592	15.7211387447521	330
NORTH_CAPE	2024	6	22	174	14.9	26.4	22.7117173709533	-999.9	0	5.06944444444445	15.268056268607	330
NORTH_CAPE	2024	6	23	175	16.2	22.3	16.5347818993416	-999.9	43.4	6.86342592592592	18.1140640098999	330
NORTH_CAPE	2024	6	24	176	14.4	18.1	12.8712010268939	-999.9	0.3	5.96064814814814	16.8410082387156	330
NORTH_CAPE	2024	6	25	177	12.5	16.6	13.540882083895	-999.9	1.2	4.93055555555556	15.0442772841102	330
NORTH_CAPE	2024	6	26	178	12.3	26.4	25.0930558496046	-999.9	0.3	4.86111111111111	18.2460040521013	330
NORTH_CAPE	2024	6	27	179	14.1	18.6	14.1641776261201	-999.9	16.4	5.19675925925925	16.8789437545389	330
NORTH_CAPE	2024	6	28	180	12.7	17.7	14.9163768183855	-999.9	0	5.63657407407408	14.1633346871627	330
NORTH_CAPE	2024	6	29	181	12.5	23.1	21.6958474020187	-999.9	1.7	5.46296296296297	13.7615034306859	330
NORTH_CAPE	2024	6	30	182	13.7	20.9	17.8602425730205	-999.9	1.4	7.16435185185186	16.9277546277428	330
NORTH_CAPE	2024	7	1	183	12.9	20.4	18.2054410195183	-999.9	0	3.42592592592592	16.4471783914316	330
NORTH_CAPE	2024	7	2	184	12.9	21.3	19.2402935527595	-999.9	0	2.22222222222222	16.4374905119462	330
NORTH_CAPE	2024	7	3	185	14.8	25.5	21.6829010224956	-999.9	0	2.83564814814814	15.581377578766	330
NORTH_CAPE	2024	7	4	186	17.2	23.2	16.2108763491676	-999.9	0	5.47453703703703	13.4892678506762	330
NORTH_CAPE	2024	7	5	187	16.9	23.1	16.4506836519599	-999.9	0.3	4.94212962962964	20.0045986190171	330
NORTH_CAPE	2024	7	6	188	17.6	20.9	11.9799256955885	-999.9	0.5	3.34490740740742	20.708477521142	330
NORTH_CAPE	2024	7	7	189	16.9	20.6	12.6607318388755	-999.9	0	3.25231481481481	20.326713790207	330
NORTH_CAPE	2024	7	8	190	18.3	25.7	17.8684251405611	-999.9	0	3.51851851851853	22.6870964285855	330
NORTH_CAPE	2024	7	9	191	20.3	27.1	17.0918448154094	-999.9	0	5.67632850241547	22.4302693143911	330
NORTH_CAPE	2024	7	10	192	18.9	25.6	16.9272913581859	-999.9	5.8	4.83796296296297	22.6661224701207	330
NORTH_CAPE	2024	7	11	193	18.2	20.3	9.45424224826477	-999.9	31.1	5.91435185185186	21.4764988493798	330
NORTH_CAPE	2024	7	12	194	17.6	22.8	14.8401090810709	-999.9	1.2	3.79629629629631	21.8581601662572	330
NORTH_CAPE	2024	7	13	195	19.4	26.6	17.4169154122262	-999.9	0	6.12268518518519	24.3901191504433	330
NORTH_CAPE	2024	7	14	196	20.2	28.2	18.3092554221273	-999.9	0	4.88425925925925	25.8141721060292	330
NORTH_CAPE	2024	7	15	197	21.2	28.5	17.4404956451685	-999.9	0	5.56712962962964	24.5593439989343	330
NORTH_CAPE	2024	7	16	198	19.8	27.5	17.8593375377114	-999.9	8.7	4.23611111111111	24.5107565683366	330
NORTH_CAPE	2024	7	17	199	21.7	29.6	18.0346150666572	-999.9	0	5.65972222222222	27.842364826613	330
NORTH_CAPE	2024	7	18	200	20.3	25.6	14.724997822638	-999.9	2.4	5.74074074074075	23.553593237523	330
NORTH_CAPE	2024	7	19	201	19.8	24.9	14.397160581661	-999.9	0	6.37731481481481	19.7441610890021	330
NORTH_CAPE	2024	7	20	202	20.4	26	15.0352469514102	-999.9	0	7.00231481481481	18.881003701529	330
NORTH_CAPE	2024	7	21	203	17.6	22.7	14.2980434595297	-999.9	0	7.03703703703703	15.6978631008236	330
NORTH_CAPE	2024	7	22	204	18.1	23	13.9641516690639	-999.9	0	9.24768518518519	15.547497375157	330
NORTH_CAPE	2024	7	23	205	19	21.8	10.5164794501679	-999.9	0	3.37962962962964	15.5320630394066	330
NORTH_CAPE	2024	7	24	206	18.2	22.5	12.9822543169673	-999.9	0	3.02083333333333	16.4445341411406	330
NORTH_CAPE	2024	7	25	207	18.5	26.5	17.6374135802903	-999.9	1.9	4.02777777777778	21.9285076738384	330
NORTH_CAPE	2024	7	26	208	18.8	20.9	8.99959331060155	-999.9	0	7.14120370370369	18.6755504512633	330
NORTH_CAPE	2024	7	27	209	13.8	24.1	19.8474309103017	-999.9	0	3.19444444444444	14.7719070269157	330
NORTH_CAPE	2024	7	28	210	19.5	26.6	16.4072663999816	-999.9	0	8.26388888888889	20.2878774234531	330
NORTH_CAPE	2024	7	29	211	18.9	30.7	21.0580495063784	-999.9	0	6.53935185185186	20.6150416862285	330
NORTH_CAPE	2024	7	30	212	16.8	28.4	20.7837888224878	-999.9	0	5.77546296296297	20.2034895069222	330
NORTH_CAPE	2024	7	31	213	20.7	27.9	16.2977950086668	-999.9	0	8.50694444444445	23.7448772700142	330
NORTH_CAPE	2024	8	1	214	20	29.4	18.5328185582896	-999.9	3.5	5.21990740740742	26.598339192843	330
NORTH_CAPE	2024	8	2	215	19.4	24.9	14.1065781253491	-999.9	0	3.85416666666667	23.6827560386799	330
NORTH_CAPE	2024	8	3	216	22.3	29.1	15.6064882132983	-999.9	0	4.79166666666667	25.6177391506404	330
NORTH_CAPE	2024	8	4	217	19.7	26.3	15.2960916253807	-999.9	1.1	5.03472222222222	24.6839760076776	330
NORTH_CAPE	2024	8	5	218	17.1	25.4	17.0628852601972	-999.9	2.3	4.20138888888889	20.0341799593347	330
NORTH_CAPE	2024	8	6	219	16.9	22.9	14.4291537868939	-999.9	2.7	6.78240740740742	15.5743007927765	330
NORTH_CAPE	2024	8	7	220	18.6	23.5	12.9676637849786	-999.9	0	7.30324074074075	14.8865798951532	330
NORTH_CAPE	2024	8	8	221	18.3	23.7	13.5364708079707	-999.9	0	4.87268518518519	14.8786525024806	330
NORTH_CAPE	2024	8	9	222	16.7	23.2	14.7657758899478	-999.9	0	5.15046296296297	17.8783640186742	330
NORTH_CAPE	2024	8	10	223	19.8	25.5	13.7459242711466	-999.9	1.1	7.51157407407408	23.8747652833078	330
NORTH_CAPE	2024	8	11	224	18.8	25.8	15.1414725029507	-999.9	0	4.76851851851853	21.5846375013675	330
NORTH_CAPE	2024	8	12	225	17.6	25.9	16.3864963309313	-999.9	3.5	5.99537037037036	20.8929770157178	330
NORTH_CAPE	2024	8	13	226	17.5	22.4	12.5117542117396	-999.9	0	5.41666666666667	19.1437650354114	330
NORTH_CAPE	2024	8	14	227	12.5	20.5	15.8848510527606	-999.9	0	4.58333333333333	13.9620736085372	330
NORTH_CAPE	2024	8	15	228	12	23.9	19.2474966637283	-999.9	0	2.77777777777778	16.2153012625016	330
NORTH_CAPE	2024	8	16	229	15.7	24	15.967863602207	-999.9	0	2.97453703703703	17.596432231539	330
NORTH_CAPE	2024	8	17	230	17.9	24.8	14.4605041653133	-999.9	0	6.93287037037036	18.345172452234	330
NORTH_CAPE	2024	8	18	231	16.1	25.5	16.761690418592	-999.9	0	6.82870370370369	19.3113500047372	330
NORTH_CAPE	2024	8	19	232	17.8	24.4	13.9464761011001	-999.9	0	3.14814814814814	21.4609625774008	330
NORTH_CAPE	2024	8	20	233	16.2	25.5	16.4367524644707	-999.9	0.7	6.52777777777778	21.8399505577895	330
NORTH_CAPE	2024	8	21	234	16	18.1	7.75370658987444	-999.9	1.1	9.61805555555556	17.6873810389588	330
NORTH_CAPE	2024	8	22	235	16.3	20.7	11.1402298190605	-999.9	1.3	5.30092592592592	18.6389622696168	330
NORTH_CAPE	2024	8	23	236	14.3	20.1	12.6938277719784	-999.9	2.1	4.13194444444444	16.3284433581876	330
NORTH_CAPE	2024	8	24	237	17.9	24.5	13.4370471918267	-999.9	0	6.15740740740742	18.9176588890458	330
NORTH_CAPE	2024	8	25	238	19	23.9	11.4874980385623	-999.9	0	4.21296296296297	21.7528679922674	330
NORTH_CAPE	2024	8	26	239	18.6	24	11.9636001162319	-999.9	0	2.70833333333333	22.0862734780217	330
NORTH_CAPE	2024	8	27	240	17.2	28.4	17.0904495477126	-999.9	0	4.65277777777778	20.9261936485471	330
NORTH_CAPE	2024	8	28	241	15.5	20.9	11.7696217779764	-999.9	8.2	10.2083333333333	15.843321019525	330
NORTH_CAPE	2024	8	29	242	11	17.8	13.0973292972629	-999.9	0	7.69675925925925	10.2531148597021	330
NORTH_CAPE	2024	8	30	243	13.4	23.6	15.9049530213669	-999.9	0	5.17361111111111	13.7386614817156	330
NORTH_CAPE	2024	8	31	244	14	25.1	16.4489814512163	-999.9	0	7.85879629629631	14.8290433169054	330
NORTH_CAPE	2024	9	1	245	16.7	24.5	13.6681931462085	-999.9	2.2	5.75231481481481	20.4758440783114	330
NORTH_CAPE	2024	9	2	246	14	19.4	11.2716609788268	-999.9	1.3	5.71759259259258	13.8385350101987	330
NORTH_CAPE	2024	9	3	247	13.4	19	11.3750450939001	-999.9	0	9.74537037037036	11.5098199033125	330
NORTH_CAPE	2024	9	4	248	16.1	22.4	11.9546872682937	-999.9	0	6.44675925925925	15.3323282234778	330
NORTH_CAPE	2024	9	5	249	16.7	24.9	13.5121478419582	-999.9	0	7.39583333333333	16.721429727359	330
NORTH_CAPE	2024	9	6	250	16.1	21.4	10.7608245233824	-999.9	0	5.08101851851853	15.3335505098971	330
NORTH_CAPE	2024	9	7	251	16.6	18.3	6.03618903152019	-999.9	17.1	10.7291666666667	18.0800881518676	330
NORTH_CAPE	2024	9	8	252	15.4	22.4	12.1299424941552	-999.9	0.2	7.03703703703703	18.5356829669833	330
NORTH_CAPE	2024	9	9	253	12.6	17.4	9.94585900247731	-999.9	0	9.21296296296297	11.3641601303306	330
NORTH_CAPE	2024	9	10	254	12.1	19.4	12.1432716293082	-999.9	0	5.78703703703703	13.5729293656924	330
NORTH_CAPE	2024	9	11	255	13.3	18	9.64531714674249	-999.9	0	5.09259259259258	13.4640218352968	330
NORTH_CAPE	2024	9	12	256	14.3	19.4	9.94458730691435	-999.9	0	2.80092592592592	14.1428045463551	330
NORTH_CAPE	2024	9	13	257	15.5	23	11.9345845703495	-999.9	0	5.11574074074075	18.8113803452599	330
NORTH_CAPE	2024	9	14	258	9.1	16.1	11.4088465547052	-999.9	0.2	6.80555555555556	10.4430463789364	330
NORTH_CAPE	2024	9	15	259	9.1	21.4	14.9624440208228	-999.9	0	3.53009259259258	12.4437165923828	330
NORTH_CAPE	2024	9	16	260	17.1	23.1	10.3377088201993	-999.9	0	8.59953703703703	18.8787632318845	330
NORTH_CAPE	2024	9	17	261	18.6	24	9.70031634668191	-999.9	0	7.56944444444445	20.6767368309119	330
NORTH_CAPE	2024	9	18	262	18.5	24.3	9.94226406764752	-999.9	0	3.62268518518519	21.2623621453829	330
NORTH_CAPE	2024	9	19	263	15.3	19.4	8.26585425529945	-999.9	0	7.23379629629631	17.5339286247074	330
NORTH_CAPE	2024	9	20	264	14.6	18	7.44221778623417	-999.9	0	8.06712962962964	13.9249347648838	330
NORTH_CAPE	2024	9	21	265	14.4	18.4	7.98000162962709	-999.9	0	5.11574074074075	13.8266604911411	330
NORTH_CAPE	2024	9	22	266	13.7	17.8	7.9857989379955	-999.9	0	6.07638888888889	13.2770900669263	330
NORTH_CAPE	2024	9	23	267	13.9	17.9	7.79567553431714	-999.9	0	3.36805555555556	11.2385216423949	330
NORTH_CAPE	2024	9	24	268	13.1	17.2	7.79933134761521	-999.9	0	5.54398148148147	12.7370900279467	330
NORTH_CAPE	2024	9	25	269	13.2	17	7.41897399460155	-999.9	0.6	5.15046296296297	12.8735075648864	330
NORTH_CAPE	2024	9	26	270	13.2	17.4	7.70564204492188	-999.9	2.9	3.26388888888889	13.4473594268357	330
NORTH_CAPE	2024	9	27	271	13.1	15.5	5.75397700114742	-999.9	3.2	5.20833333333333	14.7758917177677	330
NORTH_CAPE	2024	9	28	272	13.8	16.9	6.45904853445272	-999.9	0	6.20370370370369	14.1746368431058	330
NORTH_CAPE	2024	9	29	273	13.8	18.6	7.9374529151394	-999.9	0	3.37962962962964	14.5066873346301	330
NORTH_CAPE	2024	9	30	274	13.9	16.6	5.87846210035934	-999.9	0	8.48379629629631	14.2255462622447	330
NORTH_CAPE	2024	10	1	275	12.9	15.3	5.47215112336692	-999.9	0	6.99074074074075	11.1394892964485	330
NORTH_CAPE	2024	10	2	276	11.8	16.6	7.64001048993986	-999.9	0	2.83564814814814	10.3651018174176	330
NORTH_CAPE	2024	10	3	277	11.2	18.7	9.4270559579026	-999.9	0	4.02777777777778	12.1346736814427	330
NORTH_CAPE	2024	10	4	278	13.5	17.6	6.87957793122652	-999.9	0	6.11111111111111	15.4213465954942	330
NORTH_CAPE	2024	10	5	279	13.4	15.8	5.19461439224918	-999.9	8.2	3.80787037037036	15.3712158160123	330
NORTH_CAPE	2024	10	6	280	13.4	16.6	5.91909227316375	-999.9	5.4	5.71759259259258	15.1950163701219	330
NORTH_CAPE	2024	10	7	281	12.5	15.8	5.93096518123849	-999.9	2.9	8.28703703703703	12.8581459146788	330
NORTH_CAPE	2024	10	8	282	12.2	15.5	5.85154893404114	-999.9	20.4	8.90046296296297	13.6112517021746	330
NORTH_CAPE	2024	10	9	283	9.5	13.7	6.51242250195965	-999.9	0	8.54166666666667	9.63445177245911	330
NORTH_CAPE	2024	10	10	284	9.4	12.8	5.77991559278242	-999.9	1.2	6.86342592592592	9.51395663107994	330
NORTH_CAPE	2024	10	11	285	9.7	14	6.41123948268989	-999.9	0.2	13.7731481481481	9.85059062458883	330
NORTH_CAPE	2024	10	12	286	10.3	12.9	4.91681011942707	-999.9	6.2	12.9861111111111	10.8573299926882	330
NORTH_CAPE	2024	10	13	287	9.5	12.2	4.94120204992448	-999.9	0	12.4305555555556	8.92466501220917	330
NORTH_CAPE	2024	10	14	288	7.3	15.6	8.54300239173081	-999.9	19.1	8.02083333333333	11.0014504608848	330
NORTH_CAPE	2024	10	15	289	7.3	15.4	8.32153450183554	-999.9	0	10.7638888888889	10.5679370800702	330
NORTH_CAPE	2024	10	16	290	6.4	8.7	4.37204791153388	-999.9	1.3	12.1759259259259	7.89210258727346	330
NORTH_CAPE	2024	10	17	291	6.6	12.4	6.84491108156161	-999.9	0	8.41435185185186	8.13696629879197	330
NORTH_CAPE	2024	10	18	292	5.2	11.4	6.97681778610949	-999.9	0	5.38194444444445	7.50321682431481	330
NORTH_CAPE	2024	10	19	293	7.6	15.4	7.7142503016388	-999.9	0	7.62731481481481	10.0307342437479	330
NORTH_CAPE	2024	10	20	294	11.9	18.3	6.88812200011444	-999.9	0	7.97453703703703	12.105261435805	330
NORTH_CAPE	2024	10	21	295	10.6	17.9	7.25134695001416	-999.9	0	7.36111111111111	12.5462117031346	330
NORTH_CAPE	2024	10	22	296	9	11.7	4.34680447401724	-999.9	0	5.3125	8.42799886526238	330
NORTH_CAPE	2024	10	23	297	10	20.1	8.28642308490009	-999.9	0	6.66666666666667	12.2487526326288	330
NORTH_CAPE	2024	10	24	298	8.7	14.9	6.3989755800252	-999.9	0	8.49537037037036	10.9033373654035	330
NORTH_CAPE	2024	10	25	299	7.5	9.4	3.49134268014615	-999.9	0.2	12.0601851851852	8.25113543815245	330
NORTH_CAPE	2024	10	26	300	3.4	11.3	7.01659091319823	-999.9	0.2	7.56944444444445	7.12429836398229	330
NORTH_CAPE	2024	10	27	301	3.5	7	4.60301646787439	-999.9	0	12.6157407407407	5.41951718415665	330
NORTH_CAPE	2024	10	28	302	3	6.7	4.66452507066766	-999.9	0	12.337962962963	5.64426342239802	330
NORTH_CAPE	2024	10	29	303	-0.4	5.6	5.85444516535188	-999.9	0	5.57870370370369	4.36818923499399	330
NORTH_CAPE	2024	10	30	304	0.7	10.6	7.4120813170129	-999.9	0	4.58333333333333	6.15019870600698	330
NORTH_CAPE	2024	10	31	305	8.3	15.3	6.14322625503849	-999.9	0	8.02083333333333	12.1656462053706	330
NORTH_CAPE	2024	11	1	306	5.5	9.1	4.34249929568802	-999.9	9.1	7.95138888888889	9.52901649044359	330
NORTH_CAPE	2024	11	2	307	4.1	5.8	2.94153382835799	-999.9	0.2	8.25231481481481	5.6765553845159	330
NORTH_CAPE	2024	11	3	308	3.5	5.7	3.29871916678383	-999.9	0	9.84953703703703	4.99440913551733	330
NORTH_CAPE	2024	11	4	309	1.1	6.3	4.99974678927486	-999.9	0	6.08796296296297	5.0284766868659	330
NORTH_CAPE	2024	11	5	310	2.8	10.8	6.11414133786368	-999.9	2.8	6.80555555555556	8.8232766798128	330
NORTH_CAPE	2024	11	6	311	6.5	14.9	6.17746463655771	-999.9	2.1	9.34027777777778	11.5358590139832	330
NORTH_CAPE	2024	11	7	312	5	7.2	3.11747092269502	-999.9	0	10.8796296296296	6.47325361753855	330
NORTH_CAPE	2024	11	8	313	3.8	8.6	4.54126492089624	-999.9	0.9	10.8912037037037	7.0814704739087	330
NORTH_CAPE	2024	11	9	314	2.5	5.7	3.65717343819793	-999.9	0.5	13.5069444444444	5.57643137530947	330
NORTH_CAPE	2024	11	10	315	1.8	8.1	5.06184665518007	-999.9	0	9.50231481481481	5.6874300116893	330
NORTH_CAPE	2024	11	11	316	3.6	10	5.03332896051948	-999.9	10.2	6.04166666666667	8.2072184673985	330
NORTH_CAPE	2024	11	12	317	2.3	9.4	5.23099574488174	-999.9	16	10.9375	8.30833547086459	330
NORTH_CAPE	2024	11	13	318	0.3	2.9	3.12391943692684	-999.9	0.2	15.5092592592593	4.63838208318358	330
NORTH_CAPE	2024	11	14	319	0.9	3.8	3.25644035347651	-999.9	0.5	14.1898148148148	5.50388116159044	330
NORTH_CAPE	2024	11	15	320	2.4	6.2	3.67997540067049	-999.9	11.4	14.7222222222222	7.7755425081038	330
NORTH_CAPE	2024	11	16	321	6	6.6	1.44384573722976	-999.9	2.8	10.6481481481481	9.17979536102841	330
NORTH_CAPE	2024	11	17	322	4.7	6.6	2.53747746486243	-999.9	0.8	9.91898148148147	8.15205793828401	330
NORTH_CAPE	2024	11	18	323	4.3	6	2.37095549317431	-999.9	1.4	9.08564814814814	8.25797704761652	330
NORTH_CAPE	2024	11	19	324	5.3	7.4	2.60363828256799	-999.9	6.3	11.7361111111111	9.07593344658684	330
NORTH_CAPE	2024	11	20	325	5.3	6.1	1.588150970391	-999.9	1.2	13.7615740740741	8.48472414308473	330
NORTH_CAPE	2024	11	21	326	5.3	5.8	1.24112792058431	-999.9	0	13.4606481481481	8.24339752302669	330
NORTH_CAPE	2024	11	22	327	4.9	5.8	1.64646216219794	-999.9	3.2	12.7314814814815	8.05845677589181	330
NORTH_CAPE	2024	11	23	328	5.1	7.1	2.42752601946274	-999.9	32.7	14.9652777777778	8.88053174311132	330
NORTH_CAPE	2024	11	24	329	3.3	7.1	3.31042497416921	-999.9	10.1	11.9791666666667	8.22096235892259	330
NORTH_CAPE	2024	11	25	330	3.9	6.7	2.81218491366258	-999.9	3.9	11.8634259259259	8.20754940819323	330
NORTH_CAPE	2024	11	26	331	3.2	6.1	2.83316433846332	-999.9	0.7	5.84490740740742	7.45434199330946	330
NORTH_CAPE	2024	11	27	332	3.2	5.7	2.60489834831371	-999.9	1	4.51388888888889	7.30718367109911	330
NORTH_CAPE	2024	11	28	333	1.5	5.8	3.38413859322257	-999.9	4.9	6.57407407407408	5.78067402882016	330
NORTH_CAPE	2024	11	29	334	1.2	4.1	2.75395047248925	-999.9	14.5	13.4722222222222	6.6802160001637	330
NORTH_CAPE	2024	11	30	335	0.7	3.7	2.77661648282089	-999.9	0	10.4976851851852	5.14733743978227	330
NORTH_CAPE	2024	12	1	336	0.5	2.9	2.46274081317508	-999.9	0	10.2662037037037	4.65728474649629	330
NORTH_CAPE	2024	12	2	337	-1.6	1.3	2.68555589292373	-999.9	0.2	6.26157407407408	3.93004414402078	330
NORTH_CAPE	2024	12	3	338	-2.5	0.7	2.79963278019431	-999.9	4.2	6.93287037037036	4.60297370169123	330
NORTH_CAPE	2024	12	4	339	-7.8	-1.2	3.9917380695896	-999.9	0.4	4.35185185185186	3.08113345569362	330
NORTH_CAPE	2024	12	5	340	-3.2	4.2	4.19804588026561	-999.9	5.9	10.2199074074074	5.09124752118587	330
NORTH_CAPE	2024	12	6	341	-4.2	2	3.81812079616474	-999.9	0.8	15.4282407407407	4.33543508822249	330
NORTH_CAPE	2024	12	7	342	-6.8	-3.6	2.72669360708179	-999.9	0.2	12.2106481481481	2.93790597268332	330
NORTH_CAPE	2024	12	8	343	-10.2	2	5.29465184440532	-999.9	2.6	8.69212962962964	3.6702293379646	330
NORTH_CAPE	2024	12	9	344	-3.9	2.1	3.69420700325371	-999.9	0.3	11.4699074074074	4.4904139909839	330
NORTH_CAPE	2024	12	10	345	-2.6	2	3.21964300077	-999.9	0.4	4.90740740740742	4.35617778863083	330
NORTH_CAPE	2024	12	11	346	1.9	9.6	4.14815845323375	-999.9	4.2	6.52777777777778	9.01452469110064	330
NORTH_CAPE	2024	12	12	347	2.2	14.1	5.13765834662407	-999.9	2.7	9.43287037037036	8.80279129842814	330
NORTH_CAPE	2024	12	13	348	-4.1	2.5	3.81371664603248	-999.9	0.4	12.9282407407407	3.36780836487702	330
NORTH_CAPE	2024	12	14	349	-4.4	-1.7	2.4324733078068	-999.9	0	11.412037037037	3.44562779127973	330
NORTH_CAPE	2024	12	15	350	-4.2	0.3	3.13306232659615	-999.9	0	8.46064814814814	3.64680592144908	330
NORTH_CAPE	2024	12	16	351	-2.3	2	3.0570456138104	-999.9	0	8.94675925925925	4.15345750621318	330
NORTH_CAPE	2024	12	17	352	0.1	8.7	4.3174903737332	-999.9	0.8	7.21064814814814	7.30518811743451	330
NORTH_CAPE	2024	12	18	353	2.2	4.7	2.32582521634906	-999.9	1	8.75	6.56473104576423	330
NORTH_CAPE	2024	12	19	354	-3.2	2.6	3.54125373738745	-999.9	6.6	8.13657407407408	5.21190024912005	330
NORTH_CAPE	2024	12	20	355	-2.9	0.1	2.54712941605202	-999.9	0.4	7.01388888888889	4.10711944368006	330
NORTH_CAPE	2024	12	21	356	-6.1	-0.3	3.54374985751778	-999.9	4.3	15.5208333333333	4.43931115210085	330
NORTH_CAPE	2024	12	22	357	-7.3	-5	2.23399747789308	-999.9	0.2	10.8217592592593	2.86182725904545	330
NORTH_CAPE	2024	12	23	358	-10.8	-4.9	3.58364395686937	-999.9	0.4	8.29861111111111	2.4025495812104	330
NORTH_CAPE	2024	12	24	359	-11.1	-0.7	4.76765764494794	-999.9	2.6	5.13888888888889	3.34430595250429	330
NORTH_CAPE	2024	12	25	360	-1.3	0.2	1.81523051065403	-999.9	0.3	4.25925925925925	4.82578043009848	330
NORTH_CAPE	2024	12	26	361	-2.1	0.3	2.30301209061223	-999.9	0	4.61805555555556	4.59099926438194	330
NORTH_CAPE	2024	12	27	362	-3	0.5	2.79083346640042	-999.9	0	4.45601851851853	4.21647192393111	330
NORTH_CAPE	2024	12	28	363	-3.5	0.8	3.10560474540982	-999.9	0	3.75	4.4834322426232	330
NORTH_CAPE	2024	12	29	364	-3.2	2.1	3.46307829436763	-999.9	0	2.5462962962963	5.18237241408369	330
NORTH_CAPE	2024	12	30	365	1	5	3.02318352078943	-999.9	6.9	5.87962962962964	7.33248437295137	330
NORTH_CAPE	2024	12	31	366	1.3	7.2	3.69118214135019	-999.9	0.3	4.98842592592592	7.77901838763358	330
