NORTH_CAPE	2018	1	1	1	-13.24	-9.83	2.09	-999.9	0	7.80092592592592	2.58750640170516	330
NORTH_CAPE	2018	1	2	2	-13.54	-10.13	2.24	-999.9	0	8.99305555555556	2.5633716230536	330
NORTH_CAPE	2018	1	3	3	-13.96	-8.24	4.17	-999.9	0	7.19907407407408	2.42268230565861	330
NORTH_CAPE	2018	1	4	4	-7.43	1.29	1	-999.9	4.3	11.875	4.93332660036416	330
NORTH_CAPE	2018	1	5	5	-10.92	3.49	2.55	-999.9	1.4	16.3541666666667	4.51639508728486	330
NORTH_CAPE	2018	1	6	6	-16.22	-11.87	2.3	-999.9	5.7	15.775462962963	2.04926486205655	330
NORTH_CAPE	2018	1	7	7	-17.64	-13.17	2.96	-999.9	0.6	12.2569444444444	1.83509610680404	330
NORTH_CAPE	2018	1	8	8	-13.22	-7.99	4.07	-999.9	0.6	5.82175925925925	2.42196249422714	330
NORTH_CAPE	2018	1	9	9	-8.15	-4.55	2.27	-999.9	0	6.68981481481481	3.56318900740303	330
NORTH_CAPE	2018	1	10	10	-9.02	-7.16	3.23	-999.9	0	8.10185185185186	2.86255523419424	330
NORTH_CAPE	2018	1	11	11	-7.89	2.11	1.9	-999.9	0.6	6.52777777777778	5.47471273780757	330
NORTH_CAPE	2018	1	12	12	2.37	7.27	2.52	-999.9	15.3	10.3240740740741	8.70649208684371	330
NORTH_CAPE	2018	1	13	13	-4.21	7.76	0.9	-999.9	40.4	3.98148148148147	7.30037355810111	330
NORTH_CAPE	2018	1	14	14	-7.68	-4.22	3.14	-999.9	0	0	3.2883407637984	330
NORTH_CAPE	2018	1	15	15	-8.94	-5.3	3.91	-999.9	0	0	2.98275046902572	330
NORTH_CAPE	2018	1	16	16	-9.27	-4.3	2.01	-999.9	0	6.42	3.35077588032037	330
NORTH_CAPE	2018	1	17	17	-9.4	-3.8	4.13016200692015	-999.9	1.2	0	3.62809751680902	330
NORTH_CAPE	2018	1	18	18	-8.9	-2.7	4.39592352824319	-999.9	1.2	5.06	3.6107359638614	330
NORTH_CAPE	2018	1	19	19	-13.1	-6.9	4.44779557500947	-999.9	0	4.97	2.32225292965163	330
NORTH_CAPE	2018	1	20	20	-7.9	1.1	5.42341871245013	-999.9	1.8	10.71	4.16051846639342	330
NORTH_CAPE	2018	1	21	21	-10.8	-1.6	5.55074993982275	-999.9	0.2	10.07	2.63061121806836	330
NORTH_CAPE	2018	1	22	22	-11.9	-9	3.15544301095895	-999.9	0	8.21	1.79192072635474	330
NORTH_CAPE	2018	1	23	23	-10.2	5	7.31609342396032	-999.9	17.8	8.47	4.27434661258583	330
NORTH_CAPE	2018	1	24	24	0.2	7.6	5.17078827735036	-999.9	4.5	13.0555555555556	5.15001957973567	330
NORTH_CAPE	2018	1	25	25	-12.5	-9.8	3.16437859039362	-999.9	0	11.3773148148148	1.82017319742587	330
NORTH_CAPE	2018	1	26	26	-13	-9.1	3.85373331582534	-999.9	0	7.82407407407408	1.86551546220404	330
NORTH_CAPE	2018	1	27	27	-13.6	5.1	8.55234244909943	-999.9	0	4.81481481481481	3.3921398121394	330
NORTH_CAPE	2018	1	28	28	-5.8	4.5	6.43376211617936	-999.9	2.3	8.64583333333333	4.84818371972926	330
NORTH_CAPE	2018	1	29	29	-9.1	-5.8	3.69188171279134	-999.9	0	7.31481481481481	2.4415244576275	330
NORTH_CAPE	2018	1	30	30	-10.2	-5.8	4.32234165555778	-999.9	16	14.3865740740741	2.7497588099389	330
NORTH_CAPE	2018	1	31	31	-13	-8.1	4.62536023781685	-999.9	2.2	13.6805555555556	2.00869048140678	330
NORTH_CAPE	2018	2	1	32	-10.1	2.4	7.49213351147177	-999.9	4.2	4.31712962962964	3.87533379069832	330
NORTH_CAPE	2018	2	2	33	-14.9	2.5	8.96544390181451	-999.9	6.8	7.38425925925925	3.52949735381983	330
NORTH_CAPE	2018	2	3	34	-17.7	-14.8	3.71263383209384	-999.9	0	10.8333333333333	1.10491632068645	330
NORTH_CAPE	2018	2	4	35	-16.7	3.2	9.86576029024239	-999.9	1.6	6.18055555555556	3.08923910061832	330
NORTH_CAPE	2018	2	5	36	-9.3	8.2	9.3858733560059	-999.9	19.4	8.61111111111111	5.24357189937046	330
NORTH_CAPE	2018	2	6	37	-10.1	-5.4	4.93495134089411	-999.9	0	6.35416666666667	2.19747125299801	330
NORTH_CAPE	2018	2	7	38	-8.6	-4.8	4.50221946169548	-999.9	2.1	4.43287037037036	3.08671514978042	330
NORTH_CAPE	2018	2	8	39	-15.1	-4.2	7.73691410600782	-999.9	1	7.96296296296297	2.43802870118388	330
NORTH_CAPE	2018	2	9	40	-16.8	-7.2	7.36757854984926	-999.9	0.2	4.73379629629631	1.88201541191526	330
NORTH_CAPE	2018	2	10	41	-9.3	0.5	7.55349816891403	-999.9	11.6	3.70370370370369	3.64001296754712	330
NORTH_CAPE	2018	2	11	42	-6.6	-1.8	5.3642546380915	-999.9	2.4	6.29629629629631	3.98020187755321	330
NORTH_CAPE	2018	2	12	43	-10.2	0.9	8.27767234897149	-999.9	1.1	6.26157407407408	3.62174998379673	330
NORTH_CAPE	2018	2	13	44	-17.5	-9.2	7.26347976550119	-999.9	0	9.25925925925925	1.34739410863789	330
NORTH_CAPE	2018	2	14	45	-11.1	1	8.89928379395852	-999.9	0.2	7.63888888888889	2.95851400591035	330
NORTH_CAPE	2018	2	15	46	-6.9	2.3	7.87422106975152	-999.9	0	4.73379629629631	4.448238809538	330
NORTH_CAPE	2018	2	16	47	-9.2	2.7	9.08720066542005	-999.9	0.2	6.05324074074075	3.90290101785812	330
NORTH_CAPE	2018	2	17	48	-13	-7.7	6.15355738304384	-999.9	0.3	8.73842592592592	1.64473464590626	330
NORTH_CAPE	2018	2	18	49	-8.4	-2.6	6.53160549727925	-999.9	0	3.76157407407408	3.20817595687358	330
NORTH_CAPE	2018	2	19	50	-8.1	3.1	9.20907168700406	-999.9	0.2	4.78009259259258	3.92515442786006	330
NORTH_CAPE	2018	2	20	51	-5.1	3.1	7.99457437646541	-999.9	0	6.21527777777778	4.97593691772875	330
NORTH_CAPE	2018	2	21	52	-5.1	5	9.00137584063756	-999.9	1	6.5625	5.66657527742532	330
NORTH_CAPE	2018	2	22	53	-7.3	-5.7	3.63449285804329	-999.9	0	6.94444444444445	2.49795404201617	330
NORTH_CAPE	2018	2	23	54	-9.4	-3.7	6.95873711949581	-999.9	0.2	4.54861111111111	2.36373552411702	330
NORTH_CAPE	2018	2	24	55	-5.3	0.5	7.1201238188588	-999.9	0.4	7.77777777777778	4.01225859186133	330
NORTH_CAPE	2018	2	25	56	-7.7	-4.6	5.2796389964244	-999.9	0	6.67824074074075	2.67088389440131	330
NORTH_CAPE	2018	2	26	57	-4.6	2.5	8.10344477979218	-999.9	1.2	6.31944444444445	5.11189570010338	330
NORTH_CAPE	2018	2	27	58	-7.2	0.3	8.44604985201118	-999.9	0	5.91435185185186	3.84303669323927	330
NORTH_CAPE	2018	2	28	59	-6	-2	6.25459333518564	-999.9	0	5.45138888888889	4.04809276233227	330
NORTH_CAPE	2018	3	1	60	-5.1	-1.8	5.76015222344011	-999.9	0	7.30324074074075	4.06630823377194	330
NORTH_CAPE	2018	3	2	61	-2.4	1.5	6.34859159631457	-999.9	0	8.57638888888889	5.46445040015238	330
NORTH_CAPE	2018	3	3	62	-2.4	1.5	6.43582320494723	-999.9	0	10.4166666666667	5.29676870917298	330
NORTH_CAPE	2018	3	4	63	-2.6	0.8	6.09109127208182	-999.9	0	9.15509259259258	5.22803932923619	330
NORTH_CAPE	2018	3	5	64	-2.6	0.2	5.60240152043936	-999.9	0.2	10.2314814814815	5.01129044692249	330
NORTH_CAPE	2018	3	6	65	-1.9	-0.2	4.42398479639708	-999.9	0	10.9259259259259	4.78620705439043	330
NORTH_CAPE	2018	3	7	66	-2	-0.3	4.48291694986918	-999.9	0	7.00231481481481	4.81683644641077	330
NORTH_CAPE	2018	3	8	67	-2	-0.2	4.67381454327062	-999.9	0.5	11.8634259259259	5.0670545097516	330
NORTH_CAPE	2018	3	9	68	-2	0.2	5.23475487628236	-999.9	0.7	9.21497584541064	5.66500168586905	330
NORTH_CAPE	2018	3	10	69	-1.8	0.7	5.65268175790907	-999.9	0	7.82407407407408	5.46878600522577	330
NORTH_CAPE	2018	3	11	70	-2.1	1.5	6.8704319240545	-999.9	0.2	5.99537037037036	5.60973612987382	330
NORTH_CAPE	2018	3	12	71	-5.5	0.4	8.9074800150442	-999.9	0	4.91898148148147	4.52789164150837	330
NORTH_CAPE	2018	3	13	72	-2.1	0.7	6.21370816019561	-999.9	0	11.1805555555556	5.22728981510659	330
NORTH_CAPE	2018	3	14	73	-0.9	1.9	6.29129345422317	-999.9	2.5	14.3171296296296	5.87349648928475	330
NORTH_CAPE	2018	3	15	74	-1.3	2.2	7.12080975916922	-999.9	0.3	5.33564814814814	5.54999013637606	330
NORTH_CAPE	2018	3	16	75	-6.2	0.3	9.82270509278391	-999.9	0	9.80324074074075	3.94401323966126	330
NORTH_CAPE	2018	3	17	76	-9	-6.2	6.52493940519087	-999.9	0	8.96990740740742	2.64545163606415	330
NORTH_CAPE	2018	3	18	77	-10.5	-6.8	7.59040125738315	-999.9	0	7.14120370370369	2.24001431078524	330
NORTH_CAPE	2018	3	19	78	-12.6	-3.8	11.8444369299885	-999.9	0	6.99074074074075	2.42017742473003	330
NORTH_CAPE	2018	3	20	79	-7.2	-1.7	9.47340119208518	-999.9	0	6.31944444444445	3.33957475090647	330
NORTH_CAPE	2018	3	21	80	-8.1	2	12.98609554918	-999.9	0	4.90740740740742	3.98599125507545	330
NORTH_CAPE	2018	3	22	81	-2.6	-0.5	5.98910972936851	-999.9	2.4	13.1018518518519	4.85021062441425	330
NORTH_CAPE	2018	3	23	82	-1.4	-0.4	4.17953864980057	-999.9	1.1	10.3009259259259	5.19451090477018	330
NORTH_CAPE	2018	3	24	83	-1.2	-0.7	2.98833809695105	-999.9	0	10.0603864734299	4.79319291871695	330
NORTH_CAPE	2018	3	25	84	-3.5	-1.4	6.19171719902057	-999.9	0.2	11.5162037037037	3.69313608044317	330
NORTH_CAPE	2018	3	26	85	-3.8	1.3	9.7540138414384	-999.9	0.2	4.75694444444445	4.31647649796808	330
NORTH_CAPE	2018	3	27	86	-6.7	1.7	12.6524485156012	-999.9	0	3.28703703703703	4.17420164481214	330
NORTH_CAPE	2018	3	28	87	-1	1.2	6.54368777897568	-999.9	5.7	3.11342592592592	5.59494109941292	330
NORTH_CAPE	2018	3	29	88	-1	4.5	10.4546219231954	-999.9	0.8	3.71527777777778	5.96025210532125	330
NORTH_CAPE	2018	3	30	89	-0.5	3.9	9.44731520661128	-999.9	7.7	4.51388888888889	6.40918701612804	330
NORTH_CAPE	2018	3	31	90	-2.7	1.1	8.86886727716318	-999.9	0	6.50462962962964	4.43412018240971	330
NORTH_CAPE	2018	4	1	91	-1.4	6.6	12.997348540386	-999.9	4	6.08796296296297	5.68142043761039	330
NORTH_CAPE	2018	4	2	92	-5.5	1.1	11.9221400604176	-999.9	0	6.82870370370369	3.12971348045982	330
NORTH_CAPE	2018	4	3	93	-5.9	2.8	13.8214431077983	-999.9	0	3.56481481481481	3.92657764434287	330
NORTH_CAPE	2018	4	4	94	-0.4	-0.3	1.49604376756483	-999.9	15.3	5.17361111111111	5.37030282327988	330
NORTH_CAPE	2018	4	5	95	-7.6	-0.6	12.6352223959821	-999.9	0.2	3.17129629629631	3.66078458928224	330
NORTH_CAPE	2018	4	6	96	-8.7	0.1	14.2989401638434	-999.9	0.2	8.40277777777778	2.7166890431835	330
NORTH_CAPE	2018	4	7	97	-3	1.1	9.84968200897002	-999.9	2.3	4.51388888888889	5.17801749011621	330
NORTH_CAPE	2018	4	8	98	-3.8	0.2	9.81673905797867	-999.9	0.3	3.58796296296297	4.88687575822308	330
NORTH_CAPE	2018	4	9	99	-5.8	-2	9.65328912355806	-999.9	0	10.9837962962963	2.99902130066906	330
NORTH_CAPE	2018	4	10	100	-4.6	1.5	12.337697041744	-999.9	0	4.94212962962964	3.68998200412754	330
NORTH_CAPE	2018	4	11	101	-4.1	2.8	13.2348471266773	-999.9	0	3.77314814814814	4.36944076595149	330
NORTH_CAPE	2018	4	12	102	-1.4	5.2	13.0536277507588	-999.9	0	3.63425925925925	5.01182430430051	330
NORTH_CAPE	2018	4	13	103	0.1	3.2	9.02079479307587	-999.9	2.9	5.60185185185186	6.27620433559493	330
NORTH_CAPE	2018	4	14	104	-4.8	2.8	14.240179075899	-999.9	0	10.2314814814815	3.61367611798743	330
NORTH_CAPE	2018	4	15	105	-6.5	-1.6	11.5263438592578	-999.9	0	6.28472222222222	2.60108378712159	330
NORTH_CAPE	2018	4	16	106	-5	2.1	13.9845325589001	-999.9	0	3.46064814814814	4.55830624194253	330
NORTH_CAPE	2018	4	17	107	-0.4	2	8.19389179345544	-999.9	25.8	9.76851851851853	5.93986837940983	330
NORTH_CAPE	2018	4	18	108	-0.3	3.8	10.7915330116705	-999.9	2	5.37037037037036	6.54841572294455	330
NORTH_CAPE	2018	4	19	109	-0.6	4.8	12.477733815661	-999.9	0	5	6.54162053646475	330
NORTH_CAPE	2018	4	20	110	-0.7	0.2	5.13155458513539	-999.9	1.8	6.79398148148147	5.87496005037632	330
NORTH_CAPE	2018	4	21	111	-0.6	4	11.6852215911487	-999.9	0	4.14351851851853	5.67489134535829	330
NORTH_CAPE	2018	4	22	112	0.1	5.2	12.3912518447503	-999.9	0	3.55324074074075	5.42389419303026	330
NORTH_CAPE	2018	4	23	113	1	10.6	17.1190531993637	-999.9	0	4.0625	5.28677175805132	330
NORTH_CAPE	2018	4	24	114	3.9	13.8	17.5032209905086	-999.9	0	7.68518518518519	5.75348105069032	330
NORTH_CAPE	2018	4	25	115	5.4	15.6	17.8854224158819	-999.9	0	8.03240740740742	7.98356176033316	330
NORTH_CAPE	2018	4	26	116	4.4	13	16.5306459438302	-999.9	5.9	6.27314814814814	10.6652108663681	330
NORTH_CAPE	2018	4	27	117	4.8	14.4	17.5776457985807	-999.9	0	7.02546296296297	10.0622697907724	330
NORTH_CAPE	2018	4	28	118	4.4	15.1	18.6743181655272	-999.9	11.5	2.78935185185186	11.2982137149257	330
NORTH_CAPE	2018	4	29	119	2.8	7.6	12.584756147332	-999.9	0	5.02314814814814	8.59110924586192	330
NORTH_CAPE	2018	4	30	120	2.2	4.2	8.17248860843701	-999.9	3.4	6.66666666666667	7.4209872226468	330
NORTH_CAPE	2018	5	1	121	2.3	6.3	11.6259527096661	-999.9	0.5	3.11342592592592	8.14398573825982	330
NORTH_CAPE	2018	5	2	122	3.6	15.6	20.2531589624135	-999.9	2.9	5.92592592592592	9.5021434405902	330
NORTH_CAPE	2018	5	3	123	1.2	4.4	10.5178109884499	-999.9	6.2	6.64351851851853	6.60696474496491	330
NORTH_CAPE	2018	5	4	124	1.6	6.3	12.8171783838572	-999.9	25.3	4.10879629629631	7.52158572191532	330
NORTH_CAPE	2018	5	5	125	3.2	8.7	13.9400118247897	-999.9	8.1	9.94212962962964	7.80203006915084	330
NORTH_CAPE	2018	5	6	126	3.1	12.1	17.9261401384888	-999.9	5	4.46759259259258	8.22840136935429	330
NORTH_CAPE	2018	5	7	127	2.4	7.9	14.0856312240227	-999.9	1.4	5.46296296296297	7.22526723305578	330
NORTH_CAPE	2018	5	8	128	2.5	16.8	22.8264506839663	-999.9	0	7.39583333333333	7.58749232798872	330
NORTH_CAPE	2018	5	9	129	4.1	8.4	12.5784236492551	-999.9	0	5.68287037037036	6.52732185375127	330
NORTH_CAPE	2018	5	10	130	3.9	10.8	16.0097530505274	-999.9	0	5.63657407407408	8.15979271806047	330
NORTH_CAPE	2018	5	11	131	3.4	10	15.7306576741989	-999.9	0.6	9.02777777777778	6.93142047760724	330
NORTH_CAPE	2018	5	12	132	2.5	10.4	17.2882190638124	-999.9	0	7.66203703703703	5.40695159558448	330
NORTH_CAPE	2018	5	13	133	5.6	10.4	13.5352519879412	-999.9	0	6.41203703703703	7.15875523824033	330
NORTH_CAPE	2018	5	14	134	8.5	20.8	21.7597926326867	-999.9	0	8.14814814814814	8.55755611324543	330
NORTH_CAPE	2018	5	15	135	5.3	21.6	25.1536002967689	-999.9	3.3	6.29629629629631	12.6166298786241	330
NORTH_CAPE	2018	5	16	136	2.6	8.5	15.1944306144596	-999.9	0	7.45370370370369	5.72592514468797	330
NORTH_CAPE	2018	5	17	137	-0.5	9.4	19.7595126753836	-999.9	0	6.81712962962964	6.17458161914445	330
NORTH_CAPE	2018	5	18	138	0.2	7.9	17.4925271045819	-999.9	0	4.43287037037036	5.44889535782191	330
NORTH_CAPE	2018	5	19	139	4.9	16.6	21.6419928056813	-999.9	0	3.78472222222222	8.61079486124779	330
NORTH_CAPE	2018	5	20	140	7.9	13	14.3395426031992	-999.9	11.2	7.60416666666667	10.5528366697758	330
NORTH_CAPE	2018	5	21	141	7.6	13.8	15.8650306610948	-999.9	0	7.47685185185186	8.44060986184118	330
NORTH_CAPE	2018	5	22	142	5.6	20.7	24.8414856371233	-999.9	0	6.11111111111111	7.42919474709341	330
NORTH_CAPE	2018	5	23	143	1.7	12.4	20.9784958978142	-999.9	8.5	9.52546296296297	8.61413069756313	330
NORTH_CAPE	2018	5	24	144	4	10.8	16.7756674437501	-999.9	0	5.65972222222222	7.11289217397985	330
NORTH_CAPE	2018	5	25	145	6.6	14.7	18.3637112433979	-999.9	2.2	6.84027777777778	10.8068768873901	330
NORTH_CAPE	2018	5	26	146	4.9	7.2	9.81350900819505	-999.9	0	5.625	8.48260197112629	330
NORTH_CAPE	2018	5	27	147	3.3	11.5	18.5806038631056	-999.9	0	3.75	8.28903969881116	330
NORTH_CAPE	2018	5	28	148	6.7	20.6	24.2550945851342	-999.9	3.5	5.71759259259258	8.38795736368834	330
NORTH_CAPE	2018	5	29	149	9	14.3	15.0150406918695	-999.9	1.1	5.56712962962964	11.7316307763099	330
NORTH_CAPE	2018	5	30	150	8.1	12.2	13.2380490947189	-999.9	0	4.72222222222222	7.71584544115205	330
NORTH_CAPE	2018	5	31	151	10.3	18.4	18.6495629463222	-999.9	0	5	11.4620553657441	330
NORTH_CAPE	2018	6	1	152	11.8	23.1	22.0754822742946	-999.9	11.4	3.46064814814814	15.8043898745386	330
NORTH_CAPE	2018	6	2	153	5.4	17.8	23.1727466271377	-999.9	4.7	12.1180555555556	12.7373623966853	330
NORTH_CAPE	2018	6	3	154	0.3	6.5	16.4175817342976	-999.9	0.4	7.76620370370369	5.66375626252486	330
NORTH_CAPE	2018	6	4	155	3	10.2	17.7246371602612	-999.9	0	3.73842592592592	7.40589514508205	330
NORTH_CAPE	2018	6	5	156	5.8	8.6	11.0723315135668	-999.9	0	4.74537037037036	8.02760763842116	330
NORTH_CAPE	2018	6	6	157	5.8	11.1	15.2580226345114	-999.9	0	3.05555555555556	8.76724698474857	330
NORTH_CAPE	2018	6	7	158	6.9	17.5	21.6105040955615	-999.9	0	4.09722222222222	10.8320245760809	330
NORTH_CAPE	2018	6	8	159	10.5	16.2	15.8691079807785	-999.9	1.2	7.11805555555556	11.827007620634	330
NORTH_CAPE	2018	6	9	160	9.3	14.6	15.3217264743954	-999.9	0	4.24768518518519	10.9638822277228	330
NORTH_CAPE	2018	6	10	161	5.4	11	15.7677637284852	-999.9	0	4.31712962962964	7.97564152248461	330
NORTH_CAPE	2018	6	11	162	3.7	11	18.0216914183116	-999.9	0	4.24768518518519	7.45377042045474	330
NORTH_CAPE	2018	6	12	163	5.8	23.3	27.9294862786658	-999.9	0.2	7.15277777777778	9.18681762528311	330
NORTH_CAPE	2018	6	13	164	8.9	16	17.8047031946546	-999.9	0	6.65509259259258	10.4092031327673	330
NORTH_CAPE	2018	6	14	165	6.9	9.3	10.3591642313322	-999.9	9.3	10.0810185185185	9.23208553526113	330
NORTH_CAPE	2018	6	15	166	7.1	21.4	25.3018684505569	-999.9	0.2	5.63657407407408	11.4143252125257	330
NORTH_CAPE	2018	6	16	167	8.4	13	14.3575705068866	-999.9	0	6.08796296296297	10.7337857554281	330
NORTH_CAPE	2018	6	17	168	8.2	14	16.1281865047983	-999.9	1.3	4.23611111111111	9.74613918686458	330
NORTH_CAPE	2018	6	18	169	10.9	17.6	17.3392579445572	-999.9	5	6.875	13.7930374511517	330
NORTH_CAPE	2018	6	19	170	12.2	14.9	11.0090198064086	-999.9	7.7	7.22222222222222	13.1280273955103	330
NORTH_CAPE	2018	6	20	171	11.4	19.8	19.4192389165166	-999.9	1.6	7.69675925925925	13.056245843589	330
NORTH_CAPE	2018	6	21	172	7.7	16.4	19.7619650601524	-999.9	0.2	4.79166666666667	10.9660200008621	330
NORTH_CAPE	2018	6	22	173	9.2	21.9	23.8727508480635	-999.9	0	4.34027777777778	11.4994683115616	330
NORTH_CAPE	2018	6	23	174	14.6	24	20.5327355567882	-999.9	0	8.19444444444445	12.7566469397537	330
NORTH_CAPE	2018	6	24	175	10	17.2	17.963195769472	-999.9	5.5	6.62037037037036	13.4027526329582	330
NORTH_CAPE	2018	6	25	176	9.6	11	7.91713461104046	-999.9	0.7	9.79166666666667	10.5297572887513	330
NORTH_CAPE	2018	6	26	177	9.9	15.9	16.3801728321906	-999.9	0	5.25462962962964	10.0092498921411	330
NORTH_CAPE	2018	6	27	178	13.3	24.2	22.0621141479997	-999.9	0	8.57638888888889	13.4815408568367	330
NORTH_CAPE	2018	6	28	179	15.1	21.4	16.7589708453563	-999.9	8.2	6.82870370370369	16.6127538284203	330
NORTH_CAPE	2018	6	29	180	15.2	24.2	20.0121463426467	-999.9	15.4	5.23148148148147	21.0090377388267	330
NORTH_CAPE	2018	6	30	181	14.9	20.8	16.1862370529565	-999.9	4.2	4.56018518518519	17.4363534794006	330
NORTH_CAPE	2018	7	1	182	11.3	19.8	19.4056830038866	-999.9	0	6.45833333333333	15.8068802603815	330
NORTH_CAPE	2018	7	2	183	12	21.6	20.5971313150729	-999.9	0	4.88425925925925	17.7205259001869	330
NORTH_CAPE	2018	7	3	184	18.2	27.7	20.4614595821812	-999.9	0	6.88657407407408	22.05812700022	330
NORTH_CAPE	2018	7	4	185	17.4	27	20.5383760985341	-999.9	0	4.07407407407408	17.1840473452918	330
NORTH_CAPE	2018	7	5	186	17.8	29.1	22.2473009673445	-999.9	0	4.05092592592592	17.544945017278	330
NORTH_CAPE	2018	7	6	187	14.4	23.5	19.9305056574418	-999.9	5.2	9.12037037037036	18.1885385841616	330
NORTH_CAPE	2018	7	7	188	14.1	20.5	16.6839527738038	-999.9	0	8.51851851851853	13.5488128792085	330
NORTH_CAPE	2018	7	8	189	16.9	25.2	18.9631779408324	-999.9	0	9.07407407407408	15.8287684961122	330
NORTH_CAPE	2018	7	9	190	18.9	28.5	20.3527216979034	-999.9	0	8.84259259259258	18.9562929738111	330
NORTH_CAPE	2018	7	10	191	15.9	25.7	20.5194792999839	-999.9	3.8	6.45833333333333	19.4244020803371	330
NORTH_CAPE	2018	7	11	192	14.8	19.5	14.178170059807	-999.9	0	3.51851851851853	16.2253938601792	330
NORTH_CAPE	2018	7	12	193	12.5	17.5	14.5890043022845	-999.9	0	4.51388888888889	12.5983093472466	330
NORTH_CAPE	2018	7	13	194	12.9	21.5	19.0858111236497	-999.9	0	4.27083333333333	15.0149436410885	330
NORTH_CAPE	2018	7	14	195	13	23.4	20.9338957458346	-999.9	0	3.63425925925925	16.0619098856884	330
NORTH_CAPE	2018	7	15	196	16.1	24.1	18.3105550215796	-999.9	0	3.4375	17.6680813353664	330
NORTH_CAPE	2018	7	16	197	16.9	23.2	16.2032054517203	-999.9	0	3.14814814814814	19.5283974202601	330
NORTH_CAPE	2018	7	17	198	19.2	30.2	21.3477473589485	-999.9	7.9	4.82638888888889	24.059584350648	330
NORTH_CAPE	2018	7	18	199	14.7	23	18.4871760197299	-999.9	0.3	4.43287037037036	19.7638481113357	330
NORTH_CAPE	2018	7	19	200	17.2	21.7	13.5695123298446	-999.9	0	4.39814814814814	15.3715044467857	330
NORTH_CAPE	2018	7	20	201	17.4	28.9	21.6214018794077	-999.9	0	5.09259259259258	17.631961661742	330
NORTH_CAPE	2018	7	21	202	17.7	23.6	15.4343457476581	-999.9	0	4.67592592592592	19.3591644310064	330
NORTH_CAPE	2018	7	22	203	19	26.4	17.2248543158946	-999.9	0	3.21759259259258	23.6160836918631	330
NORTH_CAPE	2018	7	23	204	21	25.8	13.8225389238202	-999.9	0.6	5.99537037037036	24.8182098013796	330
NORTH_CAPE	2018	7	24	205	21.7	27.7	15.3964356613062	-999.9	0	9.05092592592592	24.489219785481	330
NORTH_CAPE	2018	7	25	206	21.6	28.9	16.9173775943311	-999.9	0	10.0694444444444	24.4362801908044	330
NORTH_CAPE	2018	7	26	207	20.7	26.8	15.4032753271915	-999.9	0.3	6.57407407407408	24.5476635182388	330
NORTH_CAPE	2018	7	27	208	20.4	29.2	18.4253335606416	-999.9	0	7.09490740740742	25.4217254847329	330
NORTH_CAPE	2018	7	28	209	21.1	30.3	18.7604356090367	-999.9	0	4.86111111111111	25.7282795568999	330
NORTH_CAPE	2018	7	29	210	19	24.3	14.1778651537461	-999.9	1.7	4.46759259259258	22.7858094398152	330
NORTH_CAPE	2018	7	30	211	19.2	25.2	15.0183128973187	-999.9	0	5.28935185185186	20.6586681806216	330
NORTH_CAPE	2018	7	31	212	20.3	27.8	16.7146495212014	-999.9	0	4.88425925925925	21.3862578559895	330
NORTH_CAPE	2018	8	1	213	21.3	31.1	19.017310047642	-999.9	0	4.89583333333333	23.1704565603657	330
NORTH_CAPE	2018	8	2	214	20.8	28.2	16.446344387946	-999.9	0	6.78240740740742	22.6029602640279	330
NORTH_CAPE	2018	8	3	215	20.8	27.1	15.1004226943089	-999.9	0	4.08564814814814	23.3962914314794	330
NORTH_CAPE	2018	8	4	216	20.1	24.2	12.1205875851692	-999.9	11.4	3.58796296296297	23.2116092891212	330
NORTH_CAPE	2018	8	5	217	17.7	22.8	13.4486013919234	-999.9	1.6	5.23148148148147	20.9572746994897	330
NORTH_CAPE	2018	8	6	218	18	26.3	17.0662655692006	-999.9	0	2.95138888888889	23.0772439676212	330
NORTH_CAPE	2018	8	7	219	20.2	26.5	14.7884969728256	-999.9	1.8	2.55787037037037	26.0585181999929	330
NORTH_CAPE	2018	8	8	220	20.4	24.3	11.5714295944156	-999.9	0	5.47453703703703	22.2155037331402	330
NORTH_CAPE	2018	8	9	221	19.1	24.2	13.1579171486684	-999.9	4.8	5.24305555555556	23.6615956066213	330
NORTH_CAPE	2018	8	10	222	19.1	23.7	12.424372496778	-999.9	0.2	7.21064814814814	19.5882443636251	330
NORTH_CAPE	2018	8	11	223	18	25.1	15.3449013173971	-999.9	0	6.21527777777778	17.3268040994616	330
NORTH_CAPE	2018	8	12	224	19.6	28.3	16.8841640959699	-999.9	0	3.33333333333333	21.6180444903088	330
NORTH_CAPE	2018	8	13	225	20.5	27.6	15.1593124478869	-999.9	0	6.14583333333333	22.0299857986473	330
NORTH_CAPE	2018	8	14	226	21.2	29.7	16.4829639162271	-999.9	0	5.90277777777778	23.9847246364105	330
NORTH_CAPE	2018	8	15	227	20.8	27.9	14.9684007461977	-999.9	0	6.92129629629631	24.9233339989283	330
NORTH_CAPE	2018	8	16	228	16.6	21.1	11.8390670249504	-999.9	4.3	7.61574074074075	18.9650457562629	330
NORTH_CAPE	2018	8	17	229	16.1	22.8	14.3502007587335	-999.9	0	2.89351851851853	15.8277669458779	330
NORTH_CAPE	2018	8	18	230	15.1	18.7	10.4478104651187	-999.9	14.3	5.33564814814814	16.4881831989469	330
NORTH_CAPE	2018	8	19	231	17.5	21.6	11.0729484931927	-999.9	0	7.01388888888889	17.506325813116	330
NORTH_CAPE	2018	8	20	232	14.8	23.7	16.1997115497053	-999.9	0	3.04398148148147	15.944529703825	330
NORTH_CAPE	2018	8	21	233	15.3	22.6	14.5665935815179	-999.9	0	3.87731481481481	17.2110530851634	330
NORTH_CAPE	2018	8	22	234	16	22.1	13.2187051549765	-999.9	1.3	4.73379629629631	19.3687880839723	330
NORTH_CAPE	2018	8	23	235	18.5	21.9	9.79566172278088	-999.9	0	8.85416666666667	19.5406207557886	330
NORTH_CAPE	2018	8	24	236	17.9	22.1	10.8051788229237	-999.9	0	7.30324074074075	17.8622968598167	330
NORTH_CAPE	2018	8	25	237	17.8	25.3	14.3282578668965	-999.9	0	6.01851851851853	19.9445998891016	330
NORTH_CAPE	2018	8	26	238	17.6	26.2	15.2233301083943	-999.9	0	6.5625	17.7006714221502	330
NORTH_CAPE	2018	8	27	239	17.3	23	12.2952562191186	-999.9	4.2	5.76388888888889	19.5802368140872	330
NORTH_CAPE	2018	8	28	240	19.3	28	15.0675047661458	-999.9	0	5.32407407407408	22.4876075769531	330
NORTH_CAPE	2018	8	29	241	19.5	22.6	8.92042956442401	-999.9	0	7.82407407407408	18.7283737793462	330
NORTH_CAPE	2018	8	30	242	15.8	22.5	13.0048999014828	-999.9	0	6.03009259259258	17.7139721636985	330
NORTH_CAPE	2018	8	31	243	16	19.4	9.18575971086009	-999.9	0	5.71759259259258	14.573171310961	330
NORTH_CAPE	2018	9	1	244	12.6	22.1	15.2224516626723	-999.9	0	3.29861111111111	13.5183347291485	330
NORTH_CAPE	2018	9	2	245	16.5	24.9	14.1889630191466	-999.9	0	6.71296296296297	18.130520522793	330
NORTH_CAPE	2018	9	3	246	18.4	27	14.2294909904586	-999.9	27.3	6.33101851851853	22.2771463955502	330
NORTH_CAPE	2018	9	4	247	18.6	22.3	9.24934405945228	-999.9	0.2	6.74768518518519	18.2795034995728	330
NORTH_CAPE	2018	9	5	248	17.6	23	11.0717840162292	-999.9	0	3.17129629629631	16.7917298471898	330
NORTH_CAPE	2018	9	6	249	16.7	23.2	12.034518105948	-999.9	0	9.07407407407408	16.9256290138726	330
NORTH_CAPE	2018	9	7	250	14.9	19.8	10.3505151217114	-999.9	0	5.56712962962964	12.9705098904618	330
NORTH_CAPE	2018	9	8	251	13.6	16.8	8.28459678770404	-999.9	0	8.81944444444445	10.3768105156967	330
NORTH_CAPE	2018	9	9	252	9.2	15.4	11.4199775128444	-999.9	0	4.64120370370369	9.0663246774383	330
NORTH_CAPE	2018	9	10	253	7.5	18.4	14.9932656511448	-999.9	0	2.37268518518519	9.42960696277495	330
NORTH_CAPE	2018	9	11	254	12.9	18.3	10.4480213367765	-999.9	3.7	4.25925925925925	14.2869879276525	330
NORTH_CAPE	2018	9	12	255	13	18.6	10.5323681083905	-999.9	0	4.49074074074075	15.3347386406468	330
NORTH_CAPE	2018	9	13	256	12.6	23.2	14.342357391904	-999.9	0	4.16666666666667	17.8296368778047	330
NORTH_CAPE	2018	9	14	257	15.9	21.8	10.5893685934287	-999.9	0	3.10185185185186	18.365762392849	330
NORTH_CAPE	2018	9	15	258	18	25.8	12.0478295579456	-999.9	0	6.93287037037036	20.7130838256714	330
NORTH_CAPE	2018	9	16	259	15.6	19.4	8.31978186398296	-999.9	0	5.01157407407408	15.9047883279502	330
NORTH_CAPE	2018	9	17	260	15.2	27.4	14.7468771325415	-999.9	0	7.73148148148147	20.1256397959517	330
NORTH_CAPE	2018	9	18	261	11.6	17.5	10.1434985368689	-999.9	5.1	9.65277777777778	15.4059765935248	330
NORTH_CAPE	2018	9	19	262	11	13.2	6.1257124723787	-999.9	0	10.7060185185185	11.2747665695507	330
NORTH_CAPE	2018	9	20	263	9.5	14.2	8.85359985355541	-999.9	0	5	9.01707911020053	330
NORTH_CAPE	2018	9	21	264	7.5	16.5	12.1132433719878	-999.9	0.5	4.51690821256039	10.3445137150068	330
NORTH_CAPE	2018	9	22	265	11.3	18	10.3320793777573	-999.9	0.2	11.9560185185185	11.2724635310208	330
NORTH_CAPE	2018	9	23	266	8.4	15.7	10.6602219727691	-999.9	0	8.57638888888889	7.85047338745505	330
NORTH_CAPE	2018	9	24	267	4.9	12	10.3904004013702	-999.9	0	6.73611111111111	5.94341776074008	330
NORTH_CAPE	2018	9	25	268	5.3	16.2	12.7221047190006	-999.9	0	4.27083333333333	6.27662697634363	330
NORTH_CAPE	2018	9	26	269	10.8	22.1	12.7988932928968	-999.9	3.3	7.66203703703703	16.1128972427801	330
NORTH_CAPE	2018	9	27	270	10.9	20.4	11.5938573752524	-999.9	4.5	7.15277777777778	13.3898807458954	330
NORTH_CAPE	2018	9	28	271	10.8	12.6	4.98518735825932	-999.9	6.1	7.12962962962964	12.0337809344804	330
NORTH_CAPE	2018	9	29	272	9.4	14.6	8.36898553146227	-999.9	0	6.37731481481481	11.7053022481112	330
NORTH_CAPE	2018	9	30	273	9.5	13.5	7.24894227874512	-999.9	2.9	3.80787037037036	8.66264881491752	330
NORTH_CAPE	2018	10	1	274	5.4	12.4	9.46924965200378	-999.9	0.2	5.91435185185186	8.63499229000786	330
NORTH_CAPE	2018	10	2	275	10.2	12.7	5.58737372018094	-999.9	0.3	5.48611111111111	9.75588641863472	330
NORTH_CAPE	2018	10	3	276	9.9	14	7.06400522707709	-999.9	15.7	7.76620370370369	13.2137804413863	330
NORTH_CAPE	2018	10	4	277	11.9	20.4	10.0401707834527	-999.9	2.5	6.22685185185186	16.8793397240086	330
NORTH_CAPE	2018	10	5	278	4.3	12	9.43195658578678	-999.9	0	6.73611111111111	6.58853681371059	330
NORTH_CAPE	2018	10	6	279	6.9	10.4	6.27579289469404	-999.9	0	4.07407407407408	7.1870154426055	330
NORTH_CAPE	2018	10	7	280	7.2	11.1	6.53731749783025	-999.9	0	6.00694444444445	8.89745186877897	330
NORTH_CAPE	2018	10	8	281	4.5	9.6	7.37633876561437	-999.9	0	2.77777777777778	6.82842769164494	330
NORTH_CAPE	2018	10	9	282	7.7	12.9	7.34857370590306	-999.9	5.8	4.97685185185186	11.4312596549361	330
NORTH_CAPE	2018	10	10	283	6.6	10.2	6.03193671542234	-999.9	2.5	6.26157407407408	8.93327585978853	330
NORTH_CAPE	2018	10	11	284	4.8	7.8	5.4316315341125	-999.9	16.2	8.4375	7.45408970569148	330
NORTH_CAPE	2018	10	12	285	7.5	11.5	6.18622023641109	-999.9	12.5	7.91666666666667	11.365921179265	330
NORTH_CAPE	2018	10	13	286	6.3	9.3	5.28378228488688	-999.9	0	11.0648148148148	7.53563768603231	330
NORTH_CAPE	2018	10	14	287	4.8	8.4	5.7080709219183	-999.9	0.5	12.4652777777778	6.41490807445708	330
NORTH_CAPE	2018	10	15	288	7.4	13.7	7.44610113964839	-999.9	3	6.37731481481481	8.87650451908337	330
NORTH_CAPE	2018	10	16	289	6	12.9	7.68373473875259	-999.9	9.3	14.5601851851852	8.67843719413282	330
NORTH_CAPE	2018	10	17	290	5.3	9.5	5.91060890833199	-999.9	2	8.91203703703703	7.60403070083248	330
NORTH_CAPE	2018	10	18	291	2.3	6.6	5.8962276145256	-999.9	0.8	15.6365740740741	5.96806216589643	330
NORTH_CAPE	2018	10	19	292	1.6	7.1	6.5739838513521	-999.9	0.2	10.5092592592593	5.04350119770166	330
NORTH_CAPE	2018	10	20	293	7.1	14.8	7.66791045540298	-999.9	1.5	6.14583333333333	10.6865726690966	330
NORTH_CAPE	2018	10	21	294	3.4	9.9	6.9446793638955	-999.9	0	8.35648148148147	6.6065804708331	330
NORTH_CAPE	2018	10	22	295	1.1	4.4	4.87751117496208	-999.9	0	11.1538461538462	4.70860297144467	330
NORTH_CAPE	2018	10	23	296	3.92	6.13	8.13	-999.9	0.04	5.82	5.95358277369587	330
NORTH_CAPE	2018	10	24	297	5.83	8.02	1.57	-999.9	25.17	10.95	8.85493643016615	330
NORTH_CAPE	2018	10	25	298	3.14	7.28	4.02	-999.9	6.34	12.62	7.29506916059195	330
NORTH_CAPE	2018	10	26	299	2.2	5.22	4.92	-999.9	0.24	0	5.37258311897007	330
NORTH_CAPE	2018	10	27	300	2.34	4.92	9.75	-999.9	1.05	5.37	5.18330384529005	330
NORTH_CAPE	2018	10	28	301	3.14	10.65	2.43	-999.9	19.25	9.91	10.2568450982237	330
NORTH_CAPE	2018	10	29	302	7.94	9.95	5.08	-999.9	2.3	3.57	10.7511327532406	330
NORTH_CAPE	2018	10	30	303	5.4	5.9	1.69072094006609	-999.9	1.4	5.90277777777778	8.31047812254784	330
NORTH_CAPE	2018	10	31	304	4.2	7	3.94345805204328	-999.9	0	4.43287037037036	7.79811704740614	330
NORTH_CAPE	2018	11	1	305	4.4	7.6	4.15524724651227	-999.9	0	5.21990740740742	8.2715604644859	330
NORTH_CAPE	2018	11	2	306	4.4	6.8	3.54704922422566	-999.9	9.3	6.53935185185186	7.89326244817976	330
NORTH_CAPE	2018	11	3	307	5.8	15.5	7.02921745544551	-999.9	31.5	8.49537037037036	12.218561943437	330
NORTH_CAPE	2018	11	4	308	4.4	7	3.58749230918186	-999.9	0.3	17.3148148148148	6.258154708969	330
NORTH_CAPE	2018	11	5	309	3.6	5.8	3.25331784618664	-999.9	0	5.24305555555556	6.32345864009424	330
NORTH_CAPE	2018	11	6	310	5.6	13	5.88265815671356	-999.9	12.1	7.04861111111111	10.792454144758	330
NORTH_CAPE	2018	11	7	311	8.3	13.5	4.86225759557561	-999.9	0.3	9.84953703703703	11.0521829552175	330
NORTH_CAPE	2018	11	8	312	5.6	8.5	3.58058568890706	-999.9	0	11.6319444444444	7.58295008851178	330
NORTH_CAPE	2018	11	9	313	4.1	5.6	2.53959302302801	-999.9	0	8.54166666666667	5.83967479211693	330
NORTH_CAPE	2018	11	10	314	1.3	10.9	6.33675150106659	-999.9	17.5	11.9560185185185	8.03739341435097	330
NORTH_CAPE	2018	11	11	315	-1.5	3.4	4.46576019244761	-999.9	0	19.2592592592593	4.34522168418159	330
NORTH_CAPE	2018	11	12	316	-2.5	0.6	3.5043132513251	-999.9	0	13.3680555555556	4.16761462817893	330
NORTH_CAPE	2018	11	13	317	-1.5	3.6	4.43501471137759	-999.9	16.7	7.77777777777778	5.07768549955054	330
NORTH_CAPE	2018	11	14	318	-6.9	3.7	6.30984728822346	-999.9	0.5	19.4097222222222	4.37701934398359	330
NORTH_CAPE	2018	11	15	319	-4.3	-1.8	3.02457821711086	-999.9	0	12.4154589371981	3.49832708167609	330
NORTH_CAPE	2018	11	16	320	-4.7	0.9	4.46884901941685	-999.9	4.2	8.70370370370369	4.34138989585591	330
NORTH_CAPE	2018	11	17	321	-1.1	0.8	2.57020834346126	-999.9	0.7	10.3819444444444	5.26005641403182	330
NORTH_CAPE	2018	11	18	322	-3.6	0.2	3.58972600402045	-999.9	0	10.1388888888889	3.79388978709414	330
NORTH_CAPE	2018	11	19	323	-7.9	0.4	5.24058525270125	-999.9	0	4.45601851851853	3.35187217274545	330
NORTH_CAPE	2018	11	20	324	0.1	1.4	2.04918948451585	-999.9	2.5	6.92129629629631	5.8368962085989	330
NORTH_CAPE	2018	11	21	325	-4.5	0.8	4.08904367519999	-999.9	3	8.90046296296297	4.53053297179017	330
NORTH_CAPE	2018	11	22	326	-9.7	-4.2	4.11763113642225	-999.9	0.2	13.4953703703704	2.73603806242889	330
NORTH_CAPE	2018	11	23	327	-7.7	-3.2	3.6827206788485	-999.9	0	16.8287037037037	2.59644749052056	330
NORTH_CAPE	2018	11	24	328	-4.8	1.2	4.20585177821542	-999.9	0	11.712962962963	3.81534978921821	330
NORTH_CAPE	2018	11	25	329	-0.2	1	1.86084149471884	-999.9	0	6.07638888888889	4.97292612685567	330
NORTH_CAPE	2018	11	26	330	-0.1	1.7	2.25540859078409	-999.9	0	7.48842592592592	5.85857456034857	330
NORTH_CAPE	2018	11	27	331	0.5	2.5	2.35347258861541	-999.9	7.7	10.6481481481481	6.3977441482372	330
NORTH_CAPE	2018	11	28	332	0.3	2.9	2.65721096845006	-999.9	10.3	13.5532407407407	6.52703023339076	330
NORTH_CAPE	2018	11	29	333	0.1	2.2	2.36558905967931	-999.9	7.7	18.6805555555556	5.97001077819256	330
NORTH_CAPE	2018	11	30	334	0.5	2.2	2.10908671239726	-999.9	0	8.70370370370369	5.30365855400396	330
NORTH_CAPE	2018	12	1	335	-1	1	2.26767165528927	-999.9	0.2	3.71527777777778	4.50596994166667	330
NORTH_CAPE	2018	12	2	336	-2.1	2.2	3.2972678224368	-999.9	15.5	4.60648148148147	4.97395660416667	330
NORTH_CAPE	2018	12	3	337	-0.1	2.5	2.54346483483199	-999.9	2.8	7.54629629629631	6.54582416890356	330
NORTH_CAPE	2018	12	4	338	-3.6	0.3	3.09142817296612	-999.9	0.5	11.712962962963	4.13714648211694	330
NORTH_CAPE	2018	12	5	339	-9.2	-2.7	3.96227290294838	-999.9	0.2	7.43055555555556	2.96520769273298	330
NORTH_CAPE	2018	12	6	340	-8.4	-3.7	3.34637573693068	-999.9	0	3.02083333333333	2.80362383913221	330
NORTH_CAPE	2018	12	7	341	-4.7	-1.9	2.56639829004277	-999.9	0	5.71759259259258	3.68027922290321	330
NORTH_CAPE	2018	12	8	342	-8.8	-3.6	3.47656992127631	-999.9	0	10.2430555555556	2.98501076979833	330
NORTH_CAPE	2018	12	9	343	-9.6	-5.7	2.99415598101819	-999.9	0.5	10.6481481481481	2.68450422992623	330
NORTH_CAPE	2018	12	10	344	-7.4	-5.1	2.28765632522061	-999.9	0	8.75	3.10932892388808	330
NORTH_CAPE	2018	12	11	345	-10.6	-5.1	3.52117817669338	-999.9	0	5.92592592592592	2.67085540171349	330
NORTH_CAPE	2018	12	12	346	-6.9	-3.6	2.71607244105465	-999.9	0.2	9.83796296296297	3.05716827911016	330
NORTH_CAPE	2018	12	13	347	-6.9	-2.4	3.15986777632945	-999.9	0	8.78472222222222	2.82373727550254	330
NORTH_CAPE	2018	12	14	348	-4.7	2.8	4.0660664207585	-999.9	0.5	9.7337962962963	4.27008434449296	330
NORTH_CAPE	2018	12	15	349	0.2	2.5	2.24540109924678	-999.9	3.8	8.49537037037036	5.8907690613063	330
NORTH_CAPE	2018	12	16	350	-2.3	0.8	2.60078125707488	-999.9	0	4.0625	4.93108903854486	330
NORTH_CAPE	2018	12	17	351	-0.9	0	1.39876739562795	-999.9	2.3	7.47685185185186	5.38554136910325	330
NORTH_CAPE	2018	12	18	352	-1.7	-0.4	1.67882991411276	-999.9	1.1	15.2777777777778	5.12809170164401	330
NORTH_CAPE	2018	12	19	353	-4.2	-1.4	2.46170062754088	-999.9	0	14.9652777777778	3.40152681232324	330
NORTH_CAPE	2018	12	20	354	-4.2	-0.3	2.90416139057081	-999.9	0	9.16666666666667	4.18683186638399	330
NORTH_CAPE	2018	12	21	355	-3.2	3	3.66208005458758	-999.9	9	5.84490740740742	5.54979101991565	330
NORTH_CAPE	2018	12	22	356	2	12	4.65357635600652	-999.9	7.1	6.36574074074075	9.84651727911231	330
NORTH_CAPE	2018	12	23	357	-6.1	2.1	4.2185151557258	-999.9	0	11.8634259259259	3.81467827155818	330
NORTH_CAPE	2018	12	24	358	-9.1	-5.5	2.79949786203394	-999.9	0.2	6.37731481481481	2.66163020310888	330
NORTH_CAPE	2018	12	25	359	-9.8	-5.6	3.02997581150469	-999.9	0.2	10.1388888888889	2.63939782195234	330
NORTH_CAPE	2018	12	26	360	-8.3	-3.6	3.21334428886759	-999.9	0	10.3703703703704	2.6989377681261	330
NORTH_CAPE	2018	12	27	361	-9.8	-7.7	2.15436084845875	-999.9	0	13.7847222222222	2.21862158552833	330
NORTH_CAPE	2018	12	28	362	-9.2	-0.3	4.45050307328387	-999.9	3.7	5.87962962962964	3.38125312620004	330
NORTH_CAPE	2018	12	29	363	-7	0.6	4.12884827753237	-999.9	0.3	6.85185185185186	4.43526990389684	330
NORTH_CAPE	2018	12	30	364	-9.5	-6.6	2.56170724044004	-999.9	0	8.24074074074075	2.41322535028294	330
NORTH_CAPE	2018	12	31	365	-11.2	-4.1	4.02777994036263	-999.9	0	3.84259259259258	2.42411251836732	330
