NORTH_CAPE	2023	1	1	1	0.2	5.1	3.36384096098378	-999.9	21.2	7.52314814814814	7.21840526548103	330
NORTH_CAPE	2023	1	2	2	-3.1	0.9	3.05674989989196	-999.9	0	8.37962962962964	4.45343822072719	330
NORTH_CAPE	2023	1	3	3	-2	1.6	2.91784298500938	-999.9	0	5.13888888888889	5.0962309866662	330
NORTH_CAPE	2023	1	4	4	-4.7	1.7	3.91621086915936	-999.9	0	5.82175925925925	4.62935073339563	330
NORTH_CAPE	2023	1	5	5	-6	-2.1	3.07860978532246	-999.9	0	6.43518518518519	3.34721893302793	330
NORTH_CAPE	2023	1	6	6	-2.3	-0.6	2.04771685187828	-999.9	0	5.47453703703703	4.32413418662887	330
NORTH_CAPE	2023	1	7	7	-4.2	0.1	3.28227850296315	-999.9	0	4.87268518518519	4.18134682574386	330
NORTH_CAPE	2023	1	8	8	-7.3	-3.1	3.27061862094265	-999.9	0	10.8912037037037	2.83186321272256	330
NORTH_CAPE	2023	1	9	9	-3.8	-1.7	2.33261338558713	-999.9	0	6.72453703703703	3.60096987895121	330
NORTH_CAPE	2023	1	10	10	-5.8	-1.1	3.5210245651687	-999.9	1.4	8.86574074074075	3.79561618905534	330
NORTH_CAPE	2023	1	11	11	-7.8	-5	2.74309304078769	-999.9	0	8.11342592592592	2.64775118626834	330
NORTH_CAPE	2023	1	12	12	-9.7	-4.1	3.91693570779981	-999.9	0	4.24768518518519	2.77855438801979	330
NORTH_CAPE	2023	1	13	13	-4.4	8.8	6.07400074983646	-999.9	19.1	6.35416666666667	6.46263495786401	330
NORTH_CAPE	2023	1	14	14	-3.3	0.1	3.11459990986776	-999.9	7.2	11.8634259259259	5.33250173716088	330
NORTH_CAPE	2023	1	15	15	-3.3	0.5	3.32785125267552	-999.9	3.4	14.3287037037037	4.97056108051892	330
NORTH_CAPE	2023	1	16	16	0.3	1.6	1.96780598522529	-999.9	34.9	14.3287037037037	6.41652298643798	330
NORTH_CAPE	2023	1	17	17	0.3	1.2	1.65574834090349	-999.9	0.8	4.52546296296297	6.50350552490128	330
NORTH_CAPE	2023	1	18	18	-0.3	0.7	1.7654453731311	-999.9	0.7	6.13425925925925	5.98077329001089	330
NORTH_CAPE	2023	1	19	19	-1.7	0.8	2.82435301448544	-999.9	0.4	9.56018518518519	5.37527072598412	330
NORTH_CAPE	2023	1	20	20	-2.4	-0.4	2.55662409919167	-999.9	0.9	9.78009259259258	4.93593106834624	330
NORTH_CAPE	2023	1	21	21	-2.9	-0.7	2.71437026822407	-999.9	0	10.3009259259259	4.11349404419236	330
NORTH_CAPE	2023	1	22	22	-4.8	-1.9	3.15544301095895	-999.9	0.7	6.33101851851853	3.81666014233505	330
NORTH_CAPE	2023	1	23	23	-3.2	-0.8	2.90712074020387	-999.9	8.7	9.25925925925925	5.1642836125669	330
NORTH_CAPE	2023	1	24	24	-2.8	-0.6	2.819371050722	-999.9	0	14.1666666666667	4.26135120728966	330
NORTH_CAPE	2023	1	25	25	-10.8	-2.2	5.64749403700887	-999.9	0	7.32638888888889	2.59289780003516	330
NORTH_CAPE	2023	1	26	26	-5.8	8.7	7.43076206203025	-999.9	13.1	11.3888888888889	6.06147073643676	330
NORTH_CAPE	2023	1	27	27	-5.8	-1.8	3.95543520639822	-999.9	0	12.3958333333333	3.13944788049071	330
NORTH_CAPE	2023	1	28	28	-8.8	1.5	6.43376211617936	-999.9	0.2	5.38194444444445	3.30904918331433	330
NORTH_CAPE	2023	1	29	29	-7.6	3.5	6.77099194764627	-999.9	0	9.01620370370369	3.73515978992755	330
NORTH_CAPE	2023	1	30	30	-6.3	3.6	6.48351248333667	-999.9	0.2	6.22685185185186	4.67928378982315	330
NORTH_CAPE	2023	1	31	31	-9.4	-5	4.38302412259072	-999.9	3.2	6.55092592592592	2.88215127323518	330
NORTH_CAPE	2023	2	1	32	-12.1	-6.4	5.05927084039741	-999.9	0	7.26851851851853	2.14380187636342	330
NORTH_CAPE	2023	2	2	33	-8.9	-3.6	4.94806171902504	-999.9	0.5	7.52314814814814	2.62654366166998	330
NORTH_CAPE	2023	2	3	34	-23.8	-1.4	10.3182757072443	-999.9	1.5	13.0208333333333	1.8935176114097	330
NORTH_CAPE	2023	2	4	35	-24.6	-14.2	7.13215364757486	-999.9	0.2	19.9189814814815	1.00662256958089	330
NORTH_CAPE	2023	2	5	36	-16.4	-5.7	7.33918025632019	-999.9	5.3	6.99074074074075	2.08421605209614	330
NORTH_CAPE	2023	2	6	37	-6.8	-3.6	4.0720109298012	-999.9	1.1	5.23148148148147	3.83492341759728	330
NORTH_CAPE	2023	2	7	38	-8	-4.4	4.38213863591291	-999.9	0	7.85879629629631	2.83841822794639	330
NORTH_CAPE	2023	2	8	39	-7.4	-1.4	5.7402413344917	-999.9	0.2	6.64351851851853	3.65109367673295	330
NORTH_CAPE	2023	2	9	40	-9.8	-4.8	5.31709182378898	-999.9	0.2	7.36111111111111	2.36852520855072	330
NORTH_CAPE	2023	2	10	41	-6.6	-2.1	5.11848396764563	-999.9	5.1	6.74768518518519	3.98166816744372	330
NORTH_CAPE	2023	2	11	42	-9.8	-2.6	6.5698433568411	-999.9	0.2	8.14814814814814	3.15093419629009	330
NORTH_CAPE	2023	2	12	43	-8.7	-0.6	7.0711370066211	-999.9	0	5.10416666666667	3.34540167833123	330
NORTH_CAPE	2023	2	13	44	-5.3	-1.8	4.71671577673374	-999.9	0	5.79861111111111	3.95755658199312	330
NORTH_CAPE	2023	2	14	45	-9.4	-3.2	6.3702755151541	-999.9	0	8.46064814814814	3.00381956194637	330
NORTH_CAPE	2023	2	15	46	-9.4	3.5	9.32413483090833	-999.9	0.4	3.90046296296297	3.99207720448271	330
NORTH_CAPE	2023	2	16	47	-1.3	5.4	6.81858154964621	-999.9	1	7.40740740740742	6.21736558490738	330
NORTH_CAPE	2023	2	17	48	-6.5	-1.3	6.09522850849914	-999.9	9.2	8.24074074074075	3.86382859389268	330
NORTH_CAPE	2023	2	18	49	-10.2	-6.1	5.49158711631997	-999.9	0	8.03240740740742	2.49749056550862	330
NORTH_CAPE	2023	2	19	50	-7.5	-0.5	7.28041041667552	-999.9	0	5.46296296296297	3.65222849596409	330
NORTH_CAPE	2023	2	20	51	-0.9	5.9	7.2801927434758	-999.9	0.2	5.48611111111111	7.01241239620909	330
NORTH_CAPE	2023	2	21	52	-8.1	0.4	8.25767281787555	-999.9	0.2	6.36574074074075	3.3767752624541	330
NORTH_CAPE	2023	2	22	53	-10.1	-2.8	7.76328014786291	-999.9	0	5.63657407407408	2.86350562685102	330
NORTH_CAPE	2023	2	23	54	-12.8	-10.1	4.78933134924435	-999.9	0	5.52083333333333	1.62077200891769	330
NORTH_CAPE	2023	2	24	55	-13.5	-10	5.53104983464949	-999.9	0.5	5.59027777777778	1.82937786697051	330
NORTH_CAPE	2023	2	25	56	-16.1	-11.9	6.14536986253444	-999.9	0	7.1875	1.30217136975286	330
NORTH_CAPE	2023	2	26	57	-15.4	-10.1	7.00129597344732	-999.9	0	2.53472222222222	1.41353788662472	330
NORTH_CAPE	2023	2	27	58	-13.6	-8.2	7.16671094951609	-999.9	0.2	3.02083333333333	1.74031640178318	330
NORTH_CAPE	2023	2	28	59	-13.2	-6.8	7.91150431091823	-999.9	0	4.24768518518519	2.15920367904109	330
NORTH_CAPE	2023	3	1	60	-7	-3.7	5.76015222344011	-999.9	0	4.58333333333333	3.06999441414563	330
NORTH_CAPE	2023	3	2	61	-8.6	-4.3	6.66621496426575	-999.9	1	2.44212962962963	3.41716959569923	330
NORTH_CAPE	2023	3	3	62	-9	-3	7.98265623088699	-999.9	0.7	8.41435185185186	3.13076781102628	330
NORTH_CAPE	2023	3	4	63	-11.2	-4.4	8.6141038866305	-999.9	0.3	3.14814814814814	2.57202403299702	330
NORTH_CAPE	2023	3	5	64	-9.7	-0.2	10.319461097573	-999.9	0	7.70833333333333	3.0161096266747	330
NORTH_CAPE	2023	3	6	65	-3.1	-1.7	4.01470078514785	-999.9	2.6	9.74537037037036	4.57195901541868	330
NORTH_CAPE	2023	3	7	66	-2.9	-0.1	5.75327652234631	-999.9	0.5	5.50925925925925	4.99144846402756	330
NORTH_CAPE	2023	3	8	67	-1	0.7	4.54213129453989	-999.9	0.2	7.97453703703703	5.38355558235361	330
NORTH_CAPE	2023	3	9	68	-4.6	0.1	7.65127724006026	-999.9	0	6.66666666666667	4.49360695669696	330
NORTH_CAPE	2023	3	10	69	-4.9	-0.3	7.66767059434639	-999.9	0.2	5.06944444444445	4.0820749656529	330
NORTH_CAPE	2023	3	11	70	-3.6	-0.5	6.37549100400006	-999.9	0	5.18518518518519	4.55464192006542	330
NORTH_CAPE	2023	3	12	71	-4.8	0.1	8.1175858591944	-999.9	0	4.44444444444444	4.65988130417674	330
NORTH_CAPE	2023	3	13	72	-5.7	1.1	9.68336478341952	-999.9	0	1.95601851851852	4.77445739149051	330
NORTH_CAPE	2023	3	14	73	-3.8	0.2	7.51953392620574	-999.9	4	6.15740740740742	4.95860971430709	330
NORTH_CAPE	2023	3	15	74	-1.8	-0.7	3.99201076397445	-999.9	2.7	11.6435185185185	5.40722406130161	330
NORTH_CAPE	2023	3	16	75	-1.7	-0.4	4.39284726207964	-999.9	1.5	10.0694444444444	5.39982334341484	330
NORTH_CAPE	2023	3	17	76	-1.1	0.4	4.7757666311329	-999.9	1	5.68287037037036	5.42494975302649	330
NORTH_CAPE	2023	3	18	77	-0.9	2.6	7.3824054778967	-999.9	4.4	3.21759259259258	6.35446685662229	330
NORTH_CAPE	2023	3	19	78	-2.6	1.2	7.78331992378139	-999.9	0.2	8.88888888888889	4.57357481730851	330
NORTH_CAPE	2023	3	20	79	-4.6	0.7	9.29956254860571	-999.9	0	12.6967592592593	3.49580908579684	330
NORTH_CAPE	2023	3	21	80	-2.2	0.5	6.71428527011418	-999.9	2	4.78009259259258	4.21500193287022	330
NORTH_CAPE	2023	3	22	81	-3.3	-0.9	6.40262761688325	-999.9	0	7.98611111111111	3.4927921781873	330
NORTH_CAPE	2023	3	23	82	-3.2	-1	6.19925764228176	-999.9	5.8	6.81712962962964	3.86772467189102	330
NORTH_CAPE	2023	3	24	83	-1.8	-0.8	4.22614826566438	-999.9	4.9	7.89351851851853	5.35605893039897	330
NORTH_CAPE	2023	3	25	84	-3.1	0.6	8.21868483653455	-999.9	0.2	4.88425925925925	4.64672416106693	330
NORTH_CAPE	2023	3	26	85	-1.8	-0.9	4.09750539644992	-999.9	5.2	7.47685185185186	5.3886185591552	330
NORTH_CAPE	2023	3	27	86	-1.7	0.5	6.47509696165558	-999.9	4.1	3.48379629629631	5.85801473164963	330
NORTH_CAPE	2023	3	28	87	-3.2	-0.2	7.64138104028285	-999.9	0.2	2.8125	5.37241893065295	330
NORTH_CAPE	2023	3	29	88	-3.1	-0.2	7.59147185052442	-999.9	0.2	3.4375	5.35209452107923	330
NORTH_CAPE	2023	3	30	89	-4.8	2.1	11.830595695351	-999.9	0.3	7.12962962962964	4.92348100549484	330
NORTH_CAPE	2023	3	31	90	-4.8	0.9	10.8620997127583	-999.9	0	4.76851851851853	4.39702021230716	330
NORTH_CAPE	2023	4	1	91	-0.6	0.9	5.62801700890745	-999.9	4.3	5.35879629629631	5.32950470181447	330
NORTH_CAPE	2023	4	2	92	-4.2	1.1	10.6836631527621	-999.9	0	11.7361111111111	4.17909799111115	330
NORTH_CAPE	2023	4	3	93	-5	3.9	13.9794075864842	-999.9	0.2	11.6435185185185	3.7307206230815	330
NORTH_CAPE	2023	4	4	94	-0.9	4.8	11.2948827530332	-999.9	1.3	4.91898148148147	5.90040403759662	330
NORTH_CAPE	2023	4	5	95	-2.9	-0.9	6.75381045877973	-999.9	0	7.22222222222222	3.22433314151472	330
NORTH_CAPE	2023	4	6	96	-2	3.6	11.4066082468343	-999.9	0	4.97685185185186	6.09703642959495	330
NORTH_CAPE	2023	4	7	97	-2.2	2.8	10.8771541560252	-999.9	0.2	10.5902777777778	5.12260180370627	330
NORTH_CAPE	2023	4	8	98	-3.4	-0.8	7.91450805332135	-999.9	0	11.3541666666667	3.07181534315154	330
NORTH_CAPE	2023	4	9	99	-2.2	3	11.2923722822977	-999.9	0	7.39583333333333	3.86987898701845	330
NORTH_CAPE	2023	4	10	100	1.3	11.2	15.7176198825395	-999.9	0	7.76620370370369	5.41524212710665	330
NORTH_CAPE	2023	4	11	101	3.8	15	16.8617790885959	-999.9	2.6	7.01388888888889	7.0165968243311	330
NORTH_CAPE	2023	4	12	102	1.2	6.4	11.5867310916016	-999.9	0.7	6.90972222222222	7.46011972480991	330
NORTH_CAPE	2023	4	13	103	2.2	14.3	17.8220083066514	-999.9	0	6.26157407407408	7.63605765942172	330
NORTH_CAPE	2023	4	14	104	-0.4	5.2	12.2236995898421	-999.9	0.2	4.22453703703703	5.64368156657839	330
NORTH_CAPE	2023	4	15	105	1.7	5.4	10.0160017912038	-999.9	0	3.92361111111111	6.37627867975756	330
NORTH_CAPE	2023	4	16	106	1.8	4.4	8.46263196428149	-999.9	0	6.20370370370369	6.02714802720788	330
NORTH_CAPE	2023	4	17	107	2.2	4.8	8.52847297487038	-999.9	1.2	4.43287037037036	7.67528114259521	330
NORTH_CAPE	2023	4	18	108	3.1	7.2	10.7915330116705	-999.9	5.8	8.21759259259258	8.56824418741797	330
NORTH_CAPE	2023	4	19	109	2.1	9.9	14.9963696913189	-999.9	0	4.72222222222222	7.8920233949234	330
NORTH_CAPE	2023	4	20	110	1.8	6.3	11.4745048826135	-999.9	0	3.78472222222222	7.28671979342835	330
NORTH_CAPE	2023	4	21	111	-1.1	3.1	11.1656158464846	-999.9	0	5.78703703703703	5.9931534320629	330
NORTH_CAPE	2023	4	22	112	-0.7	5.6	13.7721064386565	-999.9	0	3.03240740740742	6.60708870529963	330
NORTH_CAPE	2023	4	23	113	0.2	3.6	10.1878744323061	-999.9	0	6.13425925925925	6.83297286660046	330
NORTH_CAPE	2023	4	24	114	1.1	4	9.47325827185138	-999.9	0	4.52546296296297	7.0001689873986	330
NORTH_CAPE	2023	4	25	115	0.8	4.5	10.7720901146988	-999.9	0	2.1875	6.86209543902372	330
NORTH_CAPE	2023	4	26	116	0.3	4.4	11.4138596228399	-999.9	0	2.12962962962963	6.83502414821475	330
NORTH_CAPE	2023	4	27	117	0.1	2.8	9.32195440610372	-999.9	0	2.08333333333333	6.61432702363409	330
NORTH_CAPE	2023	4	28	118	-0.2	8.3	16.6441770880832	-999.9	0	2.99768518518519	7.65431958759618	330
NORTH_CAPE	2023	4	29	119	1.4	6	12.319784237186	-999.9	0	4.6875	6.88124874644008	330
NORTH_CAPE	2023	4	30	120	3.7	6.8	10.1746662640747	-999.9	0.2	5.98379629629631	7.36592305009273	330
NORTH_CAPE	2023	5	1	121	3.6	5.6	8.22078999875904	-999.9	7.9	11.9791666666667	7.13841988025967	330
NORTH_CAPE	2023	5	2	122	2.3	4.2	8.0589590473269	-999.9	4.8	9.50231481481481	7.72634501384697	330
NORTH_CAPE	2023	5	3	123	2.4	4.1	7.66610623909083	-999.9	1	8.41435185185186	7.38295190212044	330
NORTH_CAPE	2023	5	4	124	2.8	4.1	6.74085795790564	-999.9	0.2	9.98842592592592	7.45488655522426	330
NORTH_CAPE	2023	5	5	125	2.1	5.9	11.5870690683118	-999.9	0.2	6.22685185185186	6.77963744708385	330
NORTH_CAPE	2023	5	6	126	1	5.7	12.9543152451832	-999.9	0	5.03472222222222	6.10332662729044	330
NORTH_CAPE	2023	5	7	127	4.3	17.2	21.5719708293012	-999.9	0	6.22685185185186	8.44599290384491	330
NORTH_CAPE	2023	5	8	128	2.6	8.2	14.2844782615674	-999.9	0	6.65509259259258	7.53667074695719	330
NORTH_CAPE	2023	5	9	129	3.7	6.5	10.1501160057569	-999.9	0	6.04166666666667	6.7082992887335	330
NORTH_CAPE	2023	5	10	130	3.9	7	10.7310182769154	-999.9	0	5.33564814814814	5.66167383943405	330
NORTH_CAPE	2023	5	11	131	3.5	9.9	15.490480857621	-999.9	0	3.57638888888889	6.64398005495766	330
NORTH_CAPE	2023	5	12	132	5.8	14.8	18.452616930752	-999.9	0	3.77314814814814	10.0370757630457	330
NORTH_CAPE	2023	5	13	133	6.5	12.7	15.3830188271693	-999.9	1.2	6.08796296296297	9.8072122563144	330
NORTH_CAPE	2023	5	14	134	6.2	7.7	7.59884920216603	-999.9	0	9.20138888888889	7.6185065924192	330
NORTH_CAPE	2023	5	15	135	6.7	12	14.3431416710141	-999.9	0	8.07870370370369	8.53143172241102	330
NORTH_CAPE	2023	5	16	136	4.3	15.2	20.652454471047	-999.9	6.8	6.23842592592592	10.4922846074007	330
NORTH_CAPE	2023	5	17	137	3.5	6.7	11.2339793526121	-999.9	0.2	6.40046296296297	6.64213524095421	330
NORTH_CAPE	2023	5	18	138	4.6	11	15.9476677805919	-999.9	0	8.63425925925925	6.34463502002602	330
NORTH_CAPE	2023	5	19	139	7.1	17.5	20.4042664950503	-999.9	0	9.32870370370369	7.79165328714499	330
NORTH_CAPE	2023	5	20	140	8.2	21.5	23.1566659674676	-999.9	0	8.33333333333333	12.3243200434074	330
NORTH_CAPE	2023	5	21	141	7.8	16.4	18.6850513898933	-999.9	8.1	6.59722222222222	12.7453882960139	330
NORTH_CAPE	2023	5	22	142	3.9	7.8	12.6247095403521	-999.9	0	5.42824074074075	6.32215294356748	330
NORTH_CAPE	2023	5	23	143	3	10.2	17.2087254790685	-999.9	0	4.07407407407408	6.62289301520553	330
NORTH_CAPE	2023	5	24	144	7.7	21.6	23.9846150220727	-999.9	0	5.78703703703703	8.57854766544472	330
NORTH_CAPE	2023	5	25	145	5.2	8.9	12.4113438520619	-999.9	23.6	7.24537037037036	9.82142459915137	330
NORTH_CAPE	2023	5	26	146	4.4	6.9	10.2312904034381	-999.9	2.3	8.47222222222222	8.84496085015337	330
NORTH_CAPE	2023	5	27	147	6.8	18.2	21.9081307299514	-999.9	0	4.36342592592592	10.7627922240748	330
NORTH_CAPE	2023	5	28	148	7.9	17.6	20.2619593414666	-999.9	0	7.8125	9.81138819510764	330
NORTH_CAPE	2023	5	29	149	3.5	8.2	14.1396125003543	-999.9	0	7.37268518518519	6.49076649419147	330
NORTH_CAPE	2023	5	30	150	6.6	24.4	27.583035614652	-999.9	0.2	6.06481481481481	10.571260107041	330
NORTH_CAPE	2023	5	31	151	11.5	25.2	24.2541708614197	-999.9	0.2	9.22453703703703	12.4236396501553	330
NORTH_CAPE	2023	6	1	152	10.2	25.7	25.8545407310311	-999.9	0	5.9375	14.9719554787954	330
NORTH_CAPE	2023	6	2	153	5.7	10.2	13.9595984960079	-999.9	2.8	11.2847222222222	10.0716280593174	330
NORTH_CAPE	2023	6	3	154	4.6	6	7.80148647956603	-999.9	12.9	12.8703703703704	8.37527861953233	330
NORTH_CAPE	2023	6	4	155	5.3	6.3	6.6055822611438	-999.9	0.9	7.58101851851853	8.97207615873673	330
NORTH_CAPE	2023	6	5	156	6	7.2	7.24854246865215	-999.9	14.4	7.34953703703703	9.78752662345645	330
NORTH_CAPE	2023	6	6	157	6.7	8.1	7.84195485593496	-999.9	31.6	11.1458333333333	10.3397584600555	330
NORTH_CAPE	2023	6	7	158	6.9	9.4	10.4949885532163	-999.9	1.2	7.16435185185186	10.8237599440906	330
NORTH_CAPE	2023	6	8	159	6.8	10.3	12.4350950614643	-999.9	0	4.56018518518519	10.96255889905	330
NORTH_CAPE	2023	6	9	160	6.2	8.2	9.41206175468655	-999.9	0	4.40972222222222	9.95270359406159	330
NORTH_CAPE	2023	6	10	161	7.3	9	8.68761468676066	-999.9	0	3.76157407407408	10.6284215266442	330
NORTH_CAPE	2023	6	11	162	8.9	16.8	18.7476857255133	-999.9	0	4.14351851851853	12.9846363650537	330
NORTH_CAPE	2023	6	12	163	11.3	17	15.939744327765	-999.9	0	4.64120370370369	13.4339849045353	330
NORTH_CAPE	2023	6	13	164	11	15.8	14.639497932969	-999.9	0	3.90046296296297	13.4929400522398	330
NORTH_CAPE	2023	6	14	165	11	16.8	16.1039752431391	-999.9	0	5.08101851851853	14.8161640881046	330
NORTH_CAPE	2023	6	15	166	10.9	17.3	16.926788264023	-999.9	0	3.34490740740742	15.5145153041171	330
NORTH_CAPE	2023	6	16	167	9.2	12.6	12.3435903532857	-999.9	0	4.21296296296297	12.6778248706443	330
NORTH_CAPE	2023	6	17	168	8.3	9.4	7.023731201249	-999.9	1.1	8.80787037037036	11.2256809896971	330
NORTH_CAPE	2023	6	18	169	8.4	9.4	6.69873975748356	-999.9	19.1	10.7407407407407	11.4258599638502	330
NORTH_CAPE	2023	6	19	170	7.5	8.8	7.63903407281669	-999.9	0.7	7.65046296296297	10.5553270577092	330
NORTH_CAPE	2023	6	20	171	8.2	15	17.4721769047995	-999.9	0	2.99768518518519	12.3030691969777	330
NORTH_CAPE	2023	6	21	172	9.8	22.8	24.1569542580044	-999.9	0	5.489417989418	12.7522123322609	330
NORTH_CAPE	2023	6	22	173	13.6	24.3	21.9125284943058	-999.9	0	7.01388888888889	15.1829990592047	330
NORTH_CAPE	2023	6	23	174	14.9	27.4	23.6776116716768	-999.9	0	8.47222222222222	16.8952811013527	330
NORTH_CAPE	2023	6	24	175	17	28.6	22.8006038727522	-999.9	1.1	7.48842592592592	20.4849087658363	330
NORTH_CAPE	2023	6	25	176	10.7	20.3	20.7319249384272	-999.9	28.9	4.74537037037036	16.9361163666113	330
NORTH_CAPE	2023	6	26	177	9.6	13.6	13.3743551124889	-999.9	0	7.5	12.6459322493784	330
NORTH_CAPE	2023	6	27	178	12.4	22	20.7047263463058	-999.9	1.7	5.40509259259258	18.118086722735	330
NORTH_CAPE	2023	6	28	179	16.3	26.8	21.6357383278802	-999.9	1.1	4.84953703703703	23.3455886813798	330
NORTH_CAPE	2023	6	29	180	16.4	26.2	20.8826424789882	-999.9	0.2	4.01620370370369	22.383018035308	330
NORTH_CAPE	2023	6	30	181	15.9	25.7	20.8608945863319	-999.9	0	3.09027777777778	21.4696169025525	330
NORTH_CAPE	2023	7	1	182	18.9	26.1	17.8601753383818	-999.9	0	4.36342592592592	23.0232225655121	330
NORTH_CAPE	2023	7	2	183	18.2	23.5	15.3041444467629	-999.9	2.1	3.51851851851853	21.4593394411343	330
NORTH_CAPE	2023	7	3	184	16.5	20.8	13.7660402570311	-999.9	48.1	3.14814814814814	21.5262285809354	330
NORTH_CAPE	2023	7	4	185	16	21.2	15.1158355237464	-999.9	0	3.66898148148147	20.468487121214	330
NORTH_CAPE	2023	7	5	186	15.2	20.8	15.6614555372375	-999.9	0	2.10648148148148	19.3841061418084	330
NORTH_CAPE	2023	7	6	187	15.5	21.1	15.6347749635488	-999.9	0	4.20138888888889	20.1048276208249	330
NORTH_CAPE	2023	7	7	188	17.6	23.3	15.7451351460119	-999.9	0	4.02777777777778	23.1144169282834	330
NORTH_CAPE	2023	7	8	189	19.1	25	15.988145058183	-999.9	0	3.80787037037036	25.3076067819352	330
NORTH_CAPE	2023	7	9	190	18.4	22.2	12.8049732605261	-999.9	0	3.99305555555556	22.671326648283	330
NORTH_CAPE	2023	7	10	191	19.5	23	12.2627343539928	-999.9	0	5.52083333333333	24.8947487523383	330
NORTH_CAPE	2023	7	11	192	17	19.6	10.54527539905	-999.9	0.8	9.75694444444444	20.808716552845	330
NORTH_CAPE	2023	7	12	193	16.3	22.8	16.6340241821304	-999.9	0.2	3.4375	22.5040688811074	330
NORTH_CAPE	2023	7	13	194	15.9	21.7	15.6738394111952	-999.9	0	4.02777777777778	21.6067792857047	330
NORTH_CAPE	2023	7	14	195	18	23.7	15.497827233741	-999.9	0	4.31712962962964	23.155120575132	330
NORTH_CAPE	2023	7	15	196	19.5	25.6	15.9890047912214	-999.9	0	3.07870370370369	26.3643836411411	330
NORTH_CAPE	2023	7	16	197	19.2	27.4	18.4857719146521	-999.9	0	3.99305555555556	27.481674437395	330
NORTH_CAPE	2023	7	17	198	19.3	27.9	18.8757813295065	-999.9	4.6	5.43981481481481	28.2515446119041	330
NORTH_CAPE	2023	7	18	199	19.9	28.5	18.8183159425607	-999.9	1.3	4.64120370370369	28.1112922670063	330
NORTH_CAPE	2023	7	19	200	20	26	15.6687231928154	-999.9	2.2	3.02083333333333	27.755759688633	330
NORTH_CAPE	2023	7	20	201	20.2	22.9	10.4765143220995	-999.9	0	3.18287037037036	24.5104158477301	330
NORTH_CAPE	2023	7	21	202	20.1	24	12.5485782283795	-999.9	0	4.28240740740742	26.2243655069194	330
NORTH_CAPE	2023	7	22	203	19.8	23.1	11.5026172137717	-999.9	0	4.75694444444445	25.4422775808104	330
NORTH_CAPE	2023	7	23	204	19.6	25.4	15.1943175873899	-999.9	0	2.89351851851853	26.6380623640595	330
NORTH_CAPE	2023	7	24	205	20.8	27.9	16.7484160475772	-999.9	0	4.09722222222222	25.3964809245109	330
NORTH_CAPE	2023	7	25	206	20.7	30.6	19.7010425988793	-999.9	0	6.08796296296297	26.1566236311555	330
NORTH_CAPE	2023	7	26	207	19.8	26.2	15.7774985091277	-999.9	1.6	7.46527777777778	24.0727537446303	330
NORTH_CAPE	2023	7	27	208	19.8	26.3	15.8354606362081	-999.9	0	8.06712962962964	23.8403988665807	330
NORTH_CAPE	2023	7	28	209	19.8	25.1	14.2392442416552	-999.9	0	4.57175925925925	23.6997938215289	330
NORTH_CAPE	2023	7	29	210	19.2	22.2	10.666784815168	-999.9	0	8.26388888888889	19.5298902758199	330
NORTH_CAPE	2023	7	30	211	17.4	22.6	13.9812884233726	-999.9	0.2	3.53009259259258	17.8916434592578	330
NORTH_CAPE	2023	7	31	212	14.4	24.9	19.777040022795	-999.9	26.8	3.44907407407408	18.2820876849753	330
NORTH_CAPE	2023	8	1	213	17	21.7	13.1699758371708	-999.9	1	4.98842592592592	15.9275551901091	330
NORTH_CAPE	2023	8	2	214	14.3	22.7	17.5223827798794	-999.9	0	5.45138888888889	14.1039566313591	330
NORTH_CAPE	2023	8	3	215	15.2	24.8	18.6403664606037	-999.9	0	4.00462962962964	15.9841144955862	330
NORTH_CAPE	2023	8	4	216	14.3	24	18.6430778435757	-999.9	0	4.38657407407408	13.042663577449	330
NORTH_CAPE	2023	8	5	217	16.4	21.5	13.4486013919234	-999.9	7.5	3.73842592592592	20.2915027137819	330
NORTH_CAPE	2023	8	6	218	15.9	20.8	13.1128620769358	-999.9	0.2	3.44907407407408	20.2720012421797	330
NORTH_CAPE	2023	8	7	219	16.7	18.3	7.45270195324344	-999.9	0	6.85185185185186	17.7872593294172	330
NORTH_CAPE	2023	8	8	220	16.9	20.2	10.6441670969586	-999.9	0.4	6.18055555555556	20.1636563887912	330
NORTH_CAPE	2023	8	9	221	15.5	19.3	11.3577906062845	-999.9	18.2	8.87731481481481	19.9532615928391	330
NORTH_CAPE	2023	8	10	222	14.6	17.1	9.15936892461028	-999.9	0.2	9.61805555555556	18.01461671007	330
NORTH_CAPE	2023	8	11	223	14.9	17.8	9.80694917226097	-999.9	10.9	6.04166666666667	18.6079306434972	330
NORTH_CAPE	2023	8	12	224	14.8	20.5	13.6665018947957	-999.9	1.3	5.79861111111111	19.6229446256893	330
NORTH_CAPE	2023	8	13	225	14.9	21.5	14.6157901093282	-999.9	31.3	2.95138888888889	20.0463991707897	330
NORTH_CAPE	2023	8	14	226	15.8	19.3	10.5769357740029	-999.9	1.9	4.36342592592592	20.2068215990321	330
NORTH_CAPE	2023	8	15	227	16.1	18.7	9.05801220565862	-999.9	0	4.01620370370369	19.2798390140808	330
NORTH_CAPE	2023	8	16	228	15.8	19.6	10.879351803412	-999.9	0	3.57638888888889	17.8097709858372	330
NORTH_CAPE	2023	8	17	229	16.1	20.6	11.760528329663	-999.9	0	3.93518518518519	21.1166679606038	330
NORTH_CAPE	2023	8	18	230	17.9	20.8	9.3771968713948	-999.9	4.7	5.54398148148147	22.4786730215924	330
NORTH_CAPE	2023	8	19	231	15.8	26.2	17.6355098999091	-999.9	1.5	4.375	19.6335785120146	330
NORTH_CAPE	2023	8	20	232	15.3	21.7	13.7373279195218	-999.9	0	5.37037037037036	19.4230103956809	330
NORTH_CAPE	2023	8	21	233	18	20.5	8.52445411760322	-999.9	0	8.11342592592592	19.081311087473	330
NORTH_CAPE	2023	8	22	234	14.6	18.7	10.8371710095789	-999.9	1.1	4.36342592592592	13.8694013441486	330
NORTH_CAPE	2023	8	23	235	15.9	20.9	11.8789846928957	-999.9	0	5.09259259259258	15.1845623708286	330
NORTH_CAPE	2023	8	24	236	15.1	18.9	10.2777751402673	-999.9	0	3.13657407407408	12.6211055351324	330
NORTH_CAPE	2023	8	25	237	15.2	22.9	14.5180443859916	-999.9	3.2	3.48379629629631	16.86296149056	330
NORTH_CAPE	2023	8	26	238	15.6	20.3	11.2540636798601	-999.9	44	4.81481481481481	20.3425185167486	330
NORTH_CAPE	2023	8	27	239	13.8	19.1	11.855997261857	-999.9	0	3.47222222222222	18.0011883482294	330
NORTH_CAPE	2023	8	28	240	16.3	22.1	12.3025661246703	-999.9	0	5.71759259259258	17.517574373963	330
NORTH_CAPE	2023	8	29	241	16.5	25.4	15.1147136833645	-999.9	0	5.78703703703703	19.3167744516812	330
NORTH_CAPE	2023	8	30	242	17.3	20.2	8.55595735719912	-999.9	6.2	4.44444444444444	21.6131667897893	330
NORTH_CAPE	2023	8	31	243	9.7	17.6	14.0019708022364	-999.9	0.4	8.29861111111111	13.6308014137815	330
NORTH_CAPE	2023	9	1	244	14.1	18.7	10.592579126634	-999.9	0.2	5.21990740740742	13.1790234591068	330
NORTH_CAPE	2023	9	2	245	15.9	22.7	12.76631247146	-999.9	0	7.04861111111111	17.1774526340002	330
NORTH_CAPE	2023	9	3	246	16.2	24.4	13.8946325321496	-999.9	0	7.54629629629631	21.7246119091239	330
NORTH_CAPE	2023	9	4	247	16.5	20.2	9.24934405945228	-999.9	0	3.70370370370369	20.9822891644909	330
NORTH_CAPE	2023	9	5	248	17.3	19	6.21219651935471	-999.9	0	5.74074074074075	20.6654414568339	330
NORTH_CAPE	2023	9	6	249	16	18.7	7.75628767580958	-999.9	0	6.85185185185186	19.9532615928391	330
NORTH_CAPE	2023	9	7	250	16.1	17.8	6.09660958948125	-999.9	0	3.49537037037036	19.7023298547545	330
NORTH_CAPE	2023	9	8	251	15.7	22.3	11.8978463120684	-999.9	6.9	3.76157407407408	22.062217086632	330
NORTH_CAPE	2023	9	9	252	18.5	24.4	11.1402621278873	-999.9	11.7	5.18518518518519	25.116336656618	330
NORTH_CAPE	2023	9	10	253	18.1	20.4	6.88726676614259	-999.9	1.9	3.26388888888889	22.0086644038682	330
NORTH_CAPE	2023	9	11	254	16.4	18.3	6.19746341064754	-999.9	14.8	7.22222222222222	19.9532615928391	330
NORTH_CAPE	2023	9	12	255	16.1	17.8	5.80305219182866	-999.9	0	6.81712962962964	19.4544979346934	330
NORTH_CAPE	2023	9	13	256	15.9	20.3	9.24046754336218	-999.9	0.8	3.02083333333333	20.8531195326276	330
NORTH_CAPE	2023	9	14	257	17.3	22.3	9.74830394668015	-999.9	4.4	3.55324074074075	23.1880766261193	330
NORTH_CAPE	2023	9	15	258	15.7	18.4	7.08832130912362	-999.9	0	5.90277777777778	18.6682119764996	330
NORTH_CAPE	2023	9	16	259	16.1	19.9	8.31978186398296	-999.9	13.9	12.9282407407407	20.6371020766136	330
NORTH_CAPE	2023	9	17	260	14.1	17.9	8.23022948316916	-999.9	5.8	8.96990740740742	18.0334578721039	330
NORTH_CAPE	2023	9	18	261	15.5	18.5	7.2330654085107	-999.9	0	3.84259259259258	19.4253161877914	330
NORTH_CAPE	2023	9	19	262	13.5	21.5	11.6812753497764	-999.9	18.6	7.84722222222222	19.9904476126156	330
NORTH_CAPE	2023	9	20	263	13.3	15.8	6.4571513368231	-999.9	0	8.02083333333333	15.7764597414636	330
NORTH_CAPE	2023	9	21	264	11	13.8	6.75644434734736	-999.9	0	9.47916666666667	11.8970927009348	330
NORTH_CAPE	2023	9	22	265	12	16.4	8.37291477966456	-999.9	0	4.69907407407408	11.3609645410518	330
NORTH_CAPE	2023	9	23	266	13.5	17.9	8.27620340989526	-999.9	0	8.36805555555556	16.6247864907986	330
NORTH_CAPE	2023	9	24	267	14.4	18.3	7.7007923495115	-999.9	0	5.20833333333333	15.0181506901892	330
NORTH_CAPE	2023	9	25	268	11.5	15	7.20907824519506	-999.9	0	8.4375	12.6578145313527	330
NORTH_CAPE	2023	9	26	269	10.7	15.5	8.3416855627296	-999.9	0	3.62268518518519	10.8347678909223	330
NORTH_CAPE	2023	9	27	270	11.3	16.4	8.49476245491888	-999.9	0	3.17129629629631	14.2581492127532	330
NORTH_CAPE	2023	9	28	271	9.6	16.6	9.83092204838724	-999.9	0	4.18981481481481	13.3448014302629	330
NORTH_CAPE	2023	9	29	272	8.6	19.2	11.9487941100101	-999.9	0	3.10185185185186	14.437454961189	330
NORTH_CAPE	2023	9	30	273	11.6	17.1	8.50013827656912	-999.9	0.4	2.89351851851853	16.4598866663384	330
NORTH_CAPE	2023	10	1	274	14.2	18.3	7.2470035658598	-999.9	0	4.66435185185186	17.6387675891484	330
NORTH_CAPE	2023	10	2	275	15.3	19	6.79733350157792	-999.9	0	5.50925925925925	13.8923306907417	330
NORTH_CAPE	2023	10	3	276	12.8	19	8.68670210315421	-999.9	0	9.56018518518519	15.9772930410375	330
NORTH_CAPE	2023	10	4	277	12.3	15.8	6.44266662696836	-999.9	0.5	3.48379629629631	11.6644924173687	330
NORTH_CAPE	2023	10	5	278	14.4	22.9	9.9098229033111	-999.9	0	5.04629629629631	19.6257198021627	330
NORTH_CAPE	2023	10	6	279	14.8	23.5	9.89450807521456	-999.9	0	6.11111111111111	19.8229986145201	330
NORTH_CAPE	2023	10	7	280	15.7	18.9	5.92164357416385	-999.9	0	5.35879629629631	19.8077035117014	330
NORTH_CAPE	2023	10	8	281	9.7	16.5	8.51746234392265	-999.9	5.2	11.875	14.934068897383	330
NORTH_CAPE	2023	10	9	282	9.1	17.4	9.28411323736626	-999.9	1.6	4.24768518518519	13.6769492291902	330
NORTH_CAPE	2023	10	10	283	10.5	15	6.74391026583057	-999.9	2.8	4.02777777777778	13.3352438672709	330
NORTH_CAPE	2023	10	11	284	10.3	15.5	7.15107520671541	-999.9	0	3.96990740740742	13.7813925753734	330
NORTH_CAPE	2023	10	12	285	10.7	15.9	7.0533762878069	-999.9	0	2.56944444444444	13.7529444582857	330
NORTH_CAPE	2023	10	13	286	10.5	13.4	5.19497289626696	-999.9	18.1	5.87962962962964	13.9598606780416	330
NORTH_CAPE	2023	10	14	287	9.3	12.6	5.46506183364029	-999.9	6.1	13.0208333333333	12.3065824005372	330
NORTH_CAPE	2023	10	15	288	9.2	12.7	5.54999610519749	-999.9	1.7	7.47685185185186	12.792383529114	330
NORTH_CAPE	2023	10	16	289	10	12.6	4.71665914055324	-999.9	1.4	12.0486111111111	12.5932873722777	330
NORTH_CAPE	2023	10	17	290	5.4	10.3	6.38418728409987	-999.9	1	6.11111111111111	8.19976556670495	330
NORTH_CAPE	2023	10	18	291	6.4	12.6	7.08004238113422	-999.9	0.2	4.88425925925925	8.25618924822481	330
NORTH_CAPE	2023	10	19	292	10.5	14.3	5.46435726863038	-999.9	0	8.27546296296297	12.583810963166	330
NORTH_CAPE	2023	10	20	293	11.4	16.7	6.36164755457054	-999.9	0	5.99537037037036	13.7645049010496	330
NORTH_CAPE	2023	10	21	294	11.4	13.4	3.85221500587413	-999.9	11.8	8.03240740740742	14.4572265732879	330
NORTH_CAPE	2023	10	22	295	9	11.7	4.41187485766765	-999.9	11.4	15.150462962963	11.8872521308552	330
NORTH_CAPE	2023	10	23	296	5	9.6	5.67610600021013	-999.9	0.4	8.57638888888889	8.21540712243003	330
NORTH_CAPE	2023	10	24	297	3.6	11.8	7.46957598647472	-999.9	0	6.93287037037036	8.33752280394685	330
NORTH_CAPE	2023	10	25	298	8.5	13.8	5.91880915692992	-999.9	0.7	7.17592592592592	12.4989188380628	330
NORTH_CAPE	2023	10	26	299	10.8	13.2	3.92556540989686	-999.9	0.2	3.96825396825397	12.44850302504	330
NORTH_CAPE	2023	10	27	300	11	14	4.32566839613575	-999.9	2.7	4.71064814814814	13.3822436273426	330
NORTH_CAPE	2023	10	28	301	8.1	18.8	8.05154795616685	-999.9	0	8.77314814814814	12.6761605543206	330
NORTH_CAPE	2023	10	29	302	4.1	8.3	4.97174843558972	-999.9	0	11.1574074074074	6.26025793155626	330
NORTH_CAPE	2023	10	30	303	1	4.5	4.47322714382423	-999.9	6.6	3.46064814814814	5.82526044480342	330
NORTH_CAPE	2023	10	31	304	3.6	6.4	3.94345805204328	-999.9	0.2	8.78472222222222	6.28938016587285	330
NORTH_CAPE	2023	11	1	305	2	4.6	3.74548925238264	-999.9	0.6	6.46990740740742	4.86257604435401	330
NORTH_CAPE	2023	11	2	306	1	5.6	4.91066728814965	-999.9	4.8	9.43287037037036	4.86257604435401	330
NORTH_CAPE	2023	11	3	307	4.5	9.1	4.84060926306412	-999.9	0	8.81944444444445	6.17712059964401	330
NORTH_CAPE	2023	11	4	308	7.4	11.2	4.3370667178879	-999.9	0	8.85416666666667	8.28303701391509	330
NORTH_CAPE	2023	11	5	309	2.4	7.5	4.95336399661033	-999.9	0	7.14120370370369	5.74184271672547	330
NORTH_CAPE	2023	11	6	310	-0.6	4.3	4.78691584178514	-999.9	0	6.41203703703703	3.93370815549048	330
NORTH_CAPE	2023	11	7	311	1	10	6.39672302420416	-999.9	2.1	5.54398148148147	6.23615609817502	330
NORTH_CAPE	2023	11	8	312	3.2	8	4.6065489589657	-999.9	0.2	12.962962962963	7.14732250611455	330
NORTH_CAPE	2023	11	9	313	4.1	6.3	3.07559988617371	-999.9	3.5	11.2384259259259	7.27338632835789	330
NORTH_CAPE	2023	11	10	314	3.1	5.8	3.36056996782366	-999.9	2.6	9.01620370370369	6.72763371428324	330
NORTH_CAPE	2023	11	11	315	1.1	4.4	3.66483416999015	-999.9	13.2	5.82175925925925	5.93927280553342	330
NORTH_CAPE	2023	11	12	316	1.5	4.4	3.38938632536148	-999.9	0.2	9.09722222222222	5.18654035474429	330
NORTH_CAPE	2023	11	13	317	1.1	2.7	2.48410510908531	-999.9	0	4.88425925925925	5.15552201694576	330
NORTH_CAPE	2023	11	14	318	1.7	3.1	2.29313664070041	-999.9	1.7	6.41203703703703	5.72269918678896	330
NORTH_CAPE	2023	11	15	319	-0.8	4.4	4.36210873937786	-999.9	0	5.54398148148147	5.31094276507375	330
NORTH_CAPE	2023	11	16	320	3.3	7.7	3.96121127886924	-999.9	0	9.93055555555556	6.70103318912989	330
NORTH_CAPE	2023	11	17	321	0.2	12.1	6.43228100871708	-999.9	0	5.54398148148147	6.09108344048363	330
NORTH_CAPE	2023	11	18	322	4.1	12.9	5.46274387625364	-999.9	25.9	8.44907407407408	9.84378566622577	330
NORTH_CAPE	2023	11	19	323	1.5	4.6	3.20273931606921	-999.9	0	10.8101851851852	5.49619178993284	330
NORTH_CAPE	2023	11	20	324	-0.3	3.3	3.41005742749086	-999.9	0	9.68599033816425	4.3267013780661	330
NORTH_CAPE	2023	11	21	325	-1.5	2.8	3.68313843212603	-999.9	1.2	8.64583333333333	4.01975726563496	330
NORTH_CAPE	2023	11	22	326	-2.1	4.2	4.4069322025128	-999.9	1.5	4.38657407407408	4.16737765360844	330
NORTH_CAPE	2023	11	23	327	3.1	5.7	2.79929841035165	-999.9	2.8	9.90740740740742	7.69022438620202	330
NORTH_CAPE	2023	11	24	328	-5.1	4.2	5.23624323628044	-999.9	0.2	11.5046296296296	4.21916725390827	330
NORTH_CAPE	2023	11	25	329	-5.5	-1.2	3.5225160981901	-999.9	0	11.8055555555556	3.18906726467094	330
NORTH_CAPE	2023	11	26	330	-3.8	3.7	4.60383350742559	-999.9	0	7.36111111111111	4.2905520693767	330
NORTH_CAPE	2023	11	27	331	0.9	8.2	4.49630306725192	-999.9	6.5	9.62962962962964	7.12422113360575	330
NORTH_CAPE	2023	11	28	332	-1	4.6	3.89971955267631	-999.9	0	10.2893518518519	4.91495141855509	330
NORTH_CAPE	2023	11	29	333	-3.7	-0.7	2.82741972205716	-999.9	0	12.3958333333333	3.21241800915069	330
NORTH_CAPE	2023	11	30	334	-6.7	1.9	4.74372167988333	-999.9	0	5.54398148148147	3.4161025851604	330
NORTH_CAPE	2023	12	1	335	1.2	6	3.51306182224077	-999.9	0	5.54398148148147	6.54834224558391	330
NORTH_CAPE	2023	12	2	336	1	4.3	2.88853055933428	-999.9	1.3	7.28009259259258	6.02051769650194	330
NORTH_CAPE	2023	12	3	337	0.2	1.4	1.72794409178079	-999.9	0	6.06481481481481	4.51993633980639	330
NORTH_CAPE	2023	12	4	338	-1.8	0.9	2.57222372124077	-999.9	1.2	10.4166666666667	4.8859323096168	330
NORTH_CAPE	2023	12	5	339	-2.8	-0.1	2.55369830472427	-999.9	0.2	8.46064814814814	3.86470935847129	330
NORTH_CAPE	2023	12	6	340	-3.7	0.6	3.2008107836785	-999.9	0	8.00925925925925	4.00392621902865	330
NORTH_CAPE	2023	12	7	341	-2.2	0.7	2.61182479525399	-999.9	0	9.40972222222222	4.13979882100928	330
NORTH_CAPE	2023	12	8	342	-2.2	1.6	2.97194723742467	-999.9	0	12.8819444444444	4.2635996277007	330
NORTH_CAPE	2023	12	9	343	-3	1.9	3.35614068611432	-999.9	0	5.21990740740742	4.50428211710628	330
NORTH_CAPE	2023	12	10	344	1.2	10.5	4.60011127462735	-999.9	2.7	4.64120370370369	7.0850459472863	330
NORTH_CAPE	2023	12	11	345	3	15.9	5.39264103286018	-999.9	10.5	7.8125	10.8209541742321	330
NORTH_CAPE	2023	12	12	346	-1.2	3.1	3.10040627209458	-999.9	0	12.6736111111111	4.51685829765107	330
NORTH_CAPE	2023	12	13	347	-5.1	3	4.23940748867025	-999.9	0.2	11.2962962962963	3.8280216184523	330
NORTH_CAPE	2023	12	14	348	-5.7	-1.7	2.96943506528496	-999.9	0	13.2638888888889	3.08714823808031	330
NORTH_CAPE	2023	12	15	349	-2.2	3.5	3.5348211165638	-999.9	0	13.75	4.61924913377998	330
NORTH_CAPE	2023	12	16	350	-4.4	3.4	4.12544005659711	-999.9	0	11.8402777777778	3.59529272717607	330
NORTH_CAPE	2023	12	17	351	-4.7	3.8	4.29866606313457	-999.9	0	4.83796296296297	4.0292923979463	330
NORTH_CAPE	2023	12	18	352	3.4	10.9	4.03241902049444	-999.9	4.6	7.46527777777778	9.30228612657053	330
NORTH_CAPE	2023	12	19	353	5	14.7	4.58186287763507	-999.9	0.2	6.36574074074075	10.3230487839387	330
NORTH_CAPE	2023	12	20	354	0.2	5.1	3.25526601276883	-999.9	0	7.67361111111111	6.22800901615266	330
NORTH_CAPE	2023	12	21	355	-5.5	0.6	3.63242709648375	-999.9	0.3	17.0023148148148	3.4334458200316	330
NORTH_CAPE	2023	12	22	356	-5.4	-2.2	2.63246031848128	-999.9	0	13.9351851851852	3.17422330316691	330
NORTH_CAPE	2023	12	23	357	-4.2	0.3	3.12506420491892	-999.9	0	7.39583333333333	3.18205410101176	330
NORTH_CAPE	2023	12	24	358	-0.6	2.5	2.59782407167524	-999.9	0	9.36342592592592	4.59658373321522	330
NORTH_CAPE	2023	12	25	359	0.8	4.9	2.99368736697756	-999.9	0	5.99537037037036	6.00530203794618	330
NORTH_CAPE	2023	12	26	360	2.3	4.3	2.09615468801428	-999.9	0	8.34490740740742	6.75447771650773	330
NORTH_CAPE	2023	12	27	361	-2.6	2.3	3.29084055410383	-999.9	0	4.65277777777778	3.86657443885249	330
NORTH_CAPE	2023	12	28	362	0.2	2	2.00147585123984	-999.9	0	4.46759259259258	4.96485590227239	330
NORTH_CAPE	2023	12	29	363	0	1.7	1.95274974034927	-999.9	1.8	10.6597222222222	5.50359155044771	330
NORTH_CAPE	2023	12	30	364	0.1	1.5	1.77989553936141	-999.9	3	5.23148148148147	6.07806787181399	330
NORTH_CAPE	2023	12	31	365	-2.3	0.7	2.61816605376076	-999.9	0.2	9.69907407407408	4.68984202100352	330
