ST._PETERS	2009	1	1	1	-6.2	-1.8	3.31157696509081	-999.9	18.3	11.3310185185185	4.40779635052259	330
ST._PETERS	2009	1	2	2	-11.6	-5.7	3.85605318761204	-999.9	1.7	8.36805555555556	2.93844200934661	330
ST._PETERS	2009	1	3	3	-12.5	-7.4	3.6065561140889	-999.9	0.6	4.00462962962964	2.15560700439527	330
ST._PETERS	2009	1	4	4	-10.9	-0.1	5.28188284801271	-999.9	1.7	7.17592592592592	3.59730323130369	330
ST._PETERS	2009	1	5	5	-7.1	0	4.31171862983405	-999.9	0	5.96064814814814	3.85165566255426	330
ST._PETERS	2009	1	6	6	-9.6	-5.5	3.30011281962899	-999.9	0	8.34490740740742	2.25058652034763	330
ST._PETERS	2009	1	7	7	-12.6	-3.4	4.9809672746928	-999.9	5.5	3.51449275362319	2.48303165667897	330
ST._PETERS	2009	1	8	8	-5.6	7.1	5.89885486810719	-999.9	7.5	7.1875	5.63637145491445	330
ST._PETERS	2009	1	9	9	-8.7	-3.1	3.94970644001082	-999.9	0.2	4.65277777777778	3.14816380940522	330
ST._PETERS	2009	1	10	10	-11.8	-3.3	4.90839701495031	-999.9	0	6.00694444444445	2.76116302528511	330
ST._PETERS	2009	1	11	11	-14.1	-4.6	5.23602081835852	-999.9	2.1	2.65046296296296	2.56289116136549	330
ST._PETERS	2009	1	12	12	-14.7	-4.1	5.58273635274544	-999.9	0	2.95138888888889	2.59808535092814	330
ST._PETERS	2009	1	13	13	-14.3	-0.3	6.47818540565515	-999.9	0.2	3.48379629629631	2.93845158685824	330
ST._PETERS	2009	1	14	14	-15.7	0.9	7.12482657158296	-999.9	9.9	6.40046296296297	3.09064628862052	330
ST._PETERS	2009	1	15	15	-19.3	-14.7	3.78931676064764	-999.9	0	5.74074074074075	1.11188445250034	330
ST._PETERS	2009	1	16	16	-22.4	-17.3	4.03231757343954	-999.9	0.2	4.39814814814814	0.858325798213921	330
ST._PETERS	2009	1	17	17	-23.6	-19.3	3.74293629707344	-999.9	0	4.75694444444445	0.682086039098627	330
ST._PETERS	2009	1	18	18	-23.6	-4.4	7.99748250864009	-999.9	5.6	2.71990740740741	1.46559474593012	330
ST._PETERS	2009	1	19	19	-4.4	7.8	6.44789496161746	-999.9	1.8	7.53472222222222	6.44676907801783	330
ST._PETERS	2009	1	20	20	-8.6	-3.7	4.13406471394594	-999.9	0	2.63888888888889	3.27980676055553	330
ST._PETERS	2009	1	21	21	-12.2	-7.3	4.18330243611839	-999.9	0	2.87037037037036	2.32388327578302	330
ST._PETERS	2009	1	22	22	-12.4	-3.4	5.73826033255597	-999.9	0.2	4.42129629629631	2.67368170372588	330
ST._PETERS	2009	1	23	23	-14.9	-8.1	5.04942577401829	-999.9	0	5.98379629629631	1.66957734297511	330
ST._PETERS	2009	1	24	24	-15.5	2	8.20202157786315	-999.9	3.2	7.43055555555556	2.98308496817676	330
ST._PETERS	2009	1	25	25	-19.1	-11.9	5.32798938313558	-999.9	0	6.96759259259258	1.20932773386868	330
ST._PETERS	2009	1	26	26	-20.7	-17.9	3.36548242178735	-999.9	0.2	5.10416666666667	0.873592200994679	330
ST._PETERS	2009	1	27	27	-20.7	-12.9	5.69059897055401	-999.9	0	4.67592592592592	1.12241803087601	330
ST._PETERS	2009	1	28	28	-18.4	-5.3	7.47231359500619	-999.9	11.4	3.53009259259258	1.70345662858813	330
ST._PETERS	2009	1	29	29	-9.5	3.9	7.65847499386818	-999.9	7.5	8.88888888888889	4.31748262469914	330
ST._PETERS	2009	1	30	30	-12.1	-3.8	6.10880796494412	-999.9	0	2.70833333333333	2.74274769619607	330
ST._PETERS	2009	1	31	31	-8.9	-0.9	6.079144565578	-999.9	1.2	2.74305555555556	3.54428448464781	330
ST._PETERS	2009	2	1	32	-9.2	-3.4	5.24734460897804	-999.9	0.6	4.56018518518519	3.28517786045758	330
ST._PETERS	2009	2	2	33	-6.3	4.1	7.12383836982042	-999.9	0.2	3.63425925925925	4.54076053878066	330
ST._PETERS	2009	2	3	34	-6.2	0.9	5.96812295848301	-999.9	22.3	4.50231481481481	4.50278528253246	330
ST._PETERS	2009	2	4	35	-11.3	-5.6	5.4224109501125	-999.9	0	5.25462962962964	3.0494164689915	330
ST._PETERS	2009	2	5	36	-12.4	-8.4	4.60640936055708	-999.9	0.2	3.91203703703703	2.41134825204901	330
ST._PETERS	2009	2	6	37	-16.6	-9.4	6.26763135613587	-999.9	0	4.08564814814814	1.76059455101589	330
ST._PETERS	2009	2	7	38	-16.1	-0.3	9.41658951373218	-999.9	0	4.01620370370369	2.39532677233691	330
ST._PETERS	2009	2	8	39	-7.3	3.4	7.85967038246155	-999.9	3.6	6.50462962962964	4.85504507289223	330
ST._PETERS	2009	2	9	40	-12.5	-7.3	5.55747131839711	-999.9	0.3	8.47222222222222	2.41075060434195	330
ST._PETERS	2009	2	10	41	-12.1	-8.5	4.69031606380156	-999.9	0	5.47453703703703	2.01373479724674	330
ST._PETERS	2009	2	11	42	-9.1	0.6	7.80945524179962	-999.9	1.5	3.44907407407408	3.5744929122983	330
ST._PETERS	2009	2	12	43	-0.4	1.6	3.59699000587717	-999.9	17.8	3.20601851851853	6.19122746959591	330
ST._PETERS	2009	2	13	44	-13.6	-0.4	9.37351856027155	-999.9	0.6	9.1087962962963	3.07993653428457	330
ST._PETERS	2009	2	14	45	-13.8	-5.4	7.58482725567666	-999.9	0	3.02083333333333	2.40286572427644	330
ST._PETERS	2009	2	15	46	-12.7	0.2	9.53426363581928	-999.9	0.4	4.60648148148147	3.51538010469402	330
ST._PETERS	2009	2	16	47	-6.1	1.2	7.2749985675946	-999.9	0	1.74768518518519	4.18271607957973	330
ST._PETERS	2009	2	17	48	-9.9	-3.1	7.12188908610375	-999.9	0.2	1.74768518518519	3.25883330059063	330
ST._PETERS	2009	2	18	49	-11.6	-4.8	7.22356888604235	-999.9	0	4.21296296296297	2.75428064023754	330
ST._PETERS	2009	2	19	50	-14.3	0.3	10.7353228132545	-999.9	5.6	2.85879629629631	3.14508029767573	330
ST._PETERS	2009	2	20	51	-4.5	4.6	8.5957318544163	-999.9	1.2	5.67129629629631	5.14672758592404	330
ST._PETERS	2009	2	21	52	-7.6	-0.6	7.6456495488291	-999.9	0	6.74768518518519	3.43788852037857	330
ST._PETERS	2009	2	22	53	-9.1	0.6	9.12707911622089	-999.9	0	3.68055555555556	2.96975048830197	330
ST._PETERS	2009	2	23	54	-4.8	1.9	7.69199608529927	-999.9	13.1	6.18055555555556	5.01207428412685	330
ST._PETERS	2009	2	24	55	-6.2	-3.5	4.95121980521644	-999.9	0.8	8.04398148148147	3.85016352697566	330
ST._PETERS	2009	2	25	56	-10	-3.1	8.02517369847276	-999.9	0.03	4.14251207729469	3.00447569478272	330
ST._PETERS	2009	2	26	57	-10.3	2.5	11.0816230434608	-999.9	0.3	3.13657407407408	3.52442528812643	330
ST._PETERS	2009	2	27	58	-1.3	7.4	9.26176031160261	-999.9	0	5.06944444444445	5.78120716971186	330
ST._PETERS	2009	2	28	59	-8.6	7.8	12.8901088169539	-999.9	5.3	6.45833333333333	5.26597686649091	330
ST._PETERS	2009	3	1	60	-9.9	-4.2	7.70258214927033	-999.9	3.4	4.44444444444444	2.994661706013	330
ST._PETERS	2009	3	2	61	-4.2	7.4	11.1366358414137	-999.9	40.4	1.84027777777778	6.71933939154256	330
ST._PETERS	2009	3	3	62	-8.6	5	12.2202725272353	-999.9	1.5	3.35648148148147	5.12225280162373	330
ST._PETERS	2009	3	4	63	-12.8	-8.1	7.27956777031572	-999.9	0.6	3.90046296296297	2.23557955570945	330
ST._PETERS	2009	3	5	64	-15.1	-5.8	10.375302563329	-999.9	0	4.75694444444445	2.20331345902911	330
ST._PETERS	2009	3	6	65	-13.2	2.6	13.7008192780563	-999.9	11.4	3.66898148148147	3.27627684087483	330
ST._PETERS	2009	3	7	66	-0.9	4.8	8.33621524784329	-999.9	0.2	5.75231481481481	6.00180556176436	330
ST._PETERS	2009	3	8	67	-2.6	1.3	6.98442880537744	-999.9	5.1	1.93287037037037	5.27103282611167	330
ST._PETERS	2009	3	9	68	-13.2	-0.8	12.6133080565524	-999.9	0.4	3.07870370370369	3.16477492381725	330
ST._PETERS	2009	3	10	69	-11.7	-1.2	11.7539484294897	-999.9	0	1.78240740740741	3.17067162675823	330
ST._PETERS	2009	3	11	70	-8.2	4.4	13.0375435747758	-999.9	4.8	5.02314814814814	4.28798479206271	330
ST._PETERS	2009	3	12	71	-11.3	4.5	14.7812058939473	-999.9	0.2	9.36342592592592	2.97208328723702	330
ST._PETERS	2009	3	13	72	-12.7	-8.2	7.98558930037304	-999.9	0	7.44212962962964	1.52687778933764	330
ST._PETERS	2009	3	14	73	-10.9	2.1	13.7385063799434	-999.9	0	5.18518518518519	3.08228393852671	330
ST._PETERS	2009	3	15	74	-8.5	-1	10.5611830540122	-999.9	0	3.39120370370369	3.00854477948588	330
ST._PETERS	2009	3	16	75	-9	-4.6	8.18594109972583	-999.9	0.03	4.26328502415458	2.44816713759377	330
ST._PETERS	2009	3	17	76	-10	-0.8	11.9768360133065	-999.9	0	2.66203703703704	2.9980815500106	330
ST._PETERS	2009	3	18	77	-5.4	6.5	13.7807398870441	-999.9	0.3	5.39351851851853	3.9529838891294	330
ST._PETERS	2009	3	19	78	-3.7	5.5	12.2571136530058	-999.9	0.5	5.05787037037036	5.1503978128459	330
ST._PETERS	2009	3	20	79	-8.6	-3.3	9.40960365652307	-999.9	0.2	3.37962962962964	2.64168757304464	330
ST._PETERS	2009	3	21	80	-9.5	-2.1	11.2442817970161	-999.9	0	3.125	2.86998700347401	330
ST._PETERS	2009	3	22	81	-11.1	3.7	16.0794841442928	-999.9	0.2	2.56944444444444	3.39858816121577	330
ST._PETERS	2009	3	23	82	-3.4	-1.3	6.12376930978907	-999.9	2.5	3.83101851851853	4.68132576484943	330
ST._PETERS	2009	3	24	83	-3.6	-1.4	6.33622516879948	-999.9	1.5	7.26851851851853	4.51052181813204	330
ST._PETERS	2009	3	25	84	-5.5	-1.9	8.19261305863721	-999.9	0	6.50462962962964	3.95139402478123	330
ST._PETERS	2009	3	26	85	-5.9	-0.1	10.509418291781	-999.9	0	4.13043478260869	4.38300976182664	330
ST._PETERS	2009	3	27	86	-4.5	0.6	9.95828525646708	-999.9	0.2	1.53935185185185	4.82853891234869	330
ST._PETERS	2009	3	28	87	-0.7	9.6	14.2986147983692	-999.9	0	3.07870370370369	6.26027891937869	330
ST._PETERS	2009	3	29	88	-1.7	6.4	12.8095727025153	-999.9	0	3.04347826086956	5.92711433472501	330
ST._PETERS	2009	3	30	89	-1.9	2.1	9.09242342089809	-999.9	15.1	5.53240740740742	5.66191553246298	330
ST._PETERS	2009	3	31	90	-5.3	1.3	11.7955925765039	-999.9	2.9	6.256038647343	5.04999980442626	330
ST._PETERS	2009	4	1	91	-8.1	2.5	15.095217857877	-999.9	0.2	1.70289855072464	4.02079258982086	330
ST._PETERS	2009	4	2	92	-1.1	7.5	13.7282373867911	-999.9	0	4.53703703703703	6.31765015400014	330
ST._PETERS	2009	4	3	93	1.9	11.2	14.4120755239139	-999.9	3.8	3.95833333333333	8.95150872436954	330
ST._PETERS	2009	4	4	94	2.5	12.4	15.0093722277214	-999.9	17.9	6.15740740740742	9.7643547315938	330
ST._PETERS	2009	4	5	95	1.7	5.1	8.87737653326006	-999.9	1.8	3.17129629629631	7.28523486994126	330
ST._PETERS	2009	4	6	96	-0.8	1.9	7.98302912551448	-999.9	0.2	3.62268518518519	6.26868458634236	330
ST._PETERS	2009	4	7	97	-0.2	9.6	15.3454617003105	-999.9	8.1	6.51620370370369	8.26088915616609	330
ST._PETERS	2009	4	8	98	1.8	9.2	13.4525425677183	-999.9	0	4.27083333333333	7.05630511229865	330
ST._PETERS	2009	4	9	99	1.4	10	14.6285041186434	-999.9	0	4.93055555555556	6.21983165502553	330
ST._PETERS	2009	4	10	100	-1.9	6.8	14.8392919577956	-999.9	0	2.78935185185186	5.18814448344584	330
ST._PETERS	2009	4	11	101	-2.1	8	16.1234471566943	-999.9	7.9	1.90972222222222	6.25734933729803	330
ST._PETERS	2009	4	12	102	-0.4	3	9.43237931698301	-999.9	16.7	3.96990740740742	6.60710006303882	330
ST._PETERS	2009	4	13	103	-0.9	4.7	12.203979603953	-999.9	1.2	6.35416666666667	6.25231680325845	330
ST._PETERS	2009	4	14	104	-0.9	2.4	9.44346386748407	-999.9	0	6.16898148148147	5.42500752535515	330
ST._PETERS	2009	4	15	105	-1.5	2.4	10.347012026139	-999.9	0	4.59490740740742	4.51848217505246	330
ST._PETERS	2009	4	16	106	-4.9	0.4	12.1554340008401	-999.9	0	5.24305555555556	3.53439470247895	330
ST._PETERS	2009	4	17	107	-4.5	3.8	15.3272149050696	-999.9	0.6	3.02083333333333	4.0190332877275	330
ST._PETERS	2009	4	18	108	-4.6	0.8	12.4553154631137	-999.9	0.2	3.47222222222222	4.30578649332711	330
ST._PETERS	2009	4	19	109	-5.1	1.8	14.18267813709	-999.9	0.2	2.91666666666667	4.09198112750868	330
ST._PETERS	2009	4	20	110	-4.6	4.4	16.3144796696526	-999.9	0	2.55787037037037	3.89450110912654	330
ST._PETERS	2009	4	21	111	-1.5	11.6	19.8220487925781	-999.9	3.2	4.50231481481481	5.64599874383269	330
ST._PETERS	2009	4	22	112	4.3	14.1	17.2635353288149	-999.9	6.3	7.10648148148147	11.089966922559	330
ST._PETERS	2009	4	23	113	6.2	12.9	14.3714648559463	-999.9	2	7.91666666666667	9.54715359372984	330
ST._PETERS	2009	4	24	114	3.5	9.6	13.8044422990375	-999.9	0.2	5.85648148148147	7.10003493809903	330
ST._PETERS	2009	4	25	115	1.9	24.1	26.5072318723625	-999.9	0	4.00462962962964	7.63766836386889	330
ST._PETERS	2009	4	26	116	-0.4	15.4	22.5057899217772	-999.9	0	5.34722222222222	7.59546207686394	330
ST._PETERS	2009	4	27	117	-2.2	12.9	22.1399259421371	-999.9	0.2	2.40740740740741	5.23963763085271	330
ST._PETERS	2009	4	28	118	4.1	26.4	27.0711373952298	-999.9	7.3	6.77083333333333	11.5491653703705	330
ST._PETERS	2009	4	29	119	1.1	5.2	11.6776930187971	-999.9	0.2	6.84027777777778	5.143545110105	330
ST._PETERS	2009	4	30	120	1.1	8.1	15.3486484880763	-999.9	0	3.22222222222222	4.88334899160316	330
ST._PETERS	2009	5	1	121	3.1	13.2	18.543128495859	-999.9	2.5	6.57407407407408	8.23042527905	330
ST._PETERS	2009	5	2	122	4.2	14.6	18.9228116210794	-999.9	2.3	3.83101851851853	10.3966030301446	330
ST._PETERS	2009	5	3	123	3.1	18.3	23.002932646498	-999.9	0.2	2.95138888888889	8.17145776165492	330
ST._PETERS	2009	5	4	124	4.2	20.6	24.022697056462	-999.9	0	3.78472222222222	9.53574569396448	330
ST._PETERS	2009	5	5	125	2.6	8.6	14.6069710153881	-999.9	1.3	2.83564814814814	5.05412368909485	330
ST._PETERS	2009	5	6	126	2.6	12.6	18.9546506089486	-999.9	10.9	3.72685185185186	9.81817743010003	330
ST._PETERS	2009	5	7	127	3	8.6	14.2556767772519	-999.9	6.4	3.42995169082125	8.75010221281791	330
ST._PETERS	2009	5	8	128	4.6	15	19.522507606176	-999.9	1.9	3.88888888888889	11.6226128525458	330
ST._PETERS	2009	5	9	129	6.6	16.9	19.5213553410869	-999.9	1.2	3.31018518518519	11.9282394969364	330
ST._PETERS	2009	5	10	130	1.2	13.2	21.1690794908019	-999.9	20.1	5.06944444444445	9.73597093680406	330
ST._PETERS	2009	5	11	131	0.3	8.9	18.0023166186702	-999.9	0	2.59259259259259	6.94673680043172	330
ST._PETERS	2009	5	12	132	-1.2	10.8	21.3592344152496	-999.9	0	2.37268518518519	6.14461585588866	330
ST._PETERS	2009	5	13	133	1.1	18	25.456729773896	-999.9	0	2.31481481481481	6.99657824915036	330
ST._PETERS	2009	5	14	134	6.3	22	24.6389296483754	-999.9	0	5.96064814814814	7.41138652827111	330
ST._PETERS	2009	5	15	135	6.1	18.4	21.8970747704472	-999.9	5.88	6.95601851851853	10.5384803676362	330
ST._PETERS	2009	5	16	136	5.6	11.8	15.6077369207723	-999.9	0.16	3.69212962962964	7.37491572007565	330
ST._PETERS	2009	5	17	137	9.6	20.6	20.8689315330158	-999.9	7.36	6.73611111111111	14.6541154154674	330
ST._PETERS	2009	5	18	138	3	9.6	16.2250136900327	-999.9	18.47	2.96296296296297	8.43678320386946	330
ST._PETERS	2009	5	19	139	3.2	11.5	18.2604319776485	-999.9	3.42	2.89351851851853	9.10329567754053	330
ST._PETERS	2009	5	20	140	3.4	9.7	15.9643427510221	-999.9	0.12	3.52657004830917	6.95339934901211	330
ST._PETERS	2009	5	21	141	5.1	28	30.5391783975026	-999.9	0	5.03472222222222	10.1234775623102	330
ST._PETERS	2009	5	22	142	4.3	20.9	26.0857157122542	-999.9	0	4.07407407407408	9.25897215479046	330
ST._PETERS	2009	5	23	143	3.7	11.1	17.4712562093127	-999.9	0.9	2.78935185185186	6.91902170285381	330
ST._PETERS	2009	5	24	144	6.3	20	23.8439802281131	-999.9	0	4.81481481481481	10.7407332934046	330
ST._PETERS	2009	5	25	145	5.2	14.4	19.5962690348615	-999.9	1	4.73379629629631	9.25044415869869	330
ST._PETERS	2009	5	26	146	-0.7	9.3	20.4876182327768	-999.9	0	5.53240740740742	5.72129770600754	330
ST._PETERS	2009	5	27	147	-0.3	11.3	22.1250167319301	-999.9	0.2	2.36111111111111	5.96403292298193	330
ST._PETERS	2009	5	28	148	5.7	12.2	16.6044974652778	-999.9	0.4	2.03703703703704	9.83183580974948	330
ST._PETERS	2009	5	29	149	4.7	14.3	20.2288211493121	-999.9	1.2	4.83796296296297	9.6719617727399	330
ST._PETERS	2009	5	30	150	9.1	21.4	22.9511797578511	-999.9	1.5	3.35648148148147	15.7964654813883	330
ST._PETERS	2009	5	31	151	12.4	22.7	21.0494285773339	-999.9	0	3.35648148148147	13.7490581963415	330
ST._PETERS	2009	6	1	152	8.2	13.7	15.4143123101551	-999.9	14.9	6.58564814814814	10.0934843606369	330
ST._PETERS	2009	6	2	153	7.7	18.1	21.2389277439239	-999.9	0	4.21296296296297	9.5112772606913	330
ST._PETERS	2009	6	3	154	6.5	19.2	23.5148928675979	-999.9	0.2	2.21064814814815	9.10044983974521	330
ST._PETERS	2009	6	4	155	7.5	21.2	24.4668965399923	-999.9	0	1.90476190476191	10.1884078812416	330
ST._PETERS	2009	6	5	156	14.3	22.7	19.19057744154	-999.9	0	4.65277777777778	10.0995210302438	330
ST._PETERS	2009	6	6	157	10.2	19.1	19.7845256830914	-999.9	0	2.7662037037037	11.7272804953388	330
ST._PETERS	2009	6	7	158	6.7	16.8	21.1069802924066	-999.9	2.4	3.31018518518519	10.3127157980795	330
ST._PETERS	2009	6	8	159	6.5	14.5	18.810390798393	-999.9	0	3.40277777777778	9.33805826657732	330
ST._PETERS	2009	6	9	160	4.9	11	16.4459082667066	-999.9	0	3.37962962962964	8.55460030350224	330
ST._PETERS	2009	6	10	161	4.1	14.7	21.7039506357828	-999.9	0	2.52314814814815	9.09394370410845	330
ST._PETERS	2009	6	11	162	9.4	15.1	15.9319549500263	-999.9	3	4.79166666666667	12.7407295302087	330
ST._PETERS	2009	6	12	163	9.8	17.7	18.7734419735509	-999.9	53.4	3.42592592592592	15.2482984636388	330
ST._PETERS	2009	6	13	164	8	12.6	14.3370893127388	-999.9	0	3.09027777777778	11.7457372245354	330
ST._PETERS	2009	6	14	165	7.5	15.1	18.4413896151277	-999.9	0.4	1.77083333333333	12.3580035334718	330
ST._PETERS	2009	6	15	166	8.1	20.3	23.3789307271929	-999.9	0	1.97916666666667	11.5980747133457	330
ST._PETERS	2009	6	16	167	10.32	16.29	30.38	-999.9	0	3.52	12.1659730660819	330
ST._PETERS	2009	6	17	168	15.6	24.6	20.0974639810731	-999.9	3.3	3.93939393939394	12.0163757901867	330
ST._PETERS	2009	6	18	169	11.7	26.8	26.0390989266964	-999.9	0.7	4.97685185185186	12.6536196884047	330
ST._PETERS	2009	6	19	170	14.1	24.9	22.0252120342365	-999.9	0	4.12037037037036	13.8741899591488	330
ST._PETERS	2009	6	20	171	14.5	22.6	19.0754489513385	-999.9	0	3.94675925925925	17.2319019916659	330
ST._PETERS	2009	6	21	172	13.5	19.6	16.552916832343	-999.9	0.2	4.14351851851853	16.2639475591213	330
ST._PETERS	2009	6	22	173	11.4	14.1	11.0108840737445	-999.9	9.8	4.49074074074075	13.6048676071211	330
ST._PETERS	2009	6	23	174	11.1	17.4	16.8149129717366	-999.9	7	2.04106280193237	15.6317734093308	330
ST._PETERS	2009	6	24	175	12.5	24.5	23.1980974764088	-999.9	0.5	1.2962962962963	19.4319200334771	330
ST._PETERS	2009	6	25	176	17.6	25.8	19.1672332190895	-999.9	0.6	2.21064814814815	23.2419600577715	330
ST._PETERS	2009	6	26	177	17.6	24.8	17.9499341649764	-999.9	2	2.25694444444444	21.9617587882297	330
ST._PETERS	2009	6	27	178	16.7	25.2	19.4896272781316	-999.9	0.2	2.25694444444444	20.8197088513732	330
ST._PETERS	2009	6	28	179	15	22.1	17.7981162748497	-999.9	0	3.35648148148147	18.5408810191286	330
ST._PETERS	2009	6	29	180	14.8	22.1	18.0306094908224	-999.9	13.7	3.00925925925925	19.0042574192603	330
ST._PETERS	2009	6	30	181	14	18.5	14.1420588744845	-999.9	2.6	2.1412037037037	17.0650230609739	330
ST._PETERS	2009	7	1	182	13.5	18.8	15.3304531242561	-999.9	0.2	2.51157407407408	15.8934126241859	330
ST._PETERS	2009	7	2	183	13.5	19.9	16.8256150587337	-999.9	0.3	2.8125	16.4233188483106	330
ST._PETERS	2009	7	3	184	14.4	22.4	18.7863778653877	-999.9	2.9	3.94675925925925	19.0183323455043	330
ST._PETERS	2009	7	4	185	15.9	22.7	17.2950874635326	-999.9	0.8	2.62731481481481	20.6054502697931	330
ST._PETERS	2009	7	5	186	12.2	20.1	18.6125208015698	-999.9	8.6	2.63888888888889	16.7485598860786	330
ST._PETERS	2009	7	6	187	9.6	14.3	14.332335481634	-999.9	0.6	5.03472222222222	11.9458623444383	330
ST._PETERS	2009	7	7	188	4.5	13.8	20.1251384162791	-999.9	0.4	3.57638888888889	8.89923596770759	330
ST._PETERS	2009	7	8	189	3.5	15.7	23.0069789000457	-999.9	0.2	1.59722222222222	9.28209380301863	330
ST._PETERS	2009	7	9	190	4.8	21.5	26.8641453904193	-999.9	1.2	1.89814814814815	10.3789000796197	330
ST._PETERS	2009	7	10	191	12.4	27.1	25.1513518914139	-999.9	0.2	3.24074074074075	14.782398849151	330
ST._PETERS	2009	7	11	192	12.5	27	24.9245433941678	-999.9	0	3.28703703703703	13.0916015951632	330
ST._PETERS	2009	7	12	193	11.2	21.4	20.8562593339574	-999.9	0.8	4.45601851851853	15.5841419139289	330
ST._PETERS	2009	7	13	194	13.5	23	20.0790766531308	-999.9	4.8	2.99768518518519	18.8114317082379	330
ST._PETERS	2009	7	14	195	11.3	22	21.2555232761545	-999.9	0	3.66898148148147	13.4806418633832	330
ST._PETERS	2009	7	15	196	10.8	21.4	21.1000305884021	-999.9	0.6	2.84722222222222	13.0135499005962	330
ST._PETERS	2009	7	16	197	12.5	21.5	19.388927717981	-999.9	2.2	3.125	14.0234505945915	330
ST._PETERS	2009	7	17	198	15.1	23	18.1134212321536	-999.9	9.2	3.26388888888889	18.5002320247504	330
ST._PETERS	2009	7	18	199	17.2	22.4	14.6519323798958	-999.9	0.3	3.54166666666667	20.9852093466379	330
ST._PETERS	2009	7	19	200	15.3	25.9	20.8547126124046	-999.9	0.2	3.93518518518519	19.9479591541309	330
ST._PETERS	2009	7	20	201	14.4	25.4	21.1766504496647	-999.9	0.2	2.73148148148148	17.353387587457	330
ST._PETERS	2009	7	21	202	17.2	25.5	18.3341624385763	-999.9	0	1.73611111111111	19.4069704636896	330
ST._PETERS	2009	7	22	203	15.8	21.2	14.7377541872966	-999.9	49.6	2.31481481481481	20.1803296083566	330
ST._PETERS	2009	7	23	204	12.2	18.8	16.2356592996773	-999.9	0	3.76157407407408	15.6911386954685	330
ST._PETERS	2009	7	24	205	13	18.9	15.2946119309699	-999.9	8	3.11342592592592	15.813504001731	330
ST._PETERS	2009	7	25	206	14.5	21.8	16.9488082575062	-999.9	1.8	4.66435185185186	18.1778501101504	330
ST._PETERS	2009	7	26	207	16.3	23.7	16.9984561268231	-999.9	0.2	3.13657407407408	19.6133106264691	330
ST._PETERS	2009	7	27	208	17.2	28.7	21.1061409622599	-999.9	0	3.26388888888889	23.9081939045791	330
ST._PETERS	2009	7	28	209	18.2	27	18.3872916026723	-999.9	0	4.0625	21.0409992934102	330
ST._PETERS	2009	7	29	210	17	29.4	21.7347075285068	-999.9	0	2.84722222222222	21.0939001656024	330
ST._PETERS	2009	7	30	211	19.4	26	15.7881508350766	-999.9	7.4	4.81481481481481	24.2278395255233	330
ST._PETERS	2009	7	31	212	18.4	28.4	19.3475171010379	-999.9	5	3.07870370370369	23.108270067369	330
ST._PETERS	2009	8	1	213	16.6	23.9	16.4551555287132	-999.9	14.5	2.47685185185185	20.6682775685885	330
ST._PETERS	2009	8	2	214	16.2	28.3	21.0861712408523	-999.9	0	1.93287037037037	20.2553122272749	330
ST._PETERS	2009	8	3	215	17.3	25.2	16.9563357022807	-999.9	1.7	2.95138888888889	22.7009586324005	330
ST._PETERS	2009	8	4	216	17	27.3	19.2663387886316	-999.9	0.4	2.1875	20.3339519869967	330
ST._PETERS	2009	8	5	217	16.5	27.3	19.6292202066606	-999.9	0	3.86574074074075	20.9549563544213	330
ST._PETERS	2009	8	6	218	16.3	24	16.4890392369648	-999.9	0	2.39583333333333	18.8671477647122	330
ST._PETERS	2009	8	7	219	14	22.4	17.1315414206625	-999.9	22.8	1.88657407407407	18.0117225718662	330
ST._PETERS	2009	8	8	220	13.6	19.5	14.2803008521677	-999.9	2	4.89583333333333	13.9563320648242	330
ST._PETERS	2009	8	9	221	13.5	23.4	18.3963219068902	-999.9	0	2.95138888888889	14.6741734503149	330
ST._PETERS	2009	8	10	222	14.2	17.7	10.8766893961782	-999.9	1.4	3.13657407407408	16.0340867896339	330
ST._PETERS	2009	8	11	223	15.8	19.8	11.5608296156888	-999.9	0.2	2.46527777777778	17.5216168215982	330
ST._PETERS	2009	8	12	224	10.7	20.7	18.1719717546965	-999.9	0	2.11805555555556	13.6997791728484	330
ST._PETERS	2009	8	13	225	10.3	25.7	22.4156820330489	-999.9	0.8	2.09490740740741	15.8785617794145	330
ST._PETERS	2009	8	14	226	15.3	27.4	19.7478613790361	-999.9	0	2.84722222222222	19.8761499694051	330
ST._PETERS	2009	8	15	227	18.6	30.5	19.4617838838974	-999.9	0.2	3.40277777777778	21.6384982879517	330
ST._PETERS	2009	8	16	228	17.9	22.3	11.7588005741744	-999.9	0	2.61574074074074	19.863057456696	330
ST._PETERS	2009	8	17	229	18.9	26.2	15.0477349002305	-999.9	4	2.15277777777778	23.9550744409163	330
ST._PETERS	2009	8	18	230	20.1	27.5	15.050253759994	-999.9	0	3.37962962962964	23.4498031900361	330
ST._PETERS	2009	8	19	231	21	28.8	15.3475313097478	-999.9	0	4.23611111111111	23.8083340161343	330
ST._PETERS	2009	8	20	232	16.5	23.4	14.3358615700327	-999.9	0	2.73148148148148	18.8992100400689	330
ST._PETERS	2009	8	21	233	17.7	28.2	17.5608873209958	-999.9	0	2.53472222222222	20.4171744406362	330
ST._PETERS	2009	8	22	234	21.7	30.2	15.6876582119382	-999.9	0	4.80324074074075	27.0333436621493	330
ST._PETERS	2009	8	23	235	17.7	23.6	12.9752454281234	-999.9	41.9	4.90740740740742	22.3797016706702	330
ST._PETERS	2009	8	24	236	13.8	19	12.09138412819	-999.9	3	1.52777777777778	15.5979087594758	330
ST._PETERS	2009	8	25	237	13.3	22	15.5225255572664	-999.9	1	1.35416666666667	17.1573673864511	330
ST._PETERS	2009	8	26	238	15.3	24.4	15.7541617401873	-999.9	0	5.23148148148147	18.840820809239	330
ST._PETERS	2009	8	27	239	14.2	18	10.1013981420848	-999.9	0	7.01388888888889	10.4797351846566	330
ST._PETERS	2009	8	28	240	8.9	16.4	14.079215755062	-999.9	0	5.17361111111111	9.11715722075123	330
ST._PETERS	2009	8	29	241	7.9	17.8	16.0459875731128	-999.9	33.5	1.89814814814815	11.9202198653297	330
ST._PETERS	2009	8	30	242	13	20.1	13.4778856089	-999.9	5.7	4.79166666666667	17.3150190000169	330
ST._PETERS	2009	8	31	243	13.5	21.1	13.8288380110027	-999.9	3.87	3.39646464646464	16.574013448912	330
ST._PETERS	2009	9	1	244	9	17.1	14.1563121285135	-999.9	0	4.36342592592592	10.9672068465156	330
ST._PETERS	2009	9	2	245	11.1	22.9	16.9402436251531	-999.9	0	3.95833333333333	13.3749673301017	330
ST._PETERS	2009	9	3	246	13.8	24.2	15.7655286119423	-999.9	0	4.74537037037036	16.6202035385961	330
ST._PETERS	2009	9	4	247	14.2	22.9	14.2924542508002	-999.9	0	3.40277777777778	17.4022485774316	330
ST._PETERS	2009	9	5	248	10.9	17.6	12.4303089824299	-999.9	0	2.60416666666667	12.4643885833315	330
ST._PETERS	2009	9	6	249	6.2	15.8	14.7441398136835	-999.9	0	3.73842592592592	9.15991943065419	330
ST._PETERS	2009	9	7	250	7.1	19.5	16.6025918444363	-999.9	0	4.96527777777778	10.2679639364446	330
ST._PETERS	2009	9	8	251	12.8	19.6	12.1798694870297	-999.9	0.96	3.68055555555556	15.3541305671364	330
ST._PETERS	2009	9	9	252	10.7	14.6	9.1366190681243	-999.9	0	4.57175925925925	9.29532269204624	330
ST._PETERS	2009	9	10	253	8.3	16.3	12.960005227772	-999.9	0	3.00925925925925	9.44932453179873	330
ST._PETERS	2009	9	11	254	9.5	20.5	15.0489248972616	-999.9	0	3.98148148148147	11.335624888321	330
ST._PETERS	2009	9	12	255	9.9	23.8	16.7497193869854	-999.9	0	2.16435185185185	14.103961300125	330
ST._PETERS	2009	9	13	256	13.8	18	9.11502654577606	-999.9	6.6	2.93981481481481	16.3929747426729	330
ST._PETERS	2009	9	14	257	8.1	16	12.3743466092158	-999.9	2.7	3.37962962962964	12.3733032808846	330
ST._PETERS	2009	9	15	258	8.8	16.7	12.2472942469532	-999.9	0.6	3.46064814814814	12.3185892151751	330
ST._PETERS	2009	9	16	259	2.3	11.7	13.2205959380158	-999.9	1.1	3.27546296296297	8.21171875256748	330
ST._PETERS	2009	9	17	260	2.8	16.6	15.8500263351822	-999.9	0.2	1.89814814814815	9.19863867500689	330
ST._PETERS	2009	9	18	261	5.9	18.8	15.1611355672071	-999.9	0.4	3.93518518518519	11.3308513268144	330
ST._PETERS	2009	9	19	262	7.8	12.8	9.33709301661291	-999.9	6.3	6.75925925925925	9.90604344237929	330
ST._PETERS	2009	9	20	263	9.3	17	11.4605523579557	-999.9	0	3.64583333333333	10.9438677292136	330
ST._PETERS	2009	9	21	264	7	19.3	14.3248571967529	-999.9	0	1.8287037037037	11.1152624094275	330
ST._PETERS	2009	9	22	265	10.4	22.5	14.0492273512453	-999.9	0	4.21296296296297	13.7107876943228	330
ST._PETERS	2009	9	23	266	14.8	22.1	10.7891711849887	-999.9	0	5.9375	17.8192755923678	330
ST._PETERS	2009	9	24	267	10.5	18.6	11.2352160811383	-999.9	8	3.17129629629631	14.6551437992555	330
ST._PETERS	2009	9	25	268	7.8	13.3	9.15120789388146	-999.9	1.9	4.50231481481481	9.73741851159688	330
ST._PETERS	2009	9	26	269	5.5	11.9	9.75644677823365	-999.9	0.2	3.61111111111111	7.86783889232357	330
ST._PETERS	2009	9	27	270	6.6	14.5	10.7119103391105	-999.9	0	4.13194444444444	10.5448595853207	330
ST._PETERS	2009	9	28	271	13	19.7	9.74743199289354	-999.9	17.2	4.07407407407408	17.5018055765404	330
ST._PETERS	2009	9	29	272	11.5	20	10.8470129433369	-999.9	1	4.21296296296297	16.1082342723738	330
ST._PETERS	2009	9	30	273	10.1	20.8	12.022358901025	-999.9	0.3	3.22916666666667	14.4019606336342	330
ST._PETERS	2009	10	1	274	8.7	19.4	11.8750879903414	-999.9	3.8	2.96296296296297	13.6635427624111	330
ST._PETERS	2009	10	2	275	6.1	13.8	9.94920498784701	-999.9	0	2.11805555555556	10.0174403793372	330
ST._PETERS	2009	10	3	276	5.4	13.9	10.3229162940771	-999.9	0	2.55787037037037	9.32450948336769	330
ST._PETERS	2009	10	4	277	9.1	14.1	7.81773105635911	-999.9	7.9	2.92824074074075	12.0402075234706	330
ST._PETERS	2009	10	5	278	11	13.6	5.5659473169994	-999.9	15.9	2.7662037037037	13.5067292389295	330
ST._PETERS	2009	10	6	279	8.3	11	5.59945848035933	-999.9	11.3	4.38657407407408	10.9356558303859	330
ST._PETERS	2009	10	7	280	7.9	14.1	8.37583176084436	-999.9	23.4	2.89351851851853	11.559730456551	330
ST._PETERS	2009	10	8	281	8.7	11.1	5.14355226869353	-999.9	18.9	6.28472222222222	10.6853505455104	330
ST._PETERS	2009	10	9	282	7.3	11.9	7.02782110701678	-999.9	0.2	3.37962962962964	9.54715359372984	330
ST._PETERS	2009	10	10	283	7.3	11.3	6.46719912311928	-999.9	13.8	3.69212962962964	11.0228107954408	330
ST._PETERS	2009	10	11	284	5.4	11.4	7.81570217285913	-999.9	1.3	5.74074074074075	7.36983728649564	330
ST._PETERS	2009	10	12	285	4.1	9.7	7.44999128022524	-999.9	0.7	7.39583333333333	6.40703915067386	330
ST._PETERS	2009	10	13	286	3.3	9.3	7.60801947424627	-999.9	0.4	2.91666666666667	6.83091821904203	330
ST._PETERS	2009	10	14	287	2.5	7	6.49984593009941	-999.9	7.3	5.96064814814814	6.2130093539917	330
ST._PETERS	2009	10	15	288	1	7.3	7.58640920467204	-999.9	0.2	4.375	6.16107111863471	330
ST._PETERS	2009	10	16	289	-1	7.4	8.64062315338675	-999.9	3.8	3.58796296296297	5.98632736079138	330
ST._PETERS	2009	10	17	290	4.6	9.2	6.30661009732828	-999.9	1.8	4.86111111111111	7.00236507565524	330
ST._PETERS	2009	10	18	291	4.7	8.4	5.57832533742562	-999.9	4.6	3.11342592592592	7.2590822457302	330
ST._PETERS	2009	10	19	292	4.9	7.2	4.33739744091712	-999.9	22.3	6.31944444444445	8.63231812296225	330
ST._PETERS	2009	10	20	293	5.2	8.6	5.20050756649551	-999.9	0.2	2.69675925925926	7.61434347406269	330
ST._PETERS	2009	10	21	294	5.4	9.4	5.5623488774367	-999.9	0	5.06944444444445	7.84529173156711	330
ST._PETERS	2009	10	22	295	1.2	7.5	6.88341366211144	-999.9	26.9	2.77777777777778	6.35659876438001	330
ST._PETERS	2009	10	23	296	2.5	5.6	4.76108290463683	-999.9	5.3	6.55092592592592	6.43328930021873	330
ST._PETERS	2009	10	24	297	1.7	9.6	7.49407969415374	-999.9	11	2.97453703703703	6.95180198534584	330
ST._PETERS	2009	10	25	298	7.4	17.9	8.51864586721588	-999.9	13.4	6.16898148148147	12.3671411626498	330
ST._PETERS	2009	10	26	299	2.7	7.4	5.61940216071543	-999.9	0	8.34490740740742	5.45853394179137	330
ST._PETERS	2009	10	27	300	1.9	4.5	4.12088199206947	-999.9	0	4.38657407407408	4.92802445821192	330
ST._PETERS	2009	10	28	301	1.9	5.1	4.50755356155377	-999.9	0.01	3.64197530864197	5.44057376058713	330
ST._PETERS	2009	10	29	302	2.2	4.9	4.08237988867391	-999.9	0	3.58796296296297	5.61522829244866	330
ST._PETERS	2009	10	30	303	-1.4	8.9	7.861804546672	-999.9	0	2.08333333333333	5.47343916831532	330
ST._PETERS	2009	10	31	304	5.5	18.1	8.57375007578913	-999.9	0	6.96759259259258	10.3706198733073	330
ST._PETERS	2009	11	1	305	6.1	17.7	8.1116599390957	-999.9	10.5	4.62962962962964	11.581729923703	330
ST._PETERS	2009	11	2	306	1.6	7.7	5.80039662648106	-999.9	0	3.56481481481481	5.82658992840793	330
ST._PETERS	2009	11	3	307	1.4	6.6	5.28113152737151	-999.9	14.1	2.39583333333333	7.51818228946197	330
ST._PETERS	2009	11	4	308	2.4	6.7	4.73605082130309	-999.9	0	5.18518518518519	6.00252014794585	330
ST._PETERS	2009	11	5	309	-2	4.3	5.65375994570013	-999.9	0.2	2.58101851851852	4.44569396047391	330
ST._PETERS	2009	11	6	310	1.4	4.6	3.97428645946426	-999.9	12.6	8.07870370370369	6.3207791329118	330
ST._PETERS	2009	11	7	311	-3	2.6	5.18598764115607	-999.9	0	5.92592592592592	3.85115773868741	330
ST._PETERS	2009	11	8	312	-0.9	8.7	6.69833302268825	-999.9	0.8	4.40972222222222	6.72536802832938	330
ST._PETERS	2009	11	9	313	6	13.6	5.87998482040235	-999.9	0	5.39351851851853	6.11796498605443	330
ST._PETERS	2009	11	10	314	1.8	13.2	7.1057367656875	-999.9	0	4.46759259259258	7.76029791862341	330
ST._PETERS	2009	11	11	315	-0.3	7.1	5.64954229211661	-999.9	0	4.16666666666667	5.7681572996221	330
ST._PETERS	2009	11	12	316	-0.4	10.5	6.76720495419286	-999.9	0	3.20601851851853	5.97681898272913	330
ST._PETERS	2009	11	13	317	-0.1	8.6	5.96783698105715	-999.9	0	1.89814814814815	6.52422587738526	330
ST._PETERS	2009	11	14	318	-0.9	11.3	6.97695193462261	-999.9	0	2.96296296296297	7.32150542366001	330
ST._PETERS	2009	11	15	319	6.8	15.5	5.8176277174033	-999.9	17.5	4.09722222222222	12.4265742499529	330
ST._PETERS	2009	11	16	320	5.1	12.9	5.44015016697289	-999.9	0.2	5.69444444444445	9.64451700340839	330
ST._PETERS	2009	11	17	321	2.3	5.5	3.44189428931423	-999.9	0.2	6.53935185185186	5.7723259258224	330
ST._PETERS	2009	11	18	322	-1.4	9.6	6.30469975842735	-999.9	0.2	4.79166666666667	5.29538197593923	330
ST._PETERS	2009	11	19	323	0.5	8.7	5.37913009708885	-999.9	0	3.37962962962964	5.72209490153088	330
ST._PETERS	2009	11	20	324	1.3	13.2	6.40489722795526	-999.9	9.7	3.88888888888889	8.39084029535692	330
ST._PETERS	2009	11	21	325	5.8	12.6	4.7866118935592	-999.9	0	5.70601851851853	9.61487474629239	330
ST._PETERS	2009	11	22	326	-3	6	5.4454856236742	-999.9	0	4.52546296296297	4.92156086592679	330
ST._PETERS	2009	11	23	327	-3.9	5.7	5.5629367916733	-999.9	0.3	1.96759259259259	5.27595070070542	330
ST._PETERS	2009	11	24	328	0.6	7.4	4.63225724247742	-999.9	0	1.27314814814815	7.24590769319353	330
ST._PETERS	2009	11	25	329	4.8	11.6	4.58441494858444	-999.9	3.4	2.06018518518519	10.2550462017572	330
ST._PETERS	2009	11	26	330	5.4	10.5	3.93035980853691	-999.9	0.4	2.80092592592592	10.2556462190465	330
ST._PETERS	2009	11	27	331	5.3	13.8	5.02465060969173	-999.9	13.1	4.31712962962964	11.6326240225331	330
ST._PETERS	2009	11	28	332	3	12.7	5.31701326422501	-999.9	0.7	4.46759259259258	9.45943521540923	330
ST._PETERS	2009	11	29	333	0.4	4.1	3.25393813922027	-999.9	0.9	8.48379629629631	5.34108601530859	330
ST._PETERS	2009	11	30	334	-0.6	9.5	5.32894781903602	-999.9	3	3.25231481481481	7.23668503461963	330
ST._PETERS	2009	12	1	335	-0.5	3.8	3.44776595176255	-999.9	0.8	5.74074074074075	5.76740103616393	330
ST._PETERS	2009	12	2	336	-1.3	0.3	2.08612937691901	-999.9	0.13	6.28472222222222	4.60138287305251	330
ST._PETERS	2009	12	3	337	2.69	8.54	0.86	-999.9	19.16	6.86	8.39885610322318	330
ST._PETERS	2009	12	4	338	3.08	6.49	2.34	-999.9	0.58	5.11	7.47332547988142	330
ST._PETERS	2009	12	5	339	2.67	4.93	2.72	-999.9	1.64	3.84	6.69848570755094	330
ST._PETERS	2009	12	6	340	0.38	3.28	0.91	-999.9	17.99	12.86	5.62301637510655	330
ST._PETERS	2009	12	7	341	-3.4	-1.2	2.36240215744998	-999.9	0.39	5.53030303030303	3.899954949198	330
ST._PETERS	2009	12	8	342	-5.3	-1.5	3.08694343034893	-999.9	0.2	4.98263888888889	3.58763855396303	330
ST._PETERS	2009	12	9	343	-3.8	0.3	3.1893750262327	-999.9	5.4	3.85416666666667	3.9296757817271	330
ST._PETERS	2009	12	10	344	-0.7	5.6	3.9341082975707	-999.9	4.8	6.75925925925925	6.33596405942943	330
ST._PETERS	2009	12	11	345	-6.8	-0.6	3.88528429216221	-999.9	0.2	9.45601851851853	3.16500821886418	330
ST._PETERS	2009	12	12	346	-7.6	-5.6	2.19777965408138	-999.9	0.2	10.9606481481481	2.97302624084249	330
ST._PETERS	2009	12	13	347	-8	-0.8	4.15500304943218	-999.9	0.5	7.16435185185186	3.20047816984229	330
ST._PETERS	2009	12	14	348	-3.5	2.1	3.65284332326771	-999.9	2.3	2.95138888888889	5.43628420101973	330
ST._PETERS	2009	12	15	349	-1.5	2.5	3.07890943326484	-999.9	1.2	1.49305555555556	5.98751922022797	330
ST._PETERS	2009	12	16	350	-13	2.4	6.02777206002849	-999.9	3.7	5.54398148148147	4.01468994666441	330
ST._PETERS	2009	12	17	351	-15	-8	4.05672999783458	-999.9	1.8	6.14583333333333	2.16864157105372	330
ST._PETERS	2009	12	18	352	-10.9	-5.9	3.42408812867535	-999.9	0.9	6.33101851851853	2.86123936613998	330
ST._PETERS	2009	12	19	353	-12.5	-3.5	4.59004686617518	-999.9	0.2	2.67361111111111	2.82688106111006	330
ST._PETERS	2009	12	20	354	-3.5	1.3	3.3508583788501	-999.9	0.8	2.93981481481481	4.73192561343827	330
ST._PETERS	2009	12	21	355	1.3	2.3	1.52960389037045	-999.9	5	3.79629629629631	6.75223479835857	330
ST._PETERS	2009	12	22	356	1.7	3.5	2.05334857216938	-999.9	2.9	3.96990740740742	6.99773434258034	330
ST._PETERS	2009	12	23	357	2.2	3.6	1.81276502429869	-999.9	1.5	4.28240740740742	7.0759903929025	330
ST._PETERS	2009	12	24	358	-2.1	2.3	3.21853269014424	-999.9	0.6	5.01157407407408	5.50478320876861	330
ST._PETERS	2009	12	25	359	-2	-0.1	2.11916424050826	-999.9	0.4	3.98148148148147	4.87824949774409	330
ST._PETERS	2009	12	26	360	-4.4	0.7	3.48040756893461	-999.9	0	2.84722222222222	4.48157829331307	330
ST._PETERS	2009	12	27	361	-3.1	3.7	4.03047463556087	-999.9	2.3	3.27546296296297	5.62440769468158	330
ST._PETERS	2009	12	28	362	-1.7	7.5	4.70381425396943	-999.9	1.6	4.28240740740742	6.81461647095729	330
ST._PETERS	2009	12	29	363	-7.9	2.8	5.09211793847057	-999.9	3.6	5.9375	4.81312979904623	330
ST._PETERS	2009	12	30	364	-8.9	-7.6	1.78246947804852	-999.9	0.6	10.625	2.95347897497995	330
ST._PETERS	2009	12	31	365	-8.6	-5.3	2.85326622628576	-999.9	0	3.69212962962964	2.90571484149425	330
