ST._PETERS	2023	1	1	1	0.2	7.8	4.35226480142216	-999.9	26.8	4.00462962962964	8.03890745482534	330
ST._PETERS	2023	1	2	2	-3	0.6	3.01209219107608	-999.9	0.5	4.96527777777778	4.64815345801506	330
ST._PETERS	2023	1	3	3	-2.7	2.1	3.49887336543664	-999.9	0	3.40277777777778	5.14184110030807	330
ST._PETERS	2023	1	4	4	-3.2	2.5	3.8371989276847	-999.9	0.6	2.85879629629631	5.64726781673738	330
ST._PETERS	2023	1	5	5	-5.1	-1.8	2.9395321054197	-999.9	0	3.75	3.46577160286648	330
ST._PETERS	2023	1	6	6	-3.1	0.2	2.96069608054373	-999.9	0	2.33796296296296	4.37725737662656	330
ST._PETERS	2023	1	7	7	-1.7	1.6	2.98316135697609	-999.9	1.3	1.79398148148148	5.32174997083333	330
ST._PETERS	2023	1	8	8	-11	-1.6	5.07492674239763	-999.9	0.2	6.60879629629631	2.90310608009293	330
ST._PETERS	2023	1	9	9	-6.1	-1.5	3.57972545900644	-999.9	0.5	3.33333333333333	3.4021955184887	330
ST._PETERS	2023	1	10	10	-5.5	-0.1	3.9122545145225	-999.9	6.4	4.89583333333333	4.62557685249831	330
ST._PETERS	2023	1	11	11	-9.2	-4.5	3.68288782355331	-999.9	0.3	4.91898148148147	2.54923764428514	330
ST._PETERS	2023	1	12	12	-11.7	-3.1	5.02855739642306	-999.9	0.4	2.75462962962963	2.85414721425365	330
ST._PETERS	2023	1	13	13	-5.9	10.6	7.03284956205884	-999.9	24.8	5.25462962962964	6.48474228638314	330
ST._PETERS	2023	1	14	14	-1.9	10.1	6.05774344692576	-999.9	35	5.06944444444445	8.10244853794197	330
ST._PETERS	2023	1	15	15	-2.3	1.2	3.30533907008428	-999.9	25.4	6.30787037037036	5.60254120448837	330
ST._PETERS	2023	1	16	16	1.2	8.5	4.82426405228384	-999.9	22	6.36574074074075	8.51845795249832	330
ST._PETERS	2023	1	17	17	1.3	8.1	4.70687499260535	-999.9	3.8	2.97453703703703	8.57902811544725	330
ST._PETERS	2023	1	18	18	-0.1	5	4.1218081402691	-999.9	0.2	3.26388888888889	6.83794382065958	330
ST._PETERS	2023	1	19	19	-1.3	1.2	2.91882490376917	-999.9	1.2	5.32407407407408	5.88491106320425	330
ST._PETERS	2023	1	20	20	-1.9	-0.1	2.5056215940816	-999.9	1.8	5.42824074074075	5.34443678502352	330
ST._PETERS	2023	1	21	21	-3.4	-0.9	2.988073168656	-999.9	0.7	6.58564814814814	4.37463428075399	330
ST._PETERS	2023	1	22	22	-5.1	-1.4	3.67925471141893	-999.9	0	4.22453703703703	3.78058769484783	330
ST._PETERS	2023	1	23	23	-1.5	1.4	3.29751314222125	-999.9	33.2	4.47916666666667	5.98409175	330
ST._PETERS	2023	1	24	24	-3.7	0	3.77140128914448	-999.9	2.9	7.92824074074075	4.74564953218269	330
ST._PETERS	2023	1	25	25	-10.5	-1.5	5.95687322204417	-999.9	0	4.82638888888889	2.87723123280838	330
ST._PETERS	2023	1	26	26	-7.1	10.2	8.36548957692344	-999.9	20.6	6.99074074074075	6.17398506245538	330
ST._PETERS	2023	1	27	27	-7	1.3	5.87015712171737	-999.9	0	6.30787037037036	3.27454202924385	330
ST._PETERS	2023	1	28	28	-9	2.4	6.97062737857937	-999.9	0	3.75	3.4295790033594	330
ST._PETERS	2023	1	29	29	-4.8	2.8	5.76762075005708	-999.9	1.2	4.51388888888889	3.86330506034841	330
ST._PETERS	2023	1	30	30	-4.6	4.8	6.5010177764263	-999.9	0.8	3.91203703703703	5.22142983817219	330
ST._PETERS	2023	1	31	31	-7.7	-3.4	4.4568878462379	-999.9	5.1	3.81944444444444	3.45626583489452	330
ST._PETERS	2023	2	1	32	-15.4	-7	6.31488189942145	-999.9	0.2	4.23611111111111	1.85614069174627	330
ST._PETERS	2023	2	2	33	-15.3	-3	7.74729232704827	-999.9	0	4.39814814814814	2.21987846158304	330
ST._PETERS	2023	2	3	34	-26.5	-0.3	11.4646086225612	-999.9	2.6	7.80092592592592	1.83577882958726	330
ST._PETERS	2023	2	4	35	-26.9	-13.5	8.31394983778277	-999.9	0.2	11.5740740740741	0.8699662232394	330
ST._PETERS	2023	2	5	36	-18	1.1	10.0658213458122	-999.9	3.3	4.96527777777778	2.61108813974681	330
ST._PETERS	2023	2	6	37	-6.8	-0.6	5.81611575067488	-999.9	0	2.85879629629631	4.2608874483971	330
ST._PETERS	2023	2	7	38	-10.4	-3.5	6.22285441995011	-999.9	0	5.55555555555556	2.60878047812987	330
ST._PETERS	2023	2	8	39	-7.2	0	6.44731207740392	-999.9	0.4	4.54861111111111	3.89283935344715	330
ST._PETERS	2023	2	9	40	-10.8	-5.5	5.61065407386961	-999.9	0.2	6.44675925925925	2.1081636780164	330
ST._PETERS	2023	2	10	41	-8.7	0.9	7.65925405912874	-999.9	18.1	3.34490740740742	4.08626239880164	330
ST._PETERS	2023	2	11	42	-11.4	-2.3	7.56407052146201	-999.9	0.6	6.14583333333333	3.01824287094238	330
ST._PETERS	2023	2	12	43	-10.9	1.2	8.84742558428159	-999.9	0	4.24768518518519	3.04100675802697	330
ST._PETERS	2023	2	13	44	-4.5	-0.3	5.28737755670946	-999.9	0	3.48379629629631	4.32105882554815	330
ST._PETERS	2023	2	14	45	-4.8	-2	4.37910205782173	-999.9	0	6.34259259259258	3.73849458367792	330
ST._PETERS	2023	2	15	46	-10.3	2.5	9.49723722939652	-999.9	1.7	3.98148148148147	3.20227977756862	330
ST._PETERS	2023	2	16	47	-0.8	9.6	8.68336689993944	-999.9	0.2	5.87962962962964	6.71713272513503	330
ST._PETERS	2023	2	17	48	-6.1	-0.7	6.34654888196222	-999.9	10.2	3.20601851851853	3.99131077756881	330
ST._PETERS	2023	2	18	49	-11.3	-5.9	6.43715908563383	-999.9	0.5	3.64583333333333	2.57741095061655	330
ST._PETERS	2023	2	19	50	-6.9	-0.1	7.3264423525128	-999.9	0.4	3.58796296296297	3.37278336008197	330
ST._PETERS	2023	2	20	51	-0.3	7.1	7.75136205851861	-999.9	11.7	5.40509259259258	7.22324675416478	330
ST._PETERS	2023	2	21	52	-7.3	2	8.81265648548924	-999.9	0.2	3.81944444444444	4.22575048204234	330
ST._PETERS	2023	2	22	53	-10.2	-0.5	9.12707911622089	-999.9	0	3.99305555555556	3.1333462230265	330
ST._PETERS	2023	2	23	54	-10.5	-8.2	4.50677183148914	-999.9	0	4.71064814814814	1.90534109473745	330
ST._PETERS	2023	2	24	55	-12.9	-7.7	6.87119061626826	-999.9	1.3	3.61111111111111	2.09334756830068	330
ST._PETERS	2023	2	25	56	-17.5	-11.3	7.60721587192327	-999.9	0	5.45138888888889	1.35189404798849	330
ST._PETERS	2023	2	26	57	-17.9	-9.7	8.86962613745978	-999.9	0	2.40740740740741	1.45086081976897	330
ST._PETERS	2023	2	27	58	-15.1	-7.4	8.71323192038187	-999.9	0	3.22916666666667	1.83056562136414	330
ST._PETERS	2023	2	28	59	-16.2	-5.7	10.3140518220012	-999.9	0	2.01388888888889	1.85417930940466	330
ST._PETERS	2023	3	1	60	-8.9	-3.1	7.76985488636305	-999.9	0	1.80555555555556	2.63678041346623	330
ST._PETERS	2023	3	2	61	-7.1	-1.1	8.00941228194698	-999.9	0.6	2.15277777777778	3.52666915799275	330
ST._PETERS	2023	3	3	62	-9	-2.2	8.64103757195576	-999.9	1.8	6.08796296296297	3.37442200669068	330
ST._PETERS	2023	3	4	63	-13.1	-4.5	9.84704426475411	-999.9	0.2	2.65046296296296	2.43995675558104	330
ST._PETERS	2023	3	5	64	-10.3	-1.1	10.31937060566	-999.9	0.7	5.27777777777778	2.9421479765924	330
ST._PETERS	2023	3	6	65	-3.7	-0.7	5.97005897957568	-999.9	2.1	5.45138888888889	4.93833093683125	330
ST._PETERS	2023	3	7	66	-3.2	0.9	7.07006522587518	-999.9	2.7	3.24074074074075	5.16357370033528	330
ST._PETERS	2023	3	8	67	-1.9	0.7	5.7027622393238	-999.9	0.6	5.82175925925925	5.3831067258243	330
ST._PETERS	2023	3	9	68	-4	1.1	8.08915669405653	-999.9	0	5.53240740740742	4.80433702209005	330
ST._PETERS	2023	3	10	69	-6.1	0.1	9.03202177880902	-999.9	0	3.83101851851853	4.19218047939034	330
ST._PETERS	2023	3	11	70	-7.3	0.7	10.3885633840106	-999.9	0	3.41435185185186	4.30602697088458	330
ST._PETERS	2023	3	12	71	-4.7	2	9.6253986254822	-999.9	0	3.77314814814814	4.96132641060621	330
ST._PETERS	2023	3	13	72	-6.9	2.2	11.3558960888706	-999.9	0.3	1.38888888888889	4.54622566261145	330
ST._PETERS	2023	3	14	73	-3.9	2.4	9.56396808771175	-999.9	11.2	3.125	4.97455241818838	330
ST._PETERS	2023	3	15	74	-1.4	3.4	8.44894644320974	-999.9	5.4	4.17824074074075	6.18284498564654	330
ST._PETERS	2023	3	16	75	-1.5	-0.1	4.61749352422277	-999.9	1.6	6.03009259259258	5.60658068766059	330
ST._PETERS	2023	3	17	76	-2.6	0.2	6.60734836713425	-999.9	0	4.375	5.51733941210961	330
ST._PETERS	2023	3	18	77	-1.1	2.9	7.98967383636858	-999.9	3	2.89351851851853	6.40592669144109	330
ST._PETERS	2023	3	19	78	-3.4	5.1	11.7815861225167	-999.9	1.3	5.76388888888889	4.86108028864788	330
ST._PETERS	2023	3	20	79	-5.2	2.3	11.1934516511773	-999.9	0.2	8.17129629629631	2.94261700083168	330
ST._PETERS	2023	3	21	80	-3.3	1.9	9.42578507935119	-999.9	0	3.70370370370369	3.75460844460236	330
ST._PETERS	2023	3	22	81	-6.2	-0.2	10.2380413498402	-999.9	0	4.01620370370369	3.61287589438158	330
ST._PETERS	2023	3	23	82	-6.5	2	12.3202249468462	-999.9	3.6	3.14814814814814	3.67481991987573	330
ST._PETERS	2023	3	24	83	-2.4	-0.4	6.04135365548664	-999.9	6.7	3.93518518518519	5.35610854937478	330
ST._PETERS	2023	3	25	84	-5.7	0.6	10.8378083704671	-999.9	0	3.96990740740742	4.50839320944014	330
ST._PETERS	2023	3	26	85	-5.2	0.4	10.3266318561571	-999.9	10.7	2.38425925925926	4.9022037097782	330
ST._PETERS	2023	3	27	86	-3.1	2.3	10.2469909915777	-999.9	3	1.66666666666667	5.70315230446375	330
ST._PETERS	2023	3	28	87	-4.5	0.7	10.1596097451574	-999.9	0.9	2.36111111111111	5.13579081477983	330
ST._PETERS	2023	3	29	88	-3.2	-0.1	7.92452026623833	-999.9	0.2	2.67361111111111	5.34387652755585	330
ST._PETERS	2023	3	30	89	-5.5	5.4	15.0093852634557	-999.9	2	4.32870370370369	5.45217248333333	330
ST._PETERS	2023	3	31	90	-6.4	0.5	12.0606951731462	-999.9	0.2	4.12037037037036	4.3562579932608	330
ST._PETERS	2023	4	1	91	-1.4	3.8	10.5727539267757	-999.9	5.3	5.24305555555556	6.06053511675647	330
ST._PETERS	2023	4	2	92	-4.8	3.4	13.4051747832361	-999.9	0	6.60879629629631	4.41318377695657	330
ST._PETERS	2023	4	3	93	-5.7	4.2	14.8697152606651	-999.9	0.3	6.77083333333333	3.47513920762549	330
ST._PETERS	2023	4	4	94	-0.8	7.5	13.7430769119004	-999.9	0.3	3.41435185185186	5.94759658213297	330
ST._PETERS	2023	4	5	95	-2.9	-0.1	8.05608793392729	-999.9	0.5	5.02314814814814	3.44680371436982	330
ST._PETERS	2023	4	6	96	-2.6	3.7	12.1942784142357	-999.9	2	3.66898148148147	5.92146302851343	330
ST._PETERS	2023	4	7	97	-2	8.3	15.7320578281979	-999.9	0	6.71296296296297	5.67899798218103	330
ST._PETERS	2023	4	8	98	-3.2	0.2	9.11859597732825	-999.9	0	6.90972222222222	3.12137410835883	330
ST._PETERS	2023	4	9	99	-6	2.9	14.8814652999284	-999.9	0	5	2.97699336766382	330
ST._PETERS	2023	4	10	100	0	14.3	19.0248644838298	-999.9	0	5.42824074074075	4.64487832122516	330
ST._PETERS	2023	4	11	101	4.2	16.2	17.5746965343618	-999.9	1.8	4.64120370370369	6.26326725081371	330
ST._PETERS	2023	4	12	102	0.3	6.3	12.530183293771	-999.9	0.6	4.84953703703703	7.05575657868289	330
ST._PETERS	2023	4	13	103	2.6	11.5	15.385175794912	-999.9	0	4.45601851851853	6.74035886757402	330
ST._PETERS	2023	4	14	104	0.2	10.3	16.5209508782987	-999.9	0	4.96527777777778	6.12222950997657	330
ST._PETERS	2023	4	15	105	0.8	8.1	14.1561149462097	-999.9	0	3.09027777777778	5.11820100841096	330
ST._PETERS	2023	4	16	106	2	12.3	16.945373555804	-999.9	0	2.48842592592593	6.20011720505086	330
ST._PETERS	2023	4	17	107	3.6	13.2	16.4838941502619	-999.9	0	2.78935185185186	9.49592926964615	330
ST._PETERS	2023	4	18	108	2.8	6.2	9.88319377052774	-999.9	1.8	7.08333333333333	8.13554264973312	330
ST._PETERS	2023	4	19	109	1.8	10.4	15.8337187837437	-999.9	1.3	3.00925925925925	8.3722848066156	330
ST._PETERS	2023	4	20	110	1.2	5.9	11.7896496997724	-999.9	0	4.45601851851853	7.1068634894835	330
ST._PETERS	2023	4	21	111	-0.7	3.7	11.4878625649469	-999.9	0	4.24768518518519	6.41199302161857	330
ST._PETERS	2023	4	22	112	-1.1	5.7	14.3804062910403	-999.9	0	3.46064814814814	6.41835590653185	330
ST._PETERS	2023	4	23	113	0.1	6.5	14.046031008297	-999.9	0	3.31018518518519	7.10111038589206	330
ST._PETERS	2023	4	24	114	-0.7	4.5	12.7454631039271	-999.9	0	2.12962962962963	6.8007141964148	330
ST._PETERS	2023	4	25	115	-2	4.4	14.2323913424786	-999.9	0	1.71296296296296	6.28644553758356	330
ST._PETERS	2023	4	26	116	-1.4	7.6	16.9858377718595	-999.9	0	1.81712962962963	6.73303022859259	330
ST._PETERS	2023	4	27	117	-1.4	5.4	14.8573771024857	-999.9	0	1.30787037037037	6.53050792178199	330
ST._PETERS	2023	4	28	118	-0.8	7.3	16.3153569943976	-999.9	0	2.53472222222222	7.03498008492785	330
ST._PETERS	2023	4	29	119	-1.7	8.4	18.3284531158175	-999.9	0	2.48842592592593	6.01585857052991	330
ST._PETERS	2023	4	30	120	-1.4	13.7	22.542890096116	-999.9	0	2.28009259259259	6.7648061237454	330
ST._PETERS	2023	5	1	121	2.7	9	14.6451085701157	-999.9	8	6.86342592592592	6.23278016071434	330
ST._PETERS	2023	5	2	122	2.2	5.1	9.99235822908941	-999.9	11	4.12037037037036	7.65434787921204	330
ST._PETERS	2023	5	3	123	2	4.6	9.51367010537109	-999.9	0.9	2.8125	7.33759809491127	330
ST._PETERS	2023	5	4	124	2.2	6.5	12.3008201382983	-999.9	0	4.6875	7.77206662857403	330
ST._PETERS	2023	5	5	125	0.5	5.4	13.2002629455976	-999.9	0	4.45601851851853	6.62207066207719	330
ST._PETERS	2023	5	6	126	-1.9	7.4	18.2792030769342	-999.9	0	3.73842592592592	5.91753997247606	330
ST._PETERS	2023	5	7	127	-1.2	20.5	28.0623277983621	-999.9	0	4.64120370370369	7.08659855542964	330
ST._PETERS	2023	5	8	128	0.9	11.6	19.8020804185668	-999.9	1.5	3.81944444444444	8.15261726828145	330
ST._PETERS	2023	5	9	129	2.5	6.5	12.1652587369559	-999.9	0	5.46296296296297	6.63039676089601	330
ST._PETERS	2023	5	10	130	0.7	8.5	17.0670575149066	-999.9	0	3.36805555555556	5.14704566204701	330
ST._PETERS	2023	5	11	131	1.4	16.2	23.6162005240563	-999.9	0	2.53472222222222	4.96602519088331	330
ST._PETERS	2023	5	12	132	5.2	20.9	24.4312048557571	-999.9	0	4.64120370370369	9.07522176661071	330
ST._PETERS	2023	5	13	133	5.4	13.5	17.6238898434665	-999.9	0.2	4.47916666666667	9.123549597882	330
ST._PETERS	2023	5	14	134	2.9	9	15.3580801172246	-999.9	0	6.27314814814814	6.93221933086932	330
ST._PETERS	2023	5	15	135	2	17.9	24.8961451740564	-999.9	0	5.13888888888889	7.08926549922326	330
ST._PETERS	2023	5	16	136	4.7	14.2	19.3199453681955	-999.9	9.3	3.42592592592592	9.08081464846869	330
ST._PETERS	2023	5	17	137	3.2	7.4	12.8952129031201	-999.9	0.2	4.29398148148147	7.78263540613418	330
ST._PETERS	2023	5	18	138	3.7	9.9	15.7256624338905	-999.9	0	6.00694444444445	6.10683207876453	330
ST._PETERS	2023	5	19	139	4.8	18.5	23.4602310287146	-999.9	0	7.30324074074075	7.22487038896145	330
ST._PETERS	2023	5	20	140	7.2	22.1	24.551266634426	-999.9	0	7.82407407407408	10.2788633935875	330
ST._PETERS	2023	5	21	141	7.7	20.5	22.8320334802298	-999.9	3	7.34953703703703	13.246232589372	330
ST._PETERS	2023	5	22	142	2	8	15.682826508912	-999.9	0.2	3.77314814814814	6.82596686603727	330
ST._PETERS	2023	5	23	143	1.1	13.3	22.4330429581602	-999.9	0	3.19444444444444	6.69321441530616	330
ST._PETERS	2023	5	24	144	3.6	18.9	25.1978905308658	-999.9	0	4.82638888888889	8.76712399360077	330
ST._PETERS	2023	5	25	145	4.5	7	10.2152613887724	-999.9	16.7	3.80787037037036	8.83701264666973	330
ST._PETERS	2023	5	26	146	3.9	6.9	11.221530655646	-999.9	2.9	3.55324074074075	8.7414871362865	330
ST._PETERS	2023	5	27	147	4.3	17.2	23.3318657218192	-999.9	0.2	3.49537037037036	9.39879133850428	330
ST._PETERS	2023	5	28	148	7.1	29.1	30.5478323381473	-999.9	0	5.90277777777778	11.5821701404136	330
ST._PETERS	2023	5	29	149	0.4	8.4	18.466302758693	-999.9	0	5.37037037037036	6.23408722431761	330
ST._PETERS	2023	5	30	150	1.4	22.4	29.9890084170702	-999.9	0	4.51388888888889	7.74641120714707	330
ST._PETERS	2023	5	31	151	11.3	27.6	26.4798487734114	-999.9	0	5.86805555555556	11.6582164320503	330
ST._PETERS	2023	6	1	152	10.5	28.6	27.9628927308041	-999.9	0	3.24074074074075	13.9988459111327	330
ST._PETERS	2023	6	2	153	6.1	12.7	16.9195140560807	-999.9	11.3	3.96990740740742	10.7765453335718	330
ST._PETERS	2023	6	3	154	5.6	6.9	7.52337691469399	-999.9	17.2	6.20370370370369	9.36355105580967	330
ST._PETERS	2023	6	4	155	6.8	9.9	11.6385653338841	-999.9	0	3.99305555555556	10.3814166031926	330
ST._PETERS	2023	6	5	156	7.8	11.1	12.0283309730718	-999.9	33.4	3.10185185185186	11.0380640619048	330
ST._PETERS	2023	6	6	157	8.1	12.2	13.4283473916487	-999.9	23.1	4.42129629629631	11.9310176526945	330
ST._PETERS	2023	6	7	158	8.6	15.5	17.4457627915888	-999.9	0.5	4.20138888888889	12.7027465499553	330
ST._PETERS	2023	6	8	159	8.3	16.7	19.2749148399593	-999.9	0	2.21064814814815	13.1760831002336	330
ST._PETERS	2023	6	9	160	6.8	11.2	13.9675194316852	-999.9	0	2.68518518518519	10.9461425551632	330
ST._PETERS	2023	6	10	161	7.1	9.4	10.1099679392263	-999.9	0.2	3.27546296296297	10.5826253173412	330
ST._PETERS	2023	6	11	162	8.5	17.4	19.9079547616508	-999.9	1.8	3.71527777777778	12.9007048082084	330
ST._PETERS	2023	6	12	163	12.2	20.8	19.5875259401243	-999.9	0	3.15972222222222	13.5458813131196	330
ST._PETERS	2023	6	13	164	12.4	26.3	24.9223777848087	-999.9	0	2.34953703703704	14.732896942902	330
ST._PETERS	2023	6	14	165	10.9	17.4	17.0546780551404	-999.9	4.7	4.75694444444445	14.2221999295442	330
ST._PETERS	2023	6	15	166	10.8	22.6	22.9924755029098	-999.9	0.2	3.62268518518519	16.8448374434488	330
ST._PETERS	2023	6	16	167	10	16.2	16.6744536074966	-999.9	1.1	2.29166666666667	13.8808638695693	330
ST._PETERS	2023	6	17	168	9.8	12.5	11.0078343710813	-999.9	0	4.10879629629631	12.5599706367308	330
ST._PETERS	2023	6	18	169	9.6	13.8	13.7328957463023	-999.9	16.2	2.02546296296296	13.3050359949585	330
ST._PETERS	2023	6	19	170	7	11.8	14.683474689491	-999.9	0	3.85416666666667	11.2749112120932	330
ST._PETERS	2023	6	20	171	5.1	12.2	17.8591766505064	-999.9	0.2	3.57638888888889	9.73329923726796	330
ST._PETERS	2023	6	21	172	5	25	29.9726134919186	-999.9	0	3.14814814814814	10.6650467010949	330
ST._PETERS	2023	6	22	173	14.3	28	24.8027931728318	-999.9	0	5.18518518518519	14.0804852032215	330
ST._PETERS	2023	6	23	174	14.3	27.5	24.3394810787812	-999.9	0	5.87962962962964	13.1329248145799	330
ST._PETERS	2023	6	24	175	16.3	28.4	23.2945556782267	-999.9	0	6.25	18.7694206448838	330
ST._PETERS	2023	6	25	176	10.1	21.5	22.5998172174095	-999.9	0.9	4.61805555555556	17.0394328969772	330
ST._PETERS	2023	6	26	177	10.1	17.8	18.5627354128649	-999.9	0	3.56481481481481	14.2248463285345	330
ST._PETERS	2023	6	27	178	12	23.4	22.5707763019603	-999.9	0.3	5.42824074074075	17.7928254378012	330
ST._PETERS	2023	6	28	179	19.4	26.7	18.0470530675826	-999.9	12.6	5.43981481481481	26.0517850709709	330
ST._PETERS	2023	6	29	180	19.4	25.8	16.8825857556104	-999.9	1.5	6.23842592592592	23.5191104424705	330
ST._PETERS	2023	6	30	181	19.2	25.1	16.1931891878817	-999.9	0.4	3.90046296296297	23.7161433827194	330
ST._PETERS	2023	7	1	182	16.6	26.4	20.846353336369	-999.9	0	4.08564814814814	21.8757607175245	330
ST._PETERS	2023	7	2	183	16.7	27.1	21.448534878171	-999.9	2	3.90046296296297	22.5711046147046	330
ST._PETERS	2023	7	3	184	18.4	21.7	12.0657696495796	-999.9	55.4	4.42129629629631	22.909911963686	330
ST._PETERS	2023	7	4	185	15.8	19.5	12.7576054961782	-999.9	2.2	2.22222222222222	19.8700412390483	330
ST._PETERS	2023	7	5	186	15.3	22.7	18.013890162301	-999.9	0	1.93287037037037	20.7752544232451	330
ST._PETERS	2023	7	6	187	14.5	20.4	16.0580957120184	-999.9	0	2.65046296296296	18.2073512034657	330
ST._PETERS	2023	7	7	188	14.4	28.2	24.5152849151642	-999.9	0	2.44212962962963	22.1498615974402	330
ST._PETERS	2023	7	8	189	18.1	27.3	19.978992899071	-999.9	0	2.88194444444444	22.9004447921097	330
ST._PETERS	2023	7	9	190	18.3	27	19.3898486863848	-999.9	0	2.67361111111111	22.4406731831572	330
ST._PETERS	2023	7	10	191	17.7	25	17.7240961013201	-999.9	0	3.14814814814814	22.6699006625297	330
ST._PETERS	2023	7	11	192	17.1	19.4	9.92675099064117	-999.9	17	5.34722222222222	19.1921024491487	330
ST._PETERS	2023	7	12	193	16.7	24.1	17.7644674406775	-999.9	0.3	2.38425925925926	22.9521577128481	330
ST._PETERS	2023	7	13	194	16.3	28.1	22.3780860078481	-999.9	0	2.33796296296296	23.4131572713712	330
ST._PETERS	2023	7	14	195	17	29.5	22.973910175792	-999.9	0	2.17592592592593	24.1277098340901	330
ST._PETERS	2023	7	15	196	19.6	27.8	18.5582524612859	-999.9	0	2.98611111111111	24.2532648785241	330
ST._PETERS	2023	7	16	197	19.5	29.6	20.5396587452346	-999.9	0	4.34027777777778	25.1715784509965	330
ST._PETERS	2023	7	17	198	19.1	28.6	19.8631784298906	-999.9	0	5.78703703703703	24.5353280089331	330
ST._PETERS	2023	7	18	199	21.8	29.1	17.3601975905695	-999.9	0	3.91203703703703	27.5002876477875	330
ST._PETERS	2023	7	19	200	20.7	25.7	14.3230754271387	-999.9	18.9	3.49537037037036	27.1139303313073	330
ST._PETERS	2023	7	20	201	16.2	23.7	17.4860436088708	-999.9	0	2.28009259259259	21.5240336799046	330
ST._PETERS	2023	7	21	202	15.8	26.6	20.9138460306854	-999.9	13.4	2.61574074074074	22.4357535822202	330
ST._PETERS	2023	7	22	203	18	21.1	11.1664538562147	-999.9	62.1	3.58796296296297	22.4756187308152	330
ST._PETERS	2023	7	23	204	20.1	28.1	17.8748725918816	-999.9	0	1.875	28.4355118860533	330
ST._PETERS	2023	7	24	205	19.1	28.1	18.8900762534046	-999.9	0	2.73148148148148	24.1442234150915	330
ST._PETERS	2023	7	25	206	18.2	29.4	20.9935917656192	-999.9	0	4.43287037037036	20.4152679008468	330
ST._PETERS	2023	7	26	207	18.6	26.7	17.7842734833023	-999.9	0	4.58333333333333	22.12709307786	330
ST._PETERS	2023	7	27	208	18.3	27.1	18.4629566608746	-999.9	13.1	5.82175925925925	22.8889022292104	330
ST._PETERS	2023	7	28	209	17.6	24.8	16.6319310427955	-999.9	0	2.31481481481481	22.9413480291435	330
ST._PETERS	2023	7	29	210	16.1	22.8	15.9764527484307	-999.9	0	4.78009259259258	18.1606792698359	330
ST._PETERS	2023	7	30	211	13.3	22.4	18.5387306771824	-999.9	1.6	2.63888888888889	17.7603541797514	330
ST._PETERS	2023	7	31	212	13.7	25.7	21.1941430959108	-999.9	0	2.34953703703704	17.6099521083218	330
ST._PETERS	2023	8	1	213	13	21.9	18.1691899266797	-999.9	0	2.96296296296297	15.4055807214712	330
ST._PETERS	2023	8	2	214	11.7	21.9	19.3599900525579	-999.9	0	3.26388888888889	14.0307506337072	330
ST._PETERS	2023	8	3	215	13.4	25.4	20.8982097391481	-999.9	0	3.27546296296297	15.0133700697301	330
ST._PETERS	2023	8	4	216	13.4	24.3	19.819551816839	-999.9	0	3.73842592592592	15.959506231306	330
ST._PETERS	2023	8	5	217	15.8	19.5	11.4892593075487	-999.9	22.2	4.09722222222222	19.3857069531853	330
ST._PETERS	2023	8	6	218	14.3	21.6	16.0550409981988	-999.9	0	2.68518518518519	18.9092171271984	330
ST._PETERS	2023	8	7	219	16.7	19.7	10.2380542139865	-999.9	0.6	4.44444444444444	17.8193643696424	330
ST._PETERS	2023	8	8	220	17.1	23	14.2803008521677	-999.9	0	3.53009259259258	19.0459430372744	330
ST._PETERS	2023	8	9	221	17.8	19.4	7.39559967124244	-999.9	10.1	5.63657407407408	20.5043495603226	330
ST._PETERS	2023	8	10	222	14.8	19.4	12.4692869794582	-999.9	0	5.76388888888889	17.8813792566681	330
ST._PETERS	2023	8	11	223	14.7	19.6	12.795493629347	-999.9	20.3	2.84722222222222	19.0621646444	330
ST._PETERS	2023	8	12	224	15.2	20	12.5899113411364	-999.9	4.4	4.30555555555556	17.8577785881446	330
ST._PETERS	2023	8	13	225	14.7	25.7	18.9447090428729	-999.9	0	2.7662037037037	19.50100469749	330
ST._PETERS	2023	8	14	226	15.7	23.2	15.5474087496898	-999.9	0.3	3.07870370370369	21.2712970793351	330
ST._PETERS	2023	8	15	227	14.8	18.3	10.554634219754	-999.9	0	2.41898148148148	17.5600055764662	330
ST._PETERS	2023	8	16	228	13.3	19.1	13.5005258102195	-999.9	0	2.40740740740741	15.8703005360266	330
ST._PETERS	2023	8	17	229	14.1	24.3	17.7872900651911	-999.9	0	2.09490740740741	19.2395463501496	330
ST._PETERS	2023	8	18	230	17.2	21.8	11.8660692500347	-999.9	5	4.13194444444444	22.1247335438784	330
ST._PETERS	2023	8	19	231	15.7	26.8	18.3084979640987	-999.9	0.6	4.83796296296297	20.687334850815	330
ST._PETERS	2023	8	20	232	15.6	23	14.8461933805915	-999.9	0	4.22453703703703	18.6947630629577	330
ST._PETERS	2023	8	21	233	14	19.6	12.8246588206878	-999.9	1	4.20138888888889	17.7765528565109	330
ST._PETERS	2023	8	22	234	10.5	20	16.5848083982571	-999.9	0	2.34953703703704	13.7803465553159	330
ST._PETERS	2023	8	23	235	10.3	19.7	16.3777222751959	-999.9	1	2.78935185185186	13.5685075755736	330
ST._PETERS	2023	8	24	236	10.6	19	15.3678810231559	-999.9	0	2.26851851851852	12.9018024682985	330
ST._PETERS	2023	8	25	237	11.4	23.5	18.3060836445139	-999.9	0.4	2.87037037037036	15.788018235334	330
ST._PETERS	2023	8	26	238	16.5	18.8	7.92024328015159	-999.9	17.7	5.06944444444445	19.4238072620696	330
ST._PETERS	2023	8	27	239	11.9	18.8	13.6117585248922	-999.9	0.2	2.51157407407408	16.2691958019639	330
ST._PETERS	2023	8	28	240	12.7	22	15.6779511475258	-999.9	0	3.62268518518519	15.1395372335667	330
ST._PETERS	2023	8	29	241	13	23.5	16.5250774553516	-999.9	0	3.64583333333333	17.0077163199364	330
ST._PETERS	2023	8	30	242	16.8	23.5	13.092723402447	-999.9	29.3	4.01620370370369	23.1604431098145	330
ST._PETERS	2023	8	31	243	10.7	17.2	12.7889700872038	-999.9	1.6	4.75694444444445	13.6353859070794	330
ST._PETERS	2023	9	1	244	8.1	18.3	15.885749361213	-999.9	0	2.83564814814814	10.5249029553574	330
ST._PETERS	2023	9	2	245	11.1	23.7	17.50507277906	-999.9	0	4.13194444444444	15.314128272504	330
ST._PETERS	2023	9	3	246	13.1	23.4	15.6895497185716	-999.9	0	5.21990740740742	17.5620288539022	330
ST._PETERS	2023	9	4	247	14	23.1	14.6173242415633	-999.9	0	2.32638888888889	18.9864381436679	330
ST._PETERS	2023	9	5	248	16.3	20.6	9.95815198954669	-999.9	0	4.64120370370369	18.5048019562868	330
ST._PETERS	2023	9	6	249	17.3	22.6	10.9552365327084	-999.9	0	3.78472222222222	22.7436145668531	330
ST._PETERS	2023	9	7	250	17.2	21.6	9.88988831190789	-999.9	0	2.84722222222222	22.2608789106732	330
ST._PETERS	2023	9	8	251	16.5	28	15.8393406274878	-999.9	0	2.19907407407407	24.8065614707783	330
ST._PETERS	2023	9	9	252	21.3	27.8	11.7953244971622	-999.9	0	5.79861111111111	27.3198982570969	330
ST._PETERS	2023	9	10	253	15.9	21.9	11.2236937604297	-999.9	0	2.32638888888889	19.823771334822	330
ST._PETERS	2023	9	11	254	17.4	21.7	9.40899764936204	-999.9	28.4	1.875	22.5799359485532	330
ST._PETERS	2023	9	12	255	15.9	19.5	8.52415593557219	-999.9	0.4	2.80092592592592	20.3092393211473	330
ST._PETERS	2023	9	13	256	16	24.6	13.0431508828319	-999.9	0	2.21064814814815	22.2826753343124	330
ST._PETERS	2023	9	14	257	18	25	11.6481713566468	-999.9	23.4	3.96990740740742	24.772501960159	330
ST._PETERS	2023	9	15	258	14.7	19.7	9.74342414960717	-999.9	0	2.82407407407408	17.9046430187064	330
ST._PETERS	2023	9	16	259	15.7	24.4	12.7188173774456	-999.9	7.4	6.05324074074075	21.3887135051538	330
ST._PETERS	2023	9	17	260	14.7	18.9	8.74409948574461	-999.9	5.5	6.19212962962964	17.9606414272897	330
ST._PETERS	2023	9	18	261	13.7	21.3	11.6370706802565	-999.9	0	2.30324074074074	18.0047893118089	330
ST._PETERS	2023	9	19	262	14.2	23.5	12.7340971082225	-999.9	6.8	4.13194444444444	19.9544961638566	330
ST._PETERS	2023	9	20	263	12.4	16.3	8.15628683790525	-999.9	1.1	5.75231481481481	14.6395198514293	330
ST._PETERS	2023	9	21	264	10	14.1	8.27046015864823	-999.9	1.8	6.01851851851853	11.7287715258017	330
ST._PETERS	2023	9	22	265	8.6	15.4	10.5320815140911	-999.9	0	3.42592592592592	10.0624528097798	330
ST._PETERS	2023	9	23	266	9.8	21	13.3639753253284	-999.9	0	4.45601851851853	15.1076969446309	330
ST._PETERS	2023	9	24	267	9.4	21	13.4452200534883	-999.9	0.2	2.52314814814815	13.9826799079897	330
ST._PETERS	2023	9	25	268	9.7	16	9.79416354289489	-999.9	0	4.34027777777778	12.0835960474157	330
ST._PETERS	2023	9	26	269	10.2	15.7	9.04446822952072	-999.9	0	3.35648148148147	11.4784318643214	330
ST._PETERS	2023	9	27	270	8.3	15.3	10.0832933751888	-999.9	0	2.03703703703704	12.6346692147161	330
ST._PETERS	2023	9	28	271	5.7	17.2	12.7703186080065	-999.9	0	2.1412037037037	12.6760778530215	330
ST._PETERS	2023	9	29	272	4.5	19.3	14.3130290662459	-999.9	0.2	1.57407407407407	12.1646051085899	330
ST._PETERS	2023	9	30	273	9.6	20.1	11.909470401932	-999.9	0	1.9212962962963	14.8848216886855	330
ST._PETERS	2023	10	1	274	8.2	21.5	13.2394751235433	-999.9	0	1.90972222222222	14.641292211568	330
ST._PETERS	2023	10	2	275	10.9	18.4	9.81914442788419	-999.9	0	2.91666666666667	12.0631453305275	330
ST._PETERS	2023	10	3	276	11.7	21.8	11.2526193982017	-999.9	0	5.02314814814814	15.4794476472274	330
ST._PETERS	2023	10	4	277	8.6	15.2	8.98188916140817	-999.9	0	2.30324074074074	10.4742670724178	330
ST._PETERS	2023	10	5	278	12.2	22.5	11.078246636762	-999.9	0	3.93518518518519	16.6027764170415	330
ST._PETERS	2023	10	6	279	13.5	23.4	10.7221466757043	-999.9	0	4.40972222222222	17.6945406632212	330
ST._PETERS	2023	10	7	280	13.5	21	9.21218672724036	-999.9	0	3.07870370370369	16.8948901111865	330
ST._PETERS	2023	10	8	281	8.6	19.1	10.7585114440113	-999.9	26.4	4.22453703703703	14.8161640881046	330
ST._PETERS	2023	10	9	282	7.4	18.3	10.8182006227359	-999.9	3.5	2.52314814814815	12.7107514177563	330
ST._PETERS	2023	10	10	283	7.2	16.1	9.64675481746149	-999.9	1.4	3.02083333333333	12.4173568811113	330
ST._PETERS	2023	10	11	284	6.6	18.3	10.9140341252411	-999.9	2.4	2.5	12.0476888110733	330
ST._PETERS	2023	10	12	285	8.8	17.2	9.12433861236792	-999.9	1	1.5162037037037	13.5961774812104	330
ST._PETERS	2023	10	13	286	10.2	16.6	7.85752872570067	-999.9	37.4	2.09490740740741	14.5090909236668	330
ST._PETERS	2023	10	14	287	8.9	11.9	5.30710197848316	-999.9	8.7	6.67824074074075	11.9510875285212	330
ST._PETERS	2023	10	15	288	7.9	14.7	7.88170990453236	-999.9	0	4.32870370370369	10.9238925159882	330
ST._PETERS	2023	10	16	289	8.4	12.4	5.96259644940832	-999.9	19	7.04861111111111	11.5025919700557	330
ST._PETERS	2023	10	17	290	6.6	9.6	5.09304710960825	-999.9	0	4.44444444444444	8.12043940619885	330
ST._PETERS	2023	10	18	291	6	12.5	7.39366306841258	-999.9	0.2	3.24074074074075	8.64082500327354	330
ST._PETERS	2023	10	19	292	7.2	14	7.45795497704722	-999.9	0	3.42013888888889	10.3617991147641	330
ST._PETERS	2023	10	20	293	9.9	17.5	7.77522687419597	-999.9	0	4.53703703703703	12.2113968813039	330
ST._PETERS	2023	10	21	294	11.8	14.3	4.39742289829518	-999.9	22	2.95138888888889	14.7803606811868	330
ST._PETERS	2023	10	22	295	8	14	6.71752389498948	-999.9	8.3	5.3125	12.6250927884137	330
ST._PETERS	2023	10	23	296	5.2	8.3	4.76108290463683	-999.9	5.5	6.64351851851853	8.12635137747911	330
ST._PETERS	2023	10	24	297	3.2	12.3	8.04313684325896	-999.9	0	2.83564814814814	7.76585721084922	330
ST._PETERS	2023	10	25	298	7.5	15.4	7.38906454899768	-999.9	0	4.84953703703703	11.5180304360863	330
ST._PETERS	2023	10	26	299	7.8	15	6.95516493580136	-999.9	0	2.19907407407407	11.6450320546131	330
ST._PETERS	2023	10	27	300	8.4	13.7	5.88357696279622	-999.9	1.4	3.06712962962964	12.2448657395945	330
ST._PETERS	2023	10	28	301	8.3	21.4	9.12014104099781	-999.9	0	5.92592592592592	13.6271767337105	330
ST._PETERS	2023	10	29	302	4	8.5	5.27032977390871	-999.9	0	6.14583333333333	6.12385826303593	330
ST._PETERS	2023	10	30	303	1.2	4.9	4.71199143377487	-999.9	6.3	2.19907407407407	6.38488018356575	330
ST._PETERS	2023	10	31	304	0.7	5.7	5.40095488184744	-999.9	4.2	4.00462962962964	6.21471491727509	330
ST._PETERS	2023	11	1	305	0.3	4.4	4.82250480923299	-999.9	2.3	2.73148148148148	5.73181660450556	330
ST._PETERS	2023	11	2	306	-0.5	5.2	5.60699542345314	-999.9	6.2	4.34027777777778	5.23643690857004	330
ST._PETERS	2023	11	3	307	-1.1	8.8	7.28690167187559	-999.9	0	4.30555555555556	5.8962799624341	330
ST._PETERS	2023	11	4	308	3.5	13.9	7.36544169364123	-999.9	0	5.04629629629631	8.86257372522996	330
ST._PETERS	2023	11	5	309	1.5	6.7	5.13651737867076	-999.9	0.2	3.65740740740742	6.77260503848279	330
ST._PETERS	2023	11	6	310	-2.4	5.3	6.16494974220399	-999.9	0	3.88888888888889	3.85574513699997	330
ST._PETERS	2023	11	7	311	-0.9	10.2	7.30127915331428	-999.9	7	4.00462962962964	6.28056349951701	330
ST._PETERS	2023	11	8	312	0.2	10.6	6.97184605321567	-999.9	10.1	6.51620370370369	8.12594231432385	330
ST._PETERS	2023	11	9	313	3.5	7.3	4.15777713978046	-999.9	1.6	5.76388888888889	7.79564997083171	330
ST._PETERS	2023	11	10	314	2.1	5.2	3.70542080911687	-999.9	0.7	4.39814814814814	6.39944108284956	330
ST._PETERS	2023	11	11	315	1.3	4.2	3.53668518493299	-999.9	4.5	3.29861111111111	6.29941689619828	330
ST._PETERS	2023	11	12	316	1.2	4.8	3.88908406956283	-999.9	1.2	5.04629629629631	5.70233862567758	330
ST._PETERS	2023	11	13	317	-0.2	3.7	3.99567014370752	-999.9	3.2	2.48842592592593	6.27620433559493	330
ST._PETERS	2023	11	14	318	-0.7	4.4	4.51098002255966	-999.9	0.8	1.65509259259259	5.86416596976893	330
ST._PETERS	2023	11	15	319	0.8	5.2	4.13725832278873	-999.9	0.7	2.89351851851853	6.29223572488561	330
ST._PETERS	2023	11	16	320	1.3	7.8	4.96615493777758	-999.9	0	4.82638888888889	6.59514744265627	330
ST._PETERS	2023	11	17	321	-0.7	12.4	6.96399076308043	-999.9	0	4.42129629629631	6.4676127492657	330
ST._PETERS	2023	11	18	322	5.5	16.6	6.33329264778559	-999.9	34.7	6.29629629629631	11.4993233140227	330
ST._PETERS	2023	11	19	323	-0.3	5.6	4.56279679353149	-999.9	0	5.75231481481481	5.79335235500542	330
ST._PETERS	2023	11	20	324	-1.5	3.5	4.15167823212954	-999.9	2.7	4.64120370370369	4.85500411056104	330
ST._PETERS	2023	11	21	325	-1.8	3.4	4.18577067508138	-999.9	0.7	4.74537037037036	4.38986622930836	330
ST._PETERS	2023	11	22	326	-0.6	3.6	3.71997487216869	-999.9	4.4	2.74305555555556	4.6593815957095	330
ST._PETERS	2023	11	23	327	2.3	6.9	3.85076862513486	-999.9	10.5	4.42129629629631	8.16427932600559	330
ST._PETERS	2023	11	24	328	-5.3	4.9	5.67333330069076	-999.9	1.1	6.52777777777778	4.44344966839392	330
ST._PETERS	2023	11	25	329	-7.7	-3.1	3.77058190889957	-999.9	1.4	5.96064814814814	2.73268883713131	330
ST._PETERS	2023	11	26	330	-5.5	2.8	5.01402238167078	-999.9	0	3.46064814814814	3.91180682628357	330
ST._PETERS	2023	11	27	331	-1	7.9	5.14151857139883	-999.9	28.4	6.29629629629631	6.71587099977081	330
ST._PETERS	2023	11	28	332	-2.9	6.9	5.34435027354071	-999.9	0.4	4.27083333333333	5.91614987215257	330
ST._PETERS	2023	11	29	333	-5.2	-1.2	3.38328377409849	-999.9	0	6.20370370370369	3.18652420885892	330
ST._PETERS	2023	11	30	334	-7.3	2.1	5.14096571489357	-999.9	0	4.66435185185186	3.42074501521327	330
ST._PETERS	2023	12	1	335	1.9	9.1	4.46138596721937	-999.9	0	4.97685185185186	7.22638209679433	330
ST._PETERS	2023	12	2	336	1	5.1	3.33943639394271	-999.9	7.7	3.29861111111111	7.30394096492517	330
ST._PETERS	2023	12	3	337	-0.5	2	2.58754716405441	-999.9	0	3.81944444444444	4.73942965127181	330
ST._PETERS	2023	12	4	338	-0.2	1.4	2.05484404964877	-999.9	10.6	5.63657407407408	5.88406993767032	330
ST._PETERS	2023	12	5	339	-2.5	0.1	2.60120062607904	-999.9	1.9	5.27777777777778	4.65752473514815	330
ST._PETERS	2023	12	6	340	-5.6	0.6	3.99046004101415	-999.9	0.3	4.62962962962964	3.84639590625984	330
ST._PETERS	2023	12	7	341	-3.5	0.5	3.18546241927129	-999.9	9.3	5.98379629629631	4.07703710629249	330
ST._PETERS	2023	12	8	342	-4	2.1	3.91112584502158	-999.9	0.2	7.70833333333333	4.18386839586607	330
ST._PETERS	2023	12	9	343	-4	1.7	3.76054758695391	-999.9	0	3.65740740740742	4.53604041348047	330
ST._PETERS	2023	12	10	344	-2.8	11.7	5.96842907473256	-999.9	0	4.36342592592592	6.91239130681397	330
ST._PETERS	2023	12	11	345	3.5	17.4	5.81747275011738	-999.9	1.9	10.7986111111111	10.874698188204	330
ST._PETERS	2023	12	12	346	-2.8	3.5	3.90067193376555	-999.9	0	5.98379629629631	4.46747254487775	330
ST._PETERS	2023	12	13	347	-4.6	4.1	4.56735454011642	-999.9	1	5.48611111111111	4.67028487551556	330
ST._PETERS	2023	12	14	348	-7.3	-2.4	3.41692205080813	-999.9	1.3	7.77777777777778	2.84005134068367	330
ST._PETERS	2023	12	15	349	-6.7	5.6	5.39907641565761	-999.9	0	5.89120370370369	4.32068366124597	330
ST._PETERS	2023	12	16	350	-4.4	3.2	4.23451091686856	-999.9	0	6.03009259259258	3.68420901426356	330
ST._PETERS	2023	12	17	351	-5.3	5.2	4.96845925946832	-999.9	0	4.57175925925925	4.48349997308831	330
ST._PETERS	2023	12	18	352	4.9	14	4.61934743373374	-999.9	6.6	7.43055555555556	9.96008390053595	330
ST._PETERS	2023	12	19	353	6.9	14.8	4.30040552152557	-999.9	1.6	6.18055555555556	12.035604396999	330
ST._PETERS	2023	12	20	354	0.4	6.9	3.8993492295781	-999.9	9.3	4.16666666666667	7.30608371816538	330
ST._PETERS	2023	12	21	355	-5.2	0.6	3.68377398279689	-999.9	0.7	10.8449074074074	3.88869832791083	330
ST._PETERS	2023	12	22	356	-4.7	-2.1	2.46781785445249	-999.9	1.1	9.01620370370369	3.4996131406314	330
ST._PETERS	2023	12	23	357	-5.3	-1.5	2.98654658745066	-999.9	0	4.17824074074075	3.01786889715427	330
ST._PETERS	2023	12	24	358	-3.5	5.2	4.52575679995989	-999.9	0	4.375	3.91023269684689	330
ST._PETERS	2023	12	25	359	-2.3	7.6	4.83732663634218	-999.9	0	3.22916666666667	5.37111445560524	330
ST._PETERS	2023	12	26	360	2.8	8.3	3.614318004511	-999.9	0	4.95370370370369	7.47960782926567	330
ST._PETERS	2023	12	27	361	-0.4	2.9	2.80775174608745	-999.9	0	1.41203703703704	5.37669622476884	330
ST._PETERS	2023	12	28	362	-3.2	2.8	3.79867269747056	-999.9	0	1.66666666666667	5.06598629238331	330
ST._PETERS	2023	12	29	363	-0.7	1.6	2.36086135335278	-999.9	22.5	3.69212962962964	5.66792480207531	330
ST._PETERS	2023	12	30	364	0.1	1.8	2.03833183082048	-999.9	4.8	1.84027777777778	6.37317376417339	330
ST._PETERS	2023	12	31	365	-1.6	0.9	2.48344948244692	-999.9	3.2	5.06944444444445	5.11932208818993	330
