ST._PETERS	2001	1	1	1	-1.5	0	1.94543747511429	-999.9	2	8.69	5.56936222111139	330
ST._PETERS	2001	1	2	2	-8.5	-0.5	4.51764202294808	-999.9	0	6.2	4.69934279777402	330
ST._PETERS	2001	1	3	3	-10	-5	3.59275926644132	-999.9	6	5.81	3.32695561405308	330
ST._PETERS	2001	1	4	4	-16.5	-1	6.36594665922584	-999.9	0	5.89	3.79761542815838	330
ST._PETERS	2001	1	5	5	-16	-4	5.63917991490255	-999.9	0	6.77	3.80008455212512	330
ST._PETERS	2001	1	6	6	-20.5	-0.5	7.33227743674967	-999.9	27	6.43	3.82086569922013	330
ST._PETERS	2001	1	7	7	-4	-0.5	3.09045851618566	-999.9	22	13.09	5.68106577783338	330
ST._PETERS	2001	1	8	8	-7.5	-2.5	3.72307035408513	-999.9	0	7.84	4.83796835262639	330
ST._PETERS	2001	1	9	9	-11	-4.5	4.28014376557014	-999.9	1	2.94	4.03787073718643	330
ST._PETERS	2001	1	10	10	-11	-3.5	4.63736692451621	-999.9	5	7.27	3.91204506765059	330
ST._PETERS	2001	1	11	11	-13	-5	4.83252583267398	-999.9	7	6.24	3.28956696406284	330
ST._PETERS	2001	1	12	12	-10	-5	3.85608999335227	-999.9	5	8.86	3.5419708649696	330
ST._PETERS	2001	1	13	13	-14	-3.5	5.64195583061473	-999.9	0	7.34	3.12229024376671	330
ST._PETERS	2001	1	14	14	-13.5	-1.5	6.09163192694097	-999.9	1	10.06	4.03992965440175	330
ST._PETERS	2001	1	15	15	-10	-4.5	4.16641620948103	-999.9	4	5.38	3.15210290659149	330
ST._PETERS	2001	1	16	16	-12	-1.5	5.81754307734728	-999.9	5	6.67	4.80777514698798	330
ST._PETERS	2001	1	17	17	-6	-4	2.56651635366932	-999.9	4	6.53	4.33814798972244	330
ST._PETERS	2001	1	18	18	-13	-6.5	4.67826963047547	-999.9	3	6.3	3.11137231739943	330
ST._PETERS	2001	1	19	19	-17.5	-2	7.3064162064868	-999.9	6	7.05	3.85669535940298	330
ST._PETERS	2001	1	20	20	-14	-8.5	4.40286474242831	-999.9	3	8.84	3.47388712871879	330
ST._PETERS	2001	1	21	21	-17	-5.5	6.44197164571299	-999.9	3	6.3	3.29203652605731	330
ST._PETERS	2001	1	22	22	-14	-6.5	5.26516357967895	-999.9	0	8.51	3.12117259141807	330
ST._PETERS	2001	1	23	23	-18.5	-0.5	8.25694376496521	-999.9	0	8.21	3.58843281986028	330
ST._PETERS	2001	1	24	24	-6	1	5.21338120869521	-999.9	0	4.21	4.73240201536482	330
ST._PETERS	2001	1	25	25	-14	-3.5	6.4659620354962	-999.9	0	5.04	4.16559559045012	330
ST._PETERS	2001	1	26	26	-21.5	-3	8.69297040220019	-999.9	0	4.48	3.2799911805529	330
ST._PETERS	2001	1	27	27	-21.5	-3.5	8.68627197184968	-999.9	1	3.2	3.81490910411419	330
ST._PETERS	2001	1	28	28	-6.5	-2.5	4.14866397073014	-999.9	5	7.22	4.29091346184683	330
ST._PETERS	2001	1	29	29	-10	-5.5	4.45889455400628	-999.9	2	7.61	3.21266458729618	330
ST._PETERS	2001	1	30	30	-17.5	-0.5	8.78304435057795	-999.9	8	7.23	3.94674966024357	330
ST._PETERS	2001	1	31	31	-11	-5	5.28869324282764	-999.9	6	8.93	3.55556607526368	330
ST._PETERS	2001	2	1	32	-12.5	-5	5.99381797817323	-999.9	2	3.83	3.33335331925551	330
ST._PETERS	2001	2	2	33	-17	-3.5	8.15236554412133	-999.9	3	4.04	3.75604003869395	330
ST._PETERS	2001	2	3	34	-11	-3.5	6.16070833417902	-999.9	2	7.28	3.97369742810303	330
ST._PETERS	2001	2	4	35	-16	-5.5	7.39116960305241	-999.9	1	4.26	3.50158153583623	330
ST._PETERS	2001	2	5	36	-17	-1.5	9.10613410936588	-999.9	8	4.69	3.94357832655044	330
ST._PETERS	2001	2	6	37	-4	1	5.24481372376046	-999.9	7	12.6	5.28794714328151	330
ST._PETERS	2001	2	7	38	-7	-3.5	4.45019751117844	-999.9	3	11.71	4.33121774038444	330
ST._PETERS	2001	2	8	39	-6	-2.5	4.51335025732722	-999.9	0	12.1	4.22050266803438	330
ST._PETERS	2001	2	9	40	-6.5	1.5	6.92063023887526	-999.9	9	5.89	3.74056504251118	330
ST._PETERS	2001	2	10	41	-5.5	6.5	8.5968476945408	-999.9	6.8	13.78	5.19801356098563	330
ST._PETERS	2001	2	11	42	-16.5	-7.5	7.55138620560295	-999.9	4	18.23	2.47886360827267	330
ST._PETERS	2001	2	12	43	-18	-9.5	7.44350036824951	-999.9	0	10.94	2.79048442467012	330
ST._PETERS	2001	2	13	44	-17.5	-3.5	9.68938804101205	-999.9	10	4.77	3.22587325271878	330
ST._PETERS	2001	2	14	45	-17.5	-1.5	10.5064503537236	-999.9	14	5.91	3.35319024903605	330
ST._PETERS	2001	2	15	46	-6.5	0	6.79223118363128	-999.9	7	12.41	4.33871638081458	330
ST._PETERS	2001	2	16	47	-13	-3	8.54493320696734	-999.9	3	7.19	2.91027383343279	330
ST._PETERS	2001	2	17	48	-13	-1.5	9.29395959979338	-999.9	11	8.26	4.55357261010805	330
ST._PETERS	2001	2	18	49	-20	-12.5	7.6122534987455	-999.9	0	11.73	2.30376504808412	330
ST._PETERS	2001	2	19	50	-21	-1	12.6070445876021	-999.9	7	8.06	3.37352786700746	330
ST._PETERS	2001	2	20	51	-3.5	4	7.82937325713474	-999.9	0	7.97	5.74269680998947	330
ST._PETERS	2001	2	21	52	-3.5	5.5	8.69752438174182	-999.9	12	9.08	5.06045890173592	330
ST._PETERS	2001	2	22	53	-21.5	-15	7.49526046831372	-999.9	0	13.81	1.52800974206155	330
ST._PETERS	2001	2	23	54	-27	-8	12.9938507373559	-999.9	5	5.68	2.1613439900342	330
ST._PETERS	2001	2	24	55	-11.5	-7.5	6.04498610716784	-999.9	5	14.22	2.90220102122291	330
ST._PETERS	2001	2	25	56	-13.5	-5.5	8.66733725923369	-999.9	0	6.23	2.43754128758123	330
ST._PETERS	2001	2	26	57	-12.5	-1.5	10.3034249947346	-999.9	6	6.4	4.09109476125108	330
ST._PETERS	2001	2	27	58	-7	-3	6.29835485695724	-999.9	2	7.87	4.15056309004076	330
ST._PETERS	2001	2	28	59	-14	-10	6.38417040708631	-999.9	1	11.36	2.25256770626492	330
ST._PETERS	2001	3	1	60	-21	-10.5	10.4835950130491	-999.9	0	6.12	1.84728534715741	330
ST._PETERS	2001	3	2	61	-23.5	-7	13.3186680602672	-999.9	3	2.97	1.97791393213168	330
ST._PETERS	2001	3	3	62	-13	-5.5	9.09941048032645	-999.9	4	3.13	2.88506384041663	330
ST._PETERS	2001	3	4	63	-13	-3	10.6464668843808	-999.9	1	7.01	4.1049368701264	330
ST._PETERS	2001	3	5	64	-4	1	7.62730411288919	-999.9	0	4.39	4.83426637785607	330
ST._PETERS	2001	3	6	65	-3.5	-1	5.46377681607015	-999.9	2	11.94	4.64314788248888	330
ST._PETERS	2001	3	7	66	-4	-0.5	6.54860689396475	-999.9	0	11.52	4.50143150395005	330
ST._PETERS	2001	3	8	67	-8	-1	9.38014902714623	-999.9	0	4.43	4.0317780811963	330
ST._PETERS	2001	3	9	68	-6	2	10.1555691189015	-999.9	5	2.92	3.8673697123462	330
ST._PETERS	2001	3	10	69	-4	3.5	9.95726639049309	-999.9	10	9.12	5.25278427010318	330
ST._PETERS	2001	3	11	70	-2.5	5	10.0818680498525	-999.9	2	10.67	5.36468921427775	330
ST._PETERS	2001	3	12	71	-5	-0.5	7.90618975415266	-999.9	0	9.67	4.48404754249081	330
ST._PETERS	2001	3	13	72	-11.5	1.5	13.6029180359583	-999.9	7	5.23	3.64475382510008	330
ST._PETERS	2001	3	14	73	-3	5.5	11.1331303868452	-999.9	0.6	8.49	5.91274595579011	330
ST._PETERS	2001	3	15	74	-0.5	3	7.22997017005529	-999.9	0	10.28	5.21495054123949	330
ST._PETERS	2001	3	16	75	-3.5	2.5	9.57897984909004	-999.9	0	11.2	4.70869250690553	330
ST._PETERS	2001	3	17	76	-5	2	10.468383739371	-999.9	0	6.9	5.08999927459881	330
ST._PETERS	2001	3	18	77	-5	0.5	9.38737451140014	-999.9	1.6	5.96	5.43909290386557	330
ST._PETERS	2001	3	19	78	-1	1	5.72604311454967	-999.9	2	8.69	5.63447625255996	330
ST._PETERS	2001	3	20	79	-3.5	1	8.68693936394096	-999.9	0	4.35	4.98116513605088	330
ST._PETERS	2001	3	21	80	-11	7	17.5695775287063	-999.9	0	2.4	4.32054752760056	330
ST._PETERS	2001	3	22	81	-7	2.5	12.9060865893744	-999.9	8	6.32	4.61262963350091	330
ST._PETERS	2001	3	23	82	-2	2	8.4666819106189	-999.9	6.4	13.28	5.68045247050553	330
ST._PETERS	2001	3	24	83	-0.5	1.5	6.05189145347987	-999.9	2	9.05	5.91004451751896	330
ST._PETERS	2001	3	25	84	-2.5	1.5	8.65049768376584	-999.9	1	10.06	4.87952343109648	330
ST._PETERS	2001	3	26	85	-8	2	13.8225400985926	-999.9	0	6.26	4.14939581975913	330
ST._PETERS	2001	3	27	86	-8	3	14.6488152044875	-999.9	0	2.92	3.85232082351053	330
ST._PETERS	2001	3	28	87	-9	1.5	14.4597380423559	-999.9	0	6.55	4.07984621957303	330
ST._PETERS	2001	3	29	88	-8	2.5	14.6070048230415	-999.9	0	4.52	4.84042802165869	330
ST._PETERS	2001	3	30	89	-3.5	7	14.7537660100383	-999.9	6	3.2	5.13580323702593	330
ST._PETERS	2001	3	31	90	-2.5	0	7.27044188171202	-999.9	14	13.05	5.45239824706971	330
ST._PETERS	2001	4	1	91	-3.5	-1	7.34148826809545	-999.9	6	9.45	4.96460732598485	330
ST._PETERS	2001	4	2	92	-2.5	0.5	8.11967601453518	-999.9	8	10.51	5.67693353330878	330
ST._PETERS	2001	4	3	93	-2	-1.5	3.34632148319282	-999.9	17	14.28	5.07846418022064	330
ST._PETERS	2001	4	4	94	-3	0.5	8.93638478360049	-999.9	0	6.26	4.40830651058442	330
ST._PETERS	2001	4	5	95	-10.5	3	17.7125256541767	-999.9	0	4.92	5.10957686942068	330
ST._PETERS	2001	4	6	96	-6	0	11.9155917246691	-999.9	0	7	4.38109215681965	330
ST._PETERS	2001	4	7	97	-10	0	15.5205469519695	-999.9	0	7.06	5.03998004133283	330
ST._PETERS	2001	4	8	98	-8	3.5	16.790502269896	-999.9	0	3.55	4.61562256037761	330
ST._PETERS	2001	4	9	99	-2.5	3	11.7123663965197	-999.9	6	4.17	5.25529898757211	330
ST._PETERS	2001	4	10	100	-2	0.5	7.96384384386234	-999.9	4	4.76	5.49003950121041	330
ST._PETERS	2001	4	11	101	-3	0	8.79718625561289	-999.9	0	7.16	5.14098298577744	330
ST._PETERS	2001	4	12	102	-8.5	2.5	16.9844333243594	-999.9	0	5.02	4.64801333277396	330
ST._PETERS	2001	4	13	103	-3	2.5	12.107344427255	-999.9	3.2	8.95	5.69298607243988	330
ST._PETERS	2001	4	14	104	-0.5	1.5	7.35930522742317	-999.9	9.4	8.8	6.16650595775209	330
ST._PETERS	2001	4	15	105	-0.5	0.5	5.2446641731213	-999.9	11	9.23	6.18886455944571	330
ST._PETERS	2001	4	16	106	-1.5	2	9.88756512037257	-999.9	0	6.26	6.15118779201553	330
ST._PETERS	2001	4	17	107	-0.5	6	13.5766192593864	-999.9	0	4.43	5.78719917876926	330
ST._PETERS	2001	4	18	108	-5.5	4.5	16.965113331483	-999.9	14	6.55	5.93848824466479	330
ST._PETERS	2001	4	19	109	-1	5	13.2372138733213	-999.9	0	8.98	5.67660689614366	330
ST._PETERS	2001	4	20	110	-2	9	18.0519495009055	-999.9	0	6.96	5.55010881671736	330
ST._PETERS	2001	4	21	111	-1	10.5	18.5877290778829	-999.9	0	5.53	6.10500159159353	330
ST._PETERS	2001	4	22	112	-0.5	10.5	18.3048627698359	-999.9	4.4	8.08	8.51851594415333	330
ST._PETERS	2001	4	23	113	1	3	7.85816547459454	-999.9	0	9.04	6.05901336016889	330
ST._PETERS	2001	4	24	114	-2	16.5	24.0586711676306	-999.9	0	7.73	7.55928136928306	330
ST._PETERS	2001	4	25	115	4	6.5	8.90182784426357	-999.9	0	5.07	6.67589605086949	330
ST._PETERS	2001	4	26	116	-3.5	10	20.8182181819986	-999.9	0	1.85	5.0286882919601	330
ST._PETERS	2001	4	27	117	-1.5	4.5	13.965745091092	-999.9	41	4.57	6.18578388249845	330
ST._PETERS	2001	4	28	118	0	5	12.8271417232059	-999.9	1	7.88	5.73131533157167	330
ST._PETERS	2001	4	29	119	-5	2	15.2684577487719	-999.9	0	3.48	4.23047375279803	330
ST._PETERS	2001	4	30	120	-7	6.5	21.3284560084299	-999.9	0	3.39	4.5318949215074	330
ST._PETERS	2001	5	1	121	-7	12.5	25.7811097869562	-999.9	0	2.9	5.11690881879118	330
ST._PETERS	2001	5	2	122	-2	6	16.6060644958048	-999.9	1.4	2.83	6.53194216333384	330
ST._PETERS	2001	5	3	123	-0.5	20	26.7289564643344	-999.9	4.6	4.74	8.93065821020036	330
ST._PETERS	2001	5	4	124	9	15	14.5381864109268	-999.9	0.8	6.32	8.9277747402762	330
ST._PETERS	2001	5	5	125	1.5	12	19.3332668984616	-999.9	0	4.89	7.05232768321625	330
ST._PETERS	2001	5	6	126	0	10.5	19.4324676603508	-999.9	0	4.02	5.62241901760685	330
ST._PETERS	2001	5	7	127	-1.5	20	27.9461651627444	-999.9	0	5.79	7.73478475072519	330
ST._PETERS	2001	5	8	128	4	24	27.0853789789239	-999.9	0	4.32	9.38168589863318	330
ST._PETERS	2001	5	9	129	4	23	26.5253512459144	-999.9	15	4.61	8.28743839872712	330
ST._PETERS	2001	5	10	130	4.5	9	12.9688890506217	-999.9	54.6	7.19	8.50768123676295	330
ST._PETERS	2001	5	11	131	3	5.5	9.71016698120208	-999.9	4.6	8.47	8.27703188901028	330
ST._PETERS	2001	5	12	132	3	12	18.5048842260345	-999.9	1.4	3.99	8.7711195582926	330
ST._PETERS	2001	5	13	133	6.5	17.5	20.5455784811744	-999.9	0	4.33	11.1527120546312	330
ST._PETERS	2001	5	14	134	6.5	11	13.1957454603451	-999.9	3	5.83	9.35105768145209	330
ST._PETERS	2001	5	15	135	6.5	12	14.6475038322525	-999.9	0	9.94	8.61429696249412	330
ST._PETERS	2001	5	16	136	5	10	14.0207443382325	-999.9	0	8.23	8.27578841069148	330
ST._PETERS	2001	5	17	137	3	7	12.5883633285525	-999.9	0	7.45	8.20574475704863	330
ST._PETERS	2001	5	18	138	3.5	14	20.470891633582	-999.9	0	3.73	8.14699580047329	330
ST._PETERS	2001	5	19	139	2	15	22.8594862333402	-999.9	0	3.14	8.35825600636523	330
ST._PETERS	2001	5	20	140	3	10.5	17.4232091682506	-999.9	0	4.48	7.88319496119409	330
ST._PETERS	2001	5	21	141	-4	18	29.940692399676	-999.9	0	3.46	7.86907975251346	330
ST._PETERS	2001	5	22	142	4	14.5	20.7514560459917	-999.9	0	4.89	8.82486777078575	330
ST._PETERS	2001	5	23	143	0.5	18.5	27.2548777774102	-999.9	0	3	8.3801914556893	330
ST._PETERS	2001	5	24	144	5	11	15.7829612419298	-999.9	0	5.57	8.75683035895824	330
ST._PETERS	2001	5	25	145	-2	23	32.3101327214787	-999.9	0	5.3	9.55511277303897	330
ST._PETERS	2001	5	26	146	13	21	18.3282402322932	-999.9	0	4	10.7660247510548	330
ST._PETERS	2001	5	27	147	4	26	30.4751240274421	-999.9	0	4.71	11.3138513663511	330
ST._PETERS	2001	5	28	148	12	23.5	22.0898575092567	-999.9	0	6.95	13.0082233518747	330
ST._PETERS	2001	5	29	149	11	22.5	22.1439149944436	-999.9	0	7.26	13.1012799005981	330
ST._PETERS	2001	5	30	150	10	22.5	23.1405547797717	-999.9	0	5.77	12.674538877189	330
ST._PETERS	2001	5	31	151	7.5	14.5	17.355334061043	-999.9	0	6.52	10.2962236091324	330
ST._PETERS	2001	6	1	152	2.5	15	23.241075251392	-999.9	1	3.18	10.3017986059941	330
ST._PETERS	2001	6	2	153	2.5	17	25.0815658718403	-999.9	0	4.26	10.8990545387582	330
ST._PETERS	2001	6	3	154	7	13	16.1647133781423	-999.9	15.4	6.84	10.7701424867111	330
ST._PETERS	2001	6	4	155	7.5	11	12.3680308675455	-999.9	16.8	9.45	12.0508456141277	330
ST._PETERS	2001	6	5	156	8.5	18	20.4105647620264	-999.9	0	4.81	13.0012763800478	330
ST._PETERS	2001	6	6	157	11.5	15	12.4081361655764	-999.9	0	3.93	12.3523224872024	330
ST._PETERS	2001	6	7	158	8.5	12.5	13.2841741017749	-999.9	0	4.44	12.0790913169168	330
ST._PETERS	2001	6	8	159	6.5	13.5	17.5969918943117	-999.9	0	4.66	9.98247965139361	330
ST._PETERS	2001	6	9	160	0.5	18	27.8577598858387	-999.9	1.8	3.9	10.0879526636382	330
ST._PETERS	2001	6	10	161	6	15.5	20.5484800379092	-999.9	5.6	6.01	12.0339035845495	330
ST._PETERS	2001	6	11	162	1	20.5	29.4699225985775	-999.9	0	3.1	11.0686185458139	330
ST._PETERS	2001	6	12	163	6	24	28.339674367034	-999.9	0	5.64	13.6642314660384	330
ST._PETERS	2001	6	13	164	13	23	21.1401811580381	-999.9	0	6.14	15.7166705807732	330
ST._PETERS	2001	6	14	165	12.5	22.5	21.1549523723061	-999.9	0	2.57	14.4454019357466	330
ST._PETERS	2001	6	15	166	13	22.5	20.6314855755014	-999.9	1.6	2.97	14.2921652586294	330
ST._PETERS	2001	6	16	167	4.5	21	27.2032418435704	-999.9	0	3.91	12.1367235354153	330
ST._PETERS	2001	6	17	168	7.5	26	28.8156178609107	-999.9	0	6.06	14.6623051439244	330
ST._PETERS	2001	6	18	169	17	21.5	14.2155981029085	-999.9	3	6.6	16.2759354412577	330
ST._PETERS	2001	6	19	170	6.5	22.5	26.8095261594487	-999.9	0	4.83	13.6375116443134	330
ST._PETERS	2001	6	20	171	15.5	29	24.6274691912906	-999.9	0	8.4	16.3060645240982	330
ST._PETERS	2001	6	21	172	13	19	16.417453222391	-999.9	0	4.21	12.514512842643	330
ST._PETERS	2001	6	22	173	6.5	24	28.0336711867918	-999.9	0	3.54	13.3974817412795	330
ST._PETERS	2001	6	23	174	12.5	25	23.6864668263897	-999.9	0	7.05	16.6361565201528	330
ST._PETERS	2001	6	24	175	19	26.5	18.3406102854124	-999.9	16.8	7.57	19.2722437635985	330
ST._PETERS	2001	6	25	176	18	25	17.7102051851558	-999.9	14	6.04	18.4510098063831	330
ST._PETERS	2001	6	26	177	14	19.5	15.689203104787	-999.9	0.8	4.9	14.1267353907385	330
ST._PETERS	2001	6	27	178	12	30	28.3631393573073	-999.9	0	7.17	18.8359913727468	330
ST._PETERS	2001	6	28	179	14	19	14.936714482299	-999.9	0	8.44	12.6842985625348	330
ST._PETERS	2001	6	29	180	7.5	17.5	21.1045266327817	-999.9	0	6.3	11.8247287986665	330
ST._PETERS	2001	6	30	181	10	26	26.668256826443	-999.9	8	8.76	16.0031865055901	330
ST._PETERS	2001	7	1	182	16	20	13.3180598099395	-999.9	0	5.3	16.1219011311024	330
ST._PETERS	2001	7	2	183	15	20	14.8729807290983	-999.9	0	9.94	14.5666458830781	330
ST._PETERS	2001	7	3	184	10	21	22.0307171867044	-999.9	0	6.94	13.7011194411619	330
ST._PETERS	2001	7	4	185	12	23	21.998914481146	-999.9	0	6.9	15.5614486600717	330
ST._PETERS	2001	7	5	186	14	20	16.2203178932202	-999.9	3	5.88	18.040832135967	330
ST._PETERS	2001	7	6	187	15	24	19.8326536312224	-999.9	17.2	4.52	18.9091128245567	330
ST._PETERS	2001	7	7	188	12	20.5	19.2420660306362	-999.9	0	8.9	15.0066823460242	330
ST._PETERS	2001	7	8	189	16.5	21.5	14.7303353795833	-999.9	0	5.87	16.0651490549533	330
ST._PETERS	2001	7	9	190	12	21	19.7236508588886	-999.9	4.6	5.35	16.7221755784229	330
ST._PETERS	2001	7	10	191	12	20	18.5567709344466	-999.9	2	6.86	17.4426472173688	330
ST._PETERS	2001	7	11	192	16	25.5	20.1773177963807	-999.9	8.2	4.58	19.0946346764333	330
ST._PETERS	2001	7	12	193	16.5	23	16.6515739972082	-999.9	8.8	5	18.4486111187671	330
ST._PETERS	2001	7	13	194	11.5	22.5	21.60949419751	-999.9	0	7.71	16.2576609028517	330
ST._PETERS	2001	7	14	195	11.5	21.5	20.5518283102736	-999.9	0	5.06	16.4930553256374	330
ST._PETERS	2001	7	15	196	10	25	25.1044518348883	-999.9	0	4.24	17.0431408794737	330
ST._PETERS	2001	7	16	197	10	19.5	19.9238788997134	-999.9	0	4.77	16.619284464352	330
ST._PETERS	2001	7	17	198	13	20	17.0537656281377	-999.9	0	4.71	14.9975335639129	330
ST._PETERS	2001	7	18	199	10	18.5	18.7366516499077	-999.9	0	3.25	15.9037486419609	330
ST._PETERS	2001	7	19	200	5.5	22	26.0248163169774	-999.9	0	2.1	15.3371111321421	330
ST._PETERS	2001	7	20	201	8	27.5	28.2018744185353	-999.9	0	4.34	15.7326558988558	330
ST._PETERS	2001	7	21	202	12.5	30	26.6284750403229	-999.9	0	5.88	17.9682777645689	330
ST._PETERS	2001	7	22	203	18.5	29	20.556065891687	-999.9	2	8.83	18.2193529317548	330
ST._PETERS	2001	7	23	204	17	28.5	21.4369830342704	-999.9	2.6	8.66	19.6842365459064	330
ST._PETERS	2001	7	24	205	19.5	31.5	21.8185508012896	-999.9	9	9.23	20.8823384170317	330
ST._PETERS	2001	7	25	206	16.5	24.5	17.7480960392528	-999.9	0	7.58	19.7842549735577	330
ST._PETERS	2001	7	26	207	15.5	19	11.6939996997834	-999.9	0	6.93	14.4213205663871	330
ST._PETERS	2001	7	27	208	6.5	17.5	20.6489641352968	-999.9	0	7.55	12.4158452086912	330
ST._PETERS	2001	7	28	209	8.5	21	21.922001414776	-999.9	0	4.47	14.4091860336291	330
ST._PETERS	2001	7	29	210	11.5	22.5	20.4783518420214	-999.9	0	3.92	15.5089101889976	330
ST._PETERS	2001	7	30	211	7.5	27.5	27.4939480261656	-999.9	0	2.58	16.7851987701636	330
ST._PETERS	2001	7	31	212	9	26	25.2359581678492	-999.9	0	3.02	17.580272941882	330
ST._PETERS	2001	8	1	213	13	24	20.2075875622477	-999.9	0	4.82	18.0708540173539	330
ST._PETERS	2001	8	2	214	9	31	28.4447154761848	-999.9	2	6.67	18.2939137307917	330
ST._PETERS	2001	8	3	215	19	26.5	16.5288304235759	-999.9	0	6.31	20.1875509878049	330
ST._PETERS	2001	8	4	216	11.5	25	22.0672643108126	-999.9	0	2.34	18.4859091141271	330
ST._PETERS	2001	8	5	217	12.5	29	24.2740561269581	-999.9	0	2.55	18.3704828542412	330
ST._PETERS	2001	8	6	218	17.5	31	21.844114282517	-999.9	0	8.28	20.1784878104179	330
ST._PETERS	2001	8	7	219	21	31.5	19.1636199331025	-999.9	2.6	8.14	22.2444812525417	330
ST._PETERS	2001	8	8	220	16	26	18.6014229195018	-999.9	0	6.72	18.9647965828884	330
ST._PETERS	2001	8	9	221	16	31	22.6570175550806	-999.9	0	5.49	20.1934106508642	330
ST._PETERS	2001	8	10	222	21.5	34	20.5669783885009	-999.9	0	9.14	23.3919921040064	330
ST._PETERS	2001	8	11	223	16.5	23	14.7461183824037	-999.9	0	7.33	16.8562531416061	330
ST._PETERS	2001	8	12	224	6.5	27.5	26.3501544919848	-999.9	0	2.31	16.826368202174	330
ST._PETERS	2001	8	13	225	16	24	16.1665618950542	-999.9	0	3.49	19.1804210298595	330
ST._PETERS	2001	8	14	226	17.5	22	12.0510396498911	-999.9	0	5.12	18.7838596889238	330
ST._PETERS	2001	8	15	227	12	25.5	20.7432546902208	-999.9	0	1.97	15.7693774062267	330
ST._PETERS	2001	8	16	228	12.5	27	21.361497678711	-999.9	0	4.91	17.84593186437	330
ST._PETERS	2001	8	17	229	15	27.5	19.7054366142638	-999.9	9	5.21	19.4927835949465	330
ST._PETERS	2001	8	18	230	15	24	16.6104385703239	-999.9	3	7.25	20.3719438613976	330
ST._PETERS	2001	8	19	231	17	25	15.5553151927585	-999.9	0	6.35	19.8680710693882	330
ST._PETERS	2001	8	20	232	16.5	20.5	10.9240264742326	-999.9	0	4.41	17.4719310706036	330
ST._PETERS	2001	8	21	233	13.5	22	15.8134216644926	-999.9	0.6	4.19	19.9297762132464	330
ST._PETERS	2001	8	22	234	19	26.5	14.748747649405	-999.9	0	3.82	21.603304827076	330
ST._PETERS	2001	8	23	235	16	27	17.7326335894262	-999.9	0	4.06	20.1743634002505	330
ST._PETERS	2001	8	24	236	13	19.5	13.5310033863785	-999.9	6.6	9.2	15.6089707302547	330
ST._PETERS	2001	8	25	237	12.5	18	12.3536396054636	-999.9	0	6.14	10.764571840942	330
ST._PETERS	2001	8	26	238	6.5	23	21.2343730131997	-999.9	0	9.13	14.1027354224325	330
ST._PETERS	2001	8	27	239	11.5	27.5	20.7484082104216	-999.9	1	6.2	17.3349760152933	330
ST._PETERS	2001	8	28	240	17.5	23.5	12.6058167998503	-999.9	0.6	3.43	19.4046737058416	330
ST._PETERS	2001	8	29	241	13	19.5	13.0156450130295	-999.9	1.2	6.51	17.61607509994	330
ST._PETERS	2001	8	30	242	8	20	17.5410750077665	-999.9	0	5.11	12.4390010019129	330
ST._PETERS	2001	8	31	243	10.5	27.5	20.7056740892886	-999.9	0	8.89	17.0754040481894	330
ST._PETERS	2001	9	1	244	17	29	17.2503334546518	-999.9	16.6	9.37	19.1064259522367	330
ST._PETERS	2001	9	2	245	11	17.5	12.5877472216324	-999.9	0	6.99	12.5313643230922	330
ST._PETERS	2001	9	3	246	5	21.5	19.8820044807537	-999.9	0	5.65	13.1420441958964	330
ST._PETERS	2001	9	4	247	10	24	18.1531241948807	-999.9	0	7.59	15.3266394278471	330
ST._PETERS	2001	9	5	248	12	16	9.61675945877516	-999.9	2.4	8.81	14.3304869388994	330
ST._PETERS	2001	9	6	249	11	16	10.654604434375	-999.9	0.6	10.27	10.7963677903884	330
ST._PETERS	2001	9	7	250	2.5	23.5	21.6350390568681	-999.9	0	4.88	13.6853436301831	330
ST._PETERS	2001	9	8	251	14	27	16.8638814278342	-999.9	0	7.83	17.79115246852	330
ST._PETERS	2001	9	9	252	18	32.5	17.6420812081306	-999.9	0	6.79	19.9671025572565	330
ST._PETERS	2001	9	10	253	17	29	15.8956591607577	-999.9	0	5.61	18.5035783037983	330
ST._PETERS	2001	9	11	254	17	25.5	13.2483467664545	-999.9	0	6.22	17.5818413492357	330
ST._PETERS	2001	9	12	255	6	18.5	15.9079352084272	-999.9	0	5.59	10.9043280634617	330
ST._PETERS	2001	9	13	256	1	20	19.4171090601316	-999.9	0	2.97	11.6327889340114	330
ST._PETERS	2001	9	14	257	7.5	16.5	13.2288013711209	-999.9	0	7.66	12.7929715993408	330
ST._PETERS	2001	9	15	258	2	17	16.9035922872642	-999.9	0	5.96	10.0049281586241	330
ST._PETERS	2001	9	16	259	5	20.5	17.0049838036157	-999.9	0	7.86	12.4145240263068	330
ST._PETERS	2001	9	17	260	7	23	17.0958395858035	-999.9	0	4.5	14.470249966855	330
ST._PETERS	2001	9	18	261	6.5	21	16.1019265384968	-999.9	0	6.85	14.434553126372	330
ST._PETERS	2001	9	19	262	9.5	16.5	11.0675086908378	-999.9	0	7.67	10.2952134194901	330
ST._PETERS	2001	9	20	263	-2.5	20	19.6265091062233	-999.9	0	3.55	10.6869841792915	330
ST._PETERS	2001	9	21	264	9	23	15.3112647454337	-999.9	0	5.96	15.9993910947114	330
ST._PETERS	2001	9	22	265	17	24.5	11.0819866632168	-999.9	28.6	8.21	18.8849534433695	330
ST._PETERS	2001	9	23	266	17.5	23	9.38325276196302	-999.9	0	4.55	18.5429974532244	330
ST._PETERS	2001	9	24	267	12	25	14.2618033146081	-999.9	0	1.87	16.6190637479143	330
ST._PETERS	2001	9	25	268	14	22	11.0592225589257	-999.9	1	3.13	17.7986378208038	330
ST._PETERS	2001	9	26	269	13	21.5	11.2671121543357	-999.9	14.8	4.95	19.4273345237555	330
ST._PETERS	2001	9	27	270	11.5	17	8.95685159722961	-999.9	4.2	7.86	14.6426169363199	330
ST._PETERS	2001	9	28	271	7.5	12.5	8.43874591615181	-999.9	3.2	6.53	9.65150575742007	330
ST._PETERS	2001	9	29	272	2.5	12.5	11.7912675960035	-999.9	2.2	6.33	10.3631781287152	330
ST._PETERS	2001	9	30	273	0	17	15.1880502119055	-999.9	0	4.8	10.0304396315106	330
ST._PETERS	2001	10	1	274	1	19.5	15.6505930952126	-999.9	0	5.03	11.4511096625777	330
ST._PETERS	2001	10	2	275	3	21	15.2475387206959	-999.9	0	5.88	12.8628437902567	330
ST._PETERS	2001	10	3	276	5	16.5	12.0360252516495	-999.9	0	6.54	12.4127151394123	330
ST._PETERS	2001	10	4	277	9	24	13.5738672042502	-999.9	0	8.27	15.7830093651323	330
ST._PETERS	2001	10	5	278	14	21.5	9.47690600227962	-999.9	0	5.12	14.9660815477511	330
ST._PETERS	2001	10	6	279	10	24.5	13.0092787355488	-999.9	3.2	10.8	16.5771069786635	330
ST._PETERS	2001	10	7	280	5	13.5	9.8326017257384	-999.9	0	8.29	8.95930886409012	330
ST._PETERS	2001	10	8	281	1.5	11.5	10.5270455315998	-999.9	3	6.59	8.61062272594359	330
ST._PETERS	2001	10	9	282	1.5	10.5	9.85676376431476	-999.9	0	8.67	7.90155040242001	330
ST._PETERS	2001	10	10	283	1.5	15.5	12.1323289935156	-999.9	0	7.59	10.4066989833244	330
ST._PETERS	2001	10	11	284	3	21.5	13.7624274261785	-999.9	0	6.32	13.2494633778084	330
ST._PETERS	2001	10	12	285	11	22	10.4712381383575	-999.9	0	7.08	13.838053822889	330
ST._PETERS	2001	10	13	286	5	15.5	10.0937835530012	-999.9	0	6.01	11.8320811891751	330
ST._PETERS	2001	10	14	287	4.5	16.5	10.645705361663	-999.9	1.2	5.87	12.7538280632792	330
ST._PETERS	2001	10	15	288	12	19	8.02095256988086	-999.9	3.6	9.59	16.0016026303861	330
ST._PETERS	2001	10	16	289	8.5	18.5	9.45672023697163	-999.9	2.4	5.29	11.9472105553342	330
ST._PETERS	2001	10	17	290	7.5	17.5	9.32774404610928	-999.9	23.8	10.86	14.9099579429602	330
ST._PETERS	2001	10	18	291	6.5	10	5.44278574719586	-999.9	1.2	12.64	9.27431725451877	330
ST._PETERS	2001	10	19	292	1.5	11	8.84374625783609	-999.9	0	9.11	8.63094290399704	330
ST._PETERS	2001	10	20	293	6	16.5	9.16928064885602	-999.9	0	7.63	11.5164218911661	330
ST._PETERS	2001	10	21	294	5.5	16	9.04237740082174	-999.9	4.8	7.34	11.2854859051905	330
ST._PETERS	2001	10	22	295	6	12.5	7.01577516311983	-999.9	1	10.79	9.9887861961062	330
ST._PETERS	2001	10	23	296	3.5	10.5	7.17935072458659	-999.9	4	6.6	7.02100404582026	330
ST._PETERS	2001	10	24	297	0.5	14.5	10.0116604780301	-999.9	9.6	7.01	11.8772222182758	330
ST._PETERS	2001	10	25	298	10.5	17.5	6.98053258948415	-999.9	2.2	5.66	13.5873707535962	330
ST._PETERS	2001	10	26	299	8.5	15.5	6.88304043800573	-999.9	0	5.92	10.487251110945	330
ST._PETERS	2001	10	27	300	-0.5	13.5	9.59807903001613	-999.9	1.4	5.06	9.24537973261327	330
ST._PETERS	2001	10	28	301	-2	9.5	8.57745587711759	-999.9	0.8	6.32	8.64918143515939	330
ST._PETERS	2001	10	29	302	-2	9.5	8.45767820049589	-999.9	0	4.19	7.15770464673752	330
ST._PETERS	2001	10	30	303	-0.5	7	6.73491566902314	-999.9	2.2	10.53	7.46926194153442	330
ST._PETERS	2001	10	31	304	-0.5	5.5	5.9399996153602	-999.9	0	10.53	5.79080050063007	330
ST._PETERS	2001	11	1	305	-3.5	12	9.41454450470229	-999.9	0.6	5.91	7.14476419266157	330
ST._PETERS	2001	11	2	306	7.5	16	6.87515599828494	-999.9	0	8.21	12.9754810169987	330
ST._PETERS	2001	11	3	307	11	16	5.20017951214902	-999.9	2.6	6.9	13.3711784451887	330
ST._PETERS	2001	11	4	308	3.5	13	7.06935416755399	-999.9	0	3.49	10.4195548394365	330
ST._PETERS	2001	11	5	309	7	12	5.05843021330347	-999.9	2.6	5.65	10.4005326871553	330
ST._PETERS	2001	11	6	310	5	12	5.9037067910541	-999.9	7.2	4.05	10.5102427319882	330
ST._PETERS	2001	11	7	311	3.5	6.5	3.81256816601768	-999.9	32.2	14.37	8.17831840643852	330
ST._PETERS	2001	11	8	312	-2	5.5	5.94715465713569	-999.9	0	12.11	5.27888836482582	330
ST._PETERS	2001	11	9	313	-3	11.5	8.15884791193349	-999.9	12	10.73	8.32823662377667	330
ST._PETERS	2001	11	10	314	1	5.5	4.48503965429037	-999.9	2	12.36	6.01153289512268	330
ST._PETERS	2001	11	11	315	-0.5	1.5	2.95082599183338	-999.9	11.6	7.6	6.43344268292646	330
ST._PETERS	2001	11	12	316	-5	-1.5	3.85291188554495	-999.9	3	9.27	5.36862737504908	330
ST._PETERS	2001	11	13	317	-4	0	4.06606168594385	-999.9	4	11	4.92619727264611	330
ST._PETERS	2001	11	14	318	-6	2	5.67734107009008	-999.9	2	5.65	5.43184724963279	330
ST._PETERS	2001	11	15	319	-2	7	5.94633130331256	-999.9	0	6.81	8.64228842545673	330
ST._PETERS	2001	11	16	320	4.5	10	4.59106729593389	-999.9	6	10.56	8.45089463946511	330
ST._PETERS	2001	11	17	321	-2	0.5	3.05765321401979	-999.9	0	9.91	4.45099261969608	330
ST._PETERS	2001	11	18	322	-6	5	6.33704511872439	-999.9	0	6.67	5.77694100106068	330
ST._PETERS	2001	11	19	323	2.5	12	5.81990283087276	-999.9	0	6.21	8.75974416635899	330
ST._PETERS	2001	11	20	324	6	16.5	6.04795073656178	-999.9	6	9.55	10.0863585086291	330
ST._PETERS	2001	11	21	325	-3.5	1.5	4.1262869050046	-999.9	0	8.43	5.12566285302955	330
ST._PETERS	2001	11	22	326	-7	4	6.05254082202203	-999.9	0	4.14	4.71678873007803	330
ST._PETERS	2001	11	23	327	-6.5	4	5.8494377555794	-999.9	0	3.78	6.21734558430594	330
ST._PETERS	2001	11	24	328	0	8.5	5.20742622787731	-999.9	1.4	5.67	7.11221634644478	330
ST._PETERS	2001	11	25	329	0	8	5.00004484658263	-999.9	0	6.59	7.86645975550019	330
ST._PETERS	2001	11	26	330	2	11	5.25038779319111	-999.9	1.4	6.8	8.54208032343675	330
ST._PETERS	2001	11	27	331	2	8	4.24539233389995	-999.9	0	6.23	7.5556655917871	330
ST._PETERS	2001	11	28	332	-1	2.5	3.21206253592477	-999.9	2.4	7.31	6.00861166531237	330
ST._PETERS	2001	11	29	333	-3	3.5	4.3376534738942	-999.9	5	4.72	4.46482661175953	330
ST._PETERS	2001	11	30	334	-3	12.5	6.63983597193527	-999.9	14.4	5.74	7.18407070698898	330
ST._PETERS	2001	12	1	335	3	14.5	5.67131084598034	-999.9	3	7.36	10.0595375428799	330
ST._PETERS	2001	12	2	336	3.5	5	2.03178323308601	-999.9	0	6.7	6.8950614548854	330
ST._PETERS	2001	12	3	337	-2	5.5	4.50835518210364	-999.9	1	4.37	6.73561556757383	330
ST._PETERS	2001	12	4	338	0	3.5	3.05731386917287	-999.9	0	7.45	6.52115751220345	330
ST._PETERS	2001	12	5	339	-2.5	2.5	3.62891134848222	-999.9	3	4.65	5.43912315276354	330
ST._PETERS	2001	12	6	340	-0.5	10	5.22446852156898	-999.9	1	7.06	8.13129029415328	330
ST._PETERS	2001	12	7	341	3.5	7.5	3.20485272713896	-999.9	0	11.51	6.57134936881091	330
ST._PETERS	2001	12	8	342	-1	1	2.25321045320902	-999.9	0	11.87	4.68688819742609	330
ST._PETERS	2001	12	9	343	-2	1	2.7449693001366	-999.9	0	4.28	4.6278628437451	330
ST._PETERS	2001	12	10	344	-4	2	3.86302193813253	-999.9	0	7.95	4.87431694867351	330
ST._PETERS	2001	12	11	345	1	6.5	3.68209587458635	-999.9	0	8.62	6.7855012175442	330
ST._PETERS	2001	12	12	346	-3.5	0	2.92550054711875	-999.9	0	6.54	4.31746268655781	330
ST._PETERS	2001	12	13	347	-5.5	6.5	5.39761463095713	-999.9	10.2	6.79	5.47131478365276	330
ST._PETERS	2001	12	14	348	2.5	9	3.96011598669764	-999.9	0	7.79	7.43889650664733	330
ST._PETERS	2001	12	15	349	-1.5	0.5	2.19080155318048	-999.9	1	9.72	4.71644504271014	330
ST._PETERS	2001	12	16	350	-4	1	3.45627573841515	-999.9	1	14.59	4.59542521960889	330
ST._PETERS	2001	12	17	351	-3	-1	2.18209499507289	-999.9	0	9.92	4.55148721362922	330
ST._PETERS	2001	12	18	352	-4	0	3.08194579875105	-999.9	9	5.95	4.98004521573044	330
ST._PETERS	2001	12	19	353	-4	-1	2.66682118564717	-999.9	0	15.15	5.00578472438299	330
ST._PETERS	2001	12	20	354	-7.5	0	4.21506869908871	-999.9	5	5.76	4.4507794360828	330
ST._PETERS	2001	12	21	355	-4.5	-0.5	3.07855943939938	-999.9	1	8.14	5.31763233034942	330
ST._PETERS	2001	12	22	356	-3	-1	2.17810504160899	-999.9	5	10.75	5.05436673657191	330
ST._PETERS	2001	12	23	357	-2.5	-1	1.88824428162558	-999.9	2	9.5	5.21055145315342	330
ST._PETERS	2001	12	24	358	-10	1	5.12105545076457	-999.9	2	3.4	5.10711907660804	330
ST._PETERS	2001	12	25	359	-3	2	3.45939146728594	-999.9	10	6.68	6.31893706006325	330
ST._PETERS	2001	12	26	360	-4	-0.5	2.90135003354529	-999.9	8	5.47	4.83791200141272	330
ST._PETERS	2001	12	27	361	-4	0.5	3.2993025913867	-999.9	8	9.5	5.5517394717622	330
ST._PETERS	2001	12	28	362	-7	-3.5	2.91941864880381	-999.9	2	11.92	4.19268857266952	330
ST._PETERS	2001	12	29	363	-8	0.5	4.56681044259013	-999.9	0	7.05	4.70320164352678	330
ST._PETERS	2001	12	30	364	-9.5	-1	4.5861327322846	-999.9	0	7.31	4.12641658736392	330
ST._PETERS	2001	12	31	365	-12	-1	5.24151842572773	-999.9	1	8.14	4.2513170565494	330
