ST._PETERS	2015	1	1	1	-14.3	-3.3	5.23606292831743	-999.9	0	3.53009259259258	2.397797675571	330
ST._PETERS	2015	1	2	2	-10.9	-0.9	5.02015365179346	-999.9	1.1	5.92592592592592	2.85642297471164	330
ST._PETERS	2015	1	3	3	-15	-10.3	3.46223493836836	-999.9	0.7	7.88194444444445	1.88600543724638	330
ST._PETERS	2015	1	4	4	-12.8	6.1	6.9872742350096	-999.9	14.9	4.01620370370369	4.3615770142909	330
ST._PETERS	2015	1	5	5	-14.1	5.8	7.21851355209736	-999.9	4.7	8.21759259259258	3.54337331539123	330
ST._PETERS	2015	1	6	6	-18	-14	3.25961910423028	-999.9	0.2	8.41435185185186	1.17268342540964	330
ST._PETERS	2015	1	7	7	-17.4	-10.1	4.43691598040988	-999.9	0	2.63888888888889	1.6001881514017	330
ST._PETERS	2015	1	8	8	-20.7	-9.1	5.63760761761838	-999.9	0.2	5.3125	1.49524072403881	330
ST._PETERS	2015	1	9	9	-18.7	2	7.59374444054873	-999.9	5.2	5.64814814814814	2.72939128133448	330
ST._PETERS	2015	1	10	10	-13.5	-7.4	4.15810199439	-999.9	1	4.56018518518519	2.06272546635047	330
ST._PETERS	2015	1	11	11	-13.9	-7.3	4.3642691854346	-999.9	0	4.23611111111111	1.85320846349482	330
ST._PETERS	2015	1	12	12	-8.1	-3	3.87239164117194	-999.9	8.7	2.31481481481481	3.64424085780038	330
ST._PETERS	2015	1	13	13	-17	-3.5	6.36145178300849	-999.9	0.5	6.19212962962964	2.23266991764507	330
ST._PETERS	2015	1	14	14	-18.8	-6.7	6.08293167801062	-999.9	0	3.54166666666667	1.65804470840729	330
ST._PETERS	2015	1	15	15	-13.4	-3.1	5.67022911083404	-999.9	0	1.2037037037037	2.86032657688225	330
ST._PETERS	2015	1	16	16	-11.8	2.2	6.6808798026785	-999.9	5.1	3.93518518518519	3.93314817806523	330
ST._PETERS	2015	1	17	17	-18.6	-11.8	4.70687499260535	-999.9	0.2	8.06712962962964	1.5035736748062	330
ST._PETERS	2015	1	18	18	-19.6	3.4	8.75319497903747	-999.9	0	5.28935185185186	2.55455500833323	330
ST._PETERS	2015	1	19	19	2.2	5.2	3.19741248240444	-999.9	10.1	7.41898148148147	7.04786493884783	330
ST._PETERS	2015	1	20	20	-10.7	2.5	6.78525535260136	-999.9	1.5	7.02546296296297	3.46622276642565	330
ST._PETERS	2015	1	21	21	-12.1	-7.3	4.14039563587641	-999.9	0	5.38194444444445	2.13972005345595	330
ST._PETERS	2015	1	22	22	-8.4	-3.6	4.190632833304	-999.9	0	3.31018518518519	3.21418952385927	330
ST._PETERS	2015	1	23	23	-9.2	-4.7	4.10765341829666	-999.9	16.1	4.96527777777778	2.76330754477868	330
ST._PETERS	2015	1	24	24	-6.8	6	7.01466391389507	-999.9	35.5	3.73842592592592	4.96790270423671	330
ST._PETERS	2015	1	25	25	-10.5	9.5	8.87998230522597	-999.9	19.5	8.33333333333333	5.09735186440208	330
ST._PETERS	2015	1	26	26	-13.3	-10.4	3.42505310704097	-999.9	0.2	5.67129629629631	1.74364707536062	330
ST._PETERS	2015	1	27	27	-10.7	-3.8	5.35223563211751	-999.9	22.9	8.64583333333333	3.09240572541404	330
ST._PETERS	2015	1	28	28	-6.3	-0.9	4.79751478678505	-999.9	2.1	4.65277777777778	4.52628374194258	330
ST._PETERS	2015	1	29	29	-10.4	-4.9	4.90649368507386	-999.9	0	2.97453703703703	3.0111237794758	330
ST._PETERS	2015	1	30	30	-10.9	-4.3	5.44740160636937	-999.9	16.4	1.00694444444444	3.10685080058273	330
ST._PETERS	2015	1	31	31	-5.7	4.6	6.89788723167032	-999.9	22.5	3.87731481481481	5.68910415225814	330
ST._PETERS	2015	2	1	32	-18.3	-3.3	8.43861589484833	-999.9	0.4	8.66898148148147	2.24819302933035	330
ST._PETERS	2015	2	2	33	-21.1	-7.4	8.17631606517099	-999.9	17.8	5.32407407407408	1.56065398376052	330
ST._PETERS	2015	2	3	34	-18.2	-5.1	8.1067025006628	-999.9	11.2	8.50694444444445	2.19177582015856	330
ST._PETERS	2015	2	4	35	-19.7	-3.1	9.25356424926945	-999.9	0.2	3.35648148148147	1.91467772066054	330
ST._PETERS	2015	2	5	36	-9.7	1.9	7.84443247605465	-999.9	16.2	5.83333333333333	4.40544444957617	330
ST._PETERS	2015	2	6	37	-19	-9.4	7.23723730129276	-999.9	4.3	6.99074074074075	1.8146509982722	330
ST._PETERS	2015	2	7	38	-20.4	-8.8	8.06852390941521	-999.9	0	3.19444444444444	1.61040931783572	330
ST._PETERS	2015	2	8	39	-20.5	-13.6	6.31156398848932	-999.9	25.6	2.69675925925926	1.25721746910953	330
ST._PETERS	2015	2	9	40	-21.3	-15.1	6.0683609214547	-999.9	23.9	2.63888888888889	1.1604311385896	330
ST._PETERS	2015	2	10	41	-19.6	-9.4	7.89497837480715	-999.9	0	2.47685185185185	1.73383275223472	330
ST._PETERS	2015	2	11	42	-18.5	-9.8	7.39595907508305	-999.9	23.4	4.12037037037036	1.71545235746185	330
ST._PETERS	2015	2	12	43	-13.2	-5.6	7.01182436952359	-999.9	0	2.83816425120772	2.55496700377763	330
ST._PETERS	2015	2	13	44	-17.3	-9.6	7.15914305508631	-999.9	0	4.91898148148147	1.89333731880948	330
ST._PETERS	2015	2	14	45	-21.6	-12.8	7.7633182000078	-999.9	0.2	3.50694444444444	1.05535726220848	330
ST._PETERS	2015	2	15	46	-15.2	0.3	10.4510072868571	-999.9	35.8	5.05787037037036	3.16304959585175	330
ST._PETERS	2015	2	16	47	-13.2	-8.7	5.71186243063283	-999.9	1.6	10.8217592592593	2.43195454325351	330
ST._PETERS	2015	2	17	48	-16.6	-10.9	6.5204591330825	-999.9	0.2	5.13888888888889	1.69649986233643	330
ST._PETERS	2015	2	18	49	-19.9	-7.1	9.91065474908569	-999.9	0.6	1.8287037037037	1.83991460154035	330
ST._PETERS	2015	2	19	50	-8.4	0.4	8.33450893427354	-999.9	6.2	2.89351851851853	4.12802689304123	330
ST._PETERS	2015	2	20	51	-11.1	0.4	9.66298005531574	-999.9	0	10	3.08026768045064	330
ST._PETERS	2015	2	21	52	-14.4	-5	8.85990967400749	-999.9	0.9	6.08796296296297	1.7419751898187	330
ST._PETERS	2015	2	22	53	-10.4	3.1	10.7674492193992	-999.9	7.4	4.16666666666667	4.37962391909249	330
ST._PETERS	2015	2	23	54	-21.1	-1.4	13.1896954034077	-999.9	0.2	4.16666666666667	2.19170497017431	330
ST._PETERS	2015	2	24	55	-23.1	-14.4	8.8877115491463	-999.9	0.2	6.30787037037036	1.08581311315687	330
ST._PETERS	2015	2	25	56	-15.7	0.8	12.4100024681815	-999.9	11.2	6.18055555555556	3.04352421941864	330
ST._PETERS	2015	2	26	57	-11.6	-7.8	6.03795937210716	-999.9	0	5.625	2.05010469837718	330
ST._PETERS	2015	2	27	58	-17.2	-11.2	7.69147329367363	-999.9	0.6	4.79166666666667	1.34516777581629	330
ST._PETERS	2015	2	28	59	-19.1	-5.8	11.6080823416319	-999.9	0	4.31712962962964	1.58679702386402	330
ST._PETERS	2015	3	1	60	-15.5	-3.2	11.3149194532021	-999.9	0	3.49537037037036	1.89294462433371	330
ST._PETERS	2015	3	2	61	-7.4	1.1	9.53310742770273	-999.9	4.5	4.62962962962964	4.38879554955077	330
ST._PETERS	2015	3	3	62	-15.6	-7.4	9.48895448142361	-999.9	0.2	8.63425925925925	1.81216712242614	330
ST._PETERS	2015	3	4	63	-12.3	2.1	12.7420090911054	-999.9	5.2	4.96527777777778	3.33161257503936	330
ST._PETERS	2015	3	5	64	-13.1	-1.2	11.7363425502091	-999.9	0	6.73611111111111	2.21830173048691	330
ST._PETERS	2015	3	6	65	-15.3	-10	7.93516440417683	-999.9	0	4.59490740740742	1.39807882566369	330
ST._PETERS	2015	3	7	66	-15.8	-1.5	13.2038174345412	-999.9	0	5.24305555555556	2.22806402696955	330
ST._PETERS	2015	3	8	67	-12	1.1	12.800715316148	-999.9	0.4	2.92824074074075	2.73408639544999	330
ST._PETERS	2015	3	9	68	-13	-1.1	12.3563909529576	-999.9	2.1	2.8125	2.7766767926737	330
ST._PETERS	2015	3	10	69	-13.1	-1.1	12.5654994185601	-999.9	0.3	3.39120370370369	2.86236741377949	330
ST._PETERS	2015	3	11	70	-2.7	6.3	11.0187354234302	-999.9	0	7.22222222222222	5.34436402961369	330
ST._PETERS	2015	3	12	71	-10.3	-2.6	10.3187403777269	-999.9	0.3	6.72979797979797	2.75820093847091	330
ST._PETERS	2015	3	13	72	-15	-9.4	8.90829780792045	-999.9	0	6.35416666666667	1.55119736644537	330
ST._PETERS	2015	3	14	73	-15.4	-5	12.2880936699472	-999.9	26.8	2.89351851851853	1.84210773914514	330
ST._PETERS	2015	3	15	74	-7.9	-4.5	7.1108480272628	-999.9	26.3	6.875	3.2234250136894	330
ST._PETERS	2015	3	16	75	-7.6	-5.9	5.08823004299465	-999.9	2.2	8.49537037037036	3.47077859113294	330
ST._PETERS	2015	3	17	76	-10.9	-2.2	11.6468321301276	-999.9	1.8	3.22916666666667	2.74024594137558	330
ST._PETERS	2015	3	18	77	-6	-2	7.98967383636858	-999.9	3.2	6.50462962962964	4.32024944546039	330
ST._PETERS	2015	3	19	78	-6.8	-3.4	7.45132931931689	-999.9	0.4	8.35648148148147	3.65391368639964	330
ST._PETERS	2015	3	20	79	-8.9	-4.6	8.47554480002435	-999.9	0	4.65608465608467	2.54726045012955	330
ST._PETERS	2015	3	21	80	-10.1	2	14.3783332910056	-999.9	0.2	3.50694444444444	3.17154660753606	330
ST._PETERS	2015	3	22	81	-13.4	-0.1	15.2428815411097	-999.9	12.9	7.53472222222222	3.55539420394868	330
ST._PETERS	2015	3	23	82	-14.2	-5.9	12.174418332521	-999.9	0.2	7.88194444444445	2.28256132571662	330
ST._PETERS	2015	3	24	83	-11.1	-0.6	13.8424802131329	-999.9	0	2.41898148148148	3.07399241075431	330
ST._PETERS	2015	3	25	84	-12	-1	14.3208084425551	-999.9	0	2.95138888888889	2.97545649184362	330
ST._PETERS	2015	3	26	85	-6.1	5	14.5387199338761	-999.9	2.8	5.86805555555556	4.83231135824337	330
ST._PETERS	2015	3	27	86	-1.3	3.3	9.4575444326384	-999.9	1.6	1.9212962962963	5.73473305471707	330
ST._PETERS	2015	3	28	87	-5.4	-1.3	9.02126172005485	-999.9	0.4	3.73842592592592	4.05302181702249	330
ST._PETERS	2015	3	29	88	-6.3	0.2	11.4748974192497	-999.9	0	4.53703703703703	3.22869363153711	330
ST._PETERS	2015	3	30	89	-7.8	4.7	16.0732856458411	-999.9	0	4.64120370370369	3.01886937082444	330
ST._PETERS	2015	3	31	90	-2.7	0	7.54448636144869	-999.9	25.8	3.09027777777778	5.08599445442787	330
ST._PETERS	2015	4	1	91	-8.1	-1.4	12.0011773580618	-999.9	0	4.42129629629631	3.13576734014312	330
ST._PETERS	2015	4	2	92	-7.5	-1.2	11.7499448836558	-999.9	0	5.70601851851853	2.59103916462131	330
ST._PETERS	2015	4	3	93	-3.6	6.5	15.0191633902161	-999.9	1	3.75	5.90188335456536	330
ST._PETERS	2015	4	4	94	-4.1	4.1	13.6600364120092	-999.9	10.3	5.49768518518519	5.73347594166667	330
ST._PETERS	2015	4	5	95	-7	-0.7	12.0841319008909	-999.9	51	7.33796296296297	3.14475379354045	330
ST._PETERS	2015	4	6	96	-12.6	-1.7	16.0398048709506	-999.9	0.2	4.61805555555556	1.78717247688186	330
ST._PETERS	2015	4	7	97	-8.5	2.7	16.4049886069781	-999.9	0.2	2.11805555555556	3.56022206176176	330
ST._PETERS	2015	4	8	98	-9.1	-1.4	13.7225201660141	-999.9	0	3.13657407407408	3.08649777162984	330
ST._PETERS	2015	4	9	99	-8.6	2.9	16.9160754238676	-999.9	0	2.15277777777778	3.08290848296491	330
ST._PETERS	2015	4	10	100	-7.2	5.6	17.9994211220816	-999.9	15.7	4.81481481481481	4.95280127012358	330
ST._PETERS	2015	4	11	101	1.6	8.3	13.1321130580786	-999.9	0	6.77083333333333	6.99022810078149	330
ST._PETERS	2015	4	12	102	-3.8	3.3	13.6304744535057	-999.9	0.2	4.43287037037036	4.16601724185544	330
ST._PETERS	2015	4	13	103	-3.6	13	21.0117151067966	-999.9	0	3.53009259259258	5.28325148109626	330
ST._PETERS	2015	4	14	104	3.6	8.4	11.3892459526266	-999.9	0.9	6.53935185185186	7.27772112769337	330
ST._PETERS	2015	4	15	105	-4.7	4.8	16.148956064983	-999.9	0.2	4.0625	4.15499078883658	330
ST._PETERS	2015	4	16	106	-3.9	1.4	12.1554340008401	-999.9	0.2	4.43287037037036	3.76761418464886	330
ST._PETERS	2015	4	17	107	-0.9	9.3	16.9912091757577	-999.9	0	6.52777777777778	5.56739927975226	330
ST._PETERS	2015	4	18	108	-5	2.9	15.0650784435572	-999.9	0	3.68055555555556	4.65640360863526	330
ST._PETERS	2015	4	19	109	-4.8	4.1	16.1075209562138	-999.9	0.2	2.22222222222222	4.21774939589697	330
ST._PETERS	2015	4	20	110	-3.2	8.6	18.6806926867757	-999.9	0.3	2.48842592592593	4.20064616094444	330
ST._PETERS	2015	4	21	111	-0.1	5.5	12.9600568473624	-999.9	17.5	7.06018518518519	5.7219444749598	330
ST._PETERS	2015	4	22	112	0.2	3.5	10.0178302865058	-999.9	26.1	4.84953703703703	6.63648823910595	330
ST._PETERS	2015	4	23	113	-0.6	4.8	12.9021033306143	-999.9	9.1	3.86574074074075	6.23223966525405	330
ST._PETERS	2015	4	24	114	-0.6	8	16.3909140855342	-999.9	0.9	2.03703703703704	7.13450535889986	330
ST._PETERS	2015	4	25	115	-1.9	6.4	16.207906999755	-999.9	0.2	1.53935185185185	6.42740859469339	330
ST._PETERS	2015	4	26	116	-2.7	1.2	11.1814472863983	-999.9	5.4	2.85879629629631	5.5728061052048	330
ST._PETERS	2015	4	27	117	-0.3	3.9	11.6764906362601	-999.9	5.7	3.84259259259258	6.46688809277895	330
ST._PETERS	2015	4	28	118	-2	0.8	9.59252825742539	-999.9	11.5	3.85416666666667	5.72337586401874	330
ST._PETERS	2015	4	29	119	-1.7	0.9	9.2993330081731	-999.9	3.8	4.10879629629631	5.80996221260483	330
ST._PETERS	2015	4	30	120	0	2.7	9.53241633366618	-999.9	0.2	3.75	6.29540015098255	330
ST._PETERS	2015	5	1	121	-2.2	4.6	15.215168883712	-999.9	0	2.46527777777778	5.77605532756679	330
ST._PETERS	2015	5	2	122	-1.4	10.7	20.4108777459071	-999.9	0.2	2.1412037037037	6.95616196360848	330
ST._PETERS	2015	5	3	123	-0.5	8.3	17.5026073452118	-999.9	0	2.71990740740741	6.26236530477102	330
ST._PETERS	2015	5	4	124	0.6	20.8	26.6609441584688	-999.9	0	4.45601851851853	8.42984377783373	330
ST._PETERS	2015	5	5	125	5.4	14.4	17.8898128376622	-999.9	0	5.65972222222222	7.59302846786985	330
ST._PETERS	2015	5	6	126	0.1	10.6	19.4227371575862	-999.9	0	4.96527777777778	5.53990339766375	330
ST._PETERS	2015	5	7	127	0.1	7.9	16.8244597607192	-999.9	0	4.72222222222222	5.31616149214105	330
ST._PETERS	2015	5	8	128	-2.5	5.1	16.6888237146333	-999.9	0	3.32175925925925	4.70250234078529	330
ST._PETERS	2015	5	9	129	-2.7	13.2	24.2543654327401	-999.9	0	4.28240740740742	6.13516181920347	330
ST._PETERS	2015	5	10	130	4.4	12.4	17.284481025627	-999.9	8.3	2.92824074074075	10.3445212976281	330
ST._PETERS	2015	5	11	131	3.8	7.5	11.8081002620281	-999.9	0.2	2.77777777777778	6.84832973969847	330
ST._PETERS	2015	5	12	132	3.7	13.9	19.6922411265134	-999.9	12.6	4.45601851851853	10.339567716133	330
ST._PETERS	2015	5	13	133	1.2	11.7	20.0656812811885	-999.9	5.7	4.34027777777778	8.65517270394309	330
ST._PETERS	2015	5	14	134	1.2	15.9	23.8413409577216	-999.9	0.6	3.73015873015872	6.68319529533589	330
ST._PETERS	2015	5	15	135	5	21.6	25.4382709985111	-999.9	0	3.35648148148147	7.30961465046209	330
ST._PETERS	2015	5	16	136	8.2	24.5	25.3068384999411	-999.9	0	3.04398148148147	7.95891292379454	330
ST._PETERS	2015	5	17	137	6.5	15.8	19.1886908477748	-999.9	0	3.24074074074075	7.03968491992406	330
ST._PETERS	2015	5	18	138	2.2	16.7	24.049004591022	-999.9	0	2.43055555555556	6.16978763314995	330
ST._PETERS	2015	5	19	139	7.4	20.9	23.2883588897079	-999.9	6.3	5.41666666666667	10.0195984235036	330
ST._PETERS	2015	5	20	140	7.2	18.3	21.1905514214733	-999.9	0.2	5.87962962962964	12.3927975839412	330
ST._PETERS	2015	5	21	141	5.4	16.5	21.261852313309	-999.9	0	5.05787037037036	7.59482528333018	330
ST._PETERS	2015	5	22	142	6	13.8	17.8811733815547	-999.9	2.5	3.56481481481481	9.24124634093568	330
ST._PETERS	2015	5	23	143	4.4	12.3	18.0518542466704	-999.9	0.5	5.48611111111111	7.45746363721118	330
ST._PETERS	2015	5	24	144	5.4	19.8	24.4455445180026	-999.9	0	6.40046296296297	7.81244848921015	330
ST._PETERS	2015	5	25	145	8.3	27.2	28.0873251346854	-999.9	0	4.80324074074075	10.8454971275294	330
ST._PETERS	2015	5	26	146	14.2	19.6	15.0552632145733	-999.9	6.1	6.78240740740742	15.4491135200684	330
ST._PETERS	2015	5	27	147	15	29.5	24.736520707958	-999.9	0	5.625	19.2977474111913	330
ST._PETERS	2015	5	28	148	12.2	24.5	22.8413418496958	-999.9	4.1	8.19444444444445	16.7967902228705	330
ST._PETERS	2015	5	29	149	6.6	14.5	18.3505254245217	-999.9	0	2.98611111111111	10.0475614405769	330
ST._PETERS	2015	5	30	150	8.1	24.9	26.822984559353	-999.9	0	6.55092592592592	13.483059834566	330
ST._PETERS	2015	5	31	151	7.5	20.1	23.2812862622312	-999.9	3	5.24305555555556	13.1557830467672	330
ST._PETERS	2015	6	1	152	4.8	10.6	15.8291212595416	-999.9	0	2.88194444444444	7.54158840124939	330
ST._PETERS	2015	6	2	153	4.7	10.3	15.5851121315315	-999.9	0.5	2.06018518518519	6.94045649513553	330
ST._PETERS	2015	6	3	154	5	7.2	9.78706526458464	-999.9	6.2	5.20833333333333	8.62049842676467	330
ST._PETERS	2015	6	4	155	5	12.9	18.579419796712	-999.9	0	2.34953703703704	8.33808840533712	330
ST._PETERS	2015	6	5	156	5.7	18.7	23.8737188961117	-999.9	0	4.03935185185186	10.659615842433	330
ST._PETERS	2015	6	6	157	6	11.4	15.4108828653121	-999.9	5.7	3.53009259259258	10.4345862712877	330
ST._PETERS	2015	6	7	158	3.8	11	17.8209834124895	-999.9	0	3.86574074074075	7.88837405848401	330
ST._PETERS	2015	6	8	159	3.8	19.3	26.1829558845496	-999.9	0	3.63425925925925	8.6230057678771	330
ST._PETERS	2015	6	9	160	12.1	24.6	23.5422491994871	-999.9	0	7.26851851851853	14.6975938982948	330
ST._PETERS	2015	6	10	161	12.9	22.1	20.2199358784526	-999.9	0	5.55555555555556	16.4653463594981	330
ST._PETERS	2015	6	11	162	12.5	25.4	23.9677075587085	-999.9	0	5.19675925925925	15.7377148551308	330
ST._PETERS	2015	6	12	163	14.7	22.6	18.7734419735509	-999.9	0	4.03935185185186	16.5551674124126	330
ST._PETERS	2015	6	13	164	8.9	21	23.2527734322144	-999.9	8.6	3.26388888888889	14.3674943518429	330
ST._PETERS	2015	6	14	165	6.2	11.9	15.9707118877871	-999.9	0	4.27083333333333	9.24077745719381	330
ST._PETERS	2015	6	15	166	5	17.6	23.7591008698112	-999.9	0	2.43055555555556	8.92958188230009	330
ST._PETERS	2015	6	16	167	9.4	16.8	18.2167805616908	-999.9	7.7	5.90277777777778	11.1753252053052	330
ST._PETERS	2015	6	17	168	8.7	16.4	18.589399757876	-999.9	1.7	4.53703703703703	10.8458757541613	330
ST._PETERS	2015	6	18	169	8.9	24.5	26.4666989280843	-999.9	0	3.90046296296297	11.1026407323204	330
ST._PETERS	2015	6	19	170	6.3	13.1	17.4768305962201	-999.9	10.3	3.92361111111111	10.3818242735984	330
ST._PETERS	2015	6	20	171	5.5	18.8	24.443201005862	-999.9	0	2.43055555555556	10.6893414861654	330
ST._PETERS	2015	6	21	172	9.6	16.9	18.1080233385817	-999.9	10.6	3.49537037037036	12.0634199825808	330
ST._PETERS	2015	6	22	173	9.6	12.5	11.4114099406037	-999.9	28.8	4.44444444444444	12.6097240415418	330
ST._PETERS	2015	6	23	174	7.8	18.2	21.6043407666938	-999.9	1.9	2.67361111111111	11.9107527151064	330
ST._PETERS	2015	6	24	175	10.7	19	19.2930456601966	-999.9	6.7	4.12037037037036	14.3319568831058	330
ST._PETERS	2015	6	25	176	10.1	16.1	16.395630648058	-999.9	0.2	3.78472222222222	11.3519104794297	330
ST._PETERS	2015	6	26	177	7.8	11.8	13.3790909948444	-999.9	0	3.06712962962964	9.75731781123012	330
ST._PETERS	2015	6	27	178	8.6	16.1	18.3073170386426	-999.9	0	2.70833333333333	10.1019870680849	330
ST._PETERS	2015	6	28	179	9.1	22	23.9905232576151	-999.9	3.5	3.69212962962964	12.9450342094869	330
ST._PETERS	2015	6	29	180	11.3	19.6	19.225959521337	-999.9	1.6	4.93055555555556	15.5438040598303	330
ST._PETERS	2015	6	30	181	11.9	21.2	20.3304905753091	-999.9	0	3.50694444444444	15.3630291812108	330
ST._PETERS	2015	7	1	182	13.2	25	22.8748397554596	-999.9	0	3.04398148148147	15.752947569075	330
ST._PETERS	2015	7	2	183	15.2	25.9	21.7556894373351	-999.9	0	5.09259259259258	18.1003619194989	330
ST._PETERS	2015	7	3	184	14.2	23.7	20.4719806575986	-999.9	0	4.35185185185186	14.6254114103464	330
ST._PETERS	2015	7	4	185	13.5	25.1	22.5890153689615	-999.9	0	2.96296296296297	13.6745260881354	330
ST._PETERS	2015	7	5	186	15	24.5	20.4104910371852	-999.9	0	1.5625	16.5504896918926	330
ST._PETERS	2015	7	6	187	11.2	19.2	18.6987695741796	-999.9	0	2.74305555555556	14.9798942890246	330
ST._PETERS	2015	7	7	188	11.8	26.6	25.3879865435946	-999.9	0	3.56481481481481	17.0242526726771	330
ST._PETERS	2015	7	8	189	15.8	27.2	22.2398628416381	-999.9	0	6.16898148148147	20.255731355903	330
ST._PETERS	2015	7	9	190	14.3	20.6	16.5000427101839	-999.9	0	2.77777777777778	14.7167399625799	330
ST._PETERS	2015	7	10	191	10.1	22.5	23.1000813150129	-999.9	0	2.17592592592593	13.8551550249706	330
ST._PETERS	2015	7	11	192	9.1	20.1	21.7089866938752	-999.9	0	1.66666666666667	14.3701054236533	330
ST._PETERS	2015	7	12	193	16.7	25.5	19.3721431036447	-999.9	1.9	3.65740740740742	19.8383044313047	330
ST._PETERS	2015	7	13	194	12.9	20.3	17.7213904717406	-999.9	0	2.46527777777778	14.3040549475265	330
ST._PETERS	2015	7	14	195	13.1	27.4	24.5724200637131	-999.9	0	3.58796296296297	17.1305540696257	330
ST._PETERS	2015	7	15	196	14.5	27.1	23.0046391229481	-999.9	2.2	3.98148148148147	20.5035355292447	330
ST._PETERS	2015	7	16	197	9.1	19.2	20.5396587452346	-999.9	0	4.21296296296297	11.5438781025356	330
ST._PETERS	2015	7	17	198	9.2	19.2	20.3791910726725	-999.9	0	3.03240740740742	12.0519713288796	330
ST._PETERS	2015	7	18	199	12	24.8	22.9878428052095	-999.9	0.3	2.62731481481481	14.9366511484478	330
ST._PETERS	2015	7	19	200	14.1	16.7	10.3285165749774	-999.9	8.7	2.85879629629631	16.337393207566	330
ST._PETERS	2015	7	20	201	14.7	18.4	12.2817933980231	-999.9	2.6	1.86342592592593	17.5837139548323	330
ST._PETERS	2015	7	21	202	14	19.7	15.1935568947545	-999.9	0.4	2.07175925925926	16.9634166179688	330
ST._PETERS	2015	7	22	203	13.8	16.9	11.1664538562147	-999.9	2.8	3.35648148148147	16.3520324487914	330
ST._PETERS	2015	7	23	204	13.5	18.2	13.700830402877	-999.9	0	3.07870370370369	16.2796070058632	330
ST._PETERS	2015	7	24	205	12.3	16.7	13.2080527447864	-999.9	0	3.10185185185186	13.5039311709988	330
ST._PETERS	2015	7	25	206	10.9	17.5	16.1157196674045	-999.9	0	1.23842592592593	14.1317662687144	330
ST._PETERS	2015	7	26	207	13	21.1	17.7842734833023	-999.9	0	3.35648148148147	15.7685703025271	330
ST._PETERS	2015	7	27	208	13.8	19.8	15.245284710541	-999.9	0.6	4.09722222222222	17.2002755914642	330
ST._PETERS	2015	7	28	209	16.5	22.6	15.3088068983867	-999.9	0	4.21296296296297	20.6404251573142	330
ST._PETERS	2015	7	29	210	15.1	19.3	12.6493323413915	-999.9	0	3.28703703703703	18.3151116802999	330
ST._PETERS	2015	7	30	211	15	20.8	14.8003946476281	-999.9	0.2	2.21064814814815	17.6837736309699	330
ST._PETERS	2015	7	31	212	17.5	27.3	19.1530647577732	-999.9	0	4.6875	22.2150147729301	330
ST._PETERS	2015	8	1	213	15.7	27.6	21.0094189814306	-999.9	0	3.10185185185186	17.8115955582921	330
ST._PETERS	2015	8	2	214	15.6	25.9	19.4546604951251	-999.9	0	3.94675925925925	16.968088801395	330
ST._PETERS	2015	8	3	215	16.2	29.1	21.6677250322694	-999.9	0	4.64120370370369	17.1984187198807	330
ST._PETERS	2015	8	4	216	17.7	30.6	21.5613244930322	-999.9	0	4.69907407407408	23.1101912784765	330
ST._PETERS	2015	8	5	217	15.2	27.5	20.9480559445292	-999.9	0	4.01620370370369	18.6285590110251	330
ST._PETERS	2015	8	6	218	14.7	24.1	18.2185544802963	-999.9	0	4.27083333333333	17.1339025654546	330
ST._PETERS	2015	8	7	219	12.1	21	17.6340391609323	-999.9	0	3.26388888888889	15.8609051268982	330
ST._PETERS	2015	8	8	220	12.5	21.1	17.2409255664303	-999.9	0	2.63888888888889	16.1757826758255	330
ST._PETERS	2015	8	9	221	15.4	19.7	12.1240475486301	-999.9	17	2.98611111111111	17.3862860841672	330
ST._PETERS	2015	8	10	222	13.1	20	15.2716952780013	-999.9	14.3	4.59490740740742	16.1137944961362	330
ST._PETERS	2015	8	11	223	14	26.2	20.190120932751	-999.9	0	4.14351851851853	16.6641012260586	330
ST._PETERS	2015	8	12	224	16.3	21.9	13.5986584696415	-999.9	14.2	3.96990740740742	20.4150060393121	330
ST._PETERS	2015	8	13	225	18.3	26	15.8502807704904	-999.9	0	4.21296296296297	22.4054173601213	330
ST._PETERS	2015	8	14	226	16.8	26.2	17.4056926971278	-999.9	0	4.30555555555556	19.3437942980366	330
ST._PETERS	2015	8	15	227	16.1	26.9	18.5404829490055	-999.9	0	3.48379629629631	19.8909565327565	330
ST._PETERS	2015	8	16	228	18	29.5	19.0101527649571	-999.9	0	3.87731481481481	21.0073723475179	330
ST._PETERS	2015	8	17	229	19.4	30.4	18.4716650164507	-999.9	0	5.06944444444445	22.1613822994675	330
ST._PETERS	2015	8	18	230	19.9	29.7	17.3197253378217	-999.9	0	3.58796296296297	24.8323500870961	330
ST._PETERS	2015	8	19	231	18.8	28.6	17.2030029786698	-999.9	0	2.15277777777778	24.4004029869884	330
ST._PETERS	2015	8	20	232	19.2	29.6	17.6001319178746	-999.9	0	3.14814814814814	24.3095217711456	330
ST._PETERS	2015	8	21	233	20.6	29	15.7069351179843	-999.9	0	4.60648148148147	25.1073919393266	330
ST._PETERS	2015	8	22	234	20.2	28.7	15.6876582119382	-999.9	33.5	2.87037037037036	27.465748528002	330
ST._PETERS	2015	8	23	235	19.2	25.1	12.9752454281234	-999.9	2.2	2.11805555555556	24.544065393996	330
ST._PETERS	2015	8	24	236	19.9	24.6	11.4953784997795	-999.9	0	2.41898148148148	24.9192161550234	330
ST._PETERS	2015	8	25	237	17.7	23.5	12.6740890448713	-999.9	0	2.93981481481481	21.7143433235043	330
ST._PETERS	2015	8	26	238	16.3	22.9	13.4167266446352	-999.9	0	3.99305555555556	18.9132328533503	330
ST._PETERS	2015	8	27	239	16.2	20.2	10.3638158195722	-999.9	15.6	3.68055555555556	19.0696926840972	330
ST._PETERS	2015	8	28	240	15.5	21.5	12.5928333992818	-999.9	0	4.30555555555556	17.9440105215144	330
ST._PETERS	2015	8	29	241	14.2	24.4	16.2872941598944	-999.9	0	3.48379629629631	17.5427310706011	330
ST._PETERS	2015	8	30	242	16.2	24.7	14.7469447976261	-999.9	0	3.58796296296297	19.3208679256494	330
ST._PETERS	2015	8	31	243	16.1	26.2	15.9418816305839	-999.9	11.7	5.41666666666667	19.7497830829403	330
ST._PETERS	2015	9	1	244	7.6	16.1	14.5016387800161	-999.9	0	5.82175925925925	11.2145185572242	330
ST._PETERS	2015	9	2	245	9.5	23.7	18.58329924533	-999.9	0.2	2.98611111111111	15.5685017937167	330
ST._PETERS	2015	9	3	246	14.3	22	13.5655444884471	-999.9	0	4.69907407407408	15.8782952381112	330
ST._PETERS	2015	9	4	247	6.4	17.3	15.9978062747992	-999.9	0	3.86574074074075	9.3260029581906	330
ST._PETERS	2015	9	5	248	6.4	23.9	20.0892418468598	-999.9	0	3.95833333333333	12.696417880278	330
ST._PETERS	2015	9	6	249	14.6	24.3	14.820733263183	-999.9	0	2.93981481481481	17.4968424296853	330
ST._PETERS	2015	9	7	250	16.6	28.5	16.2644180846491	-999.9	0	7.38425925925925	19.4462888780426	330
ST._PETERS	2015	9	8	251	14.8	21.2	11.8162090355908	-999.9	0.8	3.65740740740742	18.132126012382	330
ST._PETERS	2015	9	9	252	14.2	22.6	13.4088909192267	-999.9	0.5	4.39814814814814	18.6287575674772	330
ST._PETERS	2015	9	10	253	14.9	23.1	13.1210052546089	-999.9	0	4.42129629629631	17.2544922798367	330
ST._PETERS	2015	9	11	254	14.3	20.9	11.6568471010841	-999.9	16.5	2.98611111111111	18.2113979661277	330
ST._PETERS	2015	9	12	255	14.3	20.8	11.453990373212	-999.9	5.5	4.79166666666667	18.7249880151031	330
ST._PETERS	2015	9	13	256	14.3	17.3	7.70360346712601	-999.9	0.2	1.85185185185185	15.2596419773723	330
ST._PETERS	2015	9	14	257	13.6	24.8	14.7339008251749	-999.9	5.1	3.21759259259258	20.1144942731849	330
ST._PETERS	2015	9	15	258	13.2	17	8.49412024643828	-999.9	0	3.50694444444444	15.3936420630878	330
ST._PETERS	2015	9	16	259	8.8	18.9	13.704013953282	-999.9	0	3.11342592592592	13.8262051423075	330
ST._PETERS	2015	9	17	260	9.8	27.3	17.8488183335059	-999.9	0	4.93055555555556	16.9629336983517	330
ST._PETERS	2015	9	18	261	16.5	26.7	13.4814610668459	-999.9	0	2.83564814814814	20.3476768788692	330
ST._PETERS	2015	9	19	262	17	27.3	13.401249582103	-999.9	0	5.13888888888889	19.7293080402468	330
ST._PETERS	2015	9	20	263	13.4	26	14.6603878352829	-999.9	7.4	5.69444444444445	18.9062135775822	330
ST._PETERS	2015	9	21	264	6.6	17	13.1720816812533	-999.9	0	3.26388888888889	9.42678344709342	330
ST._PETERS	2015	9	22	265	5.4	17.6	14.107162555186	-999.9	0	1.49305555555556	11.154721442538	330
ST._PETERS	2015	9	23	266	11.1	22.5	13.4827685533048	-999.9	0	2.88194444444444	14.3108854153271	330
ST._PETERS	2015	9	24	267	12.2	18.1	9.58881469200225	-999.9	0	3.54166666666667	11.793143984413	330
ST._PETERS	2015	9	25	268	3.9	13.8	12.277633756171	-999.9	0	3.80787037037036	6.55019028407778	330
ST._PETERS	2015	9	26	269	4.4	12.7	11.1106825426943	-999.9	0	4.02777777777778	6.99359834242168	330
ST._PETERS	2015	9	27	270	5.3	19.4	14.3107679468034	-999.9	0	5.84490740740742	9.43334033907036	330
ST._PETERS	2015	9	28	271	12.4	22.6	12.0268778013898	-999.9	0	7.1875	13.7127554284641	330
ST._PETERS	2015	9	29	272	17.5	25.3	10.3907763418545	-999.9	0	7.01388888888889	20.4093084986274	330
ST._PETERS	2015	9	30	273	16.4	26	11.3876317971282	-999.9	8.9	4.97474747474747	21.5911810402007	330
ST._PETERS	2015	10	1	274	9.4	20.8	12.2573721798151	-999.9	8.5	6.27314814814814	15.4367212852793	330
ST._PETERS	2015	10	2	275	9.1	10.9	4.81037871180179	-999.9	4	5.50925925925925	10.4078636966857	330
ST._PETERS	2015	10	3	276	7.6	10.6	6.13272612296057	-999.9	4	5.67129629629631	9.41002246556732	330
ST._PETERS	2015	10	4	277	4.6	13.6	10.4885868430981	-999.9	0	3.41435185185186	8.23981412195617	330
ST._PETERS	2015	10	5	278	4.3	17.9	12.7298085320717	-999.9	0	1.9212962962963	10.9623335266889	330
ST._PETERS	2015	10	6	279	5	17	11.8046949743205	-999.9	0.3	1.9212962962963	11.3894921457894	330
ST._PETERS	2015	10	7	280	4.4	18.2	12.4960180500622	-999.9	0	2.1412037037037	11.2376043010627	330
ST._PETERS	2015	10	8	281	10	12.6	5.35357893710811	-999.9	0	4.44444444444444	9.28913135076516	330
ST._PETERS	2015	10	9	282	5.2	13.1	9.209908760661	-999.9	11	2.29166666666667	8.72397749131948	330
ST._PETERS	2015	10	10	283	2.8	12	9.80799308449858	-999.9	11.2	7.55050505050506	7.40232707935791	330
ST._PETERS	2015	10	11	284	2.7	11.2	9.30254628104672	-999.9	0.5	4.17824074074075	7.74642994116626	330
ST._PETERS	2015	10	12	285	10.3	17	8.14890307588997	-999.9	0	3.26388888888889	13.3066188357495	330
ST._PETERS	2015	10	13	286	11.3	19.1	8.67447683821126	-999.9	9.4	4.39814814814814	16.0710491552295	330
ST._PETERS	2015	10	14	287	11.6	20.1	8.93318377334698	-999.9	18.3	6.11111111111111	14.1860827994453	330
ST._PETERS	2015	10	15	288	3.8	11.6	8.441376891014	-999.9	0.8	3.81944444444444	7.63393438167285	330
ST._PETERS	2015	10	16	289	5.1	16	9.84280022353413	-999.9	6.9	5.02314814814814	10.4218718721045	330
ST._PETERS	2015	10	17	290	3.4	8.6	6.70530809820554	-999.9	1.1	3.55324074074075	7.01165390367017	330
ST._PETERS	2015	10	18	291	0.6	7.7	7.72737790478044	-999.9	3.3	5.03472222222222	6.13345847496576	330
ST._PETERS	2015	10	19	292	-1.5	6.2	7.93616454060153	-999.9	1.5	4.32870370370369	5.11791047825418	330
ST._PETERS	2015	10	20	293	1.2	12.2	9.35411310036373	-999.9	0.2	6.30787037037036	7.36668740333377	330
ST._PETERS	2015	10	21	294	2.3	7.7	6.46286537043235	-999.9	0.01	5.90277777777778	4.89133454571654	330
ST._PETERS	2015	10	22	295	0.3	13	9.77317004569896	-999.9	2.6	3.75	7.92924937337653	330
ST._PETERS	2015	10	23	296	5.1	12.9	7.55217766743657	-999.9	3.8	6.30787037037036	9.56286521602892	330
ST._PETERS	2015	10	24	297	1.7	6.3	5.71852043499066	-999.9	0.01	3.00925925925925	6.15000244321312	330
ST._PETERS	2015	10	25	298	3.4	13.1	8.18769736737486	-999.9	3	5.13888888888889	9.12479115630958	330
ST._PETERS	2015	10	26	299	3.6	8.3	5.61940216071543	-999.9	0	5.49768518518519	6.49908322209606	330
ST._PETERS	2015	10	27	300	0.7	7	6.41466201739131	-999.9	0.07	5.41666666666667	4.8226634052392	330
ST._PETERS	2015	10	28	301	2.5	7.1	5.40436686588002	-999.9	0.14	4.39393939393939	4.91636597525963	330
ST._PETERS	2015	10	29	302	5.3	18.7	9.09460691722825	-999.9	13	7.21064814814814	12.374176662289	330
ST._PETERS	2015	10	30	303	4.7	13.1	7.09975354510452	-999.9	0	9.24768518518519	6.46431743257494	330
ST._PETERS	2015	10	31	304	1.9	6.7	5.29183343372801	-999.9	0.01	6.22685185185186	5.39456503020881	330
ST._PETERS	2015	11	1	305	2.3	10.3	6.73636692052561	-999.9	3.6	3.03240740740742	7.83757985132191	330
ST._PETERS	2015	11	2	306	4.6	10	5.4574485951975	-999.9	1.8	4.80324074074075	8.93853410351893	330
ST._PETERS	2015	11	3	307	3.3	5.5	3.43507839068188	-999.9	0	1.60353535353535	7.15616831357708	330
ST._PETERS	2015	11	4	308	4	7.3	4.14895855132084	-999.9	0.4	4.19082125603864	7.17573478147226	330
ST._PETERS	2015	11	5	309	0.5	5.3	4.93500626900576	-999.9	0.01	2.59259259259259	5.73133178241324	330
ST._PETERS	2015	11	6	310	4.6	16.5	7.66403816242585	-999.9	1.38	5.08101851851853	11.0795887732173	330
ST._PETERS	2015	11	7	311	5.5	14.4	6.53781259217962	-999.9	0	6.65509259259258	8.36841557843094	330
ST._PETERS	2015	11	8	312	1.6	5.6	4.32375537403713	-999.9	0.6	9.14351851851853	4.1725414712892	330
ST._PETERS	2015	11	9	313	0.8	9.3	6.21840310616058	-999.9	0	5.10416666666667	5.82978776544182	330
ST._PETERS	2015	11	10	314	0.7	10.1	6.45239009737005	-999.9	0.03	3.81944444444444	7.02997226546355	330
ST._PETERS	2015	11	11	315	1	7.4	5.25396761153521	-999.9	0	2.52314814814815	6.39232700936217	330
ST._PETERS	2015	11	12	316	0.2	8.6	5.94067404427286	-999.9	0.2	1.6087962962963	6.69263041712256	330
ST._PETERS	2015	11	13	317	5	10.5	4.74502680101685	-999.9	12	4.6875	9.89107790281796	330
ST._PETERS	2015	11	14	318	3.6	8.6	4.4665357857543	-999.9	1	4.38657407407408	8.75051508493799	330
ST._PETERS	2015	11	15	319	1.9	5.7	3.84483846545782	-999.9	0.6	7.22222222222222	6.92317903386542	330
ST._PETERS	2015	11	16	320	1.7	5.6	3.84676707373966	-999.9	1	5.90277777777778	6.57134262856167	330
ST._PETERS	2015	11	17	321	0	2.5	3.04223349012668	-999.9	0.2	5.74074074074075	5.04802670632686	330
ST._PETERS	2015	11	18	322	0	1.4	2.24922076731798	-999.9	0.4	3.87731481481481	4.9420854156982	330
ST._PETERS	2015	11	19	323	-1.4	4.4	4.52396377419886	-999.9	0.14	2.37268518518519	5.36612571542567	330
ST._PETERS	2015	11	20	324	4.3	6.8	2.93567983124337	-999.9	0.04	5.15046296296297	7.09784689771227	330
ST._PETERS	2015	11	21	325	5.1	7.8	3.01616878703515	-999.9	6	3.47222222222222	8.81717874426022	330
ST._PETERS	2015	11	22	326	7.8	13.7	4.40901287387664	-999.9	28.6	5.16203703703703	12.2361074869084	330
ST._PETERS	2015	11	23	327	2.2	18.1	7.15924246309464	-999.9	37.4	6.53935185185186	11.282211248972	330
ST._PETERS	2015	11	24	328	-3.1	2.3	4.12795631436743	-999.9	0.4	6.51620370370369	4.83376933122232	330
ST._PETERS	2015	11	25	329	-1.7	1	2.88875922724039	-999.9	0	5.35353535353536	3.4991281094353	330
ST._PETERS	2015	11	26	330	-5.7	6.4	6.05396501925422	-999.9	0	4.65277777777778	4.58330565741437	330
ST._PETERS	2015	11	27	331	5.9	13.6	4.78235452558134	-999.9	0.6	9.72222222222222	8.91083881150263	330
ST._PETERS	2015	11	28	332	-0.6	10	5.55820818259753	-999.9	8.6	4.375	7.18851064173518	330
ST._PETERS	2015	11	29	333	-5.2	1	4.21215432990306	-999.9	1.6	5.28935185185186	3.61338450072358	330
ST._PETERS	2015	11	30	334	-6.8	-3.5	3.04605506980099	-999.9	0	4.59490740740742	2.71886682915782	330
ST._PETERS	2015	12	1	335	-5.1	1	4.1064682204126	-999.9	0	4.02777777777778	3.90499866249314	330
ST._PETERS	2015	12	2	336	-1.4	8.5	5.1891813055337	-999.9	6.4	2.75462962962963	7.30939263289281	330
ST._PETERS	2015	12	3	337	0.2	8.7	4.77120122286834	-999.9	26.7	5.41666666666667	8.07209387690158	330
ST._PETERS	2015	12	4	338	-3.5	0.2	3.12478209770245	-999.9	11.4	5.78703703703703	4.90269924272701	330
ST._PETERS	2015	12	5	339	-1.3	1.3	2.60120062607904	-999.9	0.4	4.96527777777778	5.27316119166667	330
ST._PETERS	2015	12	6	340	0.2	5.7	3.75844731076026	-999.9	0	5.63657407407408	6.74575876352403	330
ST._PETERS	2015	12	7	341	1.8	5.7	3.14539211450257	-999.9	0	5.27777777777778	6.50033823974664	330
ST._PETERS	2015	12	8	342	0.4	2.6	2.34881176189958	-999.9	2.2	2.75462962962963	5.2834822498137	330
ST._PETERS	2015	12	9	343	0.5	4.6	3.1893750262327	-999.9	2.2	1.96859903381643	6.62675417308464	330
ST._PETERS	2015	12	10	344	2.2	5.1	2.66916262599764	-999.9	0	3.06712962962964	7.12450838735539	330
ST._PETERS	2015	12	11	345	4.3	10.7	3.94745278829157	-999.9	2.9	4.27083333333333	9.06163351146132	330
ST._PETERS	2015	12	12	346	4.7	11.2	3.96210361748095	-999.9	0	5.17361111111111	9.41185563297177	330
ST._PETERS	2015	12	13	347	0.7	4.8	3.13542940522865	-999.9	0	7.24537037037036	5.45942283232784	330
ST._PETERS	2015	12	14	348	-0.6	1.2	2.07096750249623	-999.9	0	3.46064814814814	4.63125020212628	330
ST._PETERS	2015	12	15	349	-0.9	0.8	2.00720337827413	-999.9	35.5	4.27083333333333	5.22482612945399	330
ST._PETERS	2015	12	16	350	-1.7	1.8	2.8736275778685	-999.9	0.4	6.30787037037036	5.20082232031063	330
ST._PETERS	2015	12	17	351	-1.7	2.2	3.02802451570069	-999.9	1.6	2.96296296296297	4.92135673284638	330
ST._PETERS	2015	12	18	352	2.2	8.7	3.90406113768933	-999.9	16.8	4.67592592592592	8.71928007181198	330
ST._PETERS	2015	12	19	353	-2.4	3.1	3.58820469323937	-999.9	5.9	7.24537037037036	5.1624712200974	330
ST._PETERS	2015	12	20	354	-5.2	-2.2	2.64908614845642	-999.9	0.2	9.66435185185186	3.13775722558982	330
ST._PETERS	2015	12	21	355	-5.7	2.9	4.48567913791806	-999.9	1.2	4.05797101449275	4.10730244248635	330
ST._PETERS	2015	12	22	356	-1.5	0.2	1.99549612461149	-999.9	16.2	3.06712962962964	5.3536585135657	330
ST._PETERS	2015	12	23	357	-0.1	2.6	2.51744144349061	-999.9	2.2	1.71296296296296	6.3936053331107	330
ST._PETERS	2015	12	24	358	0.9	10.9	4.85212059486439	-999.9	9.1	5.78703703703703	8.84790550246045	330
ST._PETERS	2015	12	25	359	0.9	10	4.6377625851076	-999.9	0	4.29398148148147	6.39111512849331	330
ST._PETERS	2015	12	26	360	-0.3	3.4	2.96446193675589	-999.9	0	5.54398148148147	4.66995522855179	330
ST._PETERS	2015	12	27	361	-3.3	1.6	3.42136789725095	-999.9	15	3.77314814814814	4.79216981117802	330
ST._PETERS	2015	12	28	362	-8.7	-3.3	3.60373734285082	-999.9	2	7.11805555555556	3.12749637130734	330
ST._PETERS	2015	12	29	363	-8.9	-4.7	3.19029769532085	-999.9	5.4	3.79629629629631	2.97846957111408	330
ST._PETERS	2015	12	30	364	-4.9	-3.1	2.09742615021991	-999.9	0	2.59259259259259	3.57800394602006	330
ST._PETERS	2015	12	31	365	-4.4	2.2	4.03512779427442	-999.9	1	3.88888888888889	5.31014096271127	330
