ST._PETERS	2024	1	1	1	-5.4	-1.3	3.19668949870822	-999.9	3.9	4.02777777777778	3.75043865583024	330
ST._PETERS	2024	1	2	2	-7	-2.3	3.44164430328165	-999.9	0	4.40972222222222	3.3854227968322	330
ST._PETERS	2024	1	3	3	-6.7	-0.5	3.97652348174132	-999.9	0	2.84722222222222	3.75752151194193	330
ST._PETERS	2024	1	4	4	-3.5	-0.6	2.73700798794906	-999.9	0	2.34953703703704	4.4553381707951	330
ST._PETERS	2024	1	5	5	-7.7	-0.2	4.431514246061	-999.9	2.4	6.30787037037036	3.86348298426634	330
ST._PETERS	2024	1	6	6	-7.8	-5	2.72719553806793	-999.9	0.6	6.68981481481481	2.69534407757335	330
ST._PETERS	2024	1	7	7	-6.2	-3.2	2.84433634360089	-999.9	0	4.28240740740742	2.84359732027909	330
ST._PETERS	2024	1	8	8	-4.6	-1.6	2.86699670579076	-999.9	0	6.49305555555556	3.38341035032452	330
ST._PETERS	2024	1	9	9	-9.4	-2.5	4.38425953647031	-999.9	0	6.30787037037036	2.74800936391022	330
ST._PETERS	2024	1	10	10	-9.8	5.4	6.56376662347817	-999.9	18.4	6.20370370370369	4.50086750875585	330
ST._PETERS	2024	1	11	11	-1.4	5.6	4.49458845605221	-999.9	0	5.24305555555556	6.00020401184603	330
ST._PETERS	2024	1	12	12	-5.3	-1.1	3.51415114007732	-999.9	0	5.55555555555556	3.25522542832702	330
ST._PETERS	2024	1	13	13	-8.8	3.8	6.14577292160908	-999.9	1.5	5.03472222222222	3.92302581916817	330
ST._PETERS	2024	1	14	14	0.5	6.1	4.13824735770394	-999.9	1.2	6.22685185185186	6.18107601107758	330
ST._PETERS	2024	1	15	15	-8.1	0.7	5.24114083418503	-999.9	0	5.71759259259258	2.92948177699298	330
ST._PETERS	2024	1	16	16	-8	3.2	5.97559961825094	-999.9	29.1	3.13657407407408	4.03799194466856	330
ST._PETERS	2024	1	17	17	-7.1	6	6.53306615550179	-999.9	3.7	6.92129629629631	4.98653406116603	330
ST._PETERS	2024	1	18	18	-9.5	-6.2	3.31560844159707	-999.9	0	9.31712962962964	2.06602677106091	330
ST._PETERS	2024	1	19	19	-10.9	-5.7	4.20962776487812	-999.9	0.2	7.68518518518519	1.9808583477834	330
ST._PETERS	2024	1	20	20	-7.8	1	5.54019401965654	-999.9	1.1	3.50694444444444	4.19236932546629	330
ST._PETERS	2024	1	21	21	-4.4	-0.5	3.73214387149806	-999.9	2.2	5.76388888888889	4.66803886133249	330
ST._PETERS	2024	1	22	22	-9.4	0.2	5.92652228714925	-999.9	0	6.00694444444445	3.02523273032346	330
ST._PETERS	2024	1	23	23	-8	0.3	5.57869190550309	-999.9	0	7.85879629629631	2.82260828298264	330
ST._PETERS	2024	1	24	24	-10.1	-5	4.42785374721588	-999.9	0	4.625	2.27955622124412	330
ST._PETERS	2024	1	25	25	-4.7	1.3	4.86384296373917	-999.9	2.6	5.92592592592592	4.41265514522735	330
ST._PETERS	2024	1	26	26	-11	-3.2	5.61723985266885	-999.9	1.8	1.34259259259259	2.85334734839993	330
ST._PETERS	2024	1	27	27	-3.3	-1.1	3.02224685195628	-999.9	1	1.6087962962963	4.54221977310128	330
ST._PETERS	2024	1	28	28	-2.6	-1	2.61148732959658	-999.9	0	3.02083333333333	4.57528138648317	330
ST._PETERS	2024	1	29	29	-7.6	-1.3	5.25132935637987	-999.9	2.7	6.875	3.76559433831992	330
ST._PETERS	2024	1	30	30	-7.3	-5.5	2.84487621147028	-999.9	0	5.59027777777778	2.62554117032601	330
ST._PETERS	2024	1	31	31	-9.1	-5.7	3.96321158759544	-999.9	0	2.97453703703703	2.69697081079243	330
ST._PETERS	2024	2	1	32	-6.6	1	6.00680251220502	-999.9	0	1.80555555555556	4.11347428466996	330
ST._PETERS	2024	2	2	33	-3	0.6	4.19141117933054	-999.9	4.8	2.29166666666667	5.25260083309968	330
ST._PETERS	2024	2	3	34	-4.3	-2.9	2.65023821826702	-999.9	11.5	8.96990740740742	4.44195523201904	330
ST._PETERS	2024	2	4	35	-3.2	-1	3.36883190341717	-999.9	32.2	9.96527777777778	4.95744075008254	330
ST._PETERS	2024	2	5	36	-1	-0.1	2.18508078442166	-999.9	6.6	7.80092592592592	5.58628901697637	330
ST._PETERS	2024	2	6	37	-2.7	-0.3	3.61873890450138	-999.9	0	6.35416666666667	4.91352869920803	330
ST._PETERS	2024	2	7	38	-4	-1.6	3.67016751319312	-999.9	0	3.63425925925925	4.04685931649717	330
ST._PETERS	2024	2	8	39	-3.7	-0.3	4.43065388401866	-999.9	4.8	2.3015873015873	4.30031345771679	330
ST._PETERS	2024	2	9	40	-6.8	0.1	6.40201653396011	-999.9	0	1.68981481481481	4.10876082040001	330
ST._PETERS	2024	2	10	41	-3.6	4.4	6.99219158003639	-999.9	0.2	4.69907407407408	4.95976327315834	330
ST._PETERS	2024	2	11	42	1.4	4.8	4.62373132116438	-999.9	0.4	3.80787037037036	6.70747793170989	330
ST._PETERS	2024	2	12	43	-3.9	2	6.17830439287602	-999.9	0	3.41435185185186	4.35305327107565	330
ST._PETERS	2024	2	13	44	-4.1	-1.4	4.23952731789489	-999.9	0	3.57638888888889	3.69115141930933	330
ST._PETERS	2024	2	14	45	-5.6	-1.5	5.29930217577438	-999.9	3.6	8.40277777777778	3.8884813430822	330
ST._PETERS	2024	2	15	46	-4	-1.5	4.19743373536279	-999.9	0.4	8.29861111111111	3.87199502504359	330
ST._PETERS	2024	2	16	47	-7.3	-2.6	5.83771383766195	-999.9	0	5.01157407407408	3.12044310668027	330
ST._PETERS	2024	2	17	48	-8.9	-2.4	6.96338932136055	-999.9	0	4.20138888888889	2.66266065458391	330
ST._PETERS	2024	2	18	49	-10.9	-6.8	5.60936121842015	-999.9	0	5.34722222222222	2.10400158675104	330
ST._PETERS	2024	2	19	50	-9	-1	7.94709980366762	-999.9	0	5.56712962962964	3.09749867207232	330
ST._PETERS	2024	2	20	51	-10.7	-6.4	5.90911264107075	-999.9	0	6.85185185185186	1.90167059764618	330
ST._PETERS	2024	2	21	52	-12.5	-3.4	8.7179190906229	-999.9	0	3.58796296296297	2.05896101602992	330
ST._PETERS	2024	2	22	53	-9.7	-0.8	8.74316393405585	-999.9	0	2.06018518518519	3.45942774298214	330
ST._PETERS	2024	2	23	54	-7.4	2.1	9.15992741827088	-999.9	6.2	3.27546296296297	4.66217591200264	330
ST._PETERS	2024	2	24	55	-10.6	3.8	11.4351287827323	-999.9	28.1	4.51388888888889	4.54272877526784	330
ST._PETERS	2024	2	25	56	-12.7	-6.7	7.48403704025455	-999.9	0	5.09259259259258	1.97767584975188	330
ST._PETERS	2024	2	26	57	-10.2	1.1	10.4128338888589	-999.9	0	4.84953703703703	3.42572184931075	330
ST._PETERS	2024	2	27	58	-4.7	6.6	10.5561460688357	-999.9	0	4.49074074074075	4.89074309891738	330
ST._PETERS	2024	2	28	59	5.2	11.6	8.05300254187442	-999.9	3.2	7.11805555555556	10.0447469399171	330
ST._PETERS	2024	2	29	60	-11	11.7	15.3725517568617	-999.9	15.4	8.84259259259258	5.06769867347653	330
ST._PETERS	2024	3	1	61	-13.6	-6.1	8.95551813500609	-999.9	0.2	8.63425925925925	1.54312206603743	330
ST._PETERS	2024	3	2	62	-9	7.5	13.4613746204729	-999.9	0	5.19675925925925	3.46055820395713	330
ST._PETERS	2024	3	3	63	0.7	8.8	9.55731975583836	-999.9	9.2	4.17824074074075	8.03443619820942	330
ST._PETERS	2024	3	4	64	-6.2	0.7	8.93761670353236	-999.9	0.2	3.79629629629631	3.88864876708679	330
ST._PETERS	2024	3	5	65	-7	8.2	13.4393608365879	-999.9	3.3	4.62962962962964	4.53257679719769	330
ST._PETERS	2024	3	6	66	0.1	6.4	8.76479040057939	-999.9	29.6	2.78935185185186	7.5432228162578	330
ST._PETERS	2024	3	7	67	-1.7	0.1	4.74542979515884	-999.9	21.8	1.44675925925926	5.52455670169654	330
ST._PETERS	2024	3	8	68	-2.3	0.2	5.66408565776848	-999.9	10.6	0	5.20416909360164	330
ST._PETERS	2024	3	9	69	-3.6	1.3	8.03026276557852	-999.9	0	1.38888888888889	4.98209225434822	330
ST._PETERS	2024	3	10	70	-3.1	1.3	7.70513687181324	-999.9	17.5	5.85648148148147	5.15858759284231	330
ST._PETERS	2024	3	11	71	-0.3	6.6	9.76900469117731	-999.9	4.8	4.6875	6.80329904502003	330
ST._PETERS	2024	3	12	72	-1.3	0.6	5.18946862270594	-999.9	3.2	3.53009259259258	5.94752131164588	330
ST._PETERS	2024	3	13	73	-0.9	2.2	6.7095746374531	-999.9	0.2	4.47916666666667	6.23343054337112	330
ST._PETERS	2024	3	14	74	-1.6	3	8.27195319483776	-999.9	0	2.36111111111111	5.91866516850084	330
ST._PETERS	2024	3	15	75	-0.3	7.2	10.6886051272721	-999.9	0	2.31481481481481	6.7045041010879	330
ST._PETERS	2024	3	16	76	-2.2	6.1	11.3772228100994	-999.9	0	2.30324074074074	6.12328212251578	330
ST._PETERS	2024	3	17	77	0.1	7.3	10.7205045764838	-999.9	7.6	5.52083333333333	6.62132748628399	330
ST._PETERS	2024	3	18	78	-0.1	9.3	12.3910764867263	-999.9	0.2	5.67129629629631	6.72310654063243	330
ST._PETERS	2024	3	19	79	-2.7	2	8.8620463235174	-999.9	0	3.53009259259258	5.33055960164599	330
ST._PETERS	2024	3	20	80	-3	5.9	12.3328493171887	-999.9	0	3.10185185185186	5.20325432703682	330
ST._PETERS	2024	3	21	81	-3.1	4.3	11.3713109268124	-999.9	8.9	7.43055555555556	5.21633617261467	330
ST._PETERS	2024	3	22	82	-6.1	1.2	11.418915904773	-999.9	0	9.13194444444444	3.19308019416436	330
ST._PETERS	2024	3	23	83	-6.5	2.1	12.5292073164428	-999.9	4.7	4.89583333333333	3.32341619239371	330
ST._PETERS	2024	3	24	84	-1.6	11.4	15.5703653471323	-999.9	10.6	7.76620370370369	6.82201611344759	330
ST._PETERS	2024	3	25	85	-2.2	1.2	8.04749817802447	-999.9	0	4.08564814814814	3.47939508782266	330
ST._PETERS	2024	3	26	86	-2	4.5	11.2438152293665	-999.9	3.9	3.21759259259258	4.81942231097799	330
ST._PETERS	2024	3	27	87	1.8	10.3	12.991016984067	-999.9	0	6.03009259259258	8.77239288617663	330
ST._PETERS	2024	3	28	88	3.9	16.7	16.1048329144861	-999.9	33	3.26388888888889	12.3170381426409	330
ST._PETERS	2024	3	29	89	3.9	17.3	16.6441613397512	-999.9	15.9	3.63425925925925	12.5928723749647	330
ST._PETERS	2024	3	30	90	0.1	5	10.1649778739568	-999.9	0.4	7.43055555555556	6.25026019775599	330
ST._PETERS	2024	3	31	91	-1.8	2.3	9.3894403414084	-999.9	0	4.375	3.99615212136066	330
ST._PETERS	2024	4	1	92	-2.2	2.9	10.5733516299271	-999.9	0	4.43287037037036	4.58681947219618	330
ST._PETERS	2024	4	2	93	-1.7	2	9.09177414859783	-999.9	0.3	3.07870370370369	5.66706741192838	330
ST._PETERS	2024	4	3	94	-0.6	3.6	9.77761580239789	-999.9	0	4.29398148148147	5.89333403053654	330
ST._PETERS	2024	4	4	95	-0.7	4.9	11.3947090272164	-999.9	8.5	4.42129629629631	6.27983672236339	330
ST._PETERS	2024	4	5	96	0.3	5.3	10.8651445731435	-999.9	7.1	4.75694444444445	6.93215373383208	330
ST._PETERS	2024	4	6	97	0.6	4.2	9.3021525906686	-999.9	0.5	3.32175925925925	6.68610632551021	330
ST._PETERS	2024	4	7	98	-0.5	3.9	10.3748238348345	-999.9	0	5.55555555555556	6.10853052100972	330
ST._PETERS	2024	4	8	99	-1	11.7	17.7794777525833	-999.9	0	3.15972222222222	6.39566083307522	330
ST._PETERS	2024	4	9	100	-3.5	2.4	12.2221202644481	-999.9	0	4.84953703703703	4.85189519353513	330
ST._PETERS	2024	4	10	101	-3.3	4.9	14.5302021327505	-999.9	0	2.90509259259258	4.39257602327707	330
ST._PETERS	2024	4	11	102	-2	13.3	20.0122321907955	-999.9	0	4.03935185185186	5.83276881019646	330
ST._PETERS	2024	4	12	103	2.7	13.9	17.261755740019	-999.9	4.4	6.15740740740742	9.60576659376566	330
ST._PETERS	2024	4	13	104	5.6	15.3	16.1930690793943	-999.9	6.1	6.31944444444445	11.7927949784745	330
ST._PETERS	2024	4	14	105	5.1	11.2	12.9424633464974	-999.9	0.2	6.06481481481481	8.55877141643886	330
ST._PETERS	2024	4	15	106	4	12.2	15.1220001735412	-999.9	0	3.4375	8.56329030314236	330
ST._PETERS	2024	4	16	107	3.3	12	15.6947347482832	-999.9	0	2.56944444444444	8.37270222506054	330
ST._PETERS	2024	4	17	108	0.6	5.7	12.1063560398209	-999.9	0	3.18287037037036	6.98855319741964	330
ST._PETERS	2024	4	18	109	0.9	5	10.9344376890506	-999.9	0	5	6.38103743874488	330
ST._PETERS	2024	4	19	110	-0.9	4.8	12.9855550604709	-999.9	0	3.4375	5.6473682254397	330
ST._PETERS	2024	4	20	111	1.5	8	13.9650004744665	-999.9	8.2	4.76851851851853	7.09132585594649	330
ST._PETERS	2024	4	21	112	3.7	11.8	15.6975122166567	-999.9	0	3.50694444444444	7.49136249398746	330
ST._PETERS	2024	4	22	113	-2	9.2	18.584225858426	-999.9	0.2	5.25462962962964	5.41669340880286	330
ST._PETERS	2024	4	23	114	-3.4	13.6	23.0489111817203	-999.9	0	4.28240740740742	4.29698732522162	330
ST._PETERS	2024	4	24	115	0.7	9.5	16.6917310631164	-999.9	0.5	2.84722222222222	6.71565084959786	330
ST._PETERS	2024	4	25	116	-2	5.1	15.0892328707837	-999.9	0.7	6.89814814814814	4.45181349691692	330
ST._PETERS	2024	4	26	117	-4.3	5.1	17.471249748243	-999.9	0	2.29166666666667	3.73561787930556	330
ST._PETERS	2024	4	27	118	-4.6	5.4	18.1311971523619	-999.9	0	2.15277777777778	4.39376056417265	330
ST._PETERS	2024	4	28	119	-5.5	9.4	22.2654096946064	-999.9	0	2.1412037037037	4.30799877297686	330
ST._PETERS	2024	4	29	120	2.2	7.8	13.7305379669443	-999.9	2.7	4.05092592592592	6.56679914010751	330
ST._PETERS	2024	4	30	121	1.6	3.6	8.2529591396083	-999.9	0.2	6.75925925925925	6.3904419789291	330
ST._PETERS	2024	5	1	122	2.6	5.5	9.99402184815004	-999.9	0	3.62268518518519	7.44330677548815	330
ST._PETERS	2024	5	2	123	2.6	5	9.14195803581785	-999.9	1	3.49537037037036	7.86618112233668	330
ST._PETERS	2024	5	3	124	2.6	4.9	8.99778895955704	-999.9	1.9	4.84953703703703	7.95678986393356	330
ST._PETERS	2024	5	4	125	0	7.4	16.2245353263031	-999.9	0	3.27546296296297	7.06785888193676	330
ST._PETERS	2024	5	5	126	-0.3	10.5	19.7015008964352	-999.9	0	2.46527777777778	7.38096710782294	330
ST._PETERS	2024	5	6	127	5.3	13.3	17.0415943269168	-999.9	1	5.83333333333333	9.92494080069707	330
ST._PETERS	2024	5	7	128	2.6	12.2	18.759690384702	-999.9	0.2	4.08564814814814	7.58248953737403	330
ST._PETERS	2024	5	8	129	2.7	6.8	12.3183937516304	-999.9	0.2	3.125	7.58087931605244	330
ST._PETERS	2024	5	9	130	3.1	5.8	10.0430049402856	-999.9	9.8	3.76157407407408	8.07561880872555	330
ST._PETERS	2024	5	10	131	2.4	8.4	15.03920388435	-999.9	0.5	3.27546296296297	8.03586258428054	330
ST._PETERS	2024	5	11	132	2.3	9.2	16.1990381459734	-999.9	0	2.66203703703704	8.00347782934193	330
ST._PETERS	2024	5	12	133	2.7	6.7	12.3867797291348	-999.9	2.1	4.66435185185186	7.76044584943166	330
ST._PETERS	2024	5	13	134	0.7	13.2	21.9885036008144	-999.9	0	2.2337962962963	7.70032023913552	330
ST._PETERS	2024	5	14	135	0.4	15.5	24.265549907348	-999.9	0	2.61574074074074	7.25300844200399	330
ST._PETERS	2024	5	15	136	2.5	18.8	25.3107745905543	-999.9	0	2.33796296296296	9.53422142019618	330
ST._PETERS	2024	5	16	137	5.3	17.8	22.2497844205219	-999.9	0	2.56944444444444	11.1660748485863	330
ST._PETERS	2024	5	17	138	5.1	12.1	16.7119990620596	-999.9	0	2.68518518518519	9.89668963295903	330
ST._PETERS	2024	5	18	139	6.9	18.5	21.5906931691662	-999.9	0	2.59259259259259	11.9186556659416	330
ST._PETERS	2024	5	19	140	6.1	14.5	18.436788575357	-999.9	0	2.70833333333333	10.1681080837121	330
ST._PETERS	2024	5	20	141	5.5	19.4	23.7963916172522	-999.9	0	3.33333333333333	9.58393644920878	330
ST._PETERS	2024	5	21	142	9.5	24.2	24.5510843176822	-999.9	3.7	6.05324074074075	13.8706736156386	330
ST._PETERS	2024	5	22	143	8.4	21.8	23.5138167542022	-999.9	0	3.41435185185186	13.8140705827336	330
ST._PETERS	2024	5	23	144	8.8	21.6	23.0507485784907	-999.9	7.2	3.91203703703703	14.315084701668	330
ST._PETERS	2024	5	24	145	11.3	26.1	24.8582757135946	-999.9	1.3	4.35185185185186	15.6439565630101	330
ST._PETERS	2024	5	25	146	7.4	12.6	14.775862941782	-999.9	0	3.39120370370369	10.9524014814087	330
ST._PETERS	2024	5	26	147	3.2	10.5	17.5539460983022	-999.9	0	2.78935185185186	8.25130058260921	330
ST._PETERS	2024	5	27	148	2.8	16.5	24.1094347625951	-999.9	0	2.74305555555556	9.59135559709257	330
ST._PETERS	2024	5	28	149	8.7	18.8	20.7516323314594	-999.9	8.1	6.59722222222222	14.2050943313127	330
ST._PETERS	2024	5	29	150	7.1	23.6	26.585812907237	-999.9	0	5.01157407407408	13.585542135927	330
ST._PETERS	2024	5	30	151	7.1	15.1	18.5532954950926	-999.9	0.2	2.58101851851852	9.51948478717006	330
ST._PETERS	2024	5	31	152	6.8	14.4	18.1218609604089	-999.9	0	2.36111111111111	10.2614531157355	330
ST._PETERS	2024	6	1	153	7	10.6	12.4973846825574	-999.9	1.1	4.50231481481481	9.92257323445576	330
ST._PETERS	2024	6	2	154	7.3	9	8.604315342053	-999.9	10.2	5.43981481481481	10.3960872098559	330
ST._PETERS	2024	6	3	155	6.6	13.2	16.9840003650671	-999.9	1	2.83564814814814	11.833489930773	330
ST._PETERS	2024	6	4	156	8.4	12.8	13.8906583173374	-999.9	0	3.35648148148147	11.8549460956674	330
ST._PETERS	2024	6	5	157	7.5	12.2	14.3789208250155	-999.9	0	3.98148148148147	11.6124753794952	330
ST._PETERS	2024	6	6	158	4.5	12	18.1903631732734	-999.9	0	2.00231481481481	10.5280287980772	330
ST._PETERS	2024	6	7	159	4	20.1	26.6876076239278	-999.9	0	2.16435185185185	12.6508905143937	330
ST._PETERS	2024	6	8	160	11.5	16.7	15.1857771742531	-999.9	1.1	3.54166666666667	14.9423965184989	330
ST._PETERS	2024	6	9	161	12.8	20.7	18.7387363128974	-999.9	4.9	3.64583333333333	16.784075344486	330
ST._PETERS	2024	6	10	162	13.2	21.1	18.7579137584562	-999.9	0	4.76851851851853	15.236596718349	330
ST._PETERS	2024	6	11	163	9.9	18	19.0112482981256	-999.9	0	3.05555555555556	13.9697504462427	330
ST._PETERS	2024	6	12	164	10.3	22.4	23.2547089936798	-999.9	0	2.33796296296296	15.4911022607114	330
ST._PETERS	2024	6	13	165	13.1	25.3	23.3669086646251	-999.9	0	4.66435185185186	16.9032492365127	330
ST._PETERS	2024	6	14	166	13.5	28.3	25.7518480002414	-999.9	0	5.96064814814814	16.6591668317229	330
ST._PETERS	2024	6	15	167	9.8	18.3	19.5252375102485	-999.9	22.7	3.00925925925925	14.302969640455	330
ST._PETERS	2024	6	16	168	9.6	17.2	18.4695427906544	-999.9	0	4.12037037037036	10.7081721577594	330
ST._PETERS	2024	6	17	169	9.6	24.3	25.6935258670757	-999.9	0	5.24305555555556	11.3733828416771	330
ST._PETERS	2024	6	18	170	15.1	26.7	22.8277421906377	-999.9	0	5.74074074074075	16.5557579749152	330
ST._PETERS	2024	6	19	171	19.1	31.8	23.8868023247322	-999.9	0	6.27314814814814	23.5404646994963	330
ST._PETERS	2024	6	20	172	16.5	31.3	25.7847242091724	-999.9	0	4.82638888888889	22.0523909639947	330
ST._PETERS	2024	6	21	173	12.3	21.6	20.436282154522	-999.9	0	2.85879629629631	12.9923983878365	330
ST._PETERS	2024	6	22	174	11.6	25.2	24.7065423806371	-999.9	0	2.93981481481481	13.1304408139585	330
ST._PETERS	2024	6	23	175	14	22.1	19.0598928071618	-999.9	17.1	4.45601851851853	17.4905540079914	330
ST._PETERS	2024	6	24	176	14.4	20.1	15.9810065271396	-999.9	2.6	3.71527777777778	18.7009522221977	330
ST._PETERS	2024	6	25	177	14	18.7	14.5029955601131	-999.9	7.3	2.97453703703703	17.4861998649251	330
ST._PETERS	2024	6	26	178	13.4	27.7	25.2797170198756	-999.9	0	4.67592592592592	19.1493510824452	330
ST._PETERS	2024	6	27	179	14.3	22.5	19.1275712467474	-999.9	7.3	5.25462962962964	18.8678148176302	330
ST._PETERS	2024	6	28	180	8.1	17.8	20.7845570281286	-999.9	0.4	3.33333333333333	12.8505806515956	330
ST._PETERS	2024	6	29	181	9.8	23.1	24.3128571717788	-999.9	0	5.09259259259258	13.1218363328828	330
ST._PETERS	2024	6	30	182	13.5	23	20.5248737435927	-999.9	0.9	7.52314814814814	17.6882110499443	330
ST._PETERS	2024	7	1	183	12.2	18	16.0174880846223	-999.9	0	2.48842592592593	15.9105927293855	330
ST._PETERS	2024	7	2	184	10	22.5	23.4828232766981	-999.9	0	1.57407407407407	14.0983737771498	330
ST._PETERS	2024	7	3	185	9.7	26.3	27.0219921170236	-999.9	0	1.84027777777778	13.3486984834012	330
ST._PETERS	2024	7	4	186	13.7	24.7	21.9624483254468	-999.9	0	3.34490740740742	15.171969303698	330
ST._PETERS	2024	7	5	187	14.2	26.2	22.900720397584	-999.9	0	5.11574074074075	18.5304112691741	330
ST._PETERS	2024	7	6	188	16.1	20.4	13.6842127988513	-999.9	2.2	5.04629629629631	19.0665914460952	330
ST._PETERS	2024	7	7	189	17.2	23.2	16.1339675170464	-999.9	1	2.90509259259258	22.1849926472207	330
ST._PETERS	2024	7	8	190	17.3	28.9	22.3886201373114	-999.9	0	2.30324074074074	24.8455744140308	330
ST._PETERS	2024	7	9	191	19.3	29.3	20.7435867834046	-999.9	0	4.67592592592592	23.7575886604157	330
ST._PETERS	2024	7	10	192	19.7	26.9	17.5625783210989	-999.9	3.6	4.21296296296297	23.2564866863495	330
ST._PETERS	2024	7	11	193	19.4	22.5	11.4972402861441	-999.9	25	2.15277777777778	24.3572905652497	330
ST._PETERS	2024	7	12	194	19.2	22.5	11.8334922397677	-999.9	0	3.58796296296297	23.5668784664783	330
ST._PETERS	2024	7	13	195	19.9	29.5	20.1320099242508	-999.9	0	4.53703703703703	25.452644699955	330
ST._PETERS	2024	7	14	196	19.7	28.1	18.7818760430798	-999.9	0	3.10185185185186	25.3782439625038	330
ST._PETERS	2024	7	15	197	20.3	31.5	21.627597432653	-999.9	0	3.93518518518519	24.4549269211907	330
ST._PETERS	2024	7	16	198	20.5	30	19.8615443690668	-999.9	5.1	4.79166666666667	25.7265616548442	330
ST._PETERS	2024	7	17	199	20.7	28.2	17.5948539805085	-999.9	0.6	4.01620370370369	26.5729543610944	330
ST._PETERS	2024	7	18	200	20.1	25.5	14.8835824646059	-999.9	4	5.28935185185186	24.8048555123732	330
ST._PETERS	2024	7	19	201	17.7	25.4	17.7158959014212	-999.9	0	4.13194444444444	19.4517314247863	330
ST._PETERS	2024	7	20	202	16.8	28	21.2953789768231	-999.9	0	4.08564814814814	18.3273871876673	330
ST._PETERS	2024	7	21	203	14.4	22.8	18.3791701720712	-999.9	0	3.53009259259258	17.0615554059002	330
ST._PETERS	2024	7	22	204	14	23.4	19.373638977333	-999.9	0	4.59490740740742	14.8951397263723	330
ST._PETERS	2024	7	23	205	14.5	23.5	18.887762214074	-999.9	0	2.32638888888889	17.1349886039508	330
ST._PETERS	2024	7	24	206	14.5	22.6	17.8510808870486	-999.9	0	2.16435185185185	16.030510281529	330
ST._PETERS	2024	7	25	207	15.2	26.7	21.1877228525268	-999.9	2.4	3.20601851851853	18.4058295642574	330
ST._PETERS	2024	7	26	208	15.1	22.4	16.8135940822288	-999.9	0	4.20138888888889	18.5309612343845	330
ST._PETERS	2024	7	27	209	13.4	22.8	19.0010252968889	-999.9	0	2.33796296296296	15.0837564619339	330
ST._PETERS	2024	7	28	210	15.8	29.1	22.5062390324398	-999.9	0	5.48611111111111	17.9715694716429	330
ST._PETERS	2024	7	29	211	15.8	31	23.955911974461	-999.9	0	5.79861111111111	20.4590676625638	330
ST._PETERS	2024	7	30	212	16.1	27.2	20.3805458794531	-999.9	0	3.87731481481481	20.4941956210349	330
ST._PETERS	2024	7	31	213	18.1	30.3	21.2689979958573	-999.9	0	5.65972222222222	23.1101912784765	330
ST._PETERS	2024	8	1	214	20.9	29.1	17.3554547223937	-999.9	6.1	5.35879629629631	26.2967403394	330
ST._PETERS	2024	8	2	215	20.7	25.7	13.4872984184154	-999.9	0.3	2.80092592592592	24.9724176241396	330
ST._PETERS	2024	8	3	216	20.5	30.8	19.2627451727138	-999.9	0	4.46759259259258	25.2446652795146	330
ST._PETERS	2024	8	4	217	21.5	29.8	17.2046836183963	-999.9	0	3.47222222222222	28.3121615532159	330
ST._PETERS	2024	8	5	218	18.2	24.9	15.3780532757103	-999.9	17.5	3.22916666666667	22.7116775348227	330
ST._PETERS	2024	8	6	219	15.3	22	15.2969791201353	-999.9	16.8	3.26388888888889	16.8284495516945	330
ST._PETERS	2024	8	7	220	15	23.3	16.9339933798935	-999.9	0	3.11342592592592	15.530944784778	330
ST._PETERS	2024	8	8	221	14.6	22.8	16.7388971554191	-999.9	0	3.15972222222222	12.3960763077139	330
ST._PETERS	2024	8	9	222	14.3	24.6	18.6545751807172	-999.9	0.8	3.86574074074075	17.2407910770557	330
ST._PETERS	2024	8	10	223	19.4	25.3	14.0373977031209	-999.9	6.1	6.13425925925925	25.2979147822346	330
ST._PETERS	2024	8	11	224	16.6	25.8	17.4258961254109	-999.9	0	3.79629629629631	19.7603163005846	330
ST._PETERS	2024	8	12	225	15.4	26.9	19.3658804373202	-999.9	1.9	4.13194444444444	18.5173966185649	330
ST._PETERS	2024	8	13	226	15.1	22.8	15.7495107296986	-999.9	0	2.80092592592592	19.148165913106	330
ST._PETERS	2024	8	14	227	10.6	20.8	18.0136274503267	-999.9	0	3.21759259259258	14.2071784014724	330
ST._PETERS	2024	8	15	228	10.9	21.7	18.4178153413611	-999.9	0	1.86342592592593	14.4521594664495	330
ST._PETERS	2024	8	16	229	13.6	25.2	18.9638228004411	-999.9	0	2.2337962962963	17.435489409291	330
ST._PETERS	2024	8	17	230	15.3	27.2	19.0803482853684	-999.9	0	3.64583333333333	18.117134348084	330
ST._PETERS	2024	8	18	231	14.5	25.6	18.3035467588871	-999.9	0	4.13194444444444	18.2046738532962	330
ST._PETERS	2024	8	19	232	17.4	25.9	15.907024760394	-999.9	5.5	2.19907407407407	24.4711848723589	330
ST._PETERS	2024	8	20	233	19.9	28.6	15.9804645608561	-999.9	10.9	4.89583333333333	25.6878178617511	330
ST._PETERS	2024	8	21	234	18.5	20.9	8.33354901112839	-999.9	0.6	3.40277777777778	21.7867946203829	330
ST._PETERS	2024	8	22	235	14	23.8	16.7176837291598	-999.9	0	2.80092592592592	16.4802228055387	330
ST._PETERS	2024	8	23	236	13	22.4	16.2521029456841	-999.9	0	3.34490740740742	16.0135428940211	330
ST._PETERS	2024	8	24	237	14.2	25.8	17.9184677463152	-999.9	0	4.28240740740742	17.7155638626112	330
ST._PETERS	2024	8	25	238	16.6	26.9	16.7556078292665	-999.9	0	2.8125	20.5651583386929	330
ST._PETERS	2024	8	26	239	16.3	26.4	16.463237007134	-999.9	0	2.12962962962963	20.7085308906212	330
ST._PETERS	2024	8	27	240	15.8	27.3	17.428480176109	-999.9	0	3.93518518518519	18.0456250744856	330
ST._PETERS	2024	8	28	241	14.8	20.9	12.5914132346229	-999.9	6.7	6.21527777777778	16.5666673889855	330
ST._PETERS	2024	8	29	242	8.5	17.7	15.3371683049303	-999.9	0	5.65972222222222	9.59867097205109	330
ST._PETERS	2024	8	30	243	8.6	22.2	18.4929003804826	-999.9	0	2.62731481481481	11.9602600811661	330
ST._PETERS	2024	8	31	244	10.6	24.3	18.4044407111075	-999.9	0	5.33564814814814	14.2900465355807	330
ST._PETERS	2024	9	1	245	14.2	25.5	16.5718373459925	-999.9	0	5.68287037037036	18.1639933571267	330
ST._PETERS	2024	9	2	246	10.1	20.7	15.910934892678	-999.9	0.2	3.18287037037036	15.2760482187232	330
ST._PETERS	2024	9	3	247	10.4	17.7	13.0875289475127	-999.9	0	4.61805555555556	10.5993558914767	330
ST._PETERS	2024	9	4	248	11.7	21.6	15.1046038561336	-999.9	0	3.19444444444444	13.0791220652798	330
ST._PETERS	2024	9	5	249	12.3	26.5	17.9255888918895	-999.9	0	5.08101851851853	16.1160469675068	330
ST._PETERS	2024	9	6	250	12.7	21.7	14.1393678745921	-999.9	0	2.99768518518519	14.858965549683	330
ST._PETERS	2024	9	7	251	16.2	19.9	8.98113086408767	-999.9	12.9	2.93981481481481	19.2022475696279	330
ST._PETERS	2024	9	8	252	12.6	23.4	15.1986638751346	-999.9	1.7	5.91435185185186	18.2012007781434	330
ST._PETERS	2024	9	9	253	10.2	18.6	13.2751219328412	-999.9	0	4.53703703703703	11.804121525226	330
ST._PETERS	2024	9	10	254	11.4	20.9	13.9800280769405	-999.9	0	3.86243386243386	12.6578053012846	330
ST._PETERS	2024	9	11	255	10.8	17.9	11.9664375085329	-999.9	0	2.01388888888889	13.4551118110146	330
ST._PETERS	2024	9	12	256	10.3	19.5	13.4853205884821	-999.9	0	2.25694444444444	14.0484364699879	330
ST._PETERS	2024	9	13	257	12.3	25.6	16.0497091424061	-999.9	6.1	2.53472222222222	17.7774465518726	330
ST._PETERS	2024	9	14	258	12.3	17.1	9.54285732259496	-999.9	0	4.54861111111111	12.3850157975833	330
ST._PETERS	2024	9	15	259	10	19.4	13.2154170641503	-999.9	0	2.19907407407407	11.5663452618109	330
ST._PETERS	2024	9	16	260	13.6	27.2	15.7285404210424	-999.9	0	5.40509259259258	17.4472496375517	330
ST._PETERS	2024	9	17	261	16.5	29	14.9182930897708	-999.9	0	4.45601851851853	19.8229814417702	330
ST._PETERS	2024	9	18	262	16.3	26.1	13.066694890087	-999.9	0	2.04861111111111	19.4864526418345	330
ST._PETERS	2024	9	19	263	15.1	19.3	8.46076605110185	-999.9	0	3.98148148148147	16.7307026465491	330
ST._PETERS	2024	9	20	264	9.4	18.3	12.1802577051192	-999.9	0	4.62962962962964	11.1160755899428	330
ST._PETERS	2024	9	21	265	8.2	17.9	12.5738499725343	-999.9	0	2.53472222222222	11.5222905013576	330
ST._PETERS	2024	9	22	266	8.1	17.5	12.2380495130894	-999.9	0	2.30324074074074	12.0712279859547	330
ST._PETERS	2024	9	23	267	8.9	16.9	11.1610373985126	-999.9	0	2.11805555555556	10.6005923919877	330
ST._PETERS	2024	9	24	268	12.9	16.8	7.7028085942071	-999.9	0	3.37962962962964	12.7725946109578	330
ST._PETERS	2024	9	25	269	8.1	17.2	11.6289698059885	-999.9	0.7	1.875	12.0599593155894	330
ST._PETERS	2024	9	26	270	9.8	17.9	10.8421129476448	-999.9	5.2	2.19907407407407	13.3079716002124	330
ST._PETERS	2024	9	27	271	12.5	15.2	6.18517458768791	-999.9	13.5	2.90509259259258	15.1030765735089	330
ST._PETERS	2024	9	28	272	13.2	17.2	7.43784711134694	-999.9	0.2	4.38657407407408	14.0621680108258	330
ST._PETERS	2024	9	29	273	10.3	17.2	9.6502428529494	-999.9	0	2.51157407407408	12.7861273264365	330
ST._PETERS	2024	9	30	274	10.8	16.6	8.73925150612073	-999.9	0	4.12037037037036	13.5558310170006	330
ST._PETERS	2024	10	1	275	12.1	15.7	6.80000155640227	-999.9	0	4.97685185185186	12.1585561799244	330
ST._PETERS	2024	10	2	276	4.8	15.6	11.6310540327722	-999.9	0	2.38425925925926	9.22569373935319	330
ST._PETERS	2024	10	3	277	5.3	18.2	12.5517533005947	-999.9	0	1.78240740740741	10.9293421489067	330
ST._PETERS	2024	10	4	278	10.2	19.7	10.6347590787448	-999.9	0	2.70833333333333	14.6013012755677	330
ST._PETERS	2024	10	5	279	11.4	17.4	8.3435886462912	-999.9	0	1.41203703703704	14.6933861543656	330
ST._PETERS	2024	10	6	280	12.3	15.4	5.92005571989703	-999.9	3.5	2.02546296296296	14.2449472227414	330
ST._PETERS	2024	10	7	281	9.4	16.1	8.59028507836141	-999.9	0	1.73611111111111	11.9722834942666	330
ST._PETERS	2024	10	8	282	11.3	17	7.81972893082805	-999.9	17.1	4.73379629629631	12.9529899835963	330
ST._PETERS	2024	10	9	283	6.5	13.9	8.79254286218636	-999.9	0	3.92361111111111	9.44956779736233	330
ST._PETERS	2024	10	10	284	6.5	13.5	8.43827666711898	-999.9	4.3	3.39120370370369	9.66811425328854	330
ST._PETERS	2024	10	11	285	7.3	13.3	7.70814305874924	-999.9	5.3	6.80555555555556	9.29805347448723	330
ST._PETERS	2024	10	12	286	8	12.3	6.4378772803221	-999.9	6.5	6.95601851851853	10.2669684277678	330
ST._PETERS	2024	10	13	287	6.9	11.2	6.35102253928958	-999.9	0	6.79398148148147	8.1189248302608	330
ST._PETERS	2024	10	14	288	6.9	16.2	9.21340770399345	-999.9	25.8	3.27546296296297	12.6059315599317	330
ST._PETERS	2024	10	15	289	6.5	16.2	9.28120529527454	-999.9	0	5.35879629629631	10.579215561479	330
ST._PETERS	2024	10	16	290	5	9.2	6.02358616189138	-999.9	1.9	5.98379629629631	7.92635814233188	330
ST._PETERS	2024	10	17	291	4.8	12.6	8.09588033383634	-999.9	0	4.30555555555556	7.69533087666011	330
ST._PETERS	2024	10	18	292	3.1	11.6	8.33468155800378	-999.9	0	2.96296296296297	7.35535668930064	330
ST._PETERS	2024	10	19	293	4.9	17.5	10.0070553384709	-999.9	0	4.21296296296297	9.96685825421661	330
ST._PETERS	2024	10	20	294	8.1	19.8	9.50903580894284	-999.9	0	4.02777777777778	10.3248067232801	330
ST._PETERS	2024	10	21	295	10.9	19.1	7.84976169876625	-999.9	0	4.44444444444444	10.8362581531526	330
ST._PETERS	2024	10	22	296	5.9	15	8.15384093652679	-999.9	0	3.26086956521739	8.48838625182323	330
ST._PETERS	2024	10	23	297	7.5	21	9.79239760587036	-999.9	0	6.51620370370369	12.4516713336036	330
ST._PETERS	2024	10	24	298	9.5	18.1	7.70625447735682	-999.9	0	5.27777777777778	13.2679999618675	330
ST._PETERS	2024	10	25	299	7.2	9.7	4.09666328038941	-999.9	0	8.41435185185186	9.51411171230972	330
ST._PETERS	2024	10	26	300	3.4	12.5	7.70626989286963	-999.9	0	4.50231481481481	7.21270790694257	330
ST._PETERS	2024	10	27	301	0.6	7	6.37201669681606	-999.9	0	6.14583333333333	4.74185747690347	330
ST._PETERS	2024	10	28	302	1	5.6	5.32638455702222	-999.9	2.5	6.95601851851853	5.27723942455208	330
ST._PETERS	2024	10	29	303	-2.8	6.4	7.42712497746186	-999.9	0.4	4.53703703703703	4.49275476234035	330
ST._PETERS	2024	10	30	304	-2	10	8.36374028375605	-999.9	0.5	3.93518518518519	5.77902830579738	330
ST._PETERS	2024	10	31	305	9.9	18.9	7.14212760445788	-999.9	0	6.72453703703703	13.4306196656205	330
ST._PETERS	2024	11	1	306	6	16.4	7.57070554636818	-999.9	8.8	4.58333333333333	11.8144277351769	330
ST._PETERS	2024	11	2	307	3.2	6.1	3.94232646788842	-999.9	0	4.75694444444445	5.5339615083664	330
ST._PETERS	2024	11	3	308	1.8	4.9	4.01969102269915	-999.9	0.6	5.68287037037036	4.61322082673397	330
ST._PETERS	2024	11	4	309	0.3	6.6	5.65156267173052	-999.9	0	4.29398148148147	4.82528543333772	330
ST._PETERS	2024	11	5	310	2.2	11.5	6.7726460672323	-999.9	2	4.98842592592592	8.87160521772969	330
ST._PETERS	2024	11	6	311	7.9	18.8	7.2324434432359	-999.9	0.9	5.81018518518519	13.3668827349359	330
ST._PETERS	2024	11	7	312	4.3	7.9	4.10032581975496	-999.9	0.2	5.84490740740742	6.56387128838663	330
ST._PETERS	2024	11	8	313	1.4	9.2	5.9546252337513	-999.9	2.1	5.87962962962964	6.72407771679409	330
ST._PETERS	2024	11	9	314	2.1	4.9	3.52026382465491	-999.9	1.7	8.4375	5.51989397241437	330
ST._PETERS	2024	11	10	315	1.3	6.8	4.86877943412788	-999.9	0	5.38194444444445	4.77783978929403	330
ST._PETERS	2024	11	11	316	3.4	12.8	6.28207709730426	-999.9	5.6	4.21296296296297	8.98354676656835	330
ST._PETERS	2024	11	12	317	2.5	10.1	5.57582759442774	-999.9	14.7	4.14351851851853	9.16381660496048	330
ST._PETERS	2024	11	13	318	0.3	3.3	3.45854697285243	-999.9	0	10.2546296296296	4.88292270670432	330
ST._PETERS	2024	11	14	319	0.4	4.1	3.79259506187686	-999.9	5.9	9.69907407407408	6.10310032877561	330
ST._PETERS	2024	11	15	320	4	9	4.3541164228287	-999.9	14.7	5.9375	9.58670743576663	330
ST._PETERS	2024	11	16	321	5.7	7.2	2.35570991210358	-999.9	2.4	4.47916666666667	9.70416181499655	330
ST._PETERS	2024	11	17	322	5.2	6.2	1.90030782928621	-999.9	0.7	5.71759259259258	9.1477129763068	330
ST._PETERS	2024	11	18	323	4.4	5.5	1.96951667060949	-999.9	7.5	6.38888888888889	8.51570884122742	330
ST._PETERS	2024	11	19	324	5.2	6.6	2.19615638019824	-999.9	6.5	6.74768518518519	9.22871127287815	330
ST._PETERS	2024	11	20	325	5.6	7	2.17120461477299	-999.9	1.4	5.86805555555556	9.25569445235111	330
ST._PETERS	2024	11	21	326	5.6	7.5	2.50125293101863	-999.9	0.7	5.78703703703703	9.20194309001343	330
ST._PETERS	2024	11	22	327	5.9	7.4	2.19827547436495	-999.9	1.3	4.50231481481481	8.86586786641429	330
ST._PETERS	2024	11	23	328	6	9.6	3.36945779353094	-999.9	30.1	5.9375	9.86008526838657	330
ST._PETERS	2024	11	24	329	3.4	8.5	3.96906073248987	-999.9	4	5.25462962962964	8.79586940594338	330
ST._PETERS	2024	11	25	330	3.5	5.6	2.52134775797487	-999.9	3.9	7.12962962962964	8.20956621803659	330
ST._PETERS	2024	11	26	331	2.1	5.3	3.08212335101463	-999.9	1.3	3.16425120772947	7.8742267473614	330
ST._PETERS	2024	11	27	332	2.1	6.4	3.53913816904407	-999.9	0.7	1.74768518518519	8.0249245662889	330
ST._PETERS	2024	11	28	333	0	5.4	3.92997300720465	-999.9	4	2.56944444444444	6.09140263693496	330
ST._PETERS	2024	11	29	334	0.2	7	4.37141852991117	-999.9	15.9	6.65509259259258	7.3193193770751	330
ST._PETERS	2024	11	30	335	-1.6	5.7	4.49112429910355	-999.9	0	3.49537037037036	5.93475805832068	330
ST._PETERS	2024	12	1	336	-2.1	3.2	3.79587823482624	-999.9	0	3.84259259259258	4.55825754631173	330
ST._PETERS	2024	12	2	337	-4.8	2.2	4.32875915650012	-999.9	0.2	2.97453703703703	4.25600861599223	330
ST._PETERS	2024	12	3	338	-4.4	1.2	3.84336926766449	-999.9	4.1	3.26388888888889	4.64091448114684	330
ST._PETERS	2024	12	4	339	-9.8	-0.9	4.81154488255977	-999.9	0.9	2.96296296296297	3.37634216829491	330
ST._PETERS	2024	12	5	340	-6.6	6.1	5.70997923757585	-999.9	24.3	4.12037037037036	5.44404497091938	330
ST._PETERS	2024	12	6	341	-5.4	3.3	4.69689546406154	-999.9	2	7.76620370370369	4.55751126196178	330
ST._PETERS	2024	12	7	342	-8.5	-5	2.96198564173694	-999.9	0.2	6.38888888888889	2.56462230116073	330
ST._PETERS	2024	12	8	343	-11.2	1.9	5.69986649493912	-999.9	12.1	4.94212962962964	3.75834685559126	330
ST._PETERS	2024	12	9	344	-3.2	0.5	3.01436360423417	-999.9	0	6.74768518518519	4.40262888088694	330
ST._PETERS	2024	12	10	345	-4	1.9	3.78944065211478	-999.9	4.9	1.50462962962963	4.34251527617277	330
ST._PETERS	2024	12	11	346	1.9	13.7	5.33747372642144	-999.9	4.7	3.88888888888889	10.5197856298547	330
ST._PETERS	2024	12	12	347	1.7	15.2	5.68854331555426	-999.9	0.4	7.55787037037036	9.26801707065408	330
ST._PETERS	2024	12	13	348	-5	2.1	4.11243288620045	-999.9	0	5.82175925925925	3.08699774152669	330
ST._PETERS	2024	12	14	349	-6.6	-1.1	3.6098108973427	-999.9	0	6.14583333333333	3.1838831427992	330
ST._PETERS	2024	12	15	350	-5.4	-1.2	3.14746495859548	-999.9	0	4.66435185185186	3.33932692432362	330
ST._PETERS	2024	12	16	351	-5.9	2.8	4.52199580306826	-999.9	0	3.99305555555556	3.85832890197306	330
ST._PETERS	2024	12	17	352	-1.6	10.2	5.25954366332244	-999.9	1.1	5.56712962962964	7.58436913396625	330
ST._PETERS	2024	12	18	353	1.7	7.3	3.62026805737299	-999.9	0	4.66435185185186	6.70442032919948	330
ST._PETERS	2024	12	19	354	-1.7	2.9	3.27996323323818	-999.9	7.9	4.46759259259258	5.82798030140564	330
ST._PETERS	2024	12	20	355	-3.6	-0.4	2.73597650472305	-999.9	0.3	2.89351851851853	4.04218948289026	330
ST._PETERS	2024	12	21	356	-5.6	0.3	3.7171890709554	-999.9	13.1	9.23611111111111	4.79622679711806	330
ST._PETERS	2024	12	22	357	-9.1	-5.5	2.90666391283068	-999.9	3.2	6.875	3.25228117699121	330
ST._PETERS	2024	12	23	358	-13.3	-4.9	4.44673438548328	-999.9	0.7	5.53240740740742	2.47468190239083	330
ST._PETERS	2024	12	24	359	-13.1	-1.6	5.21327473863862	-999.9	6.5	3.44907407407408	3.18714673375607	330
ST._PETERS	2024	12	25	360	-5.7	0.1	3.71139206928886	-999.9	0	3.11342592592592	4.22588704346155	330
ST._PETERS	2024	12	26	361	-1.1	0.1	1.69306704189735	-999.9	0	5.3125	4.71481460518563	330
ST._PETERS	2024	12	27	362	-7	1	4.38618597324672	-999.9	0	3.17129629629631	4.12039656707201	330
ST._PETERS	2024	12	28	363	-7.6	-0.1	4.2631147478263	-999.9	0	2.1875	4.39901623230426	330
ST._PETERS	2024	12	29	364	-3.2	1.9	3.53044453238203	-999.9	0	2.28260869565217	5.60949160444162	330
ST._PETERS	2024	12	30	365	1.3	5.5	3.21890327429929	-999.9	1	3.99305555555556	7.72567674519521	330
ST._PETERS	2024	12	31	366	0.5	7.9	4.29463669171691	-999.9	3.8	4.64120370370369	7.87650660656829	330
