ST._PETERS	2007	1	1	1	-7.7	3.6	5.30698348986838	-999.9	20.5	3.54166666666667	3.82825809360642	330
ST._PETERS	2007	1	2	2	-3.6	4.2	4.43367965648623	-999.9	4.5	6.21527777777778	5.69236057575115	330
ST._PETERS	2007	1	3	3	-5.1	1.4	4.07159229647558	-999.9	0	6.37731481481481	3.86741959969122	330
ST._PETERS	2007	1	4	4	-1.4	4.9	4.03410466048453	-999.9	0	3.57638888888889	5.2468853413722	330
ST._PETERS	2007	1	5	5	2	8.4	4.09365486814382	-999.9	2	5.10416666666667	7.84711400311386	330
ST._PETERS	2007	1	6	6	4.5	13.1	4.77953982251697	-999.9	16.2	4.46759259259258	10.6617907247017	330
ST._PETERS	2007	1	7	7	4.3	5.2	1.55790520908005	-999.9	0	8.79629629629631	6.3137997722488	330
ST._PETERS	2007	1	8	8	-1.9	11.6	6.08180841185053	-999.9	21	4.86111111111111	7.38024697501556	330
ST._PETERS	2007	1	9	9	-0.7	4.5	3.80603235957096	-999.9	0	5.67129629629631	5.21417414455606	330
ST._PETERS	2007	1	10	10	-3.1	1.4	3.57138341384233	-999.9	1.2	2.66203703703704	4.35151051819613	330
ST._PETERS	2007	1	11	11	-6.8	0.1	4.46235489719519	-999.9	0.7	5.90277777777778	3.83603783958858	330
ST._PETERS	2007	1	12	12	-8.1	3.3	5.78957403116354	-999.9	1.4	4.18981481481481	4.47545894239155	330
ST._PETERS	2007	1	13	13	-2.3	3.6	4.20547796065064	-999.9	1.3	6.09953703703703	5.26223139526711	330
ST._PETERS	2007	1	14	14	-6.6	-2.5	3.54088793291981	-999.9	0	3.28703703703703	3.17440235382708	330
ST._PETERS	2007	1	15	15	-6.1	-3	3.11073375549424	-999.9	11.6	2.80092592592592	3.3854227968322	330
ST._PETERS	2007	1	16	16	-6.9	-1.6	4.1106223127278	-999.9	3.3	4.79166666666667	4.03037566269553	330
ST._PETERS	2007	1	17	17	-15.3	-11.3	3.61000832620953	-999.9	0.6	9.09722222222222	1.85720872028528	330
ST._PETERS	2007	1	18	18	-17.8	-1.8	7.3006692887253	-999.9	0	5.26620370370369	2.45542383856319	330
ST._PETERS	2007	1	19	19	-12.2	6.4	7.96149287585823	-999.9	24.9	7.12962962962964	4.46939078327956	330
ST._PETERS	2007	1	20	20	-4.2	-3.3	1.77174202026254	-999.9	0	8.125	3.72097022635391	330
ST._PETERS	2007	1	21	21	-11.1	-8.7	2.9277018309234	-999.9	0.6	8.70370370370369	2.35999796004001	330
ST._PETERS	2007	1	22	22	-10.4	-8.5	2.6365486725379	-999.9	0	7.44212962962964	2.26471683846692	330
ST._PETERS	2007	1	23	23	-12.7	-2.3	6.24459397648843	-999.9	0	2.1875	2.65871081236571	330
ST._PETERS	2007	1	24	24	-8.3	-1.7	5.03702203722248	-999.9	0	3.94675925925925	2.94218249934163	330
ST._PETERS	2007	1	25	25	-11.4	-7.5	3.92129401084893	-999.9	0	4.64120370370369	2.08762994911543	330
ST._PETERS	2007	1	26	26	-17.1	-5.9	6.73096484357469	-999.9	0.6	5.9375	2.0707441105351	330
ST._PETERS	2007	1	27	27	-12.4	-8.7	3.91932738181485	-999.9	0	11.1226851851852	2.16988874997728	330
ST._PETERS	2007	1	28	28	-13.6	-5.5	5.8757316305403	-999.9	0.7	4.15509259259258	1.90051583547302	330
ST._PETERS	2007	1	29	29	-13.7	-5	6.17091445191253	-999.9	0	3.53009259259258	2.28133764486433	330
ST._PETERS	2007	1	30	30	-16	-11.7	4.39695129094503	-999.9	0	5.43981481481481	1.33126274095643	330
ST._PETERS	2007	1	31	31	-18.2	-10.4	6.00267429425973	-999.9	0	3.36805555555556	1.22222956010811	330
ST._PETERS	2007	2	1	32	-17.6	-1.5	8.74255811287394	-999.9	0	3.18287037037036	1.97846668028734	330
ST._PETERS	2007	2	2	33	-11.4	1	7.77872163389702	-999.9	0.6	3.93518518518519	3.83840022939927	330
ST._PETERS	2007	2	3	34	-1.6	0.7	3.39681978006304	-999.9	4.7	5.10416666666667	5.51870035899866	330
ST._PETERS	2007	2	4	35	-11.7	-5	5.878850308741	-999.9	0	5.50925925925925	2.0579175298508	330
ST._PETERS	2007	2	5	36	-15.5	-12	4.30890140260826	-999.9	0	5.76388888888889	1.29711551974473	330
ST._PETERS	2007	2	6	37	-21.7	-13.3	6.76981560205449	-999.9	0	5.89120370370369	0.917874677291749	330
ST._PETERS	2007	2	7	38	-16.8	-10.7	5.85099885569586	-999.9	0	4.08564814814814	1.33776082894654	330
ST._PETERS	2007	2	8	39	-18.1	-11.5	6.17283135507135	-999.9	0	4.50231481481481	1.18117730175254	330
ST._PETERS	2007	2	9	40	-17.3	-9.6	6.76271243661791	-999.9	0	4.54861111111111	1.29844367057522	330
ST._PETERS	2007	2	10	41	-16.4	-7.7	7.29139263431145	-999.9	0.6	3.36805555555556	1.71990076197047	330
ST._PETERS	2007	2	11	42	-12.9	-9.9	4.34305671159203	-999.9	0	5.19675925925925	1.76343427045711	330
ST._PETERS	2007	2	12	43	-15.5	-4.7	8.35864943354208	-999.9	0	4.75694444444445	1.88290493934831	330
ST._PETERS	2007	2	13	44	-14.1	-9.2	5.71102048660255	-999.9	0	6.80555555555556	1.72368036310606	330
ST._PETERS	2007	2	14	45	-14.6	1.9	10.6303612480867	-999.9	3.1	3.21759259259258	2.96820998772203	330
ST._PETERS	2007	2	15	46	-4.6	2.6	7.12292792204739	-999.9	2.5	9.03935185185186	4.89034985177641	330
ST._PETERS	2007	2	16	47	-15.4	-9.5	6.54029726331221	-999.9	0	7.25694444444445	1.40612211520624	330
ST._PETERS	2007	2	17	48	-12	-5	7.22586376969142	-999.9	0	6.19212962962964	2.25098455849041	330
ST._PETERS	2007	2	18	49	-10.2	0.9	9.22908937505348	-999.9	0	3.10185185185186	3.17941262286443	330
ST._PETERS	2007	2	19	50	-4.3	-3.3	2.80956238859294	-999.9	0	5.72916666666667	3.93348669826405	330
ST._PETERS	2007	2	20	51	-15.6	-7.6	8.05948249711745	-999.9	0	5.09259259259258	1.86738806861214	330
ST._PETERS	2007	2	21	52	-12.4	-5.5	7.59084131853477	-999.9	0	2.38425925925926	2.55510981605943	330
ST._PETERS	2007	2	22	53	-11.6	-6.8	6.4204662396943	-999.9	0	4.76851851851853	2.19232151382727	330
ST._PETERS	2007	2	23	54	-12.9	-4.6	8.56131939321735	-999.9	0.6	3.125	2.45313146808417	330
ST._PETERS	2007	2	24	55	-8.7	-1.3	8.19683484398431	-999.9	1.4	4.39814814814814	3.62698562456332	330
ST._PETERS	2007	2	25	56	-5.9	-1.1	6.69345756577318	-999.9	0	7.93981481481481	3.91416744951517	330
ST._PETERS	2007	2	26	57	-3.5	-1.8	4.03852568020182	-999.9	0	4.39814814814814	4.32871393719004	330
ST._PETERS	2007	2	27	58	-4.5	-1	5.87445976233179	-999.9	0.6	2.29166666666667	4.41948679471373	330
ST._PETERS	2007	2	28	59	-4.6	-2.8	4.27042316378118	-999.9	0	1.49305555555556	4.07596999403541	330
ST._PETERS	2007	3	1	60	-6	-2	6.45251327431945	-999.9	1.2	1.62037037037037	4.11280134433476	330
ST._PETERS	2007	3	2	61	-8	-0.1	9.19048794775885	-999.9	15.6	3.61111111111111	3.89312540686826	330
ST._PETERS	2007	3	3	62	-2.5	6.4	9.88567754712939	-999.9	2.1	6.20370370370369	5.45833497939987	330
ST._PETERS	2007	3	4	63	-1.2	2.1	6.099772455551	-999.9	2.3	4.55026455026456	5.59128075987377	330
ST._PETERS	2007	3	5	64	-5.9	-0.2	8.12263099425108	-999.9	0	3.44907407407408	3.95749080687778	330
ST._PETERS	2007	3	6	65	-10.6	-6.6	6.89363031787193	-999.9	0	6.08796296296297	2.58142560941814	330
ST._PETERS	2007	3	7	66	-17.7	-13.3	7.32416012186213	-999.9	0.6	8.33333333333333	1.35991746438854	330
ST._PETERS	2007	3	8	67	-18.5	-12	9.01685881533273	-999.9	0	4.42129629629631	1.2154534869492	330
ST._PETERS	2007	3	9	68	-19.3	-6.9	12.6133080565524	-999.9	0	5.39351851851853	1.53310491685217	330
ST._PETERS	2007	3	10	69	-11.9	5.6	15.1742821731982	-999.9	0	4.18981481481481	3.13600860630884	330
ST._PETERS	2007	3	11	70	-0.3	6.2	9.36412448986445	-999.9	6.8	4.53703703703703	6.60621321317375	330
ST._PETERS	2007	3	12	71	-2.8	0.8	7.05557761069863	-999.9	2.2	5.12731481481481	4.2793532976167	330
ST._PETERS	2007	3	13	72	-3.4	6.1	11.6027922549819	-999.9	0	3.39120370370369	5.35321217332988	330
ST._PETERS	2007	3	14	73	-2.3	11.7	14.2571218525081	-999.9	0.7	7.38425925925925	6.48074082221078	330
ST._PETERS	2007	3	15	74	8.3	10	5.02812886006451	-999.9	4.4	5.24305555555556	10.6566890225995	330
ST._PETERS	2007	3	16	75	-6.6	-0.4	9.71713243880854	-999.9	9	6.38888888888889	3.60198246363763	330
ST._PETERS	2007	3	17	76	-6.3	6.1	13.9046170429867	-999.9	9	7.77777777777778	5.67926921845897	330
ST._PETERS	2007	3	18	77	1.1	6	8.84294847967306	-999.9	4.6	6.59722222222222	6.84283565632519	330
ST._PETERS	2007	3	19	78	-5.4	0.9	10.1429567614087	-999.9	2.8	6.31944444444445	3.21681767236623	330
ST._PETERS	2007	3	20	79	-2.9	2.9	9.84345120527696	-999.9	9.5	6.09953703703703	5.354994925	330
ST._PETERS	2007	3	21	80	-7.8	-2.3	9.69387032724663	-999.9	0	7.84722222222222	2.77108890310845	330
ST._PETERS	2007	3	22	81	-8.5	7.9	16.9263445904554	-999.9	1.4	7.84722222222222	4.50880664854264	330
ST._PETERS	2007	3	23	82	2	8.2	10.5221628563575	-999.9	2.1	4.58333333333333	7.41404913171259	330
ST._PETERS	2007	3	24	83	-5.2	-2.5	7.01941862887472	-999.9	0	3.99305555555556	3.50716749291797	330
ST._PETERS	2007	3	25	84	-8.7	-2.5	10.7514499554069	-999.9	0	3.11342592592592	2.98655740822049	330
ST._PETERS	2007	3	26	85	-6.4	4.7	14.5387199338761	-999.9	0	2.5	3.75518354019347	330
ST._PETERS	2007	3	27	86	-2.9	7.5	14.2205418293353	-999.9	0.7	2.74305555555556	6.06530106823179	330
ST._PETERS	2007	3	28	87	-0.7	2.2	7.58707457943471	-999.9	2.6	8.79629629629631	5.60927351522735	330
ST._PETERS	2007	3	29	88	-3.5	0.1	8.5397151350102	-999.9	0.9	9.89583333333333	4.32232443601082	330
ST._PETERS	2007	3	30	89	-2.6	3.6	11.3199758692583	-999.9	3	5.60185185185186	4.43362804969937	330
ST._PETERS	2007	3	31	90	-5.7	-1.8	9.06734414108066	-999.9	0.8	8.04398148148147	3.1529716559759	330
ST._PETERS	2007	4	1	91	-4.1	-1.1	8.03058309010062	-999.9	0.6	5.24305555555556	3.05733047375764	330
ST._PETERS	2007	4	2	92	-7.6	0	12.9054261766374	-999.9	0	2.70833333333333	3.16456346353464	330
ST._PETERS	2007	4	3	93	-5.1	1.3	11.9557009112843	-999.9	0	3.61111111111111	3.81178928323996	330
ST._PETERS	2007	4	4	94	-4.1	2.7	12.4393986820712	-999.9	0	4.31712962962964	4.92837923990524	330
ST._PETERS	2007	4	5	95	-1.7	6	13.3595104774731	-999.9	10.4	4.18981481481481	6.46263495786401	330
ST._PETERS	2007	4	6	96	0.7	4.3	9.21800802912882	-999.9	0	6.36574074074075	5.8645928202255	330
ST._PETERS	2007	4	7	97	-2.4	4.1	12.4975130839244	-999.9	13.8	4.23611111111111	5.01392728256382	330
ST._PETERS	2007	4	8	98	-1.8	-0.1	6.44782105046918	-999.9	6.9	10.8796296296296	5.39911741049307	330
ST._PETERS	2007	4	9	99	-1.9	1.5	9.1979310827576	-999.9	0	6.37731481481481	4.9777726007249	330
ST._PETERS	2007	4	10	100	-3.8	1	11.0223493536434	-999.9	0	3.31018518518519	4.15791012819999	330
ST._PETERS	2007	4	11	101	-6.3	1.5	14.1691733308154	-999.9	0	3.26388888888889	3.53833601099476	330
ST._PETERS	2007	4	12	102	-3.5	5.7	15.5158550041271	-999.9	0	2.32323232323232	4.33175685069732	330
ST._PETERS	2007	4	13	103	-1.1	1.2	7.82116373099652	-999.9	6.8	4.57175925925925	5.19051856137985	330
ST._PETERS	2007	4	14	104	-0.4	0.9	5.92715151478502	-999.9	0	5.24305555555556	5.78644918030902	330
ST._PETERS	2007	4	15	105	-2.3	2.1	10.9902858578335	-999.9	0	2.55787037037037	5.2095934002136	330
ST._PETERS	2007	4	16	106	-3.7	4.2	14.8404161845684	-999.9	0	3.19444444444444	4.96840103512532	330
ST._PETERS	2007	4	17	107	0.5	2.8	8.06841296495416	-999.9	0.6	6.37731481481481	5.97843876831429	330
ST._PETERS	2007	4	18	108	0.4	2.2	7.19107973547042	-999.9	0	7.12962962962964	5.81773139054142	330
ST._PETERS	2007	4	19	109	-0.1	2.2	8.1883730402787	-999.9	0	5.25462962962964	5.63219013118909	330
ST._PETERS	2007	4	20	110	-1.3	9.4	17.7886856729499	-999.9	0.6	2.56944444444444	6.08711869855539	330
ST._PETERS	2007	4	21	111	1.2	4.2	9.48579031706859	-999.9	0.7	2.99768518518519	5.5387677391906	330
ST._PETERS	2007	4	22	112	-3.3	11.2	20.9991009397292	-999.9	0	3.18287037037036	5.31956492459441	330
ST._PETERS	2007	4	23	113	2.8	22	24.3284393510583	-999.9	0	6.82870370370369	6.80694417825639	330
ST._PETERS	2007	4	24	114	5.8	16.9	18.6215332862595	-999.9	0	6.36574074074075	8.26148763196525	330
ST._PETERS	2007	4	25	115	0.4	7	14.4530617320131	-999.9	0	4.16666666666667	4.93183929526941	330
ST._PETERS	2007	4	26	116	-1.2	7.5	16.7003411737066	-999.9	0	4.87268518518519	4.27502905023736	330
ST._PETERS	2007	4	27	117	-2.3	13.5	22.6472896020641	-999.9	8.7	3.35648148148147	4.52511526079351	330
ST._PETERS	2007	4	28	118	3.5	8.1	12.2951261031661	-999.9	0	4.83796296296297	8.62091102736252	330
ST._PETERS	2007	4	29	119	0.5	4.7	11.8192459812045	-999.9	0	3.11342592592592	6.86517814137728	330
ST._PETERS	2007	4	30	120	1.1	6.7	13.7282485528352	-999.9	12	2.17592592592593	6.75916384756721	330
ST._PETERS	2007	5	1	121	0.3	7	15.1028782797849	-999.9	2.6	3.63425925925925	7.59436604994525	330
ST._PETERS	2007	5	2	122	2.1	9.3	15.7447309790187	-999.9	0	3.03240740740742	7.58030007001879	330
ST._PETERS	2007	5	3	123	3.4	7	11.1947052722703	-999.9	1.4	5.25462962962964	6.81440418855312	330
ST._PETERS	2007	5	4	124	2	4.4	9.18978733690522	-999.9	0	5.72916666666667	6.66827330409485	330
ST._PETERS	2007	5	5	125	2	4.9	10.155084494222	-999.9	0.6	4.20138888888889	6.75201316268543	330
ST._PETERS	2007	5	6	126	0.8	9.8	17.9819604530925	-999.9	0	4.10052910052911	6.99031456018948	330
ST._PETERS	2007	5	7	127	-0.6	18.1	26.0504140050007	-999.9	0.6	5.02314814814814	5.67681123919675	330
ST._PETERS	2007	5	8	128	8.1	23.3	23.6015608372882	-999.9	0	6.13425925925925	7.40205933522092	330
ST._PETERS	2007	5	9	129	9.8	21.9	21.1584592637241	-999.9	0	4.21296296296297	8.47234886423986	330
ST._PETERS	2007	5	10	130	8.8	16.3	16.7356267900229	-999.9	0	3.93518518518519	9.66180153001536	330
ST._PETERS	2007	5	11	131	6.1	24.3	26.1887556783419	-999.9	7.8	6.31944444444445	12.4362749982689	330
ST._PETERS	2007	5	12	132	4.3	6.8	9.74911208356071	-999.9	0	4.61805555555556	7.31477841147613	330
ST._PETERS	2007	5	13	133	-1.1	8.4	19.0862699844261	-999.9	0.7	2.1412037037037	5.71160307573768	330
ST._PETERS	2007	5	14	134	-0.3	12.9	22.59222355877	-999.9	0	3.24074074074075	6.9587482675855	330
ST._PETERS	2007	5	15	135	0.6	18.6	26.4892582970095	-999.9	0	4.97685185185186	7.38166511490059	330
ST._PETERS	2007	5	16	136	4	5.7	8.17275635621242	-999.9	9.5	2.84722222222222	6.09341609282965	330
ST._PETERS	2007	5	17	137	0.1	4.7	13.4953075862303	-999.9	1.6	4.34027777777778	6.6101278445385	330
ST._PETERS	2007	5	18	138	2.3	10.7	18.3042840722764	-999.9	0	3.22916666666667	8.32306032129296	330
ST._PETERS	2007	5	19	139	5	14.6	19.6384685490419	-999.9	23.8	4.59490740740742	11.4604132837357	330
ST._PETERS	2007	5	20	140	11.8	16.1	13.1890950008438	-999.9	6.7	3.20601851851853	15.2737721489796	330
ST._PETERS	2007	5	21	141	3.5	6.7	11.4160167401149	-999.9	0	5.04629629629631	7.6456232989401	330
ST._PETERS	2007	5	22	142	2.3	5.1	10.7134100738605	-999.9	0	6.81712962962964	6.4580436177244	330
ST._PETERS	2007	5	23	143	1.9	6.4	13.6243104010537	-999.9	0	3.51449275362319	6.0183557701066	330
ST._PETERS	2007	5	24	144	-0.1	19.1	28.2272834159115	-999.9	0	4.73379629629631	8.13696629879197	330
ST._PETERS	2007	5	25	145	8.5	21.1	22.933204939876	-999.9	0	4.96527777777778	12.2327679516564	330
ST._PETERS	2007	5	26	146	10.1	22.7	22.9972944294221	-999.9	0	3.78472222222222	13.8422662027564	330
ST._PETERS	2007	5	27	147	6.4	9.6	11.6206280961257	-999.9	1.5	4.30555555555556	6.43614734271889	330
ST._PETERS	2007	5	28	148	4.3	12.3	18.4210360044218	-999.9	6.2	4.83796296296297	9.19350193308902	330
ST._PETERS	2007	5	29	149	6.6	8.8	9.68381086315305	-999.9	0	4.27083333333333	9.92939160934176	330
ST._PETERS	2007	5	30	150	4.8	10.7	15.8956563285918	-999.9	0.7	3.41435185185186	8.89931360101347	330
ST._PETERS	2007	5	31	151	5.9	9.1	11.7326654574416	-999.9	0	2.65046296296296	9.26117163569646	330
ST._PETERS	2007	6	1	152	2.8	21.3	28.2701864929614	-999.9	0	4.375	10.7668409933426	330
ST._PETERS	2007	6	2	153	5.9	9.6	12.6682545065828	-999.9	1.2	3.20601851851853	7.49136249398746	330
ST._PETERS	2007	6	3	154	3	12.1	19.9049843356847	-999.9	0	2.90509259259258	6.95745402408778	330
ST._PETERS	2007	6	4	155	3.7	14.3	21.5214503058599	-999.9	4.7	5.84595959595958	9.01750113882605	330
ST._PETERS	2007	6	5	156	9.1	24.7	26.1523487418754	-999.9	0	6.93287037037036	16.286813106141	330
ST._PETERS	2007	6	6	157	15.8	27.8	22.9731877867497	-999.9	26.7	5.01157407407408	19.0025559782078	330
ST._PETERS	2007	6	7	158	7.6	13.7	16.4032662893544	-999.9	1.6	4.375	11.3582186278603	330
ST._PETERS	2007	6	8	159	5.8	15.6	20.8192875102783	-999.9	0	2.65046296296296	9.83481774080602	330
ST._PETERS	2007	6	9	160	8.7	21.8	24.1006410131463	-999.9	0	4.10879629629631	13.6437243292286	330
ST._PETERS	2007	6	10	161	11.5	21.4	20.9750718726925	-999.9	0	2.91666666666667	16.0901511945404	330
ST._PETERS	2007	6	11	162	11.3	15.5	13.6759116686687	-999.9	0	4.15509259259258	14.0653288342462	330
ST._PETERS	2007	6	12	163	10	16.5	17.0289173376573	-999.9	0	3.25231481481481	13.1624179894684	330
ST._PETERS	2007	6	13	164	7.6	13.4	16.0988951401641	-999.9	0	3.00925925925925	11.3352766444118	330
ST._PETERS	2007	6	14	165	8.3	14.2	16.2484842229406	-999.9	0	2.22222222222222	11.1647783509561	330
ST._PETERS	2007	6	15	166	6.5	21.3	25.7499023534897	-999.9	0	2.91666666666667	12.5571973661515	330
ST._PETERS	2007	6	16	167	11.8	25	24.3300349396914	-999.9	0	4.03935185185186	17.4777411778517	330
ST._PETERS	2007	6	17	168	13.7	24	21.5000077577414	-999.9	2.8	4.80324074074075	16.7360134034073	330
ST._PETERS	2007	6	18	169	10.1	11.2	7.02803346024043	-999.9	1.4	5.79861111111111	11.6219876860428	330
ST._PETERS	2007	6	19	170	8.3	12.7	14.0583567037728	-999.9	0	6.05324074074075	11.1015596001971	330
ST._PETERS	2007	6	20	171	7.1	17.7	21.821529686251	-999.9	0	2.36111111111111	11.3308513268144	330
ST._PETERS	2007	6	21	172	9.5	13.9	14.0584018685592	-999.9	11.1	2.92824074074075	12.6090094686334	330
ST._PETERS	2007	6	22	173	11.5	18.1	17.2152080630267	-999.9	0	2.4537037037037	14.944118361206	330
ST._PETERS	2007	6	23	174	10.5	19	19.5314196815746	-999.9	7	2.1875	15.0567978587457	330
ST._PETERS	2007	6	24	175	11.3	18.6	18.0935246327524	-999.9	3.3	1.59722222222222	15.2663544751459	330
ST._PETERS	2007	6	25	176	13.4	23.5	21.2722382222704	-999.9	2	3.04398148148147	14.6919927259073	330
ST._PETERS	2007	6	26	177	13.7	20.7	17.698873770231	-999.9	0.6	3.18287037037036	16.0246965486084	330
ST._PETERS	2007	6	27	178	17.3	20.2	11.3839523642994	-999.9	17.9	3.92361111111111	15.3970998607374	330
ST._PETERS	2007	6	28	179	10.8	18.9	19.0102301508539	-999.9	0.6	3.03240740740742	14.948613781637	330
ST._PETERS	2007	6	29	180	11.9	17.9	16.3464933680994	-999.9	0	3.42592592592592	13.4388675817846	330
ST._PETERS	2007	6	30	181	10.1	20.4	21.3956259333365	-999.9	1.8	2.98611111111111	13.5419054909508	330
ST._PETERS	2007	7	1	182	9.6	18.7	20.0880487150972	-999.9	0	2.63888888888889	12.7700764221125	330
ST._PETERS	2007	7	2	183	10.3	16.2	16.1550001954583	-999.9	0	2.52314814814815	12.6959827888708	330
ST._PETERS	2007	7	3	184	9.7	17.1	18.0681596684207	-999.9	0	2.2337962962963	11.4156189669808	330
ST._PETERS	2007	7	4	185	8.6	24	26.027272957524	-999.9	0	2.99516908212561	12.2974150339634	330
ST._PETERS	2007	7	5	186	13.1	22.8	20.6242192846854	-999.9	10.8	5.15046296296297	15.5418222963274	330
ST._PETERS	2007	7	6	187	13.4	19.5	16.3279985756385	-999.9	0	2.55787037037037	17.0167680032059	330
ST._PETERS	2007	7	7	188	15.2	20.1	14.6081574712115	-999.9	0	3.33333333333333	18.1508922354315	330
ST._PETERS	2007	7	8	189	12.6	19.7	17.551282365369	-999.9	11.7	3.37962962962964	16.0474932119143	330
ST._PETERS	2007	7	9	190	12.5	15.6	11.5743241378154	-999.9	0	3.80787037037036	13.0443083120949	330
ST._PETERS	2007	7	10	191	9.8	20.1	21.0533532970598	-999.9	0	2.88194444444444	14.1106771737564	330
ST._PETERS	2007	7	11	192	12.9	25.8	23.5092116032023	-999.9	0	3.77314814814814	18.773781028815	330
ST._PETERS	2007	7	12	193	17.5	23.9	16.5206191481618	-999.9	6	4.95370370370369	22.0017696935753	330
ST._PETERS	2007	7	13	194	18.6	25.8	17.4802718831818	-999.9	0	2.29166666666667	22.6853451132463	330
ST._PETERS	2007	7	14	195	14.5	25.5	21.5514380706605	-999.9	0	3.40277777777778	15.3874003069505	330
ST._PETERS	2007	7	15	196	15.1	26.6	21.9775396595481	-999.9	0	5.16908212560386	18.6135942253888	330
ST._PETERS	2007	7	16	197	17.9	25.6	17.9340303117621	-999.9	0	4.00462962962964	20.0625030339215	330
ST._PETERS	2007	7	17	198	15.8	26.6	21.1786766130137	-999.9	0	2.7536231884058	16.7835374011269	330
ST._PETERS	2007	7	18	199	15.9	27.1	21.5031579595276	-999.9	7.1	3.10185185185186	16.5436110968234	330
ST._PETERS	2007	7	19	200	17.6	21.1	11.9835446669194	-999.9	14.2	2.07175925925926	20.2251677147776	330
ST._PETERS	2007	7	20	201	17.6	24.1	16.2786206913389	-999.9	13.2	4.18981481481481	22.7189258406551	330
ST._PETERS	2007	7	21	202	18.7	21.5	10.6488091675853	-999.9	5.4	4.00252525252525	21.1533777041307	330
ST._PETERS	2007	7	22	203	16.4	21.3	14.0388802218944	-999.9	0	2.58101851851852	17.3389483840978	330
ST._PETERS	2007	7	23	204	13.6	26.1	22.3435907398519	-999.9	0	2.96296296296297	14.3882429296562	330
ST._PETERS	2007	7	24	205	18.3	28.4	20.0112004933914	-999.9	0	3.94675925925925	22.7108897066482	330
ST._PETERS	2007	7	25	206	17.8	25.8	17.7428234027466	-999.9	0	3.27546296296297	20.7946314126103	330
ST._PETERS	2007	7	26	207	19.3	29.9	20.3444780122492	-999.9	0	4.12037037037036	23.3079757276322	330
ST._PETERS	2007	7	27	208	18.7	30.9	21.7390133632545	-999.9	0	3.71527777777778	20.4185832203496	330
ST._PETERS	2007	7	28	209	20.7	29.5	18.3872916026723	-999.9	0.9	4.21296296296297	22.7071342393334	330
ST._PETERS	2007	7	29	210	19.9	28	17.5665091955449	-999.9	2.5	3.21759259259258	25.1691160757004	330
ST._PETERS	2007	7	30	211	19.4	25.6	15.3022447457337	-999.9	27.8	2.73148148148148	24.8135375446034	330
ST._PETERS	2007	7	31	212	19.5	25.7	15.234250199615	-999.9	0	2.08333333333333	23.8747652833078	330
ST._PETERS	2007	8	1	213	14.8	22	16.342060336117	-999.9	0	2.95138888888889	15.9814198713386	330
ST._PETERS	2007	8	2	214	15	26.8	20.8231317808398	-999.9	0	3.90151515151514	16.8086396338359	330
ST._PETERS	2007	8	3	215	17.5	29.9	21.243658096276	-999.9	3	3.96990740740742	22.6960532306108	330
ST._PETERS	2007	8	4	216	16.4	27.5	20.0005560469631	-999.9	48.9	4.08212560386472	22.8424380889937	330
ST._PETERS	2007	8	5	217	16.4	21.2	13.0861468044404	-999.9	0	3.58796296296297	17.6031701827653	330
ST._PETERS	2007	8	6	218	12.1	25.2	21.5072873060851	-999.9	3.1	2.95893719806764	14.9214208830275	330
ST._PETERS	2007	8	7	219	14	22.3	17.0292626473253	-999.9	0	2.60416666666667	17.8805692521681	330
ST._PETERS	2007	8	8	220	15.4	25	18.2157462490274	-999.9	15.7	3.87626262626264	19.9664933824986	330
ST._PETERS	2007	8	9	221	13.6	18.3	12.6754192272194	-999.9	2.3	7.32638888888889	14.7105900622163	330
ST._PETERS	2007	8	10	222	14.9	23.2	16.7494962775751	-999.9	0	3.51851851851853	13.264666361746	330
ST._PETERS	2007	8	11	223	14.2	26.5	20.2726984591145	-999.9	0	3.36956521739131	15.3284681973092	330
ST._PETERS	2007	8	12	224	16	23.7	15.9458404996157	-999.9	0	2.89351851851853	16.0603900809406	330
ST._PETERS	2007	8	13	225	14.7	21.7	15.1126497437014	-999.9	11.1	3.53009259259258	17.6444932767116	330
ST._PETERS	2007	8	14	226	13.5	23.8	18.2199003434827	-999.9	24.1	2.08333333333333	19.0000994934828	330
ST._PETERS	2007	8	15	227	13.7	22.4	16.6405927140436	-999.9	0.8	2.24537037037037	16.44789803136	330
ST._PETERS	2007	8	16	228	15.5	23.3	15.6561144703405	-999.9	0	3.98148148148147	15.9087060123693	330
ST._PETERS	2007	8	17	229	10.9	19.6	16.4274187475356	-999.9	4.6	2.85879629629631	14.3491834230107	330
ST._PETERS	2007	8	18	230	11.1	19.5	16.0349498402952	-999.9	45.9	3.95833333333333	15.7964654813883	330
ST._PETERS	2007	8	19	231	9.1	16.9	15.3475313097478	-999.9	6.7	4.53703703703703	11.9734079108724	330
ST._PETERS	2007	8	20	232	9.9	16.1	13.5892377873393	-999.9	0	4.69907407407408	11.6225388145831	330
ST._PETERS	2007	8	21	233	9.5	19.3	16.9654289443954	-999.9	0	2.86616161616161	13.0119851231561	330
ST._PETERS	2007	8	22	234	6.1	17.8	18.405244316715	-999.9	0.6	1.84027777777778	11.3767323604449	330
ST._PETERS	2007	8	23	235	5.6	20.9	20.894659146382	-999.9	0	2.2337962962963	11.7311647711961	330
ST._PETERS	2007	8	24	236	14.6	18.1	9.91992454486328	-999.9	19.7	4.91545893719806	16.4307788032914	330
ST._PETERS	2007	8	25	237	17.5	25.2	14.6032029139301	-999.9	0.6	2.70833333333333	23.277701385843	330
ST._PETERS	2007	8	26	238	18.3	28.4	16.5972177020014	-999.9	0	3.92361111111111	23.9391562761488	330
ST._PETERS	2007	8	27	239	10.9	19.6	15.2844324524622	-999.9	0	3.20601851851853	13.8691803282723	330
ST._PETERS	2007	8	28	240	11.8	22.5	16.8166591377723	-999.9	0	2.37268518518519	14.8179186835236	330
ST._PETERS	2007	8	29	241	14.5	25	16.5250774553516	-999.9	0	3.78472222222222	16.52150459611	330
ST._PETERS	2007	8	30	242	15.7	26.4	16.5456746622521	-999.9	0	4.00462962962964	19.4300227042224	330
ST._PETERS	2007	8	31	243	16.9	25.4	14.6247468095209	-999.9	11.9	2.12962962962963	21.88802626472	330
ST._PETERS	2007	9	1	244	14.6	18.2	9.43754141900901	-999.9	5.4	5.85648148148147	15.9334315592044	330
ST._PETERS	2007	9	2	245	11.4	17.3	11.9785611422979	-999.9	0	4.14351851851853	11.5158813484472	330
ST._PETERS	2007	9	3	246	11.4	22.3	16.1400589412239	-999.9	0	6.06481481481481	13.8059335627723	330
ST._PETERS	2007	9	4	247	12.6	17.6	10.8350816054726	-999.9	0	5.60185185185186	12.4283556022411	330
ST._PETERS	2007	9	5	248	10.4	13.2	8.03569673874391	-999.9	1	6.79398148148147	9.74525586084658	330
ST._PETERS	2007	9	6	249	9.1	18.3	14.4337021028408	-999.9	0.8	3.06712962962964	10.368538383105	330
ST._PETERS	2007	9	7	250	12.1	24.2	16.4005243745599	-999.9	1.5	4.11835748792269	17.4262845650981	330
ST._PETERS	2007	9	8	251	16.3	30.1	17.3511283153663	-999.9	0	4.24768518518519	22.0218890053751	330
ST._PETERS	2007	9	9	252	11.8	16.8	10.3451839405647	-999.9	0	4.42129629629631	11.8984453380271	330
ST._PETERS	2007	9	10	253	9	16.2	12.2949405022346	-999.9	0	1.75925925925926	11.1632564740354	330
ST._PETERS	2007	9	11	254	12.5	19.2	11.7448245537223	-999.9	17.1	2.39583333333333	15.7807889639008	330
ST._PETERS	2007	9	12	255	13.5	21	12.3035593100424	-999.9	0.6	7.32638888888889	15.1019694775568	330
ST._PETERS	2007	9	13	256	10.8	15.8	9.94530931132159	-999.9	0	5.59027777777778	8.79837357839711	330
ST._PETERS	2007	9	14	257	5.2	18.5	16.055896185272	-999.9	0	2.74305555555556	8.71398401405935	330
ST._PETERS	2007	9	15	258	10.8	20.3	13.4303833490478	-999.9	19.1	5.84490740740742	15.6066993189977	330
ST._PETERS	2007	9	16	259	6.2	14.3	12.272403184805	-999.9	0	4.23611111111111	9.60728975125992	330
ST._PETERS	2007	9	17	260	5.6	16	13.7596413686362	-999.9	0	2.26851851851852	10.2581715999635	330
ST._PETERS	2007	9	18	261	6.9	20.1	15.3364146337889	-999.9	0	1.93287037037037	11.6779888666177	330
ST._PETERS	2007	9	19	262	9.6	20.9	14.0367286631178	-999.9	0	4.15509259259258	12.8437191713314	330
ST._PETERS	2007	9	20	263	12.4	22.5	13.1256516450694	-999.9	0	5.11574074074075	15.4529952875981	330
ST._PETERS	2007	9	21	264	7.6	17.3	12.7210691277487	-999.9	0	1.86342592592593	11.4479727994667	330
ST._PETERS	2007	9	22	265	10	22.3	14.1648608023484	-999.9	0.6	3.99305555555556	14.9689290978154	330
ST._PETERS	2007	9	23	266	12	20.9	11.9130141352635	-999.9	0	5.24305555555556	14.3547078494972	330
ST._PETERS	2007	9	24	267	9.8	12.7	6.72261002674416	-999.9	0	8.17129629629631	8.12289443496558	330
ST._PETERS	2007	9	25	268	9.3	19.1	12.2154681225149	-999.9	3	4.03935185185186	11.4354848809156	330
ST._PETERS	2007	9	26	269	14.5	26.8	13.5255286458551	-999.9	3.3	3.47222222222222	18.0896630117558	330
ST._PETERS	2007	9	27	270	10.7	16.2	8.93788429020536	-999.9	0	3.13657407407408	12.8173048536048	330
ST._PETERS	2007	9	28	271	12.1	20.9	11.1710539329184	-999.9	17.6	5.45138888888889	17.4486656682619	330
ST._PETERS	2007	9	29	272	9.8	13.1	6.75861434037751	-999.9	0	6.13425925925925	10.7005852006026	330
ST._PETERS	2007	9	30	273	1.1	11.6	11.909470401932	-999.9	0	4.91898148148147	6.32311157911887	330
ST._PETERS	2007	10	1	274	1.4	16.2	13.9661211532498	-999.9	0	3.53009259259258	7.79969223682625	330
ST._PETERS	2007	10	2	275	9.6	18.6	10.7563337971067	-999.9	0	4.375	12.546228428145	330
ST._PETERS	2007	10	3	276	11.9	22.1	11.3081882270073	-999.9	0	3.72685185185186	15.6284466742037	330
ST._PETERS	2007	10	4	277	13.5	21.7	10.0115806417409	-999.9	0	4.38657407407408	15.407701469262	330
ST._PETERS	2007	10	5	278	12.4	22.1	10.7507381588329	-999.9	0	4.34027777777778	12.1030554073417	330
ST._PETERS	2007	10	6	279	10.4	15.7	7.84516498772098	-999.9	0	5.41666666666667	9.4157790809936	330
ST._PETERS	2007	10	7	280	7.3	10.5	6.01737517252762	-999.9	0	7.52314814814814	7.27533880787955	330
ST._PETERS	2007	10	8	281	8.4	9.8	3.92845293537499	-999.9	0	6.01851851851853	8.3461966986481	330
ST._PETERS	2007	10	9	282	2.3	11.9	10.1526028716287	-999.9	0	4.13194444444444	8.16693450767422	330
ST._PETERS	2007	10	10	283	2.5	14.3	11.107779268122	-999.9	0	1.81712962962963	9.42675057171283	330
ST._PETERS	2007	10	11	284	8.5	14.5	7.81570217285913	-999.9	0	2.41898148148148	11.5123537330621	330
ST._PETERS	2007	10	12	285	10.6	14.8	6.45188170664761	-999.9	9.2	4.28240740740742	13.0306539523001	330
ST._PETERS	2007	10	13	286	9.6	15.4	7.48014449346804	-999.9	0.7	3.14814814814814	12.86684230957	330
ST._PETERS	2007	10	14	287	5.8	12.7	8.04861865434348	-999.9	6.6	2.1875	9.591658838007	330
ST._PETERS	2007	10	15	288	5.5	9.3	5.89193284316602	-999.9	14.4	4.90740740740742	8.90942520641449	330
ST._PETERS	2007	10	16	289	6.9	10.6	5.73464163545635	-999.9	0.8	5.69444444444445	8.48204684320716	330
ST._PETERS	2007	10	17	290	3.1	10.2	7.83513060752428	-999.9	0	4.96527777777778	6.72199959824826	330
ST._PETERS	2007	10	18	291	0.6	12.6	10.04600986868	-999.9	0	3.32175925925925	7.07556612154039	330
ST._PETERS	2007	10	19	292	0.5	17.4	11.7573285170314	-999.9	1.5	3.34490740740742	8.82799912961384	330
ST._PETERS	2007	10	20	293	13.6	20.5	7.40850911312204	-999.9	14.7	6.28472222222222	17.7916460578436	330
ST._PETERS	2007	10	21	294	12.6	15.7	4.89676290028412	-999.9	0	5.71759259259258	12.3703764173885	330
ST._PETERS	2007	10	22	295	11.8	19.6	7.65915566258325	-999.9	0	3.50694444444444	12.7521364958594	330
ST._PETERS	2007	10	23	296	10.6	19.4	8.02169662165219	-999.9	7.6	5.94907407407408	13.4115637445207	330
ST._PETERS	2007	10	24	297	5.9	17.2	8.96280573317701	-999.9	0.8	4.35185185185186	11.0401902873019	330
ST._PETERS	2007	10	25	298	6.4	11	5.638386345407	-999.9	0	3.06712962962964	8.91905321790269	330
ST._PETERS	2007	10	26	299	1.9	12.3	8.35906793511366	-999.9	0	2.88194444444444	6.91762566308943	330
ST._PETERS	2007	10	27	300	5.3	16.4	8.51461456640294	-999.9	0	4.61805555555556	10.964900167812	330
ST._PETERS	2007	10	28	301	4.9	18.1	9.1548845612541	-999.9	1.8	7.01388888888889	9.72986898346569	330
ST._PETERS	2007	10	29	302	2.6	5.4	4.15729219009191	-999.9	0	6.25	5.14598986947329	330
ST._PETERS	2007	10	30	303	0.5	6.2	5.84845372611812	-999.9	0.7	4.22453703703703	5.8823459339472	330
ST._PETERS	2007	10	31	304	3.8	8.5	5.23642003830924	-999.9	0	4.60648148148147	5.72468453436989	330
ST._PETERS	2007	11	1	305	6.7	18.7	8.2503308377257	-999.9	0	7.71990740740742	11.2305683285265	330
ST._PETERS	2007	11	2	306	1.7	7.4	5.60699542345314	-999.9	0.6	5.3125	5.41327216180806	330
ST._PETERS	2007	11	3	307	1.4	15.1	8.57206776361392	-999.9	30.1	3.37962962962964	8.87285164145163	330
ST._PETERS	2007	11	4	308	1.6	17.2	9.02078693982087	-999.9	5.3	9.18981481481481	9.45414874501995	330
ST._PETERS	2007	11	5	309	-1.1	9	7.15859473870941	-999.9	0.6	1.71296296296296	6.4563113640151	330
ST._PETERS	2007	11	6	310	1.6	9.5	6.24450077089983	-999.9	0	2.66203703703704	7.29955514735235	330
ST._PETERS	2007	11	7	311	1	11.8	7.2019373930315	-999.9	15.1	4.94212962962964	8.34232405540238	330
ST._PETERS	2007	11	8	312	1.9	7.9	5.2954972195038	-999.9	0	3.125	7.30412458480174	330
ST._PETERS	2007	11	9	313	2.9	6.8	4.21212947462807	-999.9	1.4	3.59953703703703	6.76764297758058	330
ST._PETERS	2007	11	10	314	1	4.6	3.99307934134639	-999.9	6.9	5.19675925925925	5.90968450922086	330
ST._PETERS	2007	11	11	315	1.8	4.1	3.14964293673307	-999.9	13.8	10.2893518518519	6.84407494672537	330
ST._PETERS	2007	11	12	316	-0.6	2.7	3.72351451254279	-999.9	0.7	8.36805555555556	5.07007872674888	330
ST._PETERS	2007	11	13	317	-2.6	4.1	5.23714654426985	-999.9	5.1	3.61111111111111	5.57404619363414	330
ST._PETERS	2007	11	14	318	0	8.7	5.89176535091457	-999.9	0	4.78009259259258	6.76263701144392	330
ST._PETERS	2007	11	15	319	7.3	15.6	5.68231553643572	-999.9	0.8	6.60879629629631	12.0913774415297	330
ST._PETERS	2007	11	16	320	4	17.9	7.26224651232529	-999.9	0.7	7.55787037037036	11.2741694191445	330
ST._PETERS	2007	11	17	321	-1.2	4.7	4.67356776734201	-999.9	0	6.48148148148147	4.86254079916291	330
ST._PETERS	2007	11	18	322	-2.1	2.3	3.98744224002876	-999.9	0.6	4.95370370370369	4.37136972638293	330
ST._PETERS	2007	11	19	323	-2.1	1.6	3.61331633067366	-999.9	0	3.71527777777778	3.61305038873229	330
ST._PETERS	2007	11	20	324	-3.4	2.9	4.66024725742682	-999.9	0.9	1.74768518518519	4.29862920210669	330
ST._PETERS	2007	11	21	325	1.4	4.3	3.12588328497466	-999.9	0	2.37268518518519	5.8509969514966	330
ST._PETERS	2007	11	22	326	1.4	9.4	5.13405308180517	-999.9	0	2.92824074074075	7.42782440648818	330
ST._PETERS	2007	11	23	327	-1.1	12.6	6.64551729198657	-999.9	1.2	6.58564814814814	8.13082342643368	330
ST._PETERS	2007	11	24	328	-6.8	-0.5	4.45870241462845	-999.9	0.7	7.29166666666667	3.47644814199964	330
ST._PETERS	2007	11	25	329	-7.5	2.8	5.64219479528873	-999.9	0	4.81481481481481	3.75706950985625	330
ST._PETERS	2007	11	26	330	1.2	7.7	4.43714785312825	-999.9	2.8	4.61805555555556	6.49292441976101	330
ST._PETERS	2007	11	27	331	2.2	14.6	6.06886180329311	-999.9	15.9	4.71064814814814	10.2338353809348	330
ST._PETERS	2007	11	28	332	-3.7	3.1	4.45180705060274	-999.9	1.5	6.89814814814814	4.71147775760588	330
ST._PETERS	2007	11	29	333	-6.7	6.8	6.21548917618426	-999.9	3.2	3.93518518518519	5.09005691180476	330
ST._PETERS	2007	11	30	334	-4.7	4.2	5.00236968832187	-999.9	0.6	7.01388888888889	4.30113131456427	330
ST._PETERS	2007	12	1	335	-6	-2.6	3.06579426324898	-999.9	8.83	6.26157407407408	3.54472097757848	330
ST._PETERS	2007	12	2	336	-2.7	0	2.7099615539893	-999.9	0	10.0347222222222	4.03324208437834	330
ST._PETERS	2007	12	3	337	-0.3	1.4	2.13374605373275	-999.9	2.7	4.02777777777778	4.67680729044971	330
ST._PETERS	2007	12	4	338	-0.8	0.4	1.77954714781113	-999.9	26.6	10.7291666666667	5.85738912611881	330
ST._PETERS	2007	12	5	339	-6	-0.7	3.71385642895443	-999.9	0.6	5.12731481481481	4.35361429952269	330
ST._PETERS	2007	12	6	340	-7.8	-1.4	4.05431145598386	-999.9	1.2	3.24074074074075	3.79836797409223	330
ST._PETERS	2007	12	7	341	-10.4	-1.1	4.85717738683395	-999.9	0.6	3.98148148148147	3.27856154216302	330
ST._PETERS	2007	12	8	342	-4.5	1.6	3.91112584502158	-999.9	1.9	4.94212962962964	4.85394299669898	330
ST._PETERS	2007	12	9	343	-11.6	-4.4	4.22649061646257	-999.9	0	7.01388888888889	2.54503428864819	330
ST._PETERS	2007	12	10	344	-14.6	-7.6	4.14691426069696	-999.9	0.6	4.28240740740742	2.05668135762425	330
ST._PETERS	2007	12	11	345	-8.8	-4.7	3.15950382810395	-999.9	0.6	4.51388888888889	3.00616195349014	330
ST._PETERS	2007	12	12	346	-7.4	0.3	4.31235507819012	-999.9	4.5	5.89120370370369	4.07718539839629	330
ST._PETERS	2007	12	13	347	-11	-7.1	3.05799944428733	-999.9	1.6	7.33796296296297	2.41162448522122	330
ST._PETERS	2007	12	14	348	-12.6	-4.3	4.44709162700014	-999.9	2.6	2.28009259259259	2.85924940922688	330
ST._PETERS	2007	12	15	349	-8.4	-4.7	2.9612002719976	-999.9	1.3	8.06712962962964	3.23236536642307	330
ST._PETERS	2007	12	16	350	-10.2	1.8	5.32092434170274	-999.9	15.8	3.05555555555556	3.82646822048333	330
ST._PETERS	2007	12	17	351	-8.8	5.4	5.77791642511999	-999.9	0.7	10.4282407407407	4.25909293955925	330
ST._PETERS	2007	12	18	352	-8.6	-5.2	2.82357540519039	-999.9	0	7.88194444444445	3.00297608859062	330
ST._PETERS	2007	12	19	353	-12.5	-6.9	3.6206777957945	-999.9	0	3.64583333333333	2.51045754980918	330
ST._PETERS	2007	12	20	354	-11.2	-4.5	3.95888472203232	-999.9	1.3	3.95833333333333	2.52671399908133	330
ST._PETERS	2007	12	21	355	-5.9	-4.8	1.60426209441602	-999.9	0	5.20833333333333	2.89877330906222	330
ST._PETERS	2007	12	22	356	-7.9	-4.2	2.9439287174031	-999.9	0.7	3.06712962962964	2.85533417394269	330
ST._PETERS	2007	12	23	357	-4.6	3.9	4.46670178601181	-999.9	0	4.78009259259258	4.62014951494014	330
ST._PETERS	2007	12	24	358	-1	9.5	4.9719440846074	-999.9	1.7	7.41898148148147	6.78839272164807	330
ST._PETERS	2007	12	25	359	-3.5	1.5	3.43773834704743	-999.9	0	6.90972222222222	3.81337927187621	330
ST._PETERS	2007	12	26	360	-6.6	0.5	4.10652234927228	-999.9	0	3.42592592592592	3.59105647290761	330
ST._PETERS	2007	12	27	361	-6.1	-0.2	3.75428935369475	-999.9	6	4.00462962962964	4.16248565012642	330
ST._PETERS	2007	12	28	362	-3.6	-1.7	2.13763253385475	-999.9	2.8	5.43981481481481	4.45245139954188	330
ST._PETERS	2007	12	29	363	-4.7	0.5	3.54983556965945	-999.9	14.8	2.96296296296297	4.65486364990059	330
ST._PETERS	2007	12	30	364	-4.6	0.4	3.49571025036652	-999.9	0	5.37037037037036	4.64609329917068	330
ST._PETERS	2007	12	31	365	-5.5	-0.7	3.44116854530296	-999.9	16.6	3.76157407407408	4.58857215982639	330
