ST._PETERS	2002	1	1	1	-10	-7	2.7512640620555	-999.9	2	11.44	3.48065826651782	330
ST._PETERS	2002	1	2	2	-11	-5	3.91239275707716	-999.9	2	12.16	3.94733295241787	330
ST._PETERS	2002	1	3	3	-9.5	-3	4.09637582389359	-999.9	3	9.81	4.0311881026813	330
ST._PETERS	2002	1	4	4	-14.5	-10.5	3.23390413679248	-999.9	4	11.9	2.99119337132205	330
ST._PETERS	2002	1	5	5	-16	-6.5	5.01749710239149	-999.9	0	8.65	3.36134029600148	330
ST._PETERS	2002	1	6	6	-14	1	6.34993852782066	-999.9	2.8	6.33	4.87730561472158	330
ST._PETERS	2002	1	7	7	-2	0.5	2.61191416401629	-999.9	10.6	9.17	5.93837843046898	330
ST._PETERS	2002	1	8	8	-6	-4	2.35467644159172	-999.9	4	9.96	4.17690203610837	330
ST._PETERS	2002	1	9	9	-10	1	5.56798454343343	-999.9	2.6	8.23	4.94174570180868	330
ST._PETERS	2002	1	10	10	-2	0.5	2.6773850422005	-999.9	6	6.76	5.91921713537171	330
ST._PETERS	2002	1	11	11	-2.5	0.5	2.95930561471741	-999.9	2	5.55	5.43007968231235	330
ST._PETERS	2002	1	12	12	-4	-1	2.98691446514608	-999.9	0	6.66	4.90362368064616	330
ST._PETERS	2002	1	13	13	-13.5	3	7.07256592698337	-999.9	24.6	9.19	4.53316020665975	330
ST._PETERS	2002	1	14	14	-4	-1.5	2.78043684867019	-999.9	5	13.99	4.68329192251936	330
ST._PETERS	2002	1	15	15	-12.5	-2.5	5.61799447079347	-999.9	10	4.68	3.62810427390385	330
ST._PETERS	2002	1	16	16	-5.5	-3.5	2.53898395339145	-999.9	13	11.82	4.40501005377588	330
ST._PETERS	2002	1	17	17	-12.5	-3	5.59359271129454	-999.9	2	5.34	3.79294331031354	330
ST._PETERS	2002	1	18	18	-7	-2.5	3.89255562302891	-999.9	8	5.52	4.48948445733554	330
ST._PETERS	2002	1	19	19	-12	-3.5	5.41063231145033	-999.9	5	6.63	3.48260037083424	330
ST._PETERS	2002	1	20	20	-16	-3	6.76901810015896	-999.9	0	4.74	3.88844152714581	330
ST._PETERS	2002	1	21	21	-12	-0.5	6.44197164571299	-999.9	20	6.39	4.5219141419032	330
ST._PETERS	2002	1	22	22	-3.5	-1	3.03984361005505	-999.9	22	13.78	4.93070304331679	330
ST._PETERS	2002	1	23	23	-11.5	1.5	7.01705289669931	-999.9	0.4	8.59	3.77873082738202	330
ST._PETERS	2002	1	24	24	-2.5	0.5	3.41295914507231	-999.9	3	6.25	5.16347519731173	330
ST._PETERS	2002	1	25	25	-8.5	-4.5	3.99087841121908	-999.9	4	6.43	3.78022834268099	330
ST._PETERS	2002	1	26	26	-11	-7	4.04214913170272	-999.9	12	8.52	3.46556583986389	330
ST._PETERS	2002	1	27	27	-12	-5.5	5.21979983118829	-999.9	2	5.51	2.78469215151144	330
ST._PETERS	2002	1	28	28	-12.5	1	7.6215823819182	-999.9	0	6.97	4.52518988096106	330
ST._PETERS	2002	1	29	29	-4	-2.5	2.57434397104368	-999.9	1	4.77	4.43970859767825	330
ST._PETERS	2002	1	30	30	-10	-7	3.68961662437471	-999.9	6	5.9	3.31599127270582	330
ST._PETERS	2002	1	31	31	-17	-12.5	4.58014270111184	-999.9	1	9.7	2.55596631398658	330
ST._PETERS	2002	2	1	32	-16.5	-3.5	7.89122805331881	-999.9	9	6.02	2.96220965888115	330
ST._PETERS	2002	2	2	33	-9	-5	4.43758572883204	-999.9	13	12.51	3.68511838986883	330
ST._PETERS	2002	2	3	34	-17	-11	5.51030504990951	-999.9	0	9.13	2.68213482789141	330
ST._PETERS	2002	2	4	35	-18	-3.5	8.68565389410413	-999.9	0	7.29	3.20684087987901	330
ST._PETERS	2002	2	5	36	-8.5	-7	2.83278635914484	-999.9	2	14.08	3.22257417932997	330
ST._PETERS	2002	2	6	37	-14.5	-10.5	4.69110400626088	-999.9	1	12.78	2.59825975297776	330
ST._PETERS	2002	2	7	38	-20	-8	8.24016460761356	-999.9	1	6.66	2.23000952545189	330
ST._PETERS	2002	2	8	39	-13.5	-4	7.4357849077571	-999.9	15	6.68	3.58381876627525	330
ST._PETERS	2002	2	9	40	-17	-12	5.47123859967025	-999.9	0	11.24	2.62980601997507	330
ST._PETERS	2002	2	10	41	-16	4.5	11.2363572863725	-999.9	16	7.77	2.96251245549922	330
ST._PETERS	2002	2	11	42	-14	6.5	11.3967850697588	-999.9	20	14.35	3.80027456374291	330
ST._PETERS	2002	2	12	43	-17.5	0	10.6803817419784	-999.9	2	7.56	2.20666542953657	330
ST._PETERS	2002	2	13	44	-12	2.5	9.86089494936929	-999.9	3	10.19	4.25478962449623	330
ST._PETERS	2002	2	14	45	-18.5	-2	10.6693507712565	-999.9	0	9.69	2.28159664293345	330
ST._PETERS	2002	2	15	46	-15	4.5	11.7644895068031	-999.9	0	10.06	4.84010711637572	330
ST._PETERS	2002	2	16	47	2	5.5	5.0552506593676	-999.9	4.6	6.78	6.38407152098438	330
ST._PETERS	2002	2	17	48	-3.5	1.5	6.12825548063308	-999.9	0	3.83	5.49421783134567	330
ST._PETERS	2002	2	18	49	-8	-5	4.81441183652429	-999.9	3	10.65	3.72849195982822	330
ST._PETERS	2002	2	19	50	-8.5	-5	5.27390512958971	-999.9	3	10.18	3.49074965942613	330
ST._PETERS	2002	2	20	51	-9.5	-1.5	8.08614192963322	-999.9	0	5	3.98818586451028	330
ST._PETERS	2002	2	21	52	-6.5	2	8.45247437903011	-999.9	18	6.32	5.00952925926905	330
ST._PETERS	2002	2	22	53	-0.5	4.5	6.57377830052951	-999.9	1.8	9.08	6.04504914513015	330
ST._PETERS	2002	2	23	54	-7.5	-3	6.32364279772463	-999.9	0	6.76	3.99584247545075	330
ST._PETERS	2002	2	24	55	-10.5	-2.5	8.5489013371137	-999.9	0	4.18	4.05747391533702	330
ST._PETERS	2002	2	25	56	-7	0	8.10755161991818	-999.9	5	2.15	3.72508428207477	330
ST._PETERS	2002	2	26	57	-4	5	9.31979857175569	-999.9	0	5.93	5.46646087473465	330
ST._PETERS	2002	2	27	58	0.5	9	9.18135104689573	-999.9	16.8	11.11	7.57479223966556	330
ST._PETERS	2002	2	28	59	-4	4	9.02858037420242	-999.9	0	13.43	5.51231097234089	330
ST._PETERS	2002	3	1	60	-8	0	9.15083194334454	-999.9	0	5.31	3.52039734859712	330
ST._PETERS	2002	3	2	61	-7	0	8.67496723353194	-999.9	0	5.73	3.73652487215645	330
ST._PETERS	2002	3	3	62	-7.5	10	13.8995791018568	-999.9	7.2	11.76	6.24357799101556	330
ST._PETERS	2002	3	4	63	0.5	5.5	7.52818892962366	-999.9	0.8	8.49	5.89594619961276	330
ST._PETERS	2002	3	5	64	-10.5	-7	6.38146046147333	-999.9	0	10.1	2.61410784345489	330
ST._PETERS	2002	3	6	65	-12.5	-1	11.7184957499159	-999.9	1	6.32	3.06397471178704	330
ST._PETERS	2002	3	7	66	-7.5	1.5	10.5011328676637	-999.9	0	5.04	4.29105112955878	330
ST._PETERS	2002	3	8	67	-8	-5	6.14074899240914	-999.9	1	6.16	2.96421588792134	330
ST._PETERS	2002	3	9	68	-7.5	5	12.6944613986268	-999.9	14.8	6.39	4.57993002638333	330
ST._PETERS	2002	3	10	69	-1	12.5	13.3590747115299	-999.9	0	10.22	7.67165209364803	330
ST._PETERS	2002	3	11	70	-8.5	-3	8.6335959951846	-999.9	0	12.93	3.00135935757928	330
ST._PETERS	2002	3	12	71	-8	3	12.3611056743441	-999.9	2	7.25	3.98142189351281	330
ST._PETERS	2002	3	13	72	-4.5	4.5	11.3183119556727	-999.9	3.6	4.79	5.31535327489667	330
ST._PETERS	2002	3	14	73	0	9.5	11.7698149618106	-999.9	0.4	8.66	5.54706465592875	330
ST._PETERS	2002	3	15	74	-7.5	-4.5	6.69365170419316	-999.9	2	8.11	2.78648149500496	330
ST._PETERS	2002	3	16	75	-6.5	-4.5	5.53042659443414	-999.9	2	7.47	3.61762328386264	330
ST._PETERS	2002	3	17	76	-6.5	-3.5	6.85316584135894	-999.9	1	11.08	3.63998189919787	330
ST._PETERS	2002	3	18	77	-6.5	-2.5	8.00557988211563	-999.9	0	7.37	3.71817856447046	330
ST._PETERS	2002	3	19	78	-8	-2.5	9.49556827217964	-999.9	0	7.25	3.3074232740432	330
ST._PETERS	2002	3	20	79	-12.5	2.5	15.8601088177001	-999.9	7	3.19	3.26568070027951	330
ST._PETERS	2002	3	21	80	-3.5	0.5	8.28237827542068	-999.9	20	7.76	5.10682907581194	330
ST._PETERS	2002	3	22	81	-8	0.5	12.2079357449232	-999.9	4	9.66	4.39724923453565	330
ST._PETERS	2002	3	23	82	-13	-2	14.0404035584061	-999.9	2	14.67	2.79201185162596	330
ST._PETERS	2002	3	24	83	-5	1	10.482183479319	-999.9	0	10.86	3.85669841077947	330
ST._PETERS	2002	3	25	84	-10	-2	12.2336511456587	-999.9	0	11.17	2.97476842028993	330
ST._PETERS	2002	3	26	85	-8	3.5	14.8230228696369	-999.9	8	4.13	3.99127016903519	330
ST._PETERS	2002	3	27	86	-4	9.5	16.2283005414098	-999.9	13	10.73	6.49545812254204	330
ST._PETERS	2002	3	28	87	-1.5	0	5.46526726903052	-999.9	1.2	5.05	6.16783823875797	330
ST._PETERS	2002	3	29	88	-3	4	11.9265694956082	-999.9	0	6.38	5.38583890277438	330
ST._PETERS	2002	3	30	89	-3.5	6	14.0336307254433	-999.9	8	6.74	5.6776723718373	330
ST._PETERS	2002	3	31	90	2	11	13.7946935652543	-999.9	0	4.25	6.74624088994573	330
ST._PETERS	2002	4	1	91	2	8.5	11.8377941346991	-999.9	23.6	7.82	6.92489983065795	330
ST._PETERS	2002	4	2	92	2.5	9.5	12.4030099850416	-999.9	0	13	6.36255569575194	330
ST._PETERS	2002	4	3	93	-1	11.5	16.7316074159641	-999.9	12.2	6.64	6.72220391888558	330
ST._PETERS	2002	4	4	94	2	8	11.7004742028859	-999.9	0	8.62	6.34957462418305	330
ST._PETERS	2002	4	5	95	-1.5	3.5	10.7794998346461	-999.9	0	5.68	4.60879570405487	330
ST._PETERS	2002	4	6	96	-3.5	3	12.4021410783818	-999.9	0	6.48	4.55695213565016	330
ST._PETERS	2002	4	7	97	-2.5	0.5	8.50095367041176	-999.9	0	8.17	4.71193879114731	330
ST._PETERS	2002	4	8	98	-7.5	7	18.8537944834849	-999.9	0	4.82	5.14747030421443	330
ST._PETERS	2002	4	9	99	1	10.5	15.3930651608861	-999.9	8.2	10.35	6.75405177768636	330
ST._PETERS	2002	4	10	100	4	10	12.3375338316301	-999.9	7	8.68	7.51546395649024	330
ST._PETERS	2002	4	11	101	-2.5	5.5	14.3657449989846	-999.9	0	4.3	4.83617533217093	330
ST._PETERS	2002	4	12	102	-2	12	19.1610249652175	-999.9	0	8.04	5.51584655758446	330
ST._PETERS	2002	4	13	103	4	10.5	13.1620710516046	-999.9	7.8	8.31	7.98141189071024	330
ST._PETERS	2002	4	14	104	3.5	6	8.22795337784388	-999.9	19.4	7.56	6.50046209374987	330
ST._PETERS	2002	4	15	105	0	6	12.846751096403	-999.9	8.4	4.55	6.32642456083504	330
ST._PETERS	2002	4	16	106	2.5	13	17.1257651516312	-999.9	1.6	4.94	7.64090798779936	330
ST._PETERS	2002	4	17	107	-1	4.5	12.4886733164273	-999.9	0	7.37	5.37940435884453	330
ST._PETERS	2002	4	18	108	-5	4.5	16.5355470678342	-999.9	0	2.64	4.47136842303764	330
ST._PETERS	2002	4	19	109	0.5	8.5	15.2850179861654	-999.9	3.6	5.42	6.96563719512736	330
ST._PETERS	2002	4	20	110	2	7.5	12.7646559057274	-999.9	0	8.47	5.99867315179691	330
ST._PETERS	2002	4	21	111	-2	1.5	10.2544279002429	-999.9	0	10.15	4.50671262655338	330
ST._PETERS	2002	4	22	112	-1	4.5	12.9434925932402	-999.9	0	5.75	5.58419383959744	330
ST._PETERS	2002	4	23	113	-2	3	12.4248505651084	-999.9	5.2	7.04	5.86387992780576	330
ST._PETERS	2002	4	24	114	-1	1.5	8.84414341529436	-999.9	0	5.92	5.56363471815861	330
ST._PETERS	2002	4	25	115	-1	3.5	11.9430553102643	-999.9	0	3.47	5.72783710957239	330
ST._PETERS	2002	4	26	116	-2	2.5	12.0194038714253	-999.9	13	7.8	6.10200220619407	330
ST._PETERS	2002	4	27	117	-0.5	6.5	15.084728765905	-999.9	0	10.38	6.25386597028656	330
ST._PETERS	2002	4	28	118	-1	7.5	16.7245466347598	-999.9	10	7.45	5.03342236242203	330
ST._PETERS	2002	4	29	119	0	1	5.77093458667823	-999.9	5.2	11.05	6.08090847652127	330
ST._PETERS	2002	4	30	120	-1	2.5	10.8599182350184	-999.9	3	7.19	5.78058322986627	330
ST._PETERS	2002	5	1	121	-2	11	21.0501879935721	-999.9	0	5.8	6.45820556093337	330
ST._PETERS	2002	5	2	122	0.5	14	21.5719105653747	-999.9	0	5.25	6.96085691728723	330
ST._PETERS	2002	5	3	123	1.5	7.5	14.4604130461429	-999.9	4	7.46	7.29174431755118	330
ST._PETERS	2002	5	4	124	0.5	11	19.2322128786055	-999.9	0	11.75	6.43486886432056	330
ST._PETERS	2002	5	5	125	-1	10.5	20.2329643877609	-999.9	0	5.66	5.10223440456839	330
ST._PETERS	2002	5	6	126	1	20	26.1402721376898	-999.9	0	7.76	7.497999543681	330
ST._PETERS	2002	5	7	127	8	21.5	22.1447038012775	-999.9	3.8	8.29	8.2280197871305	330
ST._PETERS	2002	5	8	128	4.5	9.5	13.542689489462	-999.9	0	8.03	7.20688903235269	330
ST._PETERS	2002	5	9	129	-3.5	11	23.1722574047723	-999.9	0	3.78	5.90777057986328	330
ST._PETERS	2002	5	10	130	4	16.5	21.6148150843695	-999.9	9.6	7.69	9.50688398817755	330
ST._PETERS	2002	5	11	131	4.5	10.5	15.0429260028355	-999.9	0	8.99	7.33754849820702	330
ST._PETERS	2002	5	12	132	-0.5	7.5	17.4465721617346	-999.9	0	6.39	6.05988403075099	330
ST._PETERS	2002	5	13	133	-4	9	22.3353985996124	-999.9	0	2.99	5.26946205241921	330
ST._PETERS	2002	5	14	134	0	5	13.9095370261725	-999.9	15.4	10.16	6.28374139631194	330
ST._PETERS	2002	5	15	135	2.5	13	20.2384349440566	-999.9	2.6	4.8	8.35295116203612	330
ST._PETERS	2002	5	16	136	2.5	14.5	21.7208437293625	-999.9	0.6	7.42	7.99977477358703	330
ST._PETERS	2002	5	17	137	7	15	17.802634147319	-999.9	10	5.39	8.9324229916696	330
ST._PETERS	2002	5	18	138	2.5	10	17.3010611622082	-999.9	8	4.19	7.81776183491075	330
ST._PETERS	2002	5	19	139	3	11.5	18.484352930237	-999.9	2.6	6.53	7.96294109845297	330
ST._PETERS	2002	5	20	140	2.5	15.5	22.9387207733065	-999.9	0	3.44	7.98187199223061	330
ST._PETERS	2002	5	21	141	0.5	13.5	23.0155933285519	-999.9	4	2.85	8.13864872160595	330
ST._PETERS	2002	5	22	142	-1	18.5	28.2794677267888	-999.9	0	5.12	8.38055761599157	330
ST._PETERS	2002	5	23	143	7.5	22	24.4620014382769	-999.9	0	9.81	9.3477474161113	330
ST._PETERS	2002	5	24	144	9.5	24	24.5356103472815	-999.9	7.4	8.56	9.56364020462249	330
ST._PETERS	2002	5	25	145	4	12	18.277371158716	-999.9	0	6.64	7.32819376837123	330
ST._PETERS	2002	5	26	146	-2	18.5	29.3394998152221	-999.9	0	7.4	7.6331401426278	330
ST._PETERS	2002	5	27	147	9	23	24.3107389129239	-999.9	0	4.87	11.1950715637712	330
ST._PETERS	2002	5	28	148	8.5	21	23.0302684757346	-999.9	0	3.29	11.2822497550883	330
ST._PETERS	2002	5	29	149	8.5	26.5	27.7039527599765	-999.9	0	4.31	11.3576727026324	330
ST._PETERS	2002	5	30	150	12.5	23	21.2086687803152	-999.9	20	7	12.9892773817164	330
ST._PETERS	2002	5	31	151	15	26	21.7560626167065	-999.9	0.6	7.34	13.9433352752286	330
ST._PETERS	2002	6	1	152	14.5	23.5	19.7207062947913	-999.9	0.6	8.41	13.0079889574003	330
ST._PETERS	2002	6	2	153	9.5	17	18.0385355690036	-999.9	0	6.72	11.6150616380455	330
ST._PETERS	2002	6	3	154	4	11.5	18.0726989751632	-999.9	0	7.81	9.00724704036732	330
ST._PETERS	2002	6	4	155	6	13.5	18.1049433388011	-999.9	0	5.48	8.21514565329044	330
ST._PETERS	2002	6	5	156	3	14	21.9628938102754	-999.9	2.6	7.31	9.40466714023285	330
ST._PETERS	2002	6	6	157	8	13.5	15.5544218524065	-999.9	8.8	4.28	11.1274594267207	330
ST._PETERS	2002	6	7	158	4.5	13.5	19.9262611526623	-999.9	0	3.45	9.32502381458626	330
ST._PETERS	2002	6	8	159	-3	14	27.4229312369464	-999.9	0	2.82	7.64393453832792	330
ST._PETERS	2002	6	9	160	7	12	14.8905990079748	-999.9	19.6	8.07	9.87369490652603	330
ST._PETERS	2002	6	10	161	6	10	13.3336145353069	-999.9	5.8	6.94	10.1277351042053	330
ST._PETERS	2002	6	11	162	5.5	13.5	18.8758571939561	-999.9	0	2.14	9.41101623336619	330
ST._PETERS	2002	6	12	163	5	17	23.1392472252883	-999.9	0	2.8	10.7205208872899	330
ST._PETERS	2002	6	13	164	1.5	19.5	28.3625292756201	-999.9	0	4.35	10.6622809006046	330
ST._PETERS	2002	6	14	165	1	14.5	24.5798334683258	-999.9	0	4.26	8.89541263261466	330
ST._PETERS	2002	6	15	166	0	12.5	23.6659370207179	-999.9	9.6	5.93	9.77291153867534	330
ST._PETERS	2002	6	16	167	6.5	9.5	11.5995012964883	-999.9	3.6	7.41	10.5510032736641	330
ST._PETERS	2002	6	17	168	7.5	13	15.711708630884	-999.9	0	4.45	10.7483385566472	330
ST._PETERS	2002	6	18	169	7.5	16.5	20.1038916343785	-999.9	2	3.45	10.8964074698788	330
ST._PETERS	2002	6	19	170	5	16.5	22.7288816380763	-999.9	0	2.83	11.1255981338101	330
ST._PETERS	2002	6	20	171	2	25.5	32.4927771017079	-999.9	0	4.44	12.8490280444157	330
ST._PETERS	2002	6	21	172	12.5	27	25.5219682152659	-999.9	0	8.42	14.0163523102695	330
ST._PETERS	2002	6	22	173	14.5	18.5	13.4026583308507	-999.9	0	6.74	12.5221068606414	330
ST._PETERS	2002	6	23	174	10	22	23.2079030136062	-999.9	13.2	4.42	11.1028432946594	330
ST._PETERS	2002	6	24	175	10	17.5	18.3406102854124	-999.9	7.6	11.08	13.0122231976863	330
ST._PETERS	2002	6	25	176	9	19.5	21.6904829718123	-999.9	0	8.16	12.4493168528581	330
ST._PETERS	2002	6	26	177	10	27.5	27.9858540438721	-999.9	0	5.86	14.8637323685893	330
ST._PETERS	2002	6	27	178	13.5	24.5	22.1724859732637	-999.9	12	7.8	17.1249576567699	330
ST._PETERS	2002	6	28	179	16	20.5	14.1702115571062	-999.9	6	4.5	16.1011616947403	330
ST._PETERS	2002	6	29	180	11.5	19.5	18.8764624735418	-999.9	0	5.19	14.1944288634788	330
ST._PETERS	2002	6	30	181	11.5	23	22.6091147339587	-999.9	0	3.85	14.4661217327447	330
ST._PETERS	2002	7	1	182	12.5	26	24.468874813368	-999.9	0	5.86	14.9547548136555	330
ST._PETERS	2002	7	2	183	13.5	23.5	21.0335710600044	-999.9	0	3.02	15.6882161546504	330
ST._PETERS	2002	7	3	184	13.5	29.5	26.5700446439027	-999.9	0	4.42	18.8050831863692	330
ST._PETERS	2002	7	4	185	13	27	24.8181226615531	-999.9	39	5.42	19.4285654083305	330
ST._PETERS	2002	7	5	186	16.5	26.5	20.942610249502	-999.9	0.6	5.08	19.1521049894374	330
ST._PETERS	2002	7	6	187	15	21.5	16.8564695033555	-999.9	0	3.33	17.3666799568054	330
ST._PETERS	2002	7	7	188	12	21.5	20.3424866856073	-999.9	10	2.59	16.6198936324659	330
ST._PETERS	2002	7	8	189	12.5	22	20.3043661006816	-999.9	1.6	4.49	17.4362689196997	330
ST._PETERS	2002	7	9	190	15.5	21	15.4186871382977	-999.9	12.4	6.47	18.2285737644869	330
ST._PETERS	2002	7	10	191	14	20.5	16.7268472777967	-999.9	0	4.72	16.3522225469054	330
ST._PETERS	2002	7	11	192	7.5	18	21.2127161746005	-999.9	3.4	8.74	13.8077522968122	330
ST._PETERS	2002	7	12	193	10	22	22.6250337832777	-999.9	0	6.06	15.3584110696007	330
ST._PETERS	2002	7	13	194	13.5	25.5	22.5703805777447	-999.9	0	6.23	16.9255122875221	330
ST._PETERS	2002	7	14	195	16	23.5	17.7984054109132	-999.9	0	4.42	17.6388975834905	330
ST._PETERS	2002	7	15	196	13	26	23.370972772641	-999.9	0	5.31	17.9875802380427	330
ST._PETERS	2002	7	16	197	13	20.5	17.70283096028	-999.9	0	6.41	17.2545030086115	330
ST._PETERS	2002	7	17	198	9.5	22.5	23.240365092082	-999.9	0	3.75	15.8124469896993	330
ST._PETERS	2002	7	18	199	13.5	21	17.6000195951593	-999.9	1	7.75	17.3502899438356	330
ST._PETERS	2002	7	19	200	9.5	19.5	20.2602920247644	-999.9	3.2	4.26	14.3050766055834	330
ST._PETERS	2002	7	20	201	12	18	15.6435852738808	-999.9	5	6.57	14.558077159747	330
ST._PETERS	2002	7	21	202	5	23	27.0062027727132	-999.9	0	3.86	14.725434066421	330
ST._PETERS	2002	7	22	203	12	27	24.5691980491072	-999.9	0	8.86	17.4103771274326	330
ST._PETERS	2002	7	23	204	17.5	30.5	22.7922090826072	-999.9	1.2	9.06	19.7721871544287	330
ST._PETERS	2002	7	24	205	13.5	17.5	12.5969461784521	-999.9	0	6.49	12.8948998556748	330
ST._PETERS	2002	7	25	206	4.5	19	23.8941055460568	-999.9	0	4.52	12.4134031515823	330
ST._PETERS	2002	7	26	207	3	22	27.2461947570778	-999.9	0	3	12.7268312112687	330
ST._PETERS	2002	7	27	208	5	20.5	24.5113807664225	-999.9	0	3.74	13.4632725817745	330
ST._PETERS	2002	7	28	209	9	23	23.2000655937214	-999.9	0	2.04	15.4310437783822	330
ST._PETERS	2002	7	29	210	11.5	24	21.829996412506	-999.9	4.6	5.14	18.2724444250858	330
ST._PETERS	2002	7	30	211	16.5	22	14.4179479804864	-999.9	0	5.04	20.0481814856177	330
ST._PETERS	2002	7	31	212	18	24	14.9923931847348	-999.9	0	7.3	19.4434497159381	330
ST._PETERS	2002	8	1	213	12.5	20.5	17.2330885763597	-999.9	0	5.75	15.12529225939	330
ST._PETERS	2002	8	2	214	10.5	21.5	20.1134512021322	-999.9	0	4.03	14.6016018254225	330
ST._PETERS	2002	8	3	215	12	20	17.0617951989463	-999.9	3.4	7.19	18.2038429025364	330
ST._PETERS	2002	8	4	216	15	26	19.908410700403	-999.9	0	4.92	19.7707539384382	330
ST._PETERS	2002	8	5	217	14.5	27.5	21.5462679199779	-999.9	12.4	7.35	20.6561477203669	330
ST._PETERS	2002	8	6	218	16.5	20.5	11.8904297500464	-999.9	41.6	3.67	20.1178877082802	330
ST._PETERS	2002	8	7	219	15	19.5	12.5455341332581	-999.9	1	8.26	17.650595862657	330
ST._PETERS	2002	8	8	220	10	22	20.3768378694094	-999.9	0	4.19	16.2221637533842	330
ST._PETERS	2002	8	9	221	8.5	19.5	19.4023106689273	-999.9	0	4.57	13.6599877833638	330
ST._PETERS	2002	8	10	222	7	27	26.0153985180489	-999.9	0	5.51	17.2543067365874	330
ST._PETERS	2002	8	11	223	15	27.5	20.4491869006994	-999.9	0	6.83	19.3084723155401	330
ST._PETERS	2002	8	12	224	17	28	19.0708416914985	-999.9	0	6.84	20.2034677651826	330
ST._PETERS	2002	8	13	225	16	29.5	21.0009799394557	-999.9	0	4.9	21.3395729014309	330
ST._PETERS	2002	8	14	226	16.5	32	22.3657830325718	-999.9	0	2.42	22.1598205862637	330
ST._PETERS	2002	8	15	227	19	32.5	20.7432546902208	-999.9	0	5.02	22.494517177749	330
ST._PETERS	2002	8	16	228	20	28	15.8669221416662	-999.9	0	6.27	22.8817893212751	330
ST._PETERS	2002	8	17	229	20	28.5	16.2495193119047	-999.9	0	5.01	23.0103963557109	330
ST._PETERS	2002	8	18	230	14	30.5	22.4906401438596	-999.9	3	1.95	19.8290751285207	330
ST._PETERS	2002	8	19	231	17.5	28	17.8208523324281	-999.9	2.4	4.31	21.922402427713	330
ST._PETERS	2002	8	20	232	16.5	23	13.925456039779	-999.9	1	3.93	19.9623596993523	330
ST._PETERS	2002	8	21	233	11	21.5	17.5756355412157	-999.9	0	5.08	15.7232416599787	330
ST._PETERS	2002	8	22	234	7.5	25.5	22.8486616094245	-999.9	3.2	7.72	16.7722873768249	330
ST._PETERS	2002	8	23	235	11	19	15.1224407365489	-999.9	0	6.5	13.6983286192816	330
ST._PETERS	2002	8	24	236	4	22.5	22.8275440030761	-999.9	4.4	4.6	13.5338372599827	330
ST._PETERS	2002	8	25	237	13	19.5	13.4298221389489	-999.9	0.6	8.34	17.2093216740998	330
ST._PETERS	2002	8	26	238	11.5	23.5	18.1087341511056	-999.9	0	7.74	16.5378379281393	330
ST._PETERS	2002	8	27	239	14.5	20.5	12.7057532726265	-999.9	0	6.48	15.8538126693722	330
ST._PETERS	2002	8	28	240	6.5	19	18.1949293068718	-999.9	0	5.86	15.7049026278873	330
ST._PETERS	2002	8	29	241	5	22.5	21.3563997410287	-999.9	0	3.91	15.3066673612668	330
ST._PETERS	2002	8	30	242	14.5	21	12.9098816505761	-999.9	1	7.89	15.8843017526903	330
ST._PETERS	2002	8	31	243	10.5	16	11.777314103082	-999.9	0	6.76	9.47897288442422	330
ST._PETERS	2002	9	1	244	0	21.5	23.0901152956169	-999.9	0	7.66	11.2957383104111	330
ST._PETERS	2002	9	2	245	10.5	20.5	15.6131788571122	-999.9	0	7.47	14.0516969612913	330
ST._PETERS	2002	9	3	246	7	24.5	20.4756274747859	-999.9	0	4.77	16.840448935188	330
ST._PETERS	2002	9	4	247	13.5	25	16.4526659962967	-999.9	14	6.84	18.2076187732965	330
ST._PETERS	2002	9	5	248	15	20.5	11.2766500309675	-999.9	5.8	8.15	17.1982629506164	330
ST._PETERS	2002	9	6	249	8.5	16.5	13.477127032302	-999.9	0	8.11	12.9238518593414	330
ST._PETERS	2002	9	7	250	7	18.5	16.0102073428922	-999.9	0	4.37	13.5772342645411	330
ST._PETERS	2002	9	8	251	11.5	22	15.1558575031533	-999.9	0	7.98	16.528218375824	330
ST._PETERS	2002	9	9	252	13.5	17.5	9.26607500664472	-999.9	1	5.02	15.5172148777529	330
ST._PETERS	2002	9	10	253	13.5	27	16.8598925760028	-999.9	0	6.06	18.9696978209322	330
ST._PETERS	2002	9	11	254	12.5	19.5	12.0226787868965	-999.9	70.6	4.81	18.4612856439222	330
ST._PETERS	2002	9	12	255	7.5	12	9.54476112505631	-999.9	18.8	14.55	11.0927808509802	330
ST._PETERS	2002	9	13	256	6	16	14.0866514689214	-999.9	2.2	10.35	12.3225374324219	330
ST._PETERS	2002	9	14	257	9.5	15	10.3414297391132	-999.9	0	7.03	10.3294256920443	330
ST._PETERS	2002	9	15	258	7	22.5	17.1830094362966	-999.9	5.8	8.77	16.1954256356654	330
ST._PETERS	2002	9	16	259	10	14	8.6385404107815	-999.9	18.2	6.99	13.922003503481	330
ST._PETERS	2002	9	17	260	9.5	17	11.7047212257929	-999.9	0	3.69	11.8576291301211	330
ST._PETERS	2002	9	18	261	6.5	16	13.0333375284331	-999.9	0	5.62	11.3453544955715	330
ST._PETERS	2002	9	19	262	4	19	16.2011738081207	-999.9	0	5.21	12.8075718151628	330
ST._PETERS	2002	9	20	263	10	19	12.4128942587402	-999.9	2.2	10.04	15.4154606858689	330
ST._PETERS	2002	9	21	264	16	22.5	10.4328683313874	-999.9	0	6.1	17.8750437924124	330
ST._PETERS	2002	9	22	265	16	25.5	12.4723644902656	-999.9	0	5.07	18.1313982930621	330
ST._PETERS	2002	9	23	266	15	27	13.8599828724716	-999.9	14	6.29	18.1191305725544	330
ST._PETERS	2002	9	24	267	11.5	14	6.25421448342829	-999.9	19.4	5.16	16.25679271725	330
ST._PETERS	2002	9	25	268	9.5	16	9.96864850074364	-999.9	0	4.99	13.2790769699066	330
ST._PETERS	2002	9	26	269	2	19.5	16.1667297621549	-999.9	0	2.83	12.8980663401103	330
ST._PETERS	2002	9	27	270	6.5	18.5	13.2301466110033	-999.9	9.4	4.83	14.4919555979764	330
ST._PETERS	2002	9	28	271	13	18	8.43874591615181	-999.9	13	8.45	14.9449476214454	330
ST._PETERS	2002	9	29	272	6.5	11	7.90982276566631	-999.9	0	10.6	8.01449261729833	330
ST._PETERS	2002	9	30	273	6.5	13.5	9.74600396142997	-999.9	8	7.53	8.63982003903473	330
ST._PETERS	2002	10	1	274	4	20	14.5547559380703	-999.9	5.4	9.21	15.4906594950878	330
ST._PETERS	2002	10	2	275	13.5	24.5	11.9195493190117	-999.9	1.2	7.83	17.2931676278317	330
ST._PETERS	2002	10	3	276	6.5	10.5	7.09846042973174	-999.9	0	9.45	8.94094155800711	330
ST._PETERS	2002	10	4	277	0	13	12.6365826641595	-999.9	0	5.46	7.79644550760966	330
ST._PETERS	2002	10	5	278	6.5	20	12.7146036224838	-999.9	0	12.22	15.248399854739	330
ST._PETERS	2002	10	6	279	4.5	11	8.71015525387112	-999.9	0	7.88	8.59393081034689	330
ST._PETERS	2002	10	7	280	-2	15	13.9053987139523	-999.9	5.8	7.31	10.9487221191726	330
ST._PETERS	2002	10	8	281	5	11	8.15421440573064	-999.9	0	9.25	9.33015057322618	330
ST._PETERS	2002	10	9	282	1	8.5	8.99795309619121	-999.9	0	6.45	7.70357465319145	330
ST._PETERS	2002	10	10	283	1	10	9.72750394229129	-999.9	0	2.53	6.93656948944355	330
ST._PETERS	2002	10	11	284	1.5	12.5	10.612202296513	-999.9	0	3.13	9.47003854694608	330
ST._PETERS	2002	10	12	285	7	15	8.92990188891203	-999.9	0	3.11	11.2687392748291	330
ST._PETERS	2002	10	13	286	-0.5	13.5	11.6552973029341	-999.9	0.6	4.53	10.8759786957064	330
ST._PETERS	2002	10	14	287	6	14.5	8.95969615603862	-999.9	12.4	10.11	10.7190650555371	330
ST._PETERS	2002	10	15	288	3.5	7.5	6.06327022221406	-999.9	0	8.6	7.05668444926648	330
ST._PETERS	2002	10	16	289	-2.5	11	10.9877159962601	-999.9	9.6	4.77	7.94320188272771	330
ST._PETERS	2002	10	17	290	5.5	12.5	7.80415058112086	-999.9	5.2	10.55	11.747826770839	330
ST._PETERS	2002	10	18	291	7.5	12.5	6.50537323952597	-999.9	4	5.79	11.7967674921932	330
ST._PETERS	2002	10	19	292	2	10.5	8.36534648302724	-999.9	14.8	9.22	8.22292775663435	330
ST._PETERS	2002	10	20	293	5	11	6.93132465663714	-999.9	4.6	10.94	9.33130046178637	330
ST._PETERS	2002	10	21	294	1	4.5	5.22061902647862	-999.9	0	11.04	6.61304458332976	330
ST._PETERS	2002	10	22	295	2	7	6.15324186846933	-999.9	0	11.15	7.21026784845265	330
ST._PETERS	2002	10	23	296	1	8.5	7.43133401021518	-999.9	7	7.64	8.40791111841499	330
ST._PETERS	2002	10	24	297	2.5	5.5	4.63449825132937	-999.9	0	7.01	7.37346053140387	330
ST._PETERS	2002	10	25	298	1.5	5.5	5.27678664301623	-999.9	0	6.23	7.02103809265641	330
ST._PETERS	2002	10	26	299	-3	7.5	8.42996847602843	-999.9	21.6	5.65	7.17724215774289	330
ST._PETERS	2002	10	27	300	4.5	6.5	3.62773288248096	-999.9	27	12.63	8.91654338434411	330
ST._PETERS	2002	10	28	301	3	6	4.38096919961482	-999.9	0	13.48	7.65111474604252	330
ST._PETERS	2002	10	29	302	2.5	3.5	2.49403323681949	-999.9	5.4	16.66	6.36524419899731	330
ST._PETERS	2002	10	30	303	1	4.5	4.60082328489133	-999.9	7.2	11.22	6.97131824661244	330
ST._PETERS	2002	10	31	304	-0.5	3.5	4.84998937665361	-999.9	0	8.59	6.21182572350398	330
ST._PETERS	2002	11	1	305	-3	3.5	6.09663425655252	-999.9	7	5.69	5.89755269898924	330
ST._PETERS	2002	11	2	306	-4	3.5	6.4580845366887	-999.9	1	9.31	6.73584098124969	330
ST._PETERS	2002	11	3	307	-4.5	-0.5	4.65118195374676	-999.9	5	14.74	4.86095854076836	330
ST._PETERS	2002	11	4	308	-4.5	2	5.84755904316209	-999.9	1	6.51	4.80063682316285	330
ST._PETERS	2002	11	5	309	-4.5	4.5	6.7865962898312	-999.9	0	3.21	4.86449115739297	330
ST._PETERS	2002	11	6	310	-1.5	2.5	4.46278285216352	-999.9	3	5.98	5.27658000833343	330
ST._PETERS	2002	11	7	311	-1	3	4.40237451390821	-999.9	3	10.22	6.13258467541392	330
ST._PETERS	2002	11	8	312	-6	5	7.20236196141977	-999.9	0	10.89	4.87856763600034	330
ST._PETERS	2002	11	9	313	-0.5	7	5.86780223425914	-999.9	0	6.44	8.14245739348701	330
ST._PETERS	2002	11	10	314	3.5	15.5	7.32403908610672	-999.9	0	6.81	10.3629605966472	330
ST._PETERS	2002	11	11	315	13.5	20	5.31967720926357	-999.9	2.6	10.36	13.6672609316985	330
ST._PETERS	2002	11	12	316	5.5	12	5.25063383889515	-999.9	12.8	5.48	9.03421935180617	330
ST._PETERS	2002	11	13	317	3.5	6.5	3.52131271338196	-999.9	53	6.52	8.35636597272704	330
ST._PETERS	2002	11	14	318	3	4.5	2.45836079632337	-999.9	22	10.27	7.68571379495387	330
ST._PETERS	2002	11	15	319	1	8.5	5.42823298203897	-999.9	0	7.76	8.00913883352775	330
ST._PETERS	2002	11	16	320	-1.5	0.5	2.76851774688805	-999.9	0	7.48	4.99653385286053	330
ST._PETERS	2002	11	17	321	-3.5	3.5	5.11643243834759	-999.9	62.6	11.03	5.54974263093774	330
ST._PETERS	2002	11	18	322	0.5	13.5	6.88909435186402	-999.9	3	13.83	7.70997256735245	330
ST._PETERS	2002	11	19	323	-2.5	1.5	3.77645163226851	-999.9	1	9.13	5.3047729595839	330
ST._PETERS	2002	11	20	324	-2.5	6.5	5.59931435434311	-999.9	2	4.88	6.6246611706717	330
ST._PETERS	2002	11	21	325	3	8.5	4.32768621605746	-999.9	8.8	2.26	7.2837908607363	330
ST._PETERS	2002	11	22	326	2	10	5.16162415610669	-999.9	11.8	4.68	8.62121980039665	330
ST._PETERS	2002	11	23	327	5.5	12	4.60231301440177	-999.9	18.2	7.19	8.84127771363475	330
ST._PETERS	2002	11	24	328	-0.5	2	2.82412338917576	-999.9	0	19.73	5.08357586636836	330
ST._PETERS	2002	11	25	329	0.5	3.5	3.06188964129001	-999.9	0	11.5	6.28325887807678	330
ST._PETERS	2002	11	26	330	-3	1.5	3.71258481242451	-999.9	0	8.13	5.23721321762695	330
ST._PETERS	2002	11	27	331	-5	-1.5	3.24247195414696	-999.9	2	5.65	4.72466387554363	330
ST._PETERS	2002	11	28	332	-7	-4.5	2.71468831869089	-999.9	1	10.44	4.23908706394391	330
ST._PETERS	2002	11	29	333	-9.5	0.5	5.38019697374425	-999.9	7	8.16	4.09313724116396	330
ST._PETERS	2002	11	30	334	-8	3	5.59355411901409	-999.9	3.4	7.75	6.55461910193843	330
ST._PETERS	2002	12	1	335	0.5	4	3.12873336631365	-999.9	4.4	5.82	6.89236819592182	330
ST._PETERS	2002	12	2	336	-6.5	-3.5	2.87337540403249	-999.9	6	12.97	4.0848852241001	330
ST._PETERS	2002	12	3	337	-8.5	-2.5	4.03239546155888	-999.9	26	7.95	4.14191880056568	330
ST._PETERS	2002	12	4	338	-11	-7	3.26840600636488	-999.9	5	12.65	3.76969220510511	330
ST._PETERS	2002	12	5	339	-13	-7	3.97527320950041	-999.9	0	7.86	3.37353233981841	330
ST._PETERS	2002	12	6	340	-12	-2.5	4.96946080875331	-999.9	1	4.53	3.47151966647173	330
ST._PETERS	2002	12	7	341	-11.5	3	6.10185780189988	-999.9	1	8.77	4.85061985358818	330
ST._PETERS	2002	12	8	342	1	4	2.75960794673366	-999.9	1	8.83	6.51373143039598	330
ST._PETERS	2002	12	9	343	-18	-5	5.7141092616727	-999.9	2	14.58	2.66369362720306	330
ST._PETERS	2002	12	10	344	-15	-1	5.90086348092244	-999.9	0	9.58	4.34068189529142	330
ST._PETERS	2002	12	11	345	-5	-1	3.14010191260739	-999.9	0	5.29	4.16887741773874	330
ST._PETERS	2002	12	12	346	-9	0	4.6912374566306	-999.9	0	4.46	4.91070367864617	330
ST._PETERS	2002	12	13	347	-4.5	1.5	3.81668990778151	-999.9	0	3.3	5.64521411566405	330
ST._PETERS	2002	12	14	348	-4	6	4.91191935352523	-999.9	35.8	6.75	6.22437119922395	330
ST._PETERS	2002	12	15	349	0.5	5.5	3.46396140474242	-999.9	5	7.95	6.91960073172354	330
ST._PETERS	2002	12	16	350	-3.5	-1	2.44395601228389	-999.9	5	9.34	4.81646103341284	330
ST._PETERS	2002	12	17	351	-4.5	-1.5	2.67250965410478	-999.9	1	12.33	4.08301508385947	330
ST._PETERS	2002	12	18	352	-4	0	3.08194579875105	-999.9	0	14.64	4.03152833316304	330
ST._PETERS	2002	12	19	353	-2	0.5	2.43446353368605	-999.9	0	12.94	4.55488102985099	330
ST._PETERS	2002	12	20	354	-1.5	4	3.60956918498973	-999.9	9	4.8	5.33718993409644	330
ST._PETERS	2002	12	21	355	0	9	4.61783915909907	-999.9	15.4	12.25	6.97055908077327	330
ST._PETERS	2002	12	22	356	-2	4	3.77258859628869	-999.9	0	7.24	5.87736917531223	330
ST._PETERS	2002	12	23	357	-2	2.5	3.2705350328769	-999.9	1	6.32	5.69675137729719	330
ST._PETERS	2002	12	24	358	-4.5	-1.5	2.67438398666474	-999.9	1	9.02	4.52620653914999	330
ST._PETERS	2002	12	25	359	-7	-1	3.78957348374681	-999.9	11	5.93	4.17078345478266	330
ST._PETERS	2002	12	26	360	-4.5	-1	2.90135003354529	-999.9	6	15.36	5.01260332972485	330
ST._PETERS	2002	12	27	361	-5.5	-4.5	1.55530615703726	-999.9	1	15.44	3.73324518726187	330
ST._PETERS	2002	12	28	362	-13	-3	4.93471818474064	-999.9	0	7.55	3.89067428901379	330
ST._PETERS	2002	12	29	363	-14	-1.5	5.53807112558025	-999.9	4	7.52	4.6523787207331	330
ST._PETERS	2002	12	30	364	-11.5	-5	4.01045673426297	-999.9	5	12.72	4.03367707335154	330
ST._PETERS	2002	12	31	365	-11	3	5.91323027933899	-999.9	9.6	5.86	4.04442503616996	330
