ST._PETERS	2003	1	1	1	-3.23	3	4.89591028042802	-999.9	3	10.8	5.1872798713909	330
ST._PETERS	2003	1	2	2	-4.69	-4.5	1.95619637853858	-999.9	0	9.82	3.66299730839902	330
ST._PETERS	2003	1	3	3	-4.73	-2.5	4.40021348571861	-999.9	0	5.85	3.55871307750103	330
ST._PETERS	2003	1	4	4	-3.07	-2	5.36282331485941	-999.9	11	9.64	4.24630951590253	330
ST._PETERS	2003	1	5	5	-3.29	-2	2.30218555987712	-999.9	0	7.65	4.17433984107261	330
ST._PETERS	2003	1	6	6	-2.98	-1.5	5.18470309706681	-999.9	0	3.02	4.16052734561413	330
ST._PETERS	2003	1	7	7	-1.5	-0.5	2.61191416401629	-999.9	0	8.32	5.48992992039791	330
ST._PETERS	2003	1	8	8	-4.8	-2.5	2.88387789562605	-999.9	0	10.95	4.46404751215666	330
ST._PETERS	2003	1	9	9	-8.62	-7.5	2.90778509315534	-999.9	0	9.33	3.18202968891076	330
ST._PETERS	2003	1	10	10	-11.29	-6.5	5.74235117833412	-999.9	10	6.65	2.8751213695213	330
ST._PETERS	2003	1	11	11	-11.24	-8.5	4.18509013554021	-999.9	0	9.52	3.23480103835827	330
ST._PETERS	2003	1	12	12	-11.85	-8.5	5.84805002412877	-999.9	0	10.73	2.74276973649087	330
ST._PETERS	2003	1	13	13	-8.18	-2	5.904511223979	-999.9	2	9.18	3.36130208533587	330
ST._PETERS	2003	1	14	14	-9.75	-10.5	2.78043684867019	-999.9	0	10.92	3.21409197695659	330
ST._PETERS	2003	1	15	15	-12.27	-13.5	5.1795349784306	-999.9	0	6.88	2.55268223227585	330
ST._PETERS	2003	1	16	16	-10.94	-13.5	5.38599831230077	-999.9	0	8.83	2.775934555974	330
ST._PETERS	2003	1	17	17	-10.94	-7.5	6.01901437654758	-999.9	2	6	2.8830070196339	330
ST._PETERS	2003	1	18	18	-13.4	-10.5	5.50490495437914	-999.9	0	7.47	2.70900240859752	330
ST._PETERS	2003	1	19	19	-13.32	-4	8.7046216542007	-999.9	4	5.54	3.02985953308196	330
ST._PETERS	2003	1	20	20	-5.97	-4.5	4.40286474242831	-999.9	5	6.75	3.81535467864442	330
ST._PETERS	2003	1	21	21	-14.08	-10.5	4.0297318292344	-999.9	0	16.48	2.67457371657487	330
ST._PETERS	2003	1	22	22	-16.81	-12.5	5.0866312708962	-999.9	0	15.22	1.88561639279914	330
ST._PETERS	2003	1	23	23	-10.65	-6	7.28193993051443	-999.9	0	7.87	4.03033843050621	330
ST._PETERS	2003	1	24	24	-10.95	-5.5	5.0237398359709	-999.9	0	10.26	3.08612559078993	330
ST._PETERS	2003	1	25	25	-12.7	-12	4.88780786648798	-999.9	0	9.82	2.40460255904624	330
ST._PETERS	2003	1	26	26	-11.05	0.5	8.33310391225452	-999.9	2	6.57	3.62937930404746	330
ST._PETERS	2003	1	27	27	-1.21	1	3.23718243335117	-999.9	0	4.94	6.15212012629851	330
ST._PETERS	2003	1	28	28	-13.08	-9.5	5.0810549212788	-999.9	0	13.41	3.19153711561117	330
ST._PETERS	2003	1	29	29	-13.92	-6.5	6.30582915146722	-999.9	0	9.36	2.49640283791933	330
ST._PETERS	2003	1	30	30	-9.91	-6	6.90264064847778	-999.9	0	2.64	3.10065976397431	330
ST._PETERS	2003	1	31	31	-9.58	-0.5	8.07861237088638	-999.9	2	2.97	3.72589252256057	330
ST._PETERS	2003	2	1	32	-3.31	0	4.09455718149764	-999.9	13.4	6.79	5.62486013209095	330
ST._PETERS	2003	2	2	33	-0.56	5	5.65683405613886	-999.9	21.3	8.93	6.2603850428093	330
ST._PETERS	2003	2	3	34	-3.02	1.5	4.4991452331199	-999.9	1.2	8.05	5.67550721542609	330
ST._PETERS	2003	2	4	35	-5.37	6	7.39116960305241	-999.9	0	7.18	4.03005079272092	330
ST._PETERS	2003	2	5	36	-8.8	1	5.89691504758328	-999.9	0	14.27	4.50348548218693	330
ST._PETERS	2003	2	6	37	-12.28	-10.5	4.38812598928771	-999.9	0	14.92	2.15763039826012	330
ST._PETERS	2003	2	7	38	-13.29	-3	8.41008278549767	-999.9	2	6.34	3.01254855447955	330
ST._PETERS	2003	2	8	39	-10.8	-7	5.39448535150424	-999.9	0	7.71	3.34048747057084	330
ST._PETERS	2003	2	9	40	-10.81	-1.5	8.65078779859408	-999.9	0	6.88	3.67144502956485	330
ST._PETERS	2003	2	10	41	-13.49	-5	8.77412093668621	-999.9	6	5.03	2.46733568338999	330
ST._PETERS	2003	2	11	42	-11.42	-4	6.1656810181396	-999.9	0	7.77	3.38516716742601	330
ST._PETERS	2003	2	12	43	-14.21	-6	10.5266991723076	-999.9	5	5.13	2.24902604078883	330
ST._PETERS	2003	2	13	44	-20.35	-15.5	5.79051689678007	-999.9	0	14.1	1.89395113674232	330
ST._PETERS	2003	2	14	45	-23.24	-20	6.43386059362668	-999.9	0	15.53	1.10043526498364	330
ST._PETERS	2003	2	15	46	-20.83	-19	6.52576463791332	-999.9	0	14.81	1.30055112847508	330
ST._PETERS	2003	2	16	47	-17.07	-15.5	6.8891453956566	-999.9	0	11.34	1.85111260384882	330
ST._PETERS	2003	2	17	48	-14.69	-12	8.22191750290873	-999.9	0	4.54	1.8751341504039	330
ST._PETERS	2003	2	18	49	-13.33	-4.5	10.5844089633313	-999.9	0	5.21	2.67159607510961	330
ST._PETERS	2003	2	19	50	-8.72	-1	8.45706260797471	-999.9	1	4.37	3.10575325226124	330
ST._PETERS	2003	2	20	51	-4.55	3	8.57664868812078	-999.9	0	7.98	4.84639284177782	330
ST._PETERS	2003	2	21	52	-9.36	4	8.93585684832889	-999.9	0	8.96	4.00129656950956	330
ST._PETERS	2003	2	22	53	-10.67	-6	8.05120125923884	-999.9	3	4.61	2.56431031641725	330
ST._PETERS	2003	2	23	54	-7.79	7.5	12.1088540686194	-999.9	18.4	10.86	4.73479325563084	330
ST._PETERS	2003	2	24	55	-9.52	-3	6.75849992933456	-999.9	0	16.31	3.44511383918918	330
ST._PETERS	2003	2	25	56	-13.55	-7.5	6.12873295083496	-999.9	0	10.38	2.32739607274831	330
ST._PETERS	2003	2	26	57	-15.22	-13.5	6.94656771435039	-999.9	0	12.36	1.84350268315736	330
ST._PETERS	2003	2	27	58	-13.08	-10	8.62437757581926	-999.9	0	7.59	2.0483959895887	330
ST._PETERS	2003	2	28	59	-10.92	-7.5	10.0942597285185	-999.9	0	3.66	2.31621312665013	330
ST._PETERS	2003	3	1	60	-11.44	0	15.0015044786752	-999.9	0	3.07	2.63550344079318	330
ST._PETERS	2003	3	2	61	-9.44	5	11.8219875929623	-999.9	10	8.06	4.03640394007647	330
ST._PETERS	2003	3	3	62	-15.69	5	15.2262260278287	-999.9	3.4	15.09	3.62999874820955	330
ST._PETERS	2003	3	4	63	-16.19	-5	12.1388399057027	-999.9	1	12.91	1.81436861460274	330
ST._PETERS	2003	3	5	64	-9.67	-1	11.0530137457637	-999.9	16	5.39	3.7081864049886	330
ST._PETERS	2003	3	6	65	-10.05	-6.5	6.91119174624181	-999.9	0	7.19	3.46357614638035	330
ST._PETERS	2003	3	7	66	-11.5	-8	9.26112868409489	-999.9	0	8.81	2.17310033061714	330
ST._PETERS	2003	3	8	67	-10.2	-0.5	13.7311321797902	-999.9	0	5.81	3.43378091459192	330
ST._PETERS	2003	3	9	68	-7.61	4.5	11.6346660531805	-999.9	12	9.64	4.94708467998461	330
ST._PETERS	2003	3	10	69	-13.84	-11	10.2838205077682	-999.9	0	9.06	2.05034736604733	330
ST._PETERS	2003	3	11	70	-12.9	-1.5	13.774454071432	-999.9	0	9.17	2.55366632871948	330
ST._PETERS	2003	3	12	71	-5.5	2.5	12.0769043356963	-999.9	0	6.88	4.98425113324922	330
ST._PETERS	2003	3	13	72	-8.44	-5	8.43617164114425	-999.9	0	6.69	3.12350252211422	330
ST._PETERS	2003	3	14	73	-10.39	-9	6.61406501890425	-999.9	0	6.37	2.57050082772667	330
ST._PETERS	2003	3	15	74	-10.68	-8.5	9.06324725202037	-999.9	0	9.35	2.21010253694742	330
ST._PETERS	2003	3	16	75	-12.89	-7	13.8260664860853	-999.9	3	3.9	2.07562308736321	330
ST._PETERS	2003	3	17	76	-8.89	-2.5	10.8358066207792	-999.9	5	6.23	4.0196973856087	330
ST._PETERS	2003	3	18	77	-6.68	-3.5	8.00557988211563	-999.9	0	7.13	3.98741318475682	330
ST._PETERS	2003	3	19	78	-9.47	-6.5	9.0536691111507	-999.9	0	9.51	2.82072916038805	330
ST._PETERS	2003	3	20	79	-9.66	5.5	18.0833063133399	-999.9	0	7.47	4.0792192405417	330
ST._PETERS	2003	3	21	80	-1.96	7	11.7130516858042	-999.9	5	7.72	6.14917786511117	330
ST._PETERS	2003	3	22	81	-2.37	1	6.62068272541734	-999.9	0	4.43	5.74986935545936	330
ST._PETERS	2003	3	23	82	-4.16	4	12.3422037324439	-999.9	7	4.62	5.14919151341289	330
ST._PETERS	2003	3	24	83	-4.31	2.5	10.910202474532	-999.9	0	2.69	4.65410161860334	330
ST._PETERS	2003	3	25	84	-5.02	5.5	14.015408100166	-999.9	0	6.31	4.97806707166193	330
ST._PETERS	2003	3	26	85	-1.73	7.5	12.7437522951688	-999.9	0	5.86	6.2191545019909	330
ST._PETERS	2003	3	27	86	-0.52	8.5	12.877027425929	-999.9	4	6.69	6.78266829816845	330
ST._PETERS	2003	3	28	87	-2.37	3	8.34833365116565	-999.9	0	6.38	5.45435468171311	330
ST._PETERS	2003	3	29	88	-2.51	11	15.6155449985074	-999.9	1	9.58	6.47260050175452	330
ST._PETERS	2003	3	30	89	3.43	12.5	12.4692081166528	-999.9	45	5.53	8.80285650234111	330
ST._PETERS	2003	3	31	90	-0.89	11.5	16.5791583262792	-999.9	30	6.86	7.6252315138426	330
ST._PETERS	2003	4	1	91	-3.58	-0.5	9.2863297370346	-999.9	0	9.35	3.97492183775654	330
ST._PETERS	2003	4	2	92	-3.28	3	15.5479958450299	-999.9	0	4.12	4.14066462605415	330
ST._PETERS	2003	4	3	93	-3.77	0.5	10.5819976700422	-999.9	0	7.29	4.18036504693358	330
ST._PETERS	2003	4	4	94	-5.71	-4.5	8.93638478360049	-999.9	0	9.76	3.07589600973545	330
ST._PETERS	2003	4	5	95	-5.42	-2	13.2021371386493	-999.9	15	5.17	3.49669173700345	330
ST._PETERS	2003	4	6	96	-3.48	0	10.8773972893719	-999.9	0	7.72	4.8265424619269	330
ST._PETERS	2003	4	7	97	-4.08	-2.5	8.50095367041176	-999.9	0	10.34	3.85278724050772	330
ST._PETERS	2003	4	8	98	-3.53	1	14.8537469969803	-999.9	0	2.66	3.22446917612379	330
ST._PETERS	2003	4	9	99	-2	5	19.0172320698488	-999.9	0	1.85	4.07287990052645	330
ST._PETERS	2003	4	10	100	-1.34	8	19.1794757713202	-999.9	0	2.2	4.45142752379192	330
ST._PETERS	2003	4	11	101	-1.07	11	19.0040943327416	-999.9	0	6.48	5.40041836493314	330
ST._PETERS	2003	4	12	102	0.21	6.5	12.0098079782653	-999.9	35	7.51	6.43848864534076	330
ST._PETERS	2003	4	13	103	-1.25	-1.5	5.16258901010974	-999.9	0	11.76	5.15714619249883	330
ST._PETERS	2003	4	14	104	-1.38	3	12.7466905623042	-999.9	0	5.28	4.69299307339917	330
ST._PETERS	2003	4	15	105	-0.18	13	19.6237364445079	-999.9	0	7.7	6.82571607924955	330
ST._PETERS	2003	4	16	106	-5.11	5	13.4744799641232	-999.9	1.2	7.81	5.23884319076521	330
ST._PETERS	2003	4	17	107	-7.46	-1.5	16.413332338195	-999.9	0	11.08	3.00355944206587	330
ST._PETERS	2003	4	18	108	-3.14	6.5	20.0733927996761	-999.9	0	4.45	3.99564353967694	330
ST._PETERS	2003	4	19	109	-1.09	8	17.9232723128737	-999.9	0	4.1	5.37250534132696	330
ST._PETERS	2003	4	20	110	0.62	11	19.6245380957388	-999.9	0	3.34	5.76838905486487	330
ST._PETERS	2003	4	21	111	-0.33	11.5	18.9875109234265	-999.9	0	5.31	5.87473372032278	330
ST._PETERS	2003	4	22	112	1.04	7	13.5190371030671	-999.9	4.2	6.43	6.88071889499593	330
ST._PETERS	2003	4	23	113	3.39	12.5	16.6696862843154	-999.9	7.2	7.08	8.55427459373793	330
ST._PETERS	2003	4	24	114	3.69	15.5	18.1251004287214	-999.9	4	6.59	8.65400547047699	330
ST._PETERS	2003	4	25	115	1.73	11.5	16.4141595122711	-999.9	0	1.86	7.19487406537871	330
ST._PETERS	2003	4	26	116	1.8	13	18.3599426830172	-999.9	0	2.54	7.43674572187005	330
ST._PETERS	2003	4	27	117	1.77	7	12.0946900316635	-999.9	8.2	6.89	7.51533428077615	330
ST._PETERS	2003	4	28	118	1.98	16.5	21.4639134689876	-999.9	1	6.92	8.02305015057581	330
ST._PETERS	2003	4	29	119	3.73	21.5	23.0837383467129	-999.9	0	5.32	8.79786307196173	330
ST._PETERS	2003	4	30	120	1.98	8	14.2189706722866	-999.9	0	6.61	5.96622826960676	330
ST._PETERS	2003	5	1	121	1.44	11	22.6115290852849	-999.9	16.6	3.78	6.05723169703659	330
ST._PETERS	2003	5	2	122	1.26	7.5	12.4545483718536	-999.9	7.2	4.29	7.23820266405866	330
ST._PETERS	2003	5	3	123	1.32	3	8.34872336478376	-999.9	2.8	8.79	6.49520722996354	330
ST._PETERS	2003	5	4	124	1.08	15.5	24.4714142419973	-999.9	0	6.36	6.11994363479564	330
ST._PETERS	2003	5	5	125	1.67	14.5	23.489644605941	-999.9	0	3.46	6.30434398560613	330
ST._PETERS	2003	5	6	126	1.06	14.5	24.3598873826754	-999.9	0	3.56	6.27519842203384	330
ST._PETERS	2003	5	7	127	4.59	11.5	14.134626475052	-999.9	4.8	7.92	8.51940690708012	330
ST._PETERS	2003	5	8	128	2.07	7	10.4901221711089	-999.9	4	4.52	7.36212777784477	330
ST._PETERS	2003	5	9	129	1.39	4	8.60596035020976	-999.9	22.8	7.47	7.15072890795833	330
ST._PETERS	2003	5	10	130	2.6	4	9.66643916994759	-999.9	11.8	8.39	7.2203906445037	330
ST._PETERS	2003	5	11	131	1.71	5.5	12.282497648464	-999.9	1	6.11	7.13826223481083	330
ST._PETERS	2003	5	12	132	1.22	8.5	18.5048842260345	-999.9	7.4	3.69	6.94556121312608	330
ST._PETERS	2003	5	13	133	2.36	7.5	13.8518261862355	-999.9	3.4	3.46	7.51734081163853	330
ST._PETERS	2003	5	14	134	2.21	6.5	13.9095370261725	-999.9	3.4	5.56	7.189168735674	330
ST._PETERS	2003	5	15	135	1.58	2.5	6.24571661971558	-999.9	0	8.34	6.67521907260746	330
ST._PETERS	2003	5	16	136	1.22	11	20.796124589831	-999.9	0	3.5	6.02648090042278	330
ST._PETERS	2003	5	17	137	3.29	18.5	23.1263001387879	-999.9	0	4.2	8.06709018942565	330
ST._PETERS	2003	5	18	138	4.7	15.5	20.470891633582	-999.9	0	4.93	7.75512566444101	330
ST._PETERS	2003	5	19	139	4.24	21	30.0736435772845	-999.9	0	2.13	6.89914361851443	330
ST._PETERS	2003	5	20	140	6.87	26	30.8412129386083	-999.9	0	2.85	9.34797830528038	330
ST._PETERS	2003	5	21	141	6.76	27	24.3071756987467	-999.9	0	5.75	10.5913046733665	330
ST._PETERS	2003	5	22	142	5.38	8	9.0540433346353	-999.9	0	2.41	9.0808602627183	330
ST._PETERS	2003	5	23	143	5.51	15	21.7849670014898	-999.9	0	2.3	8.8606441056912	330
ST._PETERS	2003	5	24	144	4.53	13.5	17.0430969205091	-999.9	0	2.36	8.83227034882535	330
ST._PETERS	2003	5	25	145	5.77	12.5	18.277371158716	-999.9	12	4.51	9.08725185668464	330
ST._PETERS	2003	5	26	146	5.95	9.5	12.9600229554706	-999.9	0	7.13	9.30547705705897	330
ST._PETERS	2003	5	27	147	5.99	16	21.5491668573054	-999.9	0	1.08	9.80725432268734	330
ST._PETERS	2003	5	28	148	6.83	21.5	25.6454216171206	-999.9	10	3.13	10.8482115217692	330
ST._PETERS	2003	5	29	149	7.76	16	18.4693018399844	-999.9	0	4.25	11.0978369312164	330
ST._PETERS	2003	5	30	150	8.94	21	20.6975414098508	-999.9	0	4.51	12.010942930251	330
ST._PETERS	2003	5	31	151	9.15	19.5	16.7240183671252	-999.9	2	1.87	12.8026499616931	330
ST._PETERS	2003	6	1	152	9.95	19.5	19.1650816228835	-999.9	13.6	5.56	12.6193816536753	330
ST._PETERS	2003	6	2	153	8.29	15	16.7929627149087	-999.9	2.8	8.51	11.1218036262607	330
ST._PETERS	2003	6	3	154	7.41	12.5	16.1647133781423	-999.9	0	7.51	8.97105584903901	330
ST._PETERS	2003	6	4	155	6.64	17	21.9261752442545	-999.9	0	5.22	8.3486329660704	330
ST._PETERS	2003	6	5	156	7.36	20	26.4882465742191	-999.9	14.4	4.25	10.3858475892102	330
ST._PETERS	2003	6	6	157	7.48	16.5	18.163651483712	-999.9	1.6	8.65	11.0306357326179	330
ST._PETERS	2003	6	7	158	6.67	20.5	29.3306622433853	-999.9	0	2.44	10.2891089833144	330
ST._PETERS	2003	6	8	159	10.33	20.5	16.9568856820344	-999.9	0	2.82	13.2583020807924	330
ST._PETERS	2003	6	9	160	8.51	15	16.9778950538984	-999.9	0	6.31	10.8069087768454	330
ST._PETERS	2003	6	10	161	8.6	19.5	24.0375154471605	-999.9	0	6.39	11.9774176166797	330
ST._PETERS	2003	6	11	162	9.15	23.5	24.9704119591887	-999.9	7.6	5.55	11.437791691804	330
ST._PETERS	2003	6	12	163	8.56	15	13.3594506143655	-999.9	0	5.67	11.4877473509832	330
ST._PETERS	2003	6	13	164	8.29	14.5	18.9083528504134	-999.9	0	3.55	10.1382748420029	330
ST._PETERS	2003	6	14	165	7.84	13	19.503902388839	-999.9	23.6	5.32	9.47695011845405	330
ST._PETERS	2003	6	15	166	7.39	8.5	8.19812106572171	-999.9	3.4	9.21	9.85354109074404	330
ST._PETERS	2003	6	16	167	7.72	15	20.0909255879787	-999.9	0	3.99	10.7627947776864	330
ST._PETERS	2003	6	17	168	8.66	23	28.8156178609107	-999.9	0	5.04	12.1890555783852	330
ST._PETERS	2003	6	18	169	10.19	24	23.2139744937349	-999.9	0	8.29	12.6368022220798	330
ST._PETERS	2003	6	19	170	12.05	23	18.3552277919436	-999.9	3.4	7.07	14.7515509982172	330
ST._PETERS	2003	6	20	171	11.56	18.5	17.733804654087	-999.9	0	4.08	13.0655827224877	330
ST._PETERS	2003	6	21	172	10.78	27	26.8095888472462	-999.9	0	4.78	13.2699075722998	330
ST._PETERS	2003	6	22	173	12.24	26.5	25.0740777730175	-999.9	0	3.19	14.6181915580618	330
ST._PETERS	2003	6	23	174	11.09	27	25.9472243768229	-999.9	0	2.93	14.4102872306362	330
ST._PETERS	2003	6	24	175	10.52	19.5	20.0911319434632	-999.9	0	5.12	13.2993016306281	330
ST._PETERS	2003	6	25	176	10.9	25.5	26.7753134787708	-999.9	0	6.11	14.9992334101532	330
ST._PETERS	2003	6	26	177	14.06	28	24.1207727255325	-999.9	0	3.94	18.6963296158914	330
ST._PETERS	2003	6	27	178	16.15	31	24.5631992145064	-999.9	0	5.97	18.9138063635054	330
ST._PETERS	2003	6	28	179	15.62	25.5	20.0397053657556	-999.9	0	3.81	18.4118513035518	330
ST._PETERS	2003	6	29	180	15.62	25	20.5701480834266	-999.9	0	2.76	16.3666095352358	330
ST._PETERS	2003	6	30	181	15.1	25.5	23.0953878863474	-999.9	0	5.07	16.9906304003844	330
ST._PETERS	2003	7	1	182	15.94	21	16.312583208912	-999.9	3.8	4.99	17.0378601922921	330
ST._PETERS	2003	7	2	183	15.3	19	13.3027983753232	-999.9	1.8	4.67	15.1175485105302	330
ST._PETERS	2003	7	3	184	14.67	23	23.0103336413064	-999.9	6.8	7.14	16.0333773218405	330
ST._PETERS	2003	7	4	185	16.69	25	18.7607373057046	-999.9	4	5.04	18.4361249713779	330
ST._PETERS	2003	7	5	186	16.75	26.5	21.4597896137328	-999.9	0	5.22	19.8059453118849	330
ST._PETERS	2003	7	6	187	16.81	26	18.7005738823518	-999.9	0	4.81	18.7219573949767	330
ST._PETERS	2003	7	7	188	14.75	20.5	16.8266986148165	-999.9	0	6.5	15.6231417424115	330
ST._PETERS	2003	7	8	189	14.46	22.5	23.7519521098164	-999.9	3.4	7.86	15.4666079826969	330
ST._PETERS	2003	7	9	190	16.06	22	16.1042934896948	-999.9	0	6.94	16.7939198897954	330
ST._PETERS	2003	7	10	191	15.23	22	21.2594518652644	-999.9	0	6.23	14.7936909371662	330
ST._PETERS	2003	7	11	192	14.95	21	21.711907206143	-999.9	7	4.42	16.2409856698598	330
ST._PETERS	2003	7	12	193	14.77	25	23.0915784092757	-999.9	1	6.26	19.4792141690446	330
ST._PETERS	2003	7	13	194	16.95	26.5	21.1126578027544	-999.9	0	6.25	19.509184950703	330
ST._PETERS	2003	7	14	195	17.72	27	20.031444395006	-999.9	0	5.68	19.564589783003	330
ST._PETERS	2003	7	15	196	16.76	24.5	17.7515281304206	-999.9	9.2	5.21	18.5729993161403	330
ST._PETERS	2003	7	16	197	17.36	24.5	18.2834051973038	-999.9	2.4	5.01	19.5284919939588	330
ST._PETERS	2003	7	17	198	17.04	24.5	17.0537656281377	-999.9	6	4.63	20.0741675056641	330
ST._PETERS	2003	7	18	199	18.09	27.5	18.7366516499077	-999.9	2.6	2.83	20.4188777538522	330
ST._PETERS	2003	7	19	200	17.9	25	18.1213560845481	-999.9	9.4	4.62	19.6394608757003	330
ST._PETERS	2003	7	20	201	17.52	24	18.6195907665378	-999.9	0	3.41	19.6706377830234	330
ST._PETERS	2003	7	21	202	16.66	25	21.5861997637255	-999.9	0	4.81	18.7141033655531	330
ST._PETERS	2003	7	22	203	17.09	26.5	21.9753587961835	-999.9	1.8	7.04	19.6327575517126	330
ST._PETERS	2003	7	23	204	18.31	26	14.8250473387727	-999.9	25.6	4.29	21.3759328555055	330
ST._PETERS	2003	7	24	205	18.75	24.5	13.3610790975381	-999.9	9	4.8	21.4945509859406	330
ST._PETERS	2003	7	25	206	17.93	25	13.3110720294396	-999.9	0	8.39	21.2359575766471	330
ST._PETERS	2003	7	26	207	17.11	26	19.2659690742591	-999.9	1	8.34	19.1781838869572	330
ST._PETERS	2003	7	27	208	17.44	21.5	11.6475866384911	-999.9	2	7.37	19.7541721802213	330
ST._PETERS	2003	7	28	209	17.27	23	15.8081800323538	-999.9	0	11.35	17.3503253598769	330
ST._PETERS	2003	7	29	210	15.96	20	14.4803814550174	-999.9	0	7.2	16.4155782958162	330
ST._PETERS	2003	7	30	211	15.95	22	19.9212579543659	-999.9	0	2.72	14.9221998627692	330
ST._PETERS	2003	7	31	212	16.86	22.5	20.7560284984281	-999.9	0	1.89	16.047702812943	330
ST._PETERS	2003	8	1	213	17.1	26.5	21.9679637325828	-999.9	0	1.79	16.1587799306674	330
ST._PETERS	2003	8	2	214	17.62	23	14.854768183263	-999.9	0	4.13	19.4036468830383	330
ST._PETERS	2003	8	3	215	17.06	23.5	18.1064265443404	-999.9	0	1.27	18.5803473702718	330
ST._PETERS	2003	8	4	216	17.43	23	15.3122246056837	-999.9	0	2.48	19.3465687088237	330
ST._PETERS	2003	8	5	217	17.23	21	15.2355121554785	-999.9	16	7.85	18.2871764302798	330
ST._PETERS	2003	8	6	218	17.3	18	7.28137142750567	-999.9	55.2	7.88	19.5862114912306	330
ST._PETERS	2003	8	7	219	18.87	25.5	17.2421874537383	-999.9	3.6	2.96	22.4033458758324	330
ST._PETERS	2003	8	8	220	18.35	21	10.1884189347047	-999.9	2.8	4.21	21.357932638389	330
ST._PETERS	2003	8	9	221	19.27	24	13.0810351844599	-999.9	3	1.54	22.0683827148903	330
ST._PETERS	2003	8	10	222	18.62	26	16.4535827108007	-999.9	4	3.46	22.292902340342	330
ST._PETERS	2003	8	11	223	20.06	26.5	14.1676122741933	-999.9	1.6	7.15	23.2001292315443	330
ST._PETERS	2003	8	12	224	17.42	22.5	12.8575588454666	-999.9	0	3.92	17.2360636546464	330
ST._PETERS	2003	8	13	225	16.57	25.5	23.5666111787751	-999.9	0	4.53	18.2151214284188	330
ST._PETERS	2003	8	14	226	17	21	11.3542219772778	-999.9	0	3.78086419753086	18.2982115258956	330
ST._PETERS	2003	8	15	227	14	22.8	16.7359550575798	-999.9	0	2.22222222222222	17.0793124275968	330
ST._PETERS	2003	8	16	228	14.6	27.3	19.9773807602651	-999.9	0	5.68287037037036	18.447448172656	330
ST._PETERS	2003	8	17	229	14.2	22.1	15.6539249420125	-999.9	0	4.72222222222222	18.5887971785376	330
ST._PETERS	2003	8	18	230	6.2	17.8	18.8432997755331	-999.9	0.6	3.94675925925925	11.4178035964032	330
ST._PETERS	2003	8	19	231	7.3	25.4	23.3792467229575	-999.9	0	3.50694444444444	13.2492491613756	330
ST._PETERS	2003	8	20	232	13.4	23.1	16.9975027640033	-999.9	0	3.20601851851853	15.7759106889011	330
ST._PETERS	2003	8	21	233	12.1	25.5	19.8382886908589	-999.9	0	2.4537037037037	14.4620165555158	330
ST._PETERS	2003	8	22	234	18.6	29.1	17.4358572785855	-999.9	0	5.87962962962964	21.1712881173748	330
ST._PETERS	2003	8	23	235	11.6	25.8	20.1295352344931	-999.9	5.5	4.28240740740742	17.0784370090992	330
ST._PETERS	2003	8	24	236	8.7	16.3	14.6177706197035	-999.9	4.6	4.6875	10.8476818528845	330
ST._PETERS	2003	8	25	237	7.3	16	15.5225255572664	-999.9	0.6	4.81481481481481	10.0895084890433	330
ST._PETERS	2003	8	26	238	8.1	20.9	18.6844185991717	-999.9	0	2.8125	11.1208844937638	330
ST._PETERS	2003	8	27	239	13.2	22.4	15.7175048969813	-999.9	0	3.86574074074075	16.9418260946548	330
ST._PETERS	2003	8	28	240	13.5	20.2	13.3071555641308	-999.9	0	5.02314814814814	14.3375506077799	330
ST._PETERS	2003	8	29	241	10.1	19.7	15.8009962768824	-999.9	0	4.13194444444444	12.0141775058676	330
ST._PETERS	2003	8	30	242	13.4	20.1	13.092723402447	-999.9	1.6	5.28935185185186	15.7275670252336	330
ST._PETERS	2003	8	31	243	10	18	14.188088433781	-999.9	0	3.96990740740742	11.3483324592024	330
ST._PETERS	2003	9	1	244	10.9	22.1	16.6462583883796	-999.9	0	4.60648148148147	13.875694075526	330
ST._PETERS	2003	9	2	245	5.7	16.1	15.9035953786686	-999.9	0.6	3.79227053140097	9.10776912057063	330
ST._PETERS	2003	9	3	246	6.8	18.3	16.5783302802434	-999.9	0	2.84722222222222	10.7177027711352	330
ST._PETERS	2003	9	4	247	8.4	19.4	16.0710231620128	-999.9	21.2	4.43287037037036	13.8793573004711	330
ST._PETERS	2003	9	5	248	13.5	18.9	11.1594143346088	-999.9	5.2	2.63888888888889	17.4727386484021	330
ST._PETERS	2003	9	6	249	12.3	19.7	12.9449293300516	-999.9	0	2.33796296296296	15.9580237593226	330
ST._PETERS	2003	9	7	250	10.7	20.3	14.6083331751818	-999.9	0	3.77314814814814	14.4535277561076	330
ST._PETERS	2003	9	8	251	10.2	16.7	11.9081653565885	-999.9	0	4.30555555555556	11.9045573867571	330
ST._PETERS	2003	9	9	252	6.4	15.2	13.7244374072254	-999.9	0	4.29398148148147	9.12560009209647	330
ST._PETERS	2003	9	10	253	9	20.5	15.5385004034116	-999.9	0	5.34722222222222	11.767965024305	330
ST._PETERS	2003	9	11	254	4.2	14.1	14.2766637036486	-999.9	0	4.22453703703703	7.49229986559189	330
ST._PETERS	2003	9	12	255	4.4	23.8	19.7879589343188	-999.9	0	3.91203703703703	10.9981423023546	330
ST._PETERS	2003	9	13	256	13.4	24.5	14.8181771348992	-999.9	0	3.20048309178744	16.3548174490033	330
ST._PETERS	2003	9	14	257	12.7	27.4	16.8798039533341	-999.9	0	2.33796296296296	17.382636010171	330
ST._PETERS	2003	9	15	258	15	26.5	14.776634345007	-999.9	0	2.15277777777778	20.3288186851358	330
ST._PETERS	2003	9	16	259	16.5	26.7	13.7716885078343	-999.9	0	2.65046296296296	20.8442249618548	330
ST._PETERS	2003	9	17	260	14.3	22.6	12.2921964141965	-999.9	0	3.80787037037036	16.6966612300486	330
ST._PETERS	2003	9	18	261	10.6	21.2	13.743261452068	-999.9	0	3.31018518518519	12.5006824455421	330
ST._PETERS	2003	9	19	262	12.6	22.6	13.2046435772331	-999.9	0	2.11805555555556	15.8202574102422	330
ST._PETERS	2003	9	20	263	12.7	26.3	15.2310428937151	-999.9	0	2.28009259259259	17.8572110000528	330
ST._PETERS	2003	9	21	264	14.1	19.3	9.31406827915729	-999.9	3.5	2.91666666666667	17.2265901333853	330
ST._PETERS	2003	9	22	265	9.4	18.5	12.1837351999746	-999.9	0	1.84027777777778	13.9831250278093	330
ST._PETERS	2003	9	23	266	10.5	23.2	14.2307737576347	-999.9	1.4	4.53703703703703	16.8184301511485	330
ST._PETERS	2003	9	24	267	11.1	22.7	13.4452200534883	-999.9	6.9	4.57175925925925	15.8035248834068	330
ST._PETERS	2003	9	25	268	9.4	22.8	14.2839879794781	-999.9	0	3.41435185185186	14.5751758886677	330
ST._PETERS	2003	9	26	269	12.3	23.8	13.0782794523127	-999.9	0	3.02083333333333	16.0569020401232	330
ST._PETERS	2003	9	27	270	16.9	24.3	10.3673853925729	-999.9	0	4.13194444444444	20.4555408119968	330
ST._PETERS	2003	9	28	271	16.1	21	8.33586845330874	-999.9	6.3	6.09953703703703	18.1553597987115	330
ST._PETERS	2003	9	29	272	18.8	25.3	9.48543765404118	-999.9	16.9	7.37268518518519	23.2042041074472	330
ST._PETERS	2003	9	30	273	10.1	20.5	11.8526229632606	-999.9	0.6	4.14351851851853	13.2509945244427	330
ST._PETERS	2003	10	1	274	7.8	16.6	10.7692704481749	-999.9	0	2.26851851851852	12.3896483076578	330
ST._PETERS	2003	10	2	275	7.2	16.2	10.7563337971067	-999.9	1.1	2.1412037037037	12.1200652146033	330
ST._PETERS	2003	10	3	276	4.6	12.3	9.82513000226411	-999.9	1.9	4.95370370370369	8.43222394805	330
ST._PETERS	2003	10	4	277	2.2	15.5	12.7503334934046	-999.9	0	3.61111111111111	8.41553944727838	330
ST._PETERS	2003	10	5	278	5.6	16.1	11.1852853222426	-999.9	13.1	4.43287037037036	11.9141004808465	330
ST._PETERS	2003	10	6	279	3.1	13.6	11.0422810373198	-999.9	0	3.03240740740742	8.62888958888195	330
ST._PETERS	2003	10	7	280	4.6	11.5	8.83601910102847	-999.9	0	3.63425925925925	8.13399606630937	330
ST._PETERS	2003	10	8	281	5	17.5	11.7384983469597	-999.9	0	5.41666666666667	9.37213957910166	330
ST._PETERS	2003	10	9	282	2	13.2	10.9660644374894	-999.9	0	4.40972222222222	7.41167575572942	330
ST._PETERS	2003	10	10	283	1.5	16	12.3131802880296	-999.9	0	2.67361111111111	8.49626256417343	330
ST._PETERS	2003	10	11	284	9.5	23.9	12.1080337417602	-999.9	0	3.42592592592592	14.5861340279911	330
ST._PETERS	2003	10	12	285	10.9	21.5	10.2497832973572	-999.9	0	2.67361111111111	14.3294946587425	330
ST._PETERS	2003	10	13	286	11.6	16.9	7.1504590726599	-999.9	18.2	3.99305555555556	15.444113862826	330
ST._PETERS	2003	10	14	287	4.1	13.9	9.59201487033521	-999.9	0	5.08101851851853	8.66469555485494	330
ST._PETERS	2003	10	15	288	7.3	14.3	7.99677744961006	-999.9	6.4	6.55092592592592	10.5724737409027	330
ST._PETERS	2003	10	16	289	4.6	14.1	9.18897826169644	-999.9	0	5.81018518518519	8.54130035366887	330
ST._PETERS	2003	10	17	290	3.1	11.1	8.31691110299795	-999.9	0	4.42129629629631	6.90496374912404	330
ST._PETERS	2003	10	18	291	1.5	10.3	8.60288888338395	-999.9	5.3	2.58101851851852	7.04490675272762	330
ST._PETERS	2003	10	19	292	3.3	9.6	7.17853092428141	-999.9	5	5.16203703703703	7.74388872715919	330
ST._PETERS	2003	10	20	293	1.3	4.8	5.27643140105462	-999.9	2.3	4.14351851851853	5.57678879465022	330
ST._PETERS	2003	10	21	294	-1.2	14	10.8430141164909	-999.9	18.5	4.43287037037036	8.28198902125048	330
ST._PETERS	2003	10	22	295	7.7	13.8	6.77327193713771	-999.9	15.2	4.72222222222222	12.1873364650386	330
ST._PETERS	2003	10	23	296	5.2	11.4	6.7331880153201	-999.9	32.3	3.05555555555556	10.5035874103503	330
ST._PETERS	2003	10	24	297	3.3	7.3	5.33254780164928	-999.9	2	4.71064814814814	7.13780977143054	330
ST._PETERS	2003	10	25	298	2.8	7.9	5.93691734822417	-999.9	0	4.89583333333333	6.12166832086014	330
ST._PETERS	2003	10	26	299	5.4	12.7	7.00329813943506	-999.9	0	5.08101851851853	8.71853571706982	330
ST._PETERS	2003	10	27	300	10.3	18.4	7.27354304680684	-999.9	1.6	7.16435185185186	14.0757286326968	330
ST._PETERS	2003	10	28	301	7.6	19.1	8.54505430366329	-999.9	11.3	5.20833333333333	14.0974855073926	330
ST._PETERS	2003	10	29	302	9.2	18.9	7.73779822946728	-999.9	10	3.81944444444444	15.204898078959	330
ST._PETERS	2003	10	30	303	7.1	19.7	8.69538674251101	-999.9	11.6	7.23379629629631	12.4767891808128	330
ST._PETERS	2003	10	31	304	2.3	8.8	6.15803602835167	-999.9	0	3.86574074074075	6.8885270160103	330
ST._PETERS	2003	11	1	305	7	15.2	6.82005170582676	-999.9	0	6.07638888888889	10.3929334494075	330
ST._PETERS	2003	11	2	306	3.3	7.1	4.57809259252689	-999.9	0	6.63194444444444	5.76318702964541	330
ST._PETERS	2003	11	3	307	0.1	5.9	5.57749652991831	-999.9	0	2.97453703703703	5.35981772936324	330
ST._PETERS	2003	11	4	308	0.4	5.9	5.35628245779015	-999.9	0	7.89351851851853	4.71893725861416	330
ST._PETERS	2003	11	5	309	0.6	11	7.26413254028128	-999.9	7.4	4.375	7.15064822457598	330
ST._PETERS	2003	11	6	310	3.4	12.2	6.59060849771647	-999.9	0	4.49074074074075	9.12068956123769	330
ST._PETERS	2003	11	7	311	1.4	5.5	4.43740830968283	-999.9	0.8	2.67361111111111	6.52858888284961	330
ST._PETERS	2003	11	8	312	-2.7	4	5.59588164593503	-999.9	2.9	8.20601851851853	4.492804923362	330
ST._PETERS	2003	11	9	313	-3.3	0.1	3.93286344490665	-999.9	3	10.5787037037037	3.5603093936249	330
ST._PETERS	2003	11	10	314	-3.1	2.3	4.89050344437369	-999.9	0	5.77546296296297	3.89483572012158	330
ST._PETERS	2003	11	11	315	-1.8	3.7	4.87055833148963	-999.9	0.8	3.71527777777778	5.06943804069907	330
ST._PETERS	2003	11	12	316	1.1	6.7	4.85054004555488	-999.9	0.6	3.40277777777778	7.2559623903634	330
ST._PETERS	2003	11	13	317	-0.8	9.5	6.4934565277305	-999.9	18.9	5.13888888888889	7.76723163995552	330
ST._PETERS	2003	11	14	318	-1.2	5.2	5.05330838803081	-999.9	2.2	5.76388888888889	5.91024258321382	330
ST._PETERS	2003	11	15	319	-1.1	2.9	3.94472103282402	-999.9	0	8.22916666666667	4.92658614318328	330
ST._PETERS	2003	11	16	320	1.6	3.3	2.53973291364455	-999.9	0	7.65046296296297	5.28303090172715	330
ST._PETERS	2003	11	17	321	-3.3	1.8	4.34517854653117	-999.9	0	2.47685185185185	4.82494035082667	330
ST._PETERS	2003	11	18	322	-3.1	6.4	5.85908595816774	-999.9	0	1.84027777777778	6.11142144884739	330
ST._PETERS	2003	11	19	323	-0.2	9.4	5.82023792336483	-999.9	0	5.24305555555556	7.28750672012587	330
ST._PETERS	2003	11	20	324	9.3	15.3	4.54793563848103	-999.9	0	6.94444444444444	13.0040419300815	330
ST._PETERS	2003	11	21	325	8.1	17.2	5.53725412570614	-999.9	0	5.10416666666667	13.1719576019479	330
ST._PETERS	2003	11	22	326	3.1	9.4	4.55602014639418	-999.9	1.3	6.07638888888889	8.66048578882054	330
ST._PETERS	2003	11	23	327	2.7	4	2.04710531077315	-999.9	0	5.89120370370369	6.79585500854798	330
ST._PETERS	2003	11	24	328	3.6	6.3	2.91890590233104	-999.9	0.6	2.40740740740741	8.44302746585252	330
ST._PETERS	2003	11	25	329	2.2	9.2	4.65134425455239	-999.9	0.7	4.39814814814814	8.61885483188688	330
ST._PETERS	2003	11	26	330	-1.5	5.1	4.47114948334036	-999.9	0	2.92824074074075	5.20029812413472	330
ST._PETERS	2003	11	27	331	-2	6.3	4.96518519435013	-999.9	0	2.37268518518519	5.97127096477653	330
ST._PETERS	2003	11	28	332	-0.9	5.7	4.38585070734246	-999.9	1.1	2.21064814814815	6.11778728784184	330
ST._PETERS	2003	11	29	333	2.3	15.6	6.16927671971843	-999.9	12.4	8.46064814814814	10.4226105066714	330
ST._PETERS	2003	11	30	334	0.3	3.7	3.09186297964096	-999.9	0	7.63888888888889	4.60177808328193	330
ST._PETERS	2003	12	1	335	-1.6	6.9	4.84744635467231	-999.9	3.5	4.88425925925925	6.2435324683365	330
ST._PETERS	2003	12	2	336	-7.1	-1.4	3.93748285157327	-999.9	0	6.70138888888889	2.96044675870202	330
ST._PETERS	2003	12	3	337	-8	-1.7	4.10760378104304	-999.9	2.1	6.67824074074075	3.2544107410464	330
ST._PETERS	2003	12	4	338	-9.3	-2.7	4.17340799372107	-999.9	1.5	7.82407407407408	3.43991886446618	330
ST._PETERS	2003	12	5	339	-12.4	-4	4.67548662443721	-999.9	4.3	3.84259259259258	2.87991449400276	330
ST._PETERS	2003	12	6	340	-13	-0.1	5.75601579096509	-999.9	0	4.64120370370369	2.88397605916723	330
ST._PETERS	2003	12	7	341	-1.3	1.4	2.6171244346798	-999.9	15.9	10.3356481481481	5.82935161508814	330
ST._PETERS	2003	12	8	342	0.4	1.8	1.87370359666878	-999.9	2.7	10.1273148148148	6.26075805635129	330
ST._PETERS	2003	12	9	343	-1.4	1.6	2.72818796174357	-999.9	0.6	7.15277777777778	4.75776068628714	330
ST._PETERS	2003	12	10	344	-8.9	-1.3	4.32098573294741	-999.9	0	3.29861111111111	3.35438384921155	330
ST._PETERS	2003	12	11	345	-8.4	4.6	5.6259858261864	-999.9	0	4.15509259259258	4.66627094393123	330
ST._PETERS	2003	12	12	346	-3.5	7.8	5.22406260056303	-999.9	5.9	8.94675925925925	6.10609645068468	330
ST._PETERS	2003	12	13	347	-7.8	-3.5	3.21099276067127	-999.9	0	8.65740740740742	2.46517859472162	330
ST._PETERS	2003	12	14	348	-9.8	-4.8	3.45161250416039	-999.9	0.6	5.50925925925925	2.89552206745326	330
ST._PETERS	2003	12	15	349	-9.6	3.5	5.57189041544785	-999.9	33.7	5	4.4643916355365	330
ST._PETERS	2003	12	16	350	-0.2	3.6	2.99425138432622	-999.9	2.1	6.71296296296297	6.59131546990163	330
ST._PETERS	2003	12	17	351	-1.7	3.1	3.35929158606795	-999.9	0.6	3.48379629629631	5.72496339934991	330
ST._PETERS	2003	12	18	352	1.3	7	3.65592568917181	-999.9	4.8	9.35185185185186	6.78580718164473	330
ST._PETERS	2003	12	19	353	-5.2	2.8	4.32753768671538	-999.9	0	4.78009259259258	4.13976167354466	330
ST._PETERS	2003	12	20	354	-7.2	-1.9	3.5210597048948	-999.9	0	2.58101851851852	3.41270992308287	330
ST._PETERS	2003	12	21	355	-8.2	-3.7	3.24477985023082	-999.9	0.8	3.51851851851853	3.03426033931753	330
ST._PETERS	2003	12	22	356	-9.3	-0.4	4.56584780940623	-999.9	0	4.40972222222222	2.91829946779079	330
ST._PETERS	2003	12	23	357	-0.4	3.7	3.10219735908674	-999.9	0	2.99768518518519	5.88882000534633	330
ST._PETERS	2003	12	24	358	2.5	10.3	4.28527687884267	-999.9	0	4.76851851851853	8.32623471296187	330
ST._PETERS	2003	12	25	359	8.3	12.6	3.18802739178539	-999.9	19.8	5.35879629629631	12.3445093353388	330
ST._PETERS	2003	12	26	360	0.2	10.1	4.84911645023279	-999.9	0.6	4.72222222222222	7.39923626991727	330
ST._PETERS	2003	12	27	361	-0.1	0.6	1.29315551425514	-999.9	0	2.80864197530864	5.95796526501232	330
ST._PETERS	2003	12	28	362	-0.23	0.5	2.46735909237032	-999.9	0	8.31	5.17672380479659	330
ST._PETERS	2003	12	29	363	0.4	7.5	5.64774654739969	-999.9	0	4.47	6.07170913231751	330
ST._PETERS	2003	12	30	364	0.76	8.5	5.2171521172047	-999.9	8	6.81	6.78666124007918	330
ST._PETERS	2003	12	31	365	-2.88	2.5	3.16075453634058	-999.9	0	11.95	5.24018742964611	330
