ST._PETERS	2019	1	1	1	-11.6	-4.6	4.17693324782996	-999.9	0	3.17460317460317	2.93454082928363	330
ST._PETERS	2019	1	2	2	-8.68	-2.76	2.96	-999.9	0.46	14.78	3.06975955633733	330
ST._PETERS	2019	1	3	3	-10.77	-7.49	2.48	-999.9	0.05	4.96	2.73697625499359	330
ST._PETERS	2019	1	4	4	-7.2	-0.67	2.75	-999.9	1.79	6	4.33931534724894	330
ST._PETERS	2019	1	5	5	-2.01	0.56	3.37	-999.9	2.11	4.06	5.61713691038424	330
ST._PETERS	2019	1	6	6	-1.09	0.38	1.84	-999.9	7.91	11.58	5.57877426426946	330
ST._PETERS	2019	1	7	7	-5.12	-1.24	3.68	-999.9	0.54	14.35	3.50332757252522	330
ST._PETERS	2019	1	8	8	-5.87	-3.39	2.85	-999.9	0.02	4.28	3.58315769590638	330
ST._PETERS	2019	1	9	9	-4.33	1.43	1.46	-999.9	11.56	11.61	5.26994266087021	330
ST._PETERS	2019	1	10	10	-1.7	1.3	2.91602234658425	-999.9	0	5.79365079365081	4.94092943277381	330
ST._PETERS	2019	1	11	11	-12.3	-1.7	5.53085782353028	-999.9	0	4.98842592592592	2.97085860488541	330
ST._PETERS	2019	1	12	12	-15.9	-12.2	3.29833716227089	-999.9	0.2	5.47453703703703	1.54730643401875	330
ST._PETERS	2019	1	13	13	-14.7	-10.2	3.67278589935677	-999.9	0	4.36342592592592	1.96293827292411	330
ST._PETERS	2019	1	14	14	-16.7	-7.2	5.38991673446302	-999.9	0	1.875	1.98169818316695	330
ST._PETERS	2019	1	15	15	-15	-3.4	6.01742920597961	-999.9	0	3.41435185185186	2.54983463198198	330
ST._PETERS	2019	1	16	16	-13.6	-0.3	6.51171614790952	-999.9	0.3	3.64583333333333	3.06175687938471	330
ST._PETERS	2019	1	17	17	-18.3	-1.3	7.44222281916056	-999.9	0.1	6.38888888888889	2.06567402291824	330
ST._PETERS	2019	1	18	18	-18.2	-4.6	6.73088450753958	-999.9	0	3.42995169082125	1.77124715698343	330
ST._PETERS	2019	1	19	19	-14.4	-1.7	6.5786972266418	-999.9	0	5.96064814814814	2.56606762987669	330
ST._PETERS	2019	1	20	20	-13.9	10.7	9.26289592013657	-999.9	26.6	4.02777777777778	4.88206003752016	330
ST._PETERS	2019	1	21	21	-8.7	10.2	8.21584288645959	-999.9	7.7	4.52546296296297	6.10245601753237	330
ST._PETERS	2019	1	22	22	-11.3	-4.8	4.87658356829638	-999.9	0.9	6.30434782608695	2.75675142151396	330
ST._PETERS	2019	1	23	23	-12.1	-1.6	6.27454423932951	-999.9	4.7	4.45601851851853	2.8353922621711	330
ST._PETERS	2019	1	24	24	-1.6	11.9	7.20391811054588	-999.9	13.4	4.75694444444445	8.48002545704558	330
ST._PETERS	2019	1	25	25	-3.1	12.1	7.74138909778187	-999.9	0	6.84027777777778	6.50349921523293	330
ST._PETERS	2019	1	26	26	-6.2	-2.4	3.92066837137162	-999.9	0	3.26388888888889	2.51200699198475	330
ST._PETERS	2019	1	27	27	-4.3	1.6	4.94921915879168	-999.9	0	2.90509259259258	4.635804296183	330
ST._PETERS	2019	1	28	28	-12.1	2.8	7.96916054792398	-999.9	0.5	5.33564814814814	3.42726305708322	330
ST._PETERS	2019	1	29	29	-11.9	-6.2	4.99490608894369	-999.9	0	2.8125	2.44765729503243	330
ST._PETERS	2019	1	30	30	-8.2	2	6.77200878240238	-999.9	4.2	4.58333333333333	4.42164096323998	330
ST._PETERS	2019	1	31	31	-16.1	-3.5	7.62926588031145	-999.9	0	6.25	1.78188743840176	330
ST._PETERS	2019	2	1	32	-16.6	-11	5.15607947984	-999.9	0	6.59722222222222	1.13541787661579	330
ST._PETERS	2019	2	2	33	-15.2	-9.3	5.36566301197522	-999.9	0.5	5.83333333333333	1.5542152601544	330
ST._PETERS	2019	2	3	34	-14.2	-7.6	5.75414174011629	-999.9	0	5.75231481481481	1.93232052051744	330
ST._PETERS	2019	2	4	35	-11.1	1.5	8.06195320952813	-999.9	0.8	4.62962962962964	3.73604280239909	330
ST._PETERS	2019	2	5	36	-4.4	6.9	7.7423313886454	-999.9	0	3.91203703703703	6.07617237940178	330
ST._PETERS	2019	2	6	37	-7.6	-1.2	5.90917951186814	-999.9	0	5.34722222222222	3.79698968101313	330
ST._PETERS	2019	2	7	38	-6.6	-3.9	3.89266452941512	-999.9	1.1	1.59722222222222	3.66273603642826	330
ST._PETERS	2019	2	8	39	-6.1	6.2	8.42684488692975	-999.9	7.3	4.09722222222222	5.75137707083333	330
ST._PETERS	2019	2	9	40	-11.6	-0.2	8.22863850997508	-999.9	0	10.5092592592593	2.49215899467052	330
ST._PETERS	2019	2	10	41	-11.2	-6.9	5.12607654132082	-999.9	0	11.6435185185185	1.78598285112377	330
ST._PETERS	2019	2	11	42	-13	-9.7	4.55503630722249	-999.9	0	10.0694444444444	1.65323971356513	330
ST._PETERS	2019	2	12	43	-10.3	-5.5	5.57243295569472	-999.9	0	5.69444444444445	2.61432936146558	330
ST._PETERS	2019	2	13	44	-9.5	-0.6	7.69680850219959	-999.9	18.3	3.18287037037036	3.83258060682761	330
ST._PETERS	2019	2	14	45	-7.9	-2.5	6.08139105613005	-999.9	0	6.78240740740742	3.54808644393293	330
ST._PETERS	2019	2	15	46	-13.1	-1.3	9.11870792013481	-999.9	0.3	3.18287037037036	2.63600481356448	330
ST._PETERS	2019	2	16	47	-2.6	6.6	8.16705341021089	-999.9	19.8	5.38194444444445	6.52755427731262	330
ST._PETERS	2019	2	17	48	-10.8	-2.4	7.91553716823861	-999.9	0	5.9375	2.79023902582485	330
ST._PETERS	2019	2	18	49	-12.1	-9.2	4.71733111872433	-999.9	0	4.46759259259258	2.00754723127508	330
ST._PETERS	2019	2	19	50	-13.7	-10	5.40430115898119	-999.9	0	7.71990740740742	1.77120344303505	330
ST._PETERS	2019	2	20	51	-14.8	-10.6	5.83964986225243	-999.9	0.2	8.09027777777778	1.58068898326592	330
ST._PETERS	2019	2	21	52	-16.1	-8.5	7.96658443911353	-999.9	5.3	2.09490740740741	1.99379406732174	330
ST._PETERS	2019	2	22	53	-14.3	-7.2	7.80863498819956	-999.9	0.4	3.17129629629631	2.30016566564183	330
ST._PETERS	2019	2	23	54	-15.8	-7.6	8.50958889307546	-999.9	0	3.92361111111111	1.90798640436163	330
ST._PETERS	2019	2	24	55	-15	-5.8	9.13953790768076	-999.9	3.2	2.4537037037037	1.87936487081662	330
ST._PETERS	2019	2	25	56	-7.3	1.1	8.85461206509979	-999.9	6.6	8.63425925925925	4.1488509590622	330
ST._PETERS	2019	2	26	57	-15.7	-5.4	9.94070075637914	-999.9	0.2	10.3356481481481	2.06585298799207	330
ST._PETERS	2019	2	27	58	-15.4	-7.7	8.71323192038187	-999.9	0.2	9.90740740740742	1.85999874329825	330
ST._PETERS	2019	2	28	59	-14.8	-8.6	7.92556996850156	-999.9	0	6.92129629629631	1.59906434657531	330
ST._PETERS	2019	3	1	60	-10.6	-2.2	9.35058008179516	-999.9	0	6.41203703703703	2.24162518046565	330
ST._PETERS	2019	3	2	61	-9.7	-2	9.07340688759339	-999.9	0	2.89351851851853	2.73280397696013	330
ST._PETERS	2019	3	3	62	-10.5	-3.5	8.76719077885789	-999.9	0.8	3.64583333333333	2.94813403626059	330
ST._PETERS	2019	3	4	63	-8.5	-3	7.87477237866792	-999.9	21.2	4.25925925925925	3.608231534433	330
ST._PETERS	2019	3	5	64	-10.9	-2	10.1497255601308	-999.9	0.2	5.19675925925925	3.01421644931687	330
ST._PETERS	2019	3	6	65	-15.2	-5.8	10.5677351667604	-999.9	0.2	2.91666666666667	2.08577267826501	330
ST._PETERS	2019	3	7	66	-15.9	-10.2	8.33621524784329	-999.9	0	4.97474747474747	1.34210184710704	330
ST._PETERS	2019	3	8	67	-17.8	-5	12.653293332715	-999.9	0	5.08101851851853	1.46094737005023	330
ST._PETERS	2019	3	9	68	-14.2	-2.2	12.4081999472834	-999.9	0	4.00462962962964	2.46573695411742	330
ST._PETERS	2019	3	10	69	-13.9	-1.5	12.7732076952409	-999.9	2	2.61574074074074	2.45712293158369	330
ST._PETERS	2019	3	11	70	-2.6	5.9	10.7082860326749	-999.9	2	5.96064814814814	5.8525130368882	330
ST._PETERS	2019	3	12	71	-1.7	0.6	5.63956025342798	-999.9	0.5	4.23611111111111	4.79314368765983	330
ST._PETERS	2019	3	13	72	-4.8	-0.1	8.16111772613003	-999.9	0	2.96296296296297	3.97836964515752	330
ST._PETERS	2019	3	14	73	-4.5	7.7	13.3090715220608	-999.9	0	3.07870370370369	4.40588892183589	330
ST._PETERS	2019	3	15	74	-1.3	8.1	11.8234948161324	-999.9	2.8	6.18055555555556	6.39130098979621	330
ST._PETERS	2019	3	16	75	-2.1	9.3	13.1763372725267	-999.9	1.7	4.84953703703703	6.93879418342065	330
ST._PETERS	2019	3	17	76	-6.3	-0.9	9.17582388673835	-999.9	0	7.48842592592592	2.44552678778267	330
ST._PETERS	2019	3	18	77	-8	-1.9	9.8665193567751	-999.9	0	4.74537037037036	2.50571843395321	330
ST._PETERS	2019	3	19	78	-9.4	-2.2	10.8432768828725	-999.9	0	3.34490740740742	2.63082141985118	330
ST._PETERS	2019	3	20	79	-8	2.8	13.4321419814128	-999.9	0	4.43287037037036	2.92210645833228	330
ST._PETERS	2019	3	21	80	-2.6	9	14.0781262589043	-999.9	0	5.67129629629631	4.51306678516405	330
ST._PETERS	2019	3	22	81	-0.5	7.1	11.5225353776552	-999.9	17	4.87268518518519	6.63137452551143	330
ST._PETERS	2019	3	23	82	-1.3	5.9	11.339017426746	-999.9	0.2	5.59027777777778	6.45154909645749	330
ST._PETERS	2019	3	24	83	-1	7.4	12.3810906935043	-999.9	0	5.32407407407408	4.96340844583616	330
ST._PETERS	2019	3	25	84	-7	-0.7	10.8378083704671	-999.9	0.5	2.71990740740741	3.14475379354045	330
ST._PETERS	2019	3	26	85	-7	-1	10.6890794819125	-999.9	0	3.73842592592592	2.96707880417302	330
ST._PETERS	2019	3	27	86	-5.7	-1.9	8.59589838290247	-999.9	0	3.42592592592592	2.76657807068474	330
ST._PETERS	2019	3	28	87	-5.6	7.7	16.2480472987279	-999.9	0	6.41203703703703	4.06324806082062	330
ST._PETERS	2019	3	29	88	1	9.6	13.1990100370492	-999.9	1.2	6.19212962962964	6.78371476971465	330
ST._PETERS	2019	3	30	89	-0.7	4.5	10.3669577391038	-999.9	0	3.20601851851853	5.70685201648262	330
ST._PETERS	2019	3	31	90	3.4	15.2	15.7720737569476	-999.9	0	5.32407407407408	9.78280584602042	330
ST._PETERS	2019	4	1	91	-2.1	8.2	14.8800731080216	-999.9	8.6	6.41203703703703	6.39765633200709	330
ST._PETERS	2019	4	2	92	-2.5	7.6	14.8773726567989	-999.9	0	6.51620370370369	3.79172389487833	330
ST._PETERS	2019	4	3	93	-1.1	6.1	12.680935782311	-999.9	20.4	6.62037037037036	6.16761718828517	330
ST._PETERS	2019	4	4	94	-3.3	3.3	12.2551011058061	-999.9	0	11.5972222222222	3.452360625	330
ST._PETERS	2019	4	5	95	-3.5	3	12.2744448986298	-999.9	0	8.18287037037036	3.102601555186	330
ST._PETERS	2019	4	6	96	-0.8	4.3	10.9716240989595	-999.9	0.9	5.10416666666667	5.60793627496274	330
ST._PETERS	2019	4	7	97	-3.6	5	14.3752745324025	-999.9	0	5.65972222222222	4.26412922366993	330
ST._PETERS	2019	4	8	98	-5.4	-2.1	8.98349819804534	-999.9	0	4.31712962962964	2.6861693370434	330
ST._PETERS	2019	4	9	99	-5	-0.6	10.4635012598963	-999.9	0	3.09027777777778	3.13298522187667	330
ST._PETERS	2019	4	10	100	-4.3	0.8	11.3615776568826	-999.9	0.6	3.125	4.15295435622983	330
ST._PETERS	2019	4	11	101	-2.7	3.5	12.6326090644557	-999.9	0	4.05092592592592	5.12824780048431	330
ST._PETERS	2019	4	12	102	-2.2	4.6	13.3393987555248	-999.9	0	2.7662037037037	4.0747546275109	330
ST._PETERS	2019	4	13	103	2.4	13.5	17.1818114572196	-999.9	7	5.10416666666667	8.85763325778423	330
ST._PETERS	2019	4	14	104	2.4	9.7	14.0454540436041	-999.9	0.7	3.72685185185186	6.69472088681901	330
ST._PETERS	2019	4	15	105	1.7	11.9	16.7333438829097	-999.9	15.8	4.95370370370369	9.22846932958864	330
ST._PETERS	2019	4	16	106	-0.4	2.3	8.67589758851263	-999.9	1.4	7.69675925925925	6.27356703301263	330
ST._PETERS	2019	4	17	107	-3.2	1.5	11.5338189409363	-999.9	0.5	6.74768518518519	5.10478689117462	330
ST._PETERS	2019	4	18	108	-3	9.3	18.7979464225822	-999.9	0.8	2.85879629629631	5.04338459722377	330
ST._PETERS	2019	4	19	109	0.8	14.7	20.1298761022344	-999.9	10.8	7.39583333333333	9.53244884725473	330
ST._PETERS	2019	4	20	110	1.5	8.2	14.0763278598942	-999.9	17.6	2.15277777777778	8.46045994090683	330
ST._PETERS	2019	4	21	111	8.2	19.4	18.3282881626662	-999.9	0.5	6.04166666666667	14.1525332926587	330
ST._PETERS	2019	4	22	112	1.6	13.5	19.0234893990807	-999.9	0.8	3.49537037037036	9.70898951384001	330
ST._PETERS	2019	4	23	113	1.8	7.4	13.1388589192626	-999.9	17.5	3.41435185185186	7.70991943308006	330
ST._PETERS	2019	4	24	114	1.9	5.1	9.99836385795405	-999.9	5.2	2.91666666666667	7.51428423506646	330
ST._PETERS	2019	4	25	115	-0.9	2.6	10.5249953358	-999.9	4.3	4.17824074074075	6.23794571596781	330
ST._PETERS	2019	4	26	116	-0.8	5.1	13.7528188641472	-999.9	0	3.29861111111111	6.23492969277469	330
ST._PETERS	2019	4	27	117	1.8	5.2	10.5057520998134	-999.9	9.8	7.73148148148147	7.04115046600237	330
ST._PETERS	2019	4	28	118	2.7	10.2	15.6994595877338	-999.9	0	5.34722222222222	7.86366611779732	330
ST._PETERS	2019	4	29	119	-0.4	5	13.4017652359572	-999.9	0	5.06944444444445	4.97897848884699	330
ST._PETERS	2019	4	30	120	-2.7	7.2	18.2531876005426	-999.9	0	4.90740740740742	4.1883770560725	330
ST._PETERS	2019	5	1	121	-1.8	5.5	15.7646288662081	-999.9	0	5.72916666666667	4.89158744269939	330
ST._PETERS	2019	5	2	122	-1.7	4.6	14.7278472426035	-999.9	0	3.49537037037036	5.36612571542567	330
ST._PETERS	2019	5	3	123	-1.3	11.9	21.4362285820289	-999.9	0	2.70833333333333	5.7177024487595	330
ST._PETERS	2019	5	4	124	3.8	8.5	12.8602309967987	-999.9	1	2.60416666666667	8.08073230040874	330
ST._PETERS	2019	5	5	125	0.7	11.4	19.5063688061744	-999.9	0.2	2.58101851851852	8.28954693323257	330
ST._PETERS	2019	5	6	126	-0.8	11.9	21.3608064039794	-999.9	0	2.4537037037037	6.49694080773507	330
ST._PETERS	2019	5	7	127	2.4	20.2	25.4158025319426	-999.9	8.4	3.90046296296297	8.13409842728967	330
ST._PETERS	2019	5	8	128	3	8.8	14.5791742892722	-999.9	0.2	5.28935185185186	7.30136778178445	330
ST._PETERS	2019	5	9	129	0.5	5.9	14.1347533471603	-999.9	0	4.91898148148147	6.85806014680667	330
ST._PETERS	2019	5	10	130	0.9	10	18.4345290398204	-999.9	8.2	2.37268518518519	7.39404450772194	330
ST._PETERS	2019	5	11	131	3.9	9.3	14.2651403845821	-999.9	0	4.69907407407408	8.84547718594876	330
ST._PETERS	2019	5	12	132	1.6	5.5	12.1766370895997	-999.9	0	5.70601851851853	6.66746317577139	330
ST._PETERS	2019	5	13	133	0.9	7.6	16.0286395090437	-999.9	0	3.09027777777778	6.74783979659991	330
ST._PETERS	2019	5	14	134	1.4	10.9	19.1661028322134	-999.9	2.1	3.125	6.59350360091667	330
ST._PETERS	2019	5	15	135	2.7	6	11.3420227887141	-999.9	0.2	4.28240740740742	7.18967723680425	330
ST._PETERS	2019	5	16	136	2.5	5.6	11.0363366156537	-999.9	0.4	3.81944444444444	7.60889837319423	330
ST._PETERS	2019	5	17	137	3	7.9	13.9284218459808	-999.9	0.5	2.36111111111111	7.75551049300312	330
ST._PETERS	2019	5	18	138	2.9	4.3	7.47269268067174	-999.9	12.7	4.80324074074075	7.43513139253515	330
ST._PETERS	2019	5	19	139	3.6	10.8	17.007412654892	-999.9	0	2.96296296296297	7.67913552283062	330
ST._PETERS	2019	5	20	140	4.8	7.4	10.2557504011203	-999.9	13.5	2.87037037037036	8.47472217366124	330
ST._PETERS	2019	5	21	141	2.8	7.2	13.3864662080608	-999.9	40.8	3.17129629629631	8.40287471958171	330
ST._PETERS	2019	5	22	142	3.2	6.3	11.2727418038437	-999.9	0	6.44675925925925	7.48728821338513	330
ST._PETERS	2019	5	23	143	1.4	9.1	17.8218849300067	-999.9	0.2	3.25231481481481	6.72927040455707	330
ST._PETERS	2019	5	24	144	1.9	11	19.4329693464215	-999.9	0	2.69675925925926	7.02701199875586	330
ST._PETERS	2019	5	25	145	1	13.6	22.933204939876	-999.9	0	2.33796296296296	7.55646300948512	330
ST._PETERS	2019	5	26	146	5.9	16.6	21.1925570876109	-999.9	0.2	4.13194444444444	9.44375123249892	330
ST._PETERS	2019	5	27	147	2	12.6	21.1498623805639	-999.9	2.4	3.32175925925925	9.16959242883727	330
ST._PETERS	2019	5	28	148	4.7	12.2	17.8360914162532	-999.9	0.2	2.95138888888889	7.42462890579953	330
ST._PETERS	2019	5	29	149	4.3	17.2	23.4492962440419	-999.9	0	3.94675925925925	7.74081440135691	330
ST._PETERS	2019	5	30	150	3.4	15.1	22.3843964811349	-999.9	0	2.51157407407408	9.14265051824664	330
ST._PETERS	2019	5	31	151	6.1	13.3	17.5989981861624	-999.9	0	4.13194444444444	10.2458838005687	330
ST._PETERS	2019	6	1	152	4.7	17.6	23.6068295570101	-999.9	0	2.80092592592592	8.90394930583282	330
ST._PETERS	2019	6	2	153	7.8	12.8	14.72654673396	-999.9	31.3	5.08101851851853	10.8127871013907	330
ST._PETERS	2019	6	3	154	8.4	22.2	24.5121094527017	-999.9	1.2	4.64120370370369	14.7928226469355	330
ST._PETERS	2019	6	4	155	8.8	15.9	17.6135856795418	-999.9	0.2	3.29861111111111	10.3308931554953	330
ST._PETERS	2019	6	5	156	7.9	16.5	19.4176927723202	-999.9	0	4.67171717171717	10.1347828750439	330
ST._PETERS	2019	6	6	157	6.4	11.5	14.9766861074551	-999.9	14.3	2.32638888888889	10.9058521408608	330
ST._PETERS	2019	6	7	158	5.7	18	23.2926002567672	-999.9	0.3	2.25694444444444	10.1187132096368	330
ST._PETERS	2019	6	8	159	7.6	13.8	16.5595552941771	-999.9	0	4.17824074074075	9.48492001056388	330
ST._PETERS	2019	6	9	160	5.3	16	21.7813520643087	-999.9	0	2.90509259259258	8.13377646762884	330
ST._PETERS	2019	6	10	161	5.1	13.4	19.2054685302992	-999.9	0.6	2.55787037037037	8.45948040592748	330
ST._PETERS	2019	6	11	162	7	25.1	28.3903619437294	-999.9	3.7	3.84259259259258	11.7810901747162	330
ST._PETERS	2019	6	12	163	9.9	20.8	22.0517778109442	-999.9	13	6.25	11.6455163948197	330
ST._PETERS	2019	6	13	164	11.1	25.6	25.4545882275672	-999.9	3.6	3.46064814814814	11.8341326695884	330
ST._PETERS	2019	6	14	165	10.9	16.9	16.3856046642586	-999.9	3.6	5.37037037037036	13.9325094586347	330
ST._PETERS	2019	6	15	166	11.9	20.9	20.080105188645	-999.9	0	3.04398148148147	15.5588944804376	330
ST._PETERS	2019	6	16	167	11.8	21.7	21.0704283327358	-999.9	0	3.32175925925925	14.538414941749	330
ST._PETERS	2019	6	17	168	9.8	20.3	21.7077421261544	-999.9	0	2.2337962962963	15.4589673587109	330
ST._PETERS	2019	6	18	169	7.8	18.9	22.3253855292513	-999.9	0	2.5	11.8079303793671	330
ST._PETERS	2019	6	19	170	11.4	26.3	25.8702934183937	-999.9	0	3.28703703703703	13.0270497343116	330
ST._PETERS	2019	6	20	171	13.3	24	21.9242198049109	-999.9	1.2	3.87731481481481	15.436453102255	330
ST._PETERS	2019	6	21	172	9.5	14.4	14.8356867750133	-999.9	62.4	2.91666666666667	13.4009575612461	330
ST._PETERS	2019	6	22	173	9.6	14.3	14.52744490804	-999.9	9.2	7.12962962962964	12.2986664011139	330
ST._PETERS	2019	6	23	174	11.8	17.5	15.9941725499282	-999.9	0	5.28935185185186	12.2914109284079	330
ST._PETERS	2019	6	24	175	9.1	15.6	17.0733374554505	-999.9	0	3.15972222222222	10.27065471144	330
ST._PETERS	2019	6	25	176	8.6	16.5	18.8133461685472	-999.9	0	2.69675925925926	10.4050430740915	330
ST._PETERS	2019	6	26	177	10.1	21.5	22.5865051782636	-999.9	0	2.62731481481481	13.1794644046695	330
ST._PETERS	2019	6	27	178	11.6	14.1	10.5697344204002	-999.9	16.3	2.7662037037037	12.7107514177563	330
ST._PETERS	2019	6	28	179	11.2	17.3	16.4971826527353	-999.9	11.4	2.16435185185185	14.8918078041554	330
ST._PETERS	2019	6	29	180	13.6	21.6	18.8753046927572	-999.9	0.7	1.62037037037037	18.2282369841269	330
ST._PETERS	2019	6	30	181	11.7	16	13.8242192112278	-999.9	6.6	2.70833333333333	15.0436676184558	330
ST._PETERS	2019	7	1	182	11.4	14.7	12.0968982215195	-999.9	3.9	5.53240740740742	14.2728535954826	330
ST._PETERS	2019	7	2	183	9.5	12.8	12.0819749714287	-999.9	1.1	3.95833333333333	12.5879583311211	330
ST._PETERS	2019	7	3	184	9.6	17.3	18.4307675790331	-999.9	0.4	3.40277777777778	13.2057080309867	330
ST._PETERS	2019	7	4	185	12.3	20.8	19.3364956226316	-999.9	0	2.90509259259258	15.6791408927584	330
ST._PETERS	2019	7	5	186	14	30.4	26.8172088657459	-999.9	0	2.21064814814815	19.2590294149969	330
ST._PETERS	2019	7	6	187	17	29.3	23.1857202770791	-999.9	2.3	5.625	20.5228301103577	330
ST._PETERS	2019	7	7	188	11.7	20.4	19.465117428743	-999.9	0	4.30555555555556	12.9307151529306	330
ST._PETERS	2019	7	8	189	11.8	25.5	24.3803514849593	-999.9	0	3.71527777777778	13.7674035266167	330
ST._PETERS	2019	7	9	190	13.3	19.3	16.1023928845224	-999.9	0	3.81944444444444	13.4907497165355	330
ST._PETERS	2019	7	10	191	11.7	17	15.1022133360481	-999.9	0	3.00925925925925	12.593941856353	330
ST._PETERS	2019	7	11	192	11.8	17.2	15.2103808979985	-999.9	0	2.80092592592592	12.2675098515059	330
ST._PETERS	2019	7	12	193	13.6	19.6	15.9960207074665	-999.9	3.8	3.49537037037036	15.3946403523656	330
ST._PETERS	2019	7	13	194	15.2	20.7	15.2778865162508	-999.9	2	3.21759259259258	17.5536248491298	330
ST._PETERS	2019	7	14	195	15.4	25.8	20.9554302406984	-999.9	5	3.78472222222222	20.1306885509626	330
ST._PETERS	2019	7	15	196	14.7	20	14.9199747123027	-999.9	0.3	3.40277777777778	17.5638879153642	330
ST._PETERS	2019	7	16	197	14	26.1	22.4814967583033	-999.9	0.2	2.30324074074074	18.150385505524	330
ST._PETERS	2019	7	17	198	16.8	28.6	22.1374679210669	-999.9	8.1	5.28935185185186	21.0536347282299	330
ST._PETERS	2019	7	18	199	14.7	21.7	16.9997390096215	-999.9	0	4.20138888888889	13.48256126496	330
ST._PETERS	2019	7	19	200	14.8	25.7	21.147767436008	-999.9	0	3.72685185185186	16.0941505657042	330
ST._PETERS	2019	7	20	201	16.3	26.6	20.4917730719451	-999.9	0.3	2.61574074074074	19.321665099014	330
ST._PETERS	2019	7	21	202	17.2	23.4	15.8459351194041	-999.9	10.6	2.38425925925926	21.7345773274308	330
ST._PETERS	2019	7	22	203	15.6	23.6	17.938223145219	-999.9	0.3	2.44212962962963	18.0544079508269	330
ST._PETERS	2019	7	23	204	16.2	19.6	11.6529912393685	-999.9	6.2	1.53935185185185	18.4645710110855	330
ST._PETERS	2019	7	24	205	14.5	24.3	19.7117641479581	-999.9	0	1.67824074074074	18.4627695961087	330
ST._PETERS	2019	7	25	206	11.2	21.3	19.9360182873883	-999.9	0	2.07175925925926	15.2462741557265	330
ST._PETERS	2019	7	26	207	10.5	25.7	24.3621387762441	-999.9	0.2	1.63194444444444	14.2843868798499	330
ST._PETERS	2019	7	27	208	16.3	28.7	21.9164776413685	-999.9	0	4.10879629629631	17.9829727517645	330
ST._PETERS	2019	7	28	209	15.9	27	20.6508492741574	-999.9	0	4.25925925925925	16.8654712348938	330
ST._PETERS	2019	7	29	210	16.3	27.7	20.8398881439845	-999.9	0	4.66435185185186	20.4194929337732	330
ST._PETERS	2019	7	30	211	19.2	30.9	21.0209447119837	-999.9	0.5	3.70370370370369	24.0538286363813	330
ST._PETERS	2019	7	31	212	19.7	31	20.566692789841	-999.9	4.2	4.16666666666667	24.5955410532971	330
ST._PETERS	2019	8	1	213	14.3	23.8	18.7716463652197	-999.9	0.2	2.8125	19.1113955512949	330
ST._PETERS	2019	8	2	214	13.7	27.1	22.1900071989466	-999.9	0	3.00925925925925	16.0334207876121	330
ST._PETERS	2019	8	3	215	15.5	28.5	21.7515463318483	-999.9	0	4.21296296296297	16.669651056986	330
ST._PETERS	2019	8	4	216	14.3	22.7	17.3988371631135	-999.9	0	3.35648148148147	16.5006491985326	330
ST._PETERS	2019	8	5	217	13.6	21.2	16.4663736281954	-999.9	0	4.10879629629631	15.6217410553936	330
ST._PETERS	2019	8	6	218	14.5	27.1	21.09284986402	-999.9	0	2.82407407407408	16.8344818029588	330
ST._PETERS	2019	8	7	219	13.9	25.2	19.8699154603163	-999.9	0	3.56481481481481	15.7832932085981	330
ST._PETERS	2019	8	8	220	15.3	24.9	18.2157462490274	-999.9	3.4	4.61805555555556	17.9043119493211	330
ST._PETERS	2019	8	9	221	17.6	28.9	19.6540757194799	-999.9	0.2	4.22453703703703	22.8428022097894	330
ST._PETERS	2019	8	10	222	13.3	26.6	21.2025709393826	-999.9	4.5	2.99768518518519	19.28802295435	330
ST._PETERS	2019	8	11	223	13.2	23.3	18.3704456408259	-999.9	1.7	4.24768518518519	17.3156677276952	330
ST._PETERS	2019	8	12	224	14	24.8	18.8848670117045	-999.9	0	4.49074074074075	17.3789418760717	330
ST._PETERS	2019	8	13	225	12.3	24.7	20.1141849741487	-999.9	0.2	3.77314814814814	17.151052757654	330
ST._PETERS	2019	8	14	226	10.3	21.6	19.0838769044386	-999.9	0.2	2.1875	14.0500415152738	330
ST._PETERS	2019	8	15	227	9.9	23.8	21.0337430866824	-999.9	0.2	1.48148148148148	14.927181934891	330
ST._PETERS	2019	8	16	228	15.2	26.8	19.0926266999805	-999.9	0	2.65046296296296	17.0844387476036	330
ST._PETERS	2019	8	17	229	14.8	25.6	18.302970478198	-999.9	0	2.68518518518519	16.767496674886	330
ST._PETERS	2019	8	18	230	16.2	23.1	14.5329074575575	-999.9	0.9	2.71990740740741	19.6647665855197	330
ST._PETERS	2019	8	19	231	16.3	27.7	18.5542606112038	-999.9	0	3.20601851851853	22.1561453663855	330
ST._PETERS	2019	8	20	232	16.5	23.8	14.7455400615292	-999.9	0	4.79166666666667	17.1438492287228	330
ST._PETERS	2019	8	21	233	15.3	29.1	20.1322052734509	-999.9	0	4.08564814814814	17.2323524823722	330
ST._PETERS	2019	8	22	234	17.3	26.5	16.3208423427593	-999.9	7.3	2.99768518518519	22.6480640556704	330
ST._PETERS	2019	8	23	235	17.1	23.5	13.5138645759704	-999.9	0	3.125	18.4360238678345	330
ST._PETERS	2019	8	24	236	13.8	19.2	12.321716903433	-999.9	0	4.90740740740742	13.4673544649276	330
ST._PETERS	2019	8	25	237	7.4	19.9	18.6062033776955	-999.9	0.8	2.63888888888889	10.8681533260935	330
ST._PETERS	2019	8	26	238	8.3	19.5	17.4776732172918	-999.9	13.5	1.80555555555556	12.4043849114311	330
ST._PETERS	2019	8	27	239	13	18.2	11.8165681077298	-999.9	34.6	6.26157407407408	14.9765000590857	330
ST._PETERS	2019	8	28	240	13.4	22.1	15.1637794392427	-999.9	0	2.91666666666667	16.9077207577758	330
ST._PETERS	2019	8	29	241	15	23.3	14.6922361574455	-999.9	10.9	4.01620370370369	18.9230758247964	330
ST._PETERS	2019	8	30	242	17.8	25.7	14.2169402219259	-999.9	2.9	4.21296296296297	21.5595416590017	330
ST._PETERS	2019	8	31	243	14.2	21.4	13.4600025283917	-999.9	0	4.02777777777778	15.1342432400666	330
ST._PETERS	2019	9	1	244	10	18.4	14.4160826422966	-999.9	0	3.40277777777778	10.1415407978262	330
ST._PETERS	2019	9	2	245	11.8	23.3	16.7235151653083	-999.9	0	4.51388888888889	15.2689314563435	330
ST._PETERS	2019	9	3	246	11.3	19.1	13.6533482820325	-999.9	9.9	2.90509259259258	15.5290848177105	330
ST._PETERS	2019	9	4	247	12.1	25.7	17.8696743686202	-999.9	0	3.14814814814814	18.4534645605256	330
ST._PETERS	2019	9	5	248	12.9	20.1	12.8857817401699	-999.9	1.4	5.17361111111111	14.2526229468476	330
ST._PETERS	2019	9	6	249	9.4	17.8	13.7918799113741	-999.9	0	3.10185185185186	9.85170733156673	330
ST._PETERS	2019	9	7	250	10.8	15.1	9.7768573047721	-999.9	26.6	5.42824074074075	12.7294253914357	330
ST._PETERS	2019	9	8	251	8	15.4	12.7058591934401	-999.9	3.8	9.38657407407408	11.0213787143711	330
ST._PETERS	2019	9	9	252	8.1	17.7	14.334707358963	-999.9	0	3.02083333333333	11.577863681208	330
ST._PETERS	2019	9	10	253	10	16.3	11.5008637375331	-999.9	0	2.47685185185185	12.2222236161859	330
ST._PETERS	2019	9	11	254	10.7	15.5	9.94099260959576	-999.9	25.5	3.25231481481481	13.773651381708	330
ST._PETERS	2019	9	12	255	9.8	13.8	8.98524929561721	-999.9	0	4.61805555555556	11.6560903433655	330
ST._PETERS	2019	9	13	256	4.6	14.4	13.9234330358502	-999.9	0	3.44907407407408	9.30932530154831	330
ST._PETERS	2019	9	14	257	4.5	17.5	15.8737818313248	-999.9	0.2	3.93518518518519	10.2088070872819	330
ST._PETERS	2019	9	15	258	12.4	21.4	13.0721752392808	-999.9	0	5.19675925925925	15.7632508648456	330
ST._PETERS	2019	9	16	259	11.3	14.9	8.18160212320334	-999.9	9	3.75	14.0574491436937	330
ST._PETERS	2019	9	17	260	8.3	11.5	7.63247576717126	-999.9	0	5.56712962962964	9.91482144695639	330
ST._PETERS	2019	9	18	261	1.5	11.8	13.5473854749777	-999.9	0	4.00462962962964	7.39132515384659	330
ST._PETERS	2019	9	19	262	1.6	15.6	15.623944982061	-999.9	1.1	1.66666666666667	8.43345682468498	330
ST._PETERS	2019	9	20	263	6.6	23.2	16.8272920007357	-999.9	0.2	2.65046296296296	12.354402001609	330
ST._PETERS	2019	9	21	264	5.1	15.8	13.3607129777525	-999.9	0	3.40277777777778	10.2098694780081	330
ST._PETERS	2019	9	22	265	6.2	24	17.040006516441	-999.9	0	5.09259259259258	12.7873491205034	330
ST._PETERS	2019	9	23	266	14	23.5	12.3080274571106	-999.9	0	6.30787037037036	17.0766184186599	330
ST._PETERS	2019	9	24	267	12.1	16.5	8.28066581771174	-999.9	36.8	3.15972222222222	15.0554540437615	330
ST._PETERS	2019	9	25	268	12	20.3	11.2418069488318	-999.9	2.3	3.22916666666667	17.0104968852169	330
ST._PETERS	2019	9	26	269	12	15.4	7.11117147856235	-999.9	0.5	3.37962962962964	14.2772346995696	330
ST._PETERS	2019	9	27	270	8.2	16.4	10.9134059328034	-999.9	3.3	5.02314814814814	11.9388235851415	330
ST._PETERS	2019	9	28	271	7.4	20.8	13.7849505226595	-999.9	3.8	3.21759259259258	13.1183472137632	330
ST._PETERS	2019	9	29	272	9.4	14.8	8.64564851363872	-999.9	0.3	6.14583333333333	11.5877904711674	330
ST._PETERS	2019	9	30	273	5.8	11.3	8.61944186072679	-999.9	0.2	5.71759259259258	6.82530319514416	330
ST._PETERS	2019	10	1	274	7.4	11.1	6.98306057662491	-999.9	5.5	2.19907407407407	8.91870913175071	330
ST._PETERS	2019	10	2	275	6.1	12.2	8.85539491687382	-999.9	1.7	4.89583333333333	9.99029106570508	330
ST._PETERS	2019	10	3	276	3.1	10.9	9.88872374060636	-999.9	0.8	5.01157407407408	6.94998963336237	330
ST._PETERS	2019	10	4	277	4.3	8.4	7.07925656217097	-999.9	6.2	4.16666666666667	7.75104072071378	330
ST._PETERS	2019	10	5	278	2.2	10.4	9.88460555596088	-999.9	0.7	5.83333333333333	6.41147587225875	330
ST._PETERS	2019	10	6	279	2.1	15.6	12.5207697992711	-999.9	0.5	3.57638888888889	8.17700374865938	330
ST._PETERS	2019	10	7	280	11.7	19.1	9.15056605754945	-999.9	2.3	6.22685185185186	14.1049089206898	330
ST._PETERS	2019	10	8	281	8	15.4	9.03178096044254	-999.9	1.3	3.75	11.9417443690159	330
ST._PETERS	2019	10	9	282	2.5	12.7	10.4650635036686	-999.9	0	2.5	7.49902608873743	330
ST._PETERS	2019	10	10	283	2.5	12.6	10.2765401696115	-999.9	1	2.24537037037037	8.75798853979914	330
ST._PETERS	2019	10	11	284	5.7	15.5	9.9886182265732	-999.9	0.3	2.1412037037037	10.1438126943983	330
ST._PETERS	2019	10	12	285	9.3	11.5	4.66952915502559	-999.9	20.6	3.31018518518519	11.1754540332926	330
ST._PETERS	2019	10	13	286	5.5	11.9	7.85752872570067	-999.9	0	3.47222222222222	10.3922266517832	330
ST._PETERS	2019	10	14	287	6.2	14.2	8.66646124013255	-999.9	0.4	2.32638888888889	11.1051945519415	330
ST._PETERS	2019	10	15	288	7.8	13	6.89235536983525	-999.9	4.3	3.15789473684211	11.9917857999662	330
ST._PETERS	2019	10	16	289	3.5	9.1	7.05503926182523	-999.9	0	1.63194444444444	8.50846841612162	330
ST._PETERS	2019	10	17	290	5.8	13.5	8.15947899127767	-999.9	18.7	3.59722222222222	10.9918079088304	330
ST._PETERS	2019	10	18	291	7.7	14.6	7.61776415439128	-999.9	0.4	5.02314814814814	11.2857557451431	330
ST._PETERS	2019	10	19	292	7.4	10.1	4.69945161987156	-999.9	2.8	4.91898148148147	9.33972867483873	330
ST._PETERS	2019	10	20	293	1.1	11.4	9.05159025963887	-999.9	0	4.53703703703703	7.09456769416295	330
ST._PETERS	2019	10	21	294	1.8	14.2	9.79352580056825	-999.9	0	1.6087962962963	9.03035457011883	330
ST._PETERS	2019	10	22	295	3.7	10.5	7.15135028627848	-999.9	0	2.4537037037037	8.25134726744346	330
ST._PETERS	2019	10	23	296	7.3	13.7	6.84092586449451	-999.9	11.3	6.875	10.4163437205678	330
ST._PETERS	2019	10	24	297	8	13.6	6.30955564834992	-999.9	0.7	4.83024691358025	10.18294195728	330
ST._PETERS	2019	10	25	298	6	11.7	6.27643943833865	-999.9	0.2	3.90046296296297	8.63499229000786	330
ST._PETERS	2019	10	26	299	4.4	9.5	5.85364355135404	-999.9	3.5	4.65277777777778	7.19730530789095	330
ST._PETERS	2019	10	27	300	1.1	8.7	7.04547535611643	-999.9	0	3.06712962962964	5.44456333814998	330
ST._PETERS	2019	10	28	301	2.6	8	5.85548383983688	-999.9	0	1.55092592592593	6.5153480315721	330
ST._PETERS	2019	10	29	302	2.2	10.2	7.02710636521161	-999.9	0	1.26157407407407	7.41471614326911	330
ST._PETERS	2019	10	30	303	4.2	13.4	7.43014935832753	-999.9	0	3.20601851851853	9.63825881513038	330
ST._PETERS	2019	10	31	304	9.9	18	6.87429327930644	-999.9	9.8	5.625	15.0664661346984	330
ST._PETERS	2019	11	1	305	5.9	21.3	9.34632979459355	-999.9	0	11.4236111111111	10.907247402806	330
ST._PETERS	2019	11	2	306	1.2	7.4	5.84774758868403	-999.9	0	4.30555555555556	5.11649466782691	330
ST._PETERS	2019	11	3	307	2	9.1	6.17098493707448	-999.9	0	2.89351851851853	7.05598292137188	330
ST._PETERS	2019	11	4	308	-0.2	9.3	7.03953429235059	-999.9	0	3.42592592592592	5.69014772155955	330
ST._PETERS	2019	11	5	309	1.3	11.1	7.05147755462517	-999.9	5.6	4.17824074074075	7.16081468089927	330
ST._PETERS	2019	11	6	310	1.2	13.4	7.76004238299773	-999.9	10.2	7.29166666666667	6.974538338313	330
ST._PETERS	2019	11	7	311	-0.4	4.9	5.04516528497801	-999.9	10.6	3.77314814814814	5.00915411605213	330
ST._PETERS	2019	11	8	312	0.2	2.8	3.48592302660783	-999.9	11	5.33564814814814	5.4544687303902	330
ST._PETERS	2019	11	9	313	-3.3	1.8	4.81675433403288	-999.9	0.2	6.23842592592592	3.48360693329686	330
ST._PETERS	2019	11	10	314	-1.7	7.3	6.31361279820977	-999.9	0.2	5.54398148148147	5.13423384346066	330
ST._PETERS	2019	11	11	315	-1.3	7	5.98324036898336	-999.9	1	3.79629629629631	5.71243728203166	330
ST._PETERS	2019	11	12	316	-1.1	15	8.22449079632916	-999.9	23.4	5.30092592592592	9.22194040615032	330
ST._PETERS	2019	11	13	317	-4.2	3.6	5.65073090800042	-999.9	3.6	7.67361111111111	4.76652423167244	330
ST._PETERS	2019	11	14	318	-3.3	1.7	4.4665357857543	-999.9	0	3.64583333333333	3.52220645610347	330
ST._PETERS	2019	11	15	319	-1.9	9.8	6.74651097074646	-999.9	1.9	5.45138888888889	6.26912257908055	330
ST._PETERS	2019	11	16	320	-5.6	0.6	4.85019758787489	-999.9	0.2	9.57175925925925	2.98430938604111	330
ST._PETERS	2019	11	17	321	-5.9	2.1	5.44211270987976	-999.9	0	3.75	3.62487141996375	330
ST._PETERS	2019	11	18	322	-5.7	4.6	6.10079847346613	-999.9	15	2.66203703703704	4.71234869796535	330
ST._PETERS	2019	11	19	323	2.2	4.8	3.02894784846799	-999.9	3	5.56712962962964	7.46828511862967	330
ST._PETERS	2019	11	20	324	2.2	4.5	2.81580517540607	-999.9	0.4	5.21990740740742	6.91656870769165	330
ST._PETERS	2019	11	21	325	1.6	4.7	3.23187537981941	-999.9	1.6	5.72916666666667	6.34981741547672	330
ST._PETERS	2019	11	22	326	0.6	7.5	4.768040179451	-999.9	11.5	3.84259259259258	6.86857312607263	330
ST._PETERS	2019	11	23	327	-1.9	3.8	4.28653068202778	-999.9	8.1	9.22453703703703	5.29778598555055	330
ST._PETERS	2019	11	24	328	-3	3.2	4.42317433915501	-999.9	11	3.17129629629631	4.7320012889602	330
ST._PETERS	2019	11	25	329	1.4	9.5	5.00347775241376	-999.9	8.8	6.43518518518519	8.4395979195302	330
ST._PETERS	2019	11	26	330	0.4	6.4	4.26307376328979	-999.9	0.2	5.27777777777778	5.89539606358435	330
ST._PETERS	2019	11	27	331	-1	6.2	4.62447731858898	-999.9	0	5.38194444444445	5.82939015058125	330
ST._PETERS	2019	11	28	332	0.4	4.5	3.45679643143008	-999.9	0	5.74074074074075	6.436896907923	330
ST._PETERS	2019	11	29	333	-1.1	3.2	3.50786327816293	-999.9	2.6	9.54861111111111	5.84540480183882	330
ST._PETERS	2019	11	30	334	-1.8	-0.1	2.18627727940376	-999.9	6.6	11.3310185185185	5.37173257694767	330
ST._PETERS	2019	12	1	335	-4.8	-1.2	3.15467627091132	-999.9	0	5.94907407407408	3.52971751713834	330
ST._PETERS	2019	12	2	336	-5.1	0.6	3.93748285157327	-999.9	0	2.58101851851852	3.89799502329871	330
ST._PETERS	2019	12	3	337	0.3	4.5	3.35384444302744	-999.9	14.2	4.95370370370369	6.69218460398794	330
ST._PETERS	2019	12	4	338	-3.1	3.6	4.20490585938954	-999.9	0.7	4.25925925925925	5.68190628635583	330
ST._PETERS	2019	12	5	339	-3.5	2.7	4.01682601077147	-999.9	0.2	1.65509259259259	5.09706817454687	330
ST._PETERS	2019	12	6	340	-3.7	-0.8	2.72914192124081	-999.9	0.2	5.47453703703703	4.0075196657081	330
ST._PETERS	2019	12	7	341	-6.2	-3.3	2.71232351459547	-999.9	0.6	6.25	2.85804098920749	330
ST._PETERS	2019	12	8	342	-9.4	-1.6	4.42266631858157	-999.9	0	5.18518518518519	2.77146980172712	330
ST._PETERS	2019	12	9	343	-1.8	9.9	5.38773953183986	-999.9	3.1	6.875	6.68006438259259	330
ST._PETERS	2019	12	10	344	7.9	13	3.53965654541341	-999.9	15.7	8.16425120772947	12.711158681966	330
ST._PETERS	2019	12	11	345	-9.6	6.6	6.2803589287831	-999.9	5.4	4.84953703703703	4.68664467811587	330
ST._PETERS	2019	12	12	346	-10.8	-4.2	3.99246500874464	-999.9	0.2	6.77083333333333	2.22725335597303	330
ST._PETERS	2019	12	13	347	-10.5	-0.2	4.96962605498733	-999.9	0.2	4.21296296296297	2.66035749796155	330
ST._PETERS	2019	12	14	348	-0.2	14.6	5.93837869131584	-999.9	33.8	4.52546296296297	8.89028860750507	330
ST._PETERS	2019	12	15	349	-0.7	14.8	6.06083928022415	-999.9	0.3	8.07870370370369	7.90571800272704	330
ST._PETERS	2019	12	16	350	-6.5	-0.7	3.69922253014877	-999.9	0	11.7592592592593	2.28471428048662	330
ST._PETERS	2019	12	17	351	-6.7	-2	3.32411478858992	-999.9	0	6.21527777777778	2.70184625647967	330
ST._PETERS	2019	12	18	352	-5.1	-2.2	2.60770782824736	-999.9	1.5	2.55787037037037	3.17279421694256	330
ST._PETERS	2019	12	19	353	-10.6	-5.1	3.58820469323937	-999.9	0.7	4.97685185185186	2.58324003932924	330
ST._PETERS	2019	12	20	354	-9.3	1.7	5.07261377862802	-999.9	1.3	6.40046296296297	3.68426283575125	330
ST._PETERS	2019	12	21	355	-4.6	0.4	3.42029827751647	-999.9	0	4.08564814814814	3.87210984725597	330
ST._PETERS	2019	12	22	356	-8	1.7	4.76663936359613	-999.9	3	3.28703703703703	4.04124820400623	330
ST._PETERS	2019	12	23	357	-4.4	0.6	3.42580388549307	-999.9	0	4.21296296296297	4.55278509837067	330
ST._PETERS	2019	12	24	358	-2	1.4	2.82924817766424	-999.9	0.4	7.96296296296297	4.81406436836629	330
ST._PETERS	2019	12	25	359	-5.1	-1.8	2.79283183565031	-999.9	0.3	5	3.68673693768451	330
ST._PETERS	2019	12	26	360	-6.1	-2.1	3.0823007507949	-999.9	0.2	7.30324074074075	3.275438843042	330
ST._PETERS	2019	12	27	361	-8.1	1.2	4.71349673228014	-999.9	9.9	3.91203703703703	3.96553966238109	330
ST._PETERS	2019	12	28	362	-1.8	1.8	2.94243921899926	-999.9	0	7.56944444444445	4.83841948333333	330
ST._PETERS	2019	12	29	363	-4.2	-1.1	2.7408635280208	-999.9	0.2	6.92129629629631	3.40595488852613	330
ST._PETERS	2019	12	30	364	-2.9	0.9	3.04748954344939	-999.9	0.5	5.63657407407408	4.27459846061935	330
ST._PETERS	2019	12	31	365	-3.1	2.6	3.74992648416662	-999.9	11.4	3.55324074074075	4.64392072125147	330
