ST._PETERS	2004	1	1	1	-4.02	-1.78	3.26	-999.9	0	11.5	4.08499308242754	330
ST._PETERS	2004	1	2	2	-4.66	-2.39	3.31	-999.9	0	7.92	3.78120610491111	330
ST._PETERS	2004	1	3	3	-4.6	0.14	3.8	-999.9	5	4.91	3.95368720061767	330
ST._PETERS	2004	1	4	4	-0.65	2.72	3.09	-999.9	0	9.63	5.85532372574329	330
ST._PETERS	2004	1	5	5	-4.03	-1.35	2.8	-999.9	1	9.31	3.81545118364715	330
ST._PETERS	2004	1	6	6	-2.89	-1.71	2.64	-999.9	3	3.77	4.07347818231035	330
ST._PETERS	2004	1	7	7	-15.8	-9.4	4.15441913739193	-999.9	0	7.67094017094017	1.2461611630645	330
ST._PETERS	2004	1	8	8	-20.6	-10.7	5.20815815489025	-999.9	1.3	6.15740740740742	1.33604018430908	330
ST._PETERS	2004	1	9	9	-17.8	-13.7	3.37958705780464	-999.9	1.2	5.82175925925925	1.57530350805587	330
ST._PETERS	2004	1	10	10	-20.7	-12.1	4.93719820978017	-999.9	0.6	4.42129629629631	1.48141372909736	330
ST._PETERS	2004	1	11	11	-20.4	-13.9	4.33109380823805	-999.9	0.6	4.39814814814814	1.25402843348967	330
ST._PETERS	2004	1	12	12	-16.6	-8.9	4.75818313694724	-999.9	0	2.09490740740741	1.85931025104633	330
ST._PETERS	2004	1	13	13	-18.1	-1.5	7.05415959550808	-999.9	4.4	2.59259259259259	2.4286285387376	330
ST._PETERS	2004	1	14	14	-25.6	-19.2	4.42397251264306	-999.9	0.6	9.375	0.870256082890096	330
ST._PETERS	2004	1	15	15	-25.6	-17	5.18124011454646	-999.9	0	6.41203703703703	0.753227821929618	330
ST._PETERS	2004	1	16	16	-23.4	-1	8.45077402344197	-999.9	3.5	7.51157407407408	1.91837443437828	330
ST._PETERS	2004	1	17	17	-5	-1	3.61003492792149	-999.9	0.7	10.6828703703704	4.37243310205635	330
ST._PETERS	2004	1	18	18	-4.5	-0.7	3.55793545363468	-999.9	2.1	3.79629629629631	4.43703800614446	330
ST._PETERS	2004	1	19	19	-5.4	-2	3.40393675153749	-999.9	10.1	5.04629629629631	4.48084189411152	330
ST._PETERS	2004	1	20	20	-5.7	-1.7	3.73519804607212	-999.9	2.9	8.35648148148147	4.49836038978789	330
ST._PETERS	2004	1	21	21	-8.1	-3.6	4.00896560765231	-999.9	0	6.44675925925925	3.43990464409879	330
ST._PETERS	2004	1	22	22	-7.7	0.7	5.5437539733981	-999.9	4.4	3.125	3.99122576881405	330
ST._PETERS	2004	1	23	23	-16.8	-3.9	6.95485670261273	-999.9	0.6	5.52083333333333	3.07052819005447	330
ST._PETERS	2004	1	24	24	-20.2	-14.9	4.51383951767357	-999.9	0.6	4.30555555555556	1.10741087963642	330
ST._PETERS	2004	1	25	25	-20.5	-17.4	3.49610740599066	-999.9	0	7.63888888888889	0.964411312975806	330
ST._PETERS	2004	1	26	26	-20.6	-13.5	5.35926017776372	-999.9	0	10	1.21418970546086	330
ST._PETERS	2004	1	27	27	-14.2	-9.1	4.60154508508798	-999.9	0	8.44907407407408	2.03888558138973	330
ST._PETERS	2004	1	28	28	-12.5	-7.1	4.79760857044129	-999.9	0.7	3.79629629629631	2.57113081508278	330
ST._PETERS	2004	1	29	29	-13	-7.6	4.86178626866214	-999.9	0.6	4.45601851851853	2.42467718901046	330
ST._PETERS	2004	1	30	30	-16.2	-9.4	5.52944544529098	-999.9	0	3.72685185185186	1.87482058852487	330
ST._PETERS	2004	1	31	31	-17.5	-0.6	8.83590733860918	-999.9	2.7	3.07870370370369	2.39489496638031	330
ST._PETERS	2004	2	1	32	-12.7	0.5	7.91632331551936	-999.9	0	6.42361111111111	3.51762885442513	330
ST._PETERS	2004	2	2	33	-3	-1.7	2.51872465393821	-999.9	0	4.52546296296297	4.5140589716024	330
ST._PETERS	2004	2	3	34	-10.9	2.1	8.07593046281536	-999.9	0	2.02546296296296	3.67140831024032	330
ST._PETERS	2004	2	4	35	-7	4	7.53293714081081	-999.9	2.3	6.26157407407408	4.84019244996612	330
ST._PETERS	2004	2	5	36	-11.3	-6.8	4.8859891702954	-999.9	0	9.82638888888889	1.93418975522279	330
ST._PETERS	2004	2	6	37	-9.4	-5.3	4.72980849514116	-999.9	5.2	7.06018518518519	2.33854985336686	330
ST._PETERS	2004	2	7	38	-7	-2	5.29743050428267	-999.9	10.8	3.66898148148147	4.01408820224214	330
ST._PETERS	2004	2	8	39	-7.4	-4.3	4.23067060822116	-999.9	1.2	5.85648148148147	3.70032866602865	330
ST._PETERS	2004	2	9	40	-14.8	-3.6	8.15645148628741	-999.9	0	6.28472222222222	2.3634170775156	330
ST._PETERS	2004	2	10	41	-10.5	2.9	9.04941957691131	-999.9	1.3	3.40277777777778	3.67267102819251	330
ST._PETERS	2004	2	11	42	-4	-1.4	4.04333574644468	-999.9	0	2.74305555555556	4.62652274488431	330
ST._PETERS	2004	2	12	43	-8.7	-6.8	3.50606607073597	-999.9	0	4.64120370370369	2.71016707352898	330
ST._PETERS	2004	2	13	44	-14	-1	9.30266179409404	-999.9	0	3.99305555555556	2.49108376005098	330
ST._PETERS	2004	2	14	45	-6.3	2.9	7.93817501699067	-999.9	0.7	4.60648148148147	3.72614175518174	330
ST._PETERS	2004	2	15	46	-18.1	-14.2	5.2425930551501	-999.9	1.4	5.70601851851853	1.10836941839021	330
ST._PETERS	2004	2	16	47	-19.9	-13.3	6.91776557845637	-999.9	1.3	7.66203703703703	0.946467406628235	330
ST._PETERS	2004	2	17	48	-18.4	-8.3	8.68009914417381	-999.9	0.7	3.76157407407408	1.46515416284811	330
ST._PETERS	2004	2	18	49	-14.6	-1.7	9.94984543691001	-999.9	4.5	3.50694444444444	2.34286428395143	330
ST._PETERS	2004	2	19	50	-6.3	-2.5	5.47716055657405	-999.9	26.8	11.1835748792271	4.09432204416639	330
ST._PETERS	2004	2	20	51	-4.8	-2.7	4.12950207117794	-999.9	1.2	10.2314814814815	3.86973175669101	330
ST._PETERS	2004	2	21	52	-11.8	-3.8	8.17404701684154	-999.9	0	3.31018518518519	2.88106568037263	330
ST._PETERS	2004	2	22	53	-6.1	-2	5.93424601070803	-999.9	6	4.83796296296297	4.1915794652308	330
ST._PETERS	2004	2	23	54	-3.9	-2.6	3.38845643169785	-999.9	3.4	6.38888888888889	4.54469357989029	330
ST._PETERS	2004	2	24	55	-5	-3	4.26162088160897	-999.9	0	4.97685185185186	4.03667360080242	330
ST._PETERS	2004	2	25	56	-5.8	-1.7	6.18660276621452	-999.9	0.9	2.67361111111111	3.94314653789633	330
ST._PETERS	2004	2	26	57	-8.9	-5.9	5.36525472834984	-999.9	4.5	10.3356481481481	3.18906515807754	330
ST._PETERS	2004	2	27	58	-8.5	-4.7	6.12150160406659	-999.9	3.1	9.95370370370369	3.56200726701045	330
ST._PETERS	2004	2	28	59	-5.9	-5.1	2.84716635313596	-999.9	1.3	6.74768518518519	3.50554396135073	330
ST._PETERS	2004	2	29	60	-12.5	-5.2	8.71755036945121	-999.9	0.6	3.64583333333333	2.46800299643747	330
ST._PETERS	2004	3	1	61	-14.5	1.2	12.9571627014705	-999.9	0	1.79398148148148	2.44487684138811	330
ST._PETERS	2004	3	2	62	-7.5	5.3	11.8563885487459	-999.9	9.1	5.05787037037036	4.42747753157615	330
ST._PETERS	2004	3	3	63	0.6	2.5	4.62882122075603	-999.9	3.5	5.37037037037036	6.40934850974564	330
ST._PETERS	2004	3	4	64	-2.9	-0.4	5.37981305704182	-999.9	0.8	4.56018518518519	4.39007246792322	330
ST._PETERS	2004	3	5	65	-7.6	0.4	9.74993710360311	-999.9	5.5	2.26851851851852	3.59474787650813	330
ST._PETERS	2004	3	6	66	-3	0.2	6.24663671349585	-999.9	12.9	5	5.23836650798766	330
ST._PETERS	2004	3	7	67	-3.3	-1.8	4.33196490644269	-999.9	1.3	4.74537037037036	4.72016328844129	330
ST._PETERS	2004	3	8	68	-5.7	-3.6	5.19122025388756	-999.9	0.6	4.53703703703703	3.60911177348438	330
ST._PETERS	2004	3	9	69	-6.4	-2.4	7.25540587110597	-999.9	0	4.00462962962964	3.57168192756779	330
ST._PETERS	2004	3	10	70	-13.3	1.3	14.035582699269	-999.9	0	3.44907407407408	2.7872666405375	330
ST._PETERS	2004	3	11	71	-9.7	1.7	12.556777489082	-999.9	11.3	4.00462962962964	3.61606781778623	330
ST._PETERS	2004	3	12	72	-2.7	-0.4	5.70965684967208	-999.9	5.5	4.05092592592592	5.31202711444994	330
ST._PETERS	2004	3	13	73	-4.7	-2.6	5.52234822693832	-999.9	2.4	6.88657407407408	4.34264042822016	330
ST._PETERS	2004	3	14	74	-7.4	-1.9	9.04504011475622	-999.9	1.3	4.76851851851853	3.70299562151899	330
ST._PETERS	2004	3	15	75	-7.5	2.5	12.3421380949844	-999.9	5	5.24305555555556	4.60630920926745	330
ST._PETERS	2004	3	16	76	-4.2	-3.2	3.94909168862132	-999.9	0.7	5.40509259259258	3.34603267418667	330
ST._PETERS	2004	3	17	77	-8.2	-5.8	6.18948620308155	-999.9	2.7	5.3125	2.86178067548625	330
ST._PETERS	2004	3	18	78	-8.7	-4.3	8.47757126374461	-999.9	3.4	4.09722222222222	3.13288805225863	330
ST._PETERS	2004	3	19	79	-8.3	-1	11.0445116320301	-999.9	0	3.09027777777778	3.83298864187461	330
ST._PETERS	2004	3	20	80	-8.2	1	12.5389836379174	-999.9	1.3	3.83101851851853	4.27722046844748	330
ST._PETERS	2004	3	21	81	-2.7	1.4	8.46421337795906	-999.9	7.9	3.55324074074075	5.38039035362436	330
ST._PETERS	2004	3	22	82	-2.8	2.6	9.82110432633212	-999.9	1.5	3.77314814814814	5.17151157711262	330
ST._PETERS	2004	3	23	83	-16.8	-4.7	14.8616508807012	-999.9	0	3.99305555555556	1.70471093064839	330
ST._PETERS	2004	3	24	84	-11.4	2	15.8080945973369	-999.9	0	4.15509259259258	2.99345038541126	330
ST._PETERS	2004	3	25	85	-6.8	5.6	15.3685279431491	-999.9	0	4.17824074074075	4.29130790830832	330
ST._PETERS	2004	3	26	86	-2.5	7.6	14.0157940976081	-999.9	1.2	6.00694444444445	5.13269941867677	330
ST._PETERS	2004	3	27	87	2.6	6	8.21624055831661	-999.9	7.9	4.42129629629631	6.93785554142834	330
ST._PETERS	2004	3	28	88	-3.3	-1.7	5.69391828185471	-999.9	4.2	6.19212962962964	3.97411242777372	330
ST._PETERS	2004	3	29	89	-9.8	0.2	14.378365451693	-999.9	0	2.75462962962963	3.20923388925505	330
ST._PETERS	2004	3	30	90	-4.8	8.5	16.7468919435501	-999.9	0.6	3.78472222222222	3.51619505023775	330
ST._PETERS	2004	3	31	91	-5.9	5.2	15.4493164121093	-999.9	0	3.84259259259258	3.68369985519152	330
ST._PETERS	2004	4	1	92	-2.9	2.2	10.5733516299271	-999.9	0	3.55324074074075	5.22623364485702	330
ST._PETERS	2004	4	2	93	-4	6.2	15.095512516701	-999.9	0.6	2.73148148148148	5.16422546443837	330
ST._PETERS	2004	4	3	94	-1	3	9.54197597482283	-999.9	8.4	4.05092592592592	6.11961446778533	330
ST._PETERS	2004	4	4	95	0.1	3.9	9.38644250745952	-999.9	0	1.66666666666667	6.87903796916792	330
ST._PETERS	2004	4	5	96	-0.4	7.4	13.5705612223181	-999.9	2.9	4.21296296296297	7.44199990923723	330
ST._PETERS	2004	4	6	97	-1.3	2.7	9.80532977631625	-999.9	1.6	3.42592592592592	5.49359739730851	330
ST._PETERS	2004	4	7	98	-0.8	3.7	10.4920572037887	-999.9	0	2.77777777777778	6.01872411629263	330
ST._PETERS	2004	4	8	99	-1.5	8.6	15.8554227650972	-999.9	0	2.89351851851853	5.98251782719339	330
ST._PETERS	2004	4	9	100	-1.1	12.4	18.4878935226636	-999.9	0	2.93981481481481	5.23876147407264	330
ST._PETERS	2004	4	10	101	0.1	4.6	10.763933018864	-999.9	0	4.01620370370369	5.86857787025464	330
ST._PETERS	2004	4	11	102	-2	7.4	15.6860553996803	-999.9	0.6	4.40972222222222	4.06093509128997	330
ST._PETERS	2004	4	12	103	-2	9.9	17.7930105499276	-999.9	0	2.55787037037037	4.25429056669418	330
ST._PETERS	2004	4	13	104	-3	8.6	17.70811346468	-999.9	5.2	3.34490740740742	6.83522240061206	330
ST._PETERS	2004	4	14	105	2.2	15.1	18.8211814381225	-999.9	10.2	6.22685185185186	10.6322644956423	330
ST._PETERS	2004	4	15	106	0.8	2.1	6.02107433107953	-999.9	24.2	4.88425925925925	6.81951080032588	330
ST._PETERS	2004	4	16	107	-0.3	18.6	23.1326430244445	-999.9	9.3	5.59178743961353	11.6303472247557	330
ST._PETERS	2004	4	17	108	-0.5	4	11.3719413429919	-999.9	4.3	2.78935185185186	6.94440706946321	330
ST._PETERS	2004	4	18	109	-0.9	6.1	14.2874112508616	-999.9	0.7	4.82638888888889	6.44593062129317	330
ST._PETERS	2004	4	19	110	-2	13.6	21.4825281417777	-999.9	3.7	5.59178743961353	7.82797915403499	330
ST._PETERS	2004	4	20	111	4	7	9.48734959143411	-999.9	0.6	7.39583333333333	6.2890689377959	330
ST._PETERS	2004	4	21	112	-1.2	6.9	15.6975122166567	-999.9	0.6	3.57638888888889	4.42131308929022	330
ST._PETERS	2004	4	22	113	0.5	15.1	21.2183638057682	-999.9	1.5	7.17592592592592	7.92968689523141	330
ST._PETERS	2004	4	23	114	1	2.9	7.70553423219267	-999.9	0	4.61805555555556	5.60306355839911	330
ST._PETERS	2004	4	24	115	-5.2	4	17.0668729831672	-999.9	0	2.87037037037036	4.68788057296659	330
ST._PETERS	2004	4	25	116	-1.4	5.3	14.6580226353773	-999.9	0	7.09490740740742	5.65918280331718	330
ST._PETERS	2004	4	26	117	-3.2	8.7	19.6577372467066	-999.9	2.2	3.79629629629631	5.04668296184257	330
ST._PETERS	2004	4	27	118	1.6	7.1	13.4464556890579	-999.9	7.2	2.73148148148148	8.11376428184628	330
ST._PETERS	2004	4	28	119	0.5	3	9.12026717262782	-999.9	1.5	2.31481481481481	6.92984856407649	330
ST._PETERS	2004	4	29	120	-1	12.5	21.3186855650195	-999.9	0	4.20138888888889	5.81790463407585	330
ST._PETERS	2004	4	30	121	3.5	20.7	24.2024270935041	-999.9	0	3.42592592592592	8.69379590905115	330
ST._PETERS	2004	5	1	122	5.9	18	20.4142759352517	-999.9	0	6.22685185185186	9.99204497670847	330
ST._PETERS	2004	5	2	123	4.5	17.8	21.5208501273678	-999.9	0	6.14583333333333	11.3080156184077	330
ST._PETERS	2004	5	3	124	5.3	16.9	20.2069552324724	-999.9	3.3	7.30324074074075	12.4549356710187	330
ST._PETERS	2004	5	4	125	5.7	8.8	10.5011594875816	-999.9	3.6	7.90509259259258	9.96118113594641	330
ST._PETERS	2004	5	5	126	2.3	15.2	21.5318968274757	-999.9	0	5.69444444444445	6.50606162889577	330
ST._PETERS	2004	5	6	127	4.4	17.2	21.5561012134644	-999.9	1.7	4.83796296296297	7.1747592173015	330
ST._PETERS	2004	5	7	128	8.5	16.7	17.3379192550396	-999.9	0	6.23842592592592	10.2111143144129	330
ST._PETERS	2004	5	8	129	0.8	9.8	18.250863137503	-999.9	0	8.29861111111111	4.21932149413022	330
ST._PETERS	2004	5	9	130	3.8	16.9	22.121646193356	-999.9	0	6.52777777777778	5.16033713152039	330
ST._PETERS	2004	5	10	131	2	10.5	17.9002330270582	-999.9	4.9	4.15509259259258	5.98004945842452	330
ST._PETERS	2004	5	11	132	3.4	13.6	19.6953983293161	-999.9	0	4.96527777777778	9.19372434864482	330
ST._PETERS	2004	5	12	133	3.4	11.7	17.842983145219	-999.9	0	3.56481481481481	6.23681377677172	330
ST._PETERS	2004	5	13	134	-0.8	8	18.4493897076443	-999.9	0	4.0625	4.93359185859809	330
ST._PETERS	2004	5	14	135	0.2	13.5	22.7733795647313	-999.9	0	4.32870370370369	6.07815280050931	330
ST._PETERS	2004	5	15	136	7.2	26.4	27.4702270054091	-999.9	1.5	6.71296296296297	14.1187929936449	330
ST._PETERS	2004	5	16	137	4.3	7.1	10.530519983086	-999.9	0	3.56481481481481	7.88688450156657	330
ST._PETERS	2004	5	17	138	0.3	10.5	20.1734171233647	-999.9	0	2.98611111111111	6.22300801715887	330
ST._PETERS	2004	5	18	139	3.8	19	24.7149300109601	-999.9	6.2	7.91666666666667	9.15812690396694	330
ST._PETERS	2004	5	19	140	6.7	13.2	16.2181872641	-999.9	0	3.84259259259258	10.3179635907173	330
ST._PETERS	2004	5	20	141	1.7	19.3	26.7768842520311	-999.9	0	3.35648148148147	6.65031225810854	330
ST._PETERS	2004	5	21	142	9.8	16.2	16.199514445384	-999.9	0	5.75231481481481	8.52737214374532	330
ST._PETERS	2004	5	22	143	-0.4	11.4	22.0653963990834	-999.9	0	2.62731481481481	4.86798124512087	330
ST._PETERS	2004	5	23	144	3.7	14.4	21.0752113114185	-999.9	0	2.51157407407408	8.31234769697339	330
ST._PETERS	2004	5	24	145	2.5	9.6	17.2174693013531	-999.9	0	3.21759259259258	6.1501819214715	330
ST._PETERS	2004	5	25	146	4	7.6	12.2942611098053	-999.9	0	3.33333333333333	6.25537008744613	330
ST._PETERS	2004	5	26	147	0.3	14.4	24.396239416784	-999.9	0	3.65740740740742	6.93625463362056	330
ST._PETERS	2004	5	27	148	5.3	11.6	16.3492193184064	-999.9	0	3.24074074074075	10.0666638322535	330
ST._PETERS	2004	5	28	149	6.6	11.6	14.6007975575606	-999.9	0.6	2.1412037037037	10.5028616624934	330
ST._PETERS	2004	5	29	150	7.3	10.9	12.4182163667759	-999.9	6.7	4.0625	11.4603048527207	330
ST._PETERS	2004	5	30	151	4.8	5.9	6.87974609906724	-999.9	4.6	7.25694444444445	9.0079730043313	330
ST._PETERS	2004	5	31	152	3.5	8	13.9444777836575	-999.9	0	5.75231481481481	7.99575991436667	330
ST._PETERS	2004	6	1	153	5.8	10.3	13.9725008455815	-999.9	0	2.5	8.76664020480009	330
ST._PETERS	2004	6	2	154	4.3	11.2	17.3347029240035	-999.9	5.4	2.65046296296296	8.4122864885202	330
ST._PETERS	2004	6	3	155	6.7	10.6	13.0557049341515	-999.9	10.1	3.78472222222222	10.8064095980499	330
ST._PETERS	2004	6	4	156	5.8	13.1	17.8919600784175	-999.9	0	6.64351851851853	10.0147277523593	330
ST._PETERS	2004	6	5	157	6.2	11.2	14.830724437194	-999.9	0	4.49074074074075	8.94729296423906	330
ST._PETERS	2004	6	6	158	0.2	18.2	28.180389452621	-999.9	0	2.55787037037037	7.87689485544359	330
ST._PETERS	2004	6	7	159	5.2	12.6	18.0930825893113	-999.9	2	4.82638888888889	9.42693080942294	330
ST._PETERS	2004	6	8	160	6.7	19.4	23.7321569431366	-999.9	3.7	2.69675925925926	13.4772403858562	330
ST._PETERS	2004	6	9	161	12.9	27.2	25.2112728755462	-999.9	1.9	4.97685185185186	18.2586578702533	330
ST._PETERS	2004	6	10	162	7	14	17.6571257175692	-999.9	0	4.31712962962964	8.28101981660639	330
ST._PETERS	2004	6	11	163	6.3	12.4	16.4980662065573	-999.9	0	5.50925925925925	7.69753238112272	330
ST._PETERS	2004	6	12	164	8.1	13.9	16.1002352126144	-999.9	0	4.57175925925925	10.044060334932	330
ST._PETERS	2004	6	13	165	4.1	20.8	27.3388083959588	-999.9	0	2.70833333333333	8.53747124028022	330
ST._PETERS	2004	6	14	166	10.4	24.2	24.8666387834209	-999.9	4.5	6.25	10.1037793605317	330
ST._PETERS	2004	6	15	167	13.6	24	21.5975024652192	-999.9	0	6.71296296296297	18.4020763076148	330
ST._PETERS	2004	6	16	168	14.1	17.4	12.1704410893782	-999.9	0	5.04629629629631	13.1494257393597	330
ST._PETERS	2004	6	17	169	9.4	19.2	20.9786760224454	-999.9	0	2.97453703703703	10.3847176216706	330
ST._PETERS	2004	6	18	170	5	15.3	21.5106025967606	-999.9	0	2.30324074074074	8.78835837021907	330
ST._PETERS	2004	6	19	171	6.1	16.7	21.8227304169188	-999.9	12.8	3.27546296296297	10.483348469504	330
ST._PETERS	2004	6	20	172	8.7	13.2	14.2179796989298	-999.9	0	5.19675925925925	10.0660265685786	330
ST._PETERS	2004	6	21	173	8.7	18	20.436282154522	-999.9	0	4.08564814814814	11.5892650019714	330
ST._PETERS	2004	6	22	174	8.1	15.1	17.7252160337858	-999.9	7	2.83564814814814	12.1544952076041	330
ST._PETERS	2004	6	23	175	7.5	14	17.0739742740312	-999.9	0	2.07175925925926	12.030185394569	330
ST._PETERS	2004	6	24	176	9.1	15.7	17.1964447544291	-999.9	0.6	1.43518518518519	12.3187618093224	330
ST._PETERS	2004	6	25	177	10.3	23	23.8402412291075	-999.9	3.9	4.51388888888889	14.1725686138932	330
ST._PETERS	2004	6	26	178	12.6	18.8	16.6456222308183	-999.9	32.9	3.37962962962964	16.4457044101078	330
ST._PETERS	2004	6	27	179	12.2	21.5	20.3701570055565	-999.9	0	3.36805555555556	15.9324017428026	330
ST._PETERS	2004	6	28	180	10.7	19.3	19.5705995919231	-999.9	0	4.02173913043478	12.4091082860959	330
ST._PETERS	2004	6	29	181	9.7	19.2	20.5481146833356	-999.9	0	2.43055555555556	12.557619881778	330
ST._PETERS	2004	6	30	182	9.7	22.4	23.731246592267	-999.9	14.5	2.2337962962963	13.7560877478655	330
ST._PETERS	2004	7	1	183	11.4	22	21.653761320694	-999.9	0.6	2.12962962962963	16.1608638739792	330
ST._PETERS	2004	7	2	184	13.2	23.5	21.3164026742971	-999.9	6.3	4.07407407407408	16.6985916217976	330
ST._PETERS	2004	7	3	185	14.1	17.8	12.7574589910973	-999.9	13.1	3.18287037037036	17.0305124867127	330
ST._PETERS	2004	7	4	186	13.6	19.5	16.0846055849084	-999.9	0	1.59722222222222	17.1727687298205	330
ST._PETERS	2004	7	5	187	11	23.2	23.0907711284644	-999.9	0	3.57638888888889	15.8338308107631	330
ST._PETERS	2004	7	6	188	13.6	17.9	13.6842127988513	-999.9	1	3.99305555555556	16.4086209254717	330
ST._PETERS	2004	7	7	189	13.5	19	15.4470978564805	-999.9	0	2.26851851851852	14.7002652083628	330
ST._PETERS	2004	7	8	190	10	22	22.7713593173112	-999.9	0	2.80092592592592	14.0032038803207	330
ST._PETERS	2004	7	9	191	14.2	20.5	16.4647115785124	-999.9	38	1.53935185185185	18.2322927804568	330
ST._PETERS	2004	7	10	192	14.5	15.7	7.16989257572631	-999.9	4.5	3.92361111111111	16.391644043857	330
ST._PETERS	2004	7	11	193	11.7	15.9	13.3825047516767	-999.9	3.5	4.64120370370369	14.6938148831429	330
ST._PETERS	2004	7	12	194	8.5	25.3	26.6999594159787	-999.9	0	2.15277777777778	13.8864815998947	330
ST._PETERS	2004	7	13	195	15.2	26.4	21.7450560094738	-999.9	0	4.02777777777778	14.7892669807434	330
ST._PETERS	2004	7	14	196	12	21.8	20.2867447441398	-999.9	0	4.60648148148147	13.7092759182255	330
ST._PETERS	2004	7	15	197	14.9	21.1	16.0914474244505	-999.9	0.6	5.75231481481481	18.3911563839874	330
ST._PETERS	2004	7	16	198	15.1	26.8	22.0416520855536	-999.9	0	4.24768518518519	19.4566994263208	330
ST._PETERS	2004	7	17	199	17.2	26.6	19.6978561743722	-999.9	0	3.99305555555556	20.2073503564671	330
ST._PETERS	2004	7	18	200	17.8	22.9	14.4642422290133	-999.9	0	2.28009259259259	20.6459120711028	330
ST._PETERS	2004	7	19	201	17	21.2	13.0840562432435	-999.9	39.6	3.11342592592592	20.9237624199927	330
ST._PETERS	2004	7	20	202	19.6	24.9	14.6492131022289	-999.9	0	3.93518518518519	23.9616513389398	330
ST._PETERS	2004	7	21	203	18	25.6	17.4820779358599	-999.9	0	3.81944444444444	22.5648522685446	330
ST._PETERS	2004	7	22	204	17.9	28.4	20.4758493338309	-999.9	0	3.92361111111111	22.4620888396263	330
ST._PETERS	2004	7	23	205	19.9	28.9	18.887762214074	-999.9	0	5.72916666666667	23.5806197506536	330
ST._PETERS	2004	7	24	206	19.5	27.5	17.7405468156835	-999.9	0	4.45601851851853	23.0057595721088	330
ST._PETERS	2004	7	25	207	15.7	19.1	11.5205926738267	-999.9	0	2.10648148148148	13.9922246919784	330
ST._PETERS	2004	7	26	208	12.7	22.2	19.1805444615346	-999.9	0	1.70138888888889	13.8633531085815	330
ST._PETERS	2004	7	27	209	13.7	23.4	19.301851787004	-999.9	0	2.07175925925926	15.9229229642033	330
ST._PETERS	2004	7	28	210	15.5	22.4	16.2106956434638	-999.9	0	2.29166666666667	17.3280330034589	330
ST._PETERS	2004	7	29	211	15.8	24.1	17.7023107765019	-999.9	0	2.11805555555556	19.6426572259102	330
ST._PETERS	2004	7	30	212	16.6	29.2	21.7139880899254	-999.9	0	3.81944444444444	20.9598939822006	330
ST._PETERS	2004	7	31	213	17.7	28	19.542752294129	-999.9	0	5.37037037037036	21.228610571716	330
ST._PETERS	2004	8	1	214	21.2	25.7	12.8568722194651	-999.9	0.7	6.93287037037036	23.5388050808886	330
ST._PETERS	2004	8	2	215	18.6	25.2	15.4957261394281	-999.9	0	2.99768518518519	19.3168196824335	330
ST._PETERS	2004	8	3	216	16.2	29.2	21.6406969421352	-999.9	0	3.54166666666667	18.9990585321636	330
ST._PETERS	2004	8	4	217	18.4	22.1	11.4870498698533	-999.9	0.7	3.48379629629631	19.4325656985283	330
ST._PETERS	2004	8	5	218	13	21.3	17.1160286977897	-999.9	0	2.91666666666667	14.9000124158423	330
ST._PETERS	2004	8	6	219	12.6	19.9	15.9672344658864	-999.9	7.9	2.17592592592593	16.0881067021903	330
ST._PETERS	2004	8	7	220	16.3	22.1	14.1557973324892	-999.9	13.6	2.74305555555556	20.8684387600558	330
ST._PETERS	2004	8	8	221	15.7	23	15.793607649669	-999.9	0	3.92361111111111	17.9538417971348	330
ST._PETERS	2004	8	9	222	12.6	21.6	17.4376519767391	-999.9	6.9	3.40277777777778	16.3477573131217	330
ST._PETERS	2004	8	10	223	12.3	24.1	19.8518782121785	-999.9	0.6	2.46527777777778	16.201806760033	330
ST._PETERS	2004	8	11	224	14.4	27.7	20.9520744064541	-999.9	0	3.83101851851853	17.137363775222	330
ST._PETERS	2004	8	12	225	16.8	28.2	19.2814971146218	-999.9	0	4.72222222222222	20.2180156555983	330
ST._PETERS	2004	8	13	226	17.1	27.3	18.1268270011349	-999.9	0.6	5.41666666666667	20.1883895553717	330
ST._PETERS	2004	8	14	227	20.2	27.4	15.1344742558757	-999.9	0	5.46296296296297	24.9177287974082	330
ST._PETERS	2004	8	15	228	16.8	21.7	12.4057857527563	-999.9	0	2.96296296296297	16.9901303588203	330
ST._PETERS	2004	8	16	229	14.7	21.7	14.7314641757892	-999.9	7.1	1.18055555555556	15.5372966068962	330
ST._PETERS	2004	8	17	230	13.5	19.3	13.3206928366243	-999.9	4.5	2.25694444444444	15.6213173268987	330
ST._PETERS	2004	8	18	231	12.8	26.4	20.2601761902481	-999.9	1.3	2.83564814814814	16.985648072131	330
ST._PETERS	2004	8	19	232	14.9	25.9	18.0957187137005	-999.9	0	4.75694444444445	17.5174397223004	330
ST._PETERS	2004	8	20	233	17.6	26	15.7025222356394	-999.9	0	4.94212962962964	19.7565389353649	330
ST._PETERS	2004	8	21	234	17.8	23.8	13.1764979339048	-999.9	19.2	4.21296296296297	21.0482409844076	330
ST._PETERS	2004	8	22	235	15.3	19.4	10.8132189132225	-999.9	0.7	3.77314814814814	16.0457478642415	330
ST._PETERS	2004	8	23	236	10.8	24.1	19.3317628256117	-999.9	0	3.58796296296297	15.3609633719708	330
ST._PETERS	2004	8	24	237	14.6	17.3	8.64477624416007	-999.9	2.5	5.12731481481481	13.5924635166394	330
ST._PETERS	2004	8	25	238	15	17.7	8.57873903347533	-999.9	0.6	4.24768518518519	13.5613633936813	330
ST._PETERS	2004	8	26	239	8.4	20.7	18.1679990802639	-999.9	0	2.09490740740741	12.7572053470749	330
ST._PETERS	2004	8	27	240	11.4	24.7	18.7428839890539	-999.9	0	3.54166666666667	15.8309932451864	330
ST._PETERS	2004	8	28	241	16.4	27.7	17.1375518359341	-999.9	0	4.76851851851853	21.1453178916785	330
ST._PETERS	2004	8	29	242	17	19.6	8.15338488121832	-999.9	3.4	3.65740740740742	16.8317440869313	330
ST._PETERS	2004	8	30	243	15.2	22.9	13.9149272009755	-999.9	14.1	3.26388888888889	19.7674979184458	330
ST._PETERS	2004	8	31	244	18.1	26.8	14.6663473717409	-999.9	3.6	4.60648148148147	24.9731834663058	330
ST._PETERS	2004	9	1	245	16.1	19.9	9.60999670090889	-999.9	1.2	4.15509259259258	17.4241096633271	330
ST._PETERS	2004	9	2	246	13.5	15.6	7.08194277812522	-999.9	0.6	5.26620370370369	10.9774535384367	330
ST._PETERS	2004	9	3	247	7.7	15.5	13.5283093782492	-999.9	20.5	3.15972222222222	10.2344621141603	330
ST._PETERS	2004	9	4	248	10.7	16.5	11.5612752013012	-999.9	1.7	4.96527777777778	12.6729965343236	330
ST._PETERS	2004	9	5	249	10.6	15.5	10.5299740241947	-999.9	0	3.79629629629631	10.2734789838838	330
ST._PETERS	2004	9	6	250	5.7	19.8	17.6977597668681	-999.9	0	4.82638888888889	10.0985221829222	330
ST._PETERS	2004	9	7	251	12.5	23.1	15.20138278683	-999.9	1.2	5.72916666666667	15.0234008952098	330
ST._PETERS	2004	9	8	252	17.3	21.3	9.24961227594458	-999.9	0.6	4.07004830917875	19.4000721512439	330
ST._PETERS	2004	9	9	253	12	21.8	14.3387704977485	-999.9	1.2	2.32638888888889	16.4640187878102	330
ST._PETERS	2004	9	10	254	15.4	26	14.767234574663	-999.9	1.3	7.08333333333333	20.8271162512535	330
ST._PETERS	2004	9	11	255	13.3	17.2	8.86886422629738	-999.9	0	4.52546296296297	13.4328138785102	330
ST._PETERS	2004	9	12	256	3.8	20.7	18.2772441857145	-999.9	0	2.80092592592592	10.9334489674454	330
ST._PETERS	2004	9	13	257	11.3	14.5	7.87256645000056	-999.9	0	6.36574074074075	10.4387512867666	330
ST._PETERS	2004	9	14	258	9.8	13.9	8.81961729264131	-999.9	0	4.07407407407408	9.12199664348018	330
ST._PETERS	2004	9	15	259	5.9	22.5	17.5618794121553	-999.9	0	6.18055555555556	10.9612645363279	330
ST._PETERS	2004	9	16	260	12	23.4	14.4002951742893	-999.9	0	5.52083333333333	15.369612068653	330
ST._PETERS	2004	9	17	261	15.2	25	13.2092197903754	-999.9	0	4.78009259259258	19.5579262470044	330
ST._PETERS	2004	9	18	262	12.4	15	6.7303769181503	-999.9	46.8	3.88888888888889	13.6542042464418	330
ST._PETERS	2004	9	19	263	10	13.8	8.04779378598962	-999.9	3.2	7.44212962962964	12.1937488678342	330
ST._PETERS	2004	9	20	264	8.9	11.6	6.70877699432595	-999.9	0	9.94212962962964	9.02550624750113	330
ST._PETERS	2004	9	21	265	8.2	11.5	7.33397418553661	-999.9	0	6.96759259259258	8.12372400594677	330
ST._PETERS	2004	9	22	266	7.8	15.3	10.9314786483815	-999.9	2.3	4.46759259259258	9.17158665171819	330
ST._PETERS	2004	9	23	267	10.1	12.1	5.58051869925632	-999.9	0	6.49305555555556	10.4150460737679	330
ST._PETERS	2004	9	24	268	3.6	16.6	14.0633400773063	-999.9	0	2.70833333333333	9.22106825953803	330
ST._PETERS	2004	9	25	269	9.8	23.5	14.268582489087	-999.9	0	4.49074074074075	13.9180668206022	330
ST._PETERS	2004	9	26	270	13.2	15.3	5.52053369731588	-999.9	0	4.29398148148147	12.6894021627899	330
ST._PETERS	2004	9	27	271	8.2	21.3	13.6240343091057	-999.9	0	3.20601851851853	12.6341886616416	330
ST._PETERS	2004	9	28	272	12	19.6	10.25236471934	-999.9	0	5.38194444444445	13.8328053751574	330
ST._PETERS	2004	9	29	273	10.3	13.8	6.8730217699155	-999.9	0	3.14814814814814	10.8967754430702	330
ST._PETERS	2004	9	30	274	7	14.8	10.1346217094264	-999.9	0	2.83564814814814	10.6321345408286	330
ST._PETERS	2004	10	1	275	4.5	15.4	11.8323500849847	-999.9	0	2.01388888888889	10.5003323771104	330
ST._PETERS	2004	10	2	276	1.6	16.1	13.4769369519106	-999.9	0	2.30324074074074	9.57482294256673	330
ST._PETERS	2004	10	3	277	7.8	14.6	9.11305509681618	-999.9	3.2	3.40277777777778	12.0926761509842	330
ST._PETERS	2004	10	4	278	11.6	17	8.01793872697116	-999.9	2.3	5.55555555555556	13.7667399068634	330
ST._PETERS	2004	10	5	279	10.9	13.8	5.80064460995079	-999.9	12.9	6.01851851851853	12.505500985894	330
ST._PETERS	2004	10	6	280	3.5	9.9	8.50618716469955	-999.9	0	4.07407407407408	6.63987376320552	330
ST._PETERS	2004	10	7	281	5.7	12.6	8.71755549331844	-999.9	0	3.88888888888889	9.10370419016039	330
ST._PETERS	2004	10	8	282	5.7	19.9	12.342366629047	-999.9	0	5.48611111111111	10.5437723955189	330
ST._PETERS	2004	10	9	283	11.6	19.8	9.25562095003772	-999.9	0	5.27777777777778	12.3193548008566	330
ST._PETERS	2004	10	10	284	11.9	20.7	9.46119680873584	-999.9	0.6	4.375	15.1499568655807	330
ST._PETERS	2004	10	11	285	12.2	14	4.22192382975383	-999.9	19.8	7.23379629629631	14.0952888452918	330
ST._PETERS	2004	10	12	286	11.2	17.9	8.03610989964535	-999.9	8.9	5.50925925925925	14.9054213973453	330
ST._PETERS	2004	10	13	287	11.1	12.9	4.10909023853483	-999.9	4.2	5.53240740740742	13.2542745756808	330
ST._PETERS	2004	10	14	288	9.1	13.6	6.40892327225723	-999.9	0	2.4537037037037	11.9044371270161	330
ST._PETERS	2004	10	15	289	8.2	15.3	7.94049700659896	-999.9	13.9	4.14351851851853	13.1673867068123	330
ST._PETERS	2004	10	16	290	12.8	18.4	6.95543818410978	-999.9	5.9	5.53240740740742	16.5779475901562	330
ST._PETERS	2004	10	17	291	10.2	15.3	6.54638988138491	-999.9	0	3.81944444444444	13.3451383164397	330
ST._PETERS	2004	10	18	292	5.4	13.8	8.28550896626832	-999.9	0	2.59259259259259	9.95653165323796	330
ST._PETERS	2004	10	19	293	4.7	11	7.07605668954183	-999.9	1.3	3.36805555555556	8.72835728170182	330
ST._PETERS	2004	10	20	294	6.7	8.8	4.02859119649404	-999.9	0	4.72222222222222	7.80571635750584	330
ST._PETERS	2004	10	21	295	5.8	11	6.25102474899186	-999.9	3.1	4.50483091787439	8.58537719047172	330
ST._PETERS	2004	10	22	296	6	10.5	5.73386938644911	-999.9	0	3.04398148148147	8.96446601049089	330
ST._PETERS	2004	10	23	297	6.8	10.8	5.33030610951866	-999.9	0	3.94675925925925	8.65263549480239	330
ST._PETERS	2004	10	24	298	6	10.4	5.51214278499878	-999.9	0	3.06712962962964	8.32596918776202	330
ST._PETERS	2004	10	25	299	4.4	12.3	7.28238793967578	-999.9	0	2.69675925925926	9.59277944675279	330
ST._PETERS	2004	10	26	300	4.3	12.2	7.18020864834902	-999.9	0	2.12962962962963	9.30343917593613	330
ST._PETERS	2004	10	27	301	7.3	11.2	4.97415393967219	-999.9	0.8	3.06712962962964	10.0180637020369	330
ST._PETERS	2004	10	28	302	6.1	7.1	2.48343960498009	-999.9	0	8.06712962962964	6.87573745297815	330
ST._PETERS	2004	10	29	303	3.5	6.3	4.09737613822323	-999.9	0	5.17361111111111	5.85054941929033	330
ST._PETERS	2004	10	30	304	1.3	8.8	6.61211726369302	-999.9	1.5	3.93518518518519	6.13120176088081	330
ST._PETERS	2004	10	31	305	1	14	8.58376909792656	-999.9	3.4	5.15046296296297	9.26984720631539	330
ST._PETERS	2004	11	1	306	6.5	9.9	4.32871650453903	-999.9	1.4	7.62731481481481	9.94202615797682	330
ST._PETERS	2004	11	2	307	5.7	6.3	1.79320198947332	-999.9	6.2	4.66435185185186	7.34423793369916	330
ST._PETERS	2004	11	3	308	3.9	6.2	3.4623880725511	-999.9	9.6	6.11111111111111	7.77795139449868	330
ST._PETERS	2004	11	4	309	2.1	4.4	3.41477577071252	-999.9	0	8.54166666666667	5.20920871373833	330
ST._PETERS	2004	11	5	310	-0.8	10.5	7.46545234963594	-999.9	10.1	6.72453703703703	7.220752443139	330
ST._PETERS	2004	11	6	311	2.7	6.6	4.32617517387916	-999.9	7.6	8.21759259259258	6.15902726788151	330
ST._PETERS	2004	11	7	312	2.1	10.2	6.15048872963243	-999.9	0	5.63657407407408	6.99419184621907	330
ST._PETERS	2004	11	8	313	1.3	10.8	6.57156691991772	-999.9	8.7	6.44675925925925	7.65128333856352	330
ST._PETERS	2004	11	9	314	-2.3	2	4.36244962309219	-999.9	2.2	5.32407407407408	4.34515441197454	330
ST._PETERS	2004	11	10	315	-2.5	1.5	4.15210905253411	-999.9	0	4.32870370370369	3.89366750083061	330
ST._PETERS	2004	11	11	316	-4.9	7.2	7.12741456767492	-999.9	0	5.25462962962964	4.67439339884207	330
ST._PETERS	2004	11	12	317	2.4	4.1	2.63710244488772	-999.9	0	4.58333333333333	5.27723942455208	330
ST._PETERS	2004	11	13	318	0.5	3.2	3.28106574866826	-999.9	21.9	4.95370370370369	5.17018504884833	330
ST._PETERS	2004	11	14	319	0.3	3.4	3.47149432893081	-999.9	4.8	8.03240740740742	6.46932967541658	330
ST._PETERS	2004	11	15	320	1.3	3	2.538864340607	-999.9	0	7.33796296296297	5.75255406541442	330
ST._PETERS	2004	11	16	321	1.1	1.9	1.72036727706352	-999.9	2.5	9.76851851851853	5.07259892376936	330
ST._PETERS	2004	11	17	322	0.2	2.5	2.88195951496666	-999.9	0	8.58796296296297	5.61917514600061	330
ST._PETERS	2004	11	18	323	1.9	4.1	2.78531718689584	-999.9	0	4.94212962962964	5.70551011545827	330
ST._PETERS	2004	11	19	324	-2.2	6.6	5.50605543582388	-999.9	0.7	4.02777777777778	5.93232137995862	330
ST._PETERS	2004	11	20	325	2.3	4.8	2.90139420895108	-999.9	1.2	7.52314814814814	6.76342170286687	330
ST._PETERS	2004	11	21	326	3	5.1	2.62960464032058	-999.9	0	2.89351851851853	6.64236263389659	330
ST._PETERS	2004	11	22	327	-1.2	4.9	4.43303747433489	-999.9	0	2.92824074074075	6.46053185627504	330
ST._PETERS	2004	11	23	328	0.7	3	2.69322531711457	-999.9	0	4.23611111111111	5.11446552761855	330
ST._PETERS	2004	11	24	329	-3.7	8.5	6.13878709674858	-999.9	6.4	4.61805555555556	5.29418055410853	330
ST._PETERS	2004	11	25	330	3	16.3	6.34525270881712	-999.9	13.1	9.17824074074075	10.7846108603529	330
ST._PETERS	2004	11	26	331	-0.2	3.8	3.44591866395408	-999.9	3.4	8.84259259259258	4.87418760347229	330
ST._PETERS	2004	11	27	332	-3.2	0.4	3.23828106593263	-999.9	0.8	5.23148148148147	3.58997792856801	330
ST._PETERS	2004	11	28	333	-6.3	6.9	6.14440244289112	-999.9	0	4.17824074074075	4.68352164910288	330
ST._PETERS	2004	11	29	334	3.1	11.8	4.94455894785252	-999.9	14.5	8.24074074074075	9.16140257357889	330
ST._PETERS	2004	11	30	335	2.2	3.6	1.96678851151841	-999.9	0	2.40740740740741	6.20054520855587	330
ST._PETERS	2004	12	1	336	-3.6	8.1	5.6398463014559	-999.9	19.3	4.52546296296297	6.68691898865753	330
ST._PETERS	2004	12	2	337	0.3	3.7	3.01685100344582	-999.9	4.4	10.6365740740741	4.8173941295461	330
ST._PETERS	2004	12	3	338	-7.7	-4.4	2.95036039509135	-999.9	0	5.59027777777778	2.50957739222023	330
ST._PETERS	2004	12	4	339	-7.4	1	4.67443560154775	-999.9	0.6	4.05092592592592	3.70380397897172	330
ST._PETERS	2004	12	5	340	-9.3	4.6	5.9736540619618	-999.9	1.7	6.92129629629631	3.90718073456513	330
ST._PETERS	2004	12	6	341	-11	-6.8	3.2634421113218	-999.9	0	9.07407407407408	2.29153032455237	330
ST._PETERS	2004	12	7	342	-8.7	-1.8	4.15885206341519	-999.9	2.5	4.30555555555556	2.97780612288044	330
ST._PETERS	2004	12	8	343	-10.8	2.3	5.69986649493912	-999.9	17.1	4.03935185185186	4.00060372797571	330
ST._PETERS	2004	12	9	344	-0.7	0	1.31112408518386	-999.9	1.3	7.43055555555556	4.94803109341977	330
ST._PETERS	2004	12	10	345	-3.1	0.7	3.0411714327642	-999.9	3.7	2.29166666666667	4.64815345801506	330
ST._PETERS	2004	12	11	346	-0.7	8.1	4.60931175113611	-999.9	13.9	4.83796296296297	7.38109732366333	330
ST._PETERS	2004	12	12	347	2.8	7.2	3.24758497431579	-999.9	0.6	3.32175925925925	8.26781548212536	330
ST._PETERS	2004	12	13	348	-0.9	3.1	3.08673712076	-999.9	12.1	3.75	5.88417110559332	330
ST._PETERS	2004	12	14	349	-0.9	-0.1	1.37672785794693	-999.9	0.6	5.27777777777778	5.06497343046615	330
ST._PETERS	2004	12	15	350	-7.2	-2.7	3.25793575074548	-999.9	0	3.88888888888889	3.20339606257052	330
ST._PETERS	2004	12	16	351	-5.8	1.5	4.14220853015841	-999.9	0	3.33333333333333	4.07210982054264	330
ST._PETERS	2004	12	17	352	-7.4	6.9	5.78995355440413	-999.9	1.4	5.67129629629631	4.88912774209341	330
ST._PETERS	2004	12	18	353	-9.2	0.6	4.78916447959992	-999.9	2.1	4.34027777777778	3.7047451266975	330
ST._PETERS	2004	12	19	354	-9.7	10	6.78770833749388	-999.9	17.6	4.34027777777778	5.7809817310821	330
ST._PETERS	2004	12	20	355	0.1	1.3	1.67543659620372	-999.9	0.7	3.69212962962964	6.23881114806975	330
ST._PETERS	2004	12	21	356	-1.7	-0.1	1.93574718823002	-999.9	0	6.82870370370369	5.06279209436798	330
ST._PETERS	2004	12	22	357	-6.2	2.1	4.4134947524566	-999.9	0	4.58333333333333	3.66600660510306	330
ST._PETERS	2004	12	23	358	-1.1	12.2	5.59535139800403	-999.9	0.6	5.68287037037036	7.91990316039637	330
ST._PETERS	2004	12	24	359	2.9	13.4	4.98145649868669	-999.9	18	7.70833333333333	9.43154870285829	330
ST._PETERS	2004	12	25	360	-6.2	-4.6	1.94931861424874	-999.9	0	4.79166666666667	2.85596803279137	330
ST._PETERS	2004	12	26	361	-6.8	-4.2	2.49212720744975	-999.9	5.7	3.57638888888889	2.68820676047352	330
ST._PETERS	2004	12	27	362	-6.8	-4.7	2.24725158591009	-999.9	10.7	13.2638888888889	3.74360573254076	330
ST._PETERS	2004	12	28	363	-11	-5.4	3.68375216642943	-999.9	0.6	8.33333333333333	2.96413059377944	330
ST._PETERS	2004	12	29	364	-16.5	-1.4	6.0748111049954	-999.9	1.4	5.75231481481481	2.71464205330578	330
ST._PETERS	2004	12	30	365	-8.2	-5.6	2.5326195525848	-999.9	0	4.20138888888889	2.67474026802784	330
ST._PETERS	2004	12	31	366	-12.9	5.9	6.84525285399773	-999.9	2.1	5.625	3.60791002666062	330
