ST._PETERS	2012	1	1	1	-3.5	5.9	4.84030192720891	-999.9	0.2	5.05787037037036	6.43984150234269	330
ST._PETERS	2012	1	2	2	-3.1	9.5	5.63510908029218	-999.9	5.4	5.24305555555556	7.04463026337083	330
ST._PETERS	2012	1	3	3	-7.6	0.7	4.60094193909586	-999.9	0	3.72685185185186	3.39846946651494	330
ST._PETERS	2012	1	4	4	-11.8	-4.6	4.31264106727389	-999.9	0.2	6.01851851851853	2.65349743886544	330
ST._PETERS	2012	1	5	5	-12.2	-1.9	5.19326076993801	-999.9	2	3.66898148148147	2.93452793681595	330
ST._PETERS	2012	1	6	6	-13.8	-6.7	4.3427660733639	-999.9	0.6	4.52546296296297	2.1823265477139	330
ST._PETERS	2012	1	7	7	-9.7	1.1	5.39674876642447	-999.9	1.7	3.24074074074075	4.03967939229547	330
ST._PETERS	2012	1	8	8	-3.5	0.6	3.35164872140871	-999.9	0.8	4.29398148148147	5.02124131528209	330
ST._PETERS	2012	1	9	9	-11.5	-3.5	4.72081197672307	-999.9	0.4	3.40277777777778	2.89921919177379	330
ST._PETERS	2012	1	10	10	-11.1	1.8	6.046808186472	-999.9	0.2	4.32367149758453	3.59647356317203	330
ST._PETERS	2012	1	11	11	-9.9	-2.7	4.55834466826344	-999.9	0	7.74305555555556	2.89990882670075	330
ST._PETERS	2012	1	12	12	-13.5	-3.2	5.50318868223686	-999.9	15.6	2.48842592592593	2.34336183716167	330
ST._PETERS	2012	1	13	13	-3.2	7.9	5.76836491181774	-999.9	2.1	5.35879629629631	6.84110242669249	330
ST._PETERS	2012	1	14	14	-7.3	1.8	5.27525100725154	-999.9	0	8.24074074074075	3.64300607194962	330
ST._PETERS	2012	1	15	15	-13.3	-7.2	4.36364499413969	-999.9	0.4	6.03009259259258	2.08632291203121	330
ST._PETERS	2012	1	16	16	-13.8	-7	4.65614971055904	-999.9	0.4	5.06944444444445	2.1802026344393	330
ST._PETERS	2012	1	17	17	-13.8	-0.3	6.63205764527452	-999.9	0.8	3.50694444444444	2.85936072531964	330
ST._PETERS	2012	1	18	18	-8.2	6.8	7.06890094903205	-999.9	3.3	6.12268518518519	4.89678706529046	330
ST._PETERS	2012	1	19	19	-11.8	-6.1	4.4073693910869	-999.9	0	5.82175925925925	2.29959883445348	330
ST._PETERS	2012	1	20	20	-8.9	-0.4	5.44494003109167	-999.9	5.6	2.32638888888889	3.39967857402255	330
ST._PETERS	2012	1	21	21	-11.6	-4	5.20994177509322	-999.9	0.2	4.47916666666667	2.92521448714057	330
ST._PETERS	2012	1	22	22	-14.6	-7.6	5.06073184081506	-999.9	0	5.13888888888889	1.96219706448553	330
ST._PETERS	2012	1	23	23	-14.6	0.3	7.4745743345799	-999.9	0.3	3.07870370370369	2.71805363345471	330
ST._PETERS	2012	1	24	24	0.3	7.9	5.40523992196056	-999.9	12	4.97685185185186	7.74942307287935	330
ST._PETERS	2012	1	25	25	-4.9	3.5	5.75497660518972	-999.9	0.36	4.09090909090908	4.89656614099246	330
ST._PETERS	2012	1	26	26	-6.8	-4.9	2.77237815085831	-999.9	0	6.19212962962964	3.14321904949516	330
ST._PETERS	2012	1	27	27	-10.2	0.1	6.53938950277625	-999.9	22.3	3.02083333333333	3.49451476719428	330
ST._PETERS	2012	1	28	28	-5.9	1.8	5.72892707883393	-999.9	5.7	7.77777777777778	4.64609329917068	330
ST._PETERS	2012	1	29	29	-5.8	2.6	6.06371283501861	-999.9	0.5	5.20833333333333	4.07444991947745	330
ST._PETERS	2012	1	30	30	-9	0.8	6.63804449343064	-999.9	0	4.52546296296297	3.04120907571951	330
ST._PETERS	2012	1	31	31	-13	-8.8	4.40486340743732	-999.9	0	5.74074074074075	1.9122270662313	330
ST._PETERS	2012	2	1	32	-11.5	-3.1	6.31504137934221	-999.9	8.8	2.7662037037037	2.99026307579529	330
ST._PETERS	2012	2	2	33	-7.9	-3.1	4.83982474534178	-999.9	1.6	4.54861111111111	3.47835602951282	330
ST._PETERS	2012	2	3	34	-8.1	-6.7	2.65023821826702	-999.9	0	4.86111111111111	2.6852193039916	330
ST._PETERS	2012	2	4	35	-10.1	-7.5	3.66230639097647	-999.9	0	5.99537037037036	2.42414710057727	330
ST._PETERS	2012	2	5	36	-17.4	-9.3	6.55524235326499	-999.9	0.8	5.12731481481481	1.77187802497706	330
ST._PETERS	2012	2	6	37	-15.8	0	9.28496288566087	-999.9	0.6	4.44444444444444	2.68498691177547	330
ST._PETERS	2012	2	7	38	-8.2	-0.4	6.61648857917998	-999.9	0	5.11574074074075	3.33259594269976	330
ST._PETERS	2012	2	8	39	-11.3	-5.5	5.78685183822735	-999.9	0	5.18518518518519	2.02529532330098	330
ST._PETERS	2012	2	9	40	-8.5	1.5	7.70712221909987	-999.9	0.2	2.87037037037036	3.71065445239247	330
ST._PETERS	2012	2	10	41	-8.2	0.8	7.41633912239881	-999.9	0.7	3.09027777777778	3.48034114103884	330
ST._PETERS	2012	2	11	42	-2.6	2.8	5.8270669946307	-999.9	13.8	3.54166666666667	5.72373808604766	330
ST._PETERS	2012	2	12	43	-15.2	-1.7	9.34566436057357	-999.9	17.4	0	3.01030409499736	330
ST._PETERS	2012	2	13	44	-20.1	-11.7	7.47782330640971	-999.9	0	0	1.27092158560462	330
ST._PETERS	2012	2	14	45	-17.9	-2.5	10.2703942816538	-999.9	0	0	1.95539559497982	330
ST._PETERS	2012	2	15	46	-2.5	7	8.18230467890887	-999.9	14.7	0.70601851851852	6.55716379167546	330
ST._PETERS	2012	2	16	47	-4.4	-1.1	4.89159895118538	-999.9	0	3.05555555555556	4.79835942619649	330
ST._PETERS	2012	2	17	48	-4.8	-1.4	5.03620566664489	-999.9	0.6	2.58101851851852	4.34631835014612	330
ST._PETERS	2012	2	18	49	-3.5	-0.8	4.5520116124775	-999.9	7.4	5.26620370370369	5.09938712428189	330
ST._PETERS	2012	2	19	50	-6.9	-2.8	5.68925764804558	-999.9	1.4	6.84027777777778	3.90351452273052	330
ST._PETERS	2012	2	20	51	-8.5	-6	4.50565614848806	-999.9	0	4.96527777777778	3.08056309937128	330
ST._PETERS	2012	2	21	52	-11.5	-5.8	6.899689797476	-999.9	0	4.18981481481481	2.57595006693738	330
ST._PETERS	2012	2	22	53	-10.1	1.7	10.0673373504535	-999.9	3.6	3.35648148148147	4.07769151374387	330
ST._PETERS	2012	2	23	54	-1.1	4.4	6.96965971149954	-999.9	11.3	4.07407407407408	6.32245918099775	330
ST._PETERS	2012	2	24	55	-3.3	-0.4	5.13167109048506	-999.9	1.9	5.92592592592592	5.07125964769637	330
ST._PETERS	2012	2	25	56	-2.1	3.9	7.48403704025455	-999.9	7.8	8.10185185185186	5.44244474764956	330
ST._PETERS	2012	2	26	57	-6.6	-1.3	7.13128270346988	-999.9	0	9.91898148148147	3.43716762048523	330
ST._PETERS	2012	2	27	58	-12.9	-6.5	7.9443095173274	-999.9	0	5.09259259259258	2.26002559863017	330
ST._PETERS	2012	2	28	59	-10.1	-5	7.18874266095873	-999.9	8.7	4.58333333333333	3.13143947079218	330
ST._PETERS	2012	2	29	60	-12.9	-4.8	9.1828088638256	-999.9	0	4.29398148148147	2.26015740510613	330
ST._PETERS	2012	3	1	61	-10.6	-8.2	5.06600608184153	-999.9	0.07	4.42028985507247	2.06705749381599	330
ST._PETERS	2012	3	2	62	-11.5	-3.6	9.31453082054782	-999.9	0	2.90509259259258	2.58904233381894	330
ST._PETERS	2012	3	3	63	-7.6	5.5	12.1542804937136	-999.9	11.9	4.30555555555556	4.72720548813808	330
ST._PETERS	2012	3	4	64	-1.2	2.9	6.88952227568044	-999.9	0.8	4.27083333333333	5.07670372649357	330
ST._PETERS	2012	3	5	65	-5.5	-1	7.31245282770233	-999.9	2.7	3.34490740740742	4.32407738669173	330
ST._PETERS	2012	3	6	66	-7.6	-4.1	6.53288904807771	-999.9	0.4	4.53703703703703	3.30804437983051	330
ST._PETERS	2012	3	7	67	-10.9	1	12.2014875435401	-999.9	0	4.22453703703703	2.97042180347448	330
ST._PETERS	2012	3	8	68	0.3	10.4	11.3846712735896	-999.9	0.2	6.99074074074075	6.61335351401323	330
ST._PETERS	2012	3	9	69	-3.4	9.5	13.0294646395466	-999.9	10.6	6.66666666666667	6.09102876941464	330
ST._PETERS	2012	3	10	70	-10	-2	10.3896044384739	-999.9	0	3.47222222222222	2.70711636742346	330
ST._PETERS	2012	3	11	71	-10.9	1.9	13.3054864678041	-999.9	0.2	3.21759259259258	3.37440017366565	330
ST._PETERS	2012	3	12	72	-3.7	3.7	10.2414618080975	-999.9	0.2	3.39120370370369	4.9176959125	330
ST._PETERS	2012	3	13	73	-6	-0.5	8.93707672104912	-999.9	4.9	3.71527777777778	3.58401033859839	330
ST._PETERS	2012	3	14	74	-4.5	-0.9	7.31779776161178	-999.9	4.5	3.78472222222222	4.59925855826441	330
ST._PETERS	2012	3	15	75	-3.3	-1.7	4.93685523799375	-999.9	4.2	5.32407407407408	4.74466877424083	330
ST._PETERS	2012	3	16	76	-2.8	0.3	6.95309341314552	-999.9	0.4	2.91666666666667	4.72812323295749	330
ST._PETERS	2012	3	17	77	-1.8	6.9	11.784430641136	-999.9	0.4	3.63425925925925	5.87254798353108	330
ST._PETERS	2012	3	18	78	1.3	10.4	12.191743221616	-999.9	0	6.21527777777778	6.56307087995419	330
ST._PETERS	2012	3	19	79	-3.7	4.7	11.8474457821571	-999.9	0	3.36805555555556	5.07268568126488	330
ST._PETERS	2012	3	20	80	-3.1	15.1	17.6361634834867	-999.9	0.2	4.86111111111111	6.56560002810187	330
ST._PETERS	2012	3	21	81	-0.5	20.6	19.2015329740585	-999.9	0.2	2.82407407407408	8.96248530217577	330
ST._PETERS	2012	3	22	82	3.4	23.6	18.9949926238456	-999.9	0	5.74074074074075	10.1891100199868	330
ST._PETERS	2012	3	23	83	-3.5	5.4	12.7458667272497	-999.9	0	7.55787037037036	4.27218368505768	330
ST._PETERS	2012	3	24	84	-4.5	-0.3	8.8501732428995	-999.9	0	6.84027777777778	3.3667803256132	330
ST._PETERS	2012	3	25	85	-3	2	9.75902500292957	-999.9	0.7	3.4375	3.78763349035833	330
ST._PETERS	2012	3	26	86	-3	2.7	10.5291775644865	-999.9	4.4	5.33564814814814	5.75909386969943	330
ST._PETERS	2012	3	27	87	-6.5	-1.6	9.86351541659257	-999.9	0.9	9.43287037037036	3.92901545186123	330
ST._PETERS	2012	3	28	88	-6.2	-2.5	8.65868819386146	-999.9	0	5.34722222222222	3.38330987140858	330
ST._PETERS	2012	3	29	89	-6.6	0.9	12.4520297460627	-999.9	0	2.80092592592592	3.86809965154846	330
ST._PETERS	2012	3	30	90	-5.9	2.2	13.0692572665159	-999.9	0.2	2.74305555555556	3.98313065790983	330
ST._PETERS	2012	3	31	91	-7	0.7	12.8674693100183	-999.9	0	2.75462962962963	3.66339149693165	330
ST._PETERS	2012	4	1	92	-7.6	2.3	14.731439438419	-999.9	0	2.25694444444444	3.88200072564862	330
ST._PETERS	2012	4	2	93	-4.4	4.6	14.1797649365071	-999.9	0	2.16435185185185	4.86079827559493	330
ST._PETERS	2012	4	3	94	-3.5	1	10.1207938765745	-999.9	0	5.78703703703703	4.40717832093185	330
ST._PETERS	2012	4	4	95	-1.1	2.2	8.74714238632556	-999.9	0	5.43981481481481	4.98930669249575	330
ST._PETERS	2012	4	5	96	-0.1	5.6	11.6007998827087	-999.9	0	4.98842592592592	5.08107795104968	330
ST._PETERS	2012	4	6	97	-1.8	4.5	12.3055912062422	-999.9	0	3.55324074074075	4.45346509557148	330
ST._PETERS	2012	4	7	98	-2.9	4.1	13.0858944463369	-999.9	1.6	3.91203703703703	5.47541687345626	330
ST._PETERS	2012	4	8	99	-1.8	3.8	11.8062276481851	-999.9	17.6	7.41898148148147	5.9051805376473	330
ST._PETERS	2012	4	9	100	0.8	9.9	15.1789329709369	-999.9	0.4	5.59027777777778	7.36777125312598	330
ST._PETERS	2012	4	10	101	2.3	14.6	17.7957905423693	-999.9	0.2	4.61805555555556	7.89824500860851	330
ST._PETERS	2012	4	11	102	0.3	11.4	17.0455613097332	-999.9	0	3.20601851851853	6.78067417733574	330
ST._PETERS	2012	4	12	103	-0.7	1.5	7.65045554608732	-999.9	0.2	3.93518518518519	5.94960987119843	330
ST._PETERS	2012	4	13	104	-2.9	3.4	13.050092084532	-999.9	0.2	4.66435185185186	5.50418336663541	330
ST._PETERS	2012	4	14	105	-2.4	8.8	17.5372316063255	-999.9	0.5	3.35648148148147	4.96340844583616	330
ST._PETERS	2012	4	15	106	-2.4	14.6	21.7734261765706	-999.9	0	3.25231481481481	4.91699361819118	330
ST._PETERS	2012	4	16	107	4.1	20.6	21.6140586712184	-999.9	0	6.31944444444445	10.3790839107396	330
ST._PETERS	2012	4	17	108	9.9	21.3	18.1000918902291	-999.9	0	7.34953703703703	13.7161015392616	330
ST._PETERS	2012	4	18	109	-1.4	9.9	18.1528052095816	-999.9	0	3.98148148148147	6.70844749246328	330
ST._PETERS	2012	4	19	110	-2.3	3.9	13.5431264978323	-999.9	0	2.39583333333333	5.50630134441642	330
ST._PETERS	2012	4	20	111	-2	18.2	24.618407786693	-999.9	0	3.49537037037036	8.29215710093205	330
ST._PETERS	2012	4	21	112	3.5	21.7	23.5301130789493	-999.9	0	5.26620370370369	9.58245635004683	330
ST._PETERS	2012	4	22	113	0.2	14.3	20.8518705388954	-999.9	8.3	4.50231481481481	9.46055476442333	330
ST._PETERS	2012	4	23	114	0.2	11.6	18.8746270644206	-999.9	0.2	4.83796296296297	8.77796158544495	330
ST._PETERS	2012	4	24	115	9.3	15.6	14.1231092099948	-999.9	7.5	6.53935185185186	13.4731968010672	330
ST._PETERS	2012	4	25	116	5.2	12.6	15.4047213352228	-999.9	2.2	2.59259259259259	10.8533742871646	330
ST._PETERS	2012	4	26	117	4.4	15.2	18.7271600801275	-999.9	5.1	4.14351851851853	9.03755722463549	330
ST._PETERS	2012	4	27	118	3	13.6	18.6672099894035	-999.9	24.9	5.9375	9.70654239970884	330
ST._PETERS	2012	4	28	119	-1	3.2	11.8212173292005	-999.9	0	7.66203703703703	4.62980427696566	330
ST._PETERS	2012	4	29	120	-1.8	4.8	14.9061507012998	-999.9	0	3.93518518518519	3.81584829153212	330
ST._PETERS	2012	4	30	121	-3	3.9	15.3291912452077	-999.9	0	3.81944444444444	4.17906567364007	330
ST._PETERS	2012	5	1	122	-3.8	8.5	20.582297501075	-999.9	0.3	2.1412037037037	4.80487913665074	330
ST._PETERS	2012	5	2	123	-2	7.6	18.2839160716357	-999.9	0	2.1875	5.55948098274851	330
ST._PETERS	2012	5	3	124	-0.5	6.6	15.8088784045295	-999.9	0	3.71527777777778	5.91855076545639	330
ST._PETERS	2012	5	4	125	-0.7	10	19.5095969043259	-999.9	0	2.98611111111111	6.98475872399331	330
ST._PETERS	2012	5	5	126	-1.6	10.7	21.0251929839615	-999.9	0.2	1.96759259259259	7.12067144694227	330
ST._PETERS	2012	5	6	127	2.8	5.8	10.4358026261137	-999.9	6	4.08564814814814	7.803349544342	330
ST._PETERS	2012	5	7	128	1.9	5.9	12.1093280733263	-999.9	3.6	2.67361111111111	7.71896511392175	330
ST._PETERS	2012	5	8	129	1.9	15.7	22.5996491433959	-999.9	1	2.74305555555556	8.99855137164827	330
ST._PETERS	2012	5	9	130	6	10.6	13.1087327672527	-999.9	9.6	4.9867724867725	10.350460606018	330
ST._PETERS	2012	5	10	131	11.5	20.1	18.0052206312753	-999.9	3.6	6.79398148148147	15.6125962947623	330
ST._PETERS	2012	5	11	132	5.8	19	22.4053456564032	-999.9	0	4.95370370370369	10.3429408443064	330
ST._PETERS	2012	5	12	133	4.3	13.9	19.1895166416315	-999.9	3.9	3.46064814814814	9.45354261057765	330
ST._PETERS	2012	5	13	134	4.3	10.6	15.6102889936069	-999.9	0.2	2.8125	8.83173089005995	330
ST._PETERS	2012	5	14	135	6.9	15	17.7723220143018	-999.9	0.4	3.37962962962964	9.85734734893542	330
ST._PETERS	2012	5	15	136	11.4	20.2	18.5974315980009	-999.9	2.1	3.64583333333333	14.733965334451	330
ST._PETERS	2012	5	16	137	13.4	19.8	15.9206497436809	-999.9	3	4.97685185185186	15.1022370191841	330
ST._PETERS	2012	5	17	138	6.1	18.9	22.5987473797098	-999.9	0	4.56018518518519	12.4909025248418	330
ST._PETERS	2012	5	18	139	5.5	17.9	22.3227879371155	-999.9	0	5.06944444444445	7.68505321628384	330
ST._PETERS	2012	5	19	140	4.9	16.8	21.9441676771815	-999.9	0	3.32175925925925	7.61542320112714	330
ST._PETERS	2012	5	20	141	3.6	14.8	21.3605641560812	-999.9	0	2.52314814814815	6.13891496459479	330
ST._PETERS	2012	5	21	142	8.6	26.8	27.3179247543078	-999.9	0	5.96064814814814	9.95550947115065	330
ST._PETERS	2012	5	22	143	11	22.9	22.1586965885863	-999.9	0.3	4.46759259259258	14.5341311653772	330
ST._PETERS	2012	5	23	144	6.1	16.9	21.1734645774326	-999.9	0	2.99768518518519	12.7385215862876	330
ST._PETERS	2012	5	24	145	5.7	20.2	24.6050438908281	-999.9	0	2.67361111111111	11.0837041309959	330
ST._PETERS	2012	5	25	146	7.2	24.5	26.9509596452728	-999.9	0	5.18518518518519	9.87055095155867	330
ST._PETERS	2012	5	26	147	5	23.1	27.6409278821516	-999.9	5	5.13888888888889	13.0173850751247	330
ST._PETERS	2012	5	27	148	4.3	11.5	17.4780506373435	-999.9	0	2.2337962962963	7.52475336645182	330
ST._PETERS	2012	5	28	149	1.2	14.2	23.5430786479562	-999.9	0	3.09027777777778	7.82302377015899	330
ST._PETERS	2012	5	29	150	0.4	8.7	18.8558892301591	-999.9	0	1.55092592592593	5.35647717519237	330
ST._PETERS	2012	5	30	151	4.9	6.7	8.80060077999511	-999.9	11.1	3.71527777777778	8.50900126022129	330
ST._PETERS	2012	5	31	152	6.7	12.2	15.4162002352795	-999.9	0.8	1.65509259259259	10.8492883983893	330
ST._PETERS	2012	6	1	153	6.2	10.8	14.1268978071932	-999.9	0	3.20601851851853	9.91807838823502	330
ST._PETERS	2012	6	2	154	5.8	14.4	19.3526785734932	-999.9	0	2.90509259259258	10.4881247506131	330
ST._PETERS	2012	6	3	155	6.9	12.5	15.6445125583505	-999.9	0	4.17824074074075	9.9437938605028	330
ST._PETERS	2012	6	4	156	6.9	10.5	12.5645731989921	-999.9	0.2	5.08101851851853	9.83213834944524	330
ST._PETERS	2012	6	5	157	6.4	8.5	9.61140794469951	-999.9	1.9	4.42129629629631	9.57782996328703	330
ST._PETERS	2012	6	6	158	5.5	7.6	9.6254354428858	-999.9	1.1	3.93518518518519	9.35932233368023	330
ST._PETERS	2012	6	7	159	5.4	10.6	15.1669542784898	-999.9	0.2	3.19444444444444	9.24579046443578	330
ST._PETERS	2012	6	8	160	5.7	21.8	26.7207281863857	-999.9	0.2	2.63888888888889	9.54503877853755	330
ST._PETERS	2012	6	9	161	8	18.3	21.3966295039582	-999.9	9.7	3.69212962962964	12.5562473134481	330
ST._PETERS	2012	6	10	162	7.5	15.2	18.5189496858394	-999.9	0.4	2.95138888888889	11.9044371270161	330
ST._PETERS	2012	6	11	163	6.4	15.9	20.588747488881	-999.9	0	2.33796296296296	11.6085239074795	330
ST._PETERS	2012	6	12	164	8.7	21.6	24.01115654243	-999.9	0	4.18981481481481	12.1255487780913	330
ST._PETERS	2012	6	13	165	8	22.3	25.2981850151403	-999.9	0	3.57638888888889	11.973798763586	330
ST._PETERS	2012	6	14	166	10.7	17.1	16.9343109299247	-999.9	0	2.96296296296297	14.3510827041731	330
ST._PETERS	2012	6	15	167	8.7	13.7	14.97517356929	-999.9	0	4.29398148148147	12.0537213727712	330
ST._PETERS	2012	6	16	168	6.2	15	19.8742470757192	-999.9	0	2.01388888888889	10.49673395841	330
ST._PETERS	2012	6	17	169	6.2	19.1	24.0691023351303	-999.9	0	2.73148148148148	10.800513742642	330
ST._PETERS	2012	6	18	170	6.8	20.8	25.0782935907403	-999.9	0	3.03240740740742	11.6111502153856	330
ST._PETERS	2012	6	19	171	8.7	22.9	25.2580795824748	-999.9	0	3.05555555555556	13.0818387424127	330
ST._PETERS	2012	6	20	172	12.1	24.7	23.7912305443351	-999.9	1.13	3.35748792270531	17.1289716631358	330
ST._PETERS	2012	6	21	173	9.7	16	16.820181996526	-999.9	0	2.93981481481481	13.3830144702135	330
ST._PETERS	2012	6	22	174	9.8	18.7	19.9865355486243	-999.9	0	2.22222222222222	14.1144881660264	330
ST._PETERS	2012	6	23	175	12.1	21.4	20.4229944193589	-999.9	0.9	4.05092592592592	15.9436709996262	330
ST._PETERS	2012	6	24	176	11.7	17.1	15.5547695395955	-999.9	1.3	5.39351851851853	14.6453461249025	330
ST._PETERS	2012	6	25	177	12.6	23.5	22.0862525565526	-999.9	0.3	3.14814814814814	16.3175660342811	330
ST._PETERS	2012	6	26	178	13.8	19	15.2442429384161	-999.9	31.8	5.27777777777778	16.8853799677367	330
ST._PETERS	2012	6	27	179	12.9	20.8	18.7744164802156	-999.9	0	4.60648148148147	15.8840729205292	330
ST._PETERS	2012	6	28	180	12.9	21.8	19.9090212070847	-999.9	7.3	4.35185185185186	16.5362655450654	330
ST._PETERS	2012	6	29	181	13.2	25.9	23.7581182056549	-999.9	0	4.88425925925925	16.6039481154539	330
ST._PETERS	2012	6	30	182	16.5	27.7	22.2857730225803	-999.9	1.7	3.85416666666667	19.6874038686206	330
ST._PETERS	2012	7	1	183	15.7	24.9	20.1731782742768	-999.9	0	3.34490740740742	16.1838393304666	330
ST._PETERS	2012	7	2	184	14.8	22.8	18.7862586213585	-999.9	6.3	2.16435185185185	15.9962794543746	330
ST._PETERS	2012	7	3	185	14	24.7	21.6947778685424	-999.9	0	1.97916666666667	16.0029519010682	330
ST._PETERS	2012	7	4	186	14.7	27.6	23.7836916244919	-999.9	1.1	2.69675925925926	17.3798091129875	330
ST._PETERS	2012	7	5	187	14.7	20.8	16.3276408477637	-999.9	1.5	3.76157407407408	17.8797228588279	330
ST._PETERS	2012	7	6	188	12.2	22.4	21.0758780623577	-999.9	0	3.20601851851853	17.1342914094381	330
ST._PETERS	2012	7	7	189	12.8	24.8	22.816875677494	-999.9	0	2.58101851851852	18.6653521896676	330
ST._PETERS	2012	7	8	190	14.2	21.4	17.6386190812903	-999.9	0	3.69212962962964	15.1598222427258	330
ST._PETERS	2012	7	9	191	13.5	20.7	17.6015170568124	-999.9	0	4.03935185185186	13.068416774262	330
ST._PETERS	2012	7	10	192	12.4	25.5	23.6895970500356	-999.9	0	4.30555555555556	12.2077601212697	330
ST._PETERS	2012	7	11	193	12.9	23.9	21.6575389255826	-999.9	0	2.70833333333333	12.4929548135506	330
ST._PETERS	2012	7	12	194	14.4	28.6	24.5470966496424	-999.9	0	5.27777777777778	13.8721719508383	330
ST._PETERS	2012	7	13	195	16	20.5	13.7834449542875	-999.9	2.6	3.47222222222222	15.7759106889011	330
ST._PETERS	2012	7	14	196	15	22.6	17.8651276250618	-999.9	2.6	2.97453703703703	19.1011191668582	330
ST._PETERS	2012	7	15	197	14.4	25.3	21.3359760329636	-999.9	0	2.96296296296297	16.7020279413172	330
ST._PETERS	2012	7	16	198	14.4	20.5	15.9153476500843	-999.9	7.9	4.40972222222222	17.2685339867907	330
ST._PETERS	2012	7	17	199	15.9	22.2	16.1259500414751	-999.9	0.3	2.73148148148148	19.1384900296043	330
ST._PETERS	2012	7	18	200	16.1	21.6	15.0207612397344	-999.9	0.2	4.18981481481481	18.6270367519364	330
ST._PETERS	2012	7	19	201	13.8	20.4	16.4017325110139	-999.9	0.6	3.94675925925925	14.9446563860474	330
ST._PETERS	2012	7	20	202	9.3	17.8	18.5517902221809	-999.9	0	4.54861111111111	11.9106620384286	330
ST._PETERS	2012	7	21	203	7.2	23	25.2066307418269	-999.9	0	1.85185185185185	12.0334627321526	330
ST._PETERS	2012	7	22	204	12.5	27.6	24.5547631490654	-999.9	0	2.91666666666667	14.72504160318	330
ST._PETERS	2012	7	23	205	15.9	28.3	22.1702246819843	-999.9	0	5.02314814814814	16.2707656619126	330
ST._PETERS	2012	7	24	206	14.9	24.6	19.5347508072113	-999.9	23.8	5.38194444444445	18.6180931910549	330
ST._PETERS	2012	7	25	207	11.5	19.6	17.78188809208	-999.9	5.3	3.88888888888889	15.0654693663674	330
ST._PETERS	2012	7	26	208	12.7	25.2	22.0015934183995	-999.9	0	2.80092592592592	15.5906334078866	330
ST._PETERS	2012	7	27	209	14.4	24.2	19.4010907536739	-999.9	0	2.51157407407408	17.0837914964102	330
ST._PETERS	2012	7	28	210	11.3	21.1	19.3192447484973	-999.9	0	1.99074074074074	15.5082111548648	330
ST._PETERS	2012	7	29	211	9.6	22.2	21.8110306072022	-999.9	0	1.71296296296296	14.4354918204265	330
ST._PETERS	2012	7	30	212	13.1	22.6	18.854547993112	-999.9	0	2.06018518518519	15.3242211086425	330
ST._PETERS	2012	7	31	213	12.9	29.4	24.7348389560853	-999.9	0	2.74305555555556	17.6220731188049	330
ST._PETERS	2012	8	1	214	15.2	20.2	13.552333266418	-999.9	5	3.42592592592592	16.4117632728671	330
ST._PETERS	2012	8	2	215	14.4	21.6	16.1847581020985	-999.9	0.7	3.17129629629631	18.6847241384736	330
ST._PETERS	2012	8	3	216	14.4	28.1	22.2156922514355	-999.9	0	3.86574074074075	20.9098932687797	330
ST._PETERS	2012	8	4	217	14.2	22.9	17.6143763305196	-999.9	0	2.89351851851853	17.8415634565115	330
ST._PETERS	2012	8	5	218	14.3	27.8	21.8288493705172	-999.9	0	3.20601851851853	19.3148663196607	330
ST._PETERS	2012	8	6	219	18.1	27.7	18.3106553838942	-999.9	0	4.66435185185186	21.7426770907889	330
ST._PETERS	2012	8	7	220	15.7	23	15.8811434828091	-999.9	0	2.1412037037037	18.1517581634024	330
ST._PETERS	2012	8	8	221	15.8	28	20.4173714635844	-999.9	0	2.47685185185185	18.7011441547065	330
ST._PETERS	2012	8	9	222	17.4	26.3	17.3405055273954	-999.9	0	2.43055555555556	21.064898412944	330
ST._PETERS	2012	8	10	223	18	24.7	14.9588428563538	-999.9	0	2.39583333333333	21.4009833629807	330
ST._PETERS	2012	8	11	224	16.8	24.7	16.1478517234913	-999.9	0.4	2.98611111111111	20.4213158378994	330
ST._PETERS	2012	8	12	225	17.5	26.2	16.8441054803453	-999.9	1.8	2.63888888888889	23.8574266994199	330
ST._PETERS	2012	8	13	226	18.4	27.5	17.1215232620008	-999.9	0	3.84259259259258	23.3087259158212	330
ST._PETERS	2012	8	14	227	17.8	23.7	13.7002059742748	-999.9	0	2.25694444444444	21.2332352899346	330
ST._PETERS	2012	8	15	228	17.4	28.1	18.3323493797791	-999.9	0.2	2.44212962962963	23.3532605034563	330
ST._PETERS	2012	8	16	229	16.9	24.5	15.3498342447796	-999.9	36.7	3.94675925925925	20.5002561629553	330
ST._PETERS	2012	8	17	230	16.8	24.8	15.6443603432209	-999.9	0	2.53472222222222	20.4110383764812	330
ST._PETERS	2012	8	18	231	17.5	25.3	15.3433808449115	-999.9	0.2	1.80555555555556	21.9767945745408	330
ST._PETERS	2012	8	19	232	17.6	22.8	12.4417412767737	-999.9	0.4	1.77083333333333	20.2140937468649	330
ST._PETERS	2012	8	20	233	15.6	22.7	14.4364013800982	-999.9	1.4	1.57407407407407	20.0307226635326	330
ST._PETERS	2012	8	21	234	13.9	24.5	17.5136757835284	-999.9	0	1.33101851851852	17.6944255498957	330
ST._PETERS	2012	8	22	235	15.1	22.8	14.8186427996975	-999.9	0	3.15972222222222	15.8572185310167	330
ST._PETERS	2012	8	23	236	14.2	26.7	18.7413402043646	-999.9	0.1	3.55324074074075	15.6383004097946	330
ST._PETERS	2012	8	24	237	15.5	21.3	12.6702700518919	-999.9	0	4.00462962962964	16.4418264271888	330
ST._PETERS	2012	8	25	238	10.6	22.8	18.2356601555606	-999.9	0	2.06018518518519	13.8385350101987	330
ST._PETERS	2012	8	26	239	13.4	26.3	18.6058450001541	-999.9	0	4.79166666666667	15.486804720907	330
ST._PETERS	2012	8	27	240	17.2	29.6	18.0976189245458	-999.9	0.01	4.375	18.9417971943572	330
ST._PETERS	2012	8	28	241	16.5	23.4	13.3916504571205	-999.9	5.1	5.13285024154589	18.1285428199635	330
ST._PETERS	2012	8	29	242	11.4	18.3	13.2823773741871	-999.9	0.9	5.39351851851853	11.3904325970084	330
ST._PETERS	2012	8	30	243	11.4	24.6	18.2189163395058	-999.9	0.04	4.83796296296297	14.6006786128276	330
ST._PETERS	2012	8	31	244	16	27.4	16.7886109986808	-999.9	0.84	5.37037037037036	17.3120020243401	330
ST._PETERS	2012	9	1	245	13	18.7	11.7697941735283	-999.9	0.1	5.89506172839506	11.2247975029329	330
ST._PETERS	2012	9	2	246	8.7	18.7	15.4540661181451	-999.9	0	1.95601851851852	10.5652848419874	330
ST._PETERS	2012	9	3	247	8.9	20	16.1382974050074	-999.9	0	2.43055555555556	13.034229217225	330
ST._PETERS	2012	9	4	248	11.9	24.9	17.3086588637759	-999.9	0	3.125	15.6184070099952	330
ST._PETERS	2012	9	5	249	13.3	16.1	7.95991216571122	-999.9	47	3.69212962962964	15.1349091356908	330
ST._PETERS	2012	9	6	250	15.1	18	8.02615861687989	-999.9	7.9	2.67361111111111	17.9551452159007	330
ST._PETERS	2012	9	7	251	14	18.4	9.79391883897819	-999.9	0.2	3.10185185185186	16.224685887802	330
ST._PETERS	2012	9	8	252	14.2	24.2	14.6249211327194	-999.9	0.2	3.38164251207731	17.7851865434085	330
ST._PETERS	2012	9	9	253	16.7	23.4	11.855947762034	-999.9	23.3	4.98842592592592	20.5967188885109	330
ST._PETERS	2012	9	10	254	13.2	15.1	6.25205862147891	-999.9	85.3	4.57729468599033	15.4813796966032	330
ST._PETERS	2012	9	11	255	12.4	17.4	10.0420112823831	-999.9	3.5	5.67129629629631	13.644419881295	330
ST._PETERS	2012	9	12	256	9.4	21.4	15.4013214300707	-999.9	0	2.21014492753623	12.9843704781964	330
ST._PETERS	2012	9	13	257	11.5	23.7	15.3716773911676	-999.9	0	4.53703703703703	14.5489115513031	330
ST._PETERS	2012	9	14	258	12.2	24.7	15.3997197856849	-999.9	0	3.54166666666667	16.420462458367	330
ST._PETERS	2012	9	15	259	10.8	22.4	14.6806721934391	-999.9	3.3	3.85416666666667	15.2128761182257	330
ST._PETERS	2012	9	16	260	10.3	15.7	9.91096285608684	-999.9	0.3	5.04629629629631	11.0962351701491	330
ST._PETERS	2012	9	17	261	9.7	18.5	12.5171502337178	-999.9	0	4.94212962962964	10.587562938558	330
ST._PETERS	2012	9	18	262	9.4	21.6	14.5791642186391	-999.9	0	3.62268518518519	12.3908428571727	330
ST._PETERS	2012	9	19	263	11.3	23.6	14.4789676255659	-999.9	16.2	5.99537037037036	16.3733144438709	330
ST._PETERS	2012	9	20	264	11.3	16	8.8513681129196	-999.9	8.3	3.77314814814814	13.182012745124	330
ST._PETERS	2012	9	21	265	16	21.3	9.29437822878126	-999.9	3.5	3.53009259259258	20.1188138036404	330
ST._PETERS	2012	9	22	266	17.8	22	8.18036956661568	-999.9	13.1	3.98148148148147	21.9226268961992	330
ST._PETERS	2012	9	23	267	14.4	23	11.5720098728277	-999.9	19.1	4.18981481481481	19.0903183894633	330
ST._PETERS	2012	9	24	268	9.5	17.1	10.7528502818404	-999.9	16.9	2.51157407407408	10.6066086711251	330
ST._PETERS	2012	9	25	269	7.8	18.3	12.4915173717357	-999.9	3.3	3.58796296296297	11.0365796327788	330
ST._PETERS	2012	9	26	270	8.6	19.5	12.5772202641821	-999.9	1	5.06944444444445	12.6943062314815	330
ST._PETERS	2012	9	27	271	10.7	15.9	8.58364509330125	-999.9	3.6	6.12268518518519	11.6800485848293	330
ST._PETERS	2012	9	28	272	7.1	14.6	10.1846916053984	-999.9	0	2.96296296296297	9.24106511655399	330
ST._PETERS	2012	9	29	273	7.9	13.9	8.99889786106204	-999.9	13.4	2.69675925925926	11.586790028076	330
ST._PETERS	2012	9	30	274	13.8	17.4	6.88511964679602	-999.9	30.5	5.76388888888889	16.8003708583605	330
ST._PETERS	2012	10	1	275	10.8	19.5	10.5710320130263	-999.9	15.3	4.82638888888889	14.6619418776802	330
ST._PETERS	2012	10	2	276	10.2	16.9	9.16103614964388	-999.9	0	4.64120370370369	13.4939721452875	330
ST._PETERS	2012	10	3	277	11.6	16.5	7.73584179863898	-999.9	0	5.38194444444445	12.5125743819321	330
ST._PETERS	2012	10	4	278	10.3	14.8	7.3193431757606	-999.9	0.4	3.09027777777778	12.1825368628621	330
ST._PETERS	2012	10	5	279	10.2	16.4	8.48150854595672	-999.9	0.7	1.55092592592593	13.3796617815276	330
ST._PETERS	2012	10	6	280	12.2	19.6	9.14662359663607	-999.9	0	5.27777777777778	14.8436156729412	330
ST._PETERS	2012	10	7	281	8.4	16.4	9.38674821558078	-999.9	1.4	4.09722222222222	11.7886635016352	330
ST._PETERS	2012	10	8	282	7.8	11.5	6.30021155368873	-999.9	3.8	3.61111111111111	9.99414218384711	330
ST._PETERS	2012	10	9	283	5.3	12.1	8.42855432994529	-999.9	0.8	2.91666666666667	7.15877569626913	330
ST._PETERS	2012	10	10	284	8.6	13.5	7.05996878021364	-999.9	0	2.91666666666667	10.8517704048867	330
ST._PETERS	2012	10	11	285	4.3	15.4	10.4842080490692	-999.9	1.5	8.91203703703703	8.91466447134989	330
ST._PETERS	2012	10	12	286	2.2	8.7	7.91525925763777	-999.9	13.4	4.67592592592592	7.07520255502039	330
ST._PETERS	2012	10	13	287	2.4	6.9	6.49704213246733	-999.9	1.4	7.32638888888889	5.09737253859491	330
ST._PETERS	2012	10	14	288	2.4	6.9	6.40892327225723	-999.9	2.9	3.91203703703703	6.02319265605359	330
ST._PETERS	2012	10	15	289	6.6	15.8	9.03883431463438	-999.9	3.1	2.82407407407408	12.5656984578566	330
ST._PETERS	2012	10	16	290	5.6	17	9.92391206520074	-999.9	10.5	5.16203703703703	12.4756454528747	330
ST._PETERS	2012	10	17	291	4.6	7.7	5.1038467515949	-999.9	0	5.9375	7.18065073264692	330
ST._PETERS	2012	10	18	292	2.9	10	7.61743440196958	-999.9	0.2	2.5462962962963	7.4887292136597	330
ST._PETERS	2012	10	19	293	3.5	17.2	10.434732314152	-999.9	0.8	2.80092592592592	9.60308136949602	330
ST._PETERS	2012	10	20	294	9.1	17.4	8.00907938162013	-999.9	2.9	5.39351851851853	13.3796617815276	330
ST._PETERS	2012	10	21	295	8.7	17.5	8.13187852776955	-999.9	0.8	4.00462962962964	13.8556374018372	330
ST._PETERS	2012	10	22	296	7	12.5	6.33903111725234	-999.9	0.8	4.96527777777778	9.70663044597699	330
ST._PETERS	2012	10	23	297	4.3	7.3	4.61618050079056	-999.9	2	7.01388888888889	7.03873845743475	330
ST._PETERS	2012	10	24	298	3.1	6	4.47500082372823	-999.9	1.2	5.76388888888889	6.36813787428436	330
ST._PETERS	2012	10	25	299	3.6	6.1	4.09666328038941	-999.9	0	5.71759259259258	6.5755245641838	330
ST._PETERS	2012	10	26	300	5.7	9.6	5.04493787283348	-999.9	0	4.75694444444445	7.48442184193963	330
ST._PETERS	2012	10	27	301	6.6	9.7	4.43473593548629	-999.9	0	4.34027777777778	9.71363071905569	330
ST._PETERS	2012	10	28	302	7	11.2	5.08953667249302	-999.9	0	4.23611111111111	10.8993785392542	330
ST._PETERS	2012	10	29	303	10.6	16.8	6.09709080370369	-999.9	0	3.95833333333333	13.2148038216044	330
ST._PETERS	2012	10	30	304	10.6	14.9	5.00661438829285	-999.9	0	5.37037037037036	12.3680614610192	330
ST._PETERS	2012	10	31	305	10.8	13.8	4.12350929502041	-999.9	16.5	6.23842592592592	12.8843544755938	330
ST._PETERS	2012	11	1	306	11.4	19.4	6.63994801125442	-999.9	12.7	2.83564814814814	15.6420292493586	330
ST._PETERS	2012	11	2	307	7.8	13.5	5.52701972703059	-999.9	0.6	3.62268518518519	11.0567682756517	330
ST._PETERS	2012	11	3	308	7.6	12.3	4.94949345125501	-999.9	0.5	2.63888888888889	11.4507049259193	330
ST._PETERS	2012	11	4	309	5.5	9.2	4.33110921567832	-999.9	25.8	4.27083333333333	9.34886494096685	330
ST._PETERS	2012	11	5	310	1.3	5.7	4.65846937007346	-999.9	3.4	2.91666666666667	6.97543744252125	330
ST._PETERS	2012	11	6	311	0	2.1	3.17454468504623	-999.9	1.5	4.79532163742689	4.55575083735521	330
ST._PETERS	2012	11	7	312	-3	4.9	6.07408217672016	-999.9	5.6	4.09722222222222	4.4893667681462	330
ST._PETERS	2012	11	8	313	3.5	8.5	4.76751572640891	-999.9	18.4	6.09953703703703	8.73326535323204	330
ST._PETERS	2012	11	9	314	3.7	6.9	3.76332032654661	-999.9	0	5.17361111111111	8.10691188138977	330
ST._PETERS	2012	11	10	315	1.6	4.1	3.28253042485288	-999.9	0.2	9.25925925925925	4.74881776257097	330
ST._PETERS	2012	11	11	316	-1.1	3.6	4.44209931544054	-999.9	0	5.09259259259258	4.6294646700204	330
ST._PETERS	2012	11	12	317	2.6	14.9	7.0934105482169	-999.9	0	4.69907407407408	8.42992253299751	330
ST._PETERS	2012	11	13	318	5.3	19.2	7.4445842859453	-999.9	4.7	7.16435185185186	11.256605094562	330
ST._PETERS	2012	11	14	319	3.5	5.5	2.78837134517264	-999.9	9.5	4.16666666666667	7.29308394380321	330
ST._PETERS	2012	11	15	320	4	5.6	2.46306019892631	-999.9	1	5.06944444444445	7.073327566972	330
ST._PETERS	2012	11	16	321	2.4	4.8	2.97976353155295	-999.9	0.2	3.75	6.69724340831826	330
ST._PETERS	2012	11	17	322	-1.8	3.6	4.41591634529584	-999.9	0.2	4.09722222222222	4.61543333414012	330
ST._PETERS	2012	11	18	323	-1.9	2.7	4.02756199802402	-999.9	0	3.32175925925925	4.33321143716487	330
ST._PETERS	2012	11	19	324	-2.5	5.8	5.34734604561454	-999.9	1.7	2.84722222222222	5.44650804618188	330
ST._PETERS	2012	11	20	325	-1.9	6.7	5.38128459977057	-999.9	0.5	2.53472222222222	5.92936065503201	330
ST._PETERS	2012	11	21	326	-0.3	6.1	4.59061421412425	-999.9	2	1.79398148148148	5.94232037000758	330
ST._PETERS	2012	11	22	327	0.1	9	5.35465492474418	-999.9	0.2	3.68055555555556	6.65921218068978	330
ST._PETERS	2012	11	23	328	1.7	11.9	5.67164260422805	-999.9	0	5.20833333333333	7.85991048187635	330
ST._PETERS	2012	11	24	329	5.8	10.6	3.85055450224639	-999.9	6.7	2.37268518518519	10.2231982321865	330
ST._PETERS	2012	11	25	330	-2.5	6	5.07262275504411	-999.9	1.9	7.34953703703703	5.32258956938312	330
ST._PETERS	2012	11	26	331	-3.5	0	3.22336175580149	-999.9	0.2	7.65046296296297	3.31993715501302	330
ST._PETERS	2012	11	27	332	-7.4	-1.1	4.28384318789345	-999.9	0.2	4.57175925925925	3.03859808734155	330
ST._PETERS	2012	11	28	333	-7.7	1.6	5.15743973389721	-999.9	2	2.41898148148148	3.31215922983032	330
ST._PETERS	2012	11	29	334	-5.2	0.8	4.10623270489517	-999.9	1.3	5.08101851851853	3.80876118971119	330
ST._PETERS	2012	11	30	335	-10.8	-3.9	4.36634643269089	-999.9	1	8.65740740740742	2.62352389328719	330
ST._PETERS	2012	12	1	336	-8.4	-2.3	4.07229522688739	-999.9	0	5.57870370370369	2.38510999381198	330
ST._PETERS	2012	12	2	337	-9.2	5.1	6.18703285036265	-999.9	2.5	5.20833333333333	3.68793248192783	330
ST._PETERS	2012	12	3	338	1.5	9	4.44783564856488	-999.9	7.1	5.3125	8.41627909341522	330
ST._PETERS	2012	12	4	339	0.6	2.2	2.04009095002752	-999.9	0.2	3.21759259259258	5.88796751199761	330
ST._PETERS	2012	12	5	340	1.5	9.5	4.53187228302344	-999.9	2	6.27314814814814	8.15613627870406	330
ST._PETERS	2012	12	6	341	-1.5	1.7	2.84856580975974	-999.9	0.7	8.09027777777778	5.04111405688356	330
ST._PETERS	2012	12	7	342	-3	1.7	3.4323997031116	-999.9	0	3.80787037037036	4.51282063535702	330
ST._PETERS	2012	12	8	343	-1.3	6.4	4.36992917530426	-999.9	5.3	2.73148148148148	6.64938897662811	330
ST._PETERS	2012	12	9	344	-2.3	8.6	5.17378079462296	-999.9	0.4	6.95601851851853	6.14073021587896	330
ST._PETERS	2012	12	10	345	-2.5	11.6	5.8581253498835	-999.9	28.3	3.44907407407408	7.20231424020233	330
ST._PETERS	2012	12	11	346	-3.1	13.1	6.25391902648411	-999.9	7.6	5.49768518518519	7.6545735390803	330
ST._PETERS	2012	12	12	347	-3.9	-2.1	2.07716232884953	-999.9	0.2	5.625	3.70815181347247	330
ST._PETERS	2012	12	13	348	-6.1	-1.3	3.3813511002576	-999.9	0	4.57175925925925	3.49785963671521	330
ST._PETERS	2012	12	14	349	-5.2	3.3	4.48758378141856	-999.9	0.5	3.76157407407408	4.83329180780819	330
ST._PETERS	2012	12	15	350	-8.3	1	4.68357773527568	-999.9	1.8	8.34490740740742	3.77231606897833	330
ST._PETERS	2012	12	16	351	-6.3	-0.1	3.81738861012801	-999.9	1.2	6.30787037037036	3.91192826147804	330
ST._PETERS	2012	12	17	352	-0.1	2.3	2.37198906218626	-999.9	0.4	3.00925925925925	5.82325262826483	330
ST._PETERS	2012	12	18	353	-0.1	2.4	2.41889334267346	-999.9	0	2.58101851851852	5.43579518755561	330
ST._PETERS	2012	12	19	354	0.2	1.9	1.99395117790358	-999.9	0	5.68287037037036	5.07561677014238	330
ST._PETERS	2012	12	20	355	-1.2	1.1	2.31953693513868	-999.9	0.2	3.83101851851853	5.19943824738667	330
ST._PETERS	2012	12	21	356	-2.2	2.8	3.4219499086506	-999.9	1.9	2.19907407407407	5.23237184235712	330
ST._PETERS	2012	12	22	357	2.4	8.7	3.84515492909795	-999.9	29.1	5.10416666666667	8.59733841390457	330
ST._PETERS	2012	12	23	358	-7.4	3.7	5.11167266346789	-999.9	1	5.04629629629631	4.88879220973626	330
ST._PETERS	2012	12	24	359	-8.8	-5.8	2.66270050074344	-999.9	0	9.00462962962964	2.40553341493433	330
ST._PETERS	2012	12	25	360	-9.4	-3	3.89863722849747	-999.9	0	5.42824074074075	3.08971972826401	330
ST._PETERS	2012	12	26	361	-4.5	-0.3	3.16743840180937	-999.9	0	4.40972222222222	4.3875366536335	330
ST._PETERS	2012	12	27	362	-2.4	0.5	2.64083366185113	-999.9	12.2	3.68055555555556	4.61219188743133	330
ST._PETERS	2012	12	28	363	-0.9	3.9	3.41049179826104	-999.9	7.3	3.34490740740742	6.67987184118842	330
ST._PETERS	2012	12	29	364	-4.6	-0.8	3.04744658997606	-999.9	0.3	5.98379629629631	4.71250979499322	330
ST._PETERS	2012	12	30	365	-3.3	1.6	3.47681290899829	-999.9	20.1	7.12962962962964	5.50824116227358	330
ST._PETERS	2012	12	31	366	-8.2	-1	4.23620353777614	-999.9	0.2	11.9212962962963	3.84020823434324	330
