ST._PETERS	2018	1	1	1	-12.7	-10.6	2.28780056102979	-999.9	0	4.71064814814814	2.10800034686057	330
ST._PETERS	2018	1	2	2	-15.8	-12.4	2.92722744483396	-999.9	0	4.97685185185186	1.63643885052226	330
ST._PETERS	2018	1	3	3	-17.7	-5.4	5.6009302124839	-999.9	0	4.0625	1.72804650555007	330
ST._PETERS	2018	1	4	4	-5.4	8.1	5.90532454867331	-999.9	17.9	4.89583333333333	6.09734261814266	330
ST._PETERS	2018	1	5	5	-13.4	8.1	7.50309539101581	-999.9	0.2	11.1921296296296	4.00993267824969	330
ST._PETERS	2018	1	6	6	-18.4	-13.4	3.64436494890794	-999.9	0.2	8.64583333333333	1.12896484709556	330
ST._PETERS	2018	1	7	7	-18.6	-13.3	3.7805737063951	-999.9	0.4	7.83564814814814	1.35252928072073	330
ST._PETERS	2018	1	8	8	-13.6	-4.7	4.9381110698867	-999.9	3.1	3.99305555555556	2.31106694235723	330
ST._PETERS	2018	1	9	9	-6.4	-1.3	3.76925823764582	-999.9	1.1	4.78009259259258	4.0843448660007	330
ST._PETERS	2018	1	10	10	-11.7	-6.3	3.9122545145225	-999.9	0	7.71990740740742	2.31386594510153	330
ST._PETERS	2018	1	11	11	-9.7	8.2	7.18730504199907	-999.9	0.5	6.5625	4.86836481398411	330
ST._PETERS	2018	1	12	12	7.9	15.5	4.72716740147298	-999.9	0	9.80324074074075	11.2687269840569	330
ST._PETERS	2018	1	13	13	-4.6	17.8	8.19432839469285	-999.9	6	10.1273148148148	8.61302342864167	330
ST._PETERS	2018	1	14	14	-6.8	-4.5	2.65206504505099	-999.9	0	3.98148148148147	3.38397224611481	330
ST._PETERS	2018	1	15	15	-7.8	-4.4	3.25777775493695	-999.9	0.2	5.26620370370369	2.9153952111433	330
ST._PETERS	2018	1	16	16	-6.3	-2.8	3.34043990133925	-999.9	1.7	4.05092592592592	3.82201681684281	330
ST._PETERS	2018	1	17	17	-7.2	-2.7	3.82899205140399	-999.9	10.5	2.5462962962963	3.80701118841026	330
ST._PETERS	2018	1	18	18	-3	-1.5	2.2353643172731	-999.9	6.3	3.06763285024156	4.52838899665794	330
ST._PETERS	2018	1	19	19	-13.1	-4.4	5.4449972534101	-999.9	0	3.58796296296297	2.52954480060237	330
ST._PETERS	2018	1	20	20	-11.2	3	7.03758094221214	-999.9	1	6.13425925925925	3.91957070317887	330
ST._PETERS	2018	1	21	21	-9.3	-0.2	5.7008802645662	-999.9	0	6.5625	3.10888933437047	330
ST._PETERS	2018	1	22	22	-17	-9.1	5.37616436989404	-999.9	0	5.96064814814814	1.55461889677138	330
ST._PETERS	2018	1	23	23	-14.1	7.3	8.95765687794732	-999.9	7.6	4.36342592592592	4.18241593200602	330
ST._PETERS	2018	1	24	24	-4.9	10.2	7.61886637706448	-999.9	9.1	7.42424242424242	6.72785920512251	330
ST._PETERS	2018	1	25	25	-11.1	-7.4	3.81942480775684	-999.9	0	6.71296296296297	2.21065173558301	330
ST._PETERS	2018	1	26	26	-14	-8.9	4.54206556417476	-999.9	0	5.46296296296297	1.98029536983855	330
ST._PETERS	2018	1	27	27	-15.1	5.3	9.20292247012533	-999.9	0	4.75694444444445	3.21884341054317	330
ST._PETERS	2018	1	28	28	-2.5	6.7	6.26200421694907	-999.9	1.7	5.79861111111111	6.15489444745137	330
ST._PETERS	2018	1	29	29	-7.5	-2.5	4.67815817308767	-999.9	0	4.64120370370369	3.06925936793947	330
ST._PETERS	2018	1	30	30	-7	-4.1	3.61090801887498	-999.9	6.8	6.99074074074075	3.62400444396715	330
ST._PETERS	2018	1	31	31	-12.3	-4.9	5.84673402426575	-999.9	0.8	7.43055555555556	2.60819000142869	330
ST._PETERS	2018	2	1	32	-10.4	3.6	8.15247747657531	-999.9	4.1	4.01620370370369	4.26204307968819	330
ST._PETERS	2018	2	2	33	-13	5.7	9.55252517627684	-999.9	8.3	5.06944444444445	4.39714241476886	330
ST._PETERS	2018	2	3	34	-17.9	-13	4.95800120268129	-999.9	0	6.88657407407408	1.34992937001733	330
ST._PETERS	2018	2	4	35	-17.6	3.5	10.4326882105446	-999.9	1.3	5.90277777777778	3.06682222904946	330
ST._PETERS	2018	2	5	36	-6	10.9	9.46838451941211	-999.9	17.3	7.40740740740742	6.69714461933893	330
ST._PETERS	2018	2	6	37	-8.9	-4.2	5.0639117131418	-999.9	0	4.40972222222222	2.40747947301013	330
ST._PETERS	2018	2	7	38	-7.4	-0.5	6.22285441995011	-999.9	11.3	1.94444444444444	3.82541911250017	330
ST._PETERS	2018	2	8	39	-4.8	6.5	8.07702944195636	-999.9	14.8	5.02525252525253	3.95172946621161	330
ST._PETERS	2018	2	9	40	-12.6	-5.2	6.62966246915459	-999.9	0	3.46618357487922	2.36821276941728	330
ST._PETERS	2018	2	10	41	-7.2	4.9	8.5989127836362	-999.9	8.8	3.86574074074075	5.21277290528402	330
ST._PETERS	2018	2	11	42	-4.6	0.3	5.55051030208072	-999.9	10.2	3.66898148148147	4.86215571303702	330
ST._PETERS	2018	2	12	43	-7	5.5	8.99247501469293	-999.9	1.3	5.92592592592592	4.89490198591366	330
ST._PETERS	2018	2	13	44	-13.6	-7	6.62807853754598	-999.9	0.2	6.96759259259258	1.83928916655501	330
ST._PETERS	2018	2	14	45	-12	2.4	9.93087000922927	-999.9	0	6.46990740740742	3.26119803374884	330
ST._PETERS	2018	2	15	46	-3.1	5.4	7.73930147358274	-999.9	0	2.72727272727273	5.22769466035144	330
ST._PETERS	2018	2	16	47	-5.7	6.8	9.51977071772138	-999.9	4.2	3.56481481481481	5.37125040610758	330
ST._PETERS	2018	2	17	48	-13.8	-5.7	7.77290319421925	-999.9	0	6.49305555555556	2.10464900448273	330
ST._PETERS	2018	2	18	49	-10	-1.9	7.8838775764618	-999.9	0	2.60416666666667	3.1683893677941	330
ST._PETERS	2018	2	19	50	-9.6	3.5	10.1689082345003	-999.9	0	4.17824074074075	3.7987025954907	330
ST._PETERS	2018	2	20	51	-3.6	3.2	7.43047571849482	-999.9	0	4.02777777777778	5.30542345545615	330
ST._PETERS	2018	2	21	52	-3.6	10.6	10.889540130221	-999.9	1	5.95410628019325	6.88491912817435	330
ST._PETERS	2018	2	22	53	0.7	1.8	3.07356421115886	-999.9	0	9.72222222222222	4.80319269757631	330
ST._PETERS	2018	2	23	54	-10.98	-6.55	12.09	-999.9	0.26	4.67	2.54459788977181	330
ST._PETERS	2018	2	24	55	-6.17	0.54	9.86	-999.9	2.57	8.85	4.61278706789588	330
ST._PETERS	2018	2	25	56	-9.17	-3.25	7.28	-999.9	0.1	5	2.91782209696334	330
ST._PETERS	2018	2	26	57	-5.39	0.36	5.56	-999.9	7.09	5.35	5.01803666628089	330
ST._PETERS	2018	2	27	58	-3.63	-0.41	12.43	-999.9	0.29	6.33	4.82917547345584	330
ST._PETERS	2018	2	28	59	-5.3	-2.9	4.93105992632535	-999.9	0	3.33333333333333	3.62142401188083	330
ST._PETERS	2018	3	1	60	-8.1	2.9	10.7002827428526	-999.9	0	2.09490740740741	4.01657583318124	330
ST._PETERS	2018	3	2	61	-2.1	2.9	7.31155963196881	-999.9	0	3.85416666666667	5.35201631333911	330
ST._PETERS	2018	3	3	62	-1.7	3.2	7.33515806966854	-999.9	0	5.74074074074075	5.62011269110219	330
ST._PETERS	2018	3	4	63	-1.7	0.6	5.09237740578837	-999.9	0	5.23148148148147	5.15544464055751	330
ST._PETERS	2018	3	5	64	-2.1	2.1	6.97242644377331	-999.9	0	5.81018518518519	5.262931975	330
ST._PETERS	2018	3	6	65	-3.5	1.6	7.78400457177029	-999.9	0	5.50925925925925	4.89272727027509	330
ST._PETERS	2018	3	7	66	-2.1	1.1	6.2460647387368	-999.9	0	3.41435185185186	4.84057587342019	330
ST._PETERS	2018	3	8	67	-1.2	0.7	4.87500866274138	-999.9	3.5	4.56018518518519	4.83658338048443	330
ST._PETERS	2018	3	9	68	-1.2	2.6	6.98248414809456	-999.9	5.7	4.91898148148147	5.96440030843926	330
ST._PETERS	2018	3	10	69	-1.2	3.7	8.02947539084062	-999.9	0	3.66898148148147	5.60142751943002	330
ST._PETERS	2018	3	11	70	-1.6	1.8	6.77251473996419	-999.9	1.2	2.36111111111111	5.68767492978993	330
ST._PETERS	2018	3	12	71	-3.6	0.5	7.52962333469215	-999.9	0	3.66898148148147	4.99125802531185	330
ST._PETERS	2018	3	13	72	-2.1	2.7	8.24748116533251	-999.9	2.7	5.02314814814814	5.45452549200765	330
ST._PETERS	2018	3	14	73	-0.3	6	9.56396808771175	-999.9	3.5	7.92824074074075	6.14701079080805	330
ST._PETERS	2018	3	15	74	-0.6	5.6	9.60235556171641	-999.9	2.9	5.10416666666667	6.07579162220648	330
ST._PETERS	2018	3	16	75	-4.1	2	9.63844990953493	-999.9	0	5.54398148148147	4.23159233161836	330
ST._PETERS	2018	3	17	76	-8.1	-4.1	7.89729180023774	-999.9	0.9	6.53935185185186	2.93812100900299	330
ST._PETERS	2018	3	18	77	-10.1	-6.1	7.98967383636858	-999.9	0	6.19212962962964	2.5030743246141	330
ST._PETERS	2018	3	19	78	-10.6	-3.7	10.6149718005761	-999.9	0	5.20833333333333	2.54202161987203	330
ST._PETERS	2018	3	20	79	-5.2	-1.1	8.27609227800737	-999.9	0	5.39351851851853	3.48153532775137	330
ST._PETERS	2018	3	21	80	-7.2	2.3	12.7402416007774	-999.9	0	3.49537037037036	3.90599694963298	330
ST._PETERS	2018	3	22	81	-2.9	-0.2	6.86788692440895	-999.9	6.7	6.71296296296297	5.06860659999763	330
ST._PETERS	2018	3	23	82	-1.4	-0.1	4.81815592699555	-999.9	2.4	4.61805555555556	5.55833128415232	330
ST._PETERS	2018	3	24	83	-2	-0.2	5.7313313105766	-999.9	1.1	5.92592592592592	5.27237996030977	330
ST._PETERS	2018	3	25	84	-7.2	-1.9	9.94052055787224	-999.9	0	6.07638888888889	3.40725249783274	330
ST._PETERS	2018	3	26	85	-9.6	0.5	13.868368347451	-999.9	0	2.16435185185185	3.53095413683574	330
ST._PETERS	2018	3	27	86	-10.7	2.1	15.7762746863228	-999.9	0	2.78935185185186	3.46098741117898	330
ST._PETERS	2018	3	28	87	-1.2	5.5	11.5322156634654	-999.9	7.3	3.26388888888889	6.01920891532165	330
ST._PETERS	2018	3	29	88	-2.5	3	10.5553704107484	-999.9	0.4	4.28240740740742	5.58781768179796	330
ST._PETERS	2018	3	30	89	-0.9	9	14.3043212027212	-999.9	2.5	4.13194444444444	7.53692230750185	330
ST._PETERS	2018	3	31	90	-2.7	2.9	10.8653021802719	-999.9	0	4.34027777777778	4.81700730013912	330
ST._PETERS	2018	4	1	91	-2.4	7.9	14.8800731080216	-999.9	2.5	5.99537037037036	5.60325642355756	330
ST._PETERS	2018	4	2	92	-6.5	0.5	12.3855294045981	-999.9	0	3.99305555555556	3.29385609094955	330
ST._PETERS	2018	4	3	93	-6.1	4.6	15.4588414820861	-999.9	0	2.37268518518519	3.72485395083819	330
ST._PETERS	2018	4	4	94	0.2	12.1	16.4557776859726	-999.9	14.1	3.96990740740742	8.31527289261212	330
ST._PETERS	2018	4	5	95	-6	11.1	19.9087153641833	-999.9	0.3	7.65046296296297	5.27758642929407	330
ST._PETERS	2018	4	6	96	-7.3	1.6	14.4937523036579	-999.9	0.8	7.37268518518519	2.30804877712587	330
ST._PETERS	2018	4	7	97	-3.5	4.1	13.5136827124883	-999.9	2.8	3.50694444444444	5.65838413521636	330
ST._PETERS	2018	4	8	98	-3.5	1.7	11.2769118831391	-999.9	7.3	2.5	5.4387894258797	330
ST._PETERS	2018	4	9	99	-4.4	-0.1	10.3439144609081	-999.9	0.4	8.47222222222222	3.50414927103964	330
ST._PETERS	2018	4	10	100	-4.4	2	12.7275127328563	-999.9	0	3.65740740740742	3.54234275630986	330
ST._PETERS	2018	4	11	101	-3.7	4.1	14.1691733308154	-999.9	0	2.5	4.25530073562596	330
ST._PETERS	2018	4	12	102	-4.1	7.7	17.5720650552275	-999.9	0	2.40740740740741	4.69657383775436	330
ST._PETERS	2018	4	13	103	0.4	6	12.203979603953	-999.9	8.4	4.80324074074075	6.89666086057856	330
ST._PETERS	2018	4	14	104	-4.1	4.6	15.333241620971	-999.9	0	7.45370370370369	3.98047068726768	330
ST._PETERS	2018	4	15	105	-5.2	-3	7.77130565725267	-999.9	0	5.41666666666667	2.75975556498522	330
ST._PETERS	2018	4	16	106	-4.6	3.5	15.0270954245682	-999.9	0	2.51157407407408	4.06854178186447	330
ST._PETERS	2018	4	17	107	0.3	6.3	13.0316625559883	-999.9	18	5.59027777777778	6.80307108137469	330
ST._PETERS	2018	4	18	108	2.6	7.9	12.339449545125	-999.9	0.5	5.37037037037036	7.43226772022584	330
ST._PETERS	2018	4	19	109	0.1	8.5	15.6485227194525	-999.9	5.2	3.62268518518519	6.80577211929694	330
ST._PETERS	2018	4	20	110	-1.1	1.2	8.24737781796579	-999.9	7.9	4.39814814814814	5.83192755482084	330
ST._PETERS	2018	4	21	111	-1.5	3.3	11.998681123483	-999.9	0.2	4.08564814814814	5.0330331568033	330
ST._PETERS	2018	4	22	112	-3	4.3	14.8997207889175	-999.9	0	3.125	4.3179352706563	330
ST._PETERS	2018	4	23	113	-2.4	10.3	19.7863413115933	-999.9	0	2.70833333333333	4.4584965138955	330
ST._PETERS	2018	4	24	114	3.5	20	22.7036624061976	-999.9	0	6.80555555555556	5.34454614353023	330
ST._PETERS	2018	4	25	115	6.8	17.6	18.4884186887823	-999.9	0	6.81712962962964	7.14009962451874	330
ST._PETERS	2018	4	26	116	7.7	13.6	13.7528188641472	-999.9	8.6	5.50925925925925	11.4066660058938	330
ST._PETERS	2018	4	27	117	8.9	18.7	17.836134064035	-999.9	0	5.53240740740742	12.0468158857753	330
ST._PETERS	2018	4	28	118	6.8	20.6	21.2957830961501	-999.9	0.3	5.19675925925925	13.345968127526	330
ST._PETERS	2018	4	29	119	1.1	9.9	17.1082844382559	-999.9	14.1	3.07870370370369	8.77219291143286	330
ST._PETERS	2018	4	30	120	1.8	7.1	13.3554662708131	-999.9	10	2.38425925925926	8.0544692177817	330
ST._PETERS	2018	5	1	121	3.2	8.8	13.807540774856	-999.9	0.9	2.84722222222222	8.90933925148269	330
ST._PETERS	2018	5	2	122	4.1	21.8	24.6862787989085	-999.9	5.3	4.62962962962964	10.8393488675088	330
ST._PETERS	2018	5	3	123	1.3	4.1	9.87280205036365	-999.9	1.5	3.32175925925925	6.87067993656323	330
ST._PETERS	2018	5	4	124	1.8	8.8	15.6945497318178	-999.9	10.1	2.40740740740741	8.51318930441115	330
ST._PETERS	2018	5	5	125	5.9	14.5	17.4877432282429	-999.9	10.9	6.64351851851853	9.10074077674344	330
ST._PETERS	2018	5	6	126	3.5	16.8	21.8595694607814	-999.9	1.8	3.29861111111111	7.91368763195082	330
ST._PETERS	2018	5	7	127	-1.1	7.6	17.7686098986189	-999.9	7.9	3.47222222222222	6.39164725883441	330
ST._PETERS	2018	5	8	128	0	18.6	26.1081081572695	-999.9	0	6.86342592592592	6.71955251247194	330
ST._PETERS	2018	5	9	129	-0.6	8.7	18.5495265254592	-999.9	0	3.58796296296297	5.06917148376318	330
ST._PETERS	2018	5	10	130	2.8	14	20.4512737514162	-999.9	2.1	4.89583333333333	7.66038781781556	330
ST._PETERS	2018	5	11	131	2.8	12.7	19.3150913886447	-999.9	0	6.14583333333333	7.74815860784755	330
ST._PETERS	2018	5	12	132	1.4	10	18.0819092265539	-999.9	0	4.21296296296297	5.01265545580615	330
ST._PETERS	2018	5	13	133	4.3	11.7	16.8451592115586	-999.9	0	4.36342592592592	6.26559392638464	330
ST._PETERS	2018	5	14	134	6.7	20.1	22.7627333253389	-999.9	0	7.23379629629631	7.67901354736621	330
ST._PETERS	2018	5	15	135	4.3	25	28.4065648379832	-999.9	2.2	6.05324074074075	12.3710214294505	330
ST._PETERS	2018	5	16	136	2.2	7	13.7329775486611	-999.9	0	4.88425925925925	4.91276634225728	330
ST._PETERS	2018	5	17	137	-2	13	24.3696617463479	-999.9	0	5.20833333333333	7.06764357793169	330
ST._PETERS	2018	5	18	138	-1.9	8.5	20.3671271092407	-999.9	0.2	3.14814814814814	5.3809052696016	330
ST._PETERS	2018	5	19	139	1.2	19.7	27.2620095260147	-999.9	0	3.73842592592592	5.99928764676757	330
ST._PETERS	2018	5	20	140	4.8	16	21.2857903346962	-999.9	11.1	5.33564814814814	10.7005763831527	330
ST._PETERS	2018	5	21	141	1	20.4	28.1086813840789	-999.9	0.4	4.03935185185186	8.20375601367727	330
ST._PETERS	2018	5	22	142	-0.1	19.7	28.4892691397741	-999.9	0	4.18981481481481	5.83918447716213	330
ST._PETERS	2018	5	23	143	2.1	16.1	24.0310247372925	-999.9	5.7	5.82175925925925	9.8984152040166	330
ST._PETERS	2018	5	24	144	2.7	10.1	17.5240437728191	-999.9	0.4	4.31712962962964	6.54836237328595	330
ST._PETERS	2018	5	25	145	6.2	16.9	21.1334970894842	-999.9	2.9	4.83796296296297	11.3704361574573	330
ST._PETERS	2018	5	26	146	3.3	10.1	16.8945227982138	-999.9	0	3.91203703703703	8.72176368153898	330
ST._PETERS	2018	5	27	147	2.7	11.6	19.3798145340821	-999.9	0	2.67361111111111	7.76412872175514	330
ST._PETERS	2018	5	28	148	3.6	19.4	25.8879464377826	-999.9	2.2	5.65972222222222	7.79411325221609	330
ST._PETERS	2018	5	29	149	8.7	13.7	14.5988941699302	-999.9	13.8	5.13285024154589	11.2611104802841	330
ST._PETERS	2018	5	30	150	4.7	10.6	15.8956563285918	-999.9	0	4.15509259259258	6.48139470919414	330
ST._PETERS	2018	5	31	151	5.1	22.3	27.2010658468984	-999.9	0	2.5462962962963	8.73554277438066	330
ST._PETERS	2018	6	1	152	10.4	29.2	28.4984824192639	-999.9	0.4	2.63888888888889	13.0626164993805	330
ST._PETERS	2018	6	2	153	4.2	13	19.5369719896717	-999.9	42.4	4.98842592592592	10.5558456264627	330
ST._PETERS	2018	6	3	154	1.4	5.6	13.5227739769822	-999.9	0.2	6.09953703703703	5.9371716715195	330
ST._PETERS	2018	6	4	155	-0.6	9.1	20.5875406214345	-999.9	0	2.38425925925926	6.00920157845548	330
ST._PETERS	2018	6	5	156	4.5	9	14.0460644438426	-999.9	2.9	2.12962962962963	7.91779514613005	330
ST._PETERS	2018	6	6	157	2.5	10.5	18.7575292808917	-999.9	5.1	2.43055555555556	7.93019567352389	330
ST._PETERS	2018	6	7	158	2.7	19.6	27.302899473166	-999.9	0	3.05555555555556	9.39786535318763	330
ST._PETERS	2018	6	8	159	9.1	18	19.8402814297567	-999.9	4.5	6.07638888888889	11.7491961158044	330
ST._PETERS	2018	6	9	160	7.3	17.6	21.3703462263366	-999.9	0.2	2.41898148148148	10.9143808469491	330
ST._PETERS	2018	6	10	161	3.3	10.8	18.256456725503	-999.9	0	2.84722222222222	7.63325158163624	330
ST._PETERS	2018	6	11	162	1	10.9	20.9966127863257	-999.9	0	2.73148148148148	7.23530963793647	330
ST._PETERS	2018	6	12	163	1.2	21.6	30.1679252088205	-999.9	0	5.96064814814814	8.04155724449313	330
ST._PETERS	2018	6	13	164	8.7	16.2	18.3068113643105	-999.9	0	5.3125	9.61071869023022	330
ST._PETERS	2018	6	14	165	5.7	9.8	13.5449927087149	-999.9	9.6	3.39120370370369	8.65580004476683	330
ST._PETERS	2018	6	15	166	6.2	19.1	24.0402834485806	-999.9	0.6	4.0625	10.0219065775649	330
ST._PETERS	2018	6	16	167	7	20.8	24.8768455723133	-999.9	0	3.63425925925925	12.1253360810722	330
ST._PETERS	2018	6	17	168	6.7	15.9	20.319542147972	-999.9	0	3.26388888888889	8.60466610490147	330
ST._PETERS	2018	6	18	169	8.7	17	19.3052986330308	-999.9	2.5	7.16435185185186	12.5800336020007	330
ST._PETERS	2018	6	19	170	11.6	16.2	14.374314282209	-999.9	11.1	5.12731481481481	13.8727132807007	330
ST._PETERS	2018	6	20	171	10.8	25.3	25.5220914089407	-999.9	0.5	5.76388888888889	11.7081727965667	330
ST._PETERS	2018	6	21	172	4.9	16.6	22.9246411603001	-999.9	5.8	3.53009259259258	9.64641127067564	330
ST._PETERS	2018	6	22	173	4.6	20.2	26.4668714107171	-999.9	0.4	2.48842592592593	8.98757585306066	330
ST._PETERS	2018	6	23	174	12.5	24.1	22.8167268762156	-999.9	0	6.34259259259258	10.9982645628145	330
ST._PETERS	2018	6	24	175	10.5	15.4	14.8238081588715	-999.9	8.6	2.19907407407407	13.1215788387024	330
ST._PETERS	2018	6	25	176	7.1	10.5	12.3421823757769	-999.9	27.7	5.68287037037036	10.6902221666343	330
ST._PETERS	2018	6	26	177	8.6	14.6	16.385973079817	-999.9	0	5.16203703703703	9.24015926219833	330
ST._PETERS	2018	6	27	178	11.5	27	26.3184264622775	-999.9	0	6.49305555555556	12.7519005804088	330
ST._PETERS	2018	6	28	179	15.7	23.1	18.1702425732206	-999.9	0.8	6.70138888888889	16.6532485330904	330
ST._PETERS	2018	6	29	180	16.1	23.3	17.9066863076332	-999.9	19.4	4.88425925925925	20.2984944149358	330
ST._PETERS	2018	6	30	181	15.3	21.2	16.1931891878817	-999.9	0	3.00925925925925	15.3799731646398	330
ST._PETERS	2018	7	1	182	11.6	19.9	19.1847481769982	-999.9	0	3.87731481481481	15.3339031591522	330
ST._PETERS	2018	7	2	183	11.9	22.3	21.448534878171	-999.9	0	2.4537037037037	16.7801081801853	330
ST._PETERS	2018	7	3	184	16.8	29	23.1994652909118	-999.9	0	6.52777777777778	20.9715773121795	330
ST._PETERS	2018	7	4	185	15.5	27.4	22.8792501658091	-999.9	0	2.51157407407408	18.0885397595617	330
ST._PETERS	2018	7	5	186	13.9	29.5	26.154953344519	-999.9	0	2.91666666666667	15.5634246555077	330
ST._PETERS	2018	7	6	187	13.7	25.6	22.8056007504197	-999.9	2.3	6.53935185185186	18.8082653652641	330
ST._PETERS	2018	7	7	188	13.4	20.6	17.7077609289164	-999.9	0	6.13425925925925	12.0942128827344	330
ST._PETERS	2018	7	8	189	13.6	27.9	24.9085070347334	-999.9	0	6.00694444444445	13.9221968859532	330
ST._PETERS	2018	7	9	190	16.7	28	22.0980532312424	-999.9	0	8.14814814814814	14.7911195299356	330
ST._PETERS	2018	7	10	191	16.5	28.8	23.006747271445	-999.9	6.4	5.65972222222222	18.2645969875185	330
ST._PETERS	2018	7	11	192	14.2	17.7	12.2455200025522	-999.9	0	2.32638888888889	14.5736766076559	330
ST._PETERS	2018	7	12	193	8.8	17.9	19.6995827963887	-999.9	0	3.46064814814814	11.7567228643796	330
ST._PETERS	2018	7	13	194	7.2	20.1	23.3978951330101	-999.9	0.2	1.93287037037037	12.1973519343207	330
ST._PETERS	2018	7	14	195	11.4	23.7	22.7893777884591	-999.9	0	2.95138888888889	13.8884527219344	330
ST._PETERS	2018	7	15	196	15.2	25	20.2881847067025	-999.9	0	2.31481481481481	19.2429520950647	330
ST._PETERS	2018	7	16	197	14.7	24.5	20.2323148478432	-999.9	0	1.99074074074074	17.5295705103959	330
ST._PETERS	2018	7	17	198	15.8	29.4	23.7660165601228	-999.9	0	4.10879629629631	19.4807070884463	330
ST._PETERS	2018	7	18	199	15.1	24.4	19.5945235624498	-999.9	0	4.34027777777778	19.9240188793717	330
ST._PETERS	2018	7	19	200	14.3	21.3	16.9472913932612	-999.9	0	1.66666666666667	15.8419289803063	330
ST._PETERS	2018	7	20	201	14.4	28.7	24.1450964286223	-999.9	0	3.37962962962964	15.7923879436528	330
ST._PETERS	2018	7	21	202	14.6	24.1	19.6147976076797	-999.9	0	3.24074074074075	18.4699763327418	330
ST._PETERS	2018	7	22	203	17.6	29.1	21.5071740080148	-999.9	0	3.63425925925925	23.2648138458347	330
ST._PETERS	2018	7	23	204	21.7	29.4	17.5365163314838	-999.9	0	5.39351851851853	24.9168237189189	330
ST._PETERS	2018	7	24	205	20.8	29.8	18.8900762534046	-999.9	0	5.49768518518519	24.3553206760916	330
ST._PETERS	2018	7	25	206	21.2	30.7	19.3347935464152	-999.9	0	6.18055555555556	24.8954309479731	330
ST._PETERS	2018	7	26	207	21.7	27.8	15.4332906899108	-999.9	3.6	6.55092592592592	26.0241981134282	330
ST._PETERS	2018	7	27	208	20.6	29.4	18.4629566608746	-999.9	0	5.11574074074075	24.7724837169045	330
ST._PETERS	2018	7	28	209	19.2	29.4	19.7959575284307	-999.9	0	4.10879629629631	23.363535557969	330
ST._PETERS	2018	7	29	210	19.6	27.1	16.9033813546165	-999.9	4.8	3.125	24.9920453942861	330
ST._PETERS	2018	7	30	211	17.7	26.3	18.0222298691119	-999.9	0	3.94675925925925	19.2248530438233	330
ST._PETERS	2018	7	31	212	16.4	28.5	21.2822688111417	-999.9	0	2.90509259259258	18.6220761591449	330
ST._PETERS	2018	8	1	213	17.1	31.3	22.9501079990678	-999.9	0	3.32175925925925	18.8267823974467	330
ST._PETERS	2018	8	2	214	20	28.9	18.0842310575923	-999.9	0	5.94907407407408	22.8261422206706	330
ST._PETERS	2018	8	3	215	20.4	27.3	15.8468521455625	-999.9	0	3.37962962962964	23.2030930039232	330
ST._PETERS	2018	8	4	216	20.7	25.2	12.7346448425266	-999.9	0	2.47685185185185	22.3618935796722	330
ST._PETERS	2018	8	5	217	15.2	24.7	18.4099653877774	-999.9	7.9	3.03240740740742	20.6782383184992	330
ST._PETERS	2018	8	6	218	15.6	29.4	22.0744317231282	-999.9	0	2.47685185185185	20.9136157430159	330
ST._PETERS	2018	8	7	219	20.2	31.1	19.5150669959132	-999.9	0	2.7662037037037	25.1503330922495	330
ST._PETERS	2018	8	8	220	17.4	24.6	15.7752990005488	-999.9	0	3.17129629629631	21.3231864949284	330
ST._PETERS	2018	8	9	221	18	26.2	16.7425008376457	-999.9	51.2	3.50694444444444	24.3838902635092	330
ST._PETERS	2018	8	10	222	14.2	25.6	19.6297663425338	-999.9	0	3.88888888888889	18.9672040241617	330
ST._PETERS	2018	8	11	223	13.4	24.6	19.3449680260362	-999.9	0	3.54166666666667	14.2393226113304	330
ST._PETERS	2018	8	12	224	15.6	27.6	19.906397688788	-999.9	0	2.15277777777778	18.3722790704697	330
ST._PETERS	2018	8	13	225	16.7	28.4	19.5381989688581	-999.9	0	3.63425925925925	18.7120337227655	330
ST._PETERS	2018	8	14	226	18.5	29.3	18.6568904996278	-999.9	0	3.58796296296297	22.2881790497099	330
ST._PETERS	2018	8	15	227	19.9	28.5	16.5446807179839	-999.9	0	4.51388888888889	24.1715669304131	330
ST._PETERS	2018	8	16	228	16	21.7	13.3836359407526	-999.9	4.8	3.42592592592592	19.6821418031125	330
ST._PETERS	2018	8	17	229	14.1	20.2	13.7554441841232	-999.9	0	3.22916666666667	13.79174702954	330
ST._PETERS	2018	8	18	230	15	18.5	10.3505156147891	-999.9	63.8	3.04398148148147	17.449279202515	330
ST._PETERS	2018	8	19	231	12.7	21.5	16.3016874707469	-999.9	0	4.6875	15.4014799436995	330
ST._PETERS	2018	8	20	232	11.9	22.3	17.6001319178746	-999.9	0.3	2.01388888888889	15.0588622754604	330
ST._PETERS	2018	8	21	233	11.4	21.3	17.0517675627765	-999.9	0	2.10648148148148	14.9638775591457	330
ST._PETERS	2018	8	22	234	15.5	24.3	15.9620987029991	-999.9	0	4.16666666666667	19.8616083143836	330
ST._PETERS	2018	8	23	235	15.2	24.6	16.3777222751959	-999.9	0	5.23148148148147	18.3644533068382	330
ST._PETERS	2018	8	24	236	14.4	25	17.2634375946332	-999.9	0	4.07407407407408	16.841797163575	330
ST._PETERS	2018	8	25	237	15.6	27.2	17.9238686179812	-999.9	0	4.27083333333333	18.9591172991429	330
ST._PETERS	2018	8	26	238	15.3	24.4	15.7541617401873	-999.9	0	3.90046296296297	15.8367890083851	330
ST._PETERS	2018	8	27	239	15.4	24.5	15.6318502816551	-999.9	0.6	3.04398148148147	19.9361232203212	330
ST._PETERS	2018	8	28	240	15.8	29	18.6781904008003	-999.9	0	4.375	19.925508148373	330
ST._PETERS	2018	8	29	241	16.4	22.9	13.0018614121023	-999.9	0	4.83796296296297	17.4371172457538	330
ST._PETERS	2018	8	30	242	16.3	23.2	13.2867002408344	-999.9	0	4.47916666666667	18.9852377376351	330
ST._PETERS	2018	8	31	243	10.9	20	15.1321134759144	-999.9	0	3.47222222222222	12.6849025218243	330
ST._PETERS	2018	9	1	244	11.2	21.7	16.117670378715	-999.9	0	2.30324074074074	15.2935973829778	330
ST._PETERS	2018	9	2	245	13.6	25.1	16.7235151653083	-999.9	0	4.69907407407408	16.4562618745574	330
ST._PETERS	2018	9	3	246	16.4	26.3	15.3818816209774	-999.9	1.5	5.13888888888889	20.0574238693407	330
ST._PETERS	2018	9	4	247	12.8	22	14.6974197684811	-999.9	4.9	3.96990740740742	15.3972668624742	330
ST._PETERS	2018	9	5	248	11.5	24.6	17.3812165570591	-999.9	0	1.97916666666667	15.4399972539497	330
ST._PETERS	2018	9	6	249	11.9	27.1	18.552635747299	-999.9	0	5.55555555555556	16.3588364179984	330
ST._PETERS	2018	9	7	250	11	19.5	13.7459421449246	-999.9	0.2	1.70138888888889	12.3929178512674	330
ST._PETERS	2018	9	8	251	10.6	17.5	12.2691004930334	-999.9	0.3	3.78472222222222	11.4154524753937	330
ST._PETERS	2018	9	9	252	9.1	17.2	13.1672694905919	-999.9	0.5	2.91666666666667	9.40316584712757	330
ST._PETERS	2018	9	10	253	7.5	17	14.1228382739042	-999.9	0	2.28009259259259	8.75717464356044	330
ST._PETERS	2018	9	11	254	9.7	18.2	13.228743480457	-999.9	11.3	3.31018518518519	13.675509651779	330
ST._PETERS	2018	9	12	255	9.2	18.8	13.9198883533789	-999.9	1.2	3.81944444444444	13.9898123185925	330
ST._PETERS	2018	9	13	256	9.5	23.7	16.7601331595522	-999.9	0.5	1.96759259259259	15.7660716134339	330
ST._PETERS	2018	9	14	257	10.5	24	16.1761667513677	-999.9	0	1.49305555555556	16.2135121329414	330
ST._PETERS	2018	9	15	258	15.8	27.4	14.8407415195206	-999.9	0	4.73379629629631	18.5773750177898	330
ST._PETERS	2018	9	16	259	11.9	20.4	12.5717740844592	-999.9	0	2.82407407407408	14.9458170096561	330
ST._PETERS	2018	9	17	260	12.3	26.7	16.1909261166264	-999.9	1	6.08796296296297	16.8804225066882	330
ST._PETERS	2018	9	18	261	11.9	18.9	11.1682697743546	-999.9	7	5.42824074074075	16.0153299006068	330
ST._PETERS	2018	9	19	262	9.5	13.3	8.139888977171	-999.9	6.8	3.57638888888889	11.8762409234941	330
ST._PETERS	2018	9	20	263	5.9	14.1	11.8267962028642	-999.9	0.2	1.8287037037037	9.90442310326264	330
ST._PETERS	2018	9	21	264	4.8	16.8	14.1490854210117	-999.9	0.2	3.48379629629631	9.51034926462547	330
ST._PETERS	2018	9	22	265	9.5	19.5	12.7720248647685	-999.9	2.1	8.14814814814814	11.7701783710394	330
ST._PETERS	2018	9	23	266	4.8	17.8	14.3978727175226	-999.9	0	4.12037037037036	8.52063616247079	330
ST._PETERS	2018	9	24	267	0.2	10.7	12.7918562253713	-999.9	0	4.07407407407408	5.18333779957564	330
ST._PETERS	2018	9	25	268	-0.4	14.3	14.9608319346976	-999.9	0.3	2.55787037037037	6.58949559930377	330
ST._PETERS	2018	9	26	269	9.9	22	13.4151143200713	-999.9	9.5	7.40740740740742	15.7070157592951	330
ST._PETERS	2018	9	27	270	8.8	21.7	13.6882597675247	-999.9	3	4.88425925925925	14.0655452306653	330
ST._PETERS	2018	9	28	271	9.2	13.8	8.07665864946628	-999.9	18.3	2.89351851851853	12.187881392941	330
ST._PETERS	2018	9	29	272	7.8	16.2	10.7830182081692	-999.9	0	3.41435185185186	12.2333609961463	330
ST._PETERS	2018	9	30	273	5.5	13.9	10.6521541578967	-999.9	0.4	2.31481481481481	8.35782167515679	330
ST._PETERS	2018	10	1	274	2.7	13.9	12.149375606115	-999.9	0	3.62268518518519	8.69420362182509	330
ST._PETERS	2018	10	2	275	2.1	10.2	10.2043542215714	-999.9	0.2	0.833333333333333	8.41783166279171	330
ST._PETERS	2018	10	3	276	8.9	15.3	8.95741983079122	-999.9	28.3	5.32828282828283	13.1382107788097	330
ST._PETERS	2018	10	4	277	14.2	21.1	9.18375457206884	-999.9	2.3	5.64814814814814	17.9792264661972	330
ST._PETERS	2018	10	5	278	3.7	14.4	11.291309354323	-999.9	1.2	3.56481481481481	8.44774370367221	330
ST._PETERS	2018	10	6	279	4.6	11.8	9.14387740852031	-999.9	0.2	2.1875	7.97564152248461	330
ST._PETERS	2018	10	7	280	6.4	11.5	7.59656378386501	-999.9	0	3.28703703703703	9.49081952128235	330
ST._PETERS	2018	10	8	281	3.7	11.2	9.09260172145162	-999.9	0	2.71990740740741	7.23542589617879	330
ST._PETERS	2018	10	9	282	6.7	15.8	9.88467690485256	-999.9	3.3	4.47916666666667	12.3636055296338	330
ST._PETERS	2018	10	10	283	6.9	10.5	6.13532379327019	-999.9	5.3	3.79629629629631	9.2626367983285	330
ST._PETERS	2018	10	11	284	4.3	7.8	5.96934113605963	-999.9	8.1	2.69675925925926	7.63158384490089	330
ST._PETERS	2018	10	12	285	6.6	11.9	7.24769127525387	-999.9	10.5	3.37962962962964	11.2090565981206	330
ST._PETERS	2018	10	13	286	4.2	10.2	7.60801947424627	-999.9	3.8	5.34722222222222	7.96386273922777	330
ST._PETERS	2018	10	14	287	3.6	7.3	5.89383084863808	-999.9	0	6.59722222222222	5.90397563992214	330
ST._PETERS	2018	10	15	288	1.8	13.7	10.4265221566736	-999.9	4.6	4.16666666666667	7.41406299971223	330
ST._PETERS	2018	10	16	289	4.5	15.5	9.88784759949636	-999.9	16.7	8.92361111111111	8.67150736426729	330
ST._PETERS	2018	10	17	290	1.9	8.8	7.72398837256922	-999.9	0	4.51388888888889	6.65464005694975	330
ST._PETERS	2018	10	18	291	1.2	5.9	6.28712226912806	-999.9	4.6	8.50694444444445	6.41598565648672	330
ST._PETERS	2018	10	19	292	-1.2	5	7.12133056311142	-999.9	0.4	7.24537037037036	4.03819898596946	330
ST._PETERS	2018	10	20	293	5	15.8	9.26868562055484	-999.9	4.6	6.67824074074075	10.0990646929755	330
ST._PETERS	2018	10	21	294	3.9	10	6.86899415324689	-999.9	0	3.66898148148147	7.81001003681882	330
ST._PETERS	2018	10	22	295	-0.6	4.8	6.37280272343176	-999.9	0	5.87962962962964	4.0546743025018	330
ST._PETERS	2018	10	23	296	-1.6	6.6	7.74340230055543	-999.9	0	2.93981481481481	4.90042437639928	330
ST._PETERS	2018	10	24	297	3.2	12.2	7.99882170247392	-999.9	16	3.41435185185186	9.4852514177813	330
ST._PETERS	2018	10	25	298	1	8	6.95544522471587	-999.9	6.3	5.97222222222222	7.50810478506566	330
ST._PETERS	2018	10	26	299	-0.9	3.7	5.5592998748259	-999.9	0	6.92129629629631	4.20447848285846	330
ST._PETERS	2018	10	27	300	-2.9	3.7	6.56561589444796	-999.9	7.6	2.85879629629631	3.98044695807612	330
ST._PETERS	2018	10	28	301	2.9	15.9	9.08526465687689	-999.9	28.5	4.29398148148147	11.28971415898	330
ST._PETERS	2018	10	29	302	9	16.1	6.620041441173	-999.9	1.5	3.09027777777778	12.7273807765257	330
ST._PETERS	2018	10	30	303	4.7	11.5	6.38789967278466	-999.9	0.7	2.80092592592592	10.3979583047655	330
ST._PETERS	2018	10	31	304	2.7	6.4	4.64607706462734	-999.9	1.3	3.65740740740742	7.59632945984868	330
ST._PETERS	2018	11	1	305	3.3	8.5	5.43103264003897	-999.9	0	2.83564814814814	8.58367292706857	330
ST._PETERS	2018	11	2	306	4.2	7.4	4.20114588736776	-999.9	21.3	2.03703703703704	8.79842307179344	330
ST._PETERS	2018	11	3	307	7.4	20	8.22073378530921	-999.9	10.2	6.07638888888889	14.4477482972677	330
ST._PETERS	2018	11	4	308	4.2	8.2	4.5678530280154	-999.9	0	10.8680555555556	5.88337294835104	330
ST._PETERS	2018	11	5	309	1.8	5.4	4.27384079679445	-999.9	0	2.40740740740741	5.85016123809619	330
ST._PETERS	2018	11	6	310	4	14	7.02561226466263	-999.9	25.4	3.66898148148147	10.6387475909111	330
ST._PETERS	2018	11	7	311	8.8	15.3	5.58719902980486	-999.9	2	6.70138888888889	11.900814372784	330
ST._PETERS	2018	11	8	312	5.2	10.2	4.83410546721353	-999.9	0	6.89814814814814	6.68409001160295	330
ST._PETERS	2018	11	9	313	2	6.1	4.31878254198212	-999.9	0	4.58333333333333	5.72457338654369	330
ST._PETERS	2018	11	10	314	1.1	11.4	6.75422154102239	-999.9	17.7	4.65277777777778	8.43825641344751	330
ST._PETERS	2018	11	11	315	-0.8	2.1	3.53668518493299	-999.9	0	10.0347222222222	3.73396721419115	330
ST._PETERS	2018	11	12	316	-2	0.5	3.24090339130236	-999.9	0	7.54629629629631	3.96368849820411	330
ST._PETERS	2018	11	13	317	-3.2	6.2	6.20327810433192	-999.9	25.7	4.18981481481481	5.15809216405761	330
ST._PETERS	2018	11	14	318	-8	6.8	7.68451872918887	-999.9	0.2	11.6435185185185	4.65116088179453	330
ST._PETERS	2018	11	15	319	-4.8	-1.6	3.52826575266708	-999.9	0.2	8.88888888888889	3.36029788163119	330
ST._PETERS	2018	11	16	320	-5.5	0.9	4.92780567708903	-999.9	15.4	3.79629629629631	4.41583299013874	330
ST._PETERS	2018	11	17	321	-3.1	1.2	3.98985181761569	-999.9	1.2	6.14583333333333	4.94978531424332	330
ST._PETERS	2018	11	18	322	-6.7	-0.3	4.80903628486896	-999.9	0	4.94212962962964	3.42415557294789	330
ST._PETERS	2018	11	19	323	-9	-0.3	5.54070143081139	-999.9	0.2	1.95601851851852	3.73833629634077	330
ST._PETERS	2018	11	20	324	-0.7	2.8	3.47354321985444	-999.9	11.7	2.15277777777778	6.30506240349929	330
ST._PETERS	2018	11	21	325	-4.5	1.4	4.45861286750345	-999.9	10.1	4.60648148148147	4.90935953446808	330
ST._PETERS	2018	11	22	326	-11.4	-3.6	5.06947122692529	-999.9	2.9	7.63888888888889	3.01291406203943	330
ST._PETERS	2018	11	23	327	-8.9	-4	3.97435401152852	-999.9	0.4	10.9722222222222	2.65429610859701	330
ST._PETERS	2018	11	24	328	-7	0.5	4.86484317055173	-999.9	0	6.51620370370369	3.48557657595538	330
ST._PETERS	2018	11	25	329	-4.5	1.6	4.34204561046619	-999.9	0	2.44212962962963	4.41850901682513	330
ST._PETERS	2018	11	26	330	-0.4	2.2	2.80629870616231	-999.9	0.2	3.66898148148147	5.85185633849581	330
ST._PETERS	2018	11	27	331	0.5	3.2	2.83190243940429	-999.9	7.2	2.83564814814814	6.38428409038164	330
ST._PETERS	2018	11	28	332	0.4	5.3	3.77902631945681	-999.9	9.9	4.30555555555556	6.97592917464112	330
ST._PETERS	2018	11	29	333	0.4	2.3	2.33176742421647	-999.9	16.8	11.4351851851852	6.3851779095609	330
ST._PETERS	2018	11	30	334	1.1	2.6	2.05364990911529	-999.9	0.6	7.39583333333333	5.68555943705266	330
ST._PETERS	2018	12	1	335	-0.47	1.14	1.86	-999.9	0.58	4.9	5.34849332361965	330
ST._PETERS	2018	12	2	336	-0.74	1.57	1.96	-999.9	6.51	5.24	5.06158992373067	330
ST._PETERS	2018	12	3	337	1	2	1.63650851830426	-999.9	3.5	1.85185185185185	6.5973527994002	330
ST._PETERS	2018	12	4	338	-3.6	0.6	3.32922786536	-999.9	2.3	5.94907407407408	4.7416468650473	330
ST._PETERS	2018	12	5	339	-11.6	-2.3	4.91958705596469	-999.9	1.6	5.09259259259258	2.82893476978059	330
ST._PETERS	2018	12	6	340	-11.3	-2.1	4.86094867148382	-999.9	0	1.88657407407407	3.07276214307624	330
ST._PETERS	2018	12	7	341	-9.6	-0.5	4.80466581834175	-999.9	0.5	2.44212962962963	3.50520362549039	330
ST._PETERS	2018	12	8	342	-10.3	-2.4	4.45092645480684	-999.9	1	6.23842592592592	3.05817286961331	330
ST._PETERS	2018	12	9	343	-12.5	-7.5	3.52207551371881	-999.9	0.6	5.38194444444445	2.34742965217238	330
ST._PETERS	2018	12	10	344	-8.9	-3.6	3.60839415794281	-999.9	0.5	4.60648148148147	3.23792317716926	330
ST._PETERS	2018	12	11	345	-11.1	-3.4	4.32984470477128	-999.9	0	4.31712962962964	2.99026307579529	330
ST._PETERS	2018	12	12	346	-13.8	-2.9	5.1307682634302	-999.9	2	4.71064814814814	2.75484518491868	330
ST._PETERS	2018	12	13	347	-10.6	-4.8	3.72922936588979	-999.9	0	5.69444444444445	2.43702963658242	330
ST._PETERS	2018	12	14	348	-10.1	1.8	5.32488842434522	-999.9	0	4.6875	3.05820962334775	330
ST._PETERS	2018	12	15	349	0.1	4	3.04017947098375	-999.9	2	5.90277777777778	6.04906387327431	330
ST._PETERS	2018	12	16	350	-3.6	2.2	3.69922253014877	-999.9	0	2.67361111111111	4.73396585766046	330
ST._PETERS	2018	12	17	351	-2.7	1	2.94936108380696	-999.9	15.4	3.87731481481481	5.19451090477018	330
ST._PETERS	2018	12	18	352	-2.8	0	2.56235292792461	-999.9	4	8.95833333333333	5.46461592084918	330
ST._PETERS	2018	12	19	353	-5.9	-1.7	3.13559895007628	-999.9	0	9.22453703703703	3.59152837528137	330
ST._PETERS	2018	12	20	354	-7.8	-0.5	4.13234796776961	-999.9	0	4.61805555555556	3.58274413000669	330
ST._PETERS	2018	12	21	355	-4.7	4.4	4.61423464499493	-999.9	5.3	3.87731481481481	5.4642081004413	330
ST._PETERS	2018	12	22	356	4.3	12.2	4.30169855565846	-999.9	22	6.14583333333333	10.6043632162935	330
ST._PETERS	2018	12	23	357	-5.1	7.6	5.45983295945242	-999.9	0.7	6.68981481481481	5.10948013524981	330
ST._PETERS	2018	12	24	358	-9.3	-4.8	3.25490144554305	-999.9	0.2	3.69212962962964	2.72255640039635	330
ST._PETERS	2018	12	25	359	-10.3	-4.3	3.7658536789568	-999.9	1.4	4.74537037037036	2.95325486941168	330
ST._PETERS	2018	12	26	360	-8.6	-4.6	3.0823007507949	-999.9	0	4.79166666666667	2.72774767026326	330
ST._PETERS	2018	12	27	361	-10.1	-7.1	2.67708624978337	-999.9	0.4	8.47222222222222	2.25356180728883	330
ST._PETERS	2018	12	28	362	-10.6	0.1	5.07280465832	-999.9	8.4	4.51388888888889	3.20554100597443	330
ST._PETERS	2018	12	29	363	-4.3	2.7	4.11865661447385	-999.9	7.2	4.71064814814814	5.5366190525736	330
ST._PETERS	2018	12	30	364	-7	-3.1	3.08732769892082	-999.9	0	6.51515151515153	2.930658577208	330
ST._PETERS	2018	12	31	365	-11.9	-6.2	3.74992648416662	-999.9	0.2	2.68518518518519	2.01511862320436	330
