ST._PETERS	2005	1	1	1	-2.8	6.9	4.91693403542761	-999.9	0	7.82407407407408	5.84848839231001	330
ST._PETERS	2005	1	2	2	-8.5	-1.2	4.28922116029928	-999.9	2.1	6.19212962962964	3.1423736499612	330
ST._PETERS	2005	1	3	3	-8.6	2.6	5.34461734805943	-999.9	0	5.60185185185186	4.35215605541404	330
ST._PETERS	2005	1	4	4	-4.2	-3.7	1.13648023927621	-999.9	0.6	3.125	3.60655184984469	330
ST._PETERS	2005	1	5	5	-9.5	-7.4	2.34493541278669	-999.9	0.6	6.19212962962964	2.67177975456531	330
ST._PETERS	2005	1	6	6	-15.6	-3.3	5.7159630743068	-999.9	4.7	4.375	2.19487975534239	330
ST._PETERS	2005	1	7	7	-13.7	-2.3	5.54462527553163	-999.9	1.3	3.69212962962964	3.02880113690363	330
ST._PETERS	2005	1	8	8	-9	-1.9	4.41057310683583	-999.9	0.6	2.99768518518519	3.36620581068144	330
ST._PETERS	2005	1	9	9	-7.6	-2.9	3.61842631842895	-999.9	0	5.38194444444445	3.12100305694711	330
ST._PETERS	2005	1	10	10	-8.3	0.8	5.07868078555138	-999.9	2.2	3.80787037037036	3.93928260204342	330
ST._PETERS	2005	1	11	11	-9.6	-6.9	2.79139595011012	-999.9	0	9.18981481481481	2.62059614060141	330
ST._PETERS	2005	1	12	12	-10.6	-3.3	4.63292869438729	-999.9	1.9	4.16666666666667	2.76179257353702	330
ST._PETERS	2005	1	13	13	-13.4	11.7	8.6741357839025	-999.9	0	5.15046296296297	5.07716141913913	330
ST._PETERS	2005	1	14	14	1.3	14	6.23192350585144	-999.9	4.2	7.90509259259258	9.68313566154586	330
ST._PETERS	2005	1	15	15	-8.5	-6.6	2.43533547701507	-999.9	0	5.99537037037036	2.46031341331062	330
ST._PETERS	2005	1	16	16	-11.4	-4.2	4.7911072054114	-999.9	10.3	2.32638888888889	2.15901906645819	330
ST._PETERS	2005	1	17	17	-6.7	-4.3	2.79630042541593	-999.9	10.8	10.5324074074074	3.73664138197298	330
ST._PETERS	2005	1	18	18	-14.3	-9	4.20185072271497	-999.9	0	6.05324074074075	2.15721843742314	330
ST._PETERS	2005	1	19	19	-15.4	-6.8	5.41361372254144	-999.9	0.7	3.50694444444444	2.13688314133502	330
ST._PETERS	2005	1	20	20	-16.7	-1.5	7.28116754623665	-999.9	10	6.00241545893719	2.72058904388188	330
ST._PETERS	2005	1	21	21	-15.1	-9.7	4.39155274638509	-999.9	1.9	5.89120370370369	1.96788768864	330
ST._PETERS	2005	1	22	22	-18.3	-11.1	5.13245607047428	-999.9	0.6	6.73611111111111	1.68258097790284	330
ST._PETERS	2005	1	23	23	-14.2	-6	5.5449095005083	-999.9	13.6	7.36111111111111	2.43124301707388	330
ST._PETERS	2005	1	24	24	-10.3	-6	4.06570731322397	-999.9	0.8	11.8171296296296	3.03177959196072	330
ST._PETERS	2005	1	25	25	-14.8	-12	3.32258513867707	-999.9	0	5.59027777777778	1.67054960623803	330
ST._PETERS	2005	1	26	26	-19	-13.7	4.63026924688457	-999.9	0	4.22453703703703	1.22619423197664	330
ST._PETERS	2005	1	27	27	-22.1	-11.8	6.53927034106747	-999.9	0.7	5.55555555555556	1.34849888781901	330
ST._PETERS	2005	1	28	28	-15.2	-11.5	3.97118668892651	-999.9	0	8.03240740740742	1.73810188539738	330
ST._PETERS	2005	1	29	29	-13.7	-9.9	4.0783237436776	-999.9	0.6	4.89583333333333	1.9997458227815	330
ST._PETERS	2005	1	30	30	-16	-6.8	6.43148617541308	-999.9	0	2.66203703703704	2.11740830284813	330
ST._PETERS	2005	1	31	31	-11.7	-9.7	3.039572282789	-999.9	0	3.57638888888889	2.3047024815504	330
ST._PETERS	2005	2	1	32	-18	-3.9	8.1815416595859	-999.9	0.6	2.08333333333333	1.9779010993856	330
ST._PETERS	2005	2	2	33	-15	-2.8	7.71573499699311	-999.9	0.8	1.18055555555556	2.4993759158837	330
ST._PETERS	2005	2	3	34	-14.8	-2	8.01334004925028	-999.9	0	2.33796296296296	2.88298750383986	330
ST._PETERS	2005	2	4	35	-6.3	-2	4.70965645190199	-999.9	0	2.22222222222222	4.04581990191231	330
ST._PETERS	2005	2	5	36	-7.1	-2.7	4.83124289564608	-999.9	0	4.35185185185186	3.89284432357955	330
ST._PETERS	2005	2	6	37	-6.8	-2.3	4.95499765491982	-999.9	0	3.14814814814814	3.77471913134165	330
ST._PETERS	2005	2	7	38	-14.2	6	10.6473316114457	-999.9	0.7	1.74768518518519	3.4095542743315	330
ST._PETERS	2005	2	8	39	-4.2	7.4	8.18354432070073	-999.9	0	2.15277777777778	3.88349688028923	330
ST._PETERS	2005	2	9	40	-1.2	2.5	4.68787928891716	-999.9	0	1.44675925925926	5.19497383653414	330
ST._PETERS	2005	2	10	41	-3	4.2	6.63310858924456	-999.9	14.8	3.75	5.95885611935654	330
ST._PETERS	2005	2	11	42	-2.9	4.9	7.00296852486658	-999.9	0.8	5.57870370370369	6.00140089091436	330
ST._PETERS	2005	2	12	43	-5.3	-1.1	5.21253373274442	-999.9	0	6.11111111111111	3.5664015400355	330
ST._PETERS	2005	2	13	44	-9.7	-3.6	6.37207084351197	-999.9	0	3.11342592592592	3.10841982687581	330
ST._PETERS	2005	2	14	45	-11.4	-4.9	6.67210280660453	-999.9	0	2.65046296296296	2.63693033727002	330
ST._PETERS	2005	2	15	46	-11.3	3.8	10.3152741585698	-999.9	4.8	6.77083333333333	4.05520067763077	330
ST._PETERS	2005	2	16	47	-0.9	6.6	7.37398268988959	-999.9	0.7	3.91203703703703	7.00041239137617	330
ST._PETERS	2005	2	17	48	2.4	4.5	3.9577685841193	-999.9	0	5.96064814814814	7.21200432705329	330
ST._PETERS	2005	2	18	49	-6	-4.3	3.61178444302117	-999.9	0	5.78703703703703	3.10305453327794	330
ST._PETERS	2005	2	19	50	-11.7	-10.5	3.0777213939009	-999.9	0	4.24768518518519	1.95999975534276	330
ST._PETERS	2005	2	20	51	-17.7	-7.4	9.14493820816896	-999.9	1.4	5.04629629629631	1.861374565537	330
ST._PETERS	2005	2	21	52	-16.7	-10.8	7.01926071034665	-999.9	0	3.36805555555556	1.56042643587819	330
ST._PETERS	2005	2	22	53	-17.3	-8.3	8.79158547295234	-999.9	0	2.44212962962963	1.73950933280881	330
ST._PETERS	2005	2	23	54	-12.3	-6.3	7.27909317233785	-999.9	0.6	1.40046296296296	2.64518098790678	330
ST._PETERS	2005	2	24	55	-13.2	-8.2	6.73775673730144	-999.9	0	3.58796296296297	2.34553382472747	330
ST._PETERS	2005	2	25	56	-15.4	-7.5	8.58703911984957	-999.9	4.8	3.10185185185186	2.31761596749509	330
ST._PETERS	2005	2	26	57	-9.1	-3.9	7.06317651761076	-999.9	0	7.80092592592592	2.93924723294817	330
ST._PETERS	2005	2	27	58	-10.5	-6.5	6.28006164658144	-999.9	0.8	7.69675925925925	2.20243126663561	330
ST._PETERS	2005	2	28	59	-9.8	-4.6	7.25832368113962	-999.9	0	4.60144927536231	1.94115184322132	330
ST._PETERS	2005	3	1	60	-8.2	2.6	10.6025612188389	-999.9	9.7	5.52910052910053	4.20388031290447	330
ST._PETERS	2005	3	2	61	-1	3.2	6.70115509233611	-999.9	3.9	3.67424242424242	5.68505327267249	330
ST._PETERS	2005	3	3	62	-5.6	-2.2	6.11013626361765	-999.9	1	5.41062801932367	3.54360061613582	330
ST._PETERS	2005	3	4	63	-13.3	-7.6	8.01667158421337	-999.9	0	4.51388888888889	1.816120298865	330
ST._PETERS	2005	3	5	64	-12	-6	8.33364356207752	-999.9	0	5.02314814814814	2.33332109598523	330
ST._PETERS	2005	3	6	65	-12.2	-0.8	11.6377874200609	-999.9	3	3.35648148148147	2.29062920403834	330
ST._PETERS	2005	3	7	66	-8.7	-0.5	9.99858212929507	-999.9	1.9	5.27777777777778	3.541868987336	330
ST._PETERS	2005	3	8	67	-13.3	8.7	16.5886075073048	-999.9	19.1	7.96296296296297	4.68588148513254	330
ST._PETERS	2005	3	9	68	-0.1	2.2	5.43227913834713	-999.9	1.5	10.4398148148148	5.14484231256113	330
ST._PETERS	2005	3	10	69	-12.7	-2.9	11.3553929964678	-999.9	0	2.99768518518519	2.10632532934806	330
ST._PETERS	2005	3	11	70	-9.7	-5	7.96268305255006	-999.9	0	3.19444444444444	2.38702481892032	330
ST._PETERS	2005	3	12	71	-10.6	-3.5	9.90855894733607	-999.9	0	5.45138888888889	2.59627548508255	330
ST._PETERS	2005	3	13	72	-6.4	-2.2	7.71481220613634	-999.9	3.2	8.53009259259258	3.83313659517672	330
ST._PETERS	2005	3	14	73	-5.4	0.3	9.09714823466439	-999.9	1.2	4.43287037037036	4.85116155338461	330
ST._PETERS	2005	3	15	74	-1.3	0.8	5.58845278230917	-999.9	1.2	4.32870370370369	5.40956713326814	330
ST._PETERS	2005	3	16	75	-3.6	0.5	7.9019486940872	-999.9	0	6.40046296296297	4.54309128375012	330
ST._PETERS	2005	3	17	76	-2.4	-0.5	5.44283275919797	-999.9	2.1	5.47453703703703	4.94790506604018	330
ST._PETERS	2005	3	18	77	-1.8	-0.2	5.05311341695603	-999.9	1.4	2.53472222222222	5.50610124293349	330
ST._PETERS	2005	3	19	78	-2.9	0.4	7.34093315237976	-999.9	1.3	3.98148148148147	5.01418282845861	330
ST._PETERS	2005	3	20	79	-5.3	-0.9	8.57353123215767	-999.9	1.4	6.11111111111111	3.83738177518756	330
ST._PETERS	2005	3	21	80	-2.6	0.9	7.73303335432604	-999.9	0	3.31018518518519	5.19451090477018	330
ST._PETERS	2005	3	22	81	-4.1	-0.4	8.03974207214638	-999.9	0	2.25694444444444	4.448238809538	330
ST._PETERS	2005	3	23	82	-8.9	3.5	14.8805854169592	-999.9	0	3.48379629629631	4.28886627982249	330
ST._PETERS	2005	3	24	83	-6.8	1.6	12.3810906935043	-999.9	0	1.84027777777778	4.19828310390907	330
ST._PETERS	2005	3	25	84	-5.4	4.8	13.790222673966	-999.9	0	4.47916666666667	4.99421646531139	330
ST._PETERS	2005	3	26	85	-7.4	-2.8	9.35930493132327	-999.9	0.9	3.57638888888889	3.19673656648099	330
ST._PETERS	2005	3	27	86	-8.6	6.7	17.2482560204651	-999.9	0	4.20138888888889	3.38306652361587	330
ST._PETERS	2005	3	28	87	-2.7	9.1	15.3044017552769	-999.9	22.5	5.37037037037036	4.97627535042679	330
ST._PETERS	2005	3	29	88	1.3	5.5	9.22394657137836	-999.9	19.9	6.46990740740742	7.43531136076853	330
ST._PETERS	2005	3	30	89	-0.5	0.1	3.52148044858046	-999.9	3.2	8.09027777777778	5.70364526351415	330
ST._PETERS	2005	3	31	90	-1.7	0.3	6.49326000746217	-999.9	3.5	7.01388888888889	5.3050551680045	330
ST._PETERS	2005	4	1	91	-2.7	8	15.16625456957	-999.9	0	2.1875	6.04483228038347	330
ST._PETERS	2005	4	2	92	0.5	9.7	14.199055881169	-999.9	0	3.88888888888889	5.8775729110602	330
ST._PETERS	2005	4	3	93	0.2	6.3	11.6721261459494	-999.9	9	7.96296296296297	7.05251702102509	330
ST._PETERS	2005	4	4	94	3.8	12.9	14.3901601394269	-999.9	0.7	6.37731481481481	9.14081195358846	330
ST._PETERS	2005	4	5	95	0.7	9	13.8702480695848	-999.9	0	2.95138888888889	7.04313353264009	330
ST._PETERS	2005	4	6	96	1.5	13.6	16.8996813867362	-999.9	0	3.73842592592592	6.28048894327573	330
ST._PETERS	2005	4	7	97	-1.3	6.8	13.9511314655075	-999.9	2.5	3.04398148148147	5.41877420871944	330
ST._PETERS	2005	4	8	98	0.3	6.6	12.4124865187511	-999.9	0.6	4.20138888888889	7.32043081579714	330
ST._PETERS	2005	4	9	99	-0.5	3.9	10.4635012598963	-999.9	0	4.13194444444444	5.23547031403151	330
ST._PETERS	2005	4	10	100	-2.7	13	19.934409681075	-999.9	0	4.86111111111111	5.62253121260847	330
ST._PETERS	2005	4	11	101	-1.7	2.2	10.0191185460272	-999.9	6.6	4.64120370370369	5.59043125414679	330
ST._PETERS	2005	4	12	102	-1.9	5.7	14.1022560231439	-999.9	0	4.49074074074075	6.0499669630029	330
ST._PETERS	2005	4	13	103	-2.9	5.8	15.211326419758	-999.9	0.8	4.40972222222222	5.36897549010195	330
ST._PETERS	2005	4	14	104	-2.1	-0.2	7.16557677374236	-999.9	0	5.69444444444445	4.21238907132615	330
ST._PETERS	2005	4	15	105	-3.7	3.5	14.0588209070582	-999.9	0	4.43287037037036	4.20423327034782	330
ST._PETERS	2005	4	16	106	-5	13.9	22.9542674194694	-999.9	0	3.44907407407408	3.80340143806847	330
ST._PETERS	2005	4	17	107	1.4	18.6	22.0642121180361	-999.9	0	3.44907407407408	4.89570291359403	330
ST._PETERS	2005	4	18	108	2.4	5	8.6426022373962	-999.9	0	4.64120370370369	5.32838583319985	330
ST._PETERS	2005	4	19	109	-2	10.5	19.0892430793131	-999.9	0	4.08564814814814	5.37718563255994	330
ST._PETERS	2005	4	20	110	0.8	12	18.1995639910682	-999.9	4	4.33574879227053	6.26644911226317	330
ST._PETERS	2005	4	21	111	-1.4	2.4	10.6759047730499	-999.9	0.6	3.03240740740742	4.71735903134879	330
ST._PETERS	2005	4	22	112	-0.5	10.1	17.9543477530356	-999.9	0	6.14583333333333	3.89123007628333	330
ST._PETERS	2005	4	23	113	0.6	12.8	19.3929354181559	-999.9	5.2	2.58101851851852	5.85557203854736	330
ST._PETERS	2005	4	24	114	4.7	15.4	18.2829317110732	-999.9	0.6	6.08796296296297	10.9897756878959	330
ST._PETERS	2005	4	25	115	6.4	9.8	10.3735486583257	-999.9	14.1	6.59722222222222	10.2849861371778	330
ST._PETERS	2005	4	26	116	4.2	9.5	13.034778391771	-999.9	0	2.75462962962963	8.26378993767875	330
ST._PETERS	2005	4	27	117	-1.8	4.7	14.5259440989902	-999.9	0	3.00925925925925	6.2267576676607	330
ST._PETERS	2005	4	28	118	0.3	6.6	14.3887923861381	-999.9	5.6	5.97222222222222	6.1770242072256	330
ST._PETERS	2005	4	29	119	2.4	13.6	19.3007478655945	-999.9	0	6.62037037037036	8.65783000286244	330
ST._PETERS	2005	4	30	120	1.6	14.4	20.7551609184481	-999.9	1.9	4.18981481481481	7.60309177026904	330
ST._PETERS	2005	5	1	121	4.6	13.9	17.793598843598	-999.9	7.1	7.60416666666667	9.97395285403385	330
ST._PETERS	2005	5	2	122	7.1	15.4	16.9047223632837	-999.9	0	4.82638888888889	8.81193996289714	330
ST._PETERS	2005	5	3	123	4.3	17.1	21.1089386970858	-999.9	0	4.10879629629631	8.09609517360277	330
ST._PETERS	2005	5	4	124	3.5	13.3	18.5700416746517	-999.9	0	2.82407407407408	7.60043294627336	330
ST._PETERS	2005	5	5	125	4.5	12.1	16.439603488007	-999.9	0	2.09490740740741	7.85593214511593	330
ST._PETERS	2005	5	6	126	2.3	14.7	21.1070056340796	-999.9	0	2.75462962962963	6.44953692942811	330
ST._PETERS	2005	5	7	127	5.1	15.3	19.2395058030266	-999.9	9.7	3.62268518518519	7.72105181459413	330
ST._PETERS	2005	5	8	128	3.9	7	10.6585905224509	-999.9	2.8	5.10416666666667	7.72527458464833	330
ST._PETERS	2005	5	9	129	3.4	8.8	14.1347533471603	-999.9	0	3.47222222222222	8.39592419901075	330
ST._PETERS	2005	5	10	130	1.7	10	17.6055824239773	-999.9	0	2.7662037037037	8.39715581502724	330
ST._PETERS	2005	5	11	131	3.8	12.9	18.5182467309933	-999.9	0	1.81712962962963	10.1323732906326	330
ST._PETERS	2005	5	12	132	0.7	13.4	21.9733826936722	-999.9	2.4	6.64351851851853	8.33576002721271	330
ST._PETERS	2005	5	13	133	-2.3	2	12.8408415786224	-999.9	0.6	10.1041666666667	4.19141054936988	330
ST._PETERS	2005	5	14	134	-2.3	5.2	17.0295292555154	-999.9	0	7.24537037037036	5.60835656290904	330
ST._PETERS	2005	5	15	135	2.6	11.1	18.2030016504732	-999.9	0	3.51851851851853	8.38452037001764	330
ST._PETERS	2005	5	16	136	0.5	5.4	13.8752919978655	-999.9	3.6	2.34953703703704	6.99630645619841	330
ST._PETERS	2005	5	17	137	3.4	6.1	10.339171845639	-999.9	0	1.40046296296296	8.0560341449788	330
ST._PETERS	2005	5	18	138	0	10.6	20.562032287994	-999.9	0	1.95601851851852	7.93545535424313	330
ST._PETERS	2005	5	19	139	3.1	6.5	11.6872264657644	-999.9	22.5	3.03240740740742	8.24321635031343	330
ST._PETERS	2005	5	20	140	3.6	5.6	8.99488813331382	-999.9	1.2	5.70601851851853	8.2175246259578	330
ST._PETERS	2005	5	21	141	3	9	15.6320247135438	-999.9	0	3.31018518518519	8.57675522145368	330
ST._PETERS	2005	5	22	142	3.3	9.1	15.4192308194997	-999.9	4.1	3.58796296296297	8.42635478239893	330
ST._PETERS	2005	5	23	143	4.5	10.5	15.7319985551427	-999.9	0	4.58333333333333	8.09864517276127	330
ST._PETERS	2005	5	24	144	4.2	10.1	15.647482527399	-999.9	0	4.08564814814814	8.07010423788342	330
ST._PETERS	2005	5	25	145	1.5	11.4	20.3281134971776	-999.9	0	3.41435185185186	7.07156365984307	330
ST._PETERS	2005	5	26	146	2.3	11.9	20.0736842860978	-999.9	6.7	4.21296296296297	7.68578177698954	330
ST._PETERS	2005	5	27	147	6.1	16.4	20.848423746542	-999.9	0	3.44907407407408	11.9826697906147	330
ST._PETERS	2005	5	28	148	4.8	9.3	13.8157770033163	-999.9	1.2	2.40740740740741	9.50487675001671	330
ST._PETERS	2005	5	29	149	5	15.8	21.4559049151326	-999.9	0	1.99074074074074	11.0488199932553	330
ST._PETERS	2005	5	30	150	4.4	18.6	24.6602020681824	-999.9	1.1	2.38425925925926	10.4735170796349	330
ST._PETERS	2005	5	31	151	9	18.1	19.7852888254427	-999.9	0	2.11805555555556	12.0279442685663	330
ST._PETERS	2005	6	1	152	7.9	23.5	25.9600251236816	-999.9	0	3.26388888888889	10.2822961329984	330
ST._PETERS	2005	6	2	153	14.3	27.6	24.0182708653636	-999.9	11.5	5.25462962962964	11.7052336120914	330
ST._PETERS	2005	6	3	154	13.4	27.5	24.7771129321421	-999.9	0	6.41203703703703	13.3682245438566	330
ST._PETERS	2005	6	4	155	10.9	14.3	12.1887188760981	-999.9	0	3.68055555555556	9.75335366074829	330
ST._PETERS	2005	6	5	156	7	12.7	15.8083239694599	-999.9	0	2.46527777777778	9.12388098155329	330
ST._PETERS	2005	6	6	157	2.1	17.1	25.6848047755201	-999.9	6.2	2.73148148148148	7.44667978054674	330
ST._PETERS	2005	6	7	158	7.1	21.5	25.2026764367686	-999.9	0	7.38425925925925	13.4871775808697	330
ST._PETERS	2005	6	8	159	12.3	16.9	14.2636850478148	-999.9	0	3.93518518518519	13.4871816748367	330
ST._PETERS	2005	6	9	160	8.6	19.8	22.2844519260446	-999.9	0	2.66203703703704	11.2999933538905	330
ST._PETERS	2005	6	10	161	11.6	27.3	26.4140920244518	-999.9	0.7	4.96527777777778	15.8846672464623	330
ST._PETERS	2005	6	11	162	8.1	15.7	18.3966369582293	-999.9	0	3.64583333333333	12.1646051085899	330
ST._PETERS	2005	6	12	163	6.1	20.2	25.080715123739	-999.9	9.8	4.13194444444444	13.1910424253515	330
ST._PETERS	2005	6	13	164	10.2	13.2	11.5782441212552	-999.9	22.9	2.62731481481481	13.0864491519803	330
ST._PETERS	2005	6	14	165	8.8	16	17.9495305859526	-999.9	0	3.24074074074075	11.1441121502428	330
ST._PETERS	2005	6	15	166	6.5	18.6	23.2829182856905	-999.9	0	3.19444444444444	10.4125290020254	330
ST._PETERS	2005	6	16	167	8.9	12.1	11.9792811052235	-999.9	12.7	3.49537037037036	11.1281183552215	330
ST._PETERS	2005	6	17	168	8.2	14	16.1337008881309	-999.9	0.7	3.75	12.0237394959901	330
ST._PETERS	2005	6	18	169	8.9	14	15.1329140684416	-999.9	0.6	2.2337962962963	12.7669051014086	330
ST._PETERS	2005	6	19	170	8.1	12.1	13.4041171833173	-999.9	0	3.20601851851853	11.3259335324668	330
ST._PETERS	2005	6	20	171	5.8	23.3	28.0382744845275	-999.9	0	3.98148148148147	11.630956155671	330
ST._PETERS	2005	6	21	172	13.2	26.3	24.25745661639	-999.9	0	6.29629629629631	14.289652220846	330
ST._PETERS	2005	6	22	173	11.5	14.1	10.8050550073521	-999.9	4.6	3.22916666666667	12.5350302907429	330
ST._PETERS	2005	6	23	174	6.9	17.1	21.3955982793976	-999.9	0	2.89351851851853	11.1537742223857	330
ST._PETERS	2005	6	24	175	8	24.9	27.5299294379043	-999.9	0.6	4.52546296296297	11.9125228707261	330
ST._PETERS	2005	6	25	176	15	30.1	26.010037279378	-999.9	0	3.10185185185186	19.0791613004041	330
ST._PETERS	2005	6	26	177	15.3	17.9	10.7865680038375	-999.9	0	3.20601851851853	15.5289878297733	330
ST._PETERS	2005	6	27	178	10.3	24.6	25.2791280368958	-999.9	0	2.80092592592592	12.2235117028591	330
ST._PETERS	2005	6	28	179	13.9	27.2	24.35962990598	-999.9	0	7.19907407407408	18.5368821452636	330
ST._PETERS	2005	6	29	180	20.8	27.5	17.2737400138824	-999.9	0.7	5.78282828282828	25.6384248389878	330
ST._PETERS	2005	6	30	181	11.3	15.3	13.3332609734499	-999.9	0	3.35648148148147	12.549023753066	330
ST._PETERS	2005	7	1	182	8.4	21.3	23.917286831186	-999.9	0.9	4.82638888888889	14.693445409831	330
ST._PETERS	2005	7	2	183	17.1	25.3	19.0453030678598	-999.9	0.7	6.12268518518519	21.5088304295276	330
ST._PETERS	2005	7	3	184	10.9	19.6	19.5910487905823	-999.9	0	2.96296296296297	12.2982611091288	330
ST._PETERS	2005	7	4	185	10.4	27.5	27.4262456453352	-999.9	0	3.27546296296297	13.632611641448	330
ST._PETERS	2005	7	5	186	12.2	26	24.5997783311161	-999.9	0	4.79166666666667	13.7271721623648	330
ST._PETERS	2005	7	6	187	13.9	18.4	14.0240771806347	-999.9	8.9	4.10879629629631	15.4157628022278	330
ST._PETERS	2005	7	7	188	12.5	16.7	13.5245258074902	-999.9	0	3.91203703703703	14.0642105815436	330
ST._PETERS	2005	7	8	189	6.2	22.2	26.347515591521	-999.9	0	2.02546296296296	13.1426781214314	330
ST._PETERS	2005	7	9	190	13.6	24.5	21.7034133913767	-999.9	2.2	3.125	17.2422162470674	330
ST._PETERS	2005	7	10	191	16.2	23.7	17.9652513510099	-999.9	0	3.31018518518519	20.1611138160363	330
ST._PETERS	2005	7	11	192	15.9	18.6	10.7553634774051	-999.9	0	3.31018518518519	17.877823823541	330
ST._PETERS	2005	7	12	193	13	15	9.23530686141861	-999.9	6.3	4.47916666666667	14.7789126310179	330
ST._PETERS	2005	7	13	194	13.2	19	15.6890241607422	-999.9	0	1.44675925925926	17.0247852817211	330
ST._PETERS	2005	7	14	195	12.8	23.5	21.2555232761545	-999.9	4.2	4.36342592592592	17.5832883941859	330
ST._PETERS	2005	7	15	196	16.5	20.6	13.1226661623472	-999.9	0	3.68055555555556	18.0657037009401	330
ST._PETERS	2005	7	16	197	14.6	17.5	11.006051377684	-999.9	0	4.375	16.0755616419129	330
ST._PETERS	2005	7	17	198	12.9	27.9	24.9593097493649	-999.9	0	2.31481481481481	18.1391233300753	330
ST._PETERS	2005	7	18	199	18.2	28.4	20.5207542649997	-999.9	0	5.13888888888889	21.2935099408213	330
ST._PETERS	2005	7	19	200	21	28	16.9472913932612	-999.9	0	4.96527777777778	25.690444876075	330
ST._PETERS	2005	7	20	201	21.3	25.5	13.0853568469165	-999.9	0	3.54166666666667	24.5894150482373	330
ST._PETERS	2005	7	21	202	14.6	23.6	19.0916420586605	-999.9	0	1.96759259259259	18.5464826048123	330
ST._PETERS	2005	7	22	203	15.5	28.1	22.5122913789797	-999.9	20.4	2.46527777777778	20.772776834142	330
ST._PETERS	2005	7	23	204	16.2	19.2	10.9460792668425	-999.9	3.6	3.84259259259258	18.4706473592412	330
ST._PETERS	2005	7	24	205	15.3	20.2	13.938322098171	-999.9	0	3.81944444444444	16.6007727258646	330
ST._PETERS	2005	7	25	206	11.7	20.5	18.6088301763211	-999.9	0.7	3.31018518518519	14.7359315050869	330
ST._PETERS	2005	7	26	207	14.7	26.9	21.8259690057183	-999.9	0	3.44907407407408	19.4655119260098	330
ST._PETERS	2005	7	27	208	20.6	25.7	14.055458015292	-999.9	15.1	4.40972222222222	23.5209479003925	330
ST._PETERS	2005	7	28	209	15.8	21.1	14.2696842122519	-999.9	0	3.06712962962964	17.3381551513739	330
ST._PETERS	2005	7	29	210	14.2	21.7	16.9033813546165	-999.9	0	2.29166666666667	17.7435804549738	330
ST._PETERS	2005	7	30	211	15.2	20.7	14.4125439227758	-999.9	0	4.27083333333333	14.8856120215936	330
ST._PETERS	2005	7	31	212	12.6	21.1	17.8375294051253	-999.9	0	3.36805555555556	11.8808354755479	330
ST._PETERS	2005	8	1	213	11.6	22.1	19.7349127616359	-999.9	14.7	3.21759259259258	15.2799626421115	330
ST._PETERS	2005	8	2	214	14.6	21.5	15.9231721097128	-999.9	0	3.09027777777778	18.176969192607	330
ST._PETERS	2005	8	3	215	14.7	20	13.888533647694	-999.9	4.8	4.23611111111111	17.326082149782	330
ST._PETERS	2005	8	4	216	15.2	19	11.7023310233294	-999.9	0	4.51388888888889	15.3199043084045	330
ST._PETERS	2005	8	5	217	9.5	25.1	23.5913866508296	-999.9	0	5	14.3997444197929	330
ST._PETERS	2005	8	6	218	18.3	21.2	10.119265433139	-999.9	0	4.03935185185186	17.7002318246044	330
ST._PETERS	2005	8	7	219	12.1	26.6	22.5082017220659	-999.9	0	3.00925925925925	14.2971013156186	330
ST._PETERS	2005	8	8	220	16.3	24.3	16.6286252039707	-999.9	0	4.08564814814814	17.3298624357644	330
ST._PETERS	2005	8	9	221	16.2	30.5	22.109627305078	-999.9	0	4.57175925925925	19.628181453784	330
ST._PETERS	2005	8	10	222	19.6	29.1	17.9194430406024	-999.9	0	5.83333333333333	22.3274197855972	330
ST._PETERS	2005	8	11	223	20.1	26.8	14.9622327494931	-999.9	1.2	4.42129629629631	22.8482688536057	330
ST._PETERS	2005	8	12	224	14.3	21.7	15.6321211777411	-999.9	0	2.77777777777778	15.1619110846394	330
ST._PETERS	2005	8	13	225	14.8	21.8	15.1126497437014	-999.9	0	4.50231481481481	17.1132996597394	330
ST._PETERS	2005	8	14	226	17.9	24.5	14.5847622047924	-999.9	0	2.75462962962963	19.5285855124114	330
ST._PETERS	2005	8	15	227	14.9	22.2	15.2430050997026	-999.9	0	1.50462962962963	17.2946612601059	330
ST._PETERS	2005	8	16	228	11.4	24.4	20.2119568699819	-999.9	0	2.73148148148148	13.9513905501975	330
ST._PETERS	2005	8	17	229	13	22.2	16.892876815165	-999.9	8.3	4.17824074074075	15.803418392243	330
ST._PETERS	2005	8	18	230	13.9	19.3	12.8565618249622	-999.9	0	4.71064814814814	12.3915790926638	330
ST._PETERS	2005	8	19	231	11	19.7	16.2087996065373	-999.9	0	3.18287037037036	11.4771651207273	330
ST._PETERS	2005	8	20	232	10.1	23.6	20.0523897664845	-999.9	1.2	2.99768518518519	12.4930005576779	330
ST._PETERS	2005	8	21	233	16.7	26	16.5269716079263	-999.9	0	4.58333333333333	22.0514367686319	330
ST._PETERS	2005	8	22	234	17.8	26.2	15.5951048483607	-999.9	2.6	3.125	20.2646322072982	330
ST._PETERS	2005	8	23	235	13.2	22.6	16.3777222751959	-999.9	0	1.93287037037037	18.1213633714742	330
ST._PETERS	2005	8	24	236	16.6	18.6	7.4987581057811	-999.9	9.8	4.03935185185186	17.7567444801495	330
ST._PETERS	2005	8	25	237	15.1	17.5	8.15282983959411	-999.9	1.2	4.34027777777778	16.2509260953209	330
ST._PETERS	2005	8	26	238	12.2	21.3	15.7541617401873	-999.9	0	2.68518518518519	15.6635362180062	330
ST._PETERS	2005	8	27	239	10.7	27.9	21.4908658939248	-999.9	0	2.58101851851852	14.0398045247363	330
ST._PETERS	2005	8	28	240	14.7	25.9	17.205085846183	-999.9	0	4.50231481481481	16.1041159840111	330
ST._PETERS	2005	8	29	241	16.9	28.3	17.2187364945482	-999.9	0	3.47222222222222	20.9033264517957	330
ST._PETERS	2005	8	30	242	17.8	23.7	12.2862287666216	-999.9	2	3.54166666666667	21.2024029056801	330
ST._PETERS	2005	8	31	243	18	23.7	11.9761250223482	-999.9	11.3	3.66402116402117	22.9626752888447	330
ST._PETERS	2005	9	1	244	20.1	27.1	13.1600227567409	-999.9	14.1	5.6159420289855	26.3385747344053	330
ST._PETERS	2005	9	2	245	15.6	26.1	15.9798720531013	-999.9	0	3.125	19.0272296526196	330
ST._PETERS	2005	9	3	246	16.4	22.8	12.3674981591383	-999.9	0	4.16666666666667	17.0619880634664	330
ST._PETERS	2005	9	4	247	13	20.1	12.9114898684891	-999.9	0	2.99768518518519	13.9326236864581	330
ST._PETERS	2005	9	5	248	10.1	19.1	14.4067419571227	-999.9	0	3.03240740740742	12.4860712824777	330
ST._PETERS	2005	9	6	249	8.2	22.5	17.9949996569935	-999.9	0	2.55787037037037	12.4433550416049	330
ST._PETERS	2005	9	7	250	13.5	24.8	15.8490877733528	-999.9	0	3.68055555555556	16.2703081858062	330
ST._PETERS	2005	9	8	251	14.9	24.1	14.1671369447348	-999.9	0	3.47222222222222	17.5442593468389	330
ST._PETERS	2005	9	9	252	14.7	19	9.59372891305263	-999.9	1.3	2.5	16.2143198727309	330
ST._PETERS	2005	9	10	253	10.2	18.1	12.8787504754956	-999.9	21.2	5.08101851851853	12.81072388022	330
ST._PETERS	2005	9	11	254	11	17.1	11.2066046169085	-999.9	7	5.42824074074075	10.0019825344546	330
ST._PETERS	2005	9	12	255	10.3	18	12.4665274612039	-999.9	0	7.90509259259258	13.264620495754	330
ST._PETERS	2005	9	13	256	12.3	16.3	8.89535507095067	-999.9	0	3.05555555555556	11.5506970788641	330
ST._PETERS	2005	9	14	257	9.9	23.6	16.2955496754138	-999.9	0	4.69907407407408	14.7430933641121	330
ST._PETERS	2005	9	15	258	17.5	24.6	11.6106298755059	-999.9	31.6	4.18981481481481	21.0945558992501	330
ST._PETERS	2005	9	16	259	13.6	19.3	10.2949569075742	-999.9	0	2.88194444444444	16.3728478480315	330
ST._PETERS	2005	9	17	260	13.7	16.7	7.39011288414649	-999.9	42.6	2.48842592592593	15.5507633912113	330
ST._PETERS	2005	9	18	261	14.1	16.3	6.26106505608929	-999.9	3.5	3.54166666666667	16.4106801400747	330
ST._PETERS	2005	9	19	262	13.6	19.8	10.3973467500653	-999.9	0	1.81712962962963	16.4630847535123	330
ST._PETERS	2005	9	20	263	10.3	17.6	11.1589059450169	-999.9	18.5	2.67361111111111	13.1004026444181	330
ST._PETERS	2005	9	21	264	13.3	17.2	8.06621974233302	-999.9	3.7	5.94907407407408	14.0946363273161	330
ST._PETERS	2005	9	22	265	12	19.1	10.7618994417272	-999.9	0	5.55555555555556	11.9886141562087	330
ST._PETERS	2005	9	23	266	15.8	17.7	5.50431721260661	-999.9	0.6	5.52083333333333	15.3433821818692	330
ST._PETERS	2005	9	24	267	11.7	14.1	6.11567701082241	-999.9	0	7.5	9.72914028695059	330
ST._PETERS	2005	9	25	268	5.4	16.6	13.0588847238598	-999.9	2.6	3.25231481481481	8.8304259259544	330
ST._PETERS	2005	9	26	269	10.8	19.4	11.3096956616184	-999.9	13.5	5.84490740740742	14.3669206008576	330
ST._PETERS	2005	9	27	270	11.2	18.1	10.0110107703031	-999.9	1.2	6.75925925925925	14.6241146988413	330
ST._PETERS	2005	9	28	271	7.6	15.6	10.6511820074825	-999.9	0	3.51851851851853	9.93159975120637	330
ST._PETERS	2005	9	29	272	8.4	19.9	12.6168115326037	-999.9	2.1	7.07175925925925	12.5058679444136	330
ST._PETERS	2005	9	30	273	7.7	12.6	8.13571712381668	-999.9	0	4.81481481481481	9.58493350685622	330
ST._PETERS	2005	10	1	274	5.3	16.5	12.149375606115	-999.9	0	3.51851851851853	9.80840323468954	330
ST._PETERS	2005	10	2	275	10.4	16.7	8.99939452009664	-999.9	0	4.23611111111111	12.28857144665	330
ST._PETERS	2005	10	3	276	6.2	22.5	14.2950851005705	-999.9	0	2.84722222222222	11.7149043276516	330
ST._PETERS	2005	10	4	277	12.9	22.4	10.7759986011584	-999.9	0	6.45833333333333	13.4886562366569	330
ST._PETERS	2005	10	5	278	13.9	17.3	6.36490426603585	-999.9	0	3.50694444444444	15.1470245647089	330
ST._PETERS	2005	10	6	279	13.9	18.7	7.4659446404791	-999.9	1.5	2.43055555555556	17.3363887161916	330
ST._PETERS	2005	10	7	280	14.5	23.6	10.1473536590098	-999.9	10.5	5.57870370370369	18.9534877093568	330
ST._PETERS	2005	10	8	281	9.4	11.8	5.14355226869353	-999.9	63.7	5.38194444444445	11.8495988037884	330
ST._PETERS	2005	10	9	282	9	12.9	6.47104001952409	-999.9	0.6	4.10879629629631	11.8562746107808	330
ST._PETERS	2005	10	10	283	10.4	14.2	6.30344598399725	-999.9	15.6	2.96296296296297	13.231448093608	330
ST._PETERS	2005	10	11	284	8.5	11.2	5.24293240512175	-999.9	0	5.91435185185186	10.5628823444157	330
ST._PETERS	2005	10	12	285	8.9	11.2	4.77447549799777	-999.9	0	3.98148148148147	8.59012584357412	330
ST._PETERS	2005	10	13	286	3.1	12.5	9.52269593316234	-999.9	0	1.95601851851852	8.59381477590406	330
ST._PETERS	2005	10	14	287	5.5	14.9	9.39422012470411	-999.9	0	2.11805555555556	10.7303356641123	330
ST._PETERS	2005	10	15	288	8.5	14.8	7.58640920467204	-999.9	16.3	4.60648148148147	12.0970560732372	330
ST._PETERS	2005	10	16	289	10.5	15.1	6.39417233747037	-999.9	2.7	6.50462962962964	12.2753010000615	330
ST._PETERS	2005	10	17	290	8.6	10.9	4.45944676612038	-999.9	2.9	5.06944444444445	10.6494154396855	330
ST._PETERS	2005	10	18	291	8	12.8	6.35365451631154	-999.9	0.7	4.00462962962964	10.6425357814689	330
ST._PETERS	2005	10	19	292	7.5	12.7	6.52179243548177	-999.9	0.7	3.75	10.1105936328642	330
ST._PETERS	2005	10	20	293	8.2	11.2	4.88502624616741	-999.9	2.1	6.35416666666667	9.90855003416177	330
ST._PETERS	2005	10	21	294	5.3	8.9	5.27690747795422	-999.9	0	6.16898148148147	7.48741179153182	330
ST._PETERS	2005	10	22	295	7.2	11.3	5.55297250498917	-999.9	0	4.65277777777778	9.00841540329936	330
ST._PETERS	2005	10	23	296	5.9	8.6	4.4433116880437	-999.9	27.5	5.11574074074075	8.46358087925344	330
ST._PETERS	2005	10	24	297	6.1	8	3.67520494353926	-999.9	0	5.70601851851853	7.72376751888569	330
ST._PETERS	2005	10	25	298	5.5	8.6	4.62867578486039	-999.9	29.5	4.05092592592592	8.38218704508579	330
ST._PETERS	2005	10	26	299	6.5	12	6.07886543762604	-999.9	3.9	5.47453703703703	10.9100830727663	330
ST._PETERS	2005	10	27	300	5.9	8.5	4.12088199206947	-999.9	3.7	5.13888888888889	8.97953146637582	330
ST._PETERS	2005	10	28	301	4.5	8.2	4.84693023688774	-999.9	0.6	3.32175925925925	7.62634831679986	330
ST._PETERS	2005	10	29	302	1.1	7.9	6.47867195401943	-999.9	0	2.32638888888889	6.97231514782154	330
ST._PETERS	2005	10	30	303	-0.2	9.8	7.74646619904108	-999.9	0	2.5462962962963	7.21011456317808	330
ST._PETERS	2005	10	31	304	5.8	10.8	5.40095488184744	-999.9	0	2.83564814814814	9.31260061284005	330
ST._PETERS	2005	11	1	305	7.9	15.3	6.47883024483242	-999.9	0	3.99305555555556	10.5087525560808	330
ST._PETERS	2005	11	2	306	8.4	12.5	4.75537425395214	-999.9	0.6	6.51620370370369	9.36992877260659	330
ST._PETERS	2005	11	3	307	4.2	6.9	3.80546028665928	-999.9	3.6	6.81712962962964	6.11214054569754	330
ST._PETERS	2005	11	4	308	3	5.7	3.75287421421847	-999.9	1.3	4.39814814814814	6.15007931113197	330
ST._PETERS	2005	11	5	309	0.4	10.8	7.26413254028128	-999.9	0	2.82407407407408	8.20914517874819	330
ST._PETERS	2005	11	6	310	5.4	10.1	4.81651710428684	-999.9	0	4.46759259259258	9.18710234930495	330
ST._PETERS	2005	11	7	311	5.5	16	7.10120603501047	-999.9	4.4	7.31481481481481	10.6700157846425	330
ST._PETERS	2005	11	8	312	3.3	5.3	3.05735674517343	-999.9	3.6	8.32175925925925	4.81061726920683	330
ST._PETERS	2005	11	9	313	0.5	6.2	5.09221622833531	-999.9	6.3	4.40972222222222	6.41413871666123	330
ST._PETERS	2005	11	10	314	0.2	14.8	8.04142687628319	-999.9	49.6	6.46990740740742	9.46938533055053	330
ST._PETERS	2005	11	11	315	3	5.3	3.14964293673307	-999.9	0	3.99305555555556	6.41993965303112	330
ST._PETERS	2005	11	12	316	-1.2	3.3	4.348128174877	-999.9	0	4.65277777777778	4.74056514483565	330
ST._PETERS	2005	11	13	317	1	6.7	4.83052965760482	-999.9	0	3.26388888888889	5.91426836662131	330
ST._PETERS	2005	11	14	318	1.4	13.9	7.06221316681673	-999.9	0	5.56712962962964	8.62335560049565	330
ST._PETERS	2005	11	15	319	3.6	4.9	2.24883699024882	-999.9	5.8	4.80324074074075	6.0966926952231	330
ST._PETERS	2005	11	16	320	0.4	16.9	7.91235125308437	-999.9	4.3	4.21296296296297	10.7216903590408	330
ST._PETERS	2005	11	17	321	5.6	17.5	6.63736986585909	-999.9	15.2	5.01157407407408	12.7373623966853	330
ST._PETERS	2005	11	18	322	1.1	2.5	2.24922076731798	-999.9	0	4.89583333333333	5.07509497780896	330
ST._PETERS	2005	11	19	323	-3.8	0.8	4.02887726850692	-999.9	0	3.47222222222222	3.66222894651792	330
ST._PETERS	2005	11	20	324	-6.1	5.1	6.21366300990242	-999.9	0	3.62268518518519	4.69508734742335	330
ST._PETERS	2005	11	21	325	0.8	7.7	4.82167911616501	-999.9	0.6	3.54166666666667	7.06646308402996	330
ST._PETERS	2005	11	22	326	4	14.1	5.76867468068502	-999.9	24.2	7.48842592592592	10.6237509541888	330
ST._PETERS	2005	11	23	327	8.6	10.8	2.66305324154155	-999.9	12.6	6.81712962962964	9.91861969883063	330
ST._PETERS	2005	11	24	328	0.7	11.3	5.78350539822896	-999.9	9.6	5.01157407407408	7.90767440810123	330
ST._PETERS	2005	11	25	329	1.5	12.1	5.72377292861211	-999.9	0.6	5.25462962962964	7.2851984582147	330
ST._PETERS	2005	11	26	330	-4.6	1.5	4.29845257541641	-999.9	0	2.37268518518519	3.64675780062666	330
ST._PETERS	2005	11	27	331	-2.9	3	4.18622349986386	-999.9	0	3.68055555555556	4.86595015506032	330
ST._PETERS	2005	11	28	332	-0.7	4	3.70109988171725	-999.9	0	1.80555555555556	4.77292186000334	330
ST._PETERS	2005	11	29	333	0.9	10.2	5.15881441305865	-999.9	0	4.44444444444444	6.83905140760802	330
ST._PETERS	2005	11	30	334	4.4	11.2	4.37255455880753	-999.9	0	5.15046296296297	9.45275350157401	330
ST._PETERS	2005	12	1	335	7.5	9.7	2.46612388303725	-999.9	1.4	5.20833333333333	10.2893783099399	330
ST._PETERS	2005	12	2	336	6.8	9.2	2.55497625544089	-999.9	15	5.27777777777778	10.0446985725278	330
ST._PETERS	2005	12	3	337	1.2	5.7	3.47155881228747	-999.9	1.5	4.87268518518519	6.30187895183974	330
ST._PETERS	2005	12	4	338	-4.1	0	3.28935543461267	-999.9	0	5.83333333333333	3.30203704981172	330
ST._PETERS	2005	12	5	339	-3.5	0.1	3.06082448103387	-999.9	1.4	8.48379629629631	3.0509197037882	330
ST._PETERS	2005	12	6	340	-5.9	-2.3	3.04073359198789	-999.9	0	5.04629629629631	3.075210170976	330
ST._PETERS	2005	12	7	341	-6.7	-0.6	3.93375590339554	-999.9	0.7	7.5	3.22729620349127	330
ST._PETERS	2005	12	8	342	-7.3	-0.8	4.03732351167576	-999.9	0	5.75231481481481	3.275438843042	330
ST._PETERS	2005	12	9	343	-10.4	0.7	5.2477743236566	-999.9	1.9	3.83101851851853	3.28997807154964	330
ST._PETERS	2005	12	10	344	-3.4	1.8	3.57419059778321	-999.9	0	5.55555555555556	4.74291636486262	330
ST._PETERS	2005	12	11	345	-8.1	7.7	6.20233901883868	-999.9	13.7	5.21990740740742	5.45412653568034	330
ST._PETERS	2005	12	12	346	-1.4	2.3	2.98930351496866	-999.9	0	2.07175925925926	5.53407998787235	330
ST._PETERS	2005	12	13	347	-2.2	0.2	2.39889212907338	-999.9	3.8	3.94675925925925	4.95454015124067	330
ST._PETERS	2005	12	14	348	-2.8	-1.5	1.75998395120747	-999.9	7	10.4513888888889	4.91874302214131	330
ST._PETERS	2005	12	15	349	-3.9	-2.8	1.61459372816136	-999.9	0.8	10.9490740740741	4.34167022737036	330
ST._PETERS	2005	12	16	350	-6.7	4.3	5.09439720306675	-999.9	7.7	3.33333333333333	4.71843803651327	330
ST._PETERS	2005	12	17	351	-2.8	4.3	4.08560388533148	-999.9	0	6.57407407407408	5.32745494248163	330
ST._PETERS	2005	12	18	352	-2.9	0.4	2.78174234582166	-999.9	0	5.625	4.11414166212582	330
ST._PETERS	2005	12	19	353	-6.3	-1.7	3.28151792578017	-999.9	0	3.17129629629631	3.71122749720166	330
ST._PETERS	2005	12	20	354	-6.9	-1.1	3.68340481290854	-999.9	0.6	3.98148148148147	3.37245903848274	330
ST._PETERS	2005	12	21	355	-6.3	-5	1.74401676593643	-999.9	0	4.21296296296297	2.57898181565921	330
ST._PETERS	2005	12	22	356	-13.1	-2.9	4.88794728899943	-999.9	0	3.46064814814814	2.43706313700857	330
ST._PETERS	2005	12	23	357	-11.9	-0.2	5.24047225856135	-999.9	1.4	4.28240740740742	3.15888590249714	330
ST._PETERS	2005	12	24	358	-3.4	-0.2	2.74477390061081	-999.9	2.8	1.27314814814815	4.85549215243633	330
ST._PETERS	2005	12	25	359	-2.7	0.7	2.83483166362256	-999.9	1.3	1.72453703703704	5.31828518153808	330
ST._PETERS	2005	12	26	360	-0.2	2	2.2858954164819	-999.9	16	7.30324074074075	6.26672675055336	330
ST._PETERS	2005	12	27	361	0.4	1.5	1.62105622642123	-999.9	1.4	4.13194444444444	6.33404839792336	330
ST._PETERS	2005	12	28	362	-0.7	0.2	1.47121960949963	-999.9	0	5.65972222222222	5.35702277165916	330
ST._PETERS	2005	12	29	363	-3.1	10.1	5.65579331892693	-999.9	0.6	4.45601851851853	6.90972441904013	330
ST._PETERS	2005	12	30	364	3.8	12.9	4.7159709584795	-999.9	5.2	6.94444444444445	9.86027041209492	330
ST._PETERS	2005	12	31	365	-5	-2.2	2.62823588965865	-999.9	1.3	7.8125	3.76732715263072	330
