ST._PETERS	2013	1	1	1	-12.3	-4.6	4.38080454854015	-999.9	0	6.40046296296297	2.68796418518357	330
ST._PETERS	2013	1	2	2	-14.6	-6.2	4.6010468219305	-999.9	1	8.92361111111111	2.53563257910548	330
ST._PETERS	2013	1	3	3	-12.7	-6.1	4.10279269371762	-999.9	0.4	7.33796296296297	2.61065470434337	330
ST._PETERS	2013	1	4	4	-14.1	-2.7	5.4266187650552	-999.9	0.6	5.15046296296297	2.78240236697793	330
ST._PETERS	2013	1	5	5	-11.9	-3.2	4.77288383346247	-999.9	1.1	6.84027777777778	2.77851973366826	330
ST._PETERS	2013	1	6	6	-16.7	-6.3	5.25597787591651	-999.9	3.2	4.27083333333333	2.10053898982337	330
ST._PETERS	2013	1	7	7	-15.5	-6.2	5.00796458503324	-999.9	0	6.20370370370369	1.97474003512152	330
ST._PETERS	2013	1	8	8	-16.3	-0.3	6.62103436551126	-999.9	0	5.72916666666667	2.48497720807682	330
ST._PETERS	2013	1	9	9	-4.6	1.4	4.08833457564625	-999.9	0.8	3.64583333333333	4.37019446974661	330
ST._PETERS	2013	1	10	10	-2.3	0.6	2.86701007699417	-999.9	3.1	7.02546296296297	5.14900804299487	330
ST._PETERS	2013	1	11	11	-5	-2.3	2.79139595011012	-999.9	0	7.34953703703703	3.59907761173423	330
ST._PETERS	2013	1	12	12	-6	-2.4	3.25345973561376	-999.9	0	2.82407407407408	3.78709740586787	330
ST._PETERS	2013	1	13	13	-6.5	2.2	5.10680155356824	-999.9	0.4	2.30324074074074	4.90786084731356	330
ST._PETERS	2013	1	14	14	-0.5	7.2	4.85250080413478	-999.9	0	5.61342592592592	7.42226123113138	330
ST._PETERS	2013	1	15	15	-7.5	-0.5	4.67445534115487	-999.9	0	5.39351851851853	3.15739816300387	330
ST._PETERS	2013	1	16	16	-7.9	-4.2	3.43455521418504	-999.9	2.8	3.37962962962964	2.84234800373715	330
ST._PETERS	2013	1	17	17	-11.1	2	6.53301801448722	-999.9	0.2	5.49768518518519	3.7146874535902	330
ST._PETERS	2013	1	18	18	-17.9	-10.3	5.03163906993387	-999.9	2.1	5.49768518518519	1.48727977721333	330
ST._PETERS	2013	1	19	19	-17.1	-3.7	6.75756820676685	-999.9	1.3	4.69907407407408	2.0919259161562	330
ST._PETERS	2013	1	20	20	-5.4	6.1	6.33327215261555	-999.9	2.8	4.61805555555556	5.4283608647837	330
ST._PETERS	2013	1	21	21	-13.2	-0.5	6.73477488911907	-999.9	0.2	7.97453703703703	1.89613436808823	330
ST._PETERS	2013	1	22	22	-16.4	-10.4	4.68526994200514	-999.9	0	4.88425925925925	1.44780965873963	330
ST._PETERS	2013	1	23	23	-20.3	-16.2	3.92084310887513	-999.9	0.2	6.67874396135267	0.862770356893549	330
ST._PETERS	2013	1	24	24	-21.7	-17	4.25060562024179	-999.9	0.4	7.02546296296297	0.808063502284443	330
ST._PETERS	2013	1	25	25	-19.8	-11	5.89031389028595	-999.9	0.2	6.80555555555556	1.36967600174773	330
ST._PETERS	2013	1	26	26	-15.1	-11.7	3.70858100349825	-999.9	0	5.26620370370369	1.61486461936343	330
ST._PETERS	2013	1	27	27	-12.4	-8.8	3.86600071493111	-999.9	0	7.34953703703703	2.18017800116263	330
ST._PETERS	2013	1	28	28	-12.1	-8	4.18033773512927	-999.9	0	6.70138888888889	1.9768717682861	330
ST._PETERS	2013	1	29	29	-13.1	-4.4	6.17091445191253	-999.9	1	2.89351851851853	2.46235376683637	330
ST._PETERS	2013	1	30	30	-8.5	10.7	9.29111939803722	-999.9	4.3	6.5625	5.86478795371607	330
ST._PETERS	2013	1	31	31	1.3	14.1	7.68957722106452	-999.9	1.9	11.4930555555556	8.90039354176604	330
ST._PETERS	2013	2	1	32	-9.3	1.6	7.19347665878179	-999.9	0.4	8.03240740740742	2.42184392758633	330
ST._PETERS	2013	2	2	33	-12.4	-9.2	3.9515945416162	-999.9	0.2	4.93055555555556	1.76434768267767	330
ST._PETERS	2013	2	3	34	-11.9	-0.8	7.46225485395393	-999.9	9.2	3.33333333333333	3.16651370149288	330
ST._PETERS	2013	2	4	35	-9.8	-1.5	6.54325803080383	-999.9	9.3	7.83564814814814	3.76387417483294	330
ST._PETERS	2013	2	5	36	-17	-9.7	6.22291636892028	-999.9	0.2	7.26851851851853	1.23602413488869	330
ST._PETERS	2013	2	6	37	-19.5	-6.9	8.291296938883	-999.9	4	2.06018518518519	1.41864995468425	330
ST._PETERS	2013	2	7	38	-19.5	-8.4	7.89271798084909	-999.9	0.2	8.83101851851853	1.52992096846798	330
ST._PETERS	2013	2	8	39	-21.5	-11.8	7.48338882985503	-999.9	2.2	2.99768518518519	1.26117380152112	330
ST._PETERS	2013	2	9	40	-11.8	-5.5	6.11710355927229	-999.9	12.8	8.64583333333333	2.88001839958102	330
ST._PETERS	2013	2	10	41	-8.8	-5.3	4.62471400690064	-999.9	1.8	8.48379629629631	3.29833724045809	330
ST._PETERS	2013	2	11	42	-10.8	0.4	8.3915828050329	-999.9	2.7	3.10185185185186	2.96919727890125	330
ST._PETERS	2013	2	12	43	-3.7	3	6.58357268456678	-999.9	8.1	6.09953703703703	5.67086093688621	330
ST._PETERS	2013	2	13	44	-3.5	-0.9	4.16008641481636	-999.9	0.8	4.17824074074075	4.84909710324373	330
ST._PETERS	2013	2	14	45	-6.3	-1.9	5.48949494373446	-999.9	0.2	1.8287037037037	4.1915794652308	330
ST._PETERS	2013	2	15	46	-8.3	2.1	8.56069395145868	-999.9	2.8	2.66203703703704	3.96359804577728	330
ST._PETERS	2013	2	16	47	-1.6	5.7	7.2749985675946	-999.9	0	4.22453703703703	5.68784832456599	330
ST._PETERS	2013	2	17	48	-1.5	4.2	6.5204591330825	-999.9	27.8	4.28240740740742	6.53023979706415	330
ST._PETERS	2013	2	18	49	-5.7	-0.7	6.19415921817856	-999.9	3.8	9.94212962962964	4.61308482487312	330
ST._PETERS	2013	2	19	50	-5.6	-1.6	5.61912477718588	-999.9	0	7.25694444444445	3.67907638643167	330
ST._PETERS	2013	2	20	51	-7.8	2.2	9.01077536351218	-999.9	6	3.62268518518519	4.26335796305875	330
ST._PETERS	2013	2	21	52	-2.1	1.2	5.24955315346779	-999.9	1.5	3.56481481481481	5.57048441062466	330
ST._PETERS	2013	2	22	53	-5.3	-2.1	5.24228873267229	-999.9	0.2	6.60879629629631	3.85990854736018	330
ST._PETERS	2013	2	23	54	-13.1	-3.6	9.15932471501009	-999.9	0	2.29166666666667	2.34064331994919	330
ST._PETERS	2013	2	24	55	-13.8	-4.7	9.08973079078322	-999.9	4	2.10648148148148	2.56663634171415	330
ST._PETERS	2013	2	25	56	-7.9	-0.8	8.14064975795498	-999.9	0.6	3.31018518518519	3.61046440971822	330
ST._PETERS	2013	2	26	57	-10.3	-2	8.92354533401882	-999.9	0	2.24537037037037	2.94795990757202	330
ST._PETERS	2013	2	27	58	-13.3	1.1	11.9155791896788	-999.9	3.9	1.33101851851852	3.16862553015129	330
ST._PETERS	2013	2	28	59	-8.5	1.6	10.1156861517525	-999.9	0.6	2.47685185185185	4.17102851384478	330
ST._PETERS	2013	3	1	60	-3.2	-0.8	4.99809529052431	-999.9	0	5.03472222222222	4.82633006563673	330
ST._PETERS	2013	3	2	61	-1.2	0.7	4.50714805788512	-999.9	3	2.97453703703703	5.83242413859762	330
ST._PETERS	2013	3	3	62	-1.2	0.9	4.80198815553175	-999.9	3.5	1.90972222222222	5.81958325826521	330
ST._PETERS	2013	3	4	63	-0.8	4.6	7.80285514277817	-999.9	1.96	1.85990338164251	6.48131511018912	330
ST._PETERS	2013	3	5	64	-1.4	1.8	6.08603275354342	-999.9	1.5	3.75	5.7005461683965	330
ST._PETERS	2013	3	6	65	-2.2	0.8	5.97005897957568	-999.9	0	3.91203703703703	4.69751334848956	330
ST._PETERS	2013	3	7	66	-4.7	1.1	8.4090220035323	-999.9	0	3.4375	4.32645422631677	330
ST._PETERS	2013	3	8	67	-4.8	1.3	8.73501205726283	-999.9	0	4.40972222222222	4.48561394137816	330
ST._PETERS	2013	3	9	68	-2.4	0.2	5.77570275249822	-999.9	0	3.40277777777778	4.73428567608836	330
ST._PETERS	2013	3	10	69	-3.8	1.4	8.27162435335775	-999.9	0.9	2.77777777777778	4.34358695118948	330
ST._PETERS	2013	3	11	70	-3.8	4.5	10.5815562904513	-999.9	0	4.20138888888889	5.03347525386345	330
ST._PETERS	2013	3	12	71	-0.9	7.1	10.5178341053651	-999.9	0	5.92592592592592	6.22837236515918	330
ST._PETERS	2013	3	13	72	2.6	11.5	11.2304127224116	-999.9	4.9	5.91435185185186	8.64386660037044	330
ST._PETERS	2013	3	14	73	-2.7	6.7	11.6823918816258	-999.9	23.1	4.90740740740742	5.71825569270463	330
ST._PETERS	2013	3	15	74	-4	-1.2	6.45298943643943	-999.9	1.48	2.48842592592593	4.51310151482122	330
ST._PETERS	2013	3	16	75	-11.3	-3.3	11.0379207271347	-999.9	1.11	3.72685185185186	2.85703353281431	330
ST._PETERS	2013	3	17	76	-11.9	-1.9	12.4867147178614	-999.9	0.84	4.62962962962964	2.69916711979066	330
ST._PETERS	2013	3	18	77	-12.3	-7	9.19680523960942	-999.9	0.2	9.09722222222222	2.13235440783303	330
ST._PETERS	2013	3	19	78	-8.9	-5.4	7.56011360378367	-999.9	0.16	3.47826086956522	2.51244512827523	330
ST._PETERS	2013	3	20	79	-5.8	2	11.4151256787621	-999.9	11.6	7.01388888888889	4.62399190342828	330
ST._PETERS	2013	3	21	80	-4.1	4.7	12.2618838305685	-999.9	2.9	5.01157407407408	4.17126146873225	330
ST._PETERS	2013	3	22	81	-4.5	-1.1	7.7069175454645	-999.9	5.4	8.39120370370369	4.7733788131317	330
ST._PETERS	2013	3	23	82	-5.5	1.9	11.4954250556349	-999.9	0.5	4.72222222222222	4.33317928469964	330
ST._PETERS	2013	3	24	83	-4.6	0.6	9.74139006383179	-999.9	1.8	2.4537037037037	4.64520463525586	330
ST._PETERS	2013	3	25	84	-5	0.4	10.0338608268617	-999.9	0.4	3.98148148148147	4.80254243496987	330
ST._PETERS	2013	3	26	85	-3.8	0.2	8.72759685024623	-999.9	4.7	3.4375	5.11104437098561	330
ST._PETERS	2013	3	27	86	-1.2	1.6	7.37867683948179	-999.9	1.6	4.10879629629631	5.75762947094757	330
ST._PETERS	2013	3	28	87	-3	1.7	9.65882467982716	-999.9	1.1	3.24074074074075	4.88949656345628	330
ST._PETERS	2013	3	29	88	-6.3	0.5	11.7367158381109	-999.9	0	3.90046296296297	4.05819856604764	330
ST._PETERS	2013	3	30	89	-7.9	0.4	13.0975089083634	-999.9	1	3.25231481481481	3.62243986210466	330
ST._PETERS	2013	3	31	90	-7.5	5.2	16.3624998725935	-999.9	1.5	2.19907407407407	3.27057571945011	330
ST._PETERS	2013	4	1	91	-2.1	4.6	12.0011773580618	-999.9	0.3	5.64814814814814	5.76435770805938	330
ST._PETERS	2013	4	2	92	-3.6	2.6	11.6563183327414	-999.9	0.6	6.05324074074075	4.20437181058656	330
ST._PETERS	2013	4	3	93	-5.4	-1.3	9.56922978506781	-999.9	0	6.27314814814814	2.82477306402501	330
ST._PETERS	2013	4	4	94	-3	4.3	12.8886182625012	-999.9	0	6.06481481481481	3.53774758935391	330
ST._PETERS	2013	4	5	95	0.7	9.5	14.2819174462061	-999.9	7.2	6.22685185185186	5.75627215679817	330
ST._PETERS	2013	4	6	96	-3.1	1.3	10.1908913157013	-999.9	1.6	7.85879629629631	4.60536858915309	330
ST._PETERS	2013	4	7	97	-3.4	2.2	11.6000786892823	-999.9	0	4.88425925925925	3.41493127900177	330
ST._PETERS	2013	4	8	98	-2	7.1	14.9179521997876	-999.9	0.4	4.18981481481481	6.18698362359416	330
ST._PETERS	2013	4	9	99	-1.6	2.1	9.59514527909643	-999.9	1.3	1.53935185185185	5.7759948909137	330
ST._PETERS	2013	4	10	100	-1.6	3.6	11.4724249418585	-999.9	0.9	1.86342592592593	6.1031195500824	330
ST._PETERS	2013	4	11	101	-0.8	2	8.48938495597956	-999.9	0.6	5.35879629629631	4.67146542032927	330
ST._PETERS	2013	4	12	102	-1	1.7	8.40550248462126	-999.9	2.2	4.02777777777778	5.05453581977919	330
ST._PETERS	2013	4	13	103	-0.7	1.4	7.47338071525448	-999.9	3.9	3.34490740740742	5.99962871524832	330
ST._PETERS	2013	4	14	104	-1.2	2.6	10.1336558556521	-999.9	2.3	2.02546296296296	6.13119905409701	330
ST._PETERS	2013	4	15	105	-3	4.5	14.3487240031103	-999.9	0.9	2.7662037037037	5.15131833451555	330
ST._PETERS	2013	4	16	106	-2.3	13.4	20.9209962209848	-999.9	4.4	5.78703703703703	5.66305425404604	330
ST._PETERS	2013	4	17	107	0.2	8.6	15.4192710775318	-999.9	1.1	8.64583333333333	6.15007931113197	330
ST._PETERS	2013	4	18	108	-0.8	3.5	11.1145550062405	-999.9	0	3.91203703703703	4.35443632915153	330
ST._PETERS	2013	4	19	109	2.9	20.1	22.392259846772	-999.9	0	7.65046296296297	9.61065821995765	330
ST._PETERS	2013	4	20	110	6	20.6	20.7791797630224	-999.9	1.3	9.0625	12.7790465917169	330
ST._PETERS	2013	4	21	111	-4.2	6.2	17.6615803989873	-999.9	0.5	4.08564814814814	4.4673735445423	330
ST._PETERS	2013	4	22	112	-5.2	3.6	16.3590483544925	-999.9	1.9	2.51157407407408	4.161511052588	330
ST._PETERS	2013	4	23	113	-3.9	8.8	19.7863413115933	-999.9	2.5	3.93518518518519	5.07489295194879	330
ST._PETERS	2013	4	24	114	2.7	11.5	16.5804107171419	-999.9	2	6.60879629629631	9.46267037013209	330
ST._PETERS	2013	4	25	115	3.3	20.2	23.1276359315278	-999.9	6	6.53935185185186	10.6659306569693	330
ST._PETERS	2013	4	26	116	0.4	3.3	9.64194647219808	-999.9	11.6	3.98148148148147	6.52211659026586	330
ST._PETERS	2013	4	27	117	0.1	2.3	8.45082348584013	-999.9	0.2	4.05092592592592	6.22229813413882	330
ST._PETERS	2013	4	28	118	0	6.6	14.7273985342035	-999.9	1.1	3.29861111111111	6.15839910747299	330
ST._PETERS	2013	4	29	119	1	6.7	13.7690048808396	-999.9	1.4	2.41898148148148	7.64123472967473	330
ST._PETERS	2013	4	30	120	1.7	11.4	18.0678712517239	-999.9	0.5	1.96759259259259	8.45805425710361	330
ST._PETERS	2013	5	1	121	1	11	18.4511024762223	-999.9	0.7	2.46527777777778	8.19721815189119	330
ST._PETERS	2013	5	2	122	1.1	6	12.988740383759	-999.9	0	4.66435185185186	6.85938022996233	330
ST._PETERS	2013	5	3	123	-1.4	7.3	17.4028765770129	-999.9	0.2	3.26388888888889	6.29223572488561	330
ST._PETERS	2013	5	4	124	-0.9	8.6	18.2835971265533	-999.9	3	2.71990740740741	5.97172125932563	330
ST._PETERS	2013	5	5	125	1.8	20	25.4401833092448	-999.9	1.1	4.14351851851853	7.48449902001894	330
ST._PETERS	2013	5	6	126	6.5	21.5	23.2146111223292	-999.9	0.2	6.09953703703703	7.96456332286984	330
ST._PETERS	2013	5	7	127	8.6	23.6	23.331327826636	-999.9	0	8.27546296296297	10.5409754194829	330
ST._PETERS	2013	5	8	128	6.7	23.3	24.6645374390796	-999.9	1	3.41435185185186	11.1144767627464	330
ST._PETERS	2013	5	9	129	10.9	21.8	20.0818909063252	-999.9	0	5.65972222222222	14.5991432160976	330
ST._PETERS	2013	5	10	130	7.8	17.8	19.3246372645536	-999.9	1.4	3.11342592592592	13.3636904086312	330
ST._PETERS	2013	5	11	131	5.7	18.9	22.3031464253125	-999.9	2.5	3.57638888888889	12.6389951938942	330
ST._PETERS	2013	5	12	132	10.7	18.3	16.998157744597	-999.9	22.8	6.46990740740742	15.3827389860943	330
ST._PETERS	2013	5	13	133	6.1	16.4	19.8736607751635	-999.9	0.2	5.79861111111111	9.00240783240667	330
ST._PETERS	2013	5	14	134	4.8	7.1	9.43052627254172	-999.9	12.2	4.18055555555556	7.69347551430878	330
ST._PETERS	2013	5	15	135	2.8	14.2	21.0807457943563	-999.9	12.8	7.31481481481481	8.82226073859857	330
ST._PETERS	2013	5	16	136	3.5	10.3	16.3455127124248	-999.9	3.12	3.94444444444444	8.18325101699122	330
ST._PETERS	2013	5	17	137	2.7	6.3	11.9386472965549	-999.9	1.2	5.63492063492064	7.76458195025168	330
ST._PETERS	2013	5	18	138	1.3	2.6	7.20086684611625	-999.9	5.8	7.08333333333333	6.13176591841674	330
ST._PETERS	2013	5	19	139	-1.7	7.2	18.908932186795	-999.9	0	4.60648148148147	5.1436142950626	330
ST._PETERS	2013	5	20	140	-1.3	14.7	25.4413855803224	-999.9	0	2.71990740740741	6.01161112512856	330
ST._PETERS	2013	5	21	141	6.3	11.4	14.4120146804018	-999.9	0.6	2.92824074074075	10.2713471825342	330
ST._PETERS	2013	5	22	142	5.1	11.1	15.682826508912	-999.9	0	2.04861111111111	9.57552092472753	330
ST._PETERS	2013	5	23	143	6.9	20.1	23.3343247767281	-999.9	0	5.34722222222222	12.6425234237829	330
ST._PETERS	2013	5	24	144	16.8	24.2	17.5240437728191	-999.9	0	9.17824074074075	19.0081019174535	330
ST._PETERS	2013	5	25	145	6.2	17.4	21.6216329697696	-999.9	10.3	4.0625	12.8778663306731	330
ST._PETERS	2013	5	26	146	7.1	18	21.3897013987734	-999.9	1	6.00694444444445	10.8458757541613	330
ST._PETERS	2013	5	27	147	5.6	10.6	14.5257851201571	-999.9	1	4.02777777777778	9.12815114108052	330
ST._PETERS	2013	5	28	148	5.3	8.8	12.1843700399667	-999.9	0.6	3.27546296296297	8.06141855796266	330
ST._PETERS	2013	5	29	149	5.48	13.72	28.96	-999.9	0	4.84	9.21627627925901	330
ST._PETERS	2013	5	30	150	8.43	13.74	9.28	-999.9	6.13	6.16	12.1661584830232	330
ST._PETERS	2013	5	31	151	9.94	16.75	21.82	-999.9	0.9	5.81	14.5085937495676	330
ST._PETERS	2013	6	1	152	8.22	12.97	14.68	-999.9	2.26	5.63	11.0959834618901	330
ST._PETERS	2013	6	2	153	9.06	16.09	17.42	-999.9	3.91	4.12	13.903525162098	330
ST._PETERS	2013	6	3	154	16.9	21.5	14.1520729909229	-999.9	5.8	5.87962962962964	19.2492018763175	330
ST._PETERS	2013	6	4	155	7.2	20.7	24.287649462756	-999.9	0	4.79166666666667	12.8262237223042	330
ST._PETERS	2013	6	5	156	7.9	13.2	15.2435575441712	-999.9	0	4.42129629629631	8.92997743787302	330
ST._PETERS	2013	6	6	157	6.9	16.5	20.5478438204161	-999.9	0	3.32175925925925	7.54124608274559	330
ST._PETERS	2013	6	7	158	9	20.8	22.8142618269468	-999.9	0	2.32638888888889	10.5398713576549	330
ST._PETERS	2013	6	8	159	7.9	11.5	12.618393752563	-999.9	37.7	3.54166666666667	10.7946805250218	330
ST._PETERS	2013	6	9	160	7.6	10.7	11.7239455537778	-999.9	1.4	3.65740740740742	10.5885329484486	330
ST._PETERS	2013	6	10	161	8.4	20.8	23.4745190391909	-999.9	0.3	3.04398148148147	12.6181622370251	330
ST._PETERS	2013	6	11	162	11.3	22.4	22.2327472739481	-999.9	0	3.56481481481481	14.2570025706575	330
ST._PETERS	2013	6	12	163	9	14.8	16.0858626368624	-999.9	8.7	2.67361111111111	12.5259877232198	330
ST._PETERS	2013	6	13	164	8.4	11	10.7787586796376	-999.9	0.7	5.24305555555556	10.5580434053035	330
ST._PETERS	2013	6	14	165	6.1	13.7	18.4413896151277	-999.9	0.5	1.21527777777778	10.4557226684579	330
ST._PETERS	2013	6	15	166	5.4	19.4	25.0442913020971	-999.9	0	2.09490740740741	10.9995398845099	330
ST._PETERS	2013	6	16	167	9.6	17.4	18.7026466310931	-999.9	2.2	4.15509259259258	8.60313037901046	330
ST._PETERS	2013	6	17	168	10.3	19.7	20.5392192581872	-999.9	1.2	2.30324074074074	14.0393390687323	330
ST._PETERS	2013	6	18	169	10.2	21.5	22.5256172107211	-999.9	0	2.88194444444444	14.9947726553541	330
ST._PETERS	2013	6	19	170	7.6	17.1	20.6571319155696	-999.9	0	1.78240740740741	12.0657603442899	330
ST._PETERS	2013	6	20	171	7.8	22.7	25.8717253910669	-999.9	0	2.77777777777778	10.5818864067311	330
ST._PETERS	2013	6	21	172	11	23.6	23.7900244326828	-999.9	1.3	4.75694444444445	13.6727349482256	330
ST._PETERS	2013	6	22	173	9.6	24.2	25.604525743237	-999.9	0	3.19444444444444	12.1788632129007	330
ST._PETERS	2013	6	23	174	14.7	23.6	19.9856994683181	-999.9	20.7	3.57638888888889	17.0521765425612	330
ST._PETERS	2013	6	24	175	16	24.9	19.978218068003	-999.9	0	4.0625	20.4306827934413	330
ST._PETERS	2013	6	25	176	14.1	22	18.8133461685472	-999.9	0.5	2.8125	17.2907116124704	330
ST._PETERS	2013	6	26	177	10.4	14.1	12.867597684094	-999.9	0	3.79629629629631	13.1476668754666	330
ST._PETERS	2013	6	27	178	10.5	15.5	14.9478617680116	-999.9	0	2.68518518518519	13.5147257267147	330
ST._PETERS	2013	6	28	179	9.7	15.1	15.5217879208213	-999.9	6.3	2.55787037037037	13.1380046484754	330
ST._PETERS	2013	6	29	180	13.8	24.4	21.7271073454075	-999.9	0.4	5.76388888888889	19.795248266483	330
ST._PETERS	2013	6	30	181	18.7	24.9	16.5997760433232	-999.9	0.9	6.66666666666667	22.0184878068365	330
ST._PETERS	2013	7	1	182	14.2	24.3	21.1630249346998	-999.9	1.6	4.30555555555556	19.5189810737494	330
ST._PETERS	2013	7	2	183	12.3	17.6	15.3115408227893	-999.9	0	2.44212962962963	12.0276045070542	330
ST._PETERS	2013	7	3	184	12.3	20.4	18.9034280811019	-999.9	0.03	2.25694444444444	15.2908146057842	330
ST._PETERS	2013	7	4	185	16.5	28.8	23.2605972672744	-999.9	0	4.49074074074075	20.1186871333907	330
ST._PETERS	2013	7	5	186	20	30.5	21.4578546923466	-999.9	0	3.98148148148147	22.5472248475064	330
ST._PETERS	2013	7	6	187	20.6	29.5	19.7225488145408	-999.9	0	3.49537037037036	21.6004447843336	330
ST._PETERS	2013	7	7	188	16.4	27.3	21.7876630756971	-999.9	0	3.54166666666667	18.723132566411	330
ST._PETERS	2013	7	8	189	8.7	21.6	23.6578096965439	-999.9	0	1.63194444444444	12.5085369099381	330
ST._PETERS	2013	7	9	190	8.4	21.3	23.6107427182238	-999.9	0.3	1.99074074074074	11.9858254645558	330
ST._PETERS	2013	7	10	191	12.5	23	21.2567720632026	-999.9	0	3.65740740740742	13.4971870698735	330
ST._PETERS	2013	7	11	192	17	25.7	19.3064682954872	-999.9	3.7	4.58333333333333	22.126078962723	330
ST._PETERS	2013	7	12	193	9.8	19.6	20.4432232008647	-999.9	0	2.78935185185186	13.0007679954293	330
ST._PETERS	2013	7	13	194	9	26.7	27.4074460696719	-999.9	0	1.28472222222222	13.3765177538486	330
ST._PETERS	2013	7	14	195	15	28	23.4288832579782	-999.9	0	3.15972222222222	16.2753943150979	330
ST._PETERS	2013	7	15	196	18.7	32	23.6350199237915	-999.9	0	4.08564814814814	19.0710459050124	330
ST._PETERS	2013	7	16	197	11	21.1	20.5396587452346	-999.9	0	3.57638888888889	12.8910694309435	330
ST._PETERS	2013	7	17	198	10.5	26.4	25.6971821753792	-999.9	0	4.69907407407408	13.275360316314	330
ST._PETERS	2013	7	18	199	10.2	21.8	21.8837743747177	-999.9	16	4.84953703703703	14.2770307894416	330
ST._PETERS	2013	7	19	200	9.9	22.3	22.556001738671	-999.9	1.1	4.25925925925925	15.3330237946436	330
ST._PETERS	2013	7	20	201	20.9	30.2	19.4716340904725	-999.9	0.2	5.9375	23.254786414625	330
ST._PETERS	2013	7	21	202	12.2	20.9	18.7707512710461	-999.9	0	4.95370370370369	13.4110393624047	330
ST._PETERS	2013	7	22	203	11.4	22.9	21.5071740080148	-999.9	0.11	2.80092592592592	13.0036471992806	330
ST._PETERS	2013	7	23	204	14.8	22.9	17.9862435920677	-999.9	38	4.00462962962964	16.9461271087995	330
ST._PETERS	2013	7	24	205	20.2	26.5	15.8045716994042	-999.9	0.6	4.62962962962964	24.8784189469433	330
ST._PETERS	2013	7	25	206	15.2	20.2	14.0269335187046	-999.9	1.4	2.5	17.9876992402152	330
ST._PETERS	2013	7	26	207	15.6	28.6	22.5302128654484	-999.9	15.2	3.28703703703703	23.3043661395656	330
ST._PETERS	2013	7	27	208	15.5	24.8	18.9802263988988	-999.9	0.2	6.03009259259258	20.3032298780368	330
ST._PETERS	2013	7	28	209	14.6	18.2	11.7605512245877	-999.9	0	3.55324074074075	16.7293228515838	330
ST._PETERS	2013	7	29	210	15.3	22.1	16.0952384192479	-999.9	3.3	3.53009259259258	19.3790188566007	330
ST._PETERS	2013	7	30	211	17.9	24.9	16.2595424081961	-999.9	2.7	2.1875	23.9068284503253	330
ST._PETERS	2013	7	31	212	16.4	23.6	16.4169126495199	-999.9	0	2.75462962962963	18.7622592426771	330
ST._PETERS	2013	8	1	213	15.2	26.3	20.290934586127	-999.9	0	2.70833333333333	16.968088801395	330
ST._PETERS	2013	8	2	214	15.3	22.9	16.7113617354671	-999.9	0	2.02546296296296	18.0562264561564	330
ST._PETERS	2013	8	3	215	15.4	25.9	19.5484852102087	-999.9	7	4.15509259259258	20.2448967189723	330
ST._PETERS	2013	8	4	216	14.4	22.8	17.3988371631135	-999.9	0	2.75462962962963	17.2946612601059	330
ST._PETERS	2013	8	5	217	12.7	22.5	18.6983897158518	-999.9	9.5	1.86342592592593	17.53783724616	330
ST._PETERS	2013	8	6	218	13.7	21.3	16.381617642409	-999.9	0	3.75	16.3147486793808	330
ST._PETERS	2013	8	7	219	13.6	23.5	18.5983490797473	-999.9	0	2.48792270531401	15.8293687752244	330
ST._PETERS	2013	8	8	220	16.7	24.9	16.835199897194	-999.9	0.44	2.41830065359477	16.276474183485	330
ST._PETERS	2013	8	9	221	16.3	23.4	15.5791076230857	-999.9	6.7	4.28240740740742	20.4060283171273	330
ST._PETERS	2013	8	10	222	16	26.2	18.5679000786191	-999.9	2.5	6.40046296296297	19.3881476552909	330
ST._PETERS	2013	8	11	223	13.9	22.9	17.3412444235331	-999.9	0	5.24305555555556	13.7059490087713	330
ST._PETERS	2013	8	12	224	14.1	24.6	18.6207299890783	-999.9	43.4	3.21759259259258	16.0877732008972	330
ST._PETERS	2013	8	13	225	15.3	24.3	17.1361340884534	-999.9	0	3.88888888888889	17.2557936892704	330
ST._PETERS	2013	8	14	226	15.6	25.3	17.6812616919734	-999.9	7.5	2.73148148148148	21.1571070705414	330
ST._PETERS	2013	8	15	227	13.8	22.1	16.2535492313548	-999.9	0.07	5.53240740740742	14.9287837501945	330
ST._PETERS	2013	8	16	228	13.7	25.2	19.0101527649571	-999.9	0	3.48379629629631	16.0364013813538	330
ST._PETERS	2013	8	17	229	12.2	20.8	16.3327354301046	-999.9	0	3.09027777777778	15.0064806894908	330
ST._PETERS	2013	8	18	230	13.1	24.7	18.8432997755331	-999.9	14.7	4.15509259259258	15.073374517261	330
ST._PETERS	2013	8	19	231	15	25.6	17.8913931586195	-999.9	0	4.75694444444445	18.4061276129137	330
ST._PETERS	2013	8	20	232	11.9	18.5	14.0207492093637	-999.9	0	2.44212962962963	14.857049039187	330
ST._PETERS	2013	8	21	233	15.1	28.6	19.9121745655638	-999.9	0	4.75694444444445	18.9979877127177	330
ST._PETERS	2013	8	22	234	19	29.1	17.1005210232402	-999.9	0	6.52777777777778	19.7189724651518	330
ST._PETERS	2013	8	23	235	14.5	19.6	12.0635370827891	-999.9	0	4.05092592592592	15.6706795401731	330
ST._PETERS	2013	8	24	236	6.7	18.2	17.9813902547009	-999.9	0	3.55324074074075	9.84113339699914	330
ST._PETERS	2013	8	25	237	8.2	23.1	20.3140207375483	-999.9	61.6	1.70138888888889	12.3193548008566	330
ST._PETERS	2013	8	26	238	12.2	22	16.3488662742752	-999.9	0.4	4.31712962962964	14.4470450107478	330
ST._PETERS	2013	8	27	239	15.3	21.2	12.586810579113	-999.9	0	3.14814814814814	19.022598387844	330
ST._PETERS	2013	8	28	240	15	22.6	14.1727663905564	-999.9	0	2.63888888888889	19.4551798358257	330
ST._PETERS	2013	8	29	241	14.4	17.3	8.68456066397403	-999.9	9.4	5.41666666666667	15.3726651113862	330
ST._PETERS	2013	8	30	242	13.4	15	6.39812297275096	-999.9	9.7	6.89814814814814	14.443396780872	330
ST._PETERS	2013	8	31	243	12.4	21.7	15.297496677008	-999.9	0.8	1.84027777777778	15.7685703025271	330
ST._PETERS	2013	9	1	244	15.6	20	10.4335946100971	-999.9	3.4	3.20601851851853	19.0478306469345	330
ST._PETERS	2013	9	2	245	14.7	16.8	7.14641603649675	-999.9	0.2	3.79629629629631	15.8078476192759	330
ST._PETERS	2013	9	3	246	16.1	20	9.65437515612685	-999.9	31.8	5.42824074074075	19.5932435608646	330
ST._PETERS	2013	9	4	247	15.1	23.5	14.0438708662313	-999.9	0	4.45601851851853	19.7250355764473	330
ST._PETERS	2013	9	5	248	6.9	15.2	13.8351403426151	-999.9	1.8	2.24537037037037	10.8572985609768	330
ST._PETERS	2013	9	6	249	6.9	16.8	14.9727447612108	-999.9	0	3.81944444444444	10.2819182614051	330
ST._PETERS	2013	9	7	250	10	21.6	16.0580957600785	-999.9	0	6.36574074074075	12.330872109668	330
ST._PETERS	2013	9	8	251	9	15.5	11.9081653565885	-999.9	24	4.94212962962964	12.7227764120355	330
ST._PETERS	2013	9	9	252	9.5	16.8	12.5001333159136	-999.9	0.8	6.71296296296297	9.97897915912055	330
ST._PETERS	2013	9	10	253	11	18.3	12.3800276109259	-999.9	59.3	4.79166666666667	13.6864920339396	330
ST._PETERS	2013	9	11	254	14	22.7	13.3834708872948	-999.9	7	4.30555555555556	19.0183323455043	330
ST._PETERS	2013	9	12	255	18.4	24.1	10.7259943356667	-999.9	2.6	4.03381642512078	21.343490517858	330
ST._PETERS	2013	9	13	256	18.3	21.6	8.07960747911602	-999.9	20.7	4.44444444444444	21.3741065929351	330
ST._PETERS	2013	9	14	257	15.9	22.4	11.2244587760056	-999.9	0.2	3.26388888888889	20.6078159744708	330
ST._PETERS	2013	9	15	258	12.1	18	10.5840677769842	-999.9	0	3.73842592592592	14.144344619535	330
ST._PETERS	2013	9	16	259	8.5	17.6	13.0079183261996	-999.9	5.3	4.05092592592592	13.3384948133299	330
ST._PETERS	2013	9	17	260	7.9	13	9.63552833780938	-999.9	0	4.53703703703703	8.73251865202111	330
ST._PETERS	2013	9	18	261	8.3	19.3	14.0001670769642	-999.9	0	4.40972222222222	11.4197213602144	330
ST._PETERS	2013	9	19	262	8.2	21.1	14.9975921228134	-999.9	0	2.90509259259258	12.6299172399084	330
ST._PETERS	2013	9	20	263	5.6	14.1	12.0411966709654	-999.9	0	3.40277777777778	10.016878281202	330
ST._PETERS	2013	9	21	264	7.5	21.8	15.445634876858	-999.9	0	5.33564814814814	13.3086440943523	330
ST._PETERS	2013	9	22	265	14.8	25.7	13.334385432761	-999.9	0	6.15740740740742	18.834640600112	330
ST._PETERS	2013	9	23	266	8.5	19.1	13.0010846623651	-999.9	15.5	4.81481481481481	13.9743064274993	330
ST._PETERS	2013	9	24	267	6.7	12.7	9.66973439406451	-999.9	0.3	2.46527777777778	10.3516152795918	330
ST._PETERS	2013	9	25	268	8.8	14.1	8.98328155631644	-999.9	4	2.68518518518519	11.9778433810459	330
ST._PETERS	2013	9	26	269	11.3	12.7	4.56316014455559	-999.9	2.1	6.08796296296297	12.8200929384075	330
ST._PETERS	2013	9	27	270	6.9	13.3	9.64147257467013	-999.9	0	4.51388888888889	10.3640049310792	330
ST._PETERS	2013	9	28	271	4.9	20.8	15.0159002506037	-999.9	0	3.19444444444444	11.12346365501	330
ST._PETERS	2013	9	29	272	10.8	23.2	13.1012139241423	-999.9	0	4.00462962962964	13.9423901865303	330
ST._PETERS	2013	9	30	273	9.2	21.8	13.0461711741565	-999.9	0	2.60416666666667	12.8696804229969	330
ST._PETERS	2013	10	1	274	11.1	16.2	8.19841758933519	-999.9	7.6	1.40046296296296	13.6017385240732	330
ST._PETERS	2013	10	2	275	10.1	21	11.8373984220778	-999.9	0	3.36805555555556	14.628036938899	330
ST._PETERS	2013	10	3	276	12.7	17	7.34221623459713	-999.9	0	6.21527777777778	11.8865933199646	330
ST._PETERS	2013	10	4	277	10.5	13.2	5.74483561031674	-999.9	0	7.10648148148147	9.20942792121321	330
ST._PETERS	2013	10	5	278	5.9	13.8	9.70210483371325	-999.9	0	3.54166666666667	9.02182414730773	330
ST._PETERS	2013	10	6	279	2.5	11.8	10.3921551260303	-999.9	0	4.24768518518519	7.28816680777781	330
ST._PETERS	2013	10	7	280	1.8	14.7	12.0816696276539	-999.9	0.2	3.90046296296297	9.22556696225276	330
ST._PETERS	2013	10	8	281	9.5	18.3	9.8491527444176	-999.9	13.6	6.35416666666667	12.7432299197241	330
ST._PETERS	2013	10	9	282	6.2	12.7	8.35407674275284	-999.9	0	3.85416666666667	8.62379334230943	330
ST._PETERS	2013	10	10	283	7.8	18.8	10.7246364679511	-999.9	0	4.94212962962964	11.3158457569654	330
ST._PETERS	2013	10	11	284	6.6	13.7	8.50200881389537	-999.9	0	3.24074074074075	10.5168743529873	330
ST._PETERS	2013	10	12	285	3.5	8.9	7.31574620751281	-999.9	0	3.58796296296297	6.20868419701239	330
ST._PETERS	2013	10	13	286	0.8	10.3	9.57321456847916	-999.9	0	2.61574074074074	6.43563490832785	330
ST._PETERS	2013	10	14	287	0.8	16.2	12.024226984361	-999.9	0.8	3.55324074074075	8.91048334598455	330
ST._PETERS	2013	10	15	288	1.2	13.3	10.5137749092795	-999.9	0	3.39120370370369	8.27531113269775	330
ST._PETERS	2013	10	16	289	0.6	13.9	10.8725457042728	-999.9	10.8	2.51157407407408	8.28386884845029	330
ST._PETERS	2013	10	17	290	10.4	20.1	9.15804837194553	-999.9	1.4	4.17824074074075	16.1091947703845	330
ST._PETERS	2013	10	18	291	9.4	14.2	6.35365451631154	-999.9	1.9	3.02083333333333	12.9010279607642	330
ST._PETERS	2013	10	19	292	4.7	13	8.23956619404564	-999.9	0	4.91898148148147	9.45078437928485	330
ST._PETERS	2013	10	20	293	6.6	14.9	8.12541067338915	-999.9	6.8	3.24074074074075	10.8759378769819	330
ST._PETERS	2013	10	21	294	5.7	8.5	4.65379495938797	-999.9	0	4.56018518518519	8.25978854342039	330
ST._PETERS	2013	10	22	295	4.2	13.8	8.49707029790901	-999.9	4.3	3.02083333333333	9.29389462230838	330
ST._PETERS	2013	10	23	296	1.5	10.7	8.20198197739702	-999.9	9.6	2.77777777777778	7.84005587783494	330
ST._PETERS	2013	10	24	297	3.6	9.7	6.58521075871788	-999.9	0.7	4.23611111111111	6.68914926423116	330
ST._PETERS	2013	10	25	298	2.4	9.8	7.15141160119323	-999.9	0	5.28935185185186	6.2920182758424	330
ST._PETERS	2013	10	26	299	2.4	8.6	6.45411991119329	-999.9	2.4	3.58796296296297	6.73504858602902	330
ST._PETERS	2013	10	27	300	3.9	7.6	4.91591501195864	-999.9	4.8	2.5462962962963	8.46655272785737	330
ST._PETERS	2013	10	28	301	4	8	5.03959808792775	-999.9	0.2	5.21990740740742	7.05860694320367	330
ST._PETERS	2013	10	29	302	-1.3	5.8	6.620041441173	-999.9	0	4.66435185185186	4.59876558606231	330
ST._PETERS	2013	10	30	303	-3.7	6.1	7.66861029140405	-999.9	0	3.87731481481481	4.61024599539735	330
ST._PETERS	2013	10	31	304	-0.8	8.9	7.52265966619242	-999.9	3.8	4.16666666666667	5.13086525435665	330
ST._PETERS	2013	11	1	305	8.9	18	7.18458086390884	-999.9	12	10.0115740740741	13.9501474543021	330
ST._PETERS	2013	11	2	306	6.1	15.5	7.20040128242218	-999.9	0	5.06944444444445	9.55370128406535	330
ST._PETERS	2013	11	3	307	2.4	7	4.96711514639471	-999.9	0	4.59490740740742	5.5584952998002	330
ST._PETERS	2013	11	4	308	2.4	3.8	2.70237829512123	-999.9	0	5.47453703703703	4.71120473774861	330
ST._PETERS	2013	11	5	309	0.9	5.2	4.67090804793892	-999.9	0.01	2.18055555555556	4.74235944701867	330
ST._PETERS	2013	11	6	310	0.2	9.6	6.81158381228443	-999.9	0	4.34027777777778	6.93076238518161	330
ST._PETERS	2013	11	7	311	6	14.6	6.42668020279414	-999.9	12.2	7.26851851851853	10.8442348583507	330
ST._PETERS	2013	11	8	312	1.9	6	4.37746868039942	-999.9	6.1	5.16203703703703	5.85050038731784	330
ST._PETERS	2013	11	9	313	0.3	3.5	3.81543797517192	-999.9	2.3	6.29629629629631	5.4135913784311	330
ST._PETERS	2013	11	10	314	-1	5.4	5.32410578846185	-999.9	6.3	1.94444444444444	5.78551140641419	330
ST._PETERS	2013	11	11	315	2.5	6.3	4.04845393946164	-999.9	40.2	2.97453703703703	7.81973658569654	330
ST._PETERS	2013	11	12	316	-2.8	5.5	5.90520701657673	-999.9	3.8	4.47916666666667	6.04075475161697	330
ST._PETERS	2013	11	13	317	-3.3	0	3.67548195552922	-999.9	0.2	5.96064814814814	3.81421419666786	330
ST._PETERS	2013	11	14	318	-4.6	3.9	5.82365016748263	-999.9	0	4.24768518518519	4.15565061209401	330
ST._PETERS	2013	11	15	319	2.3	8.5	4.91113808007335	-999.9	0	3.76157407407408	6.84230616120665	330
ST._PETERS	2013	11	16	320	1.9	9.7	5.44015016697289	-999.9	0	1.88657407407407	8.31219442835223	330
ST._PETERS	2013	11	17	321	-1	9.5	6.23472335837631	-999.9	0	1.38888888888889	7.49052038666236	330
ST._PETERS	2013	11	18	322	4.7	13.6	5.67104469685367	-999.9	18.8	6.36574074074075	10.6128744035025	330
ST._PETERS	2013	11	19	323	0.7	11.1	6.05789569693597	-999.9	1.2	4.20138888888889	7.48788489382578	330
ST._PETERS	2013	11	20	324	-2.2	0.7	3.16182394244527	-999.9	2.5	10	4.27248468065702	330
ST._PETERS	2013	11	21	325	-0.5	3.5	3.67116373756032	-999.9	0	9.30555555555556	4.61093542621282	330
ST._PETERS	2013	11	22	326	-0.7	5.5	4.51971661846899	-999.9	0	3.61111111111111	5.81691250319388	330
ST._PETERS	2013	11	23	327	-2.3	2.1	3.76612601150969	-999.9	0.8	4.97685185185186	5.16135642428569	330
ST._PETERS	2013	11	24	328	-7	-2.3	3.85112080046142	-999.9	0.2	8.39120370370369	2.72985342746793	330
ST._PETERS	2013	11	25	329	-6.6	-3	3.33565183494251	-999.9	0	7.16435185185186	3.02287971589797	330
ST._PETERS	2013	11	26	330	-6.7	2	5.1334205917022	-999.9	1.1	3.91203703703703	4.0851697581485	330
ST._PETERS	2013	11	27	331	-2.3	15.2	7.20967071627792	-999.9	20.6	5.48611111111111	9.03588689868836	330
ST._PETERS	2013	11	28	332	-4.7	17.1	7.97095070667785	-999.9	0	9.47916666666667	7.72019134018282	330
ST._PETERS	2013	11	29	333	-6.1	-3.5	2.72769058224183	-999.9	0.5	5.81018518518519	3.10709746731896	330
ST._PETERS	2013	11	30	334	-10.7	-2.6	4.77225113816633	-999.9	0.37	4.49074074074075	2.56425256541277	330
ST._PETERS	2013	12	1	335	-8.5	1.2	5.17832633381767	-999.9	0.2	3.99305555555556	3.89689203823252	330
ST._PETERS	2013	12	2	336	1	4.8	3.21494128577113	-999.9	2.5	1.73611111111111	6.98781605778845	330
ST._PETERS	2013	12	3	337	3.5	6.1	2.63879069637102	-999.9	34.7	2.46527777777778	8.3764036887246	330
ST._PETERS	2013	12	4	338	-1.6	3.6	3.70442279204535	-999.9	24.7	11.7824074074074	6.34779416267579	330
ST._PETERS	2013	12	5	339	-1.6	0.2	2.16432974656084	-999.9	0.17	4.79166666666667	4.9315850335352	330
ST._PETERS	2013	12	6	340	0.8	8	4.30024668535273	-999.9	7.8	4.61805555555556	7.90374449888218	330
ST._PETERS	2013	12	7	341	-3	1.9	3.52566082601863	-999.9	0	4.86111111111111	4.1835968142036	330
ST._PETERS	2013	12	8	342	-6.6	-2.9	3.04605495708644	-999.9	0.2	8.61111111111111	2.79889633445917	330
ST._PETERS	2013	12	9	343	-6.7	-1.9	3.45091513766481	-999.9	5.6	3.34490740740742	3.41819025501924	330
ST._PETERS	2013	12	10	344	-4.1	0.5	3.36166902156036	-999.9	3.6	4.01620370370369	4.70754086801306	330
ST._PETERS	2013	12	11	345	-9.2	-4	3.55818585891464	-999.9	23.7	7.48842592592592	2.56058329413602	330
ST._PETERS	2013	12	12	346	-15.9	-7.5	4.50410798195991	-999.9	0	6.85185185185186	1.83468286522589	330
ST._PETERS	2013	12	13	347	-17.6	-8.5	4.67117130952653	-999.9	0.4	5.97222222222222	1.69492746146194	330
ST._PETERS	2013	12	14	348	-17.7	-13	3.34646248240493	-999.9	1.6	7.02546296296297	1.60518590250073	330
ST._PETERS	2013	12	15	349	-15.1	-1.3	5.71882045346354	-999.9	27.1	4.84953703703703	3.03454077555995	330
ST._PETERS	2013	12	16	350	-10.2	-2.2	4.3445165323754	-999.9	1.3	5.52083333333333	3.50694465507338	330
ST._PETERS	2013	12	17	351	-16.3	-8.3	4.33682678929863	-999.9	5.9	5.21990740740742	2.11054777396671	330
ST._PETERS	2013	12	18	352	-15.5	-1.2	5.79065846057211	-999.9	19.2	5.47453703703703	3.08279851895747	330
ST._PETERS	2013	12	19	353	-9.2	-4	3.4889724245775	-999.9	0.4	6.33101851851853	3.18080999808477	330
ST._PETERS	2013	12	20	354	-8.3	-3.3	3.41995551188016	-999.9	5.2	4.10879629629631	3.20548316938938	330
ST._PETERS	2013	12	21	355	-3.3	1.7	3.42029827751647	-999.9	8.2	2.77777777777778	5.64035527011638	330
ST._PETERS	2013	12	22	356	-5.3	-0.4	3.3878522988816	-999.9	17	5.52083333333333	4.70288184130572	330
ST._PETERS	2013	12	23	357	-5.1	-0.6	3.25000292856383	-999.9	14.2	2.39583333333333	4.74007510718599	330
ST._PETERS	2013	12	24	358	-4.7	-0.2	3.25490144554305	-999.9	3.6	3.03240740740742	4.96178686081443	330
ST._PETERS	2013	12	25	359	-10.3	-4.7	3.6381602955191	-999.9	0	5.61342592592592	2.77969381534068	330
ST._PETERS	2013	12	26	360	-15.9	-2.2	5.70433864443123	-999.9	5.7	3.37962962962964	2.69473941945211	330
ST._PETERS	2013	12	27	361	-10.2	-1.1	4.66253851379592	-999.9	2	4.13194444444444	3.74379125349101	330
ST._PETERS	2013	12	28	362	-13.3	-0.9	5.46093607444583	-999.9	0.8	5.28935185185186	3.13146603093628	330
ST._PETERS	2013	12	29	363	-8	-1.1	4.08913181363284	-999.9	4.8	4.18981481481481	3.58552838933706	330
ST._PETERS	2013	12	30	364	-10.4	0.3	5.11378323070774	-999.9	18.8	5.13888888888889	3.91315588466768	330
ST._PETERS	2013	12	31	365	-16.6	-10.4	3.91094015589953	-999.9	0	5.11574074074075	1.84172554110879	330
