SUMMERSIDE	2002	1	1	1	-10.3	-6.1	3.23742813734014	-999.9	0	5.83333333333333	2.29592416276442	330
SUMMERSIDE	2002	1	2	2	-10.2	-3.9	3.98706140019258	-999.9	0	6.33101851851853	2.62483902545115	330
SUMMERSIDE	2002	1	3	3	-8.4	-2.2	3.97894241331536	-999.9	0	6.12268518518519	2.88809238105554	330
SUMMERSIDE	2002	1	4	4	-13.9	-8.3	3.80569142813279	-999.9	0	6.72453703703703	1.60623298335825	330
SUMMERSIDE	2002	1	5	5	-15.8	-4.7	5.39440781338727	-999.9	0	3.29861111111111	1.87909555208198	330
SUMMERSIDE	2002	1	6	6	-9.4	1.1	5.28434111070903	-999.9	0	3.79629629629631	3.98395147894516	330
SUMMERSIDE	2002	1	7	7	-4.6	1.5	4.05828207303452	-999.9	3.7	6.36574074074075	5.08225634847159	330
SUMMERSIDE	2002	1	8	8	-11.3	-4	4.47489590805758	-999.9	0	6.80555555555556	3.10584931305321	330
SUMMERSIDE	2002	1	9	9	-5.5	0.9	4.22488107798695	-999.9	1.7	4.91898148148147	4.51521083629646	330
SUMMERSIDE	2002	1	10	10	-1.8	1.1	2.86867191872797	-999.9	0.7	2.78935185185186	5.60627820173113	330
SUMMERSIDE	2002	1	11	11	-6.2	1.1	4.59251463157473	-999.9	0.7	2.98611111111111	4.64409977976453	330
SUMMERSIDE	2002	1	12	12	-10	-1	5.14710257439853	-999.9	1.2	3.63425925925925	3.39339374251935	330
SUMMERSIDE	2002	1	13	13	-9.9	1.1	5.74553986629533	-999.9	17	6.50462962962964	3.8800949999069	330
SUMMERSIDE	2002	1	14	14	-11.9	0.9	6.25990992176401	-999.9	0.7	8.57638888888889	3.49704773265139	330
SUMMERSIDE	2002	1	15	15	-10.6	-2.9	4.90532568977213	-999.9	3.7	2.70833333333333	3.17539317912162	330
SUMMERSIDE	2002	1	16	16	-9.4	-2.4	4.72668588718164	-999.9	1.5	6.79398148148147	3.701976919332	330
SUMMERSIDE	2002	1	17	17	-12.7	-3.6	5.44796774684704	-999.9	4.2	2.62731481481481	3.00278716416874	330
SUMMERSIDE	2002	1	18	18	-8.8	-2.8	4.4731290707516	-999.9	1	2.67361111111111	3.62900555705482	330
SUMMERSIDE	2002	1	19	19	-11.5	-1.4	5.8698810389445	-999.9	0	3.49537037037036	3.25253603817403	330
SUMMERSIDE	2002	1	20	20	-9.5	-2.5	4.94374703473457	-999.9	0	2.06018518518519	3.55605497448858	330
SUMMERSIDE	2002	1	21	21	-9.9	0.3	6.03874483815546	-999.9	2.5	3.26388888888889	3.83638735728367	330
SUMMERSIDE	2002	1	22	22	-10.1	-0.2	6.02142537401983	-999.9	6.8	7.25694444444445	3.81406254678533	330
SUMMERSIDE	2002	1	23	23	-13.9	2.4	7.82170399943865	-999.9	1.1	5.05787037037036	3.21710927414882	330
SUMMERSIDE	2002	1	24	24	-4.2	2	4.88444316937863	-999.9	3.2	2.97453703703703	5.25585952175911	330
SUMMERSIDE	2002	1	25	25	-6.7	-2.7	3.97321168265613	-999.9	0.7	4.25925925925925	3.90701244513267	330
SUMMERSIDE	2002	1	26	26	-15.8	-5.6	6.4265849955397	-999.9	0.9	3.14814814814814	2.33986280484177	330
SUMMERSIDE	2002	1	27	27	-15.7	-7.4	5.87298405841671	-999.9	0	2.02546296296296	2.03312007922385	330
SUMMERSIDE	2002	1	28	28	-8.8	1.1	6.49895244949044	-999.9	0.6	4.56018518518519	4.23391242447397	330
SUMMERSIDE	2002	1	29	29	-4.8	-1.4	3.85951640472349	-999.9	0	3.58796296296297	4.47049887443601	330
SUMMERSIDE	2002	1	30	30	-14.7	-4.7	6.70838787275964	-999.9	0.8	4.23611111111111	2.65531524705979	330
SUMMERSIDE	2002	1	31	31	-16.3	-12.6	4.13614997618883	-999.9	0	5.02314814814814	1.35419179830459	330
SUMMERSIDE	2002	2	1	32	-15	-5.1	6.85864495245057	-999.9	10.7	2.68518518518519	2.23022537035886	330
SUMMERSIDE	2002	2	2	33	-13.5	-4.9	6.48095406653394	-999.9	0.8	8.27546296296297	2.70943870258676	330
SUMMERSIDE	2002	2	3	34	-17	-9.8	6.01262838802067	-999.9	16	3.78472222222222	1.49710456515321	330
SUMMERSIDE	2002	2	4	35	-14.5	-4.2	7.29222970291173	-999.9	0	4.78009259259258	2.29767780430413	330
SUMMERSIDE	2002	2	5	36	-12.9	-6.3	5.91954648139879	-999.9	0	8.53009259259258	2.3174909894798	330
SUMMERSIDE	2002	2	6	37	-18.1	-10	6.65060036019615	-999.9	0	6.80555555555556	1.33036098332763	330
SUMMERSIDE	2002	2	7	38	-20.2	-9.9	7.60610077874503	-999.9	0.9	3.37962962962964	1.22141156047929	330
SUMMERSIDE	2002	2	8	39	-16.9	-3.1	8.92950915807318	-999.9	4.6	4.14351851851853	2.59799798583123	330
SUMMERSIDE	2002	2	9	40	-17.6	-10.3	6.58733624487479	-999.9	0	5.41666666666667	1.5168818693049	330
SUMMERSIDE	2002	2	10	41	-16.2	-0.3	9.86096739495049	-999.9	0	5.49768518518519	2.15209437369828	330
SUMMERSIDE	2002	2	11	42	-19.7	3.3	12.0300149085519	-999.9	23.2	9.51388888888889	2.90890692179473	330
SUMMERSIDE	2002	2	12	43	-22	-2	11.3789946827024	-999.9	0	5.34722222222222	1.90961694158485	330
SUMMERSIDE	2002	2	13	44	-15.8	-0.1	10.2265106207967	-999.9	0	7.01388888888889	2.78200993315593	330
SUMMERSIDE	2002	2	14	45	-17.7	-5.1	9.29288617507329	-999.9	0	6.19212962962964	1.67440443806785	330
SUMMERSIDE	2002	2	15	46	-5.1	3.2	7.65046769232745	-999.9	0	9.24768518518519	4.94740789574464	330
SUMMERSIDE	2002	2	16	47	0.5	4.4	5.31934045634826	-999.9	0.8	5.9375	6.63592757528647	330
SUMMERSIDE	2002	2	17	48	-4.5	2.9	7.4320392841778	-999.9	0	2.75462962962963	5.14821135433206	330
SUMMERSIDE	2002	2	18	49	-8.5	-3.9	5.94326469114112	-999.9	0	9.39814814814814	3.18315233735645	330
SUMMERSIDE	2002	2	19	50	-10.9	-3.7	7.54138569327257	-999.9	0	6.84027777777778	2.76377285272763	330
SUMMERSIDE	2002	2	20	51	-10.9	0.2	9.49658214914835	-999.9	0.7	1.75925925925926	3.36107029278744	330
SUMMERSIDE	2002	2	21	52	-4.1	2.7	7.53808408642951	-999.9	30	5.01157407407408	4.918658570793	330
SUMMERSIDE	2002	2	22	53	-3.5	3.4	7.70032664479197	-999.9	1.6	5.41666666666667	5.52186434964161	330
SUMMERSIDE	2002	2	23	54	-9.6	-1.1	8.66657094622168	-999.9	0	2.88194444444444	3.37476798119411	330
SUMMERSIDE	2002	2	24	55	-9.2	-1.1	8.57840538659008	-999.9	0	2.43055555555556	3.46811977248711	330
SUMMERSIDE	2002	2	25	56	-5.2	0.6	7.35995570082061	-999.9	2.2	2.44212962962963	4.09393518410612	330
SUMMERSIDE	2002	2	26	57	-2.7	3.9	7.95974703520002	-999.9	0	5.70601851851853	5.6810788730934	330
SUMMERSIDE	2002	2	27	58	3.4	8.3	6.95278002789946	-999.9	1.4	9.22453703703703	8.43601354670252	330
SUMMERSIDE	2002	2	28	59	-5.8	8.1	11.8704245606706	-999.9	6.9	10.0347222222222	5.37722581919303	330
SUMMERSIDE	2002	3	1	60	-6.9	1.3	9.24118598129922	-999.9	0	5.08101851851853	3.36405589272604	330
SUMMERSIDE	2002	3	2	61	-5.2	1.6	8.52901859789538	-999.9	0	3.64583333333333	3.93191746785472	330
SUMMERSIDE	2002	3	3	62	-2	9	10.9932244375515	-999.9	3.1	8.4375	6.56801669693829	330
SUMMERSIDE	2002	3	4	63	-7.7	8.9	13.6844007552092	-999.9	0	6.37731481481481	4.19603897960965	330
SUMMERSIDE	2002	3	5	64	-10.4	-6.6	6.63382419026472	-999.9	0	6.22685185185186	1.59551511845066	330
SUMMERSIDE	2002	3	6	65	-9.1	0.2	10.5140526166797	-999.9	0	3.98148148148147	2.64856504668488	330
SUMMERSIDE	2002	3	7	66	-5.1	2.8	9.81642959986183	-999.9	0	2.8125	4.14210449282794	330
SUMMERSIDE	2002	3	8	67	-7.6	-3.7	6.98613994580006	-999.9	0	4.29398148148147	2.17732338882065	330
SUMMERSIDE	2002	3	9	68	-5.9	3	10.6885168001557	-999.9	8.8	3.09027777777778	4.5743485464642	330
SUMMERSIDE	2002	3	10	69	-1.7	10.3	12.5684567833475	-999.9	2.8	7.99768518518519	7.35496108500119	330
SUMMERSIDE	2002	3	11	70	-9.3	-1.6	10.1942671904552	-999.9	0	8.85416666666667	1.9320424062316	330
SUMMERSIDE	2002	3	12	71	-6.2	2.2	10.780008147971	-999.9	0	5.02314814814814	3.32210545479068	330
SUMMERSIDE	2002	3	13	72	-1.9	5.8	10.448217372398	-999.9	0.6	4.10879629629631	5.86889156064261	330
SUMMERSIDE	2002	3	14	73	-4.8	10.3	14.8098434054273	-999.9	0.7	6.15740740740742	5.15299474666454	330
SUMMERSIDE	2002	3	15	74	-8.2	-4	7.9049437686206	-999.9	2.2	3.88888888888889	1.96253497231194	330
SUMMERSIDE	2002	3	16	75	-8	-3.8	7.9993960909354	-999.9	3.7	5.21990740740742	3.44979416391891	330
SUMMERSIDE	2002	3	17	76	-8.5	-1.8	10.2228967232663	-999.9	0	5.32407407407408	2.88575379565344	330
SUMMERSIDE	2002	3	18	77	-8.9	-2.3	10.2649664374697	-999.9	0	4.10879629629631	3.12315320159477	330
SUMMERSIDE	2002	3	19	78	-9.7	-1.7	11.4320458630423	-999.9	0	3.87731481481481	3.12456784544824	330
SUMMERSIDE	2002	3	20	79	-10.8	2.1	14.6828747909891	-999.9	0	2.60416666666667	2.96778327693973	330
SUMMERSIDE	2002	3	21	80	-2.9	2.6	9.69567956387781	-999.9	9.1	3.98148148148147	5.12647568094908	330
SUMMERSIDE	2002	3	22	81	-11.7	0.8	14.7800375310579	-999.9	1.5	7.33796296296297	3.33561938736379	330
SUMMERSIDE	2002	3	23	82	-12.2	-1.6	13.760671780689	-999.9	0.7	10.7638888888889	2.20452337159373	330
SUMMERSIDE	2002	3	24	83	-8.8	-0.2	12.5298044579657	-999.9	0	8.54166666666667	2.8098617415695	330
SUMMERSIDE	2002	3	25	84	-9.3	-0.9	12.5165587666679	-999.9	0	7.11805555555556	2.1597677734088	330
SUMMERSIDE	2002	3	26	85	-9.8	4	16.2134955124481	-999.9	0	2.66203703703704	3.0291848766934	330
SUMMERSIDE	2002	3	27	86	-2.9	7.4	14.1543153160483	-999.9	12.1	6.55092592592592	6.18902113977283	330
SUMMERSIDE	2002	3	28	87	-2.6	1.3	8.79988118353736	-999.9	0	3.25231481481481	5.13494345854032	330
SUMMERSIDE	2002	3	29	88	-2.1	6.3	13.0466593053108	-999.9	0	4.23611111111111	5.47961119971263	330
SUMMERSIDE	2002	3	30	89	-0.5	5.6	11.2300201648177	-999.9	0.7	6.07638888888889	5.8632998764704	330
SUMMERSIDE	2002	3	31	90	2.2	10.8	13.4667073819506	-999.9	0.6	3.24074074074075	8.03954975073796	330
SUMMERSIDE	2002	4	1	91	3.1	8	10.2647259038897	-999.9	15.6	4.79166666666667	8.09877651385079	330
SUMMERSIDE	2002	4	2	92	2.3	10	12.9918879456865	-999.9	0.6	8.53009259259258	6.66094617685866	330
SUMMERSIDE	2002	4	3	93	0.9	9.4	13.7801635867321	-999.9	15.7	4.38657407407408	7.50287739826028	330
SUMMERSIDE	2002	4	4	94	0.2	5.7	11.1888295813605	-999.9	0	6.64351851851853	5.71185309501965	330
SUMMERSIDE	2002	4	5	95	-1.5	3.9	11.1891989419078	-999.9	0	4.07407407407408	4.62419108310272	330
SUMMERSIDE	2002	4	6	96	-2	1.6	9.2191862025072	-999.9	0.6	5.92592592592592	4.67028487551556	330
SUMMERSIDE	2002	4	7	97	-2.2	2.5	10.6284503397782	-999.9	0	4.72222222222222	4.15670230394683	330
SUMMERSIDE	2002	4	8	98	-1.6	6.7	14.2488649936662	-999.9	0	5.30092592592592	5.36081939284018	330
SUMMERSIDE	2002	4	9	99	2.5	10.5	14.1106503550678	-999.9	2.5	8.10185185185186	8.31090986826917	330
SUMMERSIDE	2002	4	10	100	0.8	10.4	15.5897506538388	-999.9	15.8	5.84490740740742	7.19299229848589	330
SUMMERSIDE	2002	4	11	101	-1.4	7.4	15.0517578324733	-999.9	0	3.46064814814814	4.37348440756918	330
SUMMERSIDE	2002	4	12	102	0.9	11.9	16.9677990230467	-999.9	0.7	7.93981481481481	5.78814094297204	330
SUMMERSIDE	2002	4	13	103	5.8	10.2	10.8188197126717	-999.9	4.2	6.11111111111111	9.29516119021676	330
SUMMERSIDE	2002	4	14	104	1.3	7.4	12.8405637668215	-999.9	21.2	5.77546296296297	7.38569570090408	330
SUMMERSIDE	2002	4	15	105	1.3	5.7	10.9913886702745	-999.9	5.9	2.99768518518519	6.96229483782503	330
SUMMERSIDE	2002	4	16	106	2.1	14.2	18.3682411230699	-999.9	0.8	4.84953703703703	9.36330305377827	330
SUMMERSIDE	2002	4	17	107	-3.1	10.1	19.3309106092178	-999.9	0	5.91435185185186	5.65789132172473	330
SUMMERSIDE	2002	4	18	108	-2.9	2.7	12.685039547574	-999.9	0	1.65509259259259	4.79577092251632	330
SUMMERSIDE	2002	4	19	109	1.6	8.3	13.9768690586367	-999.9	3.1	4.64120370370369	7.59616954450458	330
SUMMERSIDE	2002	4	20	110	-0.9	8.9	17.0256090185043	-999.9	0	5	5.42507133064843	330
SUMMERSIDE	2002	4	21	111	-1.2	3.8	12.2471323785076	-999.9	0	5.77546296296297	3.58446414984589	330
SUMMERSIDE	2002	4	22	112	-1.1	5.4	14.060759676358	-999.9	0	4.38657407407408	4.69492303151271	330
SUMMERSIDE	2002	4	23	113	-0.6	2.1	9.12388565580327	-999.9	1.4	5.70601851851853	5.67701836444508	330
SUMMERSIDE	2002	4	24	114	-2.9	3.1	13.6918715757638	-999.9	0.6	5.50925925925925	4.79382384254487	330
SUMMERSIDE	2002	4	25	115	-3.1	3.6	14.5632223670445	-999.9	0	2.4537037037037	4.89260743700925	330
SUMMERSIDE	2002	4	26	116	-0.4	2.8	10.1291233654722	-999.9	6.5	5.625	5.85693683625797	330
SUMMERSIDE	2002	4	27	117	0	7.4	15.5000709902591	-999.9	0	6.41203703703703	5.92487180201959	330
SUMMERSIDE	2002	4	28	118	-0.3	8.6	17.103233044002	-999.9	1.5	5.37037037037036	4.03834913658409	330
SUMMERSIDE	2002	4	29	119	-0.2	1.2	6.82428729569959	-999.9	12.6	9.58333333333333	5.59241719905261	330
SUMMERSIDE	2002	4	30	120	-0.4	3.7	11.7473590850503	-999.9	0.6	5.71759259259258	5.85991072696956	330
SUMMERSIDE	2002	5	1	121	2	10.9	17.407787470209	-999.9	0	5.17361111111111	7.31862287132671	330
SUMMERSIDE	2002	5	2	122	2.7	13.8	19.5504073682629	-999.9	3.3	4.64120370370369	8.336907582572	330
SUMMERSIDE	2002	5	3	123	2.3	9.5	15.8325941547413	-999.9	5.3	3.59953703703703	8.18732406398075	330
SUMMERSIDE	2002	5	4	124	-0.2	12.5	21.1409854952821	-999.9	1.3	7.58101851851853	6.14917604176946	330
SUMMERSIDE	2002	5	5	125	-1.9	10.9	21.335959690005	-999.9	0	4.0625	4.02194721115489	330
SUMMERSIDE	2002	5	6	126	4.8	18.4	22.1058408195578	-999.9	0.8	7.98611111111111	8.234427641823	330
SUMMERSIDE	2002	5	7	127	9.2	18.9	18.7629299808096	-999.9	0.6	6.79398148148147	9.61159559838575	330
SUMMERSIDE	2002	5	8	128	4.2	13.9	18.8549308478199	-999.9	0.9	6.67824074074075	6.65858218658078	330
SUMMERSIDE	2002	5	9	129	2.2	11.9	18.9450853699958	-999.9	0	3.73842592592592	5.60078661068925	330
SUMMERSIDE	2002	5	10	130	7.6	18.2	19.8967821734755	-999.9	9.6	6.38888888888889	12.187880154734	330
SUMMERSIDE	2002	5	11	131	2.5	11	17.8980793780067	-999.9	0.7	6.94444444444445	5.97452427475609	330
SUMMERSIDE	2002	5	12	132	1.4	11.1	19.2042776329077	-999.9	0	4.03935185185186	5.26500012438445	330
SUMMERSIDE	2002	5	13	133	0	9.9	19.4846755113209	-999.9	0	2.74305555555556	4.86213254842869	330
SUMMERSIDE	2002	5	14	134	0.7	6.8	15.3586320945025	-999.9	7.3	6.51620370370369	6.16139442858794	330
SUMMERSIDE	2002	5	15	135	4.4	11.4	16.5195221370052	-999.9	3.3	4.60648148148147	9.23654560147404	330
SUMMERSIDE	2002	5	16	136	3.9	15.5	21.3494811330016	-999.9	0.6	5.77546296296297	8.3125081841469	330
SUMMERSIDE	2002	5	17	137	4.6	14.6	19.8983677113865	-999.9	7.1	4.62962962962964	10.4623600409025	330
SUMMERSIDE	2002	5	18	138	4.1	10.1	15.4704045126199	-999.9	3.8	2.80092592592592	7.97700579819342	330
SUMMERSIDE	2002	5	19	139	4.2	12.5	18.2609499050583	-999.9	3.2	4.27083333333333	9.19615491193512	330
SUMMERSIDE	2002	5	20	140	4.1	15.7	21.6631435106108	-999.9	0.8	2.92824074074075	8.09820979738538	330
SUMMERSIDE	2002	5	21	141	4.2	13.7	19.6703703783733	-999.9	0	1.6087962962963	8.8087869443481	330
SUMMERSIDE	2002	5	22	142	4.8	19.2	24.2963210404494	-999.9	0	4.14351851851853	8.03822760897863	330
SUMMERSIDE	2002	5	23	143	7.9	19.8	22.1560206624032	-999.9	1.3	9.25925925925925	9.62054062761233	330
SUMMERSIDE	2002	5	24	144	7.5	21.3	23.931365980136	-999.9	0.8	8.27546296296297	9.59428016992207	330
SUMMERSIDE	2002	5	25	145	3.6	13	19.8085354891608	-999.9	1.2	5.54398148148147	6.9764342023391	330
SUMMERSIDE	2002	5	26	146	3.4	17.1	23.9806097676302	-999.9	0.6	6.37731481481481	8.28124266611602	330
SUMMERSIDE	2002	5	27	147	9.5	22.2	23.1507178103073	-999.9	0	4.20138888888889	12.5082402946628	330
SUMMERSIDE	2002	5	28	148	9.5	21.1	22.1822492285789	-999.9	0	2.41898148148148	11.5273470478824	330
SUMMERSIDE	2002	5	29	149	11.5	25.9	24.7755492313	-999.9	0	4.12037037037036	12.8561926772142	330
SUMMERSIDE	2002	5	30	150	13.7	21	17.6815589151348	-999.9	16.9	7.59259259259258	16.9103891999312	330
SUMMERSIDE	2002	5	31	151	13.3	23.5	20.9472995492721	-999.9	1.6	7.09490740740742	17.2032680387872	330
SUMMERSIDE	2002	6	1	152	13	21.2	18.8215596439846	-999.9	1.2	7.84722222222222	15.377007253111	330
SUMMERSIDE	2002	6	2	153	6.6	17.1	21.3410642077979	-999.9	1	5	11.0921147683979	330
SUMMERSIDE	2002	6	3	154	6.9	13.4	16.8229819232873	-999.9	0	4.73379629629631	8.37705486829531	330
SUMMERSIDE	2002	6	4	155	5.2	16.2	21.9239988126392	-999.9	0	3.69212962962964	7.26710670502908	330
SUMMERSIDE	2002	6	5	156	9.1	14.1	14.8060058034941	-999.9	4	6.93287037037036	10.3658929509139	330
SUMMERSIDE	2002	6	6	157	9.2	14	14.5296608875945	-999.9	8.8	3.13657407407408	11.8230609236168	330
SUMMERSIDE	2002	6	7	158	2.9	12.6	20.6849859516313	-999.9	0	3.49537037037036	7.17700863046908	330
SUMMERSIDE	2002	6	8	159	1.8	16.6	25.5851149255503	-999.9	0.7	2.26851851851852	7.31704138920378	330
SUMMERSIDE	2002	6	9	160	9.2	12.3	11.7240387534952	-999.9	9.4	6.875	9.81923240313467	330
SUMMERSIDE	2002	6	10	161	5.3	13	18.4984123908711	-999.9	0.9	6.5625	9.69763569347567	330
SUMMERSIDE	2002	6	11	162	5.3	15.9	21.7263919086995	-999.9	0	1.95601851851852	9.97269935427137	330
SUMMERSIDE	2002	6	12	163	9.1	19	21.016036328806	-999.9	0.7	2.74305555555556	11.6846848450964	330
SUMMERSIDE	2002	6	13	164	6.8	19.7	24.0093068760353	-999.9	0	4.0625	10.9069162660304	330
SUMMERSIDE	2002	6	14	165	5.7	16.9	22.3871293479024	-999.9	0	2.84722222222222	8.39739224690579	330
SUMMERSIDE	2002	6	15	166	6.1	12.9	17.4542668512251	-999.9	3.1	4.35185185185186	8.4797322784114	330
SUMMERSIDE	2002	6	16	167	7.4	10.9	12.5282990317471	-999.9	5	3.93518518518519	10.2915671967909	330
SUMMERSIDE	2002	6	17	168	8.3	13.7	15.5675088086691	-999.9	0.7	2.68518518518519	10.9391843560331	330
SUMMERSIDE	2002	6	18	169	10.2	18.2	18.9532914416264	-999.9	0.6	2.26851851851852	13.7049679585854	330
SUMMERSIDE	2002	6	19	170	10.6	17.8	17.9835981785256	-999.9	0.6	2.47685185185185	12.9665391362988	330
SUMMERSIDE	2002	6	20	171	11.2	26.2	25.9585231948112	-999.9	0	3.88888888888889	14.4079576880779	330
SUMMERSIDE	2002	6	21	172	12.9	23.8	22.1271229078187	-999.9	0	7.31481481481481	15.237686204196	330
SUMMERSIDE	2002	6	22	173	9.1	20.5	22.6253250440425	-999.9	0	4.78009259259258	9.87354097191838	330
SUMMERSIDE	2002	6	23	174	9.7	23	24.4316215011583	-999.9	4.9	4.81481481481481	10.5026439170857	330
SUMMERSIDE	2002	6	24	175	11.6	17	15.5618346150275	-999.9	3.8	7.78935185185186	13.3235313412636	330
SUMMERSIDE	2002	6	25	176	11.6	23.6	23.187042626045	-999.9	0.6	6.40046296296297	13.3112437283624	330
SUMMERSIDE	2002	6	26	177	12.8	26.8	25.0301211582286	-999.9	0	4.38657407407408	15.7678921057611	330
SUMMERSIDE	2002	6	27	178	16.3	21.6	15.3898516172805	-999.9	3.4	7.21064814814814	18.6517660286568	330
SUMMERSIDE	2002	6	28	179	14	22.1	19.0103418019029	-999.9	3	2.02546296296296	17.5687532062387	330
SUMMERSIDE	2002	6	29	180	14	18.3	13.8384006019436	-999.9	0	4.14351851851853	15.0844895386117	330
SUMMERSIDE	2002	6	30	181	13.1	24.7	22.7058745364887	-999.9	0.7	3.28703703703703	13.9497229623379	330
SUMMERSIDE	2002	7	1	182	15.3	22.8	18.2368877176968	-999.9	0	5.50925925925925	16.8352111425229	330
SUMMERSIDE	2002	7	2	183	14.8	25	21.2414560354066	-999.9	0	3.54166666666667	18.9283168811086	330
SUMMERSIDE	2002	7	3	184	17.4	30.3	23.8559309310813	-999.9	0	3.53009259259258	23.7153174632492	330
SUMMERSIDE	2002	7	4	185	18.2	29.8	22.5892073431816	-999.9	35.5	3.42592592592592	24.5199126848589	330
SUMMERSIDE	2002	7	5	186	15.9	23.9	18.7301213375146	-999.9	7	3.59953703703703	19.1324743821375	330
SUMMERSIDE	2002	7	6	187	15.3	21.5	16.4614505849808	-999.9	0	1.55092592592593	17.3537855666613	330
SUMMERSIDE	2002	7	7	188	15.1	21	16.0297933114847	-999.9	0	1.66666666666667	15.883126044018	330
SUMMERSIDE	2002	7	8	189	14.8	23.5	19.4287174434312	-999.9	1.4	3.05555555555556	17.6571937233835	330
SUMMERSIDE	2002	7	9	190	17.2	23.5	16.5002386710384	-999.9	9	4.42129629629631	20.0142013083639	330
SUMMERSIDE	2002	7	10	191	11.9	21.8	20.6407641042935	-999.9	0	2.46527777777778	13.6287278811031	330
SUMMERSIDE	2002	7	11	192	11	18.6	18.0449582223614	-999.9	0	4.60648148148147	11.9440267392108	330
SUMMERSIDE	2002	7	12	193	11.3	22.7	22.0493108083209	-999.9	0	3.88888888888889	13.788375411214	330
SUMMERSIDE	2002	7	13	194	15.2	24	19.3254643110136	-999.9	0.6	5.20833333333333	17.1287855558849	330
SUMMERSIDE	2002	7	14	195	15.6	23	17.6767679617838	-999.9	0	3.61111111111111	18.5168069015368	330
SUMMERSIDE	2002	7	15	196	17	26.5	19.9755840130301	-999.9	0	5.03472222222222	19.6581933322575	330
SUMMERSIDE	2002	7	16	197	14.3	21.4	17.2214494577655	-999.9	0	4.52546296296297	16.2766223085637	330
SUMMERSIDE	2002	7	17	198	14	22.4	18.6782013346706	-999.9	0	2.89351851851853	15.6946805905339	330
SUMMERSIDE	2002	7	18	199	15.1	22.9	17.945249444696	-999.9	5	4.94212962962964	17.8703958401719	330
SUMMERSIDE	2002	7	19	200	14.2	19.6	14.8853014906739	-999.9	1.5	3.75	14.0878516927006	330
SUMMERSIDE	2002	7	20	201	10.8	18.1	17.2517186415482	-999.9	10.7	4.64120370370369	13.4279499725943	330
SUMMERSIDE	2002	7	21	202	9.5	24.3	24.4829332183486	-999.9	0	2.85879629629631	13.4273577882972	330
SUMMERSIDE	2002	7	22	203	16.1	24.4	18.2719376684868	-999.9	0.7	8.14814814814814	17.7982370961905	330
SUMMERSIDE	2002	7	23	204	15.9	27.1	21.1504050771741	-999.9	0	7.17592592592592	20.212816670827	330
SUMMERSIDE	2002	7	24	205	11.6	18.3	16.2990457548449	-999.9	1.5	3.79629629629631	11.4283644248522	330
SUMMERSIDE	2002	7	25	206	10	20.1	19.9366124684774	-999.9	0	2.33796296296296	10.5615893072771	330
SUMMERSIDE	2002	7	26	207	10.5	21.8	21.0061481737777	-999.9	0	1.48148148148148	10.7702330822161	330
SUMMERSIDE	2002	7	27	208	12.6	19.5	16.3492826409956	-999.9	0	2.16435185185185	13.5187818379134	330
SUMMERSIDE	2002	7	28	209	14.5	23	18.0717749134454	-999.9	0	1.85185185185185	15.6876111788646	330
SUMMERSIDE	2002	7	29	210	16.5	23.3	16.0958170330941	-999.9	0	5.72916666666667	19.0838654533211	330
SUMMERSIDE	2002	7	30	211	18.7	23.1	12.8914557264005	-999.9	0	3.26388888888889	20.5783625047353	330
SUMMERSIDE	2002	7	31	212	16.7	26.2	18.8583675347265	-999.9	0.6	4.43287037037036	19.8694991902185	330
SUMMERSIDE	2002	8	1	213	12	19.9	17.1187444241407	-999.9	0	4.05092592592592	14.2389992742859	330
SUMMERSIDE	2002	8	2	214	11.6	21.7	19.2656779904399	-999.9	0	2.61574074074074	13.7192372945936	330
SUMMERSIDE	2002	8	3	215	16.6	22.9	15.1428661849663	-999.9	4.1	5.37037037037036	18.8982824502872	330
SUMMERSIDE	2002	8	4	216	18.3	27.1	17.8091038641673	-999.9	0	3.49537037037036	22.3925720245427	330
SUMMERSIDE	2002	8	5	217	17.9	25.4	16.3584733155454	-999.9	4.1	6.09953703703703	21.1567000899714	330
SUMMERSIDE	2002	8	6	218	15.7	21.1	13.8092049144842	-999.9	14.1	3.95833333333333	17.699090483549	330
SUMMERSIDE	2002	8	7	219	14.2	19.2	13.2179607991745	-999.9	44.1	5.46296296296297	15.1985289680976	330
SUMMERSIDE	2002	8	8	220	11.5	22.2	19.2321028199612	-999.9	0	2.38425925925926	12.9521243692753	330
SUMMERSIDE	2002	8	9	221	11.8	19.7	16.4343060751453	-999.9	0	1.77083333333333	12.8940970842265	330
SUMMERSIDE	2002	8	10	222	15.2	27.2	20.1408900192249	-999.9	0.7	3.77314814814814	17.5904734658722	330
SUMMERSIDE	2002	8	11	223	18.2	27.1	17.2456776801718	-999.9	0	5.20833333333333	20.3957086429727	330
SUMMERSIDE	2002	8	12	224	17.6	27.5	18.0820160903446	-999.9	0	5.19675925925925	20.5361988741571	330
SUMMERSIDE	2002	8	13	225	18.2	29.7	19.3717421915727	-999.9	0	3.64583333333333	22.7595727212311	330
SUMMERSIDE	2002	8	14	226	19.1	31.9	20.3124127839437	-999.9	0	2.62731481481481	24.4143566604985	330
SUMMERSIDE	2002	8	15	227	20	30.1	17.9308135424966	-999.9	0	4.53703703703703	24.1338302837307	330
SUMMERSIDE	2002	8	16	228	19.4	27.2	15.6572378080571	-999.9	0	6.07638888888889	23.2923947975482	330
SUMMERSIDE	2002	8	17	229	20.5	31	18.0483101864901	-999.9	0	3.70370370370369	23.6850540476556	330
SUMMERSIDE	2002	8	18	230	18.5	29.8	18.5994642092603	-999.9	0	2.69675925925926	21.1390650677371	330
SUMMERSIDE	2002	8	19	231	20.1	25.3	12.5321972088036	-999.9	2.4	3.73842592592592	22.7042212228224	330
SUMMERSIDE	2002	8	20	232	14.9	22.3	14.8474040136845	-999.9	0	1.34259259259259	17.1781083330031	330
SUMMERSIDE	2002	8	21	233	13.9	23.4	16.705140492628	-999.9	0	2.55787037037037	13.8666443121952	330
SUMMERSIDE	2002	8	22	234	15.7	24.7	16.1438666865146	-999.9	1.5	5.32407407407408	17.2131773307453	330
SUMMERSIDE	2002	8	23	235	12.6	19.9	14.4341031766232	-999.9	0	2.90509259259258	12.4595602267083	330
SUMMERSIDE	2002	8	24	236	13.5	22.7	16.0845245157145	-999.9	0	3.41435185185186	14.6319388720603	330
SUMMERSIDE	2002	8	25	237	15.6	20.7	11.8858158748689	-999.9	0	2.34953703703704	16.1580889868003	330
SUMMERSIDE	2002	8	26	238	14.8	25.1	16.7623758594376	-999.9	0.6	5.08101851851853	16.1797584918603	330
SUMMERSIDE	2002	8	27	239	13.7	22.3	15.1978621095906	-999.9	0	2.99768518518519	13.435041940603	330
SUMMERSIDE	2002	8	28	240	13	18.4	11.9478439243175	-999.9	0	3.49537037037036	13.5729293656924	330
SUMMERSIDE	2002	8	29	241	11.9	21.9	16.1285359652422	-999.9	0	2.78935185185186	14.3939342337655	330
SUMMERSIDE	2002	8	30	242	13.3	20.6	13.6678876100982	-999.9	0	5.27777777777778	15.0042815321323	330
SUMMERSIDE	2002	8	31	243	11.6	16.2	10.7598567855826	-999.9	0	4.72222222222222	7.91967156637701	330
SUMMERSIDE	2002	9	1	244	11.3	22.4	16.5736863710259	-999.9	0	5.18518518518519	11.5908625419074	330
SUMMERSIDE	2002	9	2	245	12.7	20.8	14.0369421329358	-999.9	0	5.37037037037036	14.1187929936449	330
SUMMERSIDE	2002	9	3	246	14.4	24.6	15.6150964520937	-999.9	0	3.75	17.3451082947937	330
SUMMERSIDE	2002	9	4	247	18.1	25.5	13.1830879331932	-999.9	0	5.71759259259258	19.1992471844227	330
SUMMERSIDE	2002	9	5	248	11.6	21.2	14.8811211239905	-999.9	6.1	4.81481481481481	14.2090004257156	330
SUMMERSIDE	2002	9	6	249	10.9	19.6	14.0378433429168	-999.9	0.6	4.23611111111111	11.8618946593666	330
SUMMERSIDE	2002	9	7	250	14.2	19.3	10.6489926780111	-999.9	1.1	2.36111111111111	13.4944926231776	330
SUMMERSIDE	2002	9	8	251	15	24.4	14.3222736886305	-999.9	0.8	4.89583333333333	17.4275153089444	330
SUMMERSIDE	2002	9	9	252	14.1	18.1	9.25432116989129	-999.9	5.6	3.10185185185186	15.577984733949	330
SUMMERSIDE	2002	9	10	253	17	29.7	16.331456424512	-999.9	18.3	4.09722222222222	21.7234597194026	330
SUMMERSIDE	2002	9	11	254	10.6	17.5	11.9205992562607	-999.9	27.5	5.87962962962964	13.7039276178665	330
SUMMERSIDE	2002	9	12	255	8.3	14.3	11.006309763528	-999.9	14.3	8.68055555555556	10.2740609611909	330
SUMMERSIDE	2002	9	13	256	9	17.6	13.0451798805614	-999.9	2.3	5.91435185185186	11.3094562336695	330
SUMMERSIDE	2002	9	14	257	7.4	17.5	13.9938939163254	-999.9	0	3.51851851851853	8.82245785128389	330
SUMMERSIDE	2002	9	15	258	13.2	21.2	12.3265740285056	-999.9	8.7	6.51620370370369	15.7291591122611	330
SUMMERSIDE	2002	9	16	259	9.2	13.3	8.73275898015284	-999.9	19.7	5.54398148148147	11.5121021130029	330
SUMMERSIDE	2002	9	17	260	9.7	17.7	12.0700634863591	-999.9	0.6	1.80555555555556	13.0442902239063	330
SUMMERSIDE	2002	9	18	261	8.7	16.1	11.4849352513249	-999.9	0	2.88647342995169	10.0509153437771	330
SUMMERSIDE	2002	9	19	262	10.4	20.6	13.3384175176355	-999.9	0	3.20601851851853	12.8475802276512	330
SUMMERSIDE	2002	9	20	263	14.6	20.6	10.1184758184003	-999.9	0.7	7.56944444444445	16.7548229091975	330
SUMMERSIDE	2002	9	21	264	16.1	22.7	10.4952012547451	-999.9	0	4.78009259259258	18.8680269175139	330
SUMMERSIDE	2002	9	22	265	16.8	23.3	10.2991003028411	-999.9	0.6	5.94907407407408	19.2429520950647	330
SUMMERSIDE	2002	9	23	266	15.5	26.4	13.1863493657708	-999.9	7.6	5.32608695652175	19.6295071264104	330
SUMMERSIDE	2002	9	24	267	12	15.8	7.69692473271055	-999.9	10.9	4.81481481481481	13.626884549194	330
SUMMERSIDE	2002	9	25	268	9	17.7	11.5118493068517	-999.9	0	1.95601851851852	10.9589942083015	330
SUMMERSIDE	2002	9	26	269	9.1	19.6	12.4993270547195	-999.9	0	1.79398148148148	12.0168702271342	330
SUMMERSIDE	2002	9	27	270	12.4	18.7	9.56788330577078	-999.9	2.8	3.51851851851853	14.1906045114307	330
SUMMERSIDE	2002	9	28	271	6.9	16.9	11.9109656567589	-999.9	29.2	4.54861111111111	11.1037722720957	330
SUMMERSIDE	2002	9	29	272	3.9	12.6	10.9763123162672	-999.9	0	4.49074074074075	6.58707313392228	330
SUMMERSIDE	2002	9	30	273	3.4	14.1	12.0250758047563	-999.9	0	3.63425925925925	7.47273065460206	330
SUMMERSIDE	2002	10	1	274	13.9	20.7	9.468900744473	-999.9	13.9	5.96064814814814	16.2172680987112	330
SUMMERSIDE	2002	10	2	275	14.6	25.7	11.9483165178862	-999.9	6.4	3.92361111111111	18.787915648115	330
SUMMERSIDE	2002	10	3	276	4.8	14.6	11.0869036410389	-999.9	3.8	5.3125	7.9953137470777	330
SUMMERSIDE	2002	10	4	277	3.4	12	10.2553703192124	-999.9	0	3.03240740740742	6.56535946534422	330
SUMMERSIDE	2002	10	5	278	11.4	20.3	10.3004441337231	-999.9	1.3	8.71527777777778	14.4808389151504	330
SUMMERSIDE	2002	10	6	279	7.5	12.7	7.77278236662629	-999.9	0	4.07407407407408	6.30942415963903	330
SUMMERSIDE	2002	10	7	280	6.2	15.9	10.47926548503	-999.9	2.1	5.34722222222222	9.14357017304256	330
SUMMERSIDE	2002	10	8	281	2.2	12	10.3964641982522	-999.9	0	5.17361111111111	6.30985379275089	330
SUMMERSIDE	2002	10	9	282	1.4	8.6	8.79478764470196	-999.9	0	2.68518518518519	5.6104337289301	330
SUMMERSIDE	2002	10	10	283	3.4	10	8.30955560589846	-999.9	0	1.29227053140097	6.564353701851	330
SUMMERSIDE	2002	10	11	284	7.3	13.6	8.01095952137917	-999.9	0	1.8287037037037	10.187938427358	330
SUMMERSIDE	2002	10	12	285	7.3	14.8	8.62415568699492	-999.9	0	2.06018518518519	10.9346927462383	330
SUMMERSIDE	2002	10	13	286	5.9	15.3	9.52547119971493	-999.9	0	3.02083333333333	10.0475614405769	330
SUMMERSIDE	2002	10	14	287	2.9	13.4	9.93162648772743	-999.9	6.2	5.72916666666667	7.87554790383391	330
SUMMERSIDE	2002	10	15	288	1.5	9.4	8.49788513370872	-999.9	0	3.94675925925925	5.23837112246702	330
SUMMERSIDE	2002	10	16	289	2	10.9	8.89680700273351	-999.9	14.2	2.66908212560386	6.57181024416911	330
SUMMERSIDE	2002	10	17	290	7.6	14.6	7.78219806769035	-999.9	13.8	5.55555555555556	11.222156862924	330
SUMMERSIDE	2002	10	18	291	4.9	13	8.25627510030704	-999.9	0	3.09027777777778	9.37554640968782	330
SUMMERSIDE	2002	10	19	292	2.6	11	8.29174831999558	-999.9	5	5.56712962962964	7.33481388471786	330
SUMMERSIDE	2002	10	20	293	2.3	11	8.32165278715245	-999.9	0	5.24305555555556	7.91693049812012	330
SUMMERSIDE	2002	10	21	294	1.7	5.8	5.63334560156736	-999.9	0	5.33564814814814	4.85931325304757	330
SUMMERSIDE	2002	10	22	295	1.8	8.1	6.88577262862235	-999.9	0	5.37037037037036	5.5264779867275	330
SUMMERSIDE	2002	10	23	296	3.2	8.2	6.04868963091045	-999.9	1	4.62962962962964	7.1510818658519	330
SUMMERSIDE	2002	10	24	297	2.2	6.7	5.65802725040657	-999.9	1.3	4.40972222222222	6.30727801036502	330
SUMMERSIDE	2002	10	25	298	-0.2	5.9	6.495274124911	-999.9	0	2.15277777777778	2.68301905418466	330
SUMMERSIDE	2002	10	26	299	0.3	7	6.71178281912584	-999.9	0	2.15277777777778	6.10481728981996	330
SUMMERSIDE	2002	10	27	300	3.1	7.9	5.60126483141891	-999.9	14.7	4.82638888888889	7.67387354044519	330
SUMMERSIDE	2002	10	28	301	2.3	8	6.01821935127819	-999.9	6.8	6.79398148148147	6.20366182510322	330
SUMMERSIDE	2002	10	29	302	1.7	4.4	4.08395365675656	-999.9	0.7	9.34027777777778	4.89007081592754	330
SUMMERSIDE	2002	10	30	303	1.5	4.3	4.10065056481163	-999.9	0	5.38194444444445	5.16764585436271	330
SUMMERSIDE	2002	10	31	304	-2.5	4.6	6.43854270362486	-999.9	0	3.86574074074075	4.1479945017312	330
SUMMERSIDE	2002	11	1	305	-2.9	3.1	5.83622438702701	-999.9	0	2.43055555555556	4.31985093172904	330
SUMMERSIDE	2002	11	2	306	-3.8	3.8	6.47706048247306	-999.9	7.2	6.51620370370369	4.76170035833333	330
SUMMERSIDE	2002	11	3	307	-3.4	-0.9	3.66333366690645	-999.9	0	8.21759259259258	3.58458838825962	330
SUMMERSIDE	2002	11	4	308	-5.3	1.7	6.04526153582357	-999.9	0	2.95138888888889	3.70999054121982	330
SUMMERSIDE	2002	11	5	309	-1.6	3.2	4.93712873258129	-999.9	0	2.03703703703704	4.3681878775587	330
SUMMERSIDE	2002	11	6	310	-0.3	2.6	3.7850595728607	-999.9	0	3.71527777777778	4.64650322343133	330
SUMMERSIDE	2002	11	7	311	-5.7	3.5	6.65003181550885	-999.9	0	5.79861111111111	4.22215208101799	330
SUMMERSIDE	2002	11	8	312	-6.9	4.8	7.39808300782855	-999.9	0	6.63194444444445	2.83443524276277	330
SUMMERSIDE	2002	11	9	313	4	6.5	3.37394008830657	-999.9	0	2.98611111111111	3.26919481010025	330
SUMMERSIDE	2002	11	10	314	5.7	14.4	6.21036419401831	-999.9	0.7	4.95370370370369	9.26631422883489	330
SUMMERSIDE	2002	11	11	315	11.7	18	5.21520311549979	-999.9	0	7.98611111111111	13.6472965529825	330
SUMMERSIDE	2002	11	12	316	5.3	11.8	5.22828308659303	-999.9	0	3.75	8.78056150530128	330
SUMMERSIDE	2002	11	13	317	4.1	6	2.7902507713306	-999.9	38.6	6.01851851851853	7.09407172666075	330
SUMMERSIDE	2002	11	14	318	3	4.8	2.68122921177204	-999.9	16.9	6.63194444444445	6.32292169079508	330
SUMMERSIDE	2002	11	15	319	1	9.2	5.65077281028222	-999.9	0	4.56018518518519	6.89885263732827	330
SUMMERSIDE	2002	11	16	320	-3.7	2.9	5.00671536578845	-999.9	0	4.47916666666667	3.92728677029147	330
SUMMERSIDE	2002	11	17	321	-2.9	2.9	4.63614049488411	-999.9	41	6.80555555555556	4.50141719139356	330
SUMMERSIDE	2002	11	18	322	-1	11.8	6.80449320510358	-999.9	23.8	11.3541666666667	6.11012959419275	330
SUMMERSIDE	2002	11	19	323	-1.6	0.4	2.65794202603617	-999.9	0	4.87268518518519	3.95769032622162	330
SUMMERSIDE	2002	11	20	324	0.3	5.3	4.15385842875414	-999.9	0	3.56481481481481	5.6839607395131	330
SUMMERSIDE	2002	11	21	325	1	4.1	3.23359179648532	-999.9	0	1.78240740740741	6.18720257356665	330
SUMMERSIDE	2002	11	22	326	3.8	7.7	3.58658228024368	-999.9	15.2	2.5462962962963	8.29627400272002	330
SUMMERSIDE	2002	11	23	327	2.2	11.9	5.59487017226509	-999.9	12.5	4.82638888888889	8.44999724857006	330
SUMMERSIDE	2002	11	24	328	0.2	2.2	2.51357185861314	-999.9	0	12.8125	4.36726419310176	330
SUMMERSIDE	2002	11	25	329	-0.9	4.5	4.08758547045036	-999.9	0	6.33101851851853	4.66883024653959	330
SUMMERSIDE	2002	11	26	330	-3.2	1.9	3.93255828851593	-999.9	0	4.50231481481481	3.93599996330663	330
SUMMERSIDE	2002	11	27	331	-5.4	-2.1	3.13255375442974	-999.9	0	2.66203703703704	3.20653409310981	330
SUMMERSIDE	2002	11	28	332	-7.1	-4.2	2.90889650721269	-999.9	0	5.34722222222222	2.73235401896644	330
SUMMERSIDE	2002	11	29	333	-7.2	-1.7	3.96953232893244	-999.9	0	4.51388888888889	2.81379389185458	330
SUMMERSIDE	2002	11	30	334	-2.5	3.4	4.07528945431988	-999.9	1.2	4.18981481481481	5.22848596909975	330
SUMMERSIDE	2002	12	1	335	-3.4	3.6	4.40155645950099	-999.9	4.8	3.70370370370369	5.6967889775144	330
SUMMERSIDE	2002	12	2	336	-6.5	-3.3	2.95196975803345	-999.9	0	8.53009259259258	2.81420540388355	330
SUMMERSIDE	2002	12	3	337	-7.5	-3.6	3.23376250540853	-999.9	0	4.30555555555556	3.14760245486318	330
SUMMERSIDE	2002	12	4	338	-11	-7.2	3.16861898107106	-999.9	0	7.32638888888889	2.31432757164165	330
SUMMERSIDE	2002	12	5	339	-12.4	-5.8	4.14686790174163	-999.9	13.6	3.99305555555556	1.95346593833324	330
SUMMERSIDE	2002	12	6	340	-10.8	-2.8	4.5356005119675	-999.9	0	1.80555555555556	2.09859252529092	330
SUMMERSIDE	2002	12	7	341	-9.9	2.5	5.61199847257851	-999.9	1.8	6.07638888888889	3.14947110367344	330
SUMMERSIDE	2002	12	8	342	-11.3	3.6	6.11639681765517	-999.9	0	4.57175925925925	4.87136660219456	330
SUMMERSIDE	2002	12	9	343	-18	-7.3	5.15552068601321	-999.9	0	8.83101851851853	1.14776609166795	330
SUMMERSIDE	2002	12	10	344	-7.3	-1.9	3.64452670006806	-999.9	0.7	6.70138888888889	2.71880552570795	330
SUMMERSIDE	2002	12	11	345	-5.7	-0.8	3.45616406281719	-999.9	0	3.06878306878306	3.70827715065394	330
SUMMERSIDE	2002	12	12	346	-6.3	-0.9	3.61356948003185	-999.9	0	2.00231481481481	4.22427000872804	330
SUMMERSIDE	2002	12	13	347	-4.9	1.4	3.88907815014101	-999.9	0	1.63194444444444	4.89584250273359	330
SUMMERSIDE	2002	12	14	348	-2.7	4.8	4.22999416046413	-999.9	36.2	3.96990740740742	6.40197816288553	330
SUMMERSIDE	2002	12	15	349	-2.1	5	4.10458159347062	-999.9	0.8	5.53240740740742	6.73971710939019	330
SUMMERSIDE	2002	12	16	350	-3.5	-0.9	2.47831506645737	-999.9	0	6.36473429951692	4.74245178993182	330
SUMMERSIDE	2002	12	17	351	-5.9	-2.4	2.87035065433009	-999.9	0.6	8.20601851851853	3.71772978011683	330
SUMMERSIDE	2002	12	18	352	-5	-0.2	3.35702635885139	-999.9	0	7.40740740740742	3.19466736442401	330
SUMMERSIDE	2002	12	19	353	-3.6	3.4	4.05059964622288	-999.9	0	6.68981481481481	3.12778707069354	330
SUMMERSIDE	2002	12	20	354	-2.6	4.6	4.10654186939063	-999.9	3.9	2.55787037037037	5.52029912457904	330
SUMMERSIDE	2002	12	21	355	-0.3	9.8	4.86423130663459	-999.9	8.6	8.75	7.91564749097783	330
SUMMERSIDE	2002	12	22	356	-0.3	5	3.52564675681197	-999.9	0	5.05787037037036	5.80171680699954	330
SUMMERSIDE	2002	12	23	357	-3.3	3.2	3.90848431050305	-999.9	0	3.96990740740742	5.12327460118472	330
SUMMERSIDE	2002	12	24	358	-6.4	-0.8	3.63328484334543	-999.9	0	4.24768518518519	3.45158552245188	330
SUMMERSIDE	2002	12	25	359	-7.7	-1	3.98197562582472	-999.9	0	2.71990740740741	3.51812516650292	330
SUMMERSIDE	2002	12	26	360	-4.7	-0.5	3.16040294954552	-999.9	8.9	10.5324074074074	4.86383880483074	330
SUMMERSIDE	2002	12	27	361	-8.1	-4.2	3.05426095383991	-999.9	0	7.99768518518519	2.83358550678644	330
SUMMERSIDE	2002	12	28	362	-10.6	-2.4	4.44359499078928	-999.9	0	3.57638888888889	2.93767291734402	330
SUMMERSIDE	2002	12	29	363	-6.4	-0.4	3.81550971495218	-999.9	0	3.86574074074075	4.01918027925757	330
SUMMERSIDE	2002	12	30	364	-11.1	-6.4	3.39131945587267	-999.9	0	6.11111111111111	2.48211583559108	330
SUMMERSIDE	2002	12	31	365	-12.7	-0.8	5.42159435106092	-999.9	1	3.48379629629631	3.3184704880646	330
