SUMMERSIDE	2015	1	1	1	-11.1	-3	4.49591406167808	-999.9	0	5.35879629629631	2.33770027753525	330
SUMMERSIDE	2015	1	2	2	-13	0	5.72735793150032	-999.9	0	7.04861111111111	2.19144732097689	330
SUMMERSIDE	2015	1	3	3	-15.5	-10.7	3.50100255449279	-999.9	0	6.29629629629631	1.33012519326649	330
SUMMERSIDE	2015	1	4	4	-10.9	2.9	5.97419097925542	-999.9	10.2	4.87268518518519	3.84825743555987	330
SUMMERSIDE	2015	1	5	5	-15.7	2.3	6.86939577859068	-999.9	1.9	9.27083333333333	2.74564165256712	330
SUMMERSIDE	2015	1	6	6	-19.8	-15.7	3.3020840460411	-999.9	0	8.35648148148147	0.872103953108285	330
SUMMERSIDE	2015	1	7	7	-19.6	-10.3	5.010935197459	-999.9	0	1.42361111111111	1.46855022444277	330
SUMMERSIDE	2015	1	8	8	-21.6	-13.6	4.68453513875679	-999.9	0	6.35416666666667	1.0384394220572	330
SUMMERSIDE	2015	1	9	9	-17	0.3	6.94620431569225	-999.9	2.4	7.44212962962964	2.66550612684109	330
SUMMERSIDE	2015	1	10	10	-17.3	-9.5	4.70467019998902	-999.9	0	5.50925925925925	1.62399330573632	330
SUMMERSIDE	2015	1	11	11	-18.2	-6.6	5.78919413132523	-999.9	0	4.60648148148147	1.65706438168177	330
SUMMERSIDE	2015	1	12	12	-6.6	-3.5	3.02080307985362	-999.9	5	2.82407407407408	3.62238422985352	330
SUMMERSIDE	2015	1	13	13	-22.7	-4.4	7.41071385900145	-999.9	0.2	5.90277777777778	1.62291109114123	330
SUMMERSIDE	2015	1	14	14	-20.6	-8.6	6.06113171893765	-999.9	0	3.86574074074075	1.58723796074456	330
SUMMERSIDE	2015	1	15	15	-16.5	-4	6.249963652198	-999.9	0	1.85185185185185	2.45160503804341	330
SUMMERSIDE	2015	1	16	16	-16.5	0.4	7.3443112596056	-999.9	3.5	5.83333333333333	2.8773528089505	330
SUMMERSIDE	2015	1	17	17	-22.6	-13.5	5.44796774684704	-999.9	0.2	6.72453703703703	0.907084867824862	330
SUMMERSIDE	2015	1	18	18	-23.5	4.3	9.62849041823418	-999.9	0	7.08333333333333	2.33976265942675	330
SUMMERSIDE	2015	1	19	19	1.3	7.6	4.6359515401192	-999.9	12.8	9.50231481481481	7.14856173902026	330
SUMMERSIDE	2015	1	20	20	-11.8	1.5	6.81448501447828	-999.9	0.2	8.84259259259258	2.95181321989129	330
SUMMERSIDE	2015	1	21	21	-12.9	-7.5	4.39383226127089	-999.9	0	5.30092592592592	1.86452929394575	330
SUMMERSIDE	2015	1	22	22	-13.2	-4.1	5.77301129488401	-999.9	0	3.4375	2.67686357471431	330
SUMMERSIDE	2015	1	23	23	-9.5	-3.9	4.58460145618901	-999.9	0	5	2.616963924073	330
SUMMERSIDE	2015	1	24	24	-4	2.2	4.88444316937863	-999.9	23.9	5.50925925925925	4.55028617753036	330
SUMMERSIDE	2015	1	25	25	-12.1	0.6	7.07967902971205	-999.9	0.8	9.71064814814814	3.18887444830446	330
SUMMERSIDE	2015	1	26	26	-14.7	-11.1	3.81796040583863	-999.9	0	5.87962962962964	1.53534730551534	330
SUMMERSIDE	2015	1	27	27	-11.1	-4.2	5.35481314938293	-999.9	7.8	14.525462962963	2.86185930232352	330
SUMMERSIDE	2015	1	28	28	-8.6	-3	4.88787145084783	-999.9	0.7	7.07175925925925	3.53765759108776	330
SUMMERSIDE	2015	1	29	29	-19.1	-4.9	7.88746790190695	-999.9	0	0.995370370370369	2.01286710812665	330
SUMMERSIDE	2015	1	30	30	-19.3	-5.5	7.88057140281822	-999.9	0	0.462962962962964	2.08172425010559	330
SUMMERSIDE	2015	1	31	31	-6.8	-2	4.71103178583736	-999.9	12.7	9.89583333333333	4.02968457391568	330
SUMMERSIDE	2015	2	1	32	-20.1	-6.8	7.94962320919065	-999.9	0	7.11805555555556	1.59181588066335	330
SUMMERSIDE	2015	2	2	33	-22.1	-9.5	7.84467562521606	-999.9	7.2	6.06481481481481	1.26054257875831	330
SUMMERSIDE	2015	2	3	34	-21.5	-8.4	8.11024105456644	-999.9	6	10.6481481481481	1.46294507091436	330
SUMMERSIDE	2015	2	4	35	-22.2	-3	9.95617089010941	-999.9	0	4.30555555555556	1.82923151966431	330
SUMMERSIDE	2015	2	5	36	-12.4	0.5	8.27582545581888	-999.9	4.3	8.06818181818181	3.47783782484481	330
SUMMERSIDE	2015	2	6	37	-20.3	-12.1	6.69152751793462	-999.9	1.2	6.59722222222222	1.34396134839468	330
SUMMERSIDE	2015	2	7	38	-24.2	-10.7	8.70783812893771	-999.9	0.2	3.27546296296297	1.24030090954154	330
SUMMERSIDE	2015	2	8	39	-21.4	-14.3	6.40497174421128	-999.9	0	3.76157407407408	1.18904476541765	330
SUMMERSIDE	2015	2	9	40	-28	-16.7	8.19572964711154	-999.9	0.2	4.52546296296297	0.790134563015787	330
SUMMERSIDE	2015	2	10	41	-25.8	-11	9.51375182713861	-999.9	0	2.67361111111111	1.19872011661413	330
SUMMERSIDE	2015	2	11	42	-21.6	-13.5	7.13912123282337	-999.9	0	6.79398148148147	1.26469158663949	330
SUMMERSIDE	2015	2	12	43	-14.6	-8.8	6.12777617058596	-999.9	0	5.61342592592592	2.16769037158539	330
SUMMERSIDE	2015	2	13	44	-18.6	-9.7	7.69967955056448	-999.9	0	5.05787037037036	1.57520600321272	330
SUMMERSIDE	2015	2	14	45	-21.8	-13.5	7.5423102211174	-999.9	0	3.86574074074075	1.03034904997769	330
SUMMERSIDE	2015	2	15	46	-21.9	-10.6	8.92664288681361	-999.9	25	14.0856481481481	1.47513877036343	330
SUMMERSIDE	2015	2	16	47	-13.6	-11.2	4.17283396713282	-999.9	0	13.6921296296296	1.87582855632435	330
SUMMERSIDE	2015	2	17	48	-22.1	-7.5	10.4392323657338	-999.9	0	4.69907407407408	1.29758554031258	330
SUMMERSIDE	2015	2	18	49	-23.5	-9.3	10.4421596517206	-999.9	0	1.97916666666667	1.44220402981904	330
SUMMERSIDE	2015	2	19	50	-16.3	-1.6	10.7756523595251	-999.9	6.7	4.46759259259258	2.76133441542666	330
SUMMERSIDE	2015	2	20	51	-11.5	-1.6	8.96857485592206	-999.9	0	10.8449074074074	2.94490513083978	330
SUMMERSIDE	2015	2	21	52	-14.9	-3.4	9.80291961672899	-999.9	0	7.87037037037036	1.97015264754542	330
SUMMERSIDE	2015	2	22	53	-6.3	1.3	8.08148923818266	-999.9	1.8	5.21990740740742	4.39770555746144	330
SUMMERSIDE	2015	2	23	54	-21.7	-3.3	12.7510733858321	-999.9	0.2	5.57870370370369	1.83817080982268	330
SUMMERSIDE	2015	2	24	55	-23.1	-12.8	9.67347845221174	-999.9	0	6.63194444444445	0.928511652024747	330
SUMMERSIDE	2015	2	25	56	-14.1	1.4	12.0317016075897	-999.9	4.8	7.80092592592592	3.07608720801337	330
SUMMERSIDE	2015	2	26	57	-15.1	-8.5	7.95974703520002	-999.9	0	5.90277777777778	1.67667000413992	330
SUMMERSIDE	2015	2	27	58	-18.5	-10.7	8.77218436608404	-999.9	0	4.76851851851853	1.25952876759813	330
SUMMERSIDE	2015	2	28	59	-22.3	-5.8	12.9330460605905	-999.9	0.2	4.71064814814814	1.41744229202244	330
SUMMERSIDE	2015	3	1	60	-18.3	-3.7	12.3309691812339	-999.9	0	4.23611111111111	1.8981648848527	330
SUMMERSIDE	2015	3	2	61	-8.8	-1.6	8.77628773315921	-999.9	1.8	6.12268518518519	3.44725890167516	330
SUMMERSIDE	2015	3	3	62	-15.4	-7.9	9.07735632573434	-999.9	0.2	9.02777777777778	1.47340113662833	330
SUMMERSIDE	2015	3	4	63	-10.1	2.3	11.8272174821971	-999.9	1.1	6.97916666666667	3.44580644328792	330
SUMMERSIDE	2015	3	5	64	-15.6	-1.4	12.8237880529265	-999.9	0.2	6.57407407407408	1.85986081854899	330
SUMMERSIDE	2015	3	6	65	-18.5	-9.2	10.5140526166797	-999.9	0.2	4.49074074074075	1.30146489158677	330
SUMMERSIDE	2015	3	7	66	-15.6	-1.5	13.1144344587017	-999.9	0	5.12731481481481	2.24017961128355	330
SUMMERSIDE	2015	3	8	67	-12.6	-2.4	11.2980908722135	-999.9	0	3.14814814814814	2.51440578472086	330
SUMMERSIDE	2015	3	9	68	-19.6	-2	15.0306850502672	-999.9	0.7	2.88194444444444	2.12666908179898	330
SUMMERSIDE	2015	3	10	69	-15.8	0.2	14.5128038143277	-999.9	0.2	3.90046296296297	2.68025981733134	330
SUMMERSIDE	2015	3	11	70	-4.2	7.9	12.7791902216863	-999.9	0	8.84259259259258	4.75082233643466	330
SUMMERSIDE	2015	3	12	71	-10.3	-3.4	9.77021209087201	-999.9	0	7.54629629629631	2.27169721394146	330
SUMMERSIDE	2015	3	13	72	-16.1	-7.6	10.9775721372371	-999.9	0.2	6.68981481481481	1.37678043302706	330
SUMMERSIDE	2015	3	14	73	-17.4	-3.8	14.0550193222061	-999.9	0	2.8125	1.47021966937343	330
SUMMERSIDE	2015	3	15	74	-7.3	-5.3	5.45492944326303	-999.9	11.7	12.2337962962963	3.09334265692721	330
SUMMERSIDE	2015	3	16	75	-10.4	-6.2	7.9993960909354	-999.9	3.1	12.1180555555556	2.80964071321144	330
SUMMERSIDE	2015	3	17	76	-13.7	-2.4	13.2762613690001	-999.9	0	2.93981481481481	2.32219624668201	330
SUMMERSIDE	2015	3	18	77	-7.6	-1.7	9.70535826839403	-999.9	3	9.30555555555556	3.80951767986595	330
SUMMERSIDE	2015	3	19	78	-7.8	-1.3	10.3047068856638	-999.9	0.2	9.57175925925925	3.03432843907368	330
SUMMERSIDE	2015	3	20	79	-10.4	0.3	13.3723621314364	-999.9	0	4.64120370370369	2.60293180152918	330
SUMMERSIDE	2015	3	21	80	-8.8	1.7	13.3965064859644	-999.9	1.6	4.25925925925925	3.5143416228601	330
SUMMERSIDE	2015	3	22	81	-12.7	0	14.8978086163768	-999.9	9.4	9.40972222222222	3.32357024279939	330
SUMMERSIDE	2015	3	23	82	-13.4	-3.9	13.0271227750159	-999.9	0.2	9.88425925925925	2.23603088284667	330
SUMMERSIDE	2015	3	24	83	-13.5	-1.7	14.6769586748315	-999.9	0	2.41898148148148	2.73802074744092	330
SUMMERSIDE	2015	3	25	84	-14.8	1	17.1661871583956	-999.9	0	3.62268518518519	2.68542701567407	330
SUMMERSIDE	2015	3	26	85	-3.3	3.9	11.7112529326102	-999.9	3.7	7.51157407407408	5.32646044691499	330
SUMMERSIDE	2015	3	27	86	0.1	4.8	9.56134926554528	-999.9	0.9	1.88657407407407	6.36657258145566	330
SUMMERSIDE	2015	3	28	87	-4.4	0.6	9.96390336732051	-999.9	0.2	5.9375	4.16559809586994	330
SUMMERSIDE	2015	3	29	88	-5.2	3.4	13.2010630147733	-999.9	0	4.29398148148147	3.50132546923652	330
SUMMERSIDE	2015	3	30	89	-6	2.9	13.5647133886545	-999.9	0	5.97222222222222	3.93340251857985	330
SUMMERSIDE	2015	3	31	90	-0.8	4.2	10.268268114175	-999.9	0.8	4.60648148148147	5.85412887129421	330
SUMMERSIDE	2015	4	1	91	-6.9	0.6	12.6993048509324	-999.9	0.2	4.60648148148147	2.86322435253842	330
SUMMERSIDE	2015	4	2	92	-7.5	1.5	14.0458542736942	-999.9	1.3	5.74074074074075	2.65600475577812	330
SUMMERSIDE	2015	4	3	93	-0.9	5.8	12.2343897503839	-999.9	1.1	5.12731481481481	6.48288496515533	330
SUMMERSIDE	2015	4	4	94	-5	3.5	13.9095403028816	-999.9	7.4	7.03703703703703	5.3194967367864	330
SUMMERSIDE	2015	4	5	95	-9.9	-0.9	14.4451937198035	-999.9	0.3	7.17592592592592	2.64536607353877	330
SUMMERSIDE	2015	4	6	96	-14	-1.5	17.1789392050285	-999.9	0.2	4.71064814814814	1.86137065953882	330
SUMMERSIDE	2015	4	7	97	-9	1.9	16.1858036511244	-999.9	0	2.68518518518519	3.92813965992677	330
SUMMERSIDE	2015	4	8	98	-6.5	-2.3	10.1359829330148	-999.9	0	3.94675925925925	3.15061497850603	330
SUMMERSIDE	2015	4	9	99	-6.3	1.3	13.7533607082351	-999.9	0	3.31018518518519	3.35894451581517	330
SUMMERSIDE	2015	4	10	100	-5.6	4.9	16.3041514946255	-999.9	19.7	7.10648148148147	4.91325577449011	330
SUMMERSIDE	2015	4	11	101	1.6	7.3	12.1138813075327	-999.9	0	7.58101851851853	6.59867237448024	330
SUMMERSIDE	2015	4	12	102	-3.2	7	16.3391422874985	-999.9	0.2	4.0625	4.91504829374351	330
SUMMERSIDE	2015	4	13	103	-4.7	9.2	19.2291880038027	-999.9	0	4.88425925925925	5.22943619464959	330
SUMMERSIDE	2015	4	14	104	2.7	8.6	12.6283084242511	-999.9	2.6	7.58101851851853	7.36952327332969	330
SUMMERSIDE	2015	4	15	105	-5.1	5.6	17.1402880428294	-999.9	0	4.75694444444445	4.33068938201087	330
SUMMERSIDE	2015	4	16	106	-3.5	2.4	12.8262851998449	-999.9	0	5.38194444444445	4.22521246419861	330
SUMMERSIDE	2015	4	17	107	1.3	7.5	13.2483316585058	-999.9	1.1	6.86342592592592	6.64012547138154	330
SUMMERSIDE	2015	4	18	108	-3.4	3.5	14.080638780611	-999.9	0	5.27777777777778	4.86852609479301	330
SUMMERSIDE	2015	4	19	109	-3.1	4	14.3880410937019	-999.9	0	2.68518518518519	4.63515659741297	330
SUMMERSIDE	2015	4	20	110	-3.5	7.5	18.0378994064163	-999.9	0	3.37962962962964	5.2220434218501	330
SUMMERSIDE	2015	4	21	111	1.7	5.7	10.9541682111127	-999.9	17.2	9.54861111111111	6.43804967463547	330
SUMMERSIDE	2015	4	22	112	1.6	5.8	11.3025582076356	-999.9	6.3	4.67592592592592	7.47773471525983	330
SUMMERSIDE	2015	4	23	113	0.8	6.8	13.6010856968742	-999.9	6.8	4.25925925925925	7.26547872434253	330
SUMMERSIDE	2015	4	24	114	0.8	5.8	12.4989115275161	-999.9	0	3.26388888888889	7.13674552012783	330
SUMMERSIDE	2015	4	25	115	-1	6.7	15.6122480237653	-999.9	0	1.93287037037037	6.98151789099459	330
SUMMERSIDE	2015	4	26	116	-1.1	4	12.7873914313582	-999.9	3.4	3.14814814814814	6.50603558593564	330
SUMMERSIDE	2015	4	27	117	0.9	3	8.25709867797999	-999.9	5.1	7.06018518518519	6.70772658994432	330
SUMMERSIDE	2015	4	28	118	-0.3	1.9	8.50343801737408	-999.9	11.7	8.65740740740742	6.22981633406169	330
SUMMERSIDE	2015	4	29	119	-0.6	2.8	10.6348836423361	-999.9	4.4	7.71990740740742	6.45735859682053	330
SUMMERSIDE	2015	4	30	120	0.4	2.6	8.60517399720413	-999.9	0.4	7.67361111111111	6.55163198075605	330
SUMMERSIDE	2015	5	1	121	0.3	3.8	10.9164792762891	-999.9	0	3.88888888888889	6.68738652386211	330
SUMMERSIDE	2015	5	2	122	1	10	17.6041709185182	-999.9	0	2.36111111111111	7.50984373762047	330
SUMMERSIDE	2015	5	3	123	1.8	10.4	17.3035438083232	-999.9	0	3.20601851851853	8.39986409774327	330
SUMMERSIDE	2015	5	4	124	3.1	17.8	22.7447954336784	-999.9	0	6.82870370370369	11.5264996805875	330
SUMMERSIDE	2015	5	5	125	4.9	17.1	20.8298965317523	-999.9	0.7	6.88657407407408	10.2527395545752	330
SUMMERSIDE	2015	5	6	126	2.3	14.1	20.5910544904813	-999.9	0	5.72916666666667	6.0556639283668	330
SUMMERSIDE	2015	5	7	127	2.4	13.4	19.9807199753472	-999.9	0	6.11111111111111	6.34343841259535	330
SUMMERSIDE	2015	5	8	128	0.3	7.1	15.7867791400341	-999.9	0	4.69907407407408	4.73856451207641	330
SUMMERSIDE	2015	5	9	129	2.4	14.2	20.8954487822723	-999.9	0.2	5.92592592592592	7.54444329038247	330
SUMMERSIDE	2015	5	10	130	5.9	16.9	20.2687168321829	-999.9	2.9	3.53009259259258	12.299183976325	330
SUMMERSIDE	2015	5	11	131	5.9	10.9	13.7272002505422	-999.9	0.2	4.4973544973545	8.05106771525498	330
SUMMERSIDE	2015	5	12	132	5.5	13.5	17.4404265388537	-999.9	6	6.13425925925925	10.9138674959987	330
SUMMERSIDE	2015	5	13	133	3.7	10.4	16.0292418534864	-999.9	1.9	5.97222222222222	8.60588085847428	330
SUMMERSIDE	2015	5	14	134	3.5	17.2	23.0169568406826	-999.9	0	4.6875	7.909351083997	330
SUMMERSIDE	2015	5	15	135	5	22.5	26.1196579052543	-999.9	0	4.60648148148147	9.44602385344898	330
SUMMERSIDE	2015	5	16	136	7.6	24	25.3851803974926	-999.9	0	4.31712962962964	9.5072375705479	330
SUMMERSIDE	2015	5	17	137	5.4	14.5	18.9818330041008	-999.9	0	4.16666666666667	7.68003762415854	330
SUMMERSIDE	2015	5	18	138	3.8	19	24.6233896932644	-999.9	0	3.35648148148147	8.4588610566197	330
SUMMERSIDE	2015	5	19	139	7.7	18.4	20.7336712304737	-999.9	5.5	7.29166666666667	11.2005516730373	330
SUMMERSIDE	2015	5	20	140	7.9	17.6	19.809720557971	-999.9	0	7.82407407407408	11.8857070640394	330
SUMMERSIDE	2015	5	21	141	7.3	20.2	22.9216348585872	-999.9	0	5.99537037037036	9.00375718805339	330
SUMMERSIDE	2015	5	22	142	6.5	13	16.323600213626	-999.9	1.5	5.01157407407408	9.49374351191378	330
SUMMERSIDE	2015	5	23	143	4.3	13.8	19.796120259334	-999.9	0	6.66666666666667	6.61022646990263	330
SUMMERSIDE	2015	5	24	144	6.9	22	25.0332028686304	-999.9	0	7.07175925925925	9.8430188842319	330
SUMMERSIDE	2015	5	25	145	7.5	25.2	27.1816035735307	-999.9	0	6.42361111111111	12.0710179344217	330
SUMMERSIDE	2015	5	26	146	12.1	16.3	13.2777529436176	-999.9	13.3	8.96135265700483	14.1806610371626	330
SUMMERSIDE	2015	5	27	147	12.3	25.3	23.422555514472	-999.9	0	8.33333333333333	17.9299954156583	330
SUMMERSIDE	2015	5	28	148	13.4	19.6	16.2170714680562	-999.9	0.3	8.98148148148147	16.6005757077883	330
SUMMERSIDE	2015	5	29	149	11.5	17.4	15.8587170524258	-999.9	0	4.73379629629631	12.4263796299882	330
SUMMERSIDE	2015	5	30	150	12.2	22	20.4867071889694	-999.9	0	8.95833333333333	15.0262320213424	330
SUMMERSIDE	2015	5	31	151	6.9	15.9	19.6765617155868	-999.9	1.9	6.60879629629631	10.9457662072659	330
SUMMERSIDE	2015	6	1	152	6.5	12.8	16.4975311413188	-999.9	0	4.12037037037036	8.57431946553734	330
SUMMERSIDE	2015	6	2	153	5.8	10.6	14.4291929725239	-999.9	1.2	4.09722222222222	7.79820283487657	330
SUMMERSIDE	2015	6	3	154	5.5	8.3	11.0414298002186	-999.9	4.9	8.22916666666667	9.10890296405094	330
SUMMERSIDE	2015	6	4	155	3.5	15.4	22.803258369336	-999.9	0	3.32175925925925	8.77282202910049	330
SUMMERSIDE	2015	6	5	156	8.4	20.1	22.6488337531154	-999.9	0	5.84490740740742	12.5393931098176	330
SUMMERSIDE	2015	6	6	157	5.3	14.1	19.6732538428592	-999.9	2.6	5.3125	10.9658648243925	330
SUMMERSIDE	2015	6	7	158	5.1	14.3	20.1448146947604	-999.9	0	4.81481481481481	8.16649804644837	330
SUMMERSIDE	2015	6	8	159	7.6	20.7	24.0708907769411	-999.9	1	5.72916666666667	10.5344662261989	330
SUMMERSIDE	2015	6	9	160	12.8	20.4	18.3570628375747	-999.9	3.4	6.90972222222222	15.7897799918	330
SUMMERSIDE	2015	6	10	161	13.7	23	20.3296812220343	-999.9	4	7.74305555555556	18.248036761678	330
SUMMERSIDE	2015	6	11	162	12.6	24.6	23.1166714006524	-999.9	0.6	6.23842592592592	17.6532856511916	330
SUMMERSIDE	2015	6	12	163	14	25.8	22.9442685325529	-999.9	0	5.18518518518519	18.2477918776789	330
SUMMERSIDE	2015	6	13	164	12	24.7	23.82246118098	-999.9	7.9	4.18981481481481	17.539718983447	330
SUMMERSIDE	2015	6	14	165	6.5	14.7	19.1556248630359	-999.9	0	6.59722222222222	9.36845537194823	330
SUMMERSIDE	2015	6	15	166	7.2	20.7	24.5931432419688	-999.9	0	3.28703703703703	10.5993558914767	330
SUMMERSIDE	2015	6	16	167	11.9	17	15.1231819290524	-999.9	6.9	6.63194444444445	13.6628009494812	330
SUMMERSIDE	2015	6	17	168	11.9	21.4	20.6482877051088	-999.9	0.5	5.42824074074075	13.1943273459309	330
SUMMERSIDE	2015	6	18	169	10.8	23.7	24.0676951754807	-999.9	0	5.18518518518519	12.8383263501768	330
SUMMERSIDE	2015	6	19	170	5.7	16	21.5094326062257	-999.9	8.5	5.02314814814814	11.2103830073899	330
SUMMERSIDE	2015	6	20	171	5.2	20.2	25.9585231948112	-999.9	0	3.22916666666667	10.5547682649937	330
SUMMERSIDE	2015	6	21	172	10.8	16.7	16.2793741630957	-999.9	23.9	4.73379629629631	13.3670148869561	330
SUMMERSIDE	2015	6	22	173	10.9	12.9	9.47670582106719	-999.9	19.9	7.25694444444445	13.3711567413058	330
SUMMERSIDE	2015	6	23	174	10.5	17.8	18.1003886947501	-999.9	9	4.67592592592592	14.4840442389796	330
SUMMERSIDE	2015	6	24	175	11.8	22.5	21.9056328518848	-999.9	2.4	5.37037037037036	18.6434866095746	330
SUMMERSIDE	2015	6	25	176	12.5	19.4	17.5824456149213	-999.9	0	4.34027777777778	15.0376610925552	330
SUMMERSIDE	2015	6	26	177	8.9	14.7	16.1106451013308	-999.9	0	4.16666666666667	11.8298025690491	330
SUMMERSIDE	2015	6	27	178	5.7	18.9	24.2875363369356	-999.9	0	2.80092592592592	11.3583394308765	330
SUMMERSIDE	2015	6	28	179	11.6	20.2	19.5882952599802	-999.9	6.4	4.51388888888889	15.3651072622655	330
SUMMERSIDE	2015	6	29	180	12.1	18.5	16.88269045989	-999.9	0.5	5.67129629629631	16.5528339943093	330
SUMMERSIDE	2015	6	30	181	12.2	21.8	20.6559348766321	-999.9	0	4.42129629629631	17.6711689573465	330
SUMMERSIDE	2015	7	1	182	12.7	24.6	22.971723128437	-999.9	0	4.13194444444444	18.8106398119239	330
SUMMERSIDE	2015	7	2	183	14.3	22.4	18.9289579524344	-999.9	0	7.44212962962964	18.9209386509976	330
SUMMERSIDE	2015	7	3	184	13.9	25	22.1290618669445	-999.9	0	4.94212962962964	17.6675433314383	330
SUMMERSIDE	2015	7	4	185	13.4	27.5	24.9047136972115	-999.9	0	3.68055555555556	16.344546234753	330
SUMMERSIDE	2015	7	5	186	16	25.9	20.8359446289591	-999.9	0	2.92824074074075	18.0208574365709	330
SUMMERSIDE	2015	7	6	187	13.2	23.4	21.1140888015027	-999.9	0	2.24537037037037	16.7701538053796	330
SUMMERSIDE	2015	7	7	188	15.6	26.9	22.1840654822054	-999.9	0	5.15046296296297	19.6169348406038	330
SUMMERSIDE	2015	7	8	189	15.6	25.3	20.5149457615601	-999.9	0	6.84027777777778	20.2490767241662	330
SUMMERSIDE	2015	7	9	190	13.7	22.3	19.2783196566151	-999.9	0	2.90509259259258	14.5316038470661	330
SUMMERSIDE	2015	7	10	191	12.1	24.4	23.0070390119229	-999.9	0	2.53472222222222	15.6879245723986	330
SUMMERSIDE	2015	7	11	192	11.4	24	23.2345549075342	-999.9	0	2.43055555555556	16.0220156680391	330
SUMMERSIDE	2015	7	12	193	15.8	27.1	21.9523902916198	-999.9	4.3	4.66435185185186	19.7300264637212	330
SUMMERSIDE	2015	7	13	194	16.1	22.5	16.4808113400515	-999.9	0	3.53009259259258	16.4656279883164	330
SUMMERSIDE	2015	7	14	195	14.3	28.3	24.3136980578751	-999.9	0	5.03472222222222	17.3701546211505	330
SUMMERSIDE	2015	7	15	196	13.1	25.5	22.8217280184434	-999.9	7	5.72916666666667	18.5542713565728	330
SUMMERSIDE	2015	7	16	197	11.5	21.1	20.0251668618294	-999.9	0	3.49537037037036	13.8474017205359	330
SUMMERSIDE	2015	7	17	198	10.9	20.9	20.3795884432745	-999.9	0	2.78935185185186	13.0599632804697	330
SUMMERSIDE	2015	7	18	199	14.4	21.9	17.5967648259221	-999.9	2.4	3.77314814814814	15.5023223883101	330
SUMMERSIDE	2015	7	19	200	14.5	17.9	11.8113683592145	-999.9	11.2	4.17824074074075	16.9257525619662	330
SUMMERSIDE	2015	7	20	201	15.9	19.1	11.4220991490052	-999.9	5.8	2.69675925925926	19.1259053749048	330
SUMMERSIDE	2015	7	21	202	16	21.4	14.7886819910057	-999.9	0.2	3.14393939393939	19.7923854345475	330
SUMMERSIDE	2015	7	22	203	16	20.4	13.3036832797641	-999.9	0	4.10879629629631	19.6992286186478	330
SUMMERSIDE	2015	7	23	204	15.2	20	13.8461903207326	-999.9	0	3.50694444444444	18.9691537760914	330
SUMMERSIDE	2015	7	24	205	13.2	17.2	12.5937414572341	-999.9	0	5.27777777777778	15.1605490681976	330
SUMMERSIDE	2015	7	25	206	11.8	18.8	16.5973862221943	-999.9	0.2	2.63888888888889	15.512827289043	330
SUMMERSIDE	2015	7	26	207	14.9	21	15.4337734266778	-999.9	5.4	4.47916666666667	19.5136213276111	330
SUMMERSIDE	2015	7	27	208	15.8	21.7	15.1182026429772	-999.9	5.2	5.20833333333333	20.9803642559931	330
SUMMERSIDE	2015	7	28	209	16.8	24.2	16.861927037541	-999.9	0	5.49768518518519	23.568432101471	330
SUMMERSIDE	2015	7	29	210	16.1	22.3	15.3693115778777	-999.9	0	4.00462962962964	21.7713105529753	330
SUMMERSIDE	2015	7	30	211	14.8	24.4	19.0419420750803	-999.9	0	2.60416666666667	21.6137600468408	330
SUMMERSIDE	2015	7	31	212	18.3	26.9	17.9428538017771	-999.9	3.3	5.63657407407408	26.6672294207211	330
SUMMERSIDE	2015	8	1	213	16.2	27.3	20.2917662990091	-999.9	0	3.87731481481481	24.0291090259223	330
SUMMERSIDE	2015	8	2	214	16.4	26.8	19.5497082191534	-999.9	0	4.43287037037036	21.8589101749125	330
SUMMERSIDE	2015	8	3	215	16.6	27.7	20.1001500384645	-999.9	0	5.52083333333333	20.8714132729966	330
SUMMERSIDE	2015	8	4	216	19.1	28.6	18.5038684967146	-999.9	10.2	5.55555555555556	25.2417350707739	330
SUMMERSIDE	2015	8	5	217	17.4	26.5	18.0190891662527	-999.9	0	5.15046296296297	22.5101127411855	330
SUMMERSIDE	2015	8	6	218	15.7	25	18.1222980384152	-999.9	0	4.14351851851853	19.8337125190099	330
SUMMERSIDE	2015	8	7	219	14	22.1	16.8237174861977	-999.9	0	3.61111111111111	17.7685956017597	330
SUMMERSIDE	2015	8	8	220	13.6	22	17.0401936679231	-999.9	0	5.13888888888889	17.4022481425216	330
SUMMERSIDE	2015	8	9	221	16.7	19.5	9.78400894562891	-999.9	0	5.9375	18.307301189686	330
SUMMERSIDE	2015	8	10	222	15.7	22.9	15.6010663244506	-999.9	0	5.37037037037036	18.7134952904757	330
SUMMERSIDE	2015	8	11	223	14.6	26.3	19.7732561531303	-999.9	0	5.50925925925925	19.4822955427828	330
SUMMERSIDE	2015	8	12	224	17.7	23.4	13.7203971273232	-999.9	14.5	6.44675925925925	22.5366256092471	330
SUMMERSIDE	2015	8	13	225	17.8	26	16.3578675218071	-999.9	0	5.08101851851853	23.9014035228289	330
SUMMERSIDE	2015	8	14	226	15.8	25.9	18.0433517499429	-999.9	0	4.87268518518519	21.1781338742201	330
SUMMERSIDE	2015	8	15	227	16.8	26.9	17.9308135424966	-999.9	0	4.42129629629631	22.1313363806139	330
SUMMERSIDE	2015	8	16	228	17.8	29.8	19.4204133592249	-999.9	0	4.00462962962964	24.7697026857404	330
SUMMERSIDE	2015	8	17	229	19.1	29.2	17.7011948908929	-999.9	0	5.625	24.4874525411085	330
SUMMERSIDE	2015	8	18	230	19.5	31.1	18.8447424627564	-999.9	0	3.99305555555556	26.3658152914588	330
SUMMERSIDE	2015	8	19	231	18.8	30	18.3922372267166	-999.9	0	2.32638888888889	25.2941788865471	330
SUMMERSIDE	2015	8	20	232	19	29.1	17.3458406886489	-999.9	0	4.38657407407408	24.491717393023	330
SUMMERSIDE	2015	8	21	233	21.9	28.9	14.3396103307149	-999.9	1.3	5.98379629629631	26.7266116633234	330
SUMMERSIDE	2015	8	22	234	21.5	28.6	14.3388883200852	-999.9	0.6	3.87731481481481	27.8539068854771	330
SUMMERSIDE	2015	8	23	235	19.5	25.8	13.4090697553316	-999.9	0	3.78472222222222	24.2393820884225	330
SUMMERSIDE	2015	8	24	236	20.3	23.7	9.77808418067689	-999.9	2.1	3.81944444444444	24.5011792244354	330
SUMMERSIDE	2015	8	25	237	19.7	25.6	12.7840928437096	-999.9	0	4.07407407407408	25.1858722461609	330
SUMMERSIDE	2015	8	26	238	17.9	25.5	14.3987157526143	-999.9	7.9	5.79861111111111	23.0356062067912	330
SUMMERSIDE	2015	8	27	239	16.4	23.6	13.9059134629477	-999.9	54.2	4.81481481481481	21.638225987905	330
SUMMERSIDE	2015	8	28	240	14.7	24.3	15.9304585657567	-999.9	0	3.94675925925925	18.8908997940017	330
SUMMERSIDE	2015	8	29	241	15.2	24.8	15.8026733651882	-999.9	0	3.77314814814814	18.9579032389511	330
SUMMERSIDE	2015	8	30	242	17.9	25.6	14.0373565607598	-999.9	0	4.07407407407408	18.882355796632	330
SUMMERSIDE	2015	8	31	243	16.7	26	15.2992115300537	-999.9	15.1	5.45138888888889	18.3833060875829	330
SUMMERSIDE	2015	9	1	244	9.5	16.7	13.3482359581586	-999.9	0.2	5.72916666666667	10.4185311733432	330
SUMMERSIDE	2015	9	2	245	10.7	25.6	19.0380794245018	-999.9	0	3.96990740740742	14.7066589154752	330
SUMMERSIDE	2015	9	3	246	9.8	23.7	18.228544189109	-999.9	0	4.24768518518519	12.9422269108411	330
SUMMERSIDE	2015	9	4	247	7.8	17.7	15.2482107669809	-999.9	0	3.13657407407408	10.4200917809087	330
SUMMERSIDE	2015	9	5	248	7.7	26.7	20.9351865692832	-999.9	0	4.0625	12.9379722134256	330
SUMMERSIDE	2015	9	6	249	13.5	26.2	16.9606552161695	-999.9	0	2.92824074074075	16.7409150843703	330
SUMMERSIDE	2015	9	7	250	17.3	26.6	14.38019961562	-999.9	0	7.58101851851853	19.9991566761982	330
SUMMERSIDE	2015	9	8	251	15	21.2	11.6317185865213	-999.9	0	4.84953703703703	17.1256244161704	330
SUMMERSIDE	2015	9	9	252	14.4	23.2	13.726376531849	-999.9	0	5.43981481481481	16.695322313618	330
SUMMERSIDE	2015	9	10	253	17.5	25.4	12.8806150653727	-999.9	0	4.23611111111111	15.653131381495	330
SUMMERSIDE	2015	9	11	254	15.2	21.6	11.4805720860682	-999.9	54.9	5.10416666666667	17.7610682891442	330
SUMMERSIDE	2015	9	12	255	10.9	19.2	12.9450923343499	-999.9	0.2	4.81481481481481	13.6273939532372	330
SUMMERSIDE	2015	9	13	256	10.9	19	12.6602813111277	-999.9	0	1.67824074074074	11.7208506554508	330
SUMMERSIDE	2015	9	14	257	15.4	24.6	13.3558583425179	-999.9	5.4	5.78703703703703	15.6710841015478	330
SUMMERSIDE	2015	9	15	258	12	20.6	12.7804639714779	-999.9	0	3.36805555555556	11.8470491763599	330
SUMMERSIDE	2015	9	16	259	11	20.7	13.432146281042	-999.9	0	3.90046296296297	11.7751289299605	330
SUMMERSIDE	2015	9	17	260	15.3	28.7	15.6212923455755	-999.9	0	5.38647342995169	16.4710253425942	330
SUMMERSIDE	2015	9	18	261	17.1	27.9	13.8747309078019	-999.9	0	3.46064814814814	16.45493321547	330
SUMMERSIDE	2015	9	19	262	17	26	12.5292615812685	-999.9	0	5.91435185185186	16.3934096990571	330
SUMMERSIDE	2015	9	20	263	8.9	25	16.574957021008	-999.9	3	5.94907407407408	14.4125405532854	330
SUMMERSIDE	2015	9	21	264	6.6	18.6	14.1517264849464	-999.9	0	2.70833333333333	10.0219065775649	330
SUMMERSIDE	2015	9	22	265	5.8	19.1	14.7322279464923	-999.9	0	1.43518518518519	11.4661634342116	330
SUMMERSIDE	2015	9	23	266	11.5	23.2	13.6616847600857	-999.9	0	3.31018518518519	14.4910562317994	330
SUMMERSIDE	2015	9	24	267	7.8	19.5	13.505739608246	-999.9	0	3.61111111111111	10.3357473066246	330
SUMMERSIDE	2015	9	25	268	5.5	16	12.6467845255406	-999.9	0	2.68518518518519	8.17185566441892	330
SUMMERSIDE	2015	9	26	269	4	14.3	12.3797135179357	-999.9	0	3.07870370370369	7.71137296107704	330
SUMMERSIDE	2015	9	27	270	7.8	20.9	13.7968913077945	-999.9	0	6.5625	10.699200847574	330
SUMMERSIDE	2015	9	28	271	13.5	22	10.9813677401778	-999.9	0	8.06712962962964	14.3668731602885	330
SUMMERSIDE	2015	9	29	272	16.7	23.6	9.77510373430718	-999.9	0	8.25231481481481	19.5208127266393	330
SUMMERSIDE	2015	9	30	273	14.7	21.1	9.30006365119848	-999.9	75.8	6.26262626262625	16.8951760772267	330
SUMMERSIDE	2015	10	1	274	9.8	17.6	10.1412714875151	-999.9	4.8	9.61805555555556	12.9655916403533	330
SUMMERSIDE	2015	10	2	275	9.1	12.2	6.31431256803468	-999.9	2.2	8.49537037037036	10.5938266633313	330
SUMMERSIDE	2015	10	3	276	4.7	11.9	9.50306026374767	-999.9	2.4	8.61111111111111	8.26819680579257	330
SUMMERSIDE	2015	10	4	277	3.4	14.7	11.7555064303938	-999.9	0	3.64583333333333	8.78623372041923	330
SUMMERSIDE	2015	10	5	278	2.5	16.6	12.9649397831249	-999.9	0.2	1.46990740740741	9.31710169990502	330
SUMMERSIDE	2015	10	6	279	5.3	15.7	10.9923742402573	-999.9	0	1.48148148148148	10.8997130620117	330
SUMMERSIDE	2015	10	7	280	4.8	17.3	11.8959733455189	-999.9	0	2.58101851851852	10.1441664253525	330
SUMMERSIDE	2015	10	8	281	4.4	13.1	9.79562725269261	-999.9	0	3.78472222222222	7.96080374111063	330
SUMMERSIDE	2015	10	9	282	3.4	12.1	9.66760139535368	-999.9	11.3	2.89351851851853	7.1991462264915	330
SUMMERSIDE	2015	10	10	283	1.1	11.9	10.629619246646	-999.9	0.7	6.81712962962964	5.94967183064688	330
SUMMERSIDE	2015	10	11	284	3.6	12.5	9.52158537580648	-999.9	0.5	4.66435185185186	7.47423860759761	330
SUMMERSIDE	2015	10	12	285	11.1	17.4	7.90416924814762	-999.9	0	3.78472222222222	12.2325564105562	330
SUMMERSIDE	2015	10	13	286	11.5	18.9	8.45158962554376	-999.9	23.2	5.03472222222222	13.5491084379745	330
SUMMERSIDE	2015	10	14	287	10.9	18.5	8.44952946369341	-999.9	0.3	7.45370370370369	11.7902551519367	330
SUMMERSIDE	2015	10	15	288	5.9	11.9	7.40581631219034	-999.9	0.2	3.4375	7.34212880349287	330
SUMMERSIDE	2015	10	16	289	4.8	15.1	9.57101018990608	-999.9	3.8	6.35416666666667	9.19549655334031	330
SUMMERSIDE	2015	10	17	290	1.7	9.2	8.0553402937406	-999.9	2.8	3.14814814814814	6.08497655640108	330
SUMMERSIDE	2015	10	18	291	0.5	7.4	7.62019686300297	-999.9	0.5	4.74537037037036	5.70755622427692	330
SUMMERSIDE	2015	10	19	292	-2.5	5.1	7.88702585576869	-999.9	0.2	4.60648148148147	4.65474694066979	330
SUMMERSIDE	2015	10	20	293	4.1	13.3	8.55744031319767	-999.9	0	6.64351851851853	6.91873785241001	330
SUMMERSIDE	2015	10	21	294	-2.3	8.5	9.14295000693713	-999.9	0	4.14351851851853	4.34389047005974	330
SUMMERSIDE	2015	10	22	295	-1.9	12.5	10.4103096913544	-999.9	6.3	4.83796296296297	7.16017366627575	330
SUMMERSIDE	2015	10	23	296	5.2	12.2	7.15690608793472	-999.9	0.7	5.87962962962964	8.75432136427389	330
SUMMERSIDE	2015	10	24	297	2.5	8.2	6.36789957500652	-999.9	0.2	4.09722222222222	6.48949388520368	330
SUMMERSIDE	2015	10	25	298	6.5	13.5	6.95795454332039	-999.9	0.2	8.00925925925925	9.0670678305283	330
SUMMERSIDE	2015	10	26	299	-2.6	7.9	8.40224117593691	-999.9	0.2	4.78009259259258	5.09169231629629	330
SUMMERSIDE	2015	10	27	300	-2.8	7.2	8.08472939555522	-999.9	0	4.6875	4.40429920633291	330
SUMMERSIDE	2015	10	28	301	-1.6	8.7	8.09001258699412	-999.9	0	3.25231481481481	4.81116201368318	330
SUMMERSIDE	2015	10	29	302	6.5	16.6	7.8987725828578	-999.9	20.2	8.72685185185186	11.7030588552765	330
SUMMERSIDE	2015	10	30	303	3	11.6	7.18659171827085	-999.9	0	9.75694444444444	5.42131292922857	330
SUMMERSIDE	2015	10	31	304	2.2	7.9	5.76893750115054	-999.9	0	5.43981481481481	5.20858087240295	330
SUMMERSIDE	2015	11	1	305	2.1	10.1	6.73909144180221	-999.9	8.9	4.05092592592592	7.91919645237522	330
SUMMERSIDE	2015	11	2	306	3.7	10	5.89713990344125	-999.9	0.2	4.6875	8.26795305603527	330
SUMMERSIDE	2015	11	3	307	1.5	5.6	4.69135611847448	-999.9	0.2	1.86342592592593	7.01159030742411	330
SUMMERSIDE	2015	11	4	308	2.3	8.8	5.82535977720692	-999.9	0	2.64550264550264	6.92493158235605	330
SUMMERSIDE	2015	11	5	309	2.2	6.9	4.88542962486785	-999.9	0	2.44212962962963	6.60596688073757	330
SUMMERSIDE	2015	11	6	310	6.2	15.9	6.92244617194332	-999.9	0	6.27314814814814	10.2602577032448	330
SUMMERSIDE	2015	11	7	311	4.5	15.9	7.40256509507664	-999.9	0	8.76157407407408	6.47152218849663	330
SUMMERSIDE	2015	11	8	312	1.2	5.6	4.53683105675495	-999.9	0	7.70833333333333	3.98681460415057	330
SUMMERSIDE	2015	11	9	313	1.4	10.5	6.43706742693557	-999.9	0	5.46296296296297	6.08041861958897	330
SUMMERSIDE	2015	11	10	314	1.3	13.3	7.29370285055537	-999.9	0	4.44444444444444	7.9201659289677	330
SUMMERSIDE	2015	11	11	315	-1.2	8.5	6.47122976338667	-999.9	0	4.53703703703703	6.7612850879065	330
SUMMERSIDE	2015	11	12	316	-0.9	8.8	6.38687304164362	-999.9	0	2.01388888888889	6.6843413383899	330
SUMMERSIDE	2015	11	13	317	5	12.2	5.43166134523747	-999.9	5.7	5.43981481481481	10.0322607238215	330
SUMMERSIDE	2015	11	14	318	3.4	8.5	4.51318127752872	-999.9	4.1	4.6875	8.0054932404627	330
SUMMERSIDE	2015	11	15	319	2.9	6.1	3.5300097894385	-999.9	0.2	6.35416666666667	6.21092987384305	330
SUMMERSIDE	2015	11	16	320	0.8	6.6	4.693479564268	-999.9	4.1	5.39351851851853	5.98818595513454	330
SUMMERSIDE	2015	11	17	321	0.5	2.9	2.98227860270061	-999.9	0.4	5.91435185185186	5.01286887053045	330
SUMMERSIDE	2015	11	18	322	0.4	2	2.40575164393326	-999.9	0	3.42592592592592	5.01744255639433	330
SUMMERSIDE	2015	11	19	323	-1.1	4.9	4.60369063266721	-999.9	0	3.65740740740742	5.24350020836122	330
SUMMERSIDE	2015	11	20	324	4.8	7.9	3.27075139755404	-999.9	0.2	7.16435185185186	7.04310965333151	330
SUMMERSIDE	2015	11	21	325	4.7	7.5	3.07314720145599	-999.9	3.9	4.40972222222222	7.93495604730532	330
SUMMERSIDE	2015	11	22	326	7	13	4.44860781212383	-999.9	14.8	6.18055555555556	10.0379889749871	330
SUMMERSIDE	2015	11	23	327	0.1	7	4.71876871594088	-999.9	68.7	6.26157407407408	6.74025929977485	330
SUMMERSIDE	2015	11	24	328	-2.8	0.1	3.02674132660808	-999.9	0.2	6.18055555555556	3.938586717773	330
SUMMERSIDE	2015	11	25	329	-4.3	-0.7	3.33749956087257	-999.9	0.2	4.07407407407408	3.31875660032697	330
SUMMERSIDE	2015	11	26	330	-5.2	6.7	6.00708201065008	-999.9	0	7.1875	4.48741881218188	330
SUMMERSIDE	2015	11	27	331	5.3	11.9	4.43010000437729	-999.9	5.6	10.162037037037	8.1389403169493	330
SUMMERSIDE	2015	11	28	332	-1.3	5.3	4.38834980656462	-999.9	4.7	6.06481481481481	5.45242769046113	330
SUMMERSIDE	2015	11	29	333	-2.9	-0.6	2.5669766402596	-999.9	0	4.91545893719806	3.54030920155955	330
SUMMERSIDE	2015	11	30	334	-6.1	-3.3	2.80744638121895	-999.9	0	5.43478260869564	2.47131291341453	330
SUMMERSIDE	2015	12	1	335	-5.1	1.3	4.20869296479695	-999.9	0	4.66435185185186	3.50916036174514	330
SUMMERSIDE	2015	12	2	336	0.6	6.8	4.10896800473265	-999.9	15.9	3.71527777777778	7.02120634806259	330
SUMMERSIDE	2015	12	3	337	-0.1	6.8	4.30130622961372	-999.9	13.9	7.78935185185186	7.07643279574679	330
SUMMERSIDE	2015	12	4	338	-3.6	-0.1	3.04097075329977	-999.9	0.4	7.76620370370369	4.75972987556934	330
SUMMERSIDE	2015	12	5	339	-2.1	1	2.84203276384135	-999.9	0	3.14814814814814	5.12362090820839	330
SUMMERSIDE	2015	12	6	340	0.6	5.1	3.40170038397563	-999.9	0	6.75925925925925	6.34855212821159	330
SUMMERSIDE	2015	12	7	341	-1.1	4.6	3.80490772937669	-999.9	0	5.02314814814814	5.23523853706283	330
SUMMERSIDE	2015	12	8	342	-3.8	2.5	3.97715753945626	-999.9	0	2.66203703703704	4.63675916653806	330
SUMMERSIDE	2015	12	9	343	0.1	3.5	2.9061638981203	-999.9	0.7	2.52314814814815	6.12621906672981	330
SUMMERSIDE	2015	12	10	344	0.9	4.3	2.89190295382772	-999.9	0	4.73379629629631	6.17157011182636	330
SUMMERSIDE	2015	12	11	345	3.2	10.3	4.16030800485248	-999.9	1.8	5.17361111111111	8.4470263621638	330
SUMMERSIDE	2015	12	12	346	3.6	9.3	3.71258971723494	-999.9	0	5.35879629629631	7.81679144530191	330
SUMMERSIDE	2015	12	13	347	-1	3.8	3.39466571554667	-999.9	0	5.74074074074075	4.61756990849597	330
SUMMERSIDE	2015	12	14	348	-1	1	2.18435959173763	-999.9	0.6	2.22222222222222	4.80773183333333	330
SUMMERSIDE	2015	12	15	349	-1.3	0.7	2.17848571631427	-999.9	32.4	8.65740740740742	5.24692982352604	330
SUMMERSIDE	2015	12	16	350	-2.3	0.5	2.57186908927541	-999.9	0.5	7.29166666666667	5.10111029375771	330
SUMMERSIDE	2015	12	17	351	-1.9	2.8	3.32621150991514	-999.9	3.7	3.84259259259258	5.07798906409945	330
SUMMERSIDE	2015	12	18	352	0.9	5.4	3.25042679515269	-999.9	10.5	4.76851851851853	7.06393062025677	330
SUMMERSIDE	2015	12	19	353	-3.1	1.5	3.28359220698291	-999.9	4.4	7.15277777777778	4.33279643504235	330
SUMMERSIDE	2015	12	20	354	-6.4	-2.6	2.98333350268206	-999.9	0	9.16666666666667	2.48360251782561	330
SUMMERSIDE	2015	12	21	355	-5.3	1.6	4.02048158302854	-999.9	3	3.39120370370369	3.86519438703317	330
SUMMERSIDE	2015	12	22	356	-4.5	0.4	3.38999378759691	-999.9	16.9	4.69907407407408	4.67240435136041	330
SUMMERSIDE	2015	12	23	357	0.1	1.2	1.60785928230405	-999.9	0.6	2.32638888888889	5.91597486615152	330
SUMMERSIDE	2015	12	24	358	0.8	8.3	4.20471017021021	-999.9	8.9	7.48842592592592	7.66377350645481	330
SUMMERSIDE	2015	12	25	359	-0.4	7.9	4.43200500502668	-999.9	0	4.18981481481481	5.93319463493654	330
SUMMERSIDE	2015	12	26	360	-1.2	3.1	3.19780546979125	-999.9	0	4.20138888888889	4.54434982715595	330
SUMMERSIDE	2015	12	27	361	-4.6	0.3	3.42351217444144	-999.9	11.1	3.35648148148147	4.22663670309665	330
SUMMERSIDE	2015	12	28	362	-11.6	-3	4.55068493106098	-999.9	1.6	7.16435185185186	2.71196136379058	330
SUMMERSIDE	2015	12	29	363	-11.5	-5	3.97130842212433	-999.9	2.9	3.48379629629631	2.66443256323562	330
SUMMERSIDE	2015	12	30	364	-5.4	-2.5	2.66390523560619	-999.9	0	4.17824074074075	3.57229436525513	330
SUMMERSIDE	2015	12	31	365	-3.1	1.6	3.40723798224464	-999.9	1.4	4.98842592592592	5.18922334731408	330
