SUMMERSIDE	2011	1	1	1	-3.6	2.3	3.83708568640458	-999.9	0	2.91666666666667	5.42413336462943	330
SUMMERSIDE	2011	1	2	2	-2	1.7	3.05550860476644	-999.9	0	1.26157407407407	5.65323743970934	330
SUMMERSIDE	2011	1	3	3	-5	0.6	3.78151495668855	-999.9	16.7	4.02777777777778	4.80992127386384	330
SUMMERSIDE	2011	1	4	4	-7.6	-4.8	2.69103021593621	-999.9	0	7.85879629629631	2.88513453249261	330
SUMMERSIDE	2011	1	5	5	-9.2	-4.9	3.35750380954987	-999.9	0	6.62037037037036	2.38280060443303	330
SUMMERSIDE	2011	1	6	6	-12.3	-4.5	4.55452925380743	-999.9	0	4.09722222222222	2.23326189005605	330
SUMMERSIDE	2011	1	7	7	-12.3	0.4	5.85570477035044	-999.9	1.3	4.39814814814814	3.5658692936454	330
SUMMERSIDE	2011	1	8	8	-2	0	2.34226756937839	-999.9	2.7	5.69444444444445	5.45142061746394	330
SUMMERSIDE	2011	1	9	9	-3.2	0.9	3.38155480384121	-999.9	2.1	6.90972222222222	5.34397078514736	330
SUMMERSIDE	2011	1	10	10	-0.9	1.6	2.66349501033601	-999.9	0	8.00925925925925	5.47574713809413	330
SUMMERSIDE	2011	1	11	11	-1.7	1.2	2.89459706566261	-999.9	0	4.81481481481481	4.85159605522985	330
SUMMERSIDE	2011	1	12	12	-4.5	0.3	3.75891224772132	-999.9	1.5	6.35416666666667	4.78861149853174	330
SUMMERSIDE	2011	1	13	13	-1.2	0.9	2.51040705764654	-999.9	1.3	13.6574074074074	5.83218521421641	330
SUMMERSIDE	2011	1	14	14	-5.4	-1.1	3.62825102691299	-999.9	0.2	4.54861111111111	4.12953401632573	330
SUMMERSIDE	2011	1	15	15	-8	-5.4	2.85042198559961	-999.9	0.8	2.55787037037037	2.91927906933025	330
SUMMERSIDE	2011	1	16	16	-9.6	-2.7	4.69280239736444	-999.9	0.6	5.23148148148147	3.20409412904958	330
SUMMERSIDE	2011	1	17	17	-19.5	-8.6	5.96248199500102	-999.9	0	4.81481481481481	1.55108192417784	330
SUMMERSIDE	2011	1	18	18	-20.9	0.6	8.46749667057769	-999.9	0.5	4.21296296296297	2.26221687119874	330
SUMMERSIDE	2011	1	19	19	-4.3	1.8	4.56177152935885	-999.9	16.1	9.64120370370369	5.21651766430086	330
SUMMERSIDE	2011	1	20	20	-16.9	-4.3	6.63273265993771	-999.9	0.4	5.82175925925925	2.39625227605499	330
SUMMERSIDE	2011	1	21	21	-15.1	3.2	8.08857726245022	-999.9	6.2	4.01620370370369	3.55769069434805	330
SUMMERSIDE	2011	1	22	22	-14.1	-4.8	5.83610618836449	-999.9	0	11.5972222222222	2.15247866915964	330
SUMMERSIDE	2011	1	23	23	-18.1	-11.3	5.05198474933747	-999.9	0.2	3.77314814814814	1.42978344561304	330
SUMMERSIDE	2011	1	24	24	-22.1	-14.9	5.2636313440132	-999.9	0	8.76157407407408	0.949065947477247	330
SUMMERSIDE	2011	1	25	25	-19.3	-12.3	5.2560650092623	-999.9	0	4.42129629629631	1.19983868525093	330
SUMMERSIDE	2011	1	26	26	-21.9	-4	8.51347147701597	-999.9	0.2	0.740740740740742	1.958626075233	330
SUMMERSIDE	2011	1	27	27	-4.4	-0.8	3.86786249462015	-999.9	5	10.8680555555556	4.78777529615397	330
SUMMERSIDE	2011	1	28	28	-16.5	-3.9	7.33180717627175	-999.9	0	4.30555555555556	2.36606407238053	330
SUMMERSIDE	2011	1	29	29	-16.6	-4	7.42982706367807	-999.9	0	1.21527777777778	2.51833927260333	330
SUMMERSIDE	2011	1	30	30	-14.3	-5.7	6.22110298517829	-999.9	1	1.37731481481481	2.53086005910924	330
SUMMERSIDE	2011	1	31	31	-16.6	-8.9	5.9667903458645	-999.9	0.2	5.69444444444445	1.55357830770418	330
SUMMERSIDE	2011	2	1	32	-19.1	-9.4	6.78901223578502	-999.9	0	4.61805555555556	1.4130704005136	330
SUMMERSIDE	2011	2	2	33	-15.4	-5.9	6.81163738570239	-999.9	8.6	3.63425925925925	2.21510036735626	330
SUMMERSIDE	2011	2	3	34	-18	-5.9	7.79454556086095	-999.9	0.2	6.19212962962964	1.97299823193724	330
SUMMERSIDE	2011	2	4	35	-13.1	-4.2	6.77854886779124	-999.9	0	6.73611111111111	2.31304382299222	330
SUMMERSIDE	2011	2	5	36	-13	-1.3	7.88150940571489	-999.9	0	4.89583333333333	2.89557744376268	330
SUMMERSIDE	2011	2	6	37	-9.8	-0.9	6.97129314610437	-999.9	11.1	8.11342592592592	3.79597189969932	330
SUMMERSIDE	2011	2	7	38	-12.1	-2.2	7.4569470682382	-999.9	0.3	3.02083333333333	3.09697000167507	330
SUMMERSIDE	2011	2	8	39	-4.8	-0.8	4.80748612496924	-999.9	6.1	3.53009259259258	4.6692929253617	330
SUMMERSIDE	2011	2	9	40	-13.2	-4.8	7.066234489143	-999.9	0.7	8.75	2.39817159893091	330
SUMMERSIDE	2011	2	10	41	-20	-8.4	8.42267329492585	-999.9	0.2	2.48842592592593	1.643618858944	330
SUMMERSIDE	2011	2	11	42	-22.6	-7.4	9.77966642144657	-999.9	0.2	5.10416666666667	1.42290825999717	330
SUMMERSIDE	2011	2	12	43	-22.4	-2.4	11.3789946827024	-999.9	0	5.83333333333333	1.95897874035139	330
SUMMERSIDE	2011	2	13	44	-13.8	-5.2	7.5687972755081	-999.9	1.3	6.5625	1.93423778439548	330
SUMMERSIDE	2011	2	14	45	-8.7	0.4	7.89743465738255	-999.9	3.9	5.94907407407408	4.02707189495257	330
SUMMERSIDE	2011	2	15	46	-14.4	-1.6	9.50066323407882	-999.9	1.2	9.84953703703703	2.81426105637296	330
SUMMERSIDE	2011	2	16	47	-14.3	-5.9	7.80665751845187	-999.9	0	6.60879629629631	1.89004166053346	330
SUMMERSIDE	2011	2	17	48	-11.1	3.8	10.5459393878305	-999.9	0	5.67129629629631	3.30710268379473	330
SUMMERSIDE	2011	2	18	49	-11.3	0.6	9.5591579439582	-999.9	16.3	2.93981481481481	3.77200094498764	330
SUMMERSIDE	2011	2	19	50	-1.8	0.3	4.07281376539853	-999.9	3.2	5.9375	5.63794279994096	330
SUMMERSIDE	2011	2	20	51	-5.4	0.5	6.92359803248702	-999.9	1.5	8.88888888888889	4.7702120785436	330
SUMMERSIDE	2011	2	21	52	-8.7	-3	6.90150725924786	-999.9	3.4	4.44444444444444	3.44814591061556	330
SUMMERSIDE	2011	2	22	53	-8.9	-3	7.12050193206474	-999.9	0.8	8.42592592592592	3.30742555584908	330
SUMMERSIDE	2011	2	23	54	-9.7	-6.5	5.31756519129109	-999.9	0	6.63194444444445	2.61716665069434	330
SUMMERSIDE	2011	2	24	55	-14.7	-2.8	10.3977060849946	-999.9	0	4.27083333333333	2.52822732935206	330
SUMMERSIDE	2011	2	25	56	-5.1	1.4	7.79144271385747	-999.9	12.6	6.65509259259258	4.81758540467865	330
SUMMERSIDE	2011	2	26	57	-15.4	-5.1	9.94365185419495	-999.9	0.8	10.2199074074074	2.18115577166899	330
SUMMERSIDE	2011	2	27	58	-25.1	-12.1	11.3248413199015	-999.9	0.2	2.34953703703704	0.946946567618082	330
SUMMERSIDE	2011	2	28	59	-23.9	1.6	16.0778859049289	-999.9	11.5	5.04629629629631	2.20600631831735	330
SUMMERSIDE	2011	3	1	60	-14.6	-0.3	12.2036235736076	-999.9	0.2	7.89351851851853	2.59165999143982	330
SUMMERSIDE	2011	3	2	61	-14.6	2.2	13.4060009526382	-999.9	0.8	6.89814814814814	2.97695623453174	330
SUMMERSIDE	2011	3	3	62	-16.8	-4.2	11.7655985148273	-999.9	0.4	7.37268518518519	1.93596580082056	330
SUMMERSIDE	2011	3	4	63	-17.6	-7.4	10.7268405759019	-999.9	0	3.88888888888889	1.5701042333902	330
SUMMERSIDE	2011	3	5	64	-14.7	2.1	13.9484773070805	-999.9	0	7.89351851851853	2.99742505516203	330
SUMMERSIDE	2011	3	6	65	0.6	7.2	8.85728541640744	-999.9	2.1	9.18981481481481	6.8436533956618	330
SUMMERSIDE	2011	3	7	66	-1.4	7.6	10.4775867523049	-999.9	4.3	5.56712962962964	7.38141976199121	330
SUMMERSIDE	2011	3	8	67	-9	-1.3	9.81635690603182	-999.9	0.2	4.84953703703703	3.40727556595225	330
SUMMERSIDE	2011	3	9	68	-10.2	-5.9	7.42945007541163	-999.9	0.6	4.51388888888889	2.70482294999989	330
SUMMERSIDE	2011	3	10	69	-7.8	-0.5	9.80285916275864	-999.9	0	2.87037037037036	3.54337331539123	330
SUMMERSIDE	2011	3	11	70	-0.6	5.8	9.29395652486274	-999.9	0	8.04398148148147	6.49525385895012	330
SUMMERSIDE	2011	3	12	71	0.6	7.6	9.84075605455538	-999.9	13.5	9.25925925925925	7.47180110520875	330
SUMMERSIDE	2011	3	13	72	-2.6	6	11.0419572766409	-999.9	0	7.51157407407408	5.33954371618786	330
SUMMERSIDE	2011	3	14	73	-11.7	-2.5	11.5599486913609	-999.9	0.2	9.16666666666667	2.78720020228318	330
SUMMERSIDE	2011	3	15	74	-12.9	0.1	13.907395838235	-999.9	0	4.16666666666667	2.79211628989352	330
SUMMERSIDE	2011	3	16	75	-2.9	3.6	9.95151574752824	-999.9	3.2	7.08333333333333	5.04927067830026	330
SUMMERSIDE	2011	3	17	76	-0.2	6.4	10.1463196396169	-999.9	0.4	3.81944444444444	6.37210403512439	330
SUMMERSIDE	2011	3	18	77	-3.2	6.1	12.1850422740225	-999.9	7.2	8.90046296296297	5.85058741039241	330
SUMMERSIDE	2011	3	19	78	-8.3	-3.1	9.21681003382172	-999.9	0.2	6.59722222222222	3.12289426866975	330
SUMMERSIDE	2011	3	20	79	-10.4	-2.1	11.7775589416867	-999.9	0.2	4.18981481481481	2.85674590590642	330
SUMMERSIDE	2011	3	21	80	-9.9	2.3	14.4403202363499	-999.9	0	3.25231481481481	3.21672659754894	330
SUMMERSIDE	2011	3	22	81	-3.4	2.1	9.80396777557796	-999.9	0	4.13194444444444	4.2236307292679	330
SUMMERSIDE	2011	3	23	82	-4.3	0.7	9.45086818054125	-999.9	0	4.80324074074075	4.25920364248801	330
SUMMERSIDE	2011	3	24	83	-3.8	-0.4	7.87833649634201	-999.9	1.4	5.39351851851853	4.23388681486483	330
SUMMERSIDE	2011	3	25	84	-7.4	-1.2	10.7532847076326	-999.9	1.6	5.13888888888889	3.76056750429716	330
SUMMERSIDE	2011	3	26	85	-7.4	-1.1	10.9548740109197	-999.9	0	6.84027777777778	2.68877785438367	330
SUMMERSIDE	2011	3	27	86	-7	-2	9.86177877538432	-999.9	0	8.50694444444445	2.63390171078628	330
SUMMERSIDE	2011	3	28	87	-6.9	2.1	13.3679791503406	-999.9	0	7.66203703703703	3.28743582112422	330
SUMMERSIDE	2011	3	29	88	-4.1	4.9	13.5045753766026	-999.9	0	5.26620370370369	4.31741601272806	330
SUMMERSIDE	2011	3	30	89	-3	4.3	12.285053401581	-999.9	0	3.42592592592592	4.29103224716311	330
SUMMERSIDE	2011	3	31	90	-3.3	6.4	14.3020425228459	-999.9	0	2.4537037037037	4.81346952567999	330
SUMMERSIDE	2011	4	1	91	-4.2	4.2	13.4396809835853	-999.9	8.2	5.39351851851853	4.95349817083333	330
SUMMERSIDE	2011	4	2	92	-0.2	1.8	6.62127920299147	-999.9	2.1	6.60879629629631	6.11058539943849	330
SUMMERSIDE	2011	4	3	93	-6.4	1.3	13.1156637170246	-999.9	0.2	4.09722222222222	4.2616693611397	330
SUMMERSIDE	2011	4	4	94	-5.8	3.5	14.5493901079721	-999.9	0.4	3.37962962962964	4.33187285477311	330
SUMMERSIDE	2011	4	5	95	1.3	10.1	14.2837898414147	-999.9	5.9	9.80324074074075	8.42340725677517	330
SUMMERSIDE	2011	4	6	96	-0.8	5.7	12.3879092323618	-999.9	0	6.01851851851853	5.2095704488642	330
SUMMERSIDE	2011	4	7	97	-4.1	3.6	13.603992420981	-999.9	0.2	5.625	3.40537505475391	330
SUMMERSIDE	2011	4	8	98	-4.2	2.8	13.085497699003	-999.9	0	3.69212962962964	4.16287654731641	330
SUMMERSIDE	2011	4	9	99	-5.5	7.5	17.9876203774939	-999.9	0	2.17592592592593	4.31617013226548	330
SUMMERSIDE	2011	4	10	100	-3.6	11.3	19.4221223983657	-999.9	0	3.11342592592592	5.73177094273699	330
SUMMERSIDE	2011	4	11	101	2.6	9.3	13.1335849532693	-999.9	5.9	8.5024154589372	8.01467970471926	330
SUMMERSIDE	2011	4	12	102	0.3	12	17.4993573469846	-999.9	2.1	8.93518518518519	6.25232351085721	330
SUMMERSIDE	2011	4	13	103	-3.2	10.7	19.2291880038027	-999.9	0	3.76157407407408	3.97000523367077	330
SUMMERSIDE	2011	4	14	104	0.4	10.1	16.1921695057258	-999.9	12.3	6.13425925925925	7.36144871988267	330
SUMMERSIDE	2011	4	15	105	-6.5	0.8	14.1575354315256	-999.9	0.2	5.96064814814814	3.09737253080723	330
SUMMERSIDE	2011	4	16	106	-7.7	5.2	18.9657377839042	-999.9	0	3.06712962962964	3.01641703548739	330
SUMMERSIDE	2011	4	17	107	-0.1	10	16.9093157494526	-999.9	5.6	9.97685185185186	7.18004108315257	330
SUMMERSIDE	2011	4	18	108	1.5	9.1	14.7776238621264	-999.9	0.4	7.31481481481481	6.67934992710367	330
SUMMERSIDE	2011	4	19	109	-3	11.1	20.2759892131102	-999.9	0	4.84953703703703	5.16856700305266	330
SUMMERSIDE	2011	4	20	110	-2.3	3.2	12.7547209886378	-999.9	10.1	3.22916666666667	4.75978609402534	330
SUMMERSIDE	2011	4	21	111	-0.7	4.1	11.9996900558648	-999.9	2.5	3.17129629629631	6.35425938721219	330
SUMMERSIDE	2011	4	22	112	-0.4	9.4	17.2649428443782	-999.9	0	4.89583333333333	5.44601966804058	330
SUMMERSIDE	2011	4	23	113	0.5	12.8	19.4737911274133	-999.9	0	7.78935185185186	5.36692332004305	330
SUMMERSIDE	2011	4	24	114	1	14.7	20.6893799540036	-999.9	0	6.44675925925925	7.3731884289759	330
SUMMERSIDE	2011	4	25	115	0.1	14.5	21.3501694154297	-999.9	0	2.96296296296297	5.9775644531431	330
SUMMERSIDE	2011	4	26	116	3	12.2	17.1747642761043	-999.9	0.2	5.40509259259258	8.3201192190127	330
SUMMERSIDE	2011	4	27	117	1.6	5.7	11.5374479758283	-999.9	5.5	6.41203703703703	6.97788613803658	330
SUMMERSIDE	2011	4	28	118	5.7	18.1	20.1880351674631	-999.9	4.1	8.96990740740742	12.7474802934768	330
SUMMERSIDE	2011	4	29	119	8.9	18.3	17.6830514635165	-999.9	0	6.15740740740742	12.8293728411739	330
SUMMERSIDE	2011	4	30	120	3.5	9.1	13.7291082495962	-999.9	0.4	7.44212962962964	7.98937803396728	330
SUMMERSIDE	2011	5	1	121	1.4	6	12.5149030135205	-999.9	0	9.05092592592592	6.4946991800541	330
SUMMERSIDE	2011	5	2	122	1.5	10.5	17.6041709185182	-999.9	0	6.25	6.67906987364117	330
SUMMERSIDE	2011	5	3	123	4.7	13.9	17.8969796743926	-999.9	0	5.61342592592592	9.06722986730349	330
SUMMERSIDE	2011	5	4	124	7.3	18	19.4050719169907	-999.9	0	7.62731481481481	11.3534410673506	330
SUMMERSIDE	2011	5	5	125	7.8	17.1	18.1864809332409	-999.9	5.8	7.24537037037036	12.1210262850285	330
SUMMERSIDE	2011	5	6	126	5.4	13	16.5251108107461	-999.9	1.7	7.31481481481481	8.79700185648119	330
SUMMERSIDE	2011	5	7	127	6.4	17	19.6140701116046	-999.9	5.4	6.31944444444445	9.94570135550506	330
SUMMERSIDE	2011	5	8	128	4.3	14.3	19.1442817301936	-999.9	0.2	5.25462962962964	10.5326902620731	330
SUMMERSIDE	2011	5	9	129	3.8	5.8	8.60252012555648	-999.9	9.4	10.2430555555556	8.18922148338998	330
SUMMERSIDE	2011	5	10	130	4.9	6.7	8.19909966033845	-999.9	6.6	10.8680555555556	8.45111689790686	330
SUMMERSIDE	2011	5	11	131	4.8	9.3	13.0227656066842	-999.9	1.4	11.1805555555556	8.9266493455974	330
SUMMERSIDE	2011	5	12	132	4.8	6.8	8.72021326942685	-999.9	0.53	9.25	7.77693942791687	330
SUMMERSIDE	2011	5	13	133	3.8	6.4	9.98532614011312	-999.9	0	6.38888888888889	8.51310748093523	330
SUMMERSIDE	2011	5	14	134	4	7.8	12.1221434241549	-999.9	1.6	4.34027777777778	8.93727828531358	330
SUMMERSIDE	2011	5	15	135	5	10.5	14.6429913219969	-999.9	13	4.36342592592592	10.0770337094063	330
SUMMERSIDE	2011	5	16	136	3.5	6	9.91124779724331	-999.9	27.8	7.07175925925925	7.58807863164223	330
SUMMERSIDE	2011	5	17	137	3.9	9.8	15.2842262535843	-999.9	6.9	3.58796296296297	9.42113684078943	330
SUMMERSIDE	2011	5	18	138	3.5	10.9	17.1807415284394	-999.9	0	2.74305555555556	9.24301038304183	330
SUMMERSIDE	2011	5	19	139	6.7	23.2	25.7469797238627	-999.9	0	3.61111111111111	13.4829018495448	330
SUMMERSIDE	2011	5	20	140	12.6	22.9	20.4132001825594	-999.9	0.9	4.28240740740742	17.282879463445	330
SUMMERSIDE	2011	5	21	141	3.9	15.4	21.6421127348302	-999.9	3.2	8.98148148148147	10.9155165010481	330
SUMMERSIDE	2011	5	22	142	1.8	10.1	18.4458349213817	-999.9	0	5.04629629629631	7.33641242711025	330
SUMMERSIDE	2011	5	23	143	2.5	14.6	22.3414299254861	-999.9	0	6.45833333333333	8.59240224155819	330
SUMMERSIDE	2011	5	24	144	7.5	16.9	19.7511265687628	-999.9	1.9	8.53009259259258	11.7475744030383	330
SUMMERSIDE	2011	5	25	145	5	14.5	19.9136212954872	-999.9	0	4.22453703703703	9.49881224843909	330
SUMMERSIDE	2011	5	26	146	4.2	19.4	25.2593245070605	-999.9	0	4.83796296296297	10.9207085879719	330
SUMMERSIDE	2011	5	27	147	6.8	21.1	24.5657834703348	-999.9	0	6.64351851851853	13.8895029568435	330
SUMMERSIDE	2011	5	28	148	6.6	11.7	14.7082727199104	-999.9	0	4.38657407407408	11.0218108484081	330
SUMMERSIDE	2011	5	29	149	11.7	23.9	22.8045738049004	-999.9	0.7	6.40046296296297	17.2573004607858	330
SUMMERSIDE	2011	5	30	150	9.7	23.5	24.3107672583583	-999.9	0	5.30092592592592	14.6912917941723	330
SUMMERSIDE	2011	5	31	151	5.4	13.6	18.7816993189524	-999.9	0	5.11574074074075	8.04258146382429	330
SUMMERSIDE	2011	6	1	152	6.8	21.1	24.8551678786903	-999.9	0.6	8.15972222222222	10.9136585582902	330
SUMMERSIDE	2011	6	2	153	12.1	23.5	22.2368798028419	-999.9	0	6.75925925925925	14.7761372028368	330
SUMMERSIDE	2011	6	3	154	7.6	12.3	14.3052426523064	-999.9	8.3	5.26620370370369	10.8958928433714	330
SUMMERSIDE	2011	6	4	155	7.6	9.9	10.0250684198717	-999.9	0.8	4.87268518518519	10.4532934838631	330
SUMMERSIDE	2011	6	5	156	7.4	10.7	12.0284559766849	-999.9	0	4.52546296296297	10.6721066708669	330
SUMMERSIDE	2011	6	6	157	8.4	13.7	15.2676710540812	-999.9	0	3.90046296296297	12.1564152421527	330
SUMMERSIDE	2011	6	7	158	8.7	13.9	15.1450612815748	-999.9	0	4.56018518518519	12.3467995411477	330
SUMMERSIDE	2011	6	8	159	7.4	19.6	23.2293164176075	-999.9	0	2.65046296296296	13.1733410995382	330
SUMMERSIDE	2011	6	9	160	12.1	23.2	22.1849210639131	-999.9	4.5	5.52083333333333	15.9711790239311	330
SUMMERSIDE	2011	6	10	161	4.2	12.2	18.8553278421248	-999.9	0	6.14583333333333	8.64899859340743	330
SUMMERSIDE	2011	6	11	162	3.8	16.4	23.6875393715351	-999.9	0	4.15509259259258	8.33154288621187	330
SUMMERSIDE	2011	6	12	163	7	21.6	25.5217024530618	-999.9	0	2.82407407407408	10.6506427610305	330
SUMMERSIDE	2011	6	13	164	10	13.5	12.5060105187813	-999.9	9.3	4.15509259259258	11.1175824437465	330
SUMMERSIDE	2011	6	14	165	9.5	14	14.190433214653	-999.9	0	6.07638888888889	12.0035147947326	330
SUMMERSIDE	2011	6	15	166	9.9	13.4	12.5222156092459	-999.9	0	7.03703703703703	11.2859838400815	330
SUMMERSIDE	2011	6	16	167	5.4	13.4	18.9410077649452	-999.9	0	6.51620370370369	9.70579884209512	330
SUMMERSIDE	2011	6	17	168	6	21.3	26.2040220151915	-999.9	0	2.83564814814814	13.1557798839396	330
SUMMERSIDE	2011	6	18	169	13	19.6	17.215181863366	-999.9	9.6	6.26157407407408	16.026080266712	330
SUMMERSIDE	2011	6	19	170	11.4	19.1	18.5975486980115	-999.9	16	5.13888888888889	15.5055545148803	330
SUMMERSIDE	2011	6	20	171	8.9	14.5	15.8609196625986	-999.9	0.2	4.56018518518519	12.1430743559694	330
SUMMERSIDE	2011	6	21	172	8	13.1	15.1355005181977	-999.9	0	3.59953703703703	10.7640985523583	330
SUMMERSIDE	2011	6	22	173	5.5	15.1	20.7624221961561	-999.9	0.2	4.02777777777778	10.2467274761119	330
SUMMERSIDE	2011	6	23	174	5.5	22.5	27.6217335645684	-999.9	0	2.93981481481481	11.8565665587307	330
SUMMERSIDE	2011	6	24	175	9	17.3	19.2931420441804	-999.9	0	4.73379629629631	12.162674344068	330
SUMMERSIDE	2011	6	25	176	10	15	14.9671716564123	-999.9	13.9	6.08796296296297	11.9573105723243	330
SUMMERSIDE	2011	6	26	177	12.3	19.5	17.9500301420525	-999.9	0	3.4375	15.9848508901582	330
SUMMERSIDE	2011	6	27	178	12.2	19	17.4321499937967	-999.9	5.1	3.79629629629631	15.9329201123639	330
SUMMERSIDE	2011	6	28	179	11.6	25.3	24.7233717768314	-999.9	0	2.97453703703703	17.7925466789793	330
SUMMERSIDE	2011	6	29	180	11	25.6	25.4992906231022	-999.9	0	3.56481481481481	16.330223222867	330
SUMMERSIDE	2011	6	30	181	15.3	24.3	20.0000229443853	-999.9	0.4	3.21759259259258	19.8451289125204	330
SUMMERSIDE	2011	7	1	182	10.6	18	18.1149004775859	-999.9	0	3.21759259259258	14.9804495172753	330
SUMMERSIDE	2011	7	2	183	12.8	23	21.2414560354066	-999.9	0	2.71990740740741	16.7742733860001	330
SUMMERSIDE	2011	7	3	184	14	23.6	20.5796095171855	-999.9	0	7.02546296296297	16.7770286218413	330
SUMMERSIDE	2011	7	4	185	15.8	20.2	13.912280821864	-999.9	2.2	7.26851851851853	18.5465746069507	330
SUMMERSIDE	2011	7	5	186	15.4	25.7	21.2527047889663	-999.9	0	4.56018518518519	20.110385284648	330
SUMMERSIDE	2011	7	6	187	14.4	28.5	24.8245745524434	-999.9	0	5.38194444444445	17.7559509502222	330
SUMMERSIDE	2011	7	7	188	13.7	26.4	23.5181836423681	-999.9	0	5.53240740740742	17.4023218946673	330
SUMMERSIDE	2011	7	8	189	13.4	25.4	22.8178714440416	-999.9	0	3.05555555555556	14.7117832258937	330
SUMMERSIDE	2011	7	9	190	13.8	20	16.3687605703894	-999.9	15.2	2.96296296296297	16.4076351618245	330
SUMMERSIDE	2011	7	10	191	14.6	25.9	22.0519700985317	-999.9	0	5.27777777777778	15.6656375785059	330
SUMMERSIDE	2011	7	11	192	16.4	26.2	20.4909513695369	-999.9	0.7	6.67824074074075	18.3239764124278	330
SUMMERSIDE	2011	7	12	193	16.7	23.7	17.2779261615304	-999.9	2.5	6.30434782608695	20.4832245776979	330
SUMMERSIDE	2011	7	13	194	14	18.1	13.1910853180053	-999.9	0	5.84490740740742	14.4756605070749	330
SUMMERSIDE	2011	7	14	195	13.6	16.8	11.6241710069961	-999.9	0	7.70833333333333	11.8148225579138	330
SUMMERSIDE	2011	7	15	196	14	17.8	12.6336686146443	-999.9	0	7.36111111111111	12.5687030876279	330
SUMMERSIDE	2011	7	16	197	11.9	22.6	21.1413353851623	-999.9	0	3.64583333333333	14.0775470403483	330
SUMMERSIDE	2011	7	17	198	13.3	27.6	24.3704432441773	-999.9	0	5.75231481481481	17.5855210414658	330
SUMMERSIDE	2011	7	18	199	15.9	27	21.4073883475177	-999.9	2.6	4.29951690821256	21.3603180326435	330
SUMMERSIDE	2011	7	19	200	13.3	27.4	24.0530587359698	-999.9	0	1.88657407407407	17.6377655818698	330
SUMMERSIDE	2011	7	20	201	11.5	25.6	23.9762077411705	-999.9	4.7	4.84953703703703	14.578081497632	330
SUMMERSIDE	2011	7	21	202	16.1	22.7	16.349503102684	-999.9	11.5	5.28935185185186	19.8010612156327	330
SUMMERSIDE	2011	7	22	203	15.5	21.8	15.9190018637829	-999.9	1.2	3.48379629629631	19.1895591750418	330
SUMMERSIDE	2011	7	23	204	15.5	27.6	21.9837796995459	-999.9	3.5	4.53703703703703	21.8373211278262	330
SUMMERSIDE	2011	7	24	205	13.6	22	18.2500652100884	-999.9	0.2	4.05092592592592	15.8504553145261	330
SUMMERSIDE	2011	7	25	206	12.7	25.9	22.7917485952221	-999.9	0	3.05555555555556	14.798459739215	330
SUMMERSIDE	2011	7	26	207	14.5	21.4	16.4146545835016	-999.9	0.6	4.00462962962964	15.2741575790018	330
SUMMERSIDE	2011	7	27	208	15.6	19.4	12.1329373417958	-999.9	33.1	4.66435185185186	18.1972196808478	330
SUMMERSIDE	2011	7	28	209	12.4	20.6	17.7499965132799	-999.9	0.7	4.53703703703703	15.2577666037052	330
SUMMERSIDE	2011	7	29	210	14.4	24.6	19.7132693621394	-999.9	0	5.19675925925925	17.5821928805618	330
SUMMERSIDE	2011	7	30	211	15.5	19.4	12.1369042771922	-999.9	14.2	4.80324074074075	17.8792912450445	330
SUMMERSIDE	2011	7	31	212	13.7	21.6	17.1971246249914	-999.9	0	3.05555555555556	17.7758798897652	330
SUMMERSIDE	2011	8	1	213	15.3	26.1	20.0156749811644	-999.9	0	4.02777777777778	18.6820969217963	330
SUMMERSIDE	2011	8	2	214	15.3	22.9	16.7120761699053	-999.9	3	5.71759259259258	18.3059795884905	330
SUMMERSIDE	2011	8	3	215	16	20.2	12.3640984654711	-999.9	1.9	4.87268518518519	18.1161475939702	330
SUMMERSIDE	2011	8	4	216	14.5	20.5	14.705383532865	-999.9	0.3	6.37731481481481	16.1474179236948	330
SUMMERSIDE	2011	8	5	217	9.5	20.2	19.5390762204184	-999.9	0.2	5.04629629629631	13.5451877367038	330
SUMMERSIDE	2011	8	6	218	8.8	23.6	22.8613910235834	-999.9	0	2.48842592592593	14.2909745118104	330
SUMMERSIDE	2011	8	7	219	17.1	25.2	16.8237174861977	-999.9	3.2	4.29398148148147	21.572029735393	330
SUMMERSIDE	2011	8	8	220	16.6	19.1	9.29618777856726	-999.9	38.3	4.89583333333333	19.150986290308	330
SUMMERSIDE	2011	8	9	221	14.4	18.2	11.398025486632	-999.9	0.7	5.70601851851853	16.6153314037561	330
SUMMERSIDE	2011	8	10	222	14.4	18.8	12.195914559709	-999.9	3.6	3.84259259259258	16.5563508923028	330
SUMMERSIDE	2011	8	11	223	14.2	20.9	14.9631373675898	-999.9	0.2	3.24074074074075	17.6893884081527	330
SUMMERSIDE	2011	8	12	224	15.4	24.3	17.1444776350051	-999.9	0	4.02777777777778	18.6852722370265	330
SUMMERSIDE	2011	8	13	225	14.9	21.4	14.563858097863	-999.9	0	3.24074074074075	17.8281079242889	330
SUMMERSIDE	2011	8	14	226	15.6	26.7	18.9155083848814	-999.9	0.8	4.05092592592592	20.5292411886137	330
SUMMERSIDE	2011	8	15	227	16.4	23.9	15.4514748477973	-999.9	0	2.78935185185186	19.5307167412139	330
SUMMERSIDE	2011	8	16	228	14.7	19.7	12.535822919457	-999.9	21.8	5.48611111111111	17.3956618783305	330
SUMMERSIDE	2011	8	17	229	13.4	23.3	17.5250592168522	-999.9	0	3.34490740740742	16.9642107886342	330
SUMMERSIDE	2011	8	18	230	14.5	25.1	18.0141653456593	-999.9	0	5.69444444444445	18.0287295768077	330
SUMMERSIDE	2011	8	19	231	16.7	25.7	16.4871960922776	-999.9	0	6.30787037037036	21.4456311236621	330
SUMMERSIDE	2011	8	20	232	18.5	25.7	14.6453891037794	-999.9	0	6.34259259259258	22.224842015622	330
SUMMERSIDE	2011	8	21	233	18	26.3	15.6144746164073	-999.9	0	5.38194444444445	22.4726000208713	330
SUMMERSIDE	2011	8	22	234	16	23.7	14.9324706717276	-999.9	7.8	8.47826086956522	19.7817205965896	330
SUMMERSIDE	2011	8	23	235	10.9	22.3	18.0376851074252	-999.9	0	3.26388888888889	13.8614985513599	330
SUMMERSIDE	2011	8	24	236	10.2	22.8	18.8234656517079	-999.9	0	5.45138888888889	12.9569299516796	330
SUMMERSIDE	2011	8	25	237	15.9	25.4	16.2220491477012	-999.9	0	7.37268518518519	17.9466617231253	330
SUMMERSIDE	2011	8	26	238	15	25.4	16.8435500671688	-999.9	6.2	5.15700483091786	19.0673811028519	330
SUMMERSIDE	2011	8	27	239	13.1	25.8	18.4686493044263	-999.9	0	4.22453703703703	18.0848122023901	330
SUMMERSIDE	2011	8	28	240	17.5	23.3	12.3824521276949	-999.9	14.3	4.44444444444444	21.7890077370114	330
SUMMERSIDE	2011	8	29	241	13	23.5	16.5268313962846	-999.9	0	10.5439814814815	14.8696536889252	330
SUMMERSIDE	2011	8	30	242	12.2	23.6	17.0801780878157	-999.9	0	3.13657407407408	15.4529239734967	330
SUMMERSIDE	2011	8	31	243	9.6	22.7	18.1577997757692	-999.9	0	3.4375	14.4912792758573	330
SUMMERSIDE	2011	9	1	244	9.1	21.4	17.4465750351631	-999.9	0	2.16435185185185	14.2110007139193	330
SUMMERSIDE	2011	9	2	245	10.8	21.8	16.3578545669727	-999.9	0	2.48842592592593	14.4056396398408	330
SUMMERSIDE	2011	9	3	246	14.7	22.6	13.7422590471898	-999.9	0	5.24305555555556	17.3942031450308	330
SUMMERSIDE	2011	9	4	247	14.2	25.1	15.9997994128133	-999.9	0	3.65740740740742	17.3891075617071	330
SUMMERSIDE	2011	9	5	248	18.9	24.9	11.7645592221637	-999.9	0	8.13657407407408	20.4602170910693	330
SUMMERSIDE	2011	9	6	249	10.6	20.2	14.746073075216	-999.9	0.3	7.12962962962964	14.9247064293132	330
SUMMERSIDE	2011	9	7	250	6.6	17.3	15.4246503891658	-999.9	0	2.31481481481481	10.8545409318325	330
SUMMERSIDE	2011	9	8	251	13	18.7	11.1528399426345	-999.9	2.8	3.57638888888889	15.5918427358848	330
SUMMERSIDE	2011	9	9	252	11.2	22.7	15.6914649860062	-999.9	0	4.08564814814814	14.0234505945915	330
SUMMERSIDE	2011	9	10	253	5.9	16.6	14.9904594796481	-999.9	0.9	4.74537037037036	10.5373547808071	330
SUMMERSIDE	2011	9	11	254	3.9	18.9	17.5759647288168	-999.9	0	5.65972222222222	9.62618388243322	330
SUMMERSIDE	2011	9	12	255	11.3	22.9	15.3036526875367	-999.9	0	5.98379629629631	14.6265114083968	330
SUMMERSIDE	2011	9	13	256	10.6	24.5	16.5847239245317	-999.9	0	3.80787037037036	15.971808572235	330
SUMMERSIDE	2011	9	14	257	17.2	22.7	10.3266447071963	-999.9	0	6.44675925925925	19.583964027028	330
SUMMERSIDE	2011	9	15	258	13.5	24.8	14.6499659908589	-999.9	0.5	5.11574074074075	19.0347713043328	330
SUMMERSIDE	2011	9	16	259	9.1	15.1	10.5641648802789	-999.9	2.7	7.41898148148147	10.294352085242	330
SUMMERSIDE	2011	9	17	260	5	16.5	14.4714977390667	-999.9	0	5.72916666666667	8.42654877862827	330
SUMMERSIDE	2011	9	18	261	5.9	18.5	14.9864222122748	-999.9	0	2.19907407407407	9.47059009313767	330
SUMMERSIDE	2011	9	19	262	4.9	16	13.9144393150407	-999.9	0	1.71296296296296	10.0923269092701	330
SUMMERSIDE	2011	9	20	263	8	19.2	13.8244698050267	-999.9	0	3.41435185185186	12.1321951397998	330
SUMMERSIDE	2011	9	21	264	11.7	22.2	13.237727984501	-999.9	0	4.00462962962964	14.7124640631119	330
SUMMERSIDE	2011	9	22	265	9.8	21.1	13.5794390823446	-999.9	0	4.03935185185186	14.8955316630222	330
SUMMERSIDE	2011	9	23	266	15.8	23.1	10.7912749756969	-999.9	0	3.34490740740742	20.0194224222578	330
SUMMERSIDE	2011	9	24	267	14.7	17.3	6.36666670795368	-999.9	0	2.08333333333333	17.0989692139929	330
SUMMERSIDE	2011	9	25	268	15.6	26	12.5864176676164	-999.9	0	4.12037037037036	19.1058007763739	330
SUMMERSIDE	2011	9	26	269	9.8	23.2	14.1203148804743	-999.9	0	3.57638888888889	13.365269562278	330
SUMMERSIDE	2011	9	27	270	2.4	15.7	13.9018121444816	-999.9	0	4.79166666666667	8.42356584533313	330
SUMMERSIDE	2011	9	28	271	1.8	16.7	14.5391864726322	-999.9	0	3.24074074074075	8.10659362190269	330
SUMMERSIDE	2011	9	29	272	11	20.3	11.3484958656862	-999.9	1.8	5.76388888888889	13.4013090383637	330
SUMMERSIDE	2011	9	30	273	15.1	21.1	9.00474790994017	-999.9	0	8.86574074074075	15.9613252422654	330
SUMMERSIDE	2011	10	1	274	11.8	16.7	8.03791016163715	-999.9	20.7	5.28935185185186	14.4281434586048	330
SUMMERSIDE	2011	10	2	275	12.6	14.6	5.07177790337744	-999.9	10.5	8.04398148148147	14.1716028083053	330
SUMMERSIDE	2011	10	3	276	11.6	14.1	5.59973196210033	-999.9	2.3	5.20833333333333	13.7191459964422	330
SUMMERSIDE	2011	10	4	277	10.7	15.5	7.66165761592947	-999.9	18.4	5.99033816425119	12.7865287313228	330
SUMMERSIDE	2011	10	5	278	2	11.2	10.472608327098	-999.9	37.8	13.2291666666667	8.86586786641429	330
SUMMERSIDE	2011	10	6	279	2	5.7	6.55655484053445	-999.9	0.6	9.44444444444444	6.21167157591426	330
SUMMERSIDE	2011	10	7	280	0.5	8.1	9.27580845840811	-999.9	0	4.61805555555556	5.41542030738745	330
SUMMERSIDE	2011	10	8	281	7.7	22.8	12.9050917975278	-999.9	0	5.55555555555556	11.7018936277872	330
SUMMERSIDE	2011	10	9	282	13.4	26	11.6344104707524	-999.9	0	5.18518518518519	14.9598175489452	330
SUMMERSIDE	2011	10	10	283	6.5	18.6	11.2511914779629	-999.9	0	6.14583333333333	8.32514042131456	330
SUMMERSIDE	2011	10	11	284	0.8	11.6	10.4888081131278	-999.9	0	3.71527777777778	7.10130652565634	330
SUMMERSIDE	2011	10	12	285	0.4	13.4	11.3542285637017	-999.9	0	2.12962962962963	8.04314466478355	330
SUMMERSIDE	2011	10	13	286	8.9	14.8	7.5465516240929	-999.9	0	4.28240740740742	11.4534973830278	330
SUMMERSIDE	2011	10	14	287	13.1	18.1	6.85347338743297	-999.9	8.5	4.40972222222222	15.9774047660048	330
SUMMERSIDE	2011	10	15	288	12.2	19	7.884093519014	-999.9	0.6	9.02777777777778	13.2712550028531	330
SUMMERSIDE	2011	10	16	289	9.1	15	7.24377866799449	-999.9	0.5	7.68518518518519	10.6369065436149	330
SUMMERSIDE	2011	10	17	290	7.3	14.8	8.0553402937406	-999.9	2.9	5.78703703703703	10.4371586981284	330
SUMMERSIDE	2011	10	18	291	8.1	14.3	7.22333057220281	-999.9	0.5	3.44907407407408	10.439880561089	330
SUMMERSIDE	2011	10	19	292	6.3	14.8	8.34095794086163	-999.9	1.9	2.88194444444444	10.1224235268824	330
SUMMERSIDE	2011	10	20	293	9.5	13.7	5.78195370733419	-999.9	26.1	6.28472222222222	12.5659308704849	330
SUMMERSIDE	2011	10	21	294	8.9	17	7.91802697153867	-999.9	0	6.72453703703703	11.8105044018809	330
SUMMERSIDE	2011	10	22	295	6.7	15.5	8.1381134401619	-999.9	0	3.58796296296297	10.4537431663987	330
SUMMERSIDE	2011	10	23	296	4.4	14.3	8.51126075133089	-999.9	0	2.46527777777778	9.5627036888563	330
SUMMERSIDE	2011	10	24	297	4.2	13.7	8.22092300144052	-999.9	0	1.97916666666667	9.85585104133167	330
SUMMERSIDE	2011	10	25	298	7.2	11.8	5.64042050818147	-999.9	4.6	1.93287037037037	10.2978822572624	330
SUMMERSIDE	2011	10	26	299	3.3	9.6	6.50834802904437	-999.9	0.2	7.87037037037036	7.24167000217606	330
SUMMERSIDE	2011	10	27	300	0.8	7.6	6.66683865048204	-999.9	0	3.98148148148147	5.92981522790724	330
SUMMERSIDE	2011	10	28	301	1.6	6.8	5.74820511471123	-999.9	0	5.20833333333333	5.25675703847656	330
SUMMERSIDE	2011	10	29	302	0.1	8	6.98574082121545	-999.9	0	3.25231481481481	5.89860995507535	330
SUMMERSIDE	2011	10	30	303	1.2	5.3	4.9621018632743	-999.9	43.7	11.5393518518519	6.73827992821874	330
SUMMERSIDE	2011	10	31	304	-1.8	5.6	6.57316094221838	-999.9	0	4.65277777777778	5.31388276149358	330
SUMMERSIDE	2011	11	1	305	-1.2	10.5	8.14984382897434	-999.9	0	2.95138888888889	6.78100680625144	330
SUMMERSIDE	2011	11	2	306	-0.4	11.3	8.03644704304679	-999.9	0	4.45601851851853	6.89756659343601	330
SUMMERSIDE	2011	11	3	307	4.6	12.1	6.34508003615957	-999.9	0	6.99074074074075	8.42135349508201	330
SUMMERSIDE	2011	11	4	308	1	8	6.04526153582357	-999.9	2.1	5.3125	6.5211238743528	330
SUMMERSIDE	2011	11	5	309	-3.7	3	5.83299002831335	-999.9	0.4	6.26157407407408	3.93954684445971	330
SUMMERSIDE	2011	11	6	310	-2.1	9.9	7.69953226616224	-999.9	0	6.12268518518519	4.74493302099218	330
SUMMERSIDE	2011	11	7	311	-0.6	10.3	7.23840799144271	-999.9	0	4.25925925925925	5.72005389320951	330
SUMMERSIDE	2011	11	8	312	4	13.4	6.63117051837966	-999.9	0	3.62573099415206	7.2481851022614	330
SUMMERSIDE	2011	11	9	313	-0.6	11.4	7.39193237614592	-999.9	0	1.81712962962963	6.94739917959051	330
SUMMERSIDE	2011	11	10	314	5.4	15.4	6.65820929831485	-999.9	0	5.38194444444445	9.13875655602589	330
SUMMERSIDE	2011	11	11	315	3.1	15.9	7.43371552786144	-999.9	55.7	8.94675925925925	10.9784465936082	330
SUMMERSIDE	2011	11	12	316	1.4	6.3	4.5394209350197	-999.9	0	9.52546296296297	5.55603268270025	330
SUMMERSIDE	2011	11	13	317	2.7	11.2	5.90168328435306	-999.9	0	4.87268518518519	7.07993515726722	330
SUMMERSIDE	2011	11	14	318	8.2	13.6	4.64402522152702	-999.9	0	8.18287037037036	10.5830379729131	330
SUMMERSIDE	2011	11	15	319	7.7	13.2	4.62788187661294	-999.9	1.7	6.09953703703703	11.0165715841191	330
SUMMERSIDE	2011	11	16	320	0.7	12.1	6.58011312645516	-999.9	8.7	4.80324074074075	7.17584672846568	330
SUMMERSIDE	2011	11	17	321	0.3	10.6	6.1781892014198	-999.9	5.5	3.87731481481481	7.54763862306395	330
SUMMERSIDE	2011	11	18	322	-1.1	1	2.75613475289716	-999.9	3.1	6.14583333333333	4.56981877211719	330
SUMMERSIDE	2011	11	19	323	-1.6	7.6	5.70065055439629	-999.9	0	6.13425925925925	5.47399136146802	330
SUMMERSIDE	2011	11	20	324	1.9	12.2	5.96190842625341	-999.9	0	7.37268518518519	7.6562373110703	330
SUMMERSIDE	2011	11	21	325	-6.6	2	5.38584155805174	-999.9	0.2	4.50231481481481	3.38964870916227	330
SUMMERSIDE	2011	11	22	326	-8.7	-1	5.0395743584964	-999.9	0	3.02083333333333	2.82048930890688	330
SUMMERSIDE	2011	11	23	327	-5.9	0.8	4.64987788375469	-999.9	8.9	3.72685185185186	4.20462172963213	330
SUMMERSIDE	2011	11	24	328	-5.5	1.2	4.60059188433183	-999.9	0	7.03703703703703	4.12434425971583	330
SUMMERSIDE	2011	11	25	329	-5.2	5.5	5.75389398367708	-999.9	0	5.61342592592592	5.44367130691664	330
SUMMERSIDE	2011	11	26	330	0.6	7.9	4.7049120609356	-999.9	0	5.17361111111111	6.45818416631957	330
SUMMERSIDE	2011	11	27	331	0.1	3.9	3.36150189614472	-999.9	0	4.46759259259258	5.24862622207445	330
SUMMERSIDE	2011	11	28	332	1.1	12.3	5.71660628659898	-999.9	1.6	8.4375	8.04833183418851	330
SUMMERSIDE	2011	11	29	333	-3.1	7	5.3792123079236	-999.9	0	4.08564814814814	5.58534169158288	330
SUMMERSIDE	2011	11	30	334	6.3	16.5	5.3583680508314	-999.9	7.3	8.06763285024156	11.9748050436321	330
SUMMERSIDE	2011	12	1	335	1.2	7.4	4.14241019301366	-999.9	1	4.28240740740742	7.15336007227431	330
SUMMERSIDE	2011	12	2	336	-1.1	3.2	3.42193016828037	-999.9	0	2.03703703703704	5.14207329086438	330
SUMMERSIDE	2011	12	3	337	-1.5	2.1	3.10689851901109	-999.9	0	2.99768518518519	5.10169322491563	330
SUMMERSIDE	2011	12	4	338	-0.6	7.1	4.51048853998478	-999.9	0	6.41203703703703	6.26206495252252	330
SUMMERSIDE	2011	12	5	339	4.6	11.9	4.36123675432148	-999.9	0	5.08101851851853	9.12021043785762	330
SUMMERSIDE	2011	12	6	340	3.2	9.5	4.02494617396008	-999.9	6.8	5.04629629629631	9.02612110912388	330
SUMMERSIDE	2011	12	7	341	3.3	4.5	1.74581139808945	-999.9	5.3	5.55555555555556	7.58378183697041	330
SUMMERSIDE	2011	12	8	342	-2.1	14.2	6.39729417164014	-999.9	17.6	9.47916666666667	7.79705959166694	330
SUMMERSIDE	2011	12	9	343	-2.7	4.9	4.3449765917195	-999.9	0	5.46296296296297	4.58549992981767	330
SUMMERSIDE	2011	12	10	344	-5.8	4.2	4.95957264950896	-999.9	10.2	4.23611111111111	5.04206266661387	330
SUMMERSIDE	2011	12	11	345	-7.5	-1.8	3.7276380650575	-999.9	0	5.33564814814814	2.85262461335934	330
SUMMERSIDE	2011	12	12	346	-4.5	4.8	4.74221242317659	-999.9	0	5.61342592592592	4.35908855844611	330
SUMMERSIDE	2011	12	13	347	-6.9	3.8	5.0683696821417	-999.9	0	2.11805555555556	4.90708457638909	330
SUMMERSIDE	2011	12	14	348	-1.9	0.6	2.44218826721451	-999.9	0	5.18518518518519	3.92228998678849	330
SUMMERSIDE	2011	12	15	349	-2.3	6.4	4.54359219895514	-999.9	11.1	6.89814814814814	5.57480531393131	330
SUMMERSIDE	2011	12	16	350	-2.7	8.3	5.09760506568924	-999.9	4.2	7.95138888888889	6.51003341174488	330
SUMMERSIDE	2011	12	17	351	-8.4	-2.5	3.72672150000114	-999.9	0	4.24768518518519	2.90401096943694	330
SUMMERSIDE	2011	12	18	352	-7.6	-3.1	3.25042679515269	-999.9	0	5.30092592592592	2.86110466594387	330
SUMMERSIDE	2011	12	19	353	-10.6	0.5	5.10072359269024	-999.9	0.8	5.35879629629631	2.95501073296078	330
SUMMERSIDE	2011	12	20	354	-11.5	0.5	5.30152275688446	-999.9	0	7.75462962962964	2.79865773356503	330
SUMMERSIDE	2011	12	21	355	-10.8	3.8	5.84830426963119	-999.9	15.3	6.21527777777778	3.53677927038473	330
SUMMERSIDE	2011	12	22	356	-3	4.6	4.22189723981874	-999.9	1.6	3.63425925925925	6.00490343465885	330
SUMMERSIDE	2011	12	23	357	-5.3	-0.4	3.39351469869532	-999.9	4.5	4.09722222222222	4.68221891581668	330
SUMMERSIDE	2011	12	24	358	-12.2	-5.2	4.06213594567003	-999.9	0.8	7.01388888888889	2.54009921549031	330
SUMMERSIDE	2011	12	25	359	-11	-4.3	3.98197562582472	-999.9	0	4.46759259259258	2.62648070373724	330
SUMMERSIDE	2011	12	26	360	-9	-0.1	4.60058243080659	-999.9	1.3	4.91898148148147	3.79109140709205	330
SUMMERSIDE	2011	12	27	361	-5.9	2.4	4.45566861037723	-999.9	0	7.12962962962964	4.48561394137816	330
SUMMERSIDE	2011	12	28	362	1.1	8.3	4.16383767612556	-999.9	7.6	8.93518518518519	7.53167176635307	330
SUMMERSIDE	2011	12	29	363	-9.5	1.1	5.07142341096792	-999.9	0	11.6898148148148	2.96968430242312	330
SUMMERSIDE	2011	12	30	364	-11	-5.3	3.7347127154646	-999.9	0	6.48148148148147	2.1702903089992	330
SUMMERSIDE	2011	12	31	365	-9.2	4.2	5.75315319548753	-999.9	21.5	3.21759259259258	4.30830399240172	330
