SUMMERSIDE	2020	1	1	1	-2.4	3	3.67089855431759	-999.9	0.2	8.46064814814814	5.31600615751967	330
SUMMERSIDE	2020	1	2	2	-2.3	1.4	3.05550892039696	-999.9	0	7.31481481481481	4.54066307167236	330
SUMMERSIDE	2020	1	3	3	-2.3	6.4	4.71337003178435	-999.9	0	3.13657407407408	6.0402029398662	330
SUMMERSIDE	2020	1	4	4	-1	3.3	3.33483204216964	-999.9	0	3.25231481481481	5.57524606460938	330
SUMMERSIDE	2020	1	5	5	-4.9	-0.6	3.35750597518769	-999.9	0.6	8.53009259259258	4.30983873106857	330
SUMMERSIDE	2020	1	6	6	-6.2	-4.8	1.92957034326952	-999.9	0	3.80787037037036	2.90401096943694	330
SUMMERSIDE	2020	1	7	7	-12.2	-2.7	5.06453600766429	-999.9	0.4	3.56481481481481	2.80126543364987	330
SUMMERSIDE	2020	1	8	8	-9.5	-2.6	4.35057608984339	-999.9	4.3	5	3.50788922677097	330
SUMMERSIDE	2020	1	9	9	-11.9	-4.6	4.51218437546853	-999.9	0.2	8.42592592592592	2.31111067256022	330
SUMMERSIDE	2020	1	10	10	-14.4	1.7	6.75920997432341	-999.9	0	5.32407407407408	3.10464294279637	330
SUMMERSIDE	2020	1	11	11	-1.3	7.8	5.12756488542462	-999.9	13.7	6.15740740740742	7.1756202120214	330
SUMMERSIDE	2020	1	12	12	-5.9	0.2	4.23748419099828	-999.9	30.9	10.1736111111111	4.47765595347517	330
SUMMERSIDE	2020	1	13	13	-7.1	-5.8	1.97518626752408	-999.9	0.7	3.62268518518519	2.89999351018486	330
SUMMERSIDE	2020	1	14	14	-7.4	-4.4	3.03058106820464	-999.9	1.1	3.34490740740742	3.39869831151495	330
SUMMERSIDE	2020	1	15	15	-7.7	-2.7	3.95284682940811	-999.9	2.2	3.70370370370369	3.61414586817078	330
SUMMERSIDE	2020	1	16	16	-14.4	-4.4	5.64950713093923	-999.9	0.3	3.34490740740742	2.46987794609279	330
SUMMERSIDE	2020	1	17	17	-15.4	-5	5.82416542093453	-999.9	0.6	12.3842592592593	2.20911318877623	330
SUMMERSIDE	2020	1	18	18	-17.3	-13.1	3.74251915632229	-999.9	0.2	4.90740740740742	1.39094348334612	330
SUMMERSIDE	2020	1	19	19	-13.2	-2.3	6.09797790571981	-999.9	3.9	6.82870370370369	3.02691136840537	330
SUMMERSIDE	2020	1	20	20	-13.5	-3.2	5.99694740645281	-999.9	0.4	5.26620370370369	2.60026171374146	330
SUMMERSIDE	2020	1	21	21	-22.1	-12.8	5.76624270027164	-999.9	0	3.92361111111111	1.06803689432744	330
SUMMERSIDE	2020	1	22	22	-20.2	-4.7	7.53447286089439	-999.9	0	3.91203703703703	1.88137567928432	330
SUMMERSIDE	2020	1	23	23	-6.8	1.6	5.61504204385323	-999.9	0	6.25	4.10109084282209	330
SUMMERSIDE	2020	1	24	24	-11.4	-2.1	5.98228345208615	-999.9	0	3.26388888888889	3.01846967899061	330
SUMMERSIDE	2020	1	25	25	-16.7	-2.9	7.38002899734108	-999.9	0	1.65509259259259	2.41888479334647	330
SUMMERSIDE	2020	1	26	26	-4.6	4.1	5.93536118593074	-999.9	2.8	6.28472222222222	5.50705475067539	330
SUMMERSIDE	2020	1	27	27	-2.5	2.6	4.60376108653479	-999.9	0.2	5.50925925925925	5.31931554801459	330
SUMMERSIDE	2020	1	28	28	-5.2	-2.5	3.39403357229554	-999.9	0.7	8.63425925925925	4.0977039720128	330
SUMMERSIDE	2020	1	29	29	-11.3	-4.5	5.45829460334577	-999.9	0.2	6.53935185185186	2.64400553259573	330
SUMMERSIDE	2020	1	30	30	-11.4	-7	4.44994043612657	-999.9	0	5.96064814814814	2.28425345849563	330
SUMMERSIDE	2020	1	31	31	-12.6	-2.6	6.79995030002216	-999.9	0	3.83101851851853	2.23901538142554	330
SUMMERSIDE	2020	2	1	32	-13.5	-2.7	7.16380193263157	-999.9	0	1.52777777777778	2.69647473101841	330
SUMMERSIDE	2020	2	2	33	-6.4	-2.7	4.25110869238745	-999.9	0	5.76388888888889	3.82019767509276	330
SUMMERSIDE	2020	2	3	34	-7.8	1.4	6.79679756848878	-999.9	0	5.69444444444445	3.51386531338342	330
SUMMERSIDE	2020	2	4	35	-3.6	1	4.87341778649572	-999.9	0	4.50231481481481	3.97227470825942	330
SUMMERSIDE	2020	2	5	36	-11.5	-0.8	7.5374087050875	-999.9	0	6.33101851851853	2.44302326991685	330
SUMMERSIDE	2020	2	6	37	-12.2	-5.1	6.22675744465086	-999.9	1.3	3.4375	2.46839751259618	330
SUMMERSIDE	2020	2	7	38	-6.3	1.6	6.66150224923565	-999.9	8.5	3.86574074074075	4.78425917607837	330
SUMMERSIDE	2020	2	8	39	-12.5	-6.3	5.98549139481101	-999.9	0.2	7.17592592592592	2.31904570511002	330
SUMMERSIDE	2020	2	9	40	-16.6	-9.7	6.40456496585332	-999.9	0.2	4.52546296296297	1.56895819056315	330
SUMMERSIDE	2020	2	10	41	-10.4	0.3	8.08966087835404	-999.9	1.3	6.66666666666667	3.85184860805024	330
SUMMERSIDE	2020	2	11	42	-14.4	-1.6	8.97481470121807	-999.9	1.9	2.66203703703704	3.06245448286923	330
SUMMERSIDE	2020	2	12	43	-6	-0.6	5.91295860658665	-999.9	4.8	4.69907407407408	4.26190373224487	330
SUMMERSIDE	2020	2	13	44	-12.7	0	9.19812666642757	-999.9	1	6.30787037037036	3.22679803047921	330
SUMMERSIDE	2020	2	14	45	-18.8	-12.6	6.51901371652062	-999.9	0.2	5.86805555555556	1.18037034382962	330
SUMMERSIDE	2020	2	15	46	-25	-6.4	11.4532028927358	-999.9	0	5.19675925925925	1.23931329313738	330
SUMMERSIDE	2020	2	16	47	-6.4	0.3	6.97244788081269	-999.9	0	6.45833333333333	3.87198946228474	330
SUMMERSIDE	2020	2	17	48	-13	2.1	10.6170499285393	-999.9	0	5.16203703703703	2.88871775777811	330
SUMMERSIDE	2020	2	18	49	-17	-3.1	10.3318400405959	-999.9	3.2	3.73842592592592	2.06329235515253	330
SUMMERSIDE	2020	2	19	50	-12.3	1.1	10.2887424719677	-999.9	4	7.12962962962964	3.14676235106687	330
SUMMERSIDE	2020	2	20	51	-19	-12.2	7.43337725248446	-999.9	0.2	7.12962962962964	0.929607619647956	330
SUMMERSIDE	2020	2	21	52	-22	-7.4	11.0461190515594	-999.9	0	4.60648148148147	1.15318354826999	330
SUMMERSIDE	2020	2	22	53	-10.6	0	9.54476423952753	-999.9	0	6.73611111111111	2.71039016167159	330
SUMMERSIDE	2020	2	23	54	-6.6	3.5	9.44772181615753	-999.9	0	5.34722222222222	4.04032554829255	330
SUMMERSIDE	2020	2	24	55	-5.7	2.9	8.83980675308105	-999.9	0	5.01157407407408	4.68197764574658	330
SUMMERSIDE	2020	2	25	56	-2.9	3.5	7.73181755995129	-999.9	0	2.84722222222222	5.21146326356648	330
SUMMERSIDE	2020	2	26	57	-3.8	0.4	6.35013961364353	-999.9	0.6	3.78019323671497	4.77648960088251	330
SUMMERSIDE	2020	2	27	58	-3.4	0.8	6.43750163965999	-999.9	15.3	9.09722222222222	4.96766907309257	330
SUMMERSIDE	2020	2	28	59	-9.6	1.2	10.4641491089581	-999.9	0.8	7.85879629629631	3.3633924485777	330
SUMMERSIDE	2020	2	29	60	-10.4	-1.6	9.5740622040742	-999.9	0	2.67361111111111	3.1847465663888	330
SUMMERSIDE	2020	3	1	61	-4.7	-1.4	5.94205458154221	-999.9	8.4	5.75231481481481	4.64954654930425	330
SUMMERSIDE	2020	3	2	62	-12.9	-0.7	11.5782965468335	-999.9	0.4	4.32870370370369	3.24616260074933	330
SUMMERSIDE	2020	3	3	63	-2.7	4.2	8.82334433086108	-999.9	0.5	4.94212962962964	5.95612714322209	330
SUMMERSIDE	2020	3	4	64	-0.9	3.6	7.21965260002898	-999.9	13.2	8.00925925925925	6.36613498413966	330
SUMMERSIDE	2020	3	5	65	-3.7	0.7	7.23258982985553	-999.9	0.2	9.64120370370369	4.37725737662656	330
SUMMERSIDE	2020	3	6	66	-8.9	-2	9.17496305482608	-999.9	0	3.99305555555556	2.72412778187714	330
SUMMERSIDE	2020	3	7	67	-8	-5	6.12782443252766	-999.9	0	11.3888888888889	2.84793692790747	330
SUMMERSIDE	2020	3	8	68	-10.3	1.3	12.2037438537205	-999.9	0	4.21296296296297	2.83368966240472	330
SUMMERSIDE	2020	3	9	69	-8.6	-2.5	8.96187404278746	-999.9	2.1	4.51388888888889	3.15688055798348	330
SUMMERSIDE	2020	3	10	70	-8.8	1.5	11.7916011593963	-999.9	2.1	4.52546296296297	4.01835155426358	330
SUMMERSIDE	2020	3	11	71	-5.7	0.9	9.55643397435484	-999.9	0.8	4.47916666666667	4.33392550195176	330
SUMMERSIDE	2020	3	12	72	-13.7	-1.8	12.9901956954099	-999.9	0	3.4375	2.47147528515602	330
SUMMERSIDE	2020	3	13	73	-14.4	3.5	16.1263026494509	-999.9	7.9	7.07175925925925	3.25745408332979	330
SUMMERSIDE	2020	3	14	74	-4.6	4	11.3128122471556	-999.9	0	8.95833333333333	4.09095386812832	330
SUMMERSIDE	2020	3	15	75	-6.6	-1.5	8.81588199895769	-999.9	0	6.53935185185186	2.89953784548412	330
SUMMERSIDE	2020	3	16	76	-11.8	-5	10.3000671476618	-999.9	0	5.08101851851853	2.44938400844857	330
SUMMERSIDE	2020	3	17	77	-9.6	1	13.0103332905085	-999.9	0.5	6.53935185185186	3.6396190194979	330
SUMMERSIDE	2020	3	18	78	-6.5	1.2	11.2169591625058	-999.9	0	5.98379629629631	3.12070074541607	330
SUMMERSIDE	2020	3	19	79	-11.1	3	15.3524427786374	-999.9	0	3.34490740740742	2.67097492737105	330
SUMMERSIDE	2020	3	20	80	1	5.9	9.15266380007191	-999.9	4.4	8.37962962962964	7.16452117079759	330
SUMMERSIDE	2020	3	21	81	-8.4	7.1	16.4603778456475	-999.9	0	9.02777777777778	3.20930100843822	330
SUMMERSIDE	2020	3	22	82	-10.8	-4.6	10.5253565902462	-999.9	0	5.96064814814814	1.79547943189906	330
SUMMERSIDE	2020	3	23	83	-10.7	-0.3	13.7805593340537	-999.9	0	3.63425925925925	2.65931958289573	330
SUMMERSIDE	2020	3	24	84	-5.9	-1.2	9.36375760130246	-999.9	3.1	6.29629629629631	4.18881120291375	330
SUMMERSIDE	2020	3	25	85	-6.1	1.6	12.1126515084737	-999.9	0	2.66203703703704	4.13498255534518	330
SUMMERSIDE	2020	3	26	86	-4	1.6	10.4381086882533	-999.9	1.2	5.06944444444445	4.64815345801506	330
SUMMERSIDE	2020	3	27	87	-2.1	0.6	7.32292726325655	-999.9	0.4	6.74768518518519	5.23747275082235	330
SUMMERSIDE	2020	3	28	88	-7.3	6.9	16.9653551619062	-999.9	0	5.59027777777778	3.29667167683451	330
SUMMERSIDE	2020	3	29	89	-9.2	5.4	17.3760840217211	-999.9	0	2.29166666666667	3.68717737438916	330
SUMMERSIDE	2020	3	30	90	-2.3	-0.4	6.33066890188181	-999.9	0	7.63888888888889	4.56765077694467	330
SUMMERSIDE	2020	3	31	91	-1.6	-0.4	5.08043928883346	-999.9	0	6.89814814814814	5.15662072362812	330
SUMMERSIDE	2020	4	1	92	-0.8	1.6	7.25428405370088	-999.9	2.1	2.62731481481481	6.0680755544745	330
SUMMERSIDE	2020	4	2	93	0.9	3.3	7.32340838377103	-999.9	0	10.4166666666667	6.61004130605943	330
SUMMERSIDE	2020	4	3	94	-0.4	2.9	8.66809528214613	-999.9	0	11.5162037037037	5.82346862576507	330
SUMMERSIDE	2020	4	4	95	-1.8	0	6.4610397363304	-999.9	0	6.13425925925925	4.95981193350809	330
SUMMERSIDE	2020	4	5	96	-1.8	4.1	11.8040765618598	-999.9	0	2.73148148148148	5.13179227557842	330
SUMMERSIDE	2020	4	6	97	-0.1	7.1	13.1568691076458	-999.9	1.7	6.64351851851853	5.18475755266064	330
SUMMERSIDE	2020	4	7	98	-1.9	1.9	9.64270546463693	-999.9	0	4.23611111111111	3.91778998333333	330
SUMMERSIDE	2020	4	8	99	-3.5	2.6	12.3234810489238	-999.9	0	3.39120370370369	4.54959882142651	330
SUMMERSIDE	2020	4	9	100	-2.3	7.2	15.5107339625524	-999.9	0.9	3.59953703703703	4.57390455449675	330
SUMMERSIDE	2020	4	10	101	-1.4	3.4	11.1181882466175	-999.9	5.1	9.31712962962964	5.93542122010266	330
SUMMERSIDE	2020	4	11	102	-0.5	5.4	12.4286281220968	-999.9	0.2	7.24537037037036	5.33506538917174	330
SUMMERSIDE	2020	4	12	103	0.2	8.9	15.2153402157547	-999.9	0	6.09953703703703	5.41077034980084	330
SUMMERSIDE	2020	4	13	104	0.3	11.2	17.1672753044015	-999.9	7.5	6.99074074074075	7.83706453144005	330
SUMMERSIDE	2020	4	14	105	2.1	12.6	16.9820553687992	-999.9	0.2	7.89351851851853	6.94886519105541	330
SUMMERSIDE	2020	4	15	106	1.4	7.8	13.3608673226667	-999.9	0	3.68055555555556	5.27838406859579	330
SUMMERSIDE	2020	4	16	107	-1.1	5	13.1431788520982	-999.9	0	4.76851851851853	4.37434745914026	330
SUMMERSIDE	2020	4	17	108	-1.6	6.1	14.8769422419885	-999.9	0	4.07407407407408	4.12266374688033	330
SUMMERSIDE	2020	4	18	109	-3.1	6	16.2916103834038	-999.9	0	4.20138888888889	4.02388184290019	330
SUMMERSIDE	2020	4	19	110	-1.6	3.8	12.6403068218782	-999.9	0	5.23148148148147	5.28329339739861	330
SUMMERSIDE	2020	4	20	111	-1.6	9.5	18.2508158380835	-999.9	0	6.37731481481481	5.37061641139474	330
SUMMERSIDE	2020	4	21	112	-2.7	9.7	19.4238166510794	-999.9	0	3.95833333333333	4.52105601550129	330
SUMMERSIDE	2020	4	22	113	-2	7.6	17.2070094037682	-999.9	2.7	8.54166666666667	5.29682833789425	330
SUMMERSIDE	2020	4	23	114	-2.9	4.9	15.6137240127103	-999.9	0	8.27546296296297	3.50242085892116	330
SUMMERSIDE	2020	4	24	115	0	11.4	18.9996087560826	-999.9	0	4.78009259259258	4.34583431718974	330
SUMMERSIDE	2020	4	25	116	-1.9	11.8	20.9618410964824	-999.9	0	4.08564814814814	4.06348568712791	330
SUMMERSIDE	2020	4	26	117	-2.4	12.2	21.7754235023907	-999.9	0	3.47222222222222	4.36797524798317	330
SUMMERSIDE	2020	4	27	118	2.2	6.7	12.1635928786426	-999.9	0	9.1087962962963	4.9774688562491	330
SUMMERSIDE	2020	4	28	119	1.9	4.9	9.99139990571551	-999.9	0	10.6828703703704	5.58871801711123	330
SUMMERSIDE	2020	4	29	120	-3.4	4.7	16.5144169400048	-999.9	0	6.70138888888889	4.99731949767642	330
SUMMERSIDE	2020	4	30	121	-4.3	13.6	24.6914994416874	-999.9	0	3.92361111111111	5.80156776307121	330
SUMMERSIDE	2020	5	1	122	3.5	16.2	20.9155110939693	-999.9	6.4	8.62268518518519	8.85508270972418	330
SUMMERSIDE	2020	5	2	123	4.5	11.3	15.3890735847162	-999.9	1.3	5.89120370370369	9.32570144704812	330
SUMMERSIDE	2020	5	3	124	2.7	13.2	19.226049736466	-999.9	0.8	4.50231481481481	6.24536698246387	330
SUMMERSIDE	2020	5	4	125	3	10.6	16.4431818077648	-999.9	13.7	5.67129629629631	8.33539165253168	330
SUMMERSIDE	2020	5	5	126	0.7	3.2	9.47936487220372	-999.9	7.6	8.90046296296297	6.59836435615925	330
SUMMERSIDE	2020	5	6	127	0.1	11.1	19.9840052979901	-999.9	0	6.19212962962964	6.47749888466825	330
SUMMERSIDE	2020	5	7	128	-0.8	7.9	17.859521623673	-999.9	0	2.60416666666667	5.91633953264479	330
SUMMERSIDE	2020	5	8	129	0.2	11.1	20.0860596271402	-999.9	1.3	3.99305555555556	6.92658517631975	330
SUMMERSIDE	2020	5	9	130	0.4	6.1	14.5927715672528	-999.9	9.4	5.69444444444445	6.9196951570554	330
SUMMERSIDE	2020	5	10	131	1.5	5.5	12.2799617617057	-999.9	3	10.3935185185185	5.75974650812047	330
SUMMERSIDE	2020	5	11	132	3.6	14.5	20.3608067234829	-999.9	0	7.8125	6.92453862831059	330
SUMMERSIDE	2020	5	12	133	2.5	8.1	14.6567861971588	-999.9	13.4	3.4375	7.93918267005067	330
SUMMERSIDE	2020	5	13	134	2.1	10.1	17.5914351031308	-999.9	0	6.09953703703703	6.22110009865695	330
SUMMERSIDE	2020	5	14	135	2.2	12.8	20.3315042400566	-999.9	0	6.875	5.2313690832084	330
SUMMERSIDE	2020	5	15	136	-0.2	13.4	23.1203991137263	-999.9	0	2.78935185185186	5.85620342970144	330
SUMMERSIDE	2020	5	16	137	-0.2	9.2	19.2951566247196	-999.9	0.3	2.97453703703703	5.81613750955791	330
SUMMERSIDE	2020	5	17	138	1	20.6	27.9653564005119	-999.9	0	4.72222222222222	8.2585597032987	330
SUMMERSIDE	2020	5	18	139	0.7	12.4	21.6841718129193	-999.9	0	4.07407407407408	7.09595680200592	330
SUMMERSIDE	2020	5	19	140	-0.1	9.8	20.0158917292638	-999.9	0	4.58333333333333	5.57505886423081	330
SUMMERSIDE	2020	5	20	141	0.9	19.8	27.7488977396816	-999.9	0	4.20138888888889	6.48999455191215	330
SUMMERSIDE	2020	5	21	142	8.4	22.7	24.215340921689	-999.9	0	7.69675925925925	9.90825424666906	330
SUMMERSIDE	2020	5	22	143	0.7	22	29.6463027980009	-999.9	0	6.50462962962964	6.96888322558425	330
SUMMERSIDE	2020	5	23	144	-1.2	9.6	21.1739265624201	-999.9	0	5.84490740740742	3.98657542970481	330
SUMMERSIDE	2020	5	24	145	-1.4	18.7	28.9699091481941	-999.9	0	4.30555555555556	5.90681360869018	330
SUMMERSIDE	2020	5	25	146	7.1	20.7	23.8962141638745	-999.9	0	7.62731481481481	6.90313654149808	330
SUMMERSIDE	2020	5	26	147	10.1	22.6	22.9708107882417	-999.9	0	8.40277777777778	14.3572546860608	330
SUMMERSIDE	2020	5	27	148	13.1	21.9	19.3230469497349	-999.9	1.6	3.65740740740742	17.5111635825353	330
SUMMERSIDE	2020	5	28	149	13	25.2	22.8075470399408	-999.9	0	9.00462962962964	17.0942143908694	330
SUMMERSIDE	2020	5	29	150	13.3	23.3	20.6973448475356	-999.9	0	10.474537037037	17.5972233005032	330
SUMMERSIDE	2020	5	30	151	13.4	19.8	16.5948111352725	-999.9	0.2	9.65277777777778	16.7460179192313	330
SUMMERSIDE	2020	5	31	152	7.9	21.7	24.4197612669758	-999.9	0	4.10879629629631	13.7468986998464	330
SUMMERSIDE	2020	6	1	153	4.8	13.7	19.6502643019429	-999.9	0	4.31712962962964	8.04777915789856	330
SUMMERSIDE	2020	6	2	154	7.1	11.8	14.3069132173707	-999.9	4.7	4.00462962962964	9.21990808947367	330
SUMMERSIDE	2020	6	3	155	5.8	16.4	21.5241386382373	-999.9	0	7.02546296296297	9.49737216280961	330
SUMMERSIDE	2020	6	4	156	10.4	22.9	23.4129431325756	-999.9	0	5.99537037037036	13.1307018976081	330
SUMMERSIDE	2020	6	5	157	13.2	24.7	22.4921257844347	-999.9	0	7.26851851851853	16.7948627571986	330
SUMMERSIDE	2020	6	6	158	9.8	16	16.5390487894793	-999.9	1	5.55555555555556	12.2688007073446	330
SUMMERSIDE	2020	6	7	159	8.8	11.1	10.0870532448303	-999.9	2.5	7.62731481481481	9.90956025217512	330
SUMMERSIDE	2020	6	8	160	5	12.6	18.3588553397456	-999.9	0.4	3.44907407407408	9.40606870601465	330
SUMMERSIDE	2020	6	9	161	1.8	17	25.9927232282775	-999.9	0	4.64120370370369	8.9656514977564	330
SUMMERSIDE	2020	6	10	162	1.4	19.5	28.3931326440665	-999.9	0	4.38657407407408	7.78799346229458	330
SUMMERSIDE	2020	6	11	163	10.9	21	21.2291040517649	-999.9	0	9.87268518518519	10.6565672601055	330
SUMMERSIDE	2020	6	12	164	13.8	17.7	13.2024101378388	-999.9	8.1	6.14583333333333	16.8411773383	330
SUMMERSIDE	2020	6	13	165	10	18.9	19.9580864265671	-999.9	0	4.57175925925925	13.0394365685636	330
SUMMERSIDE	2020	6	14	166	9.9	13.9	13.3878230801214	-999.9	0	6.96759259259258	10.3460345317427	330
SUMMERSIDE	2020	6	15	167	9.2	17.5	19.294264613046	-999.9	0	2.80092592592592	10.4187620994416	330
SUMMERSIDE	2020	6	16	168	9.2	25.6	27.1314814827159	-999.9	0	4.40972222222222	12.1465479946408	330
SUMMERSIDE	2020	6	17	169	13.3	26.1	23.9757494998323	-999.9	0	6.75925925925925	12.2232655582845	330
SUMMERSIDE	2020	6	18	170	13.7	28.9	26.131111329215	-999.9	0	6.81712962962964	16.1831763920054	330
SUMMERSIDE	2020	6	19	171	15	30.1	26.0463409924078	-999.9	0	5.77546296296297	18.3592809957773	330
SUMMERSIDE	2020	6	20	172	11.7	15.9	13.7359392634382	-999.9	0	5.06944444444445	13.9677054324934	330
SUMMERSIDE	2020	6	21	173	11.3	24.2	24.0689621707457	-999.9	0	3.71527777777778	16.2761988885791	330
SUMMERSIDE	2020	6	22	174	14.6	27.9	24.4326435718453	-999.9	0	4.76851851851853	19.4473665221545	330
SUMMERSIDE	2020	6	23	175	17.3	28.9	22.8091503875502	-999.9	0	4.83796296296297	22.9061768871859	330
SUMMERSIDE	2020	6	24	176	16.4	28.7	23.4758590398071	-999.9	0	5.96064814814814	21.5113815022596	330
SUMMERSIDE	2020	6	25	177	15	26.9	23.0772783227192	-999.9	0	5.47453703703703	20.195429725395	330
SUMMERSIDE	2020	6	26	178	14.1	27.9	24.8339704232089	-999.9	0	3.68055555555556	17.1780806165003	330
SUMMERSIDE	2020	6	27	179	16.4	26.7	21.437496434904	-999.9	0	4.44444444444444	19.2790190480957	330
SUMMERSIDE	2020	6	28	180	16.1	25.8	20.7846859320835	-999.9	0	5.01157407407408	18.5722306826657	330
SUMMERSIDE	2020	6	29	181	15.7	21.5	16.0556181291787	-999.9	0	3.63425925925925	18.9174366297685	330
SUMMERSIDE	2020	6	30	182	16.7	22.5	16.0374650965326	-999.9	0	4.0625	21.0793801074929	330
SUMMERSIDE	2020	7	1	183	16.8	24.5	18.4556357734707	-999.9	0	2.78935185185186	21.8587684049449	330
SUMMERSIDE	2020	7	2	184	14.8	27.8	23.9480652673008	-999.9	5.3	5.96064814814814	22.0438813984094	330
SUMMERSIDE	2020	7	3	185	13.5	20.1	17.0387989144786	-999.9	0	4.27083333333333	13.9667198264797	330
SUMMERSIDE	2020	7	4	186	14.2	22.2	18.7298090784927	-999.9	0	5.87962962962964	16.2455245332657	330
SUMMERSIDE	2020	7	5	187	13.7	21	17.8617568451419	-999.9	0.7	4.56018518518519	16.1016075009618	330
SUMMERSIDE	2020	7	6	188	9.1	17.2	18.7816012477861	-999.9	2.3	4.09722222222222	13.0196477451376	330
SUMMERSIDE	2020	7	7	189	9.8	21.9	22.912003412082	-999.9	0	3.59953703703703	13.6570333610004	330
SUMMERSIDE	2020	7	8	190	14.4	19.7	15.1335712515393	-999.9	9.3	6.45833333333333	16.5363232444894	330
SUMMERSIDE	2020	7	9	191	15.6	26.2	21.3571005503933	-999.9	0.2	2.91666666666667	21.6124510728125	330
SUMMERSIDE	2020	7	10	192	13.4	28.7	25.6019836628735	-999.9	0	2.1875	19.0092993860364	330
SUMMERSIDE	2020	7	11	193	17.7	28.5	21.4600584250443	-999.9	0.4	5.81018518518519	24.0414339760707	330
SUMMERSIDE	2020	7	12	194	19.2	27.9	19.2141975953919	-999.9	1.3	6.71296296296297	25.0894829246116	330
SUMMERSIDE	2020	7	13	195	17.2	29.5	22.7882599047184	-999.9	0	5.91435185185186	21.7962234976029	330
SUMMERSIDE	2020	7	14	196	14.9	17.3	10.0395091121012	-999.9	0	7.37268518518519	15.2335084130508	330
SUMMERSIDE	2020	7	15	197	14	16	9.13949614247623	-999.9	0	8.00925925925925	13.4044299340183	330
SUMMERSIDE	2020	7	16	198	7.9	19.5	21.9476828008725	-999.9	0	4.67592592592592	10.7161237937973	330
SUMMERSIDE	2020	7	17	199	8	22	24.0396431966665	-999.9	1.8	3.35648148148147	13.0334717878933	330
SUMMERSIDE	2020	7	18	200	13.9	23.1	19.4273690594483	-999.9	0.3	3.42592592592592	18.6122333562282	330
SUMMERSIDE	2020	7	19	201	15.9	30	23.9738246541659	-999.9	0	3.93518518518519	22.1866436299882	330
SUMMERSIDE	2020	7	20	202	19.1	27.4	18.3326805031914	-999.9	0	8.29861111111111	22.5143857215767	330
SUMMERSIDE	2020	7	21	203	14.3	28.6	23.9808959519569	-999.9	0	3.59567901234567	18.628029773003	330
SUMMERSIDE	2020	7	22	204	12.4	27.9	24.8785372146959	-999.9	0	3.44907407407408	13.9474491655789	330
SUMMERSIDE	2020	7	23	205	17.6	24.4	16.4182184371978	-999.9	0	2.56944444444444	19.7896482935091	330
SUMMERSIDE	2020	7	24	206	17.1	28.6	21.2708023594999	-999.9	0	2.65046296296296	21.0183106320952	330
SUMMERSIDE	2020	7	25	207	17	31.7	23.955630995199	-999.9	0	4.03935185185186	19.5141137415929	330
SUMMERSIDE	2020	7	26	208	14.3	23.6	18.9781923868541	-999.9	0.2	3.44907407407408	18.3667957246211	330
SUMMERSIDE	2020	7	27	209	14.1	26.1	21.4693378741498	-999.9	0	2.70833333333333	18.918135000877	330
SUMMERSIDE	2020	7	28	210	20.4	25.5	13.9372729999494	-999.9	8.1	2.70833333333333	25.563125993899	330
SUMMERSIDE	2020	7	29	211	18.9	24.5	14.5412336319626	-999.9	0	2.08333333333333	23.7849965077194	330
SUMMERSIDE	2020	7	30	212	17.5	29.2	20.9249441397018	-999.9	1.1	2.73148148148148	23.7592002431312	330
SUMMERSIDE	2020	7	31	213	16.9	25.5	17.8580544046899	-999.9	0.6	2.28009259259259	20.7820384120754	330
SUMMERSIDE	2020	8	1	214	13.9	23.1	18.3840651621121	-999.9	1	3.29861111111111	17.6232635608518	330
SUMMERSIDE	2020	8	2	215	15.3	31	23.9006185202041	-999.9	0	3.83101851851853	19.5240568098833	330
SUMMERSIDE	2020	8	3	216	19.2	29.8	19.5421638302476	-999.9	0	7.01388888888889	22.8345216099314	330
SUMMERSIDE	2020	8	4	217	16.6	28.7	20.7740560235405	-999.9	0	5.52083333333333	20.582089821362	330
SUMMERSIDE	2020	8	5	218	16.5	28.9	20.9216825306377	-999.9	0	7.40740740740742	21.6769331247893	330
SUMMERSIDE	2020	8	6	219	18.5	28.7	18.8751763620735	-999.9	0	6.44675925925925	17.2702496613754	330
SUMMERSIDE	2020	8	7	220	16.8	29.9	21.2754874608273	-999.9	0	4.91898148148147	16.1227419282104	330
SUMMERSIDE	2020	8	8	221	16.2	31.3	22.7160497312789	-999.9	0	3.44907407407408	18.3800020489927	330
SUMMERSIDE	2020	8	9	222	17.2	31.9	22.2869556499141	-999.9	0	4.81481481481481	19.1925197135361	330
SUMMERSIDE	2020	8	10	223	16.5	30.8	21.8552044713676	-999.9	0	4.28240740740742	21.4453793086647	330
SUMMERSIDE	2020	8	11	224	20.2	30.4	18.349679961218	-999.9	0	6.93287037037036	25.2458753379321	330
SUMMERSIDE	2020	8	12	225	21.1	29.6	16.6504491142521	-999.9	0	7.74305555555556	25.8714686796822	330
SUMMERSIDE	2020	8	13	226	19.2	30.4	18.9958993284859	-999.9	0	3.17129629629631	20.4709721445839	330
SUMMERSIDE	2020	8	14	227	15.8	28	19.7020378372977	-999.9	0	4.98842592592592	18.7781035956724	330
SUMMERSIDE	2020	8	15	228	17.1	25	15.7532781810555	-999.9	15.5	5.79861111111111	18.8532296045418	330
SUMMERSIDE	2020	8	16	229	17	23.5	14.196646473937	-999.9	0.2	3.39120370370369	18.5403152837487	330
SUMMERSIDE	2020	8	17	230	11.4	22.6	18.5120740085071	-999.9	0.4	2.83564814814814	14.5989794918262	330
SUMMERSIDE	2020	8	18	231	11.1	22.7	18.7127269324887	-999.9	0	3.78472222222222	14.0073036555782	330
SUMMERSIDE	2020	8	19	232	16.6	26.3	16.994201934187	-999.9	0	5.46296296296297	17.1357151292028	330
SUMMERSIDE	2020	8	20	233	11.2	24.4	19.6858088025132	-999.9	0	5.26620370370369	11.6213935415272	330
SUMMERSIDE	2020	8	21	234	11.6	19.9	15.4989069602471	-999.9	0.2	2.73148148148148	14.5687526752472	330
SUMMERSIDE	2020	8	22	235	10.5	25	20.3369522021385	-999.9	0.2	2.44212962962963	13.0057081176308	330
SUMMERSIDE	2020	8	23	236	10.6	26.8	21.3374792524911	-999.9	0	3.78472222222222	15.0485118495391	330
SUMMERSIDE	2020	8	24	237	14.1	24.8	17.2109529141498	-999.9	0	3.77314814814814	15.5432654429562	330
SUMMERSIDE	2020	8	25	238	17.2	21.9	11.3196464368267	-999.9	48.3	5.57870370370369	19.743430259123	330
SUMMERSIDE	2020	8	26	239	11.4	19	14.2825227071266	-999.9	0.2	7.46527777777778	10.6514057800397	330
SUMMERSIDE	2020	8	27	240	10.8	18.6	14.3549844439944	-999.9	0	8.55324074074075	9.51617033034652	330
SUMMERSIDE	2020	8	28	241	10.7	21.8	16.9870177982975	-999.9	0	4.52546296296297	11.3557393155841	330
SUMMERSIDE	2020	8	29	242	10.5	20.3	15.831121601328	-999.9	21.6	3.48379629629631	12.3335607324143	330
SUMMERSIDE	2020	8	30	243	11.8	20.6	14.8773504670349	-999.9	7.4	5.16203703703703	16.9796807676712	330
SUMMERSIDE	2020	8	31	244	8.1	18.7	16.1906871097415	-999.9	0	4.20138888888889	11.5699709980836	330
SUMMERSIDE	2020	9	1	245	7	21.8	18.9676553572879	-999.9	0	2.19907407407407	11.6462757141329	330
SUMMERSIDE	2020	9	2	246	12.4	21.4	14.662794183221	-999.9	0	6.40096618357489	13.8922844115484	330
SUMMERSIDE	2020	9	3	247	17.5	23.2	11.5661216991682	-999.9	7.4	5.98379629629631	21.0369711147031	330
SUMMERSIDE	2020	9	4	248	15.2	24.3	14.4833141502329	-999.9	2.4	7.06018518518519	19.603586447665	330
SUMMERSIDE	2020	9	5	249	12.5	22.7	15.1944955738808	-999.9	0	3.86574074074075	13.2186291293669	330
SUMMERSIDE	2020	9	6	250	10.8	22.5	16.1235274640363	-999.9	0	3.64583333333333	13.0633164797024	330
SUMMERSIDE	2020	9	7	251	9.9	24	17.5347501581932	-999.9	0	4.91898148148147	13.8220431701968	330
SUMMERSIDE	2020	9	8	252	16.4	24.7	13.3258197959771	-999.9	0	6.42512077294686	18.5856535900868	330
SUMMERSIDE	2020	9	9	253	12.8	24.4	15.602376122884	-999.9	0	2.39583333333333	17.9939788227229	330
SUMMERSIDE	2020	9	10	254	13.9	24.4	14.6995926916381	-999.9	5.7	4.40972222222222	19.3512426978889	330
SUMMERSIDE	2020	9	11	255	5.1	15.2	14.2745478443331	-999.9	0	6.00694444444445	10.0066497556641	330
SUMMERSIDE	2020	9	12	256	8.3	20.1	15.2748135998342	-999.9	0	3.58796296296297	11.821635732937	330
SUMMERSIDE	2020	9	13	257	12.3	20.9	12.9080230139216	-999.9	0.8	6.33101851851853	13.2845946777857	330
SUMMERSIDE	2020	9	14	258	10.3	20.6	13.9812889913473	-999.9	0.4	6.77083333333333	12.0846936315822	330
SUMMERSIDE	2020	9	15	259	4.6	14.8	13.7685901672738	-999.9	0	3.22916666666667	8.40313516616667	330
SUMMERSIDE	2020	9	16	260	3.9	17.2	15.5567511636089	-999.9	0	7.43055555555556	8.8600006761382	330
SUMMERSIDE	2020	9	17	261	11.8	20.9	12.7309449477253	-999.9	0	7.19907407407408	14.1497805934927	330
SUMMERSIDE	2020	9	18	262	9.2	12.7	7.81023808908988	-999.9	0	6.00694444444445	8.97320644465764	330
SUMMERSIDE	2020	9	19	263	1.1	14.3	15.002073637513	-999.9	0	4.43287037037036	6.98311509106941	330
SUMMERSIDE	2020	9	20	264	0.8	12.9	14.2048030492342	-999.9	1.4	3.22916666666667	7.5227548702194	330
SUMMERSIDE	2020	9	21	265	3.1	14.8	13.8120515948955	-999.9	0	2.53472222222222	7.78093503263027	330
SUMMERSIDE	2020	9	22	266	3.9	13.2	12.1751530320935	-999.9	38.9	7.63888888888889	9.16586457789135	330
SUMMERSIDE	2020	9	23	267	9.7	15.7	9.6676677485326	-999.9	28.6	9.08564814814814	12.9999357675941	330
SUMMERSIDE	2020	9	24	268	7.2	19.8	13.848108835259	-999.9	0	4.78009259259258	11.2313252126284	330
SUMMERSIDE	2020	9	25	269	5.5	16.5	12.7881340139868	-999.9	0	3.44907407407408	8.96222332783432	330
SUMMERSIDE	2020	9	26	270	3.8	20.6	15.6177429479689	-999.9	0	5.05787037037036	10.5169327525176	330
SUMMERSIDE	2020	9	27	271	13.6	22	10.9119881022457	-999.9	0	8.44907407407408	17.7262488428723	330
SUMMERSIDE	2020	9	28	272	17.1	24.9	10.3886875977094	-999.9	0	7.45370370370369	21.6000577588459	330
SUMMERSIDE	2020	9	29	273	19.3	25.4	9.07562930794233	-999.9	0.2	7.22222222222222	23.4391074236833	330
SUMMERSIDE	2020	9	30	274	13.8	24.7	11.9832232565993	-999.9	6.2	9.43287037037036	19.8911033141121	330
SUMMERSIDE	2020	10	1	275	13.4	20.4	9.48438106489821	-999.9	0	6.55092592592592	15.4088395015072	330
SUMMERSIDE	2020	10	2	276	12.5	19.2	9.16323636085926	-999.9	0	4.08564814814814	15.6220741323674	330
SUMMERSIDE	2020	10	3	277	9.6	15.6	8.5623221306855	-999.9	0.9	3.35648148148147	11.5050510954384	330
SUMMERSIDE	2020	10	4	278	5.2	13.6	10.002625901894	-999.9	0.4	2.5	7.99359131885821	330
SUMMERSIDE	2020	10	5	279	7.4	16	9.99164911848446	-999.9	1.9	3.61111111111111	11.1479289918848	330
SUMMERSIDE	2020	10	6	280	10.7	17.8	8.96162974982659	-999.9	0	6.72453703703703	12.6894021627899	330
SUMMERSIDE	2020	10	7	281	12.1	17.5	7.71404455696842	-999.9	9.1	6.01851851851853	14.0567673180807	330
SUMMERSIDE	2020	10	8	282	5.1	13.4	9.43866656351006	-999.9	1.1	10.2083333333333	8.54385072392058	330
SUMMERSIDE	2020	10	9	283	4	9.5	7.58227570887619	-999.9	0	9.35185185185186	4.57851530363275	330
SUMMERSIDE	2020	10	10	284	7.4	16.9	9.83305411528232	-999.9	14	9.01620370370369	10.3683045338557	330
SUMMERSIDE	2020	10	11	285	0.5	14.2	11.650877340451	-999.9	1.2	6.75925925925925	7.65059788276297	330
SUMMERSIDE	2020	10	12	286	0.2	9.7	9.57187062033571	-999.9	0	2.30324074074074	6.20907467333123	330
SUMMERSIDE	2020	10	13	287	-1.3	12.8	11.5039743730884	-999.9	0	3.37962962962964	7.22772797373884	330
SUMMERSIDE	2020	10	14	288	7.5	18.1	9.83927432169862	-999.9	15.8	7.70833333333333	13.4069786237448	330
SUMMERSIDE	2020	10	15	289	6.3	16.4	9.47355418984753	-999.9	0	4.24768518518519	10.8217029117688	330
SUMMERSIDE	2020	10	16	290	9.9	19.8	9.2509061064275	-999.9	0	6.65509259259258	11.8795053096366	330
SUMMERSIDE	2020	10	17	291	5.8	18	10.128272152908	-999.9	21	7.68518518518519	11.6983049606803	330
SUMMERSIDE	2020	10	18	292	3.7	12.8	8.62663478587524	-999.9	0	3.86574074074075	8.01203920199395	330
SUMMERSIDE	2020	10	19	293	4.6	14	8.64626707997033	-999.9	2.2	2.80092592592592	10.3415432540597	330
SUMMERSIDE	2020	10	20	294	9.3	15.4	6.86838621039341	-999.9	6	4.34027777777778	12.8247647393875	330
SUMMERSIDE	2020	10	21	295	7.2	16	8.13466534693507	-999.9	0.3	5.32407407407408	11.3601958028759	330
SUMMERSIDE	2020	10	22	296	3.7	15.2	9.1694198900589	-999.9	0.3	4.35185185185186	9.23210454171834	330
SUMMERSIDE	2020	10	23	297	2.1	10.9	7.90892591176689	-999.9	0	3.06712962962964	7.66288570700062	330
SUMMERSIDE	2020	10	24	298	6.1	13.3	7.05370059098189	-999.9	0	5.56712962962964	9.89848036949292	330
SUMMERSIDE	2020	10	25	299	-1.9	6.8	7.64503010130043	-999.9	0	5.41666666666667	4.86063329776519	330
SUMMERSIDE	2020	10	26	300	-2.2	8.2	8.24142238024602	-999.9	3.6	2.17592592592593	5.17904281186401	330
SUMMERSIDE	2020	10	27	301	0.6	8.7	7.17123749726376	-999.9	5.4	4.81481481481481	7.04195224476295	330
SUMMERSIDE	2020	10	28	302	-2.2	3.4	5.879156292518	-999.9	0.2	3.26388888888889	4.332256667681	330
SUMMERSIDE	2020	10	29	303	1.5	8.6	6.52718781484841	-999.9	0	4.34027777777778	6.40618815502429	330
SUMMERSIDE	2020	10	30	304	0.7	3.7	4.18353495173197	-999.9	0	7.59259259259258	4.04176845533544	330
SUMMERSIDE	2020	10	31	305	-3.3	4.5	6.65164812194609	-999.9	0	4.29398148148147	3.69123225322758	330
SUMMERSIDE	2020	11	1	306	-2.6	11.7	8.88108622953292	-999.9	4	7.26851851851853	5.79498791861406	330
SUMMERSIDE	2020	11	2	307	-1	14.4	9.08856061823546	-999.9	10.1	11.2384259259259	8.46717359290649	330
SUMMERSIDE	2020	11	3	308	-2.7	0.8	4.27296952459993	-999.9	0	6.15740740740742	3.52333421503775	330
SUMMERSIDE	2020	11	4	309	-3.9	2.6	5.74303805699761	-999.9	0	4.02777777777778	3.09117277769204	330
SUMMERSIDE	2020	11	5	310	2.2	12.7	7.19947947574763	-999.9	0	7.89351851851853	7.9745387123178	330
SUMMERSIDE	2020	11	6	311	10.1	13.4	3.9812652446302	-999.9	0	7.56944444444445	12.1482749828022	330
SUMMERSIDE	2020	11	7	312	3.4	14.3	7.13798311677062	-999.9	0	5.40509259259258	8.33515105988906	330
SUMMERSIDE	2020	11	8	313	3.2	6	3.56930862291888	-999.9	0.3	2.96296296296297	5.9208773546858	330
SUMMERSIDE	2020	11	9	314	5.4	14.1	6.20806959740603	-999.9	0	4.82638888888889	10.7305152240905	330
SUMMERSIDE	2020	11	10	315	9.2	19.2	6.56813853475158	-999.9	0	6.18055555555556	13.0275103234601	330
SUMMERSIDE	2020	11	11	316	9	15.5	5.22639643335218	-999.9	0	7.19907407407408	13.0938075209472	330
SUMMERSIDE	2020	11	12	317	3.9	13.2	6.17096561261871	-999.9	0.2	4.29398148148147	9.05988876177355	330
SUMMERSIDE	2020	11	13	318	-0.1	7.5	5.50746468890477	-999.9	0.5	3.25231481481481	5.94819806895668	330
SUMMERSIDE	2020	11	14	319	2.9	6.7	3.84540451678157	-999.9	2.7	3.50694444444444	7.69966802328403	330
SUMMERSIDE	2020	11	15	320	-2.2	3.8	4.77208321483555	-999.9	0.2	4.32870370370369	4.54161469155606	330
SUMMERSIDE	2020	11	16	321	3.4	10.5	5.12773304473649	-999.9	5.5	7.54629629629631	7.98955382460114	330
SUMMERSIDE	2020	11	17	322	-1.4	6.7	5.41114535398375	-999.9	0	5.60185185185186	4.84642177179178	330
SUMMERSIDE	2020	11	18	323	-3.1	0.3	3.46440104933334	-999.9	5.9	5.34391534391533	3.53362270374095	330
SUMMERSIDE	2020	11	19	324	-4.5	2.8	5.01751497706179	-999.9	1.6	5.71759259259258	3.83100263855638	330
SUMMERSIDE	2020	11	20	325	2.7	8.4	4.38333589193309	-999.9	0	4.80324074074075	8.15235679015971	330
SUMMERSIDE	2020	11	21	326	-1.2	10.6	6.23670134482512	-999.9	0	5.54398148148147	5.94812616004343	330
SUMMERSIDE	2020	11	22	327	-3.3	2.3	4.2497769426672	-999.9	0	2.69675925925926	3.5730995621935	330
SUMMERSIDE	2020	11	23	328	-0.5	13.8	6.71915847085552	-999.9	22.8	8.20601851851853	8.20847721252186	330
SUMMERSIDE	2020	11	24	329	-6.3	4.1	5.6710023744383	-999.9	0	9.61805555555556	3.93186437505644	330
SUMMERSIDE	2020	11	25	330	-6.8	3.4	5.55988804906103	-999.9	0.9	4.42129629629631	4.18908663991645	330
SUMMERSIDE	2020	11	26	331	-1.1	9.4	5.58617880827631	-999.9	3.8	4.29398148148147	7.56586436529259	330
SUMMERSIDE	2020	11	27	332	4.5	13.7	5.17969990031558	-999.9	0.2	4.86111111111111	10.9138852542577	330
SUMMERSIDE	2020	11	28	333	-0.1	4.6	3.66852248109308	-999.9	0.2	1.6087962962963	6.78921224595264	330
SUMMERSIDE	2020	11	29	334	-2.9	5.3	4.80315423725525	-999.9	0	3.80787037037036	5.54177785411647	330
SUMMERSIDE	2020	11	30	335	-4.5	9	6.11102749189101	-999.9	0	4.88425925925925	5.62473691103684	330
SUMMERSIDE	2020	12	1	336	8.8	14.9	4.07469327515698	-999.9	1.4	10.6828703703704	11.7799074865645	330
SUMMERSIDE	2020	12	2	337	3.2	14.6	5.52744431837686	-999.9	11.9	4.53703703703703	10.796125719496	330
SUMMERSIDE	2020	12	3	338	-0.7	6.4	4.33018667566452	-999.9	0.4	5.09259259259258	5.92342586962599	330
SUMMERSIDE	2020	12	4	339	3.2	9.8	4.14593570934447	-999.9	0	5.61342592592592	7.64263495196098	330
SUMMERSIDE	2020	12	5	340	3.3	8.3	3.58492728749696	-999.9	22.7	4.57175925925925	8.45497585539449	330
SUMMERSIDE	2020	12	6	341	1.8	12.6	5.23633420539989	-999.9	2.5	7.17592592592592	9.11127092470882	330
SUMMERSIDE	2020	12	7	342	-1.9	3.8	3.78226541417242	-999.9	0.2	5.59027777777778	6.13571504148256	330
SUMMERSIDE	2020	12	8	343	-1.5	2.3	3.07176380007414	-999.9	1	6.59722222222222	5.77849277313298	330
SUMMERSIDE	2020	12	9	344	-1.7	-0.4	1.78786479059512	-999.9	0.2	3.86574074074075	4.99495626571816	330
SUMMERSIDE	2020	12	10	345	-2	0.2	2.31542008870502	-999.9	0.2	2.36111111111111	5.01728923259268	330
SUMMERSIDE	2020	12	11	346	-2.2	2.8	3.47656319078064	-999.9	0.2	4.10879629629631	4.85340385177681	330
SUMMERSIDE	2020	12	12	347	-1.8	2.6	3.24961432323467	-999.9	0.2	2.7662037037037	5.32042546446549	330
SUMMERSIDE	2020	12	13	348	-0.6	4.5	3.48760138772302	-999.9	11.8	4.01620370370369	6.78747499061737	330
SUMMERSIDE	2020	12	14	349	-0.7	2.7	2.8399805502737	-999.9	0	3.125	6.08937378532997	330
SUMMERSIDE	2020	12	15	350	-11.3	-0.6	5.02691486057647	-999.9	0.4	8.27546296296297	2.90013131084096	330
SUMMERSIDE	2020	12	16	351	-11.6	-6.5	3.46441145769745	-999.9	0	7.15277777777778	2.13751775344315	330
SUMMERSIDE	2020	12	17	352	-10.1	-1.3	4.54488185431238	-999.9	0.2	4.62962962962964	3.24004464316433	330
SUMMERSIDE	2020	12	18	353	-1.6	1.8	2.82267325762641	-999.9	0.5	8.06712962962964	5.23430953683567	330
SUMMERSIDE	2020	12	19	354	-2.6	0.6	2.73740843608208	-999.9	0.3	4.45601851851853	4.58366286544722	330
SUMMERSIDE	2020	12	20	355	-5.9	0.8	3.96140575254342	-999.9	0.5	3.87731481481481	4.1082147753633	330
SUMMERSIDE	2020	12	21	356	0.6	7.1	3.90408943919695	-999.9	9.9	4.95370370370369	7.77303842470229	330
SUMMERSIDE	2020	12	22	357	-0.8	2.3	2.69897346297146	-999.9	9.2	8.14814814814814	6.04779968126814	330
SUMMERSIDE	2020	12	23	358	-12.2	-0.2	5.3182165361551	-999.9	0	5.05787037037036	3.07683247183746	330
SUMMERSIDE	2020	12	24	359	-10.8	5.7	6.24851827351861	-999.9	0	6.51620370370369	4.12433247047332	330
SUMMERSIDE	2020	12	25	360	5.4	13.6	4.41573051912245	-999.9	0	9.36342592592592	10.6158101224166	330
SUMMERSIDE	2020	12	26	361	-0.3	14.6	5.96964859915934	-999.9	15.1	9.56018518518519	9.14526820427864	330
SUMMERSIDE	2020	12	27	362	-8.7	-0.1	4.55053612088598	-999.9	0	5.91435185185186	3.25772850063577	330
SUMMERSIDE	2020	12	28	363	-8.9	4.3	5.65918289637439	-999.9	0	4.46759259259258	3.9859157861086	330
SUMMERSIDE	2020	12	29	364	-7.8	5	5.5965274208925	-999.9	2.2	7.09490740740742	4.43264155810327	330
SUMMERSIDE	2020	12	30	365	-7.6	-1.4	3.91333781741194	-999.9	0	6.60879629629631	2.74754256400044	330
SUMMERSIDE	2020	12	31	366	-3.6	3.9	4.32621579940856	-999.9	7.6	7.01388888888889	5.00516775550152	330
