SUMMERSIDE	2017	1	1	1	-6.6	2.5	4.76536518848489	-999.9	3.8	6.65509259259258	4.75133750792962	330
SUMMERSIDE	2017	1	2	2	-6.8	-1.3	3.72532351527878	-999.9	0	5.06944444444445	3.58711554955984	330
SUMMERSIDE	2017	1	3	3	-8.4	-2.2	3.97894241331536	-999.9	0	2.85879629629631	3.39532007521941	330
SUMMERSIDE	2017	1	4	4	-3.6	5.5	4.85132371369047	-999.9	8.1	8.33333333333333	6.02064496156777	330
SUMMERSIDE	2017	1	5	5	-4.4	2.7	4.31431112292261	-999.9	0.4	9.56018518518519	4.25332013225995	330
SUMMERSIDE	2017	1	6	6	-11	-3.7	4.40613322661995	-999.9	0.7	3.49537037037036	2.5956140646352	330
SUMMERSIDE	2017	1	7	7	-12.3	-7.2	3.71075601549833	-999.9	7	2.60416666666667	2.23740753543679	330
SUMMERSIDE	2017	1	8	8	-15.7	-4.5	5.54281672552376	-999.9	2.5	8.03240740740742	2.47763170477734	330
SUMMERSIDE	2017	1	9	9	-19.2	-15	3.42254484350541	-999.9	0.2	5.625	1.20074352932065	330
SUMMERSIDE	2017	1	10	10	-18.8	-1	7.10709113287596	-999.9	0	5.25462962962964	2.41558418951356	330
SUMMERSIDE	2017	1	11	11	-2.1	4.9	4.49715792273291	-999.9	2.7	10.0231481481481	6.09734261814266	330
SUMMERSIDE	2017	1	12	12	1.2	7.2	4.2025916536807	-999.9	4.5	7.90509259259258	7.76950761235111	330
SUMMERSIDE	2017	1	13	13	-12.2	5.9	7.37010690207976	-999.9	2.8	8.86574074074075	3.67349461744167	330
SUMMERSIDE	2017	1	14	14	-15.1	-10.5	3.75268416698674	-999.9	0	7.04861111111111	1.36189683852414	330
SUMMERSIDE	2017	1	15	15	-14.4	-7.2	4.74338890421043	-999.9	0.2	4.95370370370369	1.72834058711282	330
SUMMERSIDE	2017	1	16	16	-15.5	-1.1	6.77936423963594	-999.9	0.2	4.97685185185186	2.42196235054014	330
SUMMERSIDE	2017	1	17	17	-10.2	-2.3	5.07606736795344	-999.9	0	6.12268518518519	2.72246126343516	330
SUMMERSIDE	2017	1	18	18	-11.7	-3.6	5.19730631893716	-999.9	0	2.2337962962963	2.73842906160145	330
SUMMERSIDE	2017	1	19	19	-11.4	-1.4	5.84074993585823	-999.9	0.4	4.05092592592592	3.51235537830923	330
SUMMERSIDE	2017	1	20	20	-4.4	-1.4	3.23644214334066	-999.9	0.2	3.19444444444444	4.41979976210586	330
SUMMERSIDE	2017	1	21	21	-3.9	-1.1	3.16392083973286	-999.9	0	3.18287037037036	4.70635381778666	330
SUMMERSIDE	2017	1	22	22	-3.5	0.5	3.82746921870804	-999.9	0.2	5.26620370370369	4.89290287910874	330
SUMMERSIDE	2017	1	23	23	-10.9	-1.6	5.90811647775512	-999.9	0	3.70370370370369	3.08534952344678	330
SUMMERSIDE	2017	1	24	24	-11	0.2	6.56490169986061	-999.9	8	3.42592592592592	3.63159963881924	330
SUMMERSIDE	2017	1	25	25	-0.5	2.7	3.55374856456617	-999.9	35.9	3.06712962962964	6.45182055342703	330
SUMMERSIDE	2017	1	26	26	-0.7	2.5	3.59960759102699	-999.9	2.5	6.05324074074075	6.22851500207437	330
SUMMERSIDE	2017	1	27	27	-3.7	1.3	4.55831966440504	-999.9	0	8.86574074074075	4.30375902337382	330
SUMMERSIDE	2017	1	28	28	-5.3	-1.3	4.13100535325009	-999.9	0	9.12037037037036	3.34734933134903	330
SUMMERSIDE	2017	1	29	29	-4.6	2.6	5.61642134134555	-999.9	0	6.28472222222222	4.41724357053991	330
SUMMERSIDE	2017	1	30	30	-8.4	-1	5.77077344989626	-999.9	0	2.85879629629631	3.51883884268187	330
SUMMERSIDE	2017	1	31	31	-13.3	-6.2	5.72960377954755	-999.9	0	3.09027777777778	2.34580670291304	330
SUMMERSIDE	2017	2	1	32	-14.6	-2.9	7.45613315325092	-999.9	0.2	1.74768518518519	2.60727560437088	330
SUMMERSIDE	2017	2	2	33	-10.8	-3.5	5.97105604943661	-999.9	0.9	3.14814814814814	3.16708444776309	330
SUMMERSIDE	2017	2	3	34	-18.2	-8.3	7.05043173728348	-999.9	0.2	6.19212962962964	1.47895659737287	330
SUMMERSIDE	2017	2	4	35	-18.7	-10.6	6.46672268644041	-999.9	0	3.99305555555556	1.31405470518168	330
SUMMERSIDE	2017	2	5	36	-16.9	-1.6	9.01285081984577	-999.9	1.5	4.51388888888889	2.35000514011833	330
SUMMERSIDE	2017	2	6	37	-14.8	-2.4	8.22866126153881	-999.9	0.2	7.16435185185186	2.26292934449252	330
SUMMERSIDE	2017	2	7	38	-18.5	-12.2	5.94858590567803	-999.9	0.2	4.98842592592592	1.08071155115276	330
SUMMERSIDE	2017	2	8	39	-12.6	2.5	9.34063749043332	-999.9	10.3	5.53240740740742	3.76601842078582	330
SUMMERSIDE	2017	2	9	40	-12.4	-3.7	7.19131029639013	-999.9	2.5	6.95601851851853	2.72151938796286	330
SUMMERSIDE	2017	2	10	41	-16.3	-6.7	7.66225457590508	-999.9	0.9	9.67592592592592	2.06542359637648	330
SUMMERSIDE	2017	2	11	42	-24.2	-12.4	8.616745205803	-999.9	0	3.15972222222222	1.07104075439862	330
SUMMERSIDE	2017	2	12	43	-26.6	-7	11.2646300245143	-999.9	0.2	2.28009259259259	1.37958137578802	330
SUMMERSIDE	2017	2	13	44	-7.5	-3.6	5.09694504456804	-999.9	2.3	12.3958333333333	3.69314552456401	330
SUMMERSIDE	2017	2	14	45	-5.9	-3.8	3.79380489444894	-999.9	0.2	9.47916666666667	4.01377324729057	330
SUMMERSIDE	2017	2	15	46	-5.7	-2	5.1079872120112	-999.9	0.3	2.65046296296296	4.15912864523734	330
SUMMERSIDE	2017	2	16	47	-4.3	-2.1	3.99518435629938	-999.9	4.7	11.5856481481481	4.70805415766726	330
SUMMERSIDE	2017	2	17	48	-4.7	-0.7	5.46414395370312	-999.9	0	7.99768518518519	4.23014341633348	330
SUMMERSIDE	2017	2	18	49	-7.9	-0.1	7.7391534543504	-999.9	0	5.59027777777778	3.32678239236333	330
SUMMERSIDE	2017	2	19	50	-3.3	1.3	6.02786920620935	-999.9	0	4.47916666666667	5.0306175431983	330
SUMMERSIDE	2017	2	20	51	-7.2	-2.1	6.43710996249826	-999.9	0.5	6.19212962962964	3.85465414526721	330
SUMMERSIDE	2017	2	21	52	-12.2	-2.5	9.0031065180515	-999.9	0.2	3.49537037037036	2.85414721425365	330
SUMMERSIDE	2017	2	22	53	-7	3.9	9.67827263122482	-999.9	0	3.80787037037036	4.63408960690986	330
SUMMERSIDE	2017	2	23	54	-6.2	4.8	9.85902973167138	-999.9	0	4.94212962962964	5.11307195303778	330
SUMMERSIDE	2017	2	24	55	1	9.3	8.68366583216695	-999.9	3.1	4.97685185185186	7.51768327373785	330
SUMMERSIDE	2017	2	25	56	-1.4	7.6	9.16816579315375	-999.9	2.6	4.53703703703703	7.34309131666716	330
SUMMERSIDE	2017	2	26	57	-4.2	8.4	10.9979710118478	-999.9	14.8	7.39583333333333	5.23933759411261	330
SUMMERSIDE	2017	2	27	58	-5.2	3.7	9.37034222836336	-999.9	0	7.1875	3.799640526276	330
SUMMERSIDE	2017	2	28	59	-6.4	1.5	8.94895651679756	-999.9	0	4.18981481481481	2.89490782098139	330
SUMMERSIDE	2017	3	1	60	-1.3	7.6	9.62755011029105	-999.9	0.8	7.74305555555556	6.99959609730362	330
SUMMERSIDE	2017	3	2	61	-0.4	5.7	8.07810553362129	-999.9	2.9	3.63526570048308	6.06427312897555	330
SUMMERSIDE	2017	3	3	62	-12.1	-4.6	9.07735632573434	-999.9	0	8.68055555555556	2.13811378761909	330
SUMMERSIDE	2017	3	4	63	-14.8	-11	6.54731956242102	-999.9	0	7.61574074074075	1.56386768889953	330
SUMMERSIDE	2017	3	5	64	-12.6	-4.7	9.56501609154831	-999.9	0	9.05092592592592	2.25196459460093	330
SUMMERSIDE	2017	3	6	65	-12.7	-3.7	10.3430810172157	-999.9	0	5.40509259259258	2.64521388806773	330
SUMMERSIDE	2017	3	7	66	-12.7	1	12.9270757666201	-999.9	0	3.28703703703703	3.18112887547229	330
SUMMERSIDE	2017	3	8	67	-0.9	6.6	9.68803299698051	-999.9	5.9	7.31481481481481	7.31217164767228	330
SUMMERSIDE	2017	3	9	68	-4.2	5.6	11.2159348701138	-999.9	0.6	7.28009259259258	5.2756829070137	330
SUMMERSIDE	2017	3	10	69	-12.4	-4.2	10.3895864069989	-999.9	0	7.28009259259258	1.82195131573438	330
SUMMERSIDE	2017	3	11	70	-18.9	-12.4	9.36628412561556	-999.9	0	8.87731481481481	1.00807556893004	330
SUMMERSIDE	2017	3	12	71	-18.8	-5.4	13.6154451599151	-999.9	0	7.70833333333333	1.40046164639223	330
SUMMERSIDE	2017	3	13	72	-9.8	-1.8	10.6498092787449	-999.9	0	3.77314814814814	3.07427427281852	330
SUMMERSIDE	2017	3	14	73	-9	1.5	12.349706669384	-999.9	6.4	5.47453703703703	3.43697094116491	330
SUMMERSIDE	2017	3	15	74	-1.9	5.7	10.6336150897856	-999.9	0.5	7.41898148148147	6.19659728202867	330
SUMMERSIDE	2017	3	16	75	-3.7	0.6	8.09406679559598	-999.9	0	7.43055555555556	4.22687211077002	330
SUMMERSIDE	2017	3	17	76	-6.3	-1.9	8.28443529474708	-999.9	0	3.98148148148147	3.47944541458095	330
SUMMERSIDE	2017	3	18	77	-6.2	0.8	10.5714506310604	-999.9	0	3.39120370370369	4.11060044423085	330
SUMMERSIDE	2017	3	19	78	-7.5	2.9	13.0345377516471	-999.9	0	2.5462962962963	4.0204819934678	330
SUMMERSIDE	2017	3	20	79	-2.9	-0.3	6.59178318402168	-999.9	0	7.56944444444445	4.99353298339084	330
SUMMERSIDE	2017	3	21	80	-4.3	1.7	10.1268070282645	-999.9	0	5.35879629629631	4.90487550334843	330
SUMMERSIDE	2017	3	22	81	-7.3	5	14.661320447653	-999.9	5.9	5.10416666666667	4.87072128992606	330
SUMMERSIDE	2017	3	23	82	-11.5	-6.7	9.25992186745269	-999.9	2.2	9.89583333333333	2.23146043616521	330
SUMMERSIDE	2017	3	24	83	-12.2	-1.5	13.9761308040937	-999.9	0	5.57870370370369	2.48543216686605	330
SUMMERSIDE	2017	3	25	84	-9.3	2.3	14.7087001423422	-999.9	0	4.90740740740742	3.88452963440021	330
SUMMERSIDE	2017	3	26	85	-11.3	-1.3	13.8018439413991	-999.9	0	4.05092592592592	2.0590311845593	330
SUMMERSIDE	2017	3	27	86	-11.7	-1.7	13.9466612932716	-999.9	1.4	2.34953703703704	2.87431938106123	330
SUMMERSIDE	2017	3	28	87	-4.2	0.9	10.0630491263616	-999.9	0.2	4.0625	4.66332286330321	330
SUMMERSIDE	2017	3	29	88	-2.4	-0.5	6.20492417891225	-999.9	0.9	4.43287037037036	5.04186713538138	330
SUMMERSIDE	2017	3	30	89	-1.8	-0.3	5.56879522175626	-999.9	0	11.3657407407407	4.80980768089137	330
SUMMERSIDE	2017	3	31	90	-7.5	-0.6	12.0624838026472	-999.9	0	8.36805555555556	3.7571210258423	330
SUMMERSIDE	2017	4	1	91	-8.3	1	14.1413473963472	-999.9	0	4.13194444444444	4.06818399595703	330
SUMMERSIDE	2017	4	2	92	-3.4	0.2	8.88337823753674	-999.9	0.2	3.94675925925925	5.09135618078757	330
SUMMERSIDE	2017	4	3	93	-2.9	2.2	10.6740688158854	-999.9	0	5.72916666666667	5.11693978536381	330
SUMMERSIDE	2017	4	4	94	-4.3	2.2	12.1635401403668	-999.9	0	3.94675925925925	4.76496649053958	330
SUMMERSIDE	2017	4	5	95	-2.2	5.3	13.1865974131139	-999.9	0	4.21296296296297	5.53391129726358	330
SUMMERSIDE	2017	4	6	96	0	8.8	14.4139387523288	-999.9	3.1	5.05787037037036	7.03216239958118	330
SUMMERSIDE	2017	4	7	97	3.6	16.3	17.4712057892905	-999.9	5.9	8.125	11.2092589270327	330
SUMMERSIDE	2017	4	8	98	2	8	12.1148167852644	-999.9	0	6.48148148148147	7.68012528670718	330
SUMMERSIDE	2017	4	9	99	0.2	7.9	13.8435476464259	-999.9	0.3	3.21759259259258	6.76575017508352	330
SUMMERSIDE	2017	4	10	100	-0.1	13.2	18.3497170972458	-999.9	0	6.15740740740742	7.02662848842311	330
SUMMERSIDE	2017	4	11	101	1.3	16.7	19.9116040095465	-999.9	0.2	5.98379629629631	8.57343767484261	330
SUMMERSIDE	2017	4	12	102	1.2	8.5	13.8226273219986	-999.9	1	3.98148148148147	7.96747684237927	330
SUMMERSIDE	2017	4	13	103	1.3	9.4	14.6789859524043	-999.9	0	5.45138888888889	7.5479307132126	330
SUMMERSIDE	2017	4	14	104	-0.3	8	14.9781515534987	-999.9	0	2.83564814814814	6.32995694324669	330
SUMMERSIDE	2017	4	15	105	1.3	12.9	17.8465889843259	-999.9	0	5.42824074074075	5.5839040587354	330
SUMMERSIDE	2017	4	16	106	1.2	10	15.6644886625243	-999.9	12.3	6.29629629629631	8.1672812024078	330
SUMMERSIDE	2017	4	17	107	-1.3	1.5	8.90316378031543	-999.9	1.5	7.58101851851853	5.78040876016694	330
SUMMERSIDE	2017	4	18	108	-5.3	2.5	14.9708036150096	-999.9	0	6.84027777777778	3.71233730491149	330
SUMMERSIDE	2017	4	19	109	-7.1	3.7	17.7453419650904	-999.9	0	3.02083333333333	3.73065829064257	330
SUMMERSIDE	2017	4	20	110	-0.4	3.7	11.0123890624216	-999.9	0	4.12037037037036	5.54479959266287	330
SUMMERSIDE	2017	4	21	111	-1.5	4.8	13.7473719992524	-999.9	0	4.88425925925925	5.45807175753258	330
SUMMERSIDE	2017	4	22	112	-1.4	5.8	14.7985224380384	-999.9	1.3	2.85879629629631	5.47691084977998	330
SUMMERSIDE	2017	4	23	113	0.7	6.4	13.2566985153556	-999.9	0.5	3.70370370370369	7.0215170516064	330
SUMMERSIDE	2017	4	24	114	-2.2	10.5	19.9199870734544	-999.9	0	4.94212962962964	6.1058458312968	330
SUMMERSIDE	2017	4	25	115	-2.9	7.5	18.1441550779646	-999.9	0	3.47222222222222	4.04655160820837	330
SUMMERSIDE	2017	4	26	116	5.2	12.7	15.5069898669435	-999.9	4	6.94444444444445	9.22665197387824	330
SUMMERSIDE	2017	4	27	117	9.8	21.2	19.2384577120196	-999.9	0.5	6.85185185185186	15.8311065993248	330
SUMMERSIDE	2017	4	28	118	8.2	18.3	18.2198122304061	-999.9	2.5	3.79629629629631	14.2102998099892	330
SUMMERSIDE	2017	4	29	119	5	18.8	21.4255918388102	-999.9	0	5.61342592592592	10.9405672203273	330
SUMMERSIDE	2017	4	30	120	2.1	10.3	16.6132745401449	-999.9	0	7.17592592592592	5.19704555788257	330
SUMMERSIDE	2017	5	1	121	2.7	9.1	14.7617742512183	-999.9	4.7	4.60648148148147	6.66798675547744	330
SUMMERSIDE	2017	5	2	122	3.7	13.6	18.4634102240415	-999.9	4.3	6.31944444444445	10.6605042419787	330
SUMMERSIDE	2017	5	3	123	6.7	15.4	17.4038550475578	-999.9	1.3	6.46990740740742	10.8020170000757	330
SUMMERSIDE	2017	5	4	124	4.8	15.7	19.5855881010604	-999.9	0.2	6.07638888888889	7.70994174801055	330
SUMMERSIDE	2017	5	5	125	5	17.7	21.2524526780287	-999.9	1.9	5.27777777777778	8.14870281787698	330
SUMMERSIDE	2017	5	6	126	7.8	15.6	16.7411344998433	-999.9	22.9	9.28240740740742	12.5802480419257	330
SUMMERSIDE	2017	5	7	127	14.1	19	13.33560830188	-999.9	15.6	9.1087962962963	17.2517966577074	330
SUMMERSIDE	2017	5	8	128	4.6	18.9	22.8932312669047	-999.9	5.2	6.66666666666667	10.8512236976984	330
SUMMERSIDE	2017	5	9	129	4	10.5	15.5084137054524	-999.9	20.2	5.57870370370369	9.1909867182186	330
SUMMERSIDE	2017	5	10	130	4.4	6.8	9.46750479201794	-999.9	13.2	5.43981481481481	8.68867799864725	330
SUMMERSIDE	2017	5	11	131	3.1	7.1	12.2779811603858	-999.9	3.8	7.38425925925925	8.43591609185939	330
SUMMERSIDE	2017	5	12	132	1.3	8.4	16.4301407205849	-999.9	0	5.06944444444445	7.72823504456442	330
SUMMERSIDE	2017	5	13	133	1.2	14.8	22.8373145943566	-999.9	0	3.125	8.27184069221124	330
SUMMERSIDE	2017	5	14	134	4.1	17.8	23.0169568406826	-999.9	1.4	4.38657407407408	8.79747657548442	330
SUMMERSIDE	2017	5	15	135	4.1	9.9	15.0370435329509	-999.9	12.2	7.26851851851853	9.35188593005515	330
SUMMERSIDE	2017	5	16	136	3.6	12.7	18.9094556174955	-999.9	0.8	4.67592592592592	9.92291737623441	330
SUMMERSIDE	2017	5	17	137	7.9	20.4	22.2470514219736	-999.9	0	5.27777777777778	9.32181705932454	330
SUMMERSIDE	2017	5	18	138	10.9	26.3	24.7848562737914	-999.9	2	4.16666666666667	15.0980868647063	330
SUMMERSIDE	2017	5	19	139	8.9	27.1	27.0408296909626	-999.9	0	6.14583333333333	16.5952124741896	330
SUMMERSIDE	2017	5	20	140	6.7	12.4	15.1855284573593	-999.9	0	7.66203703703703	7.01158163353024	330
SUMMERSIDE	2017	5	21	141	5.5	12	16.2707440400037	-999.9	0	7.8125	5.64837979726422	330
SUMMERSIDE	2017	5	22	142	5.2	19	23.7847622529578	-999.9	0	2.98611111111111	7.20545584853424	330
SUMMERSIDE	2017	5	23	143	7.8	13.3	15.0625889829949	-999.9	0	5.64814814814814	10.5929852122314	330
SUMMERSIDE	2017	5	24	144	5.5	17.5	22.3161138442355	-999.9	0	4.0625	11.9778433810459	330
SUMMERSIDE	2017	5	25	145	4.9	12.5	17.8112843579587	-999.9	0	4.67592592592592	9.19203743248758	330
SUMMERSIDE	2017	5	26	146	5.4	10.2	14.1945149660704	-999.9	29.4	6.90972222222222	9.6829845002072	330
SUMMERSIDE	2017	5	27	147	5	10.4	15.0959163527349	-999.9	0.2	7.47685185185186	9.26098260818146	330
SUMMERSIDE	2017	5	28	148	5.2	14.3	19.6470469081167	-999.9	0	2.96296296296297	9.91444864351487	330
SUMMERSIDE	2017	5	29	149	4.9	10.5	15.4502694654459	-999.9	0	4.82638888888889	8.9575601010758	330
SUMMERSIDE	2017	5	30	150	3.3	17.3	24.4862985433128	-999.9	0	2.7662037037037	9.37667286688707	330
SUMMERSIDE	2017	5	31	151	7.4	14.5	17.4766074597694	-999.9	9.1	5.49768518518519	10.46691033263	330
SUMMERSIDE	2017	6	1	152	10	19.9	20.6807497492808	-999.9	3.1	4.60648148148147	15.1165444545954	330
SUMMERSIDE	2017	6	2	153	7.8	17.4	20.4059603958418	-999.9	3.7	2.70833333333333	12.9454712856365	330
SUMMERSIDE	2017	6	3	154	6.7	16.5	20.6566236862669	-999.9	0	3.31018518518519	12.1944958970509	330
SUMMERSIDE	2017	6	4	155	6.5	11.4	14.6325988721614	-999.9	0	5.71759259259258	10.3937922287728	330
SUMMERSIDE	2017	6	5	156	3.9	8.5	14.2014218733496	-999.9	0	5.98379629629631	8.30337126156353	330
SUMMERSIDE	2017	6	6	157	5.4	13.5	18.874583155545	-999.9	0	6.08796296296297	10.1885945536156	330
SUMMERSIDE	2017	6	7	158	6.6	19.2	23.5751592840914	-999.9	0	3.61111111111111	10.4325266288734	330
SUMMERSIDE	2017	6	8	159	10.3	25.7	26.0985797850703	-999.9	0	6.86342592592592	12.8997125059518	330
SUMMERSIDE	2017	6	9	160	9.8	14.6	14.5887142254264	-999.9	36.5	7.77777777777778	11.6821779868271	330
SUMMERSIDE	2017	6	10	161	11.1	20.2	20.1098944275867	-999.9	0	5.94907407407408	12.916295069826	330
SUMMERSIDE	2017	6	11	162	11.4	24.7	24.3366332329617	-999.9	0	8.57638888888889	15.2053996592076	330
SUMMERSIDE	2017	6	12	163	12	24.4	23.5203649323923	-999.9	0	2.88194444444444	13.6312016939511	330
SUMMERSIDE	2017	6	13	164	12.5	27.2	25.6296948129051	-999.9	2	4.54861111111111	16.9839597284523	330
SUMMERSIDE	2017	6	14	165	7.9	14.6	17.3151715446364	-999.9	0	5.46296296296297	9.35533359061552	330
SUMMERSIDE	2017	6	15	166	6.5	17.8	22.5001999136401	-999.9	0	2.78935185185186	10.6239450699542	330
SUMMERSIDE	2017	6	16	167	4.7	18.8	25.1459266821666	-999.9	0.3	2.82407407407408	10.7991100299934	330
SUMMERSIDE	2017	6	17	168	12.4	17.9	15.710991185661	-999.9	2.9	6.55092592592592	15.0521562006938	330
SUMMERSIDE	2017	6	18	169	16.4	23.6	17.9806710337547	-999.9	0	7.07175925925925	20.2198070149185	330
SUMMERSIDE	2017	6	19	170	17.1	22.7	15.8600428194976	-999.9	0	9.7337962962963	20.4254718886539	330
SUMMERSIDE	2017	6	20	171	14	22.1	19.0755408910468	-999.9	1.7	9.15509259259258	18.8025627785859	330
SUMMERSIDE	2017	6	21	172	13.4	24.2	22.0253884705129	-999.9	0	7.08333333333333	17.3943651728614	330
SUMMERSIDE	2017	6	22	173	12.4	24.3	23.1161701337687	-999.9	0	4.96527777777778	14.7153018427506	330
SUMMERSIDE	2017	6	23	174	14.2	24.6	21.6044463249975	-999.9	1.9	5.01157407407408	16.3233879226444	330
SUMMERSIDE	2017	6	24	175	15.7	20.2	14.2059464246921	-999.9	16.9	6.55092592592592	19.0991727330424	330
SUMMERSIDE	2017	6	25	176	14.6	25.2	21.7925308780813	-999.9	0	4.75694444444445	16.8867418708195	330
SUMMERSIDE	2017	6	26	177	13	24.4	22.5866259467694	-999.9	0	4.74537037037036	15.8514600237651	330
SUMMERSIDE	2017	6	27	178	10.7	24	24.3793609984263	-999.9	0	4.13194444444444	13.4351961391783	330
SUMMERSIDE	2017	6	28	179	13.8	22.1	19.2436062558963	-999.9	0	4.74537037037036	15.3345979990431	330
SUMMERSIDE	2017	6	29	180	12.4	23.2	21.9312582337409	-999.9	0	4.28240740740742	14.9722428898912	330
SUMMERSIDE	2017	6	30	181	14	19.6	15.7762308537075	-999.9	0	4.07407407407408	16.3918866502181	330
SUMMERSIDE	2017	7	1	182	14	20.1	16.4469362866566	-999.9	0	3.70370370370369	17.457185953134	330
SUMMERSIDE	2017	7	2	183	16.2	23.4	17.8463927052819	-999.9	0.9	6.35416666666667	20.9465625522611	330
SUMMERSIDE	2017	7	3	184	16.1	26	20.8986922587533	-999.9	1.2	5.26620370370369	18.7181468723867	330
SUMMERSIDE	2017	7	4	185	9.9	19.5	20.549800671437	-999.9	0	4.46759259259258	12.3080467728526	330
SUMMERSIDE	2017	7	5	186	8.8	24	25.8176905648867	-999.9	0	3.51851851851853	12.5860064177261	330
SUMMERSIDE	2017	7	6	187	15	24.6	20.4836748981804	-999.9	0	7.88194444444445	14.1350650433385	330
SUMMERSIDE	2017	7	7	188	16	26	20.8690133446989	-999.9	0.9	7.71990740740742	17.1052480518029	330
SUMMERSIDE	2017	7	8	189	16.6	24.4	18.3963560849405	-999.9	0	3.46064814814814	18.9072096567452	330
SUMMERSIDE	2017	7	9	190	16.5	26.3	20.5794133023413	-999.9	0	5.40509259259258	20.4199716692118	330
SUMMERSIDE	2017	7	10	191	15.8	24.6	19.4602990226904	-999.9	0	4.61805555555556	17.5598178408582	330
SUMMERSIDE	2017	7	11	192	17	25.1	18.62908799961	-999.9	0	7.43055555555556	19.1787724106333	330
SUMMERSIDE	2017	7	12	193	11.2	22.9	22.3375493271069	-999.9	0	3.39120370370369	13.182622663675	330
SUMMERSIDE	2017	7	13	194	11.6	21.2	20.1847891651005	-999.9	0	2.25308641975309	12.3050553237368	330
SUMMERSIDE	2017	7	14	195	12.3	24.3	22.5101103617816	-999.9	0	3.26023391812867	14.5479339944946	330
SUMMERSIDE	2017	7	15	196	14	23.4	19.8701712243815	-999.9	0	4.31712962962964	14.0561039937542	330
SUMMERSIDE	2017	7	16	197	15.6	26.9	21.7259986791901	-999.9	0	4.61805555555556	19.2460041439959	330
SUMMERSIDE	2017	7	17	198	16.3	28	22.0438953315239	-999.9	0	2.39583333333333	21.8791531842464	330
SUMMERSIDE	2017	7	18	199	16.8	25.6	19.0609057657518	-999.9	0	4.46759259259258	20.9084370238062	330
SUMMERSIDE	2017	7	19	200	17.3	27.4	20.3573593241756	-999.9	0	5.41666666666667	21.9996651399272	330
SUMMERSIDE	2017	7	20	201	18.3	27.2	19.0487262191463	-999.9	0	3.85416666666667	22.1803717362513	330
SUMMERSIDE	2017	7	21	202	15.4	29	23.4694031091662	-999.9	18.9	4.13194444444444	19.8524762516218	330
SUMMERSIDE	2017	7	22	203	10.9	22.9	21.9703098506066	-999.9	0	4.71064814814814	12.1466439980517	330
SUMMERSIDE	2017	7	23	204	10.2	21	20.769285481099	-999.9	0	3.27294685990339	10.597363829451	330
SUMMERSIDE	2017	7	24	205	9.1	21.8	22.4401955953154	-999.9	0	2.92824074074075	12.1330072448059	330
SUMMERSIDE	2017	7	25	206	10.8	20.9	19.9366124684773	-999.9	0	4.07407407407408	13.8535374381371	330
SUMMERSIDE	2017	7	26	207	8.9	24	24.2826274303154	-999.9	0	3.02083333333333	12.9490772668604	330
SUMMERSIDE	2017	7	27	208	15	20.7	14.8597527842799	-999.9	0	6.60879629629631	15.5301456924093	330
SUMMERSIDE	2017	7	28	209	13.8	22.9	18.6987270455452	-999.9	3.7	5.16203703703703	17.6105507612701	330
SUMMERSIDE	2017	7	29	210	11.9	22.6	20.1906573757533	-999.9	0	2.47685185185185	13.7140423045647	330
SUMMERSIDE	2017	7	30	211	11.7	21.8	19.5315320265137	-999.9	0	2.65046296296296	14.5670086442367	330
SUMMERSIDE	2017	7	31	212	13.9	28	22.974805806762	-999.9	0	4.32870370370369	15.2740292822668	330
SUMMERSIDE	2017	8	1	213	12.3	25.4	22.0441831347908	-999.9	0	4.14351851851853	15.4113835215874	330
SUMMERSIDE	2017	8	2	214	10.7	28.3	25.4319665775011	-999.9	0	2.71990740740741	15.1923802560194	330
SUMMERSIDE	2017	8	3	215	17.2	27.5	19.3622767004112	-999.9	0	5.89120370370369	19.4721404999458	330
SUMMERSIDE	2017	8	4	216	17.7	28	19.2672327192273	-999.9	0	5.38194444444445	20.4458274631277	330
SUMMERSIDE	2017	8	5	217	18.2	28.9	19.5390762204184	-999.9	0	6.40046296296297	21.3288192712823	330
SUMMERSIDE	2017	8	6	218	14.4	24.1	18.5079220355074	-999.9	25.5	7.26851851851853	19.0225770445226	330
SUMMERSIDE	2017	8	7	219	13.3	23.4	18.7862520245737	-999.9	0	5.04629629629631	14.4850985648255	330
SUMMERSIDE	2017	8	8	220	11.5	17.7	14.6396511533462	-999.9	0	2.25694444444444	13.8625980719713	330
SUMMERSIDE	2017	8	9	221	11	23.7	20.8372156276033	-999.9	0	4.90740740740742	14.1169325769337	330
SUMMERSIDE	2017	8	10	222	15.1	25.4	18.6597855089831	-999.9	0	3.66898148148147	17.6886174948142	330
SUMMERSIDE	2017	8	11	223	14.2	26.5	20.2739241485021	-999.9	0	2.51157407407408	15.8629591532223	330
SUMMERSIDE	2017	8	12	224	16.7	20.1	10.5966529880236	-999.9	10.6	3.15972222222222	18.7527131786677	330
SUMMERSIDE	2017	8	13	225	15.8	23.5	15.8513086707939	-999.9	0	5.75231481481481	20.4809312143132	330
SUMMERSIDE	2017	8	14	226	14.4	26	19.3368408743956	-999.9	0	4.59490740740742	16.5198963105197	330
SUMMERSIDE	2017	8	15	227	15.6	26.5	18.6274135517022	-999.9	0	3.33333333333333	18.9798659282086	330
SUMMERSIDE	2017	8	16	228	9.1	24.2	21.7849375929634	-999.9	0.7	4.27083333333333	15.8745493565268	330
SUMMERSIDE	2017	8	17	229	9.4	20.8	18.8059086629214	-999.9	0	5.06944444444445	12.191419880188	330
SUMMERSIDE	2017	8	18	230	12.5	19.5	14.6389602673156	-999.9	0	3.46064814814814	14.7866530925277	330
SUMMERSIDE	2017	8	19	231	15.5	19.6	11.1280092231738	-999.9	2.7	6.73611111111111	17.4452226471644	330
SUMMERSIDE	2017	8	20	232	15.8	24	15.6293743228408	-999.9	0.2	4.87268518518519	20.7462908188422	330
SUMMERSIDE	2017	8	21	233	15	26.5	18.3796505524941	-999.9	0	4.57175925925925	19.1982979291374	330
SUMMERSIDE	2017	8	22	234	18.2	26.8	15.7810368328954	-999.9	0	4.45601851851853	20.6741468604623	330
SUMMERSIDE	2017	8	23	235	17.1	22.8	12.754569456368	-999.9	2.6	8.84259259259258	20.2491536143596	330
SUMMERSIDE	2017	8	24	236	14.6	24.5	16.6852189731581	-999.9	0	4.59490740740742	16.4417256338661	330
SUMMERSIDE	2017	8	25	237	11.2	22.1	17.3762941243152	-999.9	0	2.68518518518519	14.2043813380546	330
SUMMERSIDE	2017	8	26	238	11.1	20.3	15.8420316222142	-999.9	0	3.61111111111111	14.6921923700101	330
SUMMERSIDE	2017	8	27	239	7.8	19.2	17.4978907194097	-999.9	2.8	2.32638888888889	13.1409741680897	330
SUMMERSIDE	2017	8	28	240	7.1	22.1	19.9130732071959	-999.9	0	1.81712962962963	12.4930234379802	330
SUMMERSIDE	2017	8	29	241	8.4	24.2	20.2732553469771	-999.9	0	2.93981481481481	13.0022915371437	330
SUMMERSIDE	2017	8	30	242	12	21.1	15.2602154452228	-999.9	0	2.34953703703704	14.1459990917527	330
SUMMERSIDE	2017	8	31	243	10.2	24.2	18.7711808055968	-999.9	0	2.87037037037036	15.1955498521896	330
SUMMERSIDE	2017	9	1	244	8.1	17.8	15.4932844367253	-999.9	0	5.11574074074075	10.5198073691024	330
SUMMERSIDE	2017	9	2	245	5.9	15.9	15.5966023699287	-999.9	0	4.15509259259258	10.239361997504	330
SUMMERSIDE	2017	9	3	246	5.3	19.8	18.6178096780401	-999.9	3	3.93518518518519	11.2914294570615	330
SUMMERSIDE	2017	9	4	247	13.5	18.9	11.2615499884488	-999.9	1.3	7.70833333333333	15.4157628022278	330
SUMMERSIDE	2017	9	5	248	14.9	23.7	14.247588757914	-999.9	0	8.42592592592592	17.92674173472	330
SUMMERSIDE	2017	9	6	249	18.5	26.4	13.3768639744886	-999.9	16.7	5.18518518518519	23.2284816077009	330
SUMMERSIDE	2017	9	7	250	15.4	22.3	12.3864822815644	-999.9	21.2	7.58101851851853	20.1435095821578	330
SUMMERSIDE	2017	9	8	251	12.4	21.8	14.3222736886305	-999.9	0	5.59027777777778	15.9317215731171	330
SUMMERSIDE	2017	9	9	252	9.7	20.7	15.3465555049861	-999.9	0	3.63425925925925	15.0666085830277	330
SUMMERSIDE	2017	9	10	253	9	17.2	13.1229049182154	-999.9	0	4.59490740740742	12.1843839145878	330
SUMMERSIDE	2017	9	11	254	11.5	16.9	10.5455788372901	-999.9	0	6.68981481481481	13.8607832146643	330
SUMMERSIDE	2017	9	12	255	10.3	18.5	12.8668735376807	-999.9	0	4.08564814814814	12.2776589585054	330
SUMMERSIDE	2017	9	13	256	7.9	25.7	18.7676911344892	-999.9	0	3.15972222222222	14.4949739861059	330
SUMMERSIDE	2017	9	14	257	14	25.9	15.1897760580364	-999.9	0	4.24768518518519	17.5394842659646	330
SUMMERSIDE	2017	9	15	258	11.5	19	11.9351539820487	-999.9	0	3.65740740740742	13.098266267026	330
SUMMERSIDE	2017	9	16	259	13.6	24.7	14.3688177068532	-999.9	0	5.17361111111111	19.1836986103814	330
SUMMERSIDE	2017	9	17	260	13.1	17.6	9.0525476147693	-999.9	0	2.39583333333333	14.4635703307125	330
SUMMERSIDE	2017	9	18	261	14.2	20.2	10.3416138264541	-999.9	0	3.06712962962964	17.9046430187064	330
SUMMERSIDE	2017	9	19	262	17	20.4	7.70093894437046	-999.9	0	3.50694444444444	19.6135879861499	330
SUMMERSIDE	2017	9	20	263	13.3	23.8	13.3854853312539	-999.9	0	3.93518518518519	19.4284763870656	330
SUMMERSIDE	2017	9	21	264	5.4	18.6	14.8424559542956	-999.9	0	5.21990740740742	10.6022461966601	330
SUMMERSIDE	2017	9	22	265	3.6	20.1	16.4090931933941	-999.9	0	1.26157407407407	11.0163409943626	330
SUMMERSIDE	2017	9	23	266	11.4	26.5	15.5202889553343	-999.9	0	4.65277777777778	15.3148556943037	330
SUMMERSIDE	2017	9	24	267	8.5	21.6	14.2909496523172	-999.9	0	2.47685185185185	13.9792076011343	330
SUMMERSIDE	2017	9	25	268	11.3	21.8	12.6467845255406	-999.9	0	3.53009259259258	15.1733621542823	330
SUMMERSIDE	2017	9	26	269	13.3	29.4	15.4776463905841	-999.9	0	6.55092592592592	20.6865509338229	330
SUMMERSIDE	2017	9	27	270	11.4	20.8	11.6871743224755	-999.9	37.1	5.16203703703703	16.5654835205236	330
SUMMERSIDE	2017	9	28	271	17.1	20.6	7.04662231191452	-999.9	1.1	4.52020202020203	15.1017598710236	330
SUMMERSIDE	2017	9	29	272	7	11.7	8.06762602850763	-999.9	0.2	6.12268518518519	8.88176813206468	330
SUMMERSIDE	2017	9	30	273	1.7	12	11.7981671930586	-999.9	0	3.57638888888889	7.60185411899315	330
SUMMERSIDE	2017	10	1	274	5.7	16.7	12.0431875690312	-999.9	0	5.30092592592592	9.48270601071195	330
SUMMERSIDE	2017	10	2	275	6	11	8.01918498059304	-999.9	0	6.94444444444445	7.68001013770634	330
SUMMERSIDE	2017	10	3	276	3.4	12.8	10.8582831358417	-999.9	0	3.59953703703703	8.17466604664092	330
SUMMERSIDE	2017	10	4	277	10.7	20.9	11.168689248315	-999.9	0	7.53472222222222	14.4861463456453	330
SUMMERSIDE	2017	10	5	278	9.6	18.6	10.3581501546158	-999.9	1.2	4.95370370370369	12.6943062314815	330
SUMMERSIDE	2017	10	6	279	5.7	16.8	11.3562861064173	-999.9	0	3.42592592592592	9.93233919530618	330
SUMMERSIDE	2017	10	7	280	2.6	17.8	13.1179741238558	-999.9	0	3.91203703703703	9.282963847216	330
SUMMERSIDE	2017	10	8	281	15.6	21.2	7.85898822370341	-999.9	3.5	9.44444444444444	18.2126208727665	330
SUMMERSIDE	2017	10	9	282	14	20.6	8.42036809799818	-999.9	21	3.03240740740742	17.5225805590251	330
SUMMERSIDE	2017	10	10	283	12	21.1	9.75722964861549	-999.9	7.4	3.81944444444444	17.7338670178174	330
SUMMERSIDE	2017	10	11	284	4.8	13.1	9.19503335020197	-999.9	0	4.58333333333333	8.07872390424945	330
SUMMERSIDE	2017	10	12	285	1	11	9.95831721483952	-999.9	0	3.49537037037036	6.48343220891823	330
SUMMERSIDE	2017	10	13	286	-0.8	12.4	11.2878052293082	-999.9	0	3.24074074074075	6.37113881207499	330
SUMMERSIDE	2017	10	14	287	9.2	16.3	8.16685609096902	-999.9	0	6.97916666666667	12.3185892151751	330
SUMMERSIDE	2017	10	15	288	8	17.9	9.5129432964957	-999.9	0	5.56712962962964	13.0698738367765	330
SUMMERSIDE	2017	10	16	289	5.5	17.4	10.2875662961112	-999.9	0.4	7.36111111111111	10.7857357459655	330
SUMMERSIDE	2017	10	17	290	0.6	9.3	8.67586701186887	-999.9	0	4.12037037037036	6.34778416044856	330
SUMMERSIDE	2017	10	18	291	0.7	14.9	10.9316525082983	-999.9	0	5.87962962962964	6.86265476695068	330
SUMMERSIDE	2017	10	19	292	0.4	18.3	12.1041134026456	-999.9	0	5.96064814814814	8.35873067539864	330
SUMMERSIDE	2017	10	20	293	7.8	16.1	8.12809949660481	-999.9	0	7.09490740740742	8.77164253680516	330
SUMMERSIDE	2017	10	21	294	-0.4	10.6	9.22721860866629	-999.9	0	5.17361111111111	5.93638539797513	330
SUMMERSIDE	2017	10	22	295	-0.5	8	7.99819275113576	-999.9	0	3.22916666666667	6.26878256677684	330
SUMMERSIDE	2017	10	23	296	2.2	16.9	10.3713422457359	-999.9	0	4.60648148148147	9.73719646254164	330
SUMMERSIDE	2017	10	24	297	11.3	21.4	8.47655657157588	-999.9	0	5.34722222222222	15.941234415012	330
SUMMERSIDE	2017	10	25	298	14.7	22.2	7.20216719072259	-999.9	0	7.91666666666667	18.0865647262533	330
SUMMERSIDE	2017	10	26	299	16.9	22.8	6.29834577672731	-999.9	8.5	9.75694444444444	18.1991829488625	330
SUMMERSIDE	2017	10	27	300	6.7	17.9	8.55607335915707	-999.9	0	7.43055555555556	10.927464594721	330
SUMMERSIDE	2017	10	28	301	4.6	13.2	7.39230386632473	-999.9	0	2.33796296296296	9.18362439683156	330
SUMMERSIDE	2017	10	29	302	6.8	16.4	7.70077686598443	-999.9	0	3.46064814814814	11.1030485135754	330
SUMMERSIDE	2017	10	30	303	10.4	17.9	6.71126486136168	-999.9	3.4	9.6875	13.9827255889868	330
SUMMERSIDE	2017	10	31	304	7.8	14.9	6.43854270362486	-999.9	0	8.03240740740742	9.58670919750232	330
SUMMERSIDE	2017	11	1	305	-0.7	9.7	7.68374644943879	-999.9	0.2	4.44444444444444	5.34379664514533	330
SUMMERSIDE	2017	11	2	306	0.1	13.5	8.60049713537438	-999.9	1.2	4.39814814814814	7.51673711522946	330
SUMMERSIDE	2017	11	3	307	7.6	18.8	7.75381588166783	-999.9	15.4	7.89351851851853	13.0894752074469	330
SUMMERSIDE	2017	11	4	308	-0.8	8.2	6.85468227177152	-999.9	0	7.46527777777778	5.01514739147328	330
SUMMERSIDE	2017	11	5	309	-3.9	10.4	8.52161386497276	-999.9	0	4.6875	5.33231190473464	330
SUMMERSIDE	2017	11	6	310	4.4	18.2	8.25682848830739	-999.9	27.7	9.83796296296297	11.8034059134293	330
SUMMERSIDE	2017	11	7	311	1.7	6.3	4.7022825918526	-999.9	2.1	4.40972222222222	6.4869422560953	330
SUMMERSIDE	2017	11	8	312	0.4	5.2	4.73856549496148	-999.9	0	4.27083333333333	5.16237519826648	330
SUMMERSIDE	2017	11	9	313	0.8	5.1	4.42488094274968	-999.9	0	2.73809523809524	5.36981663204891	330
SUMMERSIDE	2017	11	10	314	-5.3	10.8	8.44832049622099	-999.9	5.9	7.72486772486772	5.62827096116272	330
SUMMERSIDE	2017	11	11	315	-6.2	1.8	5.87686813645075	-999.9	0	8.05555555555556	2.99042164266467	330
SUMMERSIDE	2017	11	12	316	-8.3	0.5	6.08336328402537	-999.9	0	1.875	3.21186744157332	330
SUMMERSIDE	2017	11	13	317	-7.7	3.7	6.83469064416715	-999.9	0	1.27314814814815	3.67993862212851	330
SUMMERSIDE	2017	11	14	318	0.3	4.2	3.94666253769722	-999.9	0	6.81712962962964	5.15701468935727	330
SUMMERSIDE	2017	11	15	319	0	3.1	3.47441560967219	-999.9	0	3.49537037037036	4.8048586678523	330
SUMMERSIDE	2017	11	16	320	0	6.5	4.9686409321156	-999.9	3.8	4.47916666666667	6.05149370476568	330
SUMMERSIDE	2017	11	17	321	0.7	8.1	5.23670912543251	-999.9	6	8.4375	7.68322372676988	330
SUMMERSIDE	2017	11	18	322	-1.2	3.1	3.94389212745771	-999.9	0	6.66666666666667	5.34710248869832	330
SUMMERSIDE	2017	11	19	323	-0.1	14.4	7.15672792900689	-999.9	9.9	6.92129629629631	9.22601174325693	330
SUMMERSIDE	2017	11	20	324	-5.1	4.4	5.72569870912279	-999.9	0	8.59953703703703	4.13081109857283	330
SUMMERSIDE	2017	11	21	325	-7.2	5.9	6.64721912198197	-999.9	0	7.03703703703703	4.15315587820416	330
SUMMERSIDE	2017	11	22	326	2.1	12.1	5.7431279900546	-999.9	26.1	5.3125	9.06170976122818	330
SUMMERSIDE	2017	11	23	327	-2.7	5.3	5.08099935332164	-999.9	16.1	8.96990740740742	5.68851089611123	330
SUMMERSIDE	2017	11	24	328	-2.5	4.2	4.60059188433183	-999.9	0	4.90740740740742	4.80649207653504	330
SUMMERSIDE	2017	11	25	329	4.1	12.7	5.15844960940278	-999.9	0	7.01388888888889	8.53203941177531	330
SUMMERSIDE	2017	11	26	330	-2.6	7.1	5.42345383257882	-999.9	0.7	4.31712962962964	6.84383225012423	330
SUMMERSIDE	2017	11	27	331	-5.7	-1.7	3.44882817593768	-999.9	0.2	7.26851851851853	3.29153068763796	330
SUMMERSIDE	2017	11	28	332	-6.3	1.4	4.73995953170893	-999.9	0	5.40509259259258	3.71655077605405	330
SUMMERSIDE	2017	11	29	333	-2.1	7.8	5.3256864758256	-999.9	0.5	7.76620370370369	6.13441445722033	330
SUMMERSIDE	2017	11	30	334	-3.9	1.1	3.75160803223559	-999.9	0	4.39814814814814	4.02169874698744	330
SUMMERSIDE	2017	12	1	335	0.8	6.3	3.90156279977216	-999.9	4.1	5.01157407407408	7.1869627879779	330
SUMMERSIDE	2017	12	2	336	0.6	3.8	2.95196975803345	-999.9	0	4.86111111111111	6.12107706023003	330
SUMMERSIDE	2017	12	3	337	-0.3	1.6	2.25710944536758	-999.9	1	2.01388888888889	5.94287788964471	330
SUMMERSIDE	2017	12	4	338	-0.2	2.1	2.46514312430487	-999.9	3.9	5.98379629629631	6.33954670382433	330
SUMMERSIDE	2017	12	5	339	-1.4	3.7	3.64530038484432	-999.9	2.9	3.55324074074075	5.99638771331173	330
SUMMERSIDE	2017	12	6	340	-2.4	9	5.4142989025291	-999.9	4.6	9.18981481481481	6.91321604173981	330
SUMMERSIDE	2017	12	7	341	-3.3	3.7	4.216535116251	-999.9	0	4.24768518518519	4.82872845670727	330
SUMMERSIDE	2017	12	8	342	-2.4	2.2	3.39845430856878	-999.9	0	4.30555555555556	4.39971996226616	330
SUMMERSIDE	2017	12	9	343	-2.3	3.6	3.8283060589798	-999.9	5.9	2.96296296296297	5.09543264960936	330
SUMMERSIDE	2017	12	10	344	-2.9	1.8	3.40011170506293	-999.9	14.7	6.22685185185186	5.58628901697637	330
SUMMERSIDE	2017	12	11	345	-7.1	0.2	4.21849695673457	-999.9	1.5	4.56018518518519	3.91416744951517	330
SUMMERSIDE	2017	12	12	346	-8.5	2.3	5.11035896723853	-999.9	4	4.25925925925925	4.19160163135872	330
SUMMERSIDE	2017	12	13	347	-5.3	11.5	6.35083802510172	-999.9	6.9	8.04398148148147	7.11950871894349	330
SUMMERSIDE	2017	12	14	348	-11.9	-3.8	4.39593888098612	-999.9	0	10.4398148148148	2.29637038507112	330
SUMMERSIDE	2017	12	15	349	-11.8	-5.8	3.77324794421939	-999.9	0	8.33333333333333	1.9564448067159	330
SUMMERSIDE	2017	12	16	350	-11.3	-6.5	3.36736707974906	-999.9	0	5	2.09022075810567	330
SUMMERSIDE	2017	12	17	351	-11.7	-7.5	3.1443116026526	-999.9	0	7.07175925925925	2.17148781982757	330
SUMMERSIDE	2017	12	18	352	-13.2	-4.4	4.54543517744732	-999.9	0.4	4.00462962962964	2.30425721679872	330
SUMMERSIDE	2017	12	19	353	-4.6	1	3.62296646343638	-999.9	6.4	3.19444444444444	5.10656099873036	330
SUMMERSIDE	2017	12	20	354	-7.7	1.3	4.59125338620326	-999.9	0.6	7.15277777777778	3.89778389276401	330
SUMMERSIDE	2017	12	21	355	-10.7	-7.5	2.73796896347865	-999.9	0	8.4375	2.19928828454806	330
SUMMERSIDE	2017	12	22	356	-18.1	-7.9	4.89103699983596	-999.9	0.2	4.95370370370369	1.68609697761993	330
SUMMERSIDE	2017	12	23	357	-18.2	5.6	7.47894213631924	-999.9	13.3	3.20601851851853	3.23881768627108	330
SUMMERSIDE	2017	12	24	358	-8.2	6.4	5.86653764084461	-999.9	0.2	6.84027777777778	4.65805611331397	330
SUMMERSIDE	2017	12	25	359	-9.1	-0.8	4.43200500502668	-999.9	6.7	7.22222222222222	3.63757536361314	330
SUMMERSIDE	2017	12	26	360	-14	-5.7	4.44280098449853	-999.9	0	11.1805555555556	1.97935312777549	330
SUMMERSIDE	2017	12	27	361	-18.9	-13.9	3.45826953431749	-999.9	0	11.7708333333333	1.04226509718014	330
SUMMERSIDE	2017	12	28	362	-19.1	-10.2	4.62937695770165	-999.9	0	7.26851851851853	1.52663444824355	330
SUMMERSIDE	2017	12	29	363	-11.5	-9.4	2.25728598868488	-999.9	0	3.83101851851853	2.32776840336758	330
SUMMERSIDE	2017	12	30	364	-17.3	-9.6	4.34075360940907	-999.9	0.2	4.09722222222222	1.78920829362388	330
SUMMERSIDE	2017	12	31	365	-18.7	-13	3.75224309667063	-999.9	0.2	6.79398148148147	1.39801374416508	330
