SUMMERSIDE	2022	1	1	1	-1	5	3.8694667304131	-999.9	2.6	3.05555555555556	6.8908525470454	330
SUMMERSIDE	2022	1	2	2	-4.9	4.8	4.94730307333462	-999.9	4.1	5.74074074074075	6.0224513125	330
SUMMERSIDE	2022	1	3	3	-12.3	-4.9	4.34698026797007	-999.9	0.2	4.49074074074075	2.64298371104242	330
SUMMERSIDE	2022	1	4	4	-11.4	-6.3	3.63182276538717	-999.9	0.4	5.26620370370369	2.42878684712967	330
SUMMERSIDE	2022	1	5	5	-10.7	5.8	6.57694573232967	-999.9	3.6	6.875	4.31248104127907	330
SUMMERSIDE	2022	1	6	6	-1.8	7.1	4.86509357489935	-999.9	10.8	3.96990740740742	7.07248481495303	330
SUMMERSIDE	2022	1	7	7	-5.1	-1.1	3.28630076393278	-999.9	7.3	8.71527777777778	4.62317984692357	330
SUMMERSIDE	2022	1	8	8	-13.9	-5.1	4.91318190309211	-999.9	0.4	8.46064814814814	2.40563809548606	330
SUMMERSIDE	2022	1	9	9	-9.7	2.3	5.78515667297549	-999.9	1.1	7.00231481481481	4.03120050508469	330
SUMMERSIDE	2022	1	10	10	-15.9	2.3	7.18650243708424	-999.9	0	7.26851851851853	2.42154499221775	330
SUMMERSIDE	2022	1	11	11	-18.1	-15.7	2.63326604691367	-999.9	0	5.70601851851853	1.08159855542146	330
SUMMERSIDE	2022	1	12	12	-19.1	-2.4	7.01132024356204	-999.9	1.8	5.86805555555556	2.22190559121911	330
SUMMERSIDE	2022	1	13	13	-10.6	-3.1	4.74422340291009	-999.9	0	2.12962962962963	3.1538546594958	330
SUMMERSIDE	2022	1	14	14	-6.5	-0.7	4.21383082581446	-999.9	2.6	6.82870370370369	4.46156651339661	330
SUMMERSIDE	2022	1	15	15	-15.6	-6.1	5.4485919921467	-999.9	4.4	13.912037037037	2.30220367267763	330
SUMMERSIDE	2022	1	16	16	-16.4	-10.6	4.30250832092291	-999.9	0	7.58101851851853	1.41977662166105	330
SUMMERSIDE	2022	1	17	17	-16.8	5.3	8.49004453716785	-999.9	2.4	7.30324074074075	3.15636580423963	330
SUMMERSIDE	2022	1	18	18	-14.3	5	8.022587436872	-999.9	0.2	7.45370370370369	3.59647356317203	330
SUMMERSIDE	2022	1	19	19	-16.9	-0.6	7.45697032953474	-999.9	0.4	6.42361111111111	2.1683126078911	330
SUMMERSIDE	2022	1	20	20	-12.8	1.3	7.01643936849739	-999.9	0.3	4.56018518518519	3.15731787824311	330
SUMMERSIDE	2022	1	21	21	-18.5	-12.6	4.59274781478387	-999.9	0.2	4.24768518518519	1.3525028892419	330
SUMMERSIDE	2022	1	22	22	-20.8	-10.1	6.25998942961739	-999.9	0	1.81712962962963	1.37758870827608	330
SUMMERSIDE	2022	1	23	23	-11.6	-3.6	5.47964682283323	-999.9	0.2	2.89351851851853	3.02440643576279	330
SUMMERSIDE	2022	1	24	24	-20.5	-4.9	7.74785555313874	-999.9	0.2	2.31481481481481	1.65508571414091	330
SUMMERSIDE	2022	1	25	25	-15.6	0.1	7.87157312550299	-999.9	1.2	3.53009259259258	2.99784639504913	330
SUMMERSIDE	2022	1	26	26	-18.5	-10.1	5.83203085336662	-999.9	0	3.47222222222222	1.56489489132509	330
SUMMERSIDE	2022	1	27	27	-20.5	-9.4	6.79174333449386	-999.9	0.2	3.75	1.46617556957585	330
SUMMERSIDE	2022	1	28	28	-9.9	-2.6	5.58068092101315	-999.9	2.2	5.56712962962964	3.28463948171549	330
SUMMERSIDE	2022	1	29	29	-10.7	-0.6	6.6520287810016	-999.9	4.8	11.8055555555556	3.69651826020288	330
SUMMERSIDE	2022	1	30	30	-12.3	1.1	7.76552038957215	-999.9	0	8.31018518518519	3.28167177662172	330
SUMMERSIDE	2022	1	31	31	-16.5	-8.8	5.9667903458645	-999.9	0	4.78009259259258	1.58280150130697	330
SUMMERSIDE	2022	2	1	32	-21.8	-9.9	7.51959074984433	-999.9	0	1.86342592592593	1.32963667640156	330
SUMMERSIDE	2022	2	2	33	-22.5	0.7	10.6447069618449	-999.9	0	4.09722222222222	2.24265275893677	330
SUMMERSIDE	2022	2	3	34	-5	4.9	7.05043173728348	-999.9	1.7	6.57407407407408	5.79097589955518	330
SUMMERSIDE	2022	2	4	35	-6.2	-4.9	2.5906778033519	-999.9	10.6	11.0069444444444	3.79441573712855	330
SUMMERSIDE	2022	2	5	36	-15.8	-5.1	7.53717078617918	-999.9	0.4	8.55324074074075	2.38811753671135	330
SUMMERSIDE	2022	2	6	37	-19.8	-9.9	7.35251534179104	-999.9	0	4.17824074074075	1.268279969766	330
SUMMERSIDE	2022	2	7	38	-10.2	-1.4	7.03047711853384	-999.9	0	7.16435185185186	3.11081345920534	330
SUMMERSIDE	2022	2	8	39	-3.2	1.5	5.21119077937873	-999.9	21.8	7.74305555555556	5.44836897572714	330
SUMMERSIDE	2022	2	9	40	-2.5	2.3	5.34157118969712	-999.9	0.7	5.32407407407408	5.48886010295409	330
SUMMERSIDE	2022	2	10	41	-3.4	1.9	5.69323217994478	-999.9	0	5.35879629629631	5.09031207012214	330
SUMMERSIDE	2022	2	11	42	-0.9	3.9	5.49569808739726	-999.9	0	5.79861111111111	5.4088723355698	330
SUMMERSIDE	2022	2	12	43	1	8.2	6.82739680962144	-999.9	0.4	6.92129629629631	6.76925246725768	330
SUMMERSIDE	2022	2	13	44	-9.9	2.6	9.12499539644188	-999.9	0.2	5.99537037037036	3.3829460376304	330
SUMMERSIDE	2022	2	14	45	-13.6	-7.5	6.46591904197851	-999.9	0.9	9.4212962962963	2.31965451723072	330
SUMMERSIDE	2022	2	15	46	-17.3	-11.5	6.39532966157474	-999.9	0	5.47453703703703	1.30730762325707	330
SUMMERSIDE	2022	2	16	47	-16.2	1.4	11.3000878017188	-999.9	0	6.44675925925925	2.23866204555973	330
SUMMERSIDE	2022	2	17	48	1.4	7.6	6.8028043612561	-999.9	0.2	11.1458333333333	7.51867958053758	330
SUMMERSIDE	2022	2	18	49	-8.3	9.1	11.5590137638572	-999.9	23	9.27083333333333	5.76269734869617	330
SUMMERSIDE	2022	2	19	50	-9.9	-3.7	6.99810975155986	-999.9	1.3	4.38657407407408	2.65385331103915	330
SUMMERSIDE	2022	2	20	51	-9.1	-3.3	6.86467272232899	-999.9	0	6.43518518518519	2.82875278562648	330
SUMMERSIDE	2022	2	21	52	-5.8	4.4	9.23222982497309	-999.9	0	6.86342592592592	4.28438491121939	330
SUMMERSIDE	2022	2	22	53	-8.4	0.3	8.64657731394412	-999.9	0.8	7.52314814814814	3.35477473197382	330
SUMMERSIDE	2022	2	23	54	-8.6	6.8	11.6653612953038	-999.9	8.5	8.72685185185186	5.41484055126112	330
SUMMERSIDE	2022	2	24	55	-11.9	-5.6	7.56544243280475	-999.9	0	8.39120370370369	1.7991816189176	330
SUMMERSIDE	2022	2	25	56	-13.9	-11.2	5.02161121585755	-999.9	1.1	3.80787037037036	1.71542970339755	330
SUMMERSIDE	2022	2	26	57	-16.5	-8.8	8.59750942667535	-999.9	0	4.15509259259258	1.64638999235032	330
SUMMERSIDE	2022	2	27	58	-10.1	-2.4	8.71577101974128	-999.9	0	6.23842592592592	2.68377115082786	330
SUMMERSIDE	2022	2	28	59	-13.3	-7.5	7.66783658933014	-999.9	0.2	8.06712962962964	1.80851118903676	330
SUMMERSIDE	2022	3	1	60	-15.3	-6.2	9.73512384141322	-999.9	0	4.21296296296297	1.66982905681994	330
SUMMERSIDE	2022	3	2	61	-10.1	0.6	10.6988351015338	-999.9	2.3	6.41203703703703	3.57300260116337	330
SUMMERSIDE	2022	3	3	62	-15.3	-6.1	10.0536246223407	-999.9	0	3.07870370370369	2.02455409919658	330
SUMMERSIDE	2022	3	4	63	-17.9	-9.2	9.90675371754581	-999.9	0	6.62037037037036	1.19989442045638	330
SUMMERSIDE	2022	3	5	64	-11.5	-1.4	10.8151574460173	-999.9	0	5.67129629629631	2.10013701593618	330
SUMMERSIDE	2022	3	6	65	-10.3	1.2	11.6916980834926	-999.9	12	3.85416666666667	3.64383897080245	330
SUMMERSIDE	2022	3	7	66	-1	1.7	5.73881061245468	-999.9	4.7	3.50694444444444	5.82851161718288	330
SUMMERSIDE	2022	3	8	67	-7.7	2.6	11.353338589807	-999.9	8.9	9.88425925925925	4.08480007975242	330
SUMMERSIDE	2022	3	9	68	-8.6	-3.1	8.4024083801968	-999.9	0	4.64120370370369	2.72050851370974	330
SUMMERSIDE	2022	3	10	69	-4.8	5.4	11.5875446073636	-999.9	0	4.59490740740742	4.77238310896308	330
SUMMERSIDE	2022	3	11	70	-5.3	-0.6	7.96451947570032	-999.9	0	2.78935185185186	3.90299386119365	330
SUMMERSIDE	2022	3	12	71	-2.4	8.3	12.1666589677362	-999.9	9.8	6.49305555555556	7.21831074084659	330
SUMMERSIDE	2022	3	13	72	-7	0.1	10.0328890871651	-999.9	0.4	10.0462962962963	3.12580156745734	330
SUMMERSIDE	2022	3	14	73	-7.6	1.1	11.2414315176049	-999.9	0	5.94907407407408	3.02645305033294	330
SUMMERSIDE	2022	3	15	74	-5.2	2.5	10.7033444604602	-999.9	0	4.58333333333333	3.94782138768572	330
SUMMERSIDE	2022	3	16	75	-5.4	2.1	10.6896426690639	-999.9	0	4.13194444444444	3.93841892184058	330
SUMMERSIDE	2022	3	17	76	-0.6	4.9	9.26228023712648	-999.9	0	5.32407407407408	6.24413892953139	330
SUMMERSIDE	2022	3	18	77	-3.3	10.5	14.8431169451908	-999.9	0	4.07407407407408	6.88254263305435	330
SUMMERSIDE	2022	3	19	78	-3.4	1.1	8.57403439728173	-999.9	2.3	3.46064814814814	4.43261408395388	330
SUMMERSIDE	2022	3	20	79	0.1	5.3	9.32218917906636	-999.9	4.7	3.81944444444444	6.77753922346025	330
SUMMERSIDE	2022	3	21	80	-0.7	3.3	8.26850331429281	-999.9	1.1	4.59490740740742	5.6351372136292	330
SUMMERSIDE	2022	3	22	81	-3.8	1.8	9.89269327432762	-999.9	0	9.07407407407408	3.73254704292123	330
SUMMERSIDE	2022	3	23	82	-2.4	2.1	8.96588079495654	-999.9	0	9.375	3.99859142560254	330
SUMMERSIDE	2022	3	24	83	-3.7	1.4	9.64895221899206	-999.9	0	3.19444444444444	4.36611590267371	330
SUMMERSIDE	2022	3	25	84	-0.1	3.4	8.07940394252189	-999.9	21.1	6.09953703703703	6.10222791389127	330
SUMMERSIDE	2022	3	26	85	0.1	8.6	12.7246713810348	-999.9	0	3.55324074074075	7.16517492879178	330
SUMMERSIDE	2022	3	27	86	0.4	6.2	10.6214607993891	-999.9	9.5	3.84259259259258	7.28252561472872	330
SUMMERSIDE	2022	3	28	87	-0.1	7.2	12.0394302463788	-999.9	1.5	4.00462962962964	7.1594339082684	330
SUMMERSIDE	2022	3	29	88	-4.4	-0.1	9.33456117661712	-999.9	5.4	6.89814814814814	4.97968320117668	330
SUMMERSIDE	2022	3	30	89	-4.6	5.5	14.4502814330319	-999.9	0.5	6.74768518518519	4.52538910114606	330
SUMMERSIDE	2022	3	31	90	-1.2	4	10.4716198969962	-999.9	1.5	4.27083333333333	4.92314438773467	330
SUMMERSIDE	2022	4	1	91	0.5	10.8	14.8822271634243	-999.9	10.2	5.52083333333333	8.96759462277248	330
SUMMERSIDE	2022	4	2	92	0	2.4	7.25324795803651	-999.9	2.1	6.16898148148147	6.02427788872249	330
SUMMERSIDE	2022	4	3	93	-1.3	7.3	13.8609863535924	-999.9	0	4.81481481481481	5.28053048484603	330
SUMMERSIDE	2022	4	4	94	-1.4	1.5	8.12460607674007	-999.9	0.2	7.23379629629631	5.10808848993362	330
SUMMERSIDE	2022	4	5	95	-1.8	6.3	13.7039140190818	-999.9	0	4.43287037037036	4.48108063996229	330
SUMMERSIDE	2022	4	6	96	-3	7.9	16.0418549528157	-999.9	0	3.42592592592592	4.4749659202347	330
SUMMERSIDE	2022	4	7	97	-3.7	3.6	13.245929791252	-999.9	0	2.98611111111111	5.32383886951653	330
SUMMERSIDE	2022	4	8	98	-1.4	10.9	17.3457778945793	-999.9	1.7	7.53472222222222	7.01573304225366	330
SUMMERSIDE	2022	4	9	99	0.5	9.8	15.214003487822	-999.9	0.2	3.87731481481481	8.34311083161257	330
SUMMERSIDE	2022	4	10	100	0.3	4.3	10.0631407756407	-999.9	5.7	4.66435185185186	7.14558852217556	330
SUMMERSIDE	2022	4	11	101	1.3	11.6	16.2841276688391	-999.9	0	5.75231481481481	6.76556849623278	330
SUMMERSIDE	2022	4	12	102	-1.5	11.3	18.3035004282272	-999.9	0	1.77083333333333	5.76717727762758	330
SUMMERSIDE	2022	4	13	103	-0.3	9.7	16.3099843915603	-999.9	0	3.39120370370369	7.02407926952244	330
SUMMERSIDE	2022	4	14	104	-1.2	11.3	18.3812135613325	-999.9	0	3.62268518518519	6.62885338434422	330
SUMMERSIDE	2022	4	15	105	2.1	6.5	10.9913886702745	-999.9	4.6	3.70370370370369	7.59827265208534	330
SUMMERSIDE	2022	4	16	106	2.2	13.2	17.5134307410896	-999.9	1	7.23379629629631	8.52661219243299	330
SUMMERSIDE	2022	4	17	107	2.2	8.6	13.460318425367	-999.9	5.5	6.00694444444445	7.73935013955464	330
SUMMERSIDE	2022	4	18	108	-1.8	7.6	16.4346984100336	-999.9	0.2	5.99537037037036	5.38808169214784	330
SUMMERSIDE	2022	4	19	109	-1.4	9.5	17.8273070292723	-999.9	18.9	8.65740740740742	6.3950495798547	330
SUMMERSIDE	2022	4	20	110	3.1	9.5	13.7587698180746	-999.9	0.9	8.47222222222222	7.12253051728184	330
SUMMERSIDE	2022	4	21	111	1.4	10.6	16.6128186276113	-999.9	0	4.90740740740742	5.52872040507028	330
SUMMERSIDE	2022	4	22	112	4.9	14.5	17.0878618264204	-999.9	0.2	5.9375	8.65991161522269	330
SUMMERSIDE	2022	4	23	113	-1.2	5.4	14.2649390236022	-999.9	0.2	6.58564814814814	4.42652631116851	330
SUMMERSIDE	2022	4	24	114	1.5	5.2	10.7519702443682	-999.9	0	11.2152777777778	5.33097795677744	330
SUMMERSIDE	2022	4	25	115	1.8	8	14.0092835073816	-999.9	0	5.61342592592592	7.81160718622718	330
SUMMERSIDE	2022	4	26	116	1.8	14.5	20.1789577897879	-999.9	0.7	5.64814814814814	8.90378234997283	330
SUMMERSIDE	2022	4	27	117	5.8	8	8.45140993791872	-999.9	16.8	4.17824074074075	9.29624329009404	330
SUMMERSIDE	2022	4	28	118	3.9	9.2	13.1983957015997	-999.9	3.2	4.17824074074075	9.18169233497378	330
SUMMERSIDE	2022	4	29	119	2.1	4	7.95005410938769	-999.9	3.9	7.93981481481481	7.34517033207412	330
SUMMERSIDE	2022	4	30	120	0.7	2.6	7.99696354568125	-999.9	8.4	9.05092592592592	6.61444289260304	330
SUMMERSIDE	2022	5	1	121	1.4	3.3	8.04313527355266	-999.9	2.1	7.8125	6.87702544004987	330
SUMMERSIDE	2022	5	2	122	-0.8	7	16.3885912318483	-999.9	0.2	4.82638888888889	5.67260990796036	330
SUMMERSIDE	2022	5	3	123	-1.4	12.1	21.6796724059406	-999.9	0	2.1875	6.95889861266883	330
SUMMERSIDE	2022	5	4	124	3.5	14	19.222860633703	-999.9	0.7	5.06944444444445	9.230741480764	330
SUMMERSIDE	2022	5	5	125	3.3	9	14.237856949523	-999.9	1	5.01157407407408	7.32033184503143	330
SUMMERSIDE	2022	5	6	126	1.9	7	13.5370075857761	-999.9	0	3.24074074074075	5.67514023659892	330
SUMMERSIDE	2022	5	7	127	-2.3	5.3	16.6081625538677	-999.9	0	4.30555555555556	4.59383677815518	330
SUMMERSIDE	2022	5	8	128	-3	9.9	21.7437242583896	-999.9	0	2.37268518518519	4.50881978963673	330
SUMMERSIDE	2022	5	9	129	-1.3	11.9	22.1002743550841	-999.9	0	3.64583333333333	5.29278844670045	330
SUMMERSIDE	2022	5	10	130	2.5	13.6	20.3606389220558	-999.9	0	3.70370370370369	6.60221251125488	330
SUMMERSIDE	2022	5	11	131	-0.5	19.6	27.5229509211552	-999.9	0	2.92824074074075	8.22185464017383	330
SUMMERSIDE	2022	5	12	132	9.4	21.8	21.7131559354827	-999.9	0	3.40277777777778	10.7652861810853	330
SUMMERSIDE	2022	5	13	133	10.2	23.7	22.7531989693398	-999.9	0	6.59722222222222	12.9199051544264	330
SUMMERSIDE	2022	5	14	134	4.9	14	18.7589409340945	-999.9	0	4.64120370370369	9.81105521374489	330
SUMMERSIDE	2022	5	15	135	6.4	15.7	19.0410079572843	-999.9	0	2.63888888888889	10.6030033808317	330
SUMMERSIDE	2022	5	16	136	9.1	19.5	20.2150583688789	-999.9	0	5.92592592592592	12.941690115516	330
SUMMERSIDE	2022	5	17	137	9.5	20.3	20.6789903182857	-999.9	6.9	8.00925925925925	14.7147094408148	330
SUMMERSIDE	2022	5	18	138	4.2	13.2	18.9472985851845	-999.9	0	5.97222222222222	7.98243496441318	330
SUMMERSIDE	2022	5	19	139	2.9	15.8	22.765603835908	-999.9	0	4.38657407407408	6.41077657645025	330
SUMMERSIDE	2022	5	20	140	8.5	19.1	20.7083461012079	-999.9	0	3.81944444444444	8.13242584727403	330
SUMMERSIDE	2022	5	21	141	9	21.6	22.6535363391611	-999.9	1.2	7.75462962962964	11.2000722105608	330
SUMMERSIDE	2022	5	22	142	12.9	27.4	24.3805373104394	-999.9	0	6.42361111111111	19.1246521436532	330
SUMMERSIDE	2022	5	23	143	4.8	17.1	22.5253131085447	-999.9	2	5.97222222222222	10.0605350101669	330
SUMMERSIDE	2022	5	24	144	4.4	13.3	19.2186531358405	-999.9	0.2	3.95833333333333	7.20737052989838	330
SUMMERSIDE	2022	5	25	145	3.3	20.6	26.8727116854556	-999.9	0	3.87731481481481	7.7800655543837	330
SUMMERSIDE	2022	5	26	146	8.9	21.3	22.8144908424117	-999.9	0.6	4.10879629629631	10.1666964371886	330
SUMMERSIDE	2022	5	27	147	9.8	14.6	14.232566428325	-999.9	35.2	4.60648148148147	13.4954422545025	330
SUMMERSIDE	2022	5	28	148	12.9	20.3	17.7170922202822	-999.9	3.9	9.27083333333333	17.6706446755079	330
SUMMERSIDE	2022	5	29	149	11	24.3	23.8104643606096	-999.9	0	4.15509259259258	13.9970226777369	330
SUMMERSIDE	2022	5	30	150	7.1	23.4	26.4212234854341	-999.9	0	4.97685185185186	13.1010845856255	330
SUMMERSIDE	2022	5	31	151	6.3	10.8	13.913430219527	-999.9	0	7.30324074074075	7.49380891905212	330
SUMMERSIDE	2022	6	1	152	7	13.1	16.2335536111416	-999.9	0	6.64351851851853	8.02422660129473	330
SUMMERSIDE	2022	6	2	153	4.2	16.1	22.7192977677025	-999.9	0	4.47916666666667	8.81439023742944	330
SUMMERSIDE	2022	6	3	154	5.2	15.8	21.4832129110768	-999.9	0	3.93518518518519	9.7736218489774	330
SUMMERSIDE	2022	6	4	155	5.8	13.6	18.4616591559754	-999.9	0	3.59953703703703	9.374857806712	330
SUMMERSIDE	2022	6	5	156	7.8	17.4	20.5158034470492	-999.9	8.4	2.85879629629631	12.835608728757	330
SUMMERSIDE	2022	6	6	157	8.1	15.3	17.7951276551404	-999.9	0.2	2.78935185185186	11.0501401410788	330
SUMMERSIDE	2022	6	7	158	6.7	18	22.3258799370734	-999.9	0	2.53472222222222	10.801792767509	330
SUMMERSIDE	2022	6	8	159	9.9	17.9	18.8105506012151	-999.9	8	5.53819444444445	13.2909243556099	330
SUMMERSIDE	2022	6	9	160	13.9	17.9	13.3176131104376	-999.9	7.5	5.15277777777778	16.7296227522291	330
SUMMERSIDE	2022	6	10	161	13.4	20.3	17.5111085365642	-999.9	0	8.99305555555556	15.1833051638006	330
SUMMERSIDE	2022	6	11	162	12.7	25	23.4038460314087	-999.9	0	6.86342592592592	15.9412354743154	330
SUMMERSIDE	2022	6	12	163	12.8	24.2	22.5520299113234	-999.9	0	3.33333333333333	15.9215227417806	330
SUMMERSIDE	2022	6	13	164	14.6	18.8	13.6996481310669	-999.9	9.5	4.24768518518519	16.1529106929389	330
SUMMERSIDE	2022	6	14	165	11.3	15	12.8673839250189	-999.9	25.7	5.52083333333333	14.4989123290049	330
SUMMERSIDE	2022	6	15	166	11.4	19.9	19.5144635883802	-999.9	0	4.16666666666667	14.0579433342301	330
SUMMERSIDE	2022	6	16	167	12.3	25.1	23.9586902864648	-999.9	0	5.625	14.8410083887841	330
SUMMERSIDE	2022	6	17	168	13.7	19.2	15.710991185661	-999.9	0	7.74305555555556	15.01433337431	330
SUMMERSIDE	2022	6	18	169	13.3	23.8	21.713723174953	-999.9	0.8	5.48611111111111	19.1505424839742	330
SUMMERSIDE	2022	6	19	170	12.4	20.8	19.4245061032307	-999.9	0	3.41435185185186	15.7818771990113	330
SUMMERSIDE	2022	6	20	171	11.1	13.3	9.94135751361357	-999.9	12	4.87268518518519	13.5548935419673	330
SUMMERSIDE	2022	6	21	172	9.3	14.4	15.1355005181977	-999.9	0	3.87731481481481	11.7661080862984	330
SUMMERSIDE	2022	6	22	173	10.2	19.4	20.3252696121755	-999.9	0	4.46759259259258	13.5849219221331	330
SUMMERSIDE	2022	6	23	174	11.3	22.5	22.4199935053441	-999.9	4.6	4.31712962962964	14.3053313929309	330
SUMMERSIDE	2022	6	24	175	16.4	21.4	14.9743823401176	-999.9	11.8	2.53472222222222	20.4632478294937	330
SUMMERSIDE	2022	6	25	176	16	25.4	20.521951844255	-999.9	0	1.93287037037037	21.2050482283484	330
SUMMERSIDE	2022	6	26	177	15	26.6	22.7838928008817	-999.9	0	3.88888888888889	19.6710611543731	330
SUMMERSIDE	2022	6	27	178	16.5	26.5	21.1395869723629	-999.9	0	7.96296296296297	20.4595761100143	330
SUMMERSIDE	2022	6	28	179	15.3	22.5	17.9231221343995	-999.9	0	5.06944444444445	18.9924518917488	330
SUMMERSIDE	2022	6	29	180	13.9	25.6	22.8267772953451	-999.9	0	3.25231481481481	14.6181499730494	330
SUMMERSIDE	2022	6	30	181	12.8	24.2	22.5092831778992	-999.9	0	3.46064814814814	17.4717997183166	330
SUMMERSIDE	2022	7	1	182	10.7	24.4	24.6479256969072	-999.9	0	4.51388888888889	15.561760278794	330
SUMMERSIDE	2022	7	2	183	16.5	21.8	15.3116548870325	-999.9	7.8	6.25	20.3565011455139	330
SUMMERSIDE	2022	7	3	184	13.1	24.5	22.4261095457349	-999.9	10.3	3.79629629629631	18.2295852124769	330
SUMMERSIDE	2022	7	4	185	10.5	22.1	22.5892073431816	-999.9	0	4.45601851851853	12.2734809202734	330
SUMMERSIDE	2022	7	5	186	11.5	24	23.4126516718933	-999.9	0	4.30555555555556	14.4037158306009	330
SUMMERSIDE	2022	7	6	187	11.6	18	16.7248505191994	-999.9	29.5	6.35416666666667	15.3244116654026	330
SUMMERSIDE	2022	7	7	188	11.8	21.9	20.9730988449736	-999.9	0	3.80787037037036	14.1603449261107	330
SUMMERSIDE	2022	7	8	189	13.1	21.2	18.7467943562318	-999.9	0	5.20833333333333	15.213855982521	330
SUMMERSIDE	2022	7	9	190	12.4	20.5	18.7095120414765	-999.9	0	3.87731481481481	13.1400091800686	330
SUMMERSIDE	2022	7	10	191	11.5	22.6	21.8559486971538	-999.9	0	3.92361111111111	12.9453471673773	330
SUMMERSIDE	2022	7	11	192	14.1	24.2	20.8022241478885	-999.9	0	7.25694444444445	16.2703081858062	330
SUMMERSIDE	2022	7	12	193	15.8	26.1	20.9585486962308	-999.9	0	7.53472222222222	17.5691647716308	330
SUMMERSIDE	2022	7	13	194	13.7	27.5	24.2007120423525	-999.9	0	5.68287037037036	18.3135462158026	330
SUMMERSIDE	2022	7	14	195	11.1	22.8	22.2269530477548	-999.9	8.4	3.03240740740742	14.915115083265	330
SUMMERSIDE	2022	7	15	196	15	21.9	17.0240242040946	-999.9	0	2.70833333333333	18.6730274286167	330
SUMMERSIDE	2022	7	16	197	14.1	26.6	22.8504908500602	-999.9	0	4.39814814814814	17.3068694680541	330
SUMMERSIDE	2022	7	17	198	16.2	24.9	19.008814635637	-999.9	0	6.27314814814814	19.774883098837	330
SUMMERSIDE	2022	7	18	199	16.6	27.5	21.2136523414931	-999.9	0	6.18055555555556	21.8906698352856	330
SUMMERSIDE	2022	7	19	200	18	23.9	15.5591820143625	-999.9	18.7	7.09490740740742	23.3600607528629	330
SUMMERSIDE	2022	7	20	201	15.4	25.7	20.4922454417821	-999.9	0	5.64814814814814	18.1303392492909	330
SUMMERSIDE	2022	7	21	202	14.7	29.4	24.4000804148535	-999.9	0	3.73842592592592	19.2912219265983	330
SUMMERSIDE	2022	7	22	203	19.3	28.6	19.3413610966767	-999.9	0	5.15046296296297	25.3906538617519	330
SUMMERSIDE	2022	7	23	204	18.6	30.1	21.4317975582643	-999.9	0	4.16666666666667	22.8042343803027	330
SUMMERSIDE	2022	7	24	205	18.5	29.6	20.9790716858337	-999.9	0	4.86111111111111	23.110133334955	330
SUMMERSIDE	2022	7	25	206	20.2	27.4	16.832821899672	-999.9	0	8.19444444444445	24.1035851832355	330
SUMMERSIDE	2022	7	26	207	18.1	26.9	18.5373879499262	-999.9	0	5.30092592592592	19.7162713302478	330
SUMMERSIDE	2022	7	27	208	14.2	27	22.2678937941891	-999.9	0	3.86574074074075	17.8567227237232	330
SUMMERSIDE	2022	7	28	209	13.3	25.7	21.827409109476	-999.9	0	2.44212962962963	17.8287608497606	330
SUMMERSIDE	2022	7	29	210	17.7	24	15.4927618468124	-999.9	2.9	4.66435185185186	21.7985870150664	330
SUMMERSIDE	2022	7	30	211	17.1	27	19.3371835896007	-999.9	0	4.52546296296297	20.4526773751607	330
SUMMERSIDE	2022	7	31	212	17	28.2	20.4762915331701	-999.9	0	4.25925925925925	20.3985260325427	330
SUMMERSIDE	2022	8	1	213	18.3	26.4	17.334083007581	-999.9	0	5.25462962962964	21.9203258014524	330
SUMMERSIDE	2022	8	2	214	18.1	26.2	17.253059485588	-999.9	0	4.75694444444445	22.1135508688238	330
SUMMERSIDE	2022	8	3	215	16.8	24.3	16.5222215550465	-999.9	0	3.55324074074075	20.2894336284496	330
SUMMERSIDE	2022	8	4	216	15.6	28.9	21.8940724645094	-999.9	0	5.82175925925925	20.0975956693317	330
SUMMERSIDE	2022	8	5	217	17.7	28.5	19.6301679786545	-999.9	1.6	4.31712962962964	23.6038869730631	330
SUMMERSIDE	2022	8	6	218	16.5	28.2	20.3265992598073	-999.9	0	3.22916666666667	20.5369489378877	330
SUMMERSIDE	2022	8	7	219	18.3	30.1	20.3058166776147	-999.9	0.8	5.92592592592592	25.1697654602106	330
SUMMERSIDE	2022	8	8	220	14.2	22.1	16.5252648631558	-999.9	11.5	3.05555555555556	16.5690360551876	330
SUMMERSIDE	2022	8	9	221	14.4	19.3	12.9430272476827	-999.9	47.1	6.67824074074075	17.7925605583178	330
SUMMERSIDE	2022	8	10	222	16.8	20.5	11.1837872529691	-999.9	0.8	3.15972222222222	19.1444497270516	330
SUMMERSIDE	2022	8	11	223	17.4	25.1	16.0409699109671	-999.9	0	3.13657407407408	21.1854417862598	330
SUMMERSIDE	2022	8	12	224	16	25.4	17.6194838072611	-999.9	0	2.66203703703704	20.2551110967316	330
SUMMERSIDE	2022	8	13	225	14.8	24.7	17.9736945847896	-999.9	0	2.84722222222222	19.8183975744691	330
SUMMERSIDE	2022	8	14	226	14.9	20.6	13.554826298858	-999.9	30.7	4.78009259259258	19.4229893526038	330
SUMMERSIDE	2022	8	15	227	14.1	26.2	19.6260089580556	-999.9	0	2.39583333333333	18.8590773473883	330
SUMMERSIDE	2022	8	16	228	13.5	27.4	20.9013937435998	-999.9	0	3.19444444444444	19.2300648910119	330
SUMMERSIDE	2022	8	17	229	18.4	20.4	7.87692834244129	-999.9	9.3	7.16435185185186	20.7058217471418	330
SUMMERSIDE	2022	8	18	230	17.6	24.1	14.1064550832097	-999.9	0	5.08101851851853	20.2474541629507	330
SUMMERSIDE	2022	8	19	231	16.8	25.2	15.9281446707664	-999.9	1.4	4.74537037037036	20.5699972009819	330
SUMMERSIDE	2022	8	20	232	16.9	29.6	19.4507578380423	-999.9	0	2.89351851851853	21.1295920440552	330
SUMMERSIDE	2022	8	21	233	17.1	30.8	20.0608168712166	-999.9	0	3.22916666666667	22.2851548586931	330
SUMMERSIDE	2022	8	22	234	18.3	28.5	17.1864585009308	-999.9	0	5.3125	19.9292271816027	330
SUMMERSIDE	2022	8	23	235	18.8	23.6	11.7043956481428	-999.9	3.2	3.58796296296297	22.2356224469798	330
SUMMERSIDE	2022	8	24	236	17.1	21.7	11.373476357223	-999.9	0.9	3.83101851851853	21.0733807130674	330
SUMMERSIDE	2022	8	25	237	12.8	27.4	20.1103828298151	-999.9	0	2.96296296296297	19.6760415539818	330
SUMMERSIDE	2022	8	26	238	11.3	24.4	18.9039521792056	-999.9	20.1	2.55787037037037	16.2937826905443	330
SUMMERSIDE	2022	8	27	239	11.2	21.7	16.792985915957	-999.9	8.8	3.49537037037036	15.6759373175522	330
SUMMERSIDE	2022	8	28	240	11	23.9	18.4666243996412	-999.9	0	2.89351851851853	14.9150630406472	330
SUMMERSIDE	2022	8	29	241	15.8	25.1	15.553796813491	-999.9	0	5.21990740740742	19.3208679256494	330
SUMMERSIDE	2022	8	30	242	18.5	25.9	13.7611848543352	-999.9	0	7.41898148148147	23.7490705751211	330
SUMMERSIDE	2022	8	31	243	19.1	26	13.1780794150503	-999.9	23.9	6.20370370370369	23.6453105472837	330
SUMMERSIDE	2022	9	1	244	15.6	25.2	15.413215247299	-999.9	0	5.26620370370369	18.299557809501	330
SUMMERSIDE	2022	9	2	245	9.6	19.9	15.8288226236266	-999.9	0	3.51851851851853	11.2164860584893	330
SUMMERSIDE	2022	9	3	246	9	23.2	18.4242050094708	-999.9	0	2.60416666666667	13.0365149886561	330
SUMMERSIDE	2022	9	4	247	13	24.6	16.5055607602242	-999.9	0	4.56018518518519	16.867813408756	330
SUMMERSIDE	2022	9	5	248	13.2	20	12.5243296900089	-999.9	0	4.73379629629631	14.367277289836	330
SUMMERSIDE	2022	9	6	249	8.7	20.6	16.4177729742336	-999.9	0	2.73148148148148	13.0561480336821	330
SUMMERSIDE	2022	9	7	250	7.8	22.4	18.0177214388374	-999.9	0	1.33101851851852	12.9812056203651	330
SUMMERSIDE	2022	9	8	251	9.8	23.3	17.1638585181204	-999.9	0	2.26851851851852	14.9283755778329	330
SUMMERSIDE	2022	9	9	252	15.1	23.5	13.4107854603131	-999.9	0	2.62731481481481	18.6479324941627	330
SUMMERSIDE	2022	9	10	253	13	22	13.7481515450778	-999.9	0	3.29861111111111	14.9259034071873	330
SUMMERSIDE	2022	9	11	254	11	23.4	15.9802800314279	-999.9	0	2.33796296296296	16.4680027031293	330
SUMMERSIDE	2022	9	12	255	10.3	24.9	17.168902495096	-999.9	0	1.5625	17.1589593411781	330
SUMMERSIDE	2022	9	13	256	15.4	25.1	13.854367818226	-999.9	0	2.44212962962963	20.5607342569777	330
SUMMERSIDE	2022	9	14	257	15.3	23.7	12.7619645369483	-999.9	6.3	6.65509259259258	20.0004556553963	330
SUMMERSIDE	2022	9	15	258	11.2	15.3	8.82448406316861	-999.9	0.4	7.46527777777778	9.96126681824335	330
SUMMERSIDE	2022	9	16	259	10.4	13.4	7.46999262441795	-999.9	0.3	8.05555555555556	8.8538740584322	330
SUMMERSIDE	2022	9	17	260	8.9	18.6	13.2907787388379	-999.9	0	5.52083333333333	9.7127168534968	330
SUMMERSIDE	2022	9	18	261	3.8	16.7	15.1637824948573	-999.9	0	3.63425925925925	8.15318081028618	330
SUMMERSIDE	2022	9	19	262	3.2	16.2	15.0582983583216	-999.9	0	2.56944444444444	9.08283753131496	330
SUMMERSIDE	2022	9	20	263	3.5	14.3	13.5753598551785	-999.9	19.4	3.96990740740742	9.78473435735144	330
SUMMERSIDE	2022	9	21	264	9.4	19	12.6576889677297	-999.9	24.4	2.43055555555556	15.4934561153163	330
SUMMERSIDE	2022	9	22	265	9.5	18.5	12.1189184807622	-999.9	7.8	5.45138888888889	14.6117303614363	330
SUMMERSIDE	2022	9	23	266	10.7	18	10.7912749756969	-999.9	27.1	6.81712962962964	15.0090777765519	330
SUMMERSIDE	2022	9	24	267	9.5	12.4	6.72394945793595	-999.9	23.3	15.2662037037037	11.2522031854979	330
SUMMERSIDE	2022	9	25	268	10.5	10.8	2.13769675007909	-999.9	0	5.27777777777778	9.45401204201169	330
SUMMERSIDE	2022	9	26	269	13	19.9	10.1619543220262	-999.9	3.89	3.65740740740742	18.0402026272676	330
SUMMERSIDE	2022	9	27	270	11.3	22	12.5061901356223	-999.9	4.9	3.24074074074075	18.0262703509989	330
SUMMERSIDE	2022	9	28	271	8.9	21.2	13.2499506943522	-999.9	0.4	2.1412037037037	15.1950163701219	330
SUMMERSIDE	2022	9	29	272	4.1	17.6	13.7153217212326	-999.9	0.1	1.67824074074074	11.3631278853495	330
SUMMERSIDE	2022	9	30	273	0.5	17.4	15.160359023288	-999.9	0.11	1.80555555555556	8.89261084451638	330
SUMMERSIDE	2022	10	1	274	5.4	17.2	12.5136669095518	-999.9	0.42	2.11805555555556	11.14797236247	330
SUMMERSIDE	2022	10	2	275	-2.9	10.3	13.0725201523396	-999.9	0	2.5	5.86822229660096	330
SUMMERSIDE	2022	10	3	276	-3.8	12.9	14.5215043624558	-999.9	0	1.19212962962963	6.92543868045083	330
SUMMERSIDE	2022	10	4	277	-1.7	18.4	15.7320628481402	-999.9	0.01	1.93287037037037	8.94614313668304	330
SUMMERSIDE	2022	10	5	278	2.2	21.1	15.0628491252915	-999.9	0.2	1.78240740740741	11.6573437816231	330
SUMMERSIDE	2022	10	6	279	13.3	16.3	5.90385202084215	-999.9	123.5	3.11111111111111	15.0817123708434	330
SUMMERSIDE	2022	10	7	280	13.3	18.9	7.96230829992837	-999.9	0	3.27546296296297	16.9099598414218	330
SUMMERSIDE	2022	10	8	281	2.7	14.4	11.3596658184122	-999.9	0.3	4.90740740740742	9.12533687460369	330
SUMMERSIDE	2022	10	9	282	2.3	12.2	10.3128026432526	-999.9	0	4.89583333333333	7.20131780575508	330
SUMMERSIDE	2022	10	10	283	1.8	11.7	10.1770856118674	-999.9	0	3.87731481481481	6.73115952892935	330
SUMMERSIDE	2022	10	11	284	2.3	13.6	10.7288576791079	-999.9	0	5.08101851851853	7.55150012012404	330
SUMMERSIDE	2022	10	12	285	4	17.3	11.4844916617725	-999.9	0	3.84259259259258	9.76950226287067	330
SUMMERSIDE	2022	10	13	286	10	19.7	9.67627959152166	-999.9	0	4.0625	13.6060493279218	330
SUMMERSIDE	2022	10	14	287	11.7	19.7	8.66903431505512	-999.9	0	6.58564814814814	14.7742716569934	330
SUMMERSIDE	2022	10	15	288	14.7	18.2	5.65628563892516	-999.9	0	8.48379629629631	16.5966743028539	330
SUMMERSIDE	2022	10	16	289	12	17.7	7.11994426668442	-999.9	1.5	3.80787037037036	16.1110474754201	330
SUMMERSIDE	2022	10	17	290	11.3	14.1	4.92189421929254	-999.9	0	2.03703703703704	14.1610831494822	330
SUMMERSIDE	2022	10	18	291	11.1	19.5	8.40777902345247	-999.9	0	6.27314814814814	14.829186517749	330
SUMMERSIDE	2022	10	19	292	9.3	20.1	9.40195885227683	-999.9	26.5	7.73148148148147	15.4987627071453	330
SUMMERSIDE	2022	10	20	293	9.1	14.3	6.4335641662917	-999.9	10.2	6.07487922705314	9.76850046691133	330
SUMMERSIDE	2022	10	21	294	9.4	15.8	7.03824619692326	-999.9	0	5.60185185185186	10.3942185758788	330
SUMMERSIDE	2022	10	22	295	9.2	17.1	7.7107380401019	-999.9	0	6.44675925925925	11.5723148899979	330
SUMMERSIDE	2022	10	23	296	8.9	19.3	8.723544245446	-999.9	0	3.64583333333333	12.7279602776943	330
SUMMERSIDE	2022	10	24	297	10.9	18.8	7.49673783416809	-999.9	9.5	2.19907407407407	14.2043726972027	330
SUMMERSIDE	2022	10	25	298	13.6	19.1	6.16756750901753	-999.9	4.5	3.17129629629631	18.2202654217577	330
SUMMERSIDE	2022	10	26	299	14.4	20.8	6.5597982212224	-999.9	4.3	4.16666666666667	19.0786073930862	330
SUMMERSIDE	2022	10	27	300	5.9	20.6	9.80221345498308	-999.9	0	6.60879629629631	13.1176913263974	330
SUMMERSIDE	2022	10	28	301	0.5	9.6	7.60416060925771	-999.9	0	3.28703703703703	6.06671493655291	330
SUMMERSIDE	2022	10	29	302	2.1	13.3	8.31778967412384	-999.9	0	5.26620370370369	7.14142248608106	330
SUMMERSIDE	2022	10	30	303	5.1	15.2	7.78815226693654	-999.9	0	3.95833333333333	8.88727946561845	330
SUMMERSIDE	2022	10	31	304	6	16.5	7.82984303205686	-999.9	0	4.03935185185186	9.43818626418279	330
SUMMERSIDE	2022	11	1	305	9.8	16.1	5.98035039529585	-999.9	0.2	3.62268518518519	14.1914018409869	330
SUMMERSIDE	2022	11	2	306	1.2	12.4	7.86285320458834	-999.9	0	6.04166666666667	6.25154373939876	330
SUMMERSIDE	2022	11	3	307	1.7	11.4	7.21593047317878	-999.9	0	4.87268518518519	5.86866881048832	330
SUMMERSIDE	2022	11	4	308	9.5	18.1	6.70062479511072	-999.9	0	6.49305555555556	12.0204119057516	330
SUMMERSIDE	2022	11	5	309	11.2	17.2	5.51987772985958	-999.9	0	6.77083333333333	14.7414781403272	330
SUMMERSIDE	2022	11	6	310	13.1	20.5	6.04629844526649	-999.9	0	7.82407407407408	17.3763603113396	330
SUMMERSIDE	2022	11	7	311	8.2	18.1	6.89838464990546	-999.9	3.2	7.1875	13.1619095392054	330
SUMMERSIDE	2022	11	8	312	4.1	8.6	4.58809631172473	-999.9	0	10.0925925925926	5.09227688242016	330
SUMMERSIDE	2022	11	9	313	0.7	6.4	5.09453781224747	-999.9	0	5.33564814814814	4.51666860294191	330
SUMMERSIDE	2022	11	10	314	5.6	12.1	5.36801995051323	-999.9	0.9	6.88657407407408	7.95132659379979	330
SUMMERSIDE	2022	11	11	315	7.2	10.1	3.53834317460813	-999.9	1.3	3.00925925925925	9.59282339481905	330
SUMMERSIDE	2022	11	12	316	4.3	17.8	7.53475786403854	-999.9	46	7.06018518518519	12.8667213585268	330
SUMMERSIDE	2022	11	13	317	4.2	7.5	3.67725211414049	-999.9	8.5	4.67592592592592	8.76241849277484	330
SUMMERSIDE	2022	11	14	318	1.1	10	5.96200990373079	-999.9	1.3	8.46064814814814	7.99982529704621	330
SUMMERSIDE	2022	11	15	319	-0.1	2	2.85963476352403	-999.9	0	3.75	5.02757433559202	330
SUMMERSIDE	2022	11	16	320	-1	11.2	6.80707992392981	-999.9	9.2	3.70370370370369	7.68238110326192	330
SUMMERSIDE	2022	11	17	321	-1.2	11.2	6.77880957577733	-999.9	1	7.98611111111111	7.73487903162192	330
SUMMERSIDE	2022	11	18	322	-3	0.6	3.6086274658999	-999.9	0	6.88657407407408	3.83988080528563	330
SUMMERSIDE	2022	11	19	323	-4.6	1.5	4.64189618927398	-999.9	0.5	3.17129629629631	3.71273158491747	330
SUMMERSIDE	2022	11	20	324	-2.3	6.9	5.63456771339936	-999.9	0	6.62037037037036	5.57343834478811	330
SUMMERSIDE	2022	11	21	325	-4.3	0.4	3.98156010756995	-999.9	0.3	8.50694444444445	3.50323088517156	330
SUMMERSIDE	2022	11	22	326	-2.6	1.1	3.4934083744611	-999.9	0.2	6.52777777777778	3.96846316507163	330
SUMMERSIDE	2022	11	23	327	-5.6	1.4	4.75283969063738	-999.9	0	6.35416666666667	3.03234876486694	330
SUMMERSIDE	2022	11	24	328	-6.7	-0.3	4.49641403375157	-999.9	0	7.17592592592592	2.72075142755294	330
SUMMERSIDE	2022	11	25	329	-8.9	6.5	6.9028800573444	-999.9	5.5	4.97685185185186	4.41387152968769	330
SUMMERSIDE	2022	11	26	330	1.5	6.2	3.77519169894005	-999.9	1	7.98611111111111	7.75276093315958	330
SUMMERSIDE	2022	11	27	331	-1.9	7.3	5.23040689721419	-999.9	0	3.88888888888889	6.41429044235862	330
SUMMERSIDE	2022	11	28	332	-1.1	5.4	4.35497784082735	-999.9	26.3	5.63657407407408	6.83715019649776	330
SUMMERSIDE	2022	11	29	333	-6.7	0.2	4.44613396277209	-999.9	0.2	4.39814814814814	3.50578281697541	330
SUMMERSIDE	2022	11	30	334	-8.3	8.6	6.89724744786404	-999.9	0	4.88425925925925	4.90201331131805	330
SUMMERSIDE	2022	12	1	335	-0.7	10.7	5.61706801548884	-999.9	19.3	9.53703703703703	6.74566137349566	330
SUMMERSIDE	2022	12	2	336	-6	0.3	4.14197229400468	-999.9	0	5.3125	3.12882178636587	330
SUMMERSIDE	2022	12	3	337	-4.8	10	6.29950863229322	-999.9	0	7.97453703703703	6.06675823180534	330
SUMMERSIDE	2022	12	4	338	-4.3	10.5	6.2532973293383	-999.9	1	6.77083333333333	5.97604343344247	330
SUMMERSIDE	2022	12	5	339	-7.4	2.2	5.00131086736196	-999.9	0	3.40277777777778	3.61512953738722	330
SUMMERSIDE	2022	12	6	340	-1.9	5.9	4.47854666203847	-999.9	0	2.73148148148148	5.78028222656145	330
SUMMERSIDE	2022	12	7	341	2.3	8.5	3.96828217596881	-999.9	2.6	5.59027777777778	8.43746804739032	330
SUMMERSIDE	2022	12	8	342	2.3	8.4	3.91351891284005	-999.9	20.7	8.15972222222222	8.76025374671219	330
SUMMERSIDE	2022	12	9	343	-0.8	2.7	2.94859189273069	-999.9	3.7	9.39814814814814	6.40592669144109	330
SUMMERSIDE	2022	12	10	344	-4.7	-0.7	3.13670915870486	-999.9	0.4	10.5208333333333	4.2091709650874	330
SUMMERSIDE	2022	12	11	345	-5.9	-4.1	2.09475175346682	-999.9	0	6.07638888888889	3.16986188891276	330
SUMMERSIDE	2022	12	12	346	-7.9	-3.5	3.26186413706657	-999.9	0	3.00925925925925	3.00909104773216	330
SUMMERSIDE	2022	12	13	347	-5.4	-0.8	3.32319106411721	-999.9	1.5	8.46064814814814	4.02263468847247	330
SUMMERSIDE	2022	12	14	348	-5.1	2.3	4.20169956758689	-999.9	16.9	5.9375	5.15063714381687	330
SUMMERSIDE	2022	12	15	349	0.9	2.3	1.8226519172156	-999.9	0.9	11.1868686868687	6.3237746107349	330
SUMMERSIDE	2022	12	16	350	0.8	2.1	1.75243338940879	-999.9	0	7.03703703703703	6.01529021168041	330
SUMMERSIDE	2022	12	17	351	1.5	2.6	1.60915276436253	-999.9	0	7.51157407407408	6.31553451519539	330
SUMMERSIDE	2022	12	18	352	0.9	2.3	1.81300144578635	-999.9	6.7	6.00694444444445	6.42369993945846	330
SUMMERSIDE	2022	12	19	353	0.2	2.6	2.37178829414053	-999.9	16	6.06481481481481	6.71132096994634	330
SUMMERSIDE	2022	12	20	354	0.6	2.9	2.32099350397728	-999.9	2.6	9.35185185185186	6.7647711401622	330
SUMMERSIDE	2022	12	21	355	-1.3	2	2.78042062625024	-999.9	0	2.62731481481481	5.86224277842508	330
SUMMERSIDE	2022	12	22	356	-7	-0.5	3.90442909724816	-999.9	0	3.35648148148147	3.84268420572063	330
SUMMERSIDE	2022	12	23	357	-6.6	8.9	6.0355596118651	-999.9	3.3	7.59259259259258	5.78725534620708	330
SUMMERSIDE	2022	12	24	358	-1.8	10.6	5.40650085769367	-999.9	3.4	10.2893518518519	6.81514195718495	330
SUMMERSIDE	2022	12	25	359	-6	-1.8	3.1527231895281	-999.9	0.9	6.65509259259258	3.28856875361089	330
SUMMERSIDE	2022	12	26	360	-6.3	-2	3.19780546979125	-999.9	0	6.30787037037036	2.89764889574766	330
SUMMERSIDE	2022	12	27	361	-9.2	-1.3	4.34697739949748	-999.9	0.9	4.82638888888889	3.19863994891097	330
SUMMERSIDE	2022	12	28	362	-12.4	-2.9	4.78287846029207	-999.9	0.4	4.08564814814814	2.55432891705265	330
SUMMERSIDE	2022	12	29	363	-7.9	-2.2	3.71889885122595	-999.9	0.9	1.9212962962963	3.68169927632072	330
SUMMERSIDE	2022	12	30	364	-2.2	4.4	4.01875693975116	-999.9	0.4	5.03472222222222	6.24414392617079	330
SUMMERSIDE	2022	12	31	365	3.7	8.3	3.37079588654733	-999.9	0	4.86111111111111	8.87803722512702	330
