SUMMERSIDE	2010	1	1	1	-15.5	-2.4	5.71756538206075	-999.9	0	3.125	2.66146464089033	330
SUMMERSIDE	2010	1	2	2	-2.6	3.1	3.7924518615723	-999.9	10.4	10.7523148148148	5.71326915454179	330
SUMMERSIDE	2010	1	3	3	0.3	2.2	2.20266580365671	-999.9	13	11.2152777777778	6.60990920422209	330
SUMMERSIDE	2010	1	4	4	0.3	1.8	1.96963243802914	-999.9	5.2	4.21296296296297	6.24137490447405	330
SUMMERSIDE	2010	1	5	5	0.2	1.5	1.84609464473573	-999.9	1.4	4.21296296296297	6.32404437327184	330
SUMMERSIDE	2010	1	6	6	-0.5	1.2	2.12628098435161	-999.9	0	5.13888888888889	5.79692076830926	330
SUMMERSIDE	2010	1	7	7	-1.2	0.8	2.3237655551954	-999.9	0	4.97685185185186	5.08866981309548	330
SUMMERSIDE	2010	1	8	8	-2.4	-0.5	2.28296002992468	-999.9	0.4	4.13194444444444	4.40017495451466	330
SUMMERSIDE	2010	1	9	9	-4.2	-0.9	3.03376175333364	-999.9	0.4	6.55092592592592	4.27223373734481	330
SUMMERSIDE	2010	1	10	10	-12	-3.6	4.88226699920079	-999.9	0	4.61805555555556	2.73295355444146	330
SUMMERSIDE	2010	1	11	11	-11.5	-5.5	4.1635591967175	-999.9	0	5.41666666666667	2.41417756722458	330
SUMMERSIDE	2010	1	12	12	-8.7	-7.1	2.17020899808208	-999.9	0	5.08101851851853	2.45746959977765	330
SUMMERSIDE	2010	1	13	13	-7.8	-2.4	4.02560704759397	-999.9	0.2	5.41666666666667	3.60486786510568	330
SUMMERSIDE	2010	1	14	14	-3.3	-1.6	2.28132710124192	-999.9	0	3.84259259259258	4.60630920926745	330
SUMMERSIDE	2010	1	15	15	-3.3	1.7	3.95282408684202	-999.9	0	5.34722222222222	4.86353987363328	330
SUMMERSIDE	2010	1	16	16	-8.9	0.2	5.38925109072742	-999.9	1.1	5.53240740740742	3.61046440971822	330
SUMMERSIDE	2010	1	17	17	-15.2	-6.1	5.44796774684704	-999.9	0.2	4.39814814814814	1.76255298047703	330
SUMMERSIDE	2010	1	18	18	-11.6	-2.3	5.5690007819702	-999.9	0	3.49537037037036	2.83299622189481	330
SUMMERSIDE	2010	1	19	19	-7	-0.7	4.6359515401192	-999.9	0	3.09027777777778	3.88683898750395	330
SUMMERSIDE	2010	1	20	20	-7.6	-0.9	4.83664956025632	-999.9	0	3.58796296296297	3.98199626877582	330
SUMMERSIDE	2010	1	21	21	-4.4	-0.8	3.58754901849762	-999.9	0	6.13425925925925	4.02502733414533	330
SUMMERSIDE	2010	1	22	22	-9.8	-3.1	4.9535792149479	-999.9	0	5.10416666666667	2.64485021497211	330
SUMMERSIDE	2010	1	23	23	-11	-5.9	4.37514713245781	-999.9	0	5.625	2.19029294367191	330
SUMMERSIDE	2010	1	24	24	-14.3	-3.5	6.44660549347619	-999.9	0	3.28703703703703	2.20525479607521	330
SUMMERSIDE	2010	1	25	25	-13.9	4.9	8.61371766738481	-999.9	0.2	6.29629629629631	3.73181898619406	330
SUMMERSIDE	2010	1	26	26	1.1	8.4	5.43677800115989	-999.9	9.4	10.1273148148148	7.97684167349107	330
SUMMERSIDE	2010	1	27	27	-1.3	5.2	5.19728406110078	-999.9	0	5.48611111111111	5.94568631684629	330
SUMMERSIDE	2010	1	28	28	-1.6	1.9	3.86420167369773	-999.9	0.5	1.97916666666667	5.79395520893463	330
SUMMERSIDE	2010	1	29	29	-7.2	-0.1	5.57728203982963	-999.9	5.4	6.94444444444445	4.45943039939596	330
SUMMERSIDE	2010	1	30	30	-12.5	-7.2	4.8837800893607	-999.9	0.2	9.15509259259258	2.14248662731743	330
SUMMERSIDE	2010	1	31	31	-15.2	-10.9	4.45891962098702	-999.9	0	5.24305555555556	1.46669219623197	330
SUMMERSIDE	2010	2	1	32	-14.7	-9	5.20425001464199	-999.9	0.2	5.71759259259258	1.52723697735487	330
SUMMERSIDE	2010	2	2	33	-20.8	-14.3	5.63438340327017	-999.9	0.2	6.67824074074075	0.845061503610793	330
SUMMERSIDE	2010	2	3	34	-21.3	-7.4	8.35421244244155	-999.9	0	2.41898148148148	1.36030658095668	330
SUMMERSIDE	2010	2	4	35	-17.9	-6.5	7.67174490636782	-999.9	0	3.90046296296297	1.68398468964302	330
SUMMERSIDE	2010	2	5	36	-14.8	-10.7	4.66560959731866	-999.9	0	6.58564814814814	1.48361457145346	330
SUMMERSIDE	2010	2	6	37	-16	-5.7	7.49958021093267	-999.9	0	4.73379629629631	1.97920524718511	330
SUMMERSIDE	2010	2	7	38	-5.7	-0.1	5.60838057650087	-999.9	1.8	6.93236714975845	4.65293146490612	330
SUMMERSIDE	2010	2	8	39	-0.2	0.9	2.52106699266149	-999.9	2.8	5.34722222222222	6.0680755544745	330
SUMMERSIDE	2010	2	9	40	-10	0.8	8.01235678454569	-999.9	1.6	5.97222222222222	4.1349091978504	330
SUMMERSIDE	2010	2	10	41	-9.8	-0.2	7.66225457590508	-999.9	0	3.48379629629631	3.76465223221098	330
SUMMERSIDE	2010	2	11	42	-2.5	1	4.69284564384484	-999.9	0	8.56481481481481	5.14579888415664	330
SUMMERSIDE	2010	2	12	43	-0.6	2.9	4.76017499658045	-999.9	0.6	6.72453703703703	5.96849753790098	330
SUMMERSIDE	2010	2	13	44	-1.2	2.1	4.68850752586178	-999.9	0	6.37731481481481	4.51052710080061	330
SUMMERSIDE	2010	2	14	45	-1.3	1.1	4.05574803065543	-999.9	0.2	3.72685185185186	5.33653281055018	330
SUMMERSIDE	2010	2	15	46	-1	0.4	3.1420490259434	-999.9	2.8	3.06712962962964	5.71232274063422	330
SUMMERSIDE	2010	2	16	47	-2.2	1	4.8183736284155	-999.9	0.6	3.35648148148147	5.38065874641282	330
SUMMERSIDE	2010	2	17	48	-1.2	0.5	3.56218604053549	-999.9	1.5	8.34490740740742	5.61124610443537	330
SUMMERSIDE	2010	2	18	49	-0.2	2	4.1101483474688	-999.9	0	2.06018518518519	6.4332207974975	330
SUMMERSIDE	2010	2	19	50	-0.8	3.8	6.02786920620935	-999.9	0	2.85879629629631	6.54593243140349	330
SUMMERSIDE	2010	2	20	51	-0.5	2.7	5.09895089059066	-999.9	0.8	7.33796296296297	6.05308142909506	330
SUMMERSIDE	2010	2	21	52	-0.3	0.4	2.41855262337577	-999.9	2.6	5.82175925925925	6.00451551691138	330
SUMMERSIDE	2010	2	22	53	-0.6	1.2	3.93297200721286	-999.9	0.4	4.67592592592592	6.10791857921508	330
SUMMERSIDE	2010	2	23	54	-1.9	2.6	6.3058566040908	-999.9	0	3.48379629629631	5.86800017827491	330
SUMMERSIDE	2010	2	24	55	-3.8	4	8.41804722097581	-999.9	0	4.02777777777778	5.30901178908381	330
SUMMERSIDE	2010	2	25	56	-1.8	3	6.6954816211434	-999.9	0	5.40509259259258	5.40597256189047	330
SUMMERSIDE	2010	2	26	57	-1.4	1.5	5.2762613213635	-999.9	6.5	9.43287037037036	5.29098021095495	330
SUMMERSIDE	2010	2	27	58	0.7	2.4	4.09529234953063	-999.9	3	3.77314814814814	6.65332281486358	330
SUMMERSIDE	2010	2	28	59	0.3	2.8	5.03418135148101	-999.9	0	4.95370370370369	6.46388394265435	330
SUMMERSIDE	2010	3	1	60	0.3	1.3	3.22716212909025	-999.9	11.6	12.2106481481481	6.35988644455971	330
SUMMERSIDE	2010	3	2	61	-1.1	0.5	4.13718171317413	-999.9	0	8.78472222222222	5.55468965580725	330
SUMMERSIDE	2010	3	3	62	-1	0	3.31458188141127	-999.9	0	7.91666666666667	5.22772330700499	330
SUMMERSIDE	2010	3	4	63	-2.3	0.1	5.20328196748295	-999.9	0.6	11.7939814814815	5.36678246631352	330
SUMMERSIDE	2010	3	5	64	-4.5	-1.5	5.89430747153164	-999.9	0	11.6666666666667	3.88863707872998	330
SUMMERSIDE	2010	3	6	65	-6.2	3.6	10.7929883839316	-999.9	0	4.17824074074075	3.76993987241717	330
SUMMERSIDE	2010	3	7	66	-4.4	4.9	10.6507817376853	-999.9	0	3.48379629629631	4.80635954949787	330
SUMMERSIDE	2010	3	8	67	-1.3	5.7	9.35952907258395	-999.9	0	4.09722222222222	5.4050039239623	330
SUMMERSIDE	2010	3	9	68	-4.3	1.1	8.32567244975168	-999.9	0	4.65277777777778	3.66040754910062	330
SUMMERSIDE	2010	3	10	69	-5.7	3.2	10.8239639328759	-999.9	0	3.42592592592592	3.9443664550398	330
SUMMERSIDE	2010	3	11	70	-7.7	4.2	12.6731370169585	-999.9	0	1.87830687830688	4.08114971577949	330
SUMMERSIDE	2010	3	12	71	-9	3.1	12.9381484912738	-999.9	0	2.55787037037037	3.85171963810912	330
SUMMERSIDE	2010	3	13	72	-9.8	2	12.9341484284285	-999.9	0	1.78240740740741	3.85615846268893	330
SUMMERSIDE	2010	3	14	73	-7.7	4.5	13.3119570626665	-999.9	0	2.2337962962963	4.58859044532999	330
SUMMERSIDE	2010	3	15	74	-5.9	2.2	10.9778337428411	-999.9	0	4.6875	4.788657640124	330
SUMMERSIDE	2010	3	16	75	-3.5	4.1	10.7606709764851	-999.9	0	3.14814814814814	5.26896185524074	330
SUMMERSIDE	2010	3	17	76	-2.6	8.4	13.0988423298446	-999.9	0	3.34490740740742	4.75511592936484	330
SUMMERSIDE	2010	3	18	77	-1	8.8	12.5083090712904	-999.9	0	4.62962962962964	5.24511114571216	330
SUMMERSIDE	2010	3	19	78	-2.1	7.6	12.5882347072704	-999.9	0	2.74305555555556	4.95600526302384	330
SUMMERSIDE	2010	3	20	79	1.9	12.7	13.4347044839909	-999.9	0	4.64120370370369	7.15425036911616	330
SUMMERSIDE	2010	3	21	80	-1	2.5	7.73447662587212	-999.9	0.8	3.63425925925925	4.33296055596548	330
SUMMERSIDE	2010	3	22	81	-0.4	5.7	10.3248903430839	-999.9	0.6	2.01388888888889	6.64714222511607	330
SUMMERSIDE	2010	3	23	82	1.5	3.3	5.67052090832475	-999.9	18	5.10416666666667	7.01129422406911	330
SUMMERSIDE	2010	3	24	83	0.2	6.4	10.6387575690945	-999.9	29.5	5.625	7.51253420843234	330
SUMMERSIDE	2010	3	25	84	0.1	8.1	12.2149106134558	-999.9	0	8.48379629629631	6.23107082994014	330
SUMMERSIDE	2010	3	26	85	-7.2	5.8	15.7365232830367	-999.9	1.3	7.34953703703703	3.73030677182176	330
SUMMERSIDE	2010	3	27	86	-9.6	-4.8	9.66253038236029	-999.9	0	6.08796296296297	2.23769508791551	330
SUMMERSIDE	2010	3	28	87	-9.8	1.5	14.9790312406397	-999.9	0	4.38657407407408	2.9715591031191	330
SUMMERSIDE	2010	3	29	88	-0.8	6.5	12.1624511397767	-999.9	0	9.28240740740742	5.91712770283214	330
SUMMERSIDE	2010	3	30	89	1.8	9.2	12.3689113948838	-999.9	12.3	5.9375	8.62857234674762	330
SUMMERSIDE	2010	3	31	90	2.8	9.5	11.8863796963811	-999.9	16	5.19323671497583	9.27292297350705	330
SUMMERSIDE	2010	4	1	91	1.9	6.6	10.0530593378368	-999.9	0.2	3.79629629629631	8.18917217214688	330
SUMMERSIDE	2010	4	2	92	2.5	9.9	12.7362848449098	-999.9	0	2.88194444444444	9.06507564867304	330
SUMMERSIDE	2010	4	3	93	5.1	17.6	16.7109029430549	-999.9	0.2	6.44675925925925	11.7070637023617	330
SUMMERSIDE	2010	4	4	94	4.8	17.9	17.2678776237031	-999.9	0	5.82175925925925	10.8950130409262	330
SUMMERSIDE	2010	4	5	95	6.4	18.5	16.7492282455444	-999.9	0	4.90740740740742	6.85180575391807	330
SUMMERSIDE	2010	4	6	96	3.6	15.7	16.9018413712632	-999.9	0	6.73611111111111	7.55224850164769	330
SUMMERSIDE	2010	4	7	97	3.5	10.9	13.3363467439029	-999.9	5	3.54797979797981	8.88256195305738	330
SUMMERSIDE	2010	4	8	98	1.3	8.8	13.5447769334034	-999.9	0.76	5.32608695652175	6.52818604755655	330
SUMMERSIDE	2010	4	9	99	1.1	13.5	17.5676180182918	-999.9	0	7.52314814814814	7.67199217214429	330
SUMMERSIDE	2010	4	10	100	5.3	14.3	15.094711163461	-999.9	0.8	9.22453703703703	9.77252402080607	330
SUMMERSIDE	2010	4	11	101	4.4	13.1	14.9659921324397	-999.9	0	8.81944444444445	5.98955710045467	330
SUMMERSIDE	2010	4	12	102	2.9	9.9	13.5356211054238	-999.9	0	4.00462962962964	5.72780590882014	330
SUMMERSIDE	2010	4	13	103	-2.5	5.5	14.5880935245958	-999.9	0	4.52546296296297	4.91301154189796	330
SUMMERSIDE	2010	4	14	104	-3.3	10.6	19.3832489879765	-999.9	0	2.78935185185186	5.53832223563362	330
SUMMERSIDE	2010	4	15	105	0.6	7.1	13.359275479272	-999.9	0	5.46296296296297	7.04642831108881	330
SUMMERSIDE	2010	4	16	106	1.1	4.8	10.1572408046266	-999.9	0	9.34027777777778	5.45813391256458	330
SUMMERSIDE	2010	4	17	107	1.4	4.9	9.95403971379965	-999.9	0.8	7.56944444444445	6.88057722984027	330
SUMMERSIDE	2010	4	18	108	1.3	5.1	10.4493580427337	-999.9	8.8	4.78009259259258	7.09931460788101	330
SUMMERSIDE	2010	4	19	109	3.3	5.4	7.82496029490456	-999.9	16.6	10.9953703703704	7.97725142291962	330
SUMMERSIDE	2010	4	20	110	4	7	9.41998574110087	-999.9	2.5	8.10185185185186	8.33755172883279	330
SUMMERSIDE	2010	4	21	111	3.1	11	15.3944066908981	-999.9	0	3.62268518518519	7.77441517474724	330
SUMMERSIDE	2010	4	22	112	2.6	14.2	18.7836981983561	-999.9	0.3	2.73148148148148	8.47669645342866	330
SUMMERSIDE	2010	4	23	113	2.4	12	17.2041637813044	-999.9	0	5.25462962962964	8.38457907390415	330
SUMMERSIDE	2010	4	24	114	2.2	11.6	17.1376440627242	-999.9	0	3.59953703703703	8.03065530971401	330
SUMMERSIDE	2010	4	25	115	3.1	15.1	19.4899489923129	-999.9	0	4.57175925925925	8.54929070869632	330
SUMMERSIDE	2010	4	26	116	3.9	15	18.8650673840717	-999.9	0	5.89120370370369	10.3525261090857	330
SUMMERSIDE	2010	4	27	117	4.5	6.9	8.82720978908148	-999.9	0.7	7.98611111111111	8.53837641860559	330
SUMMERSIDE	2010	4	28	118	2.9	7.1	11.7491880586849	-999.9	3.1	4.02777777777778	8.12545574534704	330
SUMMERSIDE	2010	4	29	119	3.3	11.7	16.7160217326217	-999.9	1	3.04398148148147	7.87308033666936	330
SUMMERSIDE	2010	4	30	120	2.3	8.4	14.3289125877647	-999.9	3.7	5.41666666666667	7.82942986959796	330
SUMMERSIDE	2010	5	1	121	2.8	11.3	17.0121042472035	-999.9	0	4.67592592592592	7.33546882394718	330
SUMMERSIDE	2010	5	2	122	2.9	19	23.5454643497952	-999.9	0	5.60185185185186	8.90730774371768	330
SUMMERSIDE	2010	5	3	123	11.1	20.2	17.799447723898	-999.9	1.6	5.90277777777778	15.2369003654447	330
SUMMERSIDE	2010	5	4	124	3.2	18.7	23.3555025628466	-999.9	0	8.06712962962964	9.39605644235571	330
SUMMERSIDE	2010	5	5	125	3.2	11.1	16.7618034194349	-999.9	0	4.24768518518519	8.06160491799097	330
SUMMERSIDE	2010	5	6	126	5.7	17.9	20.9371468710229	-999.9	5.8	5.75231481481481	10.8280620676073	330
SUMMERSIDE	2010	5	7	127	7.5	15.5	17.0396152481795	-999.9	0.4	8.80787037037036	9.11110835382872	330
SUMMERSIDE	2010	5	8	128	5.9	14.5	17.7536765136104	-999.9	2.8	5.38194444444445	8.14276806340203	330
SUMMERSIDE	2010	5	9	129	7.2	13.4	15.1462996399409	-999.9	7.2	6.95601851851853	10.9700258861904	330
SUMMERSIDE	2010	5	10	130	6.3	10.4	12.3743342017227	-999.9	0	4.21296296296297	8.73035167918414	330
SUMMERSIDE	2010	5	11	131	1.4	10.5	18.5190056057998	-999.9	0	4.23611111111111	6.93731159107545	330
SUMMERSIDE	2010	5	12	132	0.5	12	20.9103368437636	-999.9	0	2.19907407407407	6.80695008494013	330
SUMMERSIDE	2010	5	13	133	2.7	14.3	21.0913595345741	-999.9	0	4.52546296296297	7.4106990204228	330
SUMMERSIDE	2010	5	14	134	2.7	11.2	18.1299698824331	-999.9	0	4.07407407407408	6.45116649321151	330
SUMMERSIDE	2010	5	15	135	4.6	9.8	14.2380374876698	-999.9	0	3.58796296296297	7.19892394890706	330
SUMMERSIDE	2010	5	16	136	6	13.2	16.8199452658824	-999.9	0	6.73611111111111	7.53169895869939	330
SUMMERSIDE	2010	5	17	137	3.6	12.6	18.87724910626	-999.9	0	7.22222222222222	7.25281315912585	330
SUMMERSIDE	2010	5	18	138	5.1	22.6	26.4207455617159	-999.9	0	4.24768518518519	9.68033680554638	330
SUMMERSIDE	2010	5	19	139	9.5	22.1	22.499330303505	-999.9	1.3	5.64814814814814	10.8439581768335	330
SUMMERSIDE	2010	5	20	140	12.2	17.5	14.6430119553221	-999.9	0.2	4.77777777777778	13.7835257799607	330
SUMMERSIDE	2010	5	21	141	8.7	11.3	10.2905220784043	-999.9	0.02	4.61988304093567	7.45457178559079	330
SUMMERSIDE	2010	5	22	142	7.3	22	24.5481031127868	-999.9	0	7.34953703703703	9.57214780287797	330
SUMMERSIDE	2010	5	23	143	11.2	24.9	23.7727029867442	-999.9	0	7.70833333333333	12.3120293240555	330
SUMMERSIDE	2010	5	24	144	8.9	27.8	28.0065006015832	-999.9	0	5.98379629629631	14.1043777590263	330
SUMMERSIDE	2010	5	25	145	8.1	14.1	15.8257414513274	-999.9	14.9	2.89351851851853	11.4653957308889	330
SUMMERSIDE	2010	5	26	146	6.3	11.6	14.9155019481032	-999.9	0.5	5.09259259259258	10.0815942182043	330
SUMMERSIDE	2010	5	27	147	7.5	11	12.1533672886913	-999.9	0	9.02777777777778	8.59671415527044	330
SUMMERSIDE	2010	5	28	148	6.6	11.6	14.5633600950501	-999.9	0.3	6.25	8.98932773046744	330
SUMMERSIDE	2010	5	29	149	9.2	19.1	20.5428001938001	-999.9	0	4.86111111111111	10.5141424971451	330
SUMMERSIDE	2010	5	30	150	9.2	18	19.413348838768	-999.9	2.6	6.95601851851853	10.3794773671864	330
SUMMERSIDE	2010	5	31	151	7.2	13.2	16.06584536519	-999.9	1.2	6.82870370370369	8.88207309217638	330
SUMMERSIDE	2010	6	1	152	8.4	12.3	12.9801880881233	-999.9	17.7	5.98379629629631	10.5792187614503	330
SUMMERSIDE	2010	6	2	153	8.1	14.7	16.9197285299648	-999.9	0	4.15509259259258	11.4984117962984	330
SUMMERSIDE	2010	6	3	154	10.7	12.5	8.85283872268582	-999.9	16.2	6.18055555555556	12.6630754019984	330
SUMMERSIDE	2010	6	4	155	9.3	13.6	13.7074810792813	-999.9	0.3	2.85879629629631	12.6704011499973	330
SUMMERSIDE	2010	6	5	156	11.2	19.7	19.3046697291167	-999.9	26.3	5.54398148148147	16.059475284564	330
SUMMERSIDE	2010	6	6	157	10.9	15.7	14.5296608875945	-999.9	25.2	3.56481481481481	14.6831245338828	330
SUMMERSIDE	2010	6	7	158	7.1	16.4	20.2540014819992	-999.9	0.4	5.11574074074075	12.5478131018744	330
SUMMERSIDE	2010	6	8	159	5.3	15.3	21.0308349192582	-999.9	0	4.0625	9.94797378499253	330
SUMMERSIDE	2010	6	9	160	5.3	13.9	19.5274540266388	-999.9	0	3.94927536231883	9.3934232639244	330
SUMMERSIDE	2010	6	10	161	5.3	21.6	26.9142880849427	-999.9	0	4.01620370370369	10.5580930384997	330
SUMMERSIDE	2010	6	11	162	10.2	24.1	24.8795245522896	-999.9	0	4.09722222222222	12.6916910164696	330
SUMMERSIDE	2010	6	12	163	8.3	16.6	19.2429769392107	-999.9	0	4.71064814814814	11.150859098633	330
SUMMERSIDE	2010	6	13	164	6.1	21.2	25.976057747459	-999.9	0	3.96990740740742	11.2145481562995	330
SUMMERSIDE	2010	6	14	165	10.9	16.7	16.1102913274801	-999.9	7.3	4.84953703703703	13.6442566772041	330
SUMMERSIDE	2010	6	15	166	6.9	14.8	18.8131145878848	-999.9	0.2	9.15509259259258	7.40267140682631	330
SUMMERSIDE	2010	6	16	167	8.7	22.2	24.6050908465813	-999.9	0	5.23148148148147	9.48835053510018	330
SUMMERSIDE	2010	6	17	168	11.7	19.5	18.709817080298	-999.9	0	4.60648148148147	13.3453960922546	330
SUMMERSIDE	2010	6	18	169	7.4	24.6	27.7909805766753	-999.9	0	4.49074074074075	13.1360853347713	330
SUMMERSIDE	2010	6	19	170	8.8	26	27.7955047806563	-999.9	0	5.89120370370369	12.8615398683842	330
SUMMERSIDE	2010	6	20	171	15.5	23.4	18.8385684505641	-999.9	37.4	7.12962962962964	19.3745523489686	330
SUMMERSIDE	2010	6	21	172	11.7	18.4	17.3479875013723	-999.9	0	3.04398148148147	15.5946784333147	330
SUMMERSIDE	2010	6	22	173	11.7	22.4	21.9196840698472	-999.9	0	2.32638888888889	16.1030304072367	330
SUMMERSIDE	2010	6	23	174	14.7	23.5	19.8732001818968	-999.9	0	6.07638888888889	17.306967059154	330
SUMMERSIDE	2010	6	24	175	14.7	20.5	16.1279033573155	-999.9	1.3	5.48611111111111	17.8577785881446	330
SUMMERSIDE	2010	6	25	176	10.8	22.6	22.9930053852542	-999.9	0	5.08101851851853	12.4626346902192	330
SUMMERSIDE	2010	6	26	177	9.1	22.2	24.2122183501022	-999.9	4	3.79629629629631	13.9684022938846	330
SUMMERSIDE	2010	6	27	178	11.5	20.6	20.1658807146999	-999.9	0.2	3.4375	13.6259522488595	330
SUMMERSIDE	2010	6	28	179	10.8	16	15.2317249179683	-999.9	14.3	3.4375	13.9302708070312	330
SUMMERSIDE	2010	6	29	180	13.9	19.3	15.5077414170315	-999.9	1.1	2.10648148148148	17.3861441351151	330
SUMMERSIDE	2010	6	30	181	13.1	21.4	19.2065024218949	-999.9	0	5.16203703703703	15.2589374316452	330
SUMMERSIDE	2010	7	1	182	11.2	19.9	19.6417291858008	-999.9	2.4	4.18981481481481	13.2267703492123	330
SUMMERSIDE	2010	7	2	183	11.8	19	17.8463927052819	-999.9	1.5	3.03240740740742	14.1561462649787	330
SUMMERSIDE	2010	7	3	184	11.8	22.9	22.1290618669445	-999.9	0	6.29629629629631	14.3414067698531	330
SUMMERSIDE	2010	7	4	185	15.6	25.9	21.2858309892027	-999.9	0	5.37037037037036	18.2219390944114	330
SUMMERSIDE	2010	7	5	186	16.1	24.9	19.6443169860859	-999.9	0	3.48379629629631	19.7345261945537	330
SUMMERSIDE	2010	7	6	187	14.3	20.5	16.4614505849808	-999.9	7.9	4.39814814814814	18.0161324465343	330
SUMMERSIDE	2010	7	7	188	16.4	27.3	21.7878895857201	-999.9	0	4.66435185185186	21.7355449699323	330
SUMMERSIDE	2010	7	8	189	17.9	25.7	18.3963560849405	-999.9	0.7	6.98232323232322	21.6956360794635	330
SUMMERSIDE	2010	7	9	190	19	26.7	18.2417002077156	-999.9	0	7.82407407407408	22.3151602597564	330
SUMMERSIDE	2010	7	10	191	20	25.8	15.7987297414605	-999.9	0.4	6.93287037037036	24.6635095855214	330
SUMMERSIDE	2010	7	11	192	19.5	23.9	13.7301544624931	-999.9	24.1	3.63425925925925	24.1759827516819	330
SUMMERSIDE	2010	7	12	193	18.1	25.1	17.2779261615304	-999.9	0.4	5.55555555555556	22.4310199227003	330
SUMMERSIDE	2010	7	13	194	17.1	26.7	20.1847891651005	-999.9	0	4.83796296296297	22.0433827337958	330
SUMMERSIDE	2010	7	14	195	15.4	21.1	15.5140229320864	-999.9	5.6	2.55787037037037	19.4713275820068	330
SUMMERSIDE	2010	7	15	196	17	22.4	15.0603325816802	-999.9	0.2	2.78935185185186	19.1078542505782	330
SUMMERSIDE	2010	7	16	197	18.1	26.7	18.953514536281	-999.9	0	5.82175925925925	21.5689658739214	330
SUMMERSIDE	2010	7	17	198	17.8	27.5	20.0715668636938	-999.9	0	5.72916666666667	22.7388489115202	330
SUMMERSIDE	2010	7	18	199	18.4	28.2	20.1147776420565	-999.9	0.71	5.27777777777778	21.7004685344065	330
SUMMERSIDE	2010	7	19	200	16.9	27.2	20.5579292840675	-999.9	8.1	3.20601851851853	20.2995051760113	330
SUMMERSIDE	2010	7	20	201	17.7	24.7	16.8935124639973	-999.9	0.3	2.93981481481481	20.8768373708735	330
SUMMERSIDE	2010	7	21	202	15.2	27.4	22.2286202041729	-999.9	0	3.19444444444444	18.3239764124278	330
SUMMERSIDE	2010	7	22	203	14.1	18.9	13.8952440055101	-999.9	35.3	3.71527777777778	17.1424109603131	330
SUMMERSIDE	2010	7	23	204	13.7	22.4	18.6410042070239	-999.9	0	3.25231481481481	17.3080892120809	330
SUMMERSIDE	2010	7	24	205	13.8	26	21.9940239126349	-999.9	0	2.80092592592592	17.1492300864281	330
SUMMERSIDE	2010	7	25	206	16.3	20.2	12.3886214769491	-999.9	6.4	4.98842592592592	18.3539039024248	330
SUMMERSIDE	2010	7	26	207	13.9	22.2	18.0030566901164	-999.9	0	4.64120370370369	16.1785452373969	330
SUMMERSIDE	2010	7	27	208	13.9	20.7	16.2303771891801	-999.9	0	4.65277777777778	15.3911209719301	330
SUMMERSIDE	2010	7	28	209	15.3	26.4	20.6515586610075	-999.9	0	6.88657407407408	17.4657559148231	330
SUMMERSIDE	2010	7	29	210	13.1	24.3	20.6570157957499	-999.9	3.4	8.55324074074075	18.4587861176001	330
SUMMERSIDE	2010	7	30	211	12.1	22.2	19.5315320265137	-999.9	0	1.84027777777778	15.9508121895216	330
SUMMERSIDE	2010	7	31	212	8.3	19.3	20.2926439532397	-999.9	0.2	2.97453703703703	13.4528278220329	330
SUMMERSIDE	2010	8	1	213	7.9	22.9	23.5886991820121	-999.9	0	1.6087962962963	13.5120196510604	330
SUMMERSIDE	2010	8	2	214	9.8	24.5	23.242469922814	-999.9	0	2.69675925925926	14.858965549683	330
SUMMERSIDE	2010	8	3	215	9.3	23.3	22.5736521091784	-999.9	0	3.83101851851853	15.0491639079284	330
SUMMERSIDE	2010	8	4	216	17.8	21.6	11.7028739947708	-999.9	2.5	5.64814814814814	20.81699900264	330
SUMMERSIDE	2010	8	5	217	18.4	25.4	15.8037866538704	-999.9	0	6.42361111111111	23.285727995102	330
SUMMERSIDE	2010	8	6	218	13.8	28.7	22.9384954280571	-999.9	8.5	5.27777777777778	18.9174655270004	330
SUMMERSIDE	2010	8	7	219	10	21.4	19.9586831211333	-999.9	0	3.78472222222222	12.0656551865446	330
SUMMERSIDE	2010	8	8	220	10.1	23.3	21.3610132271843	-999.9	0	6.06481481481481	14.6656658383945	330
SUMMERSIDE	2010	8	9	221	17	20.9	11.5470256078563	-999.9	5.4	6.04166666666667	19.3504029030668	330
SUMMERSIDE	2010	8	10	222	16	25.9	18.2938718395634	-999.9	10	3.02083333333333	20.3410948547899	330
SUMMERSIDE	2010	8	11	223	14.4	20.9	14.7381149649718	-999.9	12	4.07407407407408	16.8015108776951	330
SUMMERSIDE	2010	8	12	224	10.2	22.6	20.2367187848527	-999.9	0	2.92824074074075	13.9202947608328	330
SUMMERSIDE	2010	8	13	225	10.6	23.6	20.5964056424751	-999.9	0	2.08333333333333	15.1078076566375	330
SUMMERSIDE	2010	8	14	226	11.9	26.2	21.4696293804725	-999.9	0	2.90509259259258	15.530944784778	330
SUMMERSIDE	2010	8	15	227	14.5	27	19.9477682532873	-999.9	0	4.07407407407408	16.65976495885	330
SUMMERSIDE	2010	8	16	228	13.4	25	19.0939966099746	-999.9	0	4.51388888888889	15.3115886531186	330
SUMMERSIDE	2010	8	17	229	18.4	26.8	16.1428993823975	-999.9	0	6.74768518518519	22.4521459199584	330
SUMMERSIDE	2010	8	18	230	15.9	27	18.4341323580521	-999.9	0	3.29861111111111	17.3160754281925	330
SUMMERSIDE	2010	8	19	231	14.8	26.2	18.555726995044	-999.9	0	2.43055555555556	17.9285547278742	330
SUMMERSIDE	2010	8	20	232	15.2	25.8	17.7700070077976	-999.9	0.6	4.08564814814814	19.1796187606577	330
SUMMERSIDE	2010	8	21	233	10.7	23.1	19.0853079731716	-999.9	0.9	2.5	13.8462075813335	330
SUMMERSIDE	2010	8	22	234	10.2	22.6	18.9494736125666	-999.9	0.2	3.66898148148147	14.9502717274415	330
SUMMERSIDE	2010	8	23	235	9.7	22.8	19.3358836056624	-999.9	0	3.34490740740742	13.8551550249706	330
SUMMERSIDE	2010	8	24	236	9.6	22.5	19.0462363130358	-999.9	0	1.89814814814815	13.9627735404044	330
SUMMERSIDE	2010	8	25	237	12.8	24.4	17.9255671309682	-999.9	0	3.72685185185186	15.5105049144547	330
SUMMERSIDE	2010	8	26	238	15.5	24.3	15.4938125802067	-999.9	57.5	4.45601851851853	21.4170940365086	330
SUMMERSIDE	2010	8	27	239	13.2	24.3	17.2661203442883	-999.9	1.1	3.51851851851853	17.4125221302444	330
SUMMERSIDE	2010	8	28	240	11	24.9	19.1690266407669	-999.9	0	2.43055555555556	14.5057008099056	330
SUMMERSIDE	2010	8	29	241	13.4	26.7	18.6003350579555	-999.9	0	3.78472222222222	18.4259878884712	330
SUMMERSIDE	2010	8	30	242	17	23.9	13.2881497670159	-999.9	0	3.10185185185186	18.2009638317867	330
SUMMERSIDE	2010	8	31	243	16.4	28.1	17.1601273250895	-999.9	2.1	3.76157407407408	20.300374100973	330
SUMMERSIDE	2010	9	1	244	16.7	32.7	19.8983753214331	-999.9	0	3.99305555555556	23.447679337401	330
SUMMERSIDE	2010	9	2	245	19.6	33.2	18.1886076284169	-999.9	0	4.53703703703703	24.1944366427159	330
SUMMERSIDE	2010	9	3	246	16.1	29.6	17.964348414346	-999.9	0	2.99768518518519	19.5228443947922	330
SUMMERSIDE	2010	9	4	247	17.7	24.7	12.8218386977808	-999.9	15.6	7.65046296296297	22.067090964672	330
SUMMERSIDE	2010	9	5	248	12.9	21.6	14.1664052551488	-999.9	0.2	7.95138888888889	13.788395545975	330
SUMMERSIDE	2010	9	6	249	12.5	22	14.6690695563343	-999.9	0	5.625	12.1608857062164	330
SUMMERSIDE	2010	9	7	250	10.6	19.1	13.7477904319405	-999.9	1.1	3.10185185185186	14.0129964183482	330
SUMMERSIDE	2010	9	8	251	13.3	18.5	10.6524551299698	-999.9	19.3	4.80324074074075	16.4685532338793	330
SUMMERSIDE	2010	9	9	252	15.3	22.4	12.3294512067654	-999.9	0.8	3.78472222222222	18.6270367519364	330
SUMMERSIDE	2010	9	10	253	13.4	17.9	9.72141118630482	-999.9	4.4	4.30555555555556	16.7590980513167	330
SUMMERSIDE	2010	9	11	254	10.8	13.8	7.86021038075462	-999.9	3.9	8.78472222222222	12.5851358393747	330
SUMMERSIDE	2010	9	12	255	9.7	14.6	9.94635936404694	-999.9	0	6.12268518518519	9.23873007202507	330
SUMMERSIDE	2010	9	13	256	9.6	16.4	11.599928243514	-999.9	0.4	2.80092592592592	12.2490907722426	330
SUMMERSIDE	2010	9	14	257	12.2	18.5	11.0521854911933	-999.9	5	3.92361111111111	15.005222256053	330
SUMMERSIDE	2010	9	15	258	10.8	18.2	11.8553192801464	-999.9	8	3.31018518518519	14.7058155821261	330
SUMMERSIDE	2010	9	16	259	10.2	15.8	10.2059528859323	-999.9	0.4	5.23148148148147	12.6375529859914	330
SUMMERSIDE	2010	9	17	260	4.9	12.9	12.0700634863591	-999.9	14.8	3.93518518518519	10.3763028899266	330
SUMMERSIDE	2010	9	18	261	3.6	18.7	16.4059417370971	-999.9	0.2	2.55787037037037	10.8516882164837	330
SUMMERSIDE	2010	9	19	262	9.5	18.7	12.6677106635599	-999.9	0	3.93518518518519	12.7750759423923	330
SUMMERSIDE	2010	9	20	263	7.6	15.8	11.8289555306595	-999.9	0	3.83101851851853	11.2399655573493	330
SUMMERSIDE	2010	9	21	264	7.9	15.3	11.1130856896087	-999.9	0	6.53935185185186	9.14301473068481	330
SUMMERSIDE	2010	9	22	265	10.4	20.4	12.7744617257053	-999.9	0.8	5.74074074074075	13.7901652343433	330
SUMMERSIDE	2010	9	23	266	3.3	15.2	13.7779565141535	-999.9	0	4.82638888888889	7.42042487518783	330
SUMMERSIDE	2010	9	24	267	4.2	11.3	10.5209417406826	-999.9	4.4	2.89351851851853	8.64251748715338	330
SUMMERSIDE	2010	9	25	268	9.3	14.5	8.89994128361776	-999.9	10.8	3.99305555555556	12.7649665490234	330
SUMMERSIDE	2010	9	26	269	1.3	13.1	13.25052195373	-999.9	0	6.20370370370369	7.38590898654102	330
SUMMERSIDE	2010	9	27	270	0.7	16.2	15.0076068530402	-999.9	1.6	2.98611111111111	8.61795575307312	330
SUMMERSIDE	2010	9	28	271	11.9	21.8	11.8512611922835	-999.9	4.9	6.66666666666667	17.1808963181992	330
SUMMERSIDE	2010	9	29	272	14.7	22.3	10.2589668302385	-999.9	0	7.66203703703703	18.5676851672473	330
SUMMERSIDE	2010	9	30	273	14.1	22.7	10.7806552856302	-999.9	0	5.34722222222222	18.3897003173243	330
SUMMERSIDE	2010	10	1	274	19.4	24.2	7.95546787807413	-999.9	0.3	8.20601851851853	21.58139623747	330
SUMMERSIDE	2010	10	2	275	5.5	20.8	14.0278445573112	-999.9	32.3	5.72916666666667	12.6705104335907	330
SUMMERSIDE	2010	10	3	276	4.2	14	11.0869036410389	-999.9	0.2	2.82407407407408	8.52511285035724	330
SUMMERSIDE	2010	10	4	277	3	13.3	11.223304191358	-999.9	0	3.86574074074075	8.17582875978599	330
SUMMERSIDE	2010	10	5	278	2.1	16.4	13.0565659393	-999.9	0	1.73611111111111	8.76335513661548	330
SUMMERSIDE	2010	10	6	279	9.5	14	7.23071248398129	-999.9	1.2	5.10416666666667	9.97108175423518	330
SUMMERSIDE	2010	10	7	280	7.6	16.3	9.92440781904681	-999.9	24	9.38657407407408	11.5292826654329	330
SUMMERSIDE	2010	10	8	281	1.8	11.7	10.4493727546977	-999.9	0.2	6.53935185185186	6.76837109880672	330
SUMMERSIDE	2010	10	9	282	4.9	10.1	7.47413230304001	-999.9	0	7.45370370370369	5.70852546724897	330
SUMMERSIDE	2010	10	10	283	4.5	10.8	8.11850580105245	-999.9	0	6.67824074074075	6.20916782656801	330
SUMMERSIDE	2010	10	11	284	1.9	10.3	9.25025927227092	-999.9	0	4.62962962962964	6.1501819214715	330
SUMMERSIDE	2010	10	12	285	1.9	13	10.4917382136622	-999.9	0	3.27294685990339	8.0795966372719	330
SUMMERSIDE	2010	10	13	286	-1.6	11.2	11.1154622044789	-999.9	0	3.14814814814814	6.76735665440578	330
SUMMERSIDE	2010	10	14	287	-2.4	12.4	11.7911614575438	-999.9	0	2.28009259259259	6.68360712925896	330
SUMMERSIDE	2010	10	15	288	2.9	11.7	8.96888895199363	-999.9	8.5	6.57407407407408	8.74598549908697	330
SUMMERSIDE	2010	10	16	289	4.2	11.3	7.94636190794822	-999.9	4.9	4.42129629629631	10.0991713054287	330
SUMMERSIDE	2010	10	17	290	6	8.2	4.36279292725067	-999.9	4.9	5.54398148148147	8.56789511657812	330
SUMMERSIDE	2010	10	18	291	3.7	9.3	6.8649228258448	-999.9	0	9.02777777777778	5.87676911250417	330
SUMMERSIDE	2010	10	19	292	-1.4	9.2	9.31449686895433	-999.9	0	6.48148148148147	4.78548800407758	330
SUMMERSIDE	2010	10	20	293	-1.7	13.1	10.8537752086059	-999.9	0	5.54398148148147	6.62988833222068	330
SUMMERSIDE	2010	10	21	294	2.6	13.6	9.22721860866629	-999.9	6.1	4.54861111111111	8.95643344634731	330
SUMMERSIDE	2010	10	22	295	3.4	9.5	6.77559315774907	-999.9	2.1	9.52546296296297	7.56163193180241	330
SUMMERSIDE	2010	10	23	296	3.2	6.4	4.83895170472836	-999.9	2.4	7.96296296296297	6.96893749092	330
SUMMERSIDE	2010	10	24	297	-0.4	8.3	7.8671676335852	-999.9	0	4.32870370370369	5.8539038197712	330
SUMMERSIDE	2010	10	25	298	-2.5	7.6	8.35782462650436	-999.9	1.6	2.58101851851852	5.90954041177379	330
SUMMERSIDE	2010	10	26	299	5.6	8.8	4.63847780544181	-999.9	3.7	3.76157407407408	9.5957321585786	330
SUMMERSIDE	2010	10	27	300	7.6	16.1	7.4537522087504	-999.9	13.1	7.30324074074075	12.9864591192804	330
SUMMERSIDE	2010	10	28	301	8.4	17.6	7.6458275546371	-999.9	1	4.78009259259258	13.2077152674615	330
SUMMERSIDE	2010	10	29	302	3.9	10.6	6.43333733599721	-999.9	0	2.25694444444444	8.70319692032432	330
SUMMERSIDE	2010	10	30	303	0.2	5.2	5.47972481300221	-999.9	0.7	6.82870370370369	5.48598800176558	330
SUMMERSIDE	2010	10	31	304	-2.1	4.6	6.25454623815311	-999.9	0	3.05555555555556	4.60699154055428	330
SUMMERSIDE	2010	11	1	305	0.1	6	5.78738483060066	-999.9	2.8	6.19212962962964	6.27628292181425	330
SUMMERSIDE	2010	11	2	306	-0.9	2.4	4.26803651437247	-999.9	0.8	4.50231481481481	5.02124822401753	330
SUMMERSIDE	2010	11	3	307	-1.3	5.5	6.04172466021462	-999.9	0	3.39120370370369	5.31897113196861	330
SUMMERSIDE	2010	11	4	308	-2.9	7.5	7.36856203436195	-999.9	2.9	3.66898148148147	5.79372042338559	330
SUMMERSIDE	2010	11	5	309	5.5	10.7	5.1387265088009	-999.9	16.8	12.0023148148148	9.74723861946073	330
SUMMERSIDE	2010	11	6	310	6.3	6.7	1.40573583480531	-999.9	31.4	5.55555555555556	8.82523910961723	330
SUMMERSIDE	2010	11	7	311	6.2	12.9	5.7101943759063	-999.9	18.3	7.26851851851853	9.81330380774267	330
SUMMERSIDE	2010	11	8	312	7.9	13.8	5.28658247774219	-999.9	0.8	6.00694444444445	11.6884639610301	330
SUMMERSIDE	2010	11	9	313	5.4	8.1	3.52866982029619	-999.9	10.7	11.3078703703704	9.44169858264473	330
SUMMERSIDE	2010	11	10	314	3.4	5.1	2.7630114047601	-999.9	0	14.3518518518519	6.89291526586965	330
SUMMERSIDE	2010	11	11	315	-2.6	6.1	6.16879400890395	-999.9	0	9.17824074074075	6.74527611314852	330
SUMMERSIDE	2010	11	12	316	-3.1	10.1	7.50011412528304	-999.9	0	2.22222222222222	7.49279956803944	330
SUMMERSIDE	2010	11	13	317	-2.4	14.9	8.47630602530691	-999.9	0	3.09027777777778	8.28762029110465	330
SUMMERSIDE	2010	11	14	318	-4.2	6	6.4261872603361	-999.9	0	5.32407407407408	6.06696098884186	330
SUMMERSIDE	2010	11	15	319	-5	6.1	6.61997339844183	-999.9	0	3.57638888888889	6.2274616295286	330
SUMMERSIDE	2010	11	16	320	2.1	7.2	4.43198029829987	-999.9	4.5	3.58796296296297	8.31378419664211	330
SUMMERSIDE	2010	11	17	321	5.7	13.4	5.37969192921163	-999.9	7.2	4.97685185185186	10.3730837028362	330
SUMMERSIDE	2010	11	18	322	3.3	5.9	3.06674364431841	-999.9	0.53	8.67647058823531	4.75411789643703	330
SUMMERSIDE	2010	11	19	323	1.5	3.2	2.45050146739476	-999.9	0.08	7.11640211640211	3.53976514998198	330
SUMMERSIDE	2010	11	20	324	-5.3	-1	3.85212983525651	-999.9	2	4.67592592592592	3.42091660469128	330
SUMMERSIDE	2010	11	21	325	-7.4	-2.2	4.18799369599092	-999.9	0	6.30787037037036	3.09097066385536	330
SUMMERSIDE	2010	11	22	326	-7.8	-0.8	4.80504561654767	-999.9	0.6	2.30324074074074	3.55402470717842	330
SUMMERSIDE	2010	11	23	327	-1.7	2.6	3.72510375765488	-999.9	9.5	2.4537037037037	5.65870948448472	330
SUMMERSIDE	2010	11	24	328	0.2	2.6	2.7534800137452	-999.9	7.2	4.32870370370369	6.53306919039043	330
SUMMERSIDE	2010	11	25	329	0.8	4.5	3.38353621229374	-999.9	1	5.42824074074075	7.0010769349074	330
SUMMERSIDE	2010	11	26	330	-1.3	2	3.16334857593071	-999.9	6.7	4.0625	5.99962871524832	330
SUMMERSIDE	2010	11	27	331	-3.1	1.2	3.5758211604018	-999.9	3.6	2.85879629629631	4.94503047724597	330
SUMMERSIDE	2010	11	28	332	-2.7	-0.9	2.29174094352123	-999.9	0.6	5.9375	4.62459848129092	330
SUMMERSIDE	2010	11	29	333	-4.1	1.2	3.89669068512177	-999.9	0	3.125	4.47580296154538	330
SUMMERSIDE	2010	11	30	334	-0.4	2	2.59919028876622	-999.9	0	2.22222222222222	5.23261215357682	330
SUMMERSIDE	2010	12	1	335	0.5	6.6	4.108867858037	-999.9	0	3.66898148148147	7.12740232288416	330
SUMMERSIDE	2010	12	2	336	5.4	8.8	3.04282077900023	-999.9	0	6.46990740740742	8.86333977577047	330
SUMMERSIDE	2010	12	3	337	4.9	8.4	3.06344325274394	-999.9	0	4.03935185185186	8.82031468359026	330
SUMMERSIDE	2010	12	4	338	5.3	8.8	3.04097075329977	-999.9	15.4	6.46990740740742	9.35293378243207	330
SUMMERSIDE	2010	12	5	339	2.4	7.4	3.60938521946553	-999.9	0	4.30555555555556	7.68836141159528	330
SUMMERSIDE	2010	12	6	340	2	7.7	3.82848746934921	-999.9	1.9	12.7199074074074	6.90176337938586	330
SUMMERSIDE	2010	12	7	341	-0.6	5.4	3.90375296202196	-999.9	0.2	7.63888888888889	5.38231559203572	330
SUMMERSIDE	2010	12	8	342	-5.6	0.5	3.91351891284005	-999.9	0	6.51620370370369	3.91938357209427	330
SUMMERSIDE	2010	12	9	343	-6.9	-2.8	3.19133630830617	-999.9	0.4	6.41203703703703	3.3059833702761	330
SUMMERSIDE	2010	12	10	344	-10.7	-1.5	4.75705497093493	-999.9	0	4.24768518518519	3.0209078440633	330
SUMMERSIDE	2010	12	11	345	-7.6	0	4.30430568060489	-999.9	0.7	4.35185185185186	3.84461617364709	330
SUMMERSIDE	2010	12	12	346	-10.3	2.9	5.64971441278611	-999.9	0	2.69675925925926	3.81319255888986	330
SUMMERSIDE	2010	12	13	347	2.8	14.3	5.25442643126452	-999.9	1.1	12.2685185185185	9.73306935088366	330
SUMMERSIDE	2010	12	14	348	7.5	13.7	3.84596192917326	-999.9	28	8.27546296296297	11.7854313012408	330
SUMMERSIDE	2010	12	15	349	0.4	10.4	4.87124214969103	-999.9	4.2	5.79861111111111	8.13720228057927	330
SUMMERSIDE	2010	12	16	350	-3.3	5	4.42801302112365	-999.9	0.3	3.54166666666667	5.41788005219878	330
SUMMERSIDE	2010	12	17	351	-7	-0.4	3.94160319087721	-999.9	0	2.70833333333333	3.47839464151924	330
SUMMERSIDE	2010	12	18	352	-6.1	0.8	4.0249332090928	-999.9	0	3.28703703703703	3.9323346086392	330
SUMMERSIDE	2010	12	19	353	-8	-1	4.05059964622288	-999.9	0	3.48379629629631	3.52469936662631	330
SUMMERSIDE	2010	12	20	354	-3.5	4.9	4.43557217044596	-999.9	1.2	4.23611111111111	5.90252335440493	330
SUMMERSIDE	2010	12	21	355	3.2	4.2	1.53057118065573	-999.9	9.2	17.9282407407408	7.0578619103923	330
SUMMERSIDE	2010	12	22	356	2.3	3.7	1.81202789949711	-999.9	13.6	14.1435185185185	7.00899241532116	330
SUMMERSIDE	2010	12	23	357	1.1	3.3	2.27385640342185	-999.9	6.3	14.9189814814815	6.49559229886378	330
SUMMERSIDE	2010	12	24	358	-1.6	1.2	2.56912035071186	-999.9	0	10.5439814814815	5.00549690381754	330
SUMMERSIDE	2010	12	25	359	-2.3	-0.3	2.17558569123332	-999.9	0.6	7.28009259259258	4.70021497973787	330
SUMMERSIDE	2010	12	26	360	-0.7	1.5	2.28733172515026	-999.9	3	4.30555555555556	5.97067043711417	330
SUMMERSIDE	2010	12	27	361	-0.9	1.9	2.58793194970687	-999.9	14.9	8.71527777777778	6.13601393959589	330
SUMMERSIDE	2010	12	28	362	-3.2	-0.9	2.35337675963775	-999.9	1.1	11.7708333333333	4.72502645573988	330
SUMMERSIDE	2010	12	29	363	-4.9	-0.9	3.11535063675498	-999.9	0	7.71990740740742	3.84330414096161	330
SUMMERSIDE	2010	12	30	364	-5.6	-1.3	3.24379948296308	-999.9	0	6.58564814814814	3.60000660929664	330
SUMMERSIDE	2010	12	31	365	-4.1	1.3	3.65216524542001	-999.9	0	4.56018518518519	4.5596182694031	330
