SUMMERSIDE	2021	1	1	1	-8.1	-1.6	4.02746866438316	-999.9	0	5	2.81871094238172	330
SUMMERSIDE	2021	1	2	2	-7.2	-0.7	4.04985363164643	-999.9	7.7	4.51388888888889	3.95673947009346	330
SUMMERSIDE	2021	1	3	3	-3.8	-0.7	2.81353716240606	-999.9	0	6.00694444444445	4.20843574598349	330
SUMMERSIDE	2021	1	4	4	-3.8	-0.1	3.09343090882012	-999.9	0	3.02083333333333	4.74460273729414	330
SUMMERSIDE	2021	1	5	5	-0.9	0.3	1.77367036326595	-999.9	0	8.50694444444445	5.19438546191705	330
SUMMERSIDE	2021	1	6	6	-0.8	0.5	1.85937878173454	-999.9	2	8.11342592592592	5.66583939566054	330
SUMMERSIDE	2021	1	7	7	-1.9	0.5	2.54555762586807	-999.9	0.4	7.80092592592592	5.48488754658093	330
SUMMERSIDE	2021	1	8	8	-4.4	-1.8	2.67059592161193	-999.9	2.3	6.05324074074075	4.03892065887115	330
SUMMERSIDE	2021	1	9	9	-4	-0.2	3.25548950975268	-999.9	2.9	4.09722222222222	4.77764856011935	330
SUMMERSIDE	2021	1	10	10	-10.1	-0.3	5.27345107370236	-999.9	0	7.34953703703703	3.3446929535164	330
SUMMERSIDE	2021	1	11	11	-9.6	-3.2	4.30010544795617	-999.9	0	2.82407407407408	3.16175441236238	330
SUMMERSIDE	2021	1	12	12	-12.2	-2.1	5.45258262564058	-999.9	0.2	2.30324074074074	2.99403602763096	330
SUMMERSIDE	2021	1	13	13	-13.3	-0.9	6.10021781730593	-999.9	0.2	2.65046296296296	3.18257973475377	330
SUMMERSIDE	2021	1	14	14	-10.8	-0.8	5.53303094412035	-999.9	0	2.21064814814815	3.61904032440386	330
SUMMERSIDE	2021	1	15	15	-13.2	-1	6.17450860863479	-999.9	0.2	1.48148148148148	3.35095428850551	330
SUMMERSIDE	2021	1	16	16	-14	1.4	7.01080814509858	-999.9	8.1	2.58101851851852	3.45143503685057	330
SUMMERSIDE	2021	1	17	17	0.8	3.5	2.9675340697351	-999.9	14	8.62268518518519	6.30683661859237	330
SUMMERSIDE	2021	1	18	18	-3.8	1.9	4.35986691304022	-999.9	0	7.46527777777778	3.95602438179677	330
SUMMERSIDE	2021	1	19	19	-10.6	-3.8	4.81640578367261	-999.9	0	6.48148148148147	2.31974390780575	330
SUMMERSIDE	2021	1	20	20	-11.1	-6.8	3.87473002555978	-999.9	0	3.63425925925925	1.95589116884143	330
SUMMERSIDE	2021	1	21	21	-14.2	-7.4	4.93061451344889	-999.9	0.3	2.41898148148148	1.83186098686177	330
SUMMERSIDE	2021	1	22	22	-10.2	-2.5	5.31039802593019	-999.9	0	3.64583333333333	2.64299189713784	330
SUMMERSIDE	2021	1	23	23	-9.1	-3	4.78489588115845	-999.9	0	3.39120370370369	3.05061753791223	330
SUMMERSIDE	2021	1	24	24	-8.3	0.3	5.75265649215928	-999.9	1.6	5.39351851851853	3.9205787919156	330
SUMMERSIDE	2021	1	25	25	-1.4	0.6	2.80948492389576	-999.9	0	7.29166666666667	5.03248543939179	330
SUMMERSIDE	2021	1	26	26	-0.9	0.2	2.11045702176663	-999.9	0.5	5.89120370370369	5.52430780711123	330
SUMMERSIDE	2021	1	27	27	-3	-0.4	3.28705105599364	-999.9	0	3.56481481481481	4.55266774451297	330
SUMMERSIDE	2021	1	28	28	-5.8	-2.8	3.57755557908409	-999.9	0.2	2.36111111111111	3.92803463709615	330
SUMMERSIDE	2021	1	29	29	-6.3	-4	3.17436857177271	-999.9	0.2	8.11342592592592	3.23169656995165	330
SUMMERSIDE	2021	1	30	30	-12.8	-6.3	5.40847521057484	-999.9	0	4.75694444444445	2.30264320951517	330
SUMMERSIDE	2021	1	31	31	-7.4	-1.5	5.22301678618909	-999.9	0	5.46296296296297	3.81730431452049	330
SUMMERSIDE	2021	2	1	32	-4.3	-2	3.30586140522771	-999.9	0	2.77777777777778	3.89576326866201	330
SUMMERSIDE	2021	2	2	33	-4.8	5.6	7.12699390599389	-999.9	19.2	8.55324074074075	5.6521293776385	330
SUMMERSIDE	2021	2	3	34	-0.7	6.3	5.92853154160999	-999.9	11.9	4.81481481481481	7.21044046468957	330
SUMMERSIDE	2021	2	4	35	-3.6	0.6	4.6565725443702	-999.9	0.7	2.67361111111111	5.2825017032064	330
SUMMERSIDE	2021	2	5	36	-4.9	1.5	5.82916641853472	-999.9	0.6	3.31018518518519	4.74236223386767	330
SUMMERSIDE	2021	2	6	37	-4	4.1	6.65060036019615	-999.9	9.9	7.11805555555556	5.170869025	330
SUMMERSIDE	2021	2	7	38	-6.1	-2.6	4.43381415169774	-999.9	2.1	5.59027777777778	2.59760130430423	330
SUMMERSIDE	2021	2	8	39	-10.5	-1.9	7.04915839727051	-999.9	4.5	8.99305555555556	3.23309045600931	330
SUMMERSIDE	2021	2	9	40	-12.2	-6	6.07077653603952	-999.9	0	6.5625	1.82737821185386	330
SUMMERSIDE	2021	2	10	41	-12.9	-6.4	6.30489181532928	-999.9	0	4.76851851851853	1.77389298751798	330
SUMMERSIDE	2021	2	11	42	-13.3	-7.5	6.04110305382647	-999.9	0	7.01388888888889	1.48676578161018	330
SUMMERSIDE	2021	2	12	43	-14.9	-2	9.13868592265241	-999.9	0	4.16666666666667	2.44802474984233	330
SUMMERSIDE	2021	2	13	44	-14	-5	7.7428153477441	-999.9	0.6	3.20601851851853	2.29714119848902	330
SUMMERSIDE	2021	2	14	45	-15.1	-4.4	8.5636169671312	-999.9	0.2	1.97916666666667	2.28125438969685	330
SUMMERSIDE	2021	2	15	46	-12.1	-3.4	7.83264720387217	-999.9	0	2.03703703703704	2.42248775200882	330
SUMMERSIDE	2021	2	16	47	-6.5	-1	6.31694111908986	-999.9	22.4	4.20138888888889	4.17498268907103	330
SUMMERSIDE	2021	2	17	48	-10.1	-1.2	8.15055420518191	-999.9	0	5.05787037037036	3.14507598324743	330
SUMMERSIDE	2021	2	18	49	-17.2	-6.8	8.93640466033805	-999.9	0	4.45601851851853	1.50888362193749	330
SUMMERSIDE	2021	2	19	50	-17.7	-6.7	9.32140219484215	-999.9	0	2.04861111111111	1.78055728833223	330
SUMMERSIDE	2021	2	20	51	-11.2	-4.4	7.43293433930319	-999.9	0.7	4.29398148148147	2.898155541057	330
SUMMERSIDE	2021	2	21	52	-10.3	-2.8	7.91657176346679	-999.9	0	5.01157407407408	2.50788475741105	330
SUMMERSIDE	2021	2	22	53	-10.6	-1.2	8.98769921149913	-999.9	0.2	5.17361111111111	2.62072275233209	330
SUMMERSIDE	2021	2	23	54	-1.8	2.4	6.09203625048844	-999.9	4.9	7.17592592592592	5.74985916742541	330
SUMMERSIDE	2021	2	24	55	-2.6	3.2	7.2590210038212	-999.9	0.4	4.13194444444444	5.21669040826414	330
SUMMERSIDE	2021	2	25	56	-10.4	1	10.3184301654995	-999.9	4.1	6.92129629629631	3.72646658352764	330
SUMMERSIDE	2021	2	26	57	-14.8	-7.2	8.54149899704693	-999.9	0	6.89814814814814	1.54931894627125	330
SUMMERSIDE	2021	2	27	58	-15.8	0.9	12.8356741945727	-999.9	5	6.16898148148147	2.5956140646352	330
SUMMERSIDE	2021	2	28	59	-9	2.2	10.6553535286542	-999.9	0.2	6.57407407407408	3.82011241005214	330
SUMMERSIDE	2021	3	1	60	-7.8	1.1	9.62755011029105	-999.9	9.4	5.81018518518519	4.13663032208877	330
SUMMERSIDE	2021	3	2	61	-15.9	-1.2	12.5401656228843	-999.9	0.7	10.9375	2.51986750779386	330
SUMMERSIDE	2021	3	3	62	-12.3	-2.3	10.4816282363857	-999.9	0	9.46759259259258	2.27970551323007	330
SUMMERSIDE	2021	3	4	63	-9.9	-1.9	9.49984968883424	-999.9	0	8.84259259259258	2.57127515323149	330
SUMMERSIDE	2021	3	5	64	-10.8	-5.1	8.12474215474018	-999.9	0	5.83333333333333	2.14516322740798	330
SUMMERSIDE	2021	3	6	65	-12.2	-3.9	9.93270913535511	-999.9	0	6.46990740740742	2.08009789621905	330
SUMMERSIDE	2021	3	7	66	-11.9	-3.1	10.3605150694476	-999.9	0	4.82638888888889	2.21121946401249	330
SUMMERSIDE	2021	3	8	67	-13.7	-2.6	11.7860008212652	-999.9	0	2.17592592592593	2.62450501107346	330
SUMMERSIDE	2021	3	9	68	-13.2	2.4	14.1509220950219	-999.9	0.2	2.90509259259258	3.40045114695663	330
SUMMERSIDE	2021	3	10	69	-10.4	0.9	12.196368984381	-999.9	0	3.05555555555556	3.40992299902421	330
SUMMERSIDE	2021	3	11	70	-0.8	5.3	9.07351511702497	-999.9	0	8.73842592592592	6.33679783768307	330
SUMMERSIDE	2021	3	12	71	1.4	9	10.2538330527247	-999.9	0.2	8.94675925925925	5.68915765225755	330
SUMMERSIDE	2021	3	13	72	-6.1	2.1	10.782110118872	-999.9	0	7.67361111111111	3.14539771783373	330
SUMMERSIDE	2021	3	14	73	-9.7	-4.2	8.9380614789149	-999.9	0	5.10416666666667	2.09672019845049	330
SUMMERSIDE	2021	3	15	74	-12.4	-9.5	6.56860488116906	-999.9	0.2	6.96759259259258	1.88376806833981	330
SUMMERSIDE	2021	3	16	75	-15.2	-8	10.4736680287558	-999.9	0	5.53240740740742	1.56548134864432	330
SUMMERSIDE	2021	3	17	76	-10.4	5.6	15.7977982531342	-999.9	0	4.75694444444445	3.20380242450071	330
SUMMERSIDE	2021	3	18	77	-2.9	3.9	10.4193354972217	-999.9	0.2	6.04166666666667	5.72235007849954	330
SUMMERSIDE	2021	3	19	78	-8.3	-2.9	9.39238409643283	-999.9	0	8.28703703703703	2.41656508525124	330
SUMMERSIDE	2021	3	20	79	-8.8	5.7	15.5668321020724	-999.9	0	4.42129629629631	3.32826366956756	330
SUMMERSIDE	2021	3	21	80	-2.2	11.2	15.1338459304262	-999.9	0	4.79166666666667	5.30149746325763	330
SUMMERSIDE	2021	3	22	81	0.2	14.4	15.7530518535466	-999.9	0	5.60185185185186	6.15727648394626	330
SUMMERSIDE	2021	3	23	82	-0.3	12.9	15.3558432111738	-999.9	0	5.92592592592592	6.4713962075135	330
SUMMERSIDE	2021	3	24	83	1.9	14.7	15.2862181310949	-999.9	0	4.59490740740742	8.35981117483182	330
SUMMERSIDE	2021	3	25	84	1.9	13.1	14.452877146527	-999.9	0	5.35879629629631	8.56712598618292	330
SUMMERSIDE	2021	3	26	85	-0.1	11.8	15.0560342207852	-999.9	38.7	5.50925925925925	9.06550879984199	330
SUMMERSIDE	2021	3	27	86	-4.4	0.1	9.35570481327615	-999.9	1.8	11.3194444444444	4.57268986261898	330
SUMMERSIDE	2021	3	28	87	-3.7	2	10.6385375948559	-999.9	5.9	5.20833333333333	4.24594750872747	330
SUMMERSIDE	2021	3	29	88	-2.1	8.2	14.4470205611712	-999.9	4.3	9.34027777777778	6.63475662119995	330
SUMMERSIDE	2021	3	30	89	-3.7	6.5	14.5216412815018	-999.9	0	6.37731481481481	3.55937680446564	330
SUMMERSIDE	2021	3	31	90	1	13.6	16.3003702952648	-999.9	0	8.13657407407408	7.11574064822977	330
SUMMERSIDE	2021	4	1	91	5.5	14.3	13.7559520428206	-999.9	4.7	8.53009259259258	11.0731665156435	330
SUMMERSIDE	2021	4	2	92	-0.3	5.5	11.2756321784415	-999.9	3.4	3.00925925925925	6.78502788018473	330
SUMMERSIDE	2021	4	3	93	-1.6	1	7.62134434675522	-999.9	0	4.05092592592592	4.79654958116329	330
SUMMERSIDE	2021	4	4	94	-1.7	1.4	8.40009429538258	-999.9	18.3	9.49074074074075	5.61326072508395	330
SUMMERSIDE	2021	4	5	95	0.6	5	10.1001646579079	-999.9	0.2	5.20833333333333	7.11663594867019	330
SUMMERSIDE	2021	4	6	96	0.8	4.9	9.83859910378006	-999.9	1.3	4.64120370370369	7.40034598278633	330
SUMMERSIDE	2021	4	7	97	0.3	3.8	9.17180981917637	-999.9	0	5.90277777777778	6.99127645900406	330
SUMMERSIDE	2021	4	8	98	1.2	6.7	11.5990539957137	-999.9	0.2	5.74074074074075	7.39565872114117	330
SUMMERSIDE	2021	4	9	99	0.3	13.2	17.9183036634833	-999.9	0	2.83564814814814	7.78963545380388	330
SUMMERSIDE	2021	4	10	100	-4.1	4.5	14.7554608495051	-999.9	0	4.91898148148147	4.7041830693231	330
SUMMERSIDE	2021	4	11	101	-2.5	5.9	14.7056941519508	-999.9	0	6.31944444444445	5.89171093318401	330
SUMMERSIDE	2021	4	12	102	1.5	4.3	8.56067844763706	-999.9	0.2	8.94675925925925	7.09173580988715	330
SUMMERSIDE	2021	4	13	103	1.3	4.7	9.5102734392866	-999.9	0	10.6481481481481	6.64744258032269	330
SUMMERSIDE	2021	4	14	104	-1.6	4.2	12.5208315044215	-999.9	0	6.89814814814814	5.8907690613063	330
SUMMERSIDE	2021	4	15	105	-4.2	6.9	17.4577277522899	-999.9	0	5.08101851851853	5.70688633911542	330
SUMMERSIDE	2021	4	16	106	-1.1	8.5	16.361024808701	-999.9	0	6.08796296296297	6.47470523696517	330
SUMMERSIDE	2021	4	17	107	1.3	2.8	6.51644863701192	-999.9	3.8	9.20138888888889	6.39759392066024	330
SUMMERSIDE	2021	4	18	108	0.8	3.1	8.12946059034766	-999.9	11.1	8.71527777777778	6.85245516894356	330
SUMMERSIDE	2021	4	19	109	1.7	10.9	16.3782090025401	-999.9	1.4	4.07407407407408	7.79363827213509	330
SUMMERSIDE	2021	4	20	110	3.5	10.5	14.3892659013331	-999.9	0	4.375	8.30812994772269	330
SUMMERSIDE	2021	4	21	111	3.9	16.7	19.5954118056121	-999.9	1.1	4.18981481481481	8.22882973784947	330
SUMMERSIDE	2021	4	22	112	0.4	14.9	21.0008130201823	-999.9	0.6	10	8.09300835319187	330
SUMMERSIDE	2021	4	23	113	-0.2	5.5	13.2566985153556	-999.9	0.2	10.5324074074074	5.14447205372132	330
SUMMERSIDE	2021	4	24	114	1	12.9	19.2823815621143	-999.9	0	5.17361111111111	6.15308893092655	330
SUMMERSIDE	2021	4	25	115	2.7	16.9	21.2013859343872	-999.9	4	4.47916666666667	7.36994290780706	330
SUMMERSIDE	2021	4	26	116	4	7.9	11.1822494186731	-999.9	4.1	6.00694444444445	8.4476708662051	330
SUMMERSIDE	2021	4	27	117	2.7	7.1	11.9520985553794	-999.9	5.1	4.15509259259258	8.03272460541968	330
SUMMERSIDE	2021	4	28	118	1.3	11.5	18.309787158987	-999.9	0	3.48379629629631	7.89986713828845	330
SUMMERSIDE	2021	4	29	119	0	14.3	21.8102830997499	-999.9	0	3.09027777777778	7.46240286557309	330
SUMMERSIDE	2021	4	30	120	2.6	7.4	12.7106843694293	-999.9	20.4	8.06712962962964	7.96849500992479	330
SUMMERSIDE	2021	5	1	121	2.5	11.8	17.7946744364209	-999.9	3.6	8.56481481481481	8.15509743680794	330
SUMMERSIDE	2021	5	2	122	3.9	13.1	17.7986980494557	-999.9	0	6.13425925925925	6.16165263164227	330
SUMMERSIDE	2021	5	3	123	2.2	14.4	20.609418894305	-999.9	0	6.35416666666667	5.09833963703442	330
SUMMERSIDE	2021	5	4	124	1.5	11.9	19.1311042117898	-999.9	0	3.41435185185186	5.78576507876102	330
SUMMERSIDE	2021	5	5	125	0.4	11.8	20.1353703971435	-999.9	2.5	4.22453703703703	6.544171794724	330
SUMMERSIDE	2021	5	6	126	2.7	6	10.8891643879456	-999.9	9.3	5.26620370370369	7.88974318001792	330
SUMMERSIDE	2021	5	7	127	0.4	8.1	16.7170697047439	-999.9	0.15	4.67592592592592	7.22635354239956	330
SUMMERSIDE	2021	5	8	128	0.3	4.6	12.5537450537662	-999.9	10.16	9.62962962962964	7.12872477990876	330
SUMMERSIDE	2021	5	9	129	1.1	11.5	19.6167640821605	-999.9	2.11	7.63888888888889	7.96141521084841	330
SUMMERSIDE	2021	5	10	130	-0.3	12.7	22.0344182552119	-999.9	0.03	2.53472222222222	6.87517553573321	330
SUMMERSIDE	2021	5	11	131	1.5	11.9	19.7976497487569	-999.9	1.56	3.75	7.17779798273546	330
SUMMERSIDE	2021	5	12	132	2.8	8.9	15.2291977584533	-999.9	2.26	4.10879629629631	7.81052995496049	330
SUMMERSIDE	2021	5	13	133	3.7	14.7	20.5386513616934	-999.9	0.14	3.71527777777778	7.99373383970234	330
SUMMERSIDE	2021	5	14	134	1.1	14.3	22.5930355348741	-999.9	0.44	3.49537037037036	7.8626006189119	330
SUMMERSIDE	2021	5	15	135	0.7	15.1	23.6935265648177	-999.9	0.2	2.65046296296296	6.98536050072868	330
SUMMERSIDE	2021	5	16	136	3.8	15.1	21.0716018541683	-999.9	3.01	4.90740740740742	7.95813187464269	330
SUMMERSIDE	2021	5	17	137	3.8	17.4	23.2052849822076	-999.9	0.28	3.19444444444444	10.0689506080928	330
SUMMERSIDE	2021	5	18	138	5.4	15.9	20.4654215109818	-999.9	9.08	3.40277777777778	11.1751951997336	330
SUMMERSIDE	2021	5	19	139	4.8	9.1	13.1437275029258	-999.9	0.32	5.625	9.43362619585897	330
SUMMERSIDE	2021	5	20	140	4	17.6	23.4564311818557	-999.9	0.23	3.21759259259258	10.9030328891319	330
SUMMERSIDE	2021	5	21	141	8.9	21.6	22.743253665866	-999.9	1.49	7.91666666666667	11.6291658861602	330
SUMMERSIDE	2021	5	22	142	9.9	15.2	14.7399905899758	-999.9	11.05	9.38657407407408	12.3656411243279	330
SUMMERSIDE	2021	5	23	143	6.2	17.9	21.9690466809616	-999.9	11.33	7.55787037037036	12.5677982032352	330
SUMMERSIDE	2021	5	24	144	3	13	20.3717315805685	-999.9	0.23	5.9375	6.59323601565833	330
SUMMERSIDE	2021	5	25	145	7.8	16.5	19.0567162465673	-999.9	1.37	9.54861111111111	10.548314873346	330
SUMMERSIDE	2021	5	26	146	10.5	22.3	22.2556837798401	-999.9	2.77	8.83101851851853	15.0751174203638	330
SUMMERSIDE	2021	5	27	147	4	20.4	26.307799592206	-999.9	3.43	6.79398148148147	10.3742496626021	330
SUMMERSIDE	2021	5	28	148	2	12.8	21.4036807039699	-999.9	0.14	4.47916666666667	5.35513323577041	330
SUMMERSIDE	2021	5	29	149	1.8	11.5	20.3342384450394	-999.9	0.01	3.10185185185186	6.25388233850464	330
SUMMERSIDE	2021	5	30	150	-0.1	13.5	24.1339593317775	-999.9	1.07	4.35185185185186	7.03407777141067	330
SUMMERSIDE	2021	5	31	151	8	23.4	25.7388013331113	-999.9	6.61	5.28935185185186	15.4159824461355	330
SUMMERSIDE	2021	6	1	152	8.8	18.6	20.5760364194829	-999.9	7.77	4.72222222222222	13.1295470227553	330
SUMMERSIDE	2021	6	2	153	11.4	24.8	24.1087016268402	-999.9	0.08	5.08101851851853	14.0671668847183	330
SUMMERSIDE	2021	6	3	154	10.9	22.3	22.2791555461439	-999.9	2.92	5.50925925925925	14.0274571999224	330
SUMMERSIDE	2021	6	4	155	13.5	22.3	19.6094206734744	-999.9	5.7	6.27314814814814	18.3616087192021	330
SUMMERSIDE	2021	6	5	156	12.3	23.1	21.7602956083482	-999.9	0.83	6.53935185185186	16.9794391320731	330
SUMMERSIDE	2021	6	6	157	12.6	18.1	15.5530727825238	-999.9	0.57	4.71064814814814	12.6255359464503	330
SUMMERSIDE	2021	6	7	158	14.1	29	25.636722197696	-999.9	1.37	6.875	18.2427447879517	330
SUMMERSIDE	2021	6	8	159	14.1	32.7	28.6822347868158	-999.9	1.2	5.18518518518519	20.0978127891812	330
SUMMERSIDE	2021	6	9	160	9.1	22.1	24.0086684682371	-999.9	3.93	3.55324074074075	12.9969329720679	330
SUMMERSIDE	2021	6	10	161	3.7	13.1	20.4386883370719	-999.9	1.37	7.45370370370369	7.48052320318895	330
SUMMERSIDE	2021	6	11	162	4.5	19.5	25.845224332692	-999.9	1.46	4.95370370370369	9.10021242447143	330
SUMMERSIDE	2021	6	12	163	9.2	20.5	22.4528996296259	-999.9	1.24	5.37037037037036	11.6975403383427	330
SUMMERSIDE	2021	6	13	164	6.4	15.3	19.9425078087217	-999.9	0.09	4.56018518518519	8.99558227697611	330
SUMMERSIDE	2021	6	14	165	7.6	24.9	27.8235441083739	-999.9	0.02	5.32407407407408	10.8313662954023	330
SUMMERSIDE	2021	6	15	166	14.1	20.5	16.9331260812513	-999.9	2.8	6.86342592592592	17.1012455243668	330
SUMMERSIDE	2021	6	16	167	11.5	23.6	23.2943595086229	-999.9	5.4	4.52546296296297	17.8458250939073	330
SUMMERSIDE	2021	6	17	168	11.4	19.1	18.5894954651891	-999.9	0.22	5.45138888888889	13.0182657512362	330
SUMMERSIDE	2021	6	18	169	11.5	26.4	25.8662089448312	-999.9	0.06	5.32407407407408	13.8766399343754	330
SUMMERSIDE	2021	6	19	170	13.7	23.9	21.404763213269	-999.9	7.45	6.27314814814814	16.4955957824056	330
SUMMERSIDE	2021	6	20	171	14.6	26.2	22.8277625518934	-999.9	0.37	4.95370370370369	18.6906168531013	330
SUMMERSIDE	2021	6	21	172	14.8	29.2	25.4327279249134	-999.9	4.72	4.36342592592592	18.6275330988484	330
SUMMERSIDE	2021	6	22	173	20.2	27.7	18.3515619109501	-999.9	2.03	6.73611111111111	25.0942079921418	330
SUMMERSIDE	2021	6	23	174	12.8	20.9	19.0664123177648	-999.9	4.91	4.66435185185186	15.4554360945171	330
SUMMERSIDE	2021	6	24	175	9.9	23.8	24.96728482597	-999.9	0.02	4.36342592592592	10.8900946189429	330
SUMMERSIDE	2021	6	25	176	12.3	23.9	22.7973166743507	-999.9	1.34	5.53240740740742	13.6501044940658	330
SUMMERSIDE	2021	6	26	177	18.3	25.1	17.4442937115552	-999.9	1.14	7.59259259259258	21.3630539409516	330
SUMMERSIDE	2021	6	27	178	17.1	21.8	14.4925706677658	-999.9	3.68	9.30555555555556	20.7401595629928	330
SUMMERSIDE	2021	6	28	179	17	25.8	19.814757063839	-999.9	0.48	4.98842592592592	20.7611931279141	330
SUMMERSIDE	2021	6	29	180	17.8	29.9	23.2136993823488	-999.9	1.66	3.15972222222222	24.9423998160195	330
SUMMERSIDE	2021	6	30	181	16.9	22.3	15.4919511574741	-999.9	15.48	3.32175925925925	21.7950675262625	330
SUMMERSIDE	2021	7	1	182	12.7	19.8	17.7439075845127	-999.9	1.46	4.76851851851853	17.7500837063132	330
SUMMERSIDE	2021	7	2	183	12.3	14.9	10.72434733016	-999.9	0.87	7.83564814814814	13.2854704028205	330
SUMMERSIDE	2021	7	3	184	12.6	15.2	10.7099683535537	-999.9	0.24	6.90972222222222	13.3146156199828	330
SUMMERSIDE	2021	7	4	185	10.5	13.7	11.8644329494473	-999.9	19.23	8.34490740740742	12.63317218034	330
SUMMERSIDE	2021	7	5	186	10.6	21.2	21.5599887533917	-999.9	0.74	3.62268518518519	14.2465455924105	330
SUMMERSIDE	2021	7	6	187	14.4	24	20.4836748981804	-999.9	0	6.28472222222222	17.2857960304116	330
SUMMERSIDE	2021	7	7	188	12.8	24.7	22.7654058693811	-999.9	0	5.42824074074075	15.2790796377483	330
SUMMERSIDE	2021	7	8	189	11.3	18.8	18.0391112800217	-999.9	0	3.87731481481481	11.5021523251244	330
SUMMERSIDE	2021	7	9	190	13.3	21.3	18.5936625558188	-999.9	36.8	5.84490740740742	18.0017458925581	330
SUMMERSIDE	2021	7	10	191	12.2	20.5	18.8993652966898	-999.9	2.1	3.94675925925925	16.6356885818921	330
SUMMERSIDE	2021	7	11	192	10.4	24.8	24.83878399948	-999.9	0	2.99768518518519	15.9381305362366	330
SUMMERSIDE	2021	7	12	193	10.4	21.5	21.7572540616443	-999.9	0	3.21759259259258	12.94659554366	330
SUMMERSIDE	2021	7	13	194	10	24.7	24.9774022670608	-999.9	0	3.11342592592592	12.9457254766584	330
SUMMERSIDE	2021	7	14	195	15.2	25	20.3422992622432	-999.9	0	5.15046296296297	15.3451469648112	330
SUMMERSIDE	2021	7	15	196	17.6	24.7	17.2689867812901	-999.9	8.8	5.98379629629631	22.1197570528932	330
SUMMERSIDE	2021	7	16	197	17.6	27.3	20.1291944026784	-999.9	0	6.51620370370369	23.099081687363	330
SUMMERSIDE	2021	7	17	198	16.4	25.5	19.4408883247833	-999.9	0	2.99768518518519	18.4171173974541	330
SUMMERSIDE	2021	7	18	199	15.7	26.8	21.4073883475177	-999.9	0	2.08333333333333	17.9170032128435	330
SUMMERSIDE	2021	7	19	200	19	25.2	15.9498498942386	-999.9	0	2.71990740740741	23.0929129606488	330
SUMMERSIDE	2021	7	20	201	17.1	25.9	18.941408597744	-999.9	10.6	4.67592592592592	22.7018684052388	330
SUMMERSIDE	2021	7	21	202	16.6	19.2	10.2616988258646	-999.9	13.7	4.89583333333333	19.1252457173372	330
SUMMERSIDE	2021	7	22	203	12.4	17.1	13.7497400586908	-999.9	27.5	5.46296296296297	15.5779405348669	330
SUMMERSIDE	2021	7	23	204	12.3	23.3	20.9607115137337	-999.9	3.5	2.59259259259259	17.2231951239068	330
SUMMERSIDE	2021	7	24	205	14.3	23.4	18.9952701179404	-999.9	0.2	2.06018518518519	17.7575043205203	330
SUMMERSIDE	2021	7	25	206	14.7	25	20.133037039047	-999.9	0.7	4.29398148148147	16.9061854423461	330
SUMMERSIDE	2021	7	26	207	16.6	22.5	15.1786521621195	-999.9	2.9	4.49074074074075	20.0487902244647	330
SUMMERSIDE	2021	7	27	208	16.6	24.2	17.1585645401906	-999.9	0.6	3.88888888888889	21.5784374827651	330
SUMMERSIDE	2021	7	28	209	12.6	21.9	18.9030907876021	-999.9	0	2.69675925925926	15.1134561198709	330
SUMMERSIDE	2021	7	29	210	11.3	23.7	21.7354888777725	-999.9	0	4.49074074074075	12.8593685744658	330
SUMMERSIDE	2021	7	30	211	13.8	19.9	15.1789084194681	-999.9	25.1	5.32407407407408	16.9681639152648	330
SUMMERSIDE	2021	7	31	212	13.5	21.6	17.4134491616654	-999.9	0	6.12268518518519	15.8964217901659	330
SUMMERSIDE	2021	8	1	213	13.8	24	19.4517396596714	-999.9	0	5.37037037037036	15.2286759516812	330
SUMMERSIDE	2021	8	2	214	12.1	20	17.0387274446019	-999.9	6.1	2.85879629629631	15.6309527289838	330
SUMMERSIDE	2021	8	3	215	12.3	24	20.6362481080721	-999.9	0	6.07638888888889	15.7034241451804	330
SUMMERSIDE	2021	8	4	216	14.6	24.8	19.1734743393762	-999.9	0	3.11342592592592	17.2258746359484	330
SUMMERSIDE	2021	8	5	217	16.8	22.3	14.0085596246712	-999.9	7.8	4.44444444444444	21.1175501031606	330
SUMMERSIDE	2021	8	6	218	17.7	25.1	16.1654446201331	-999.9	33.1	6.14583333333333	23.6509123562986	330
SUMMERSIDE	2021	8	7	219	17.1	26.1	17.733755322529	-999.9	0	6.40046296296297	22.2583075460097	330
SUMMERSIDE	2021	8	8	220	10.3	20.4	18.685106185037	-999.9	0	4.52546296296297	14.4219111646377	330
SUMMERSIDE	2021	8	9	221	9	21	20.254822817028	-999.9	0	1.72453703703704	14.0750081212443	330
SUMMERSIDE	2021	8	10	222	16.4	25.2	17.2476277758839	-999.9	0	4.56018518518519	20.709084757608	330
SUMMERSIDE	2021	8	11	223	19	26.8	16.144796042839	-999.9	0	4.0625	24.1377597364695	330
SUMMERSIDE	2021	8	12	224	20.1	27.3	15.4203951344606	-999.9	0	4.56018518518519	26.6319976320295	330
SUMMERSIDE	2021	8	13	225	20.2	30.7	18.5103405956872	-999.9	0	4.23611111111111	28.0432603841676	330
SUMMERSIDE	2021	8	14	226	19.8	29.6	17.7733611859507	-999.9	0	4.17824074074075	25.739068323177	330
SUMMERSIDE	2021	8	15	227	14.9	25.9	18.7126653177048	-999.9	0	3.34490740740742	18.8009155577065	330
SUMMERSIDE	2021	8	16	228	14.2	23.9	17.4603808996221	-999.9	0	3.125	15.1218112947957	330
SUMMERSIDE	2021	8	17	229	16.1	28.3	19.4545778849844	-999.9	0	5.52083333333333	19.2030438643718	330
SUMMERSIDE	2021	8	18	230	17.6	23.9	13.8877371064274	-999.9	0	5.34722222222222	21.0211894286806	330
SUMMERSIDE	2021	8	19	231	18.7	29	17.6377897341277	-999.9	0	4.90740740740742	25.8498201339342	330
SUMMERSIDE	2021	8	20	232	18.5	29	17.6859875914504	-999.9	0	5.19675925925925	25.4234846789397	330
SUMMERSIDE	2021	8	21	233	12.4	24	18.459389107158	-999.9	0	3.02083333333333	16.5515489458945	330
SUMMERSIDE	2021	8	22	234	11.9	25.1	19.5511934759714	-999.9	0	2.5462962962963	16.2155407890547	330
SUMMERSIDE	2021	8	23	235	15.2	25.2	16.8938399453929	-999.9	0	3.88888888888889	18.7482995898164	330
SUMMERSIDE	2021	8	24	236	20.6	24.5	10.4724095203873	-999.9	1.7	5.59027777777778	24.8021342644818	330
SUMMERSIDE	2021	8	25	237	18.2	26.7	15.3445223131517	-999.9	0	3.15972222222222	23.6275964119569	330
SUMMERSIDE	2021	8	26	238	18.2	29.5	17.5572374983854	-999.9	11	5.08101851851853	24.6088302091173	330
SUMMERSIDE	2021	8	27	239	15.6	22.5	13.6131245992253	-999.9	0	5.40509259259258	16.0962258827886	330
SUMMERSIDE	2021	8	28	240	8.5	20.7	17.9586040874984	-999.9	0	4.82638888888889	10.699367318337	330
SUMMERSIDE	2021	8	29	241	11.5	23.6	17.7413895617664	-999.9	0	2.7662037037037	13.1103647079947	330
SUMMERSIDE	2021	8	30	242	15.6	19.8	10.3672748908347	-999.9	0	5.54398148148147	17.0556940982351	330
SUMMERSIDE	2021	8	31	243	17.7	27.5	15.7050966308866	-999.9	0	3.95833333333333	22.7619098135909	330
SUMMERSIDE	2021	9	1	244	15.2	23.5	14.3316658260448	-999.9	0	3.00925925925925	17.8501713195661	330
SUMMERSIDE	2021	9	2	245	14.5	18.7	10.1077535735681	-999.9	120.6	5.50925925925925	17.8049921529156	330
SUMMERSIDE	2021	9	3	246	9.1	17.3	14.0007567901446	-999.9	0.7	6.11111111111111	13.2227821809466	330
SUMMERSIDE	2021	9	4	247	9.8	13.5	9.32185087453949	-999.9	5.3	6.77083333333333	12.5773596388983	330
SUMMERSIDE	2021	9	5	248	8.9	15.3	12.1503845181096	-999.9	0.2	3.00925925925925	12.8221677435802	330
SUMMERSIDE	2021	9	6	249	14.7	18.1	8.77566878905984	-999.9	22.1	5.60185185185186	17.4861998649251	330
SUMMERSIDE	2021	9	7	250	13.9	20.7	12.2963975784961	-999.9	0	6.97916666666667	16.2007451561755	330
SUMMERSIDE	2021	9	8	251	13.2	23.8	15.2090110128188	-999.9	0	4.73379629629631	16.9015828993609	330
SUMMERSIDE	2021	9	9	252	16.6	22.9	11.6140808933342	-999.9	0	5.61342592592592	20.7785912554026	330
SUMMERSIDE	2021	9	10	253	14.7	22.5	12.798832555572	-999.9	21.2	4.80324074074075	20.5671088287625	330
SUMMERSIDE	2021	9	11	254	12.5	20.1	12.5106633843013	-999.9	0	5.47453703703703	14.3203532910581	330
SUMMERSIDE	2021	9	12	255	11.3	22.3	14.9026138687035	-999.9	0	7.22222222222222	16.1197557195016	330
SUMMERSIDE	2021	9	13	256	10.1	19.9	13.9255989706209	-999.9	0	3.59953703703703	13.3402256394967	330
SUMMERSIDE	2021	9	14	257	6	16.5	14.268310115529	-999.9	0	4.38657407407408	10.517790117515	330
SUMMERSIDE	2021	9	15	258	6.9	19.4	15.4082175356319	-999.9	9.1	6.15740740740742	11.9258126203342	330
SUMMERSIDE	2021	9	16	259	10.8	19.7	12.8663259363197	-999.9	1.4	4.05092592592592	13.9782719407129	330
SUMMERSIDE	2021	9	17	260	9.8	21.8	14.7827483522891	-999.9	0	4.30555555555556	15.2521323110449	330
SUMMERSIDE	2021	9	18	261	16	25	12.665838495862	-999.9	0	5.13888888888889	20.7938949319914	330
SUMMERSIDE	2021	9	19	262	7.6	16.8	12.66771066356	-999.9	0	7.07175925925925	10.4990973662782	330
SUMMERSIDE	2021	9	20	263	7	18.8	14.189937303556	-999.9	0	2.34953703703704	11.3786746286281	330
SUMMERSIDE	2021	9	21	264	11.8	21.1	12.458342824837	-999.9	0	5.68287037037036	13.365269562278	330
SUMMERSIDE	2021	9	22	265	14.1	22.9	11.9835073203019	-999.9	0	5.97222222222222	17.7925466789793	330
SUMMERSIDE	2021	9	23	266	13.9	24.7	13.1257221509977	-999.9	0	5.01157407407408	18.8914514518966	330
SUMMERSIDE	2021	9	24	267	11.1	24.4	14.3996276407947	-999.9	0	2.8125	17.0048574541271	330
SUMMERSIDE	2021	9	25	268	17.3	24	10.1023607057131	-999.9	0	6.78240740740742	20.8920610377615	330
SUMMERSIDE	2021	9	26	269	14.9	20.5	9.12821784200598	-999.9	12.5	6.81712962962964	18.8180310939792	330
SUMMERSIDE	2021	9	27	270	12.4	18.5	9.41478729507401	-999.9	0.2	6.11111111111111	13.4607823067714	330
SUMMERSIDE	2021	9	28	271	12.7	18.6	9.14898632074227	-999.9	0.4	3.85802469135803	13.4863217052597	330
SUMMERSIDE	2021	9	29	272	10.3	16	8.88452589156846	-999.9	0	5.48611111111111	11.9341481037828	330
SUMMERSIDE	2021	9	30	273	8	16.6	10.7806552856302	-999.9	2.1	3.49537037037036	13.0399481664278	330
SUMMERSIDE	2021	10	1	274	10	14.7	7.87216225389115	-999.9	0	3.53009259259258	11.9754026782068	330
SUMMERSIDE	2021	10	2	275	7.2	13.4	8.92978647077754	-999.9	0	3.81944444444444	10.0842473984856	330
SUMMERSIDE	2021	10	3	276	5.3	14.5	10.742148426377	-999.9	0.7	2.66203703703704	10.2516089999667	330
SUMMERSIDE	2021	10	4	277	3.5	14.9	11.8074073733974	-999.9	0	3.51851851851853	9.54671867214145	330
SUMMERSIDE	2021	10	5	278	5.3	18.5	12.544342793367	-999.9	0	2.01388888888889	11.2145185572242	330
SUMMERSIDE	2021	10	6	279	6.7	20.2	12.5239613971782	-999.9	0	3.05555555555556	11.7297759569353	330
SUMMERSIDE	2021	10	7	280	7.6	21.6	12.5895148301184	-999.9	0	3.03240740740742	13.1117652777021	330
SUMMERSIDE	2021	10	8	281	2.6	14	11.2130833441463	-999.9	0	6.79398148148147	7.56276616419032	330
SUMMERSIDE	2021	10	9	282	2.1	13.4	11.0178874373047	-999.9	0	1.79398148148148	8.23518572034083	330
SUMMERSIDE	2021	10	10	283	5.3	15.6	10.3806474807213	-999.9	0	3.44907407407408	9.7736218489774	330
SUMMERSIDE	2021	10	11	284	7.6	18.8	10.6812793618389	-999.9	0	2.93981481481481	12.9244284783521	330
SUMMERSIDE	2021	10	12	285	7	20.7	11.655911461545	-999.9	0	1.73611111111111	14.2248463285345	330
SUMMERSIDE	2021	10	13	286	12	17.6	7.35218717514722	-999.9	14.3	2.34953703703704	15.5920254720594	330
SUMMERSIDE	2021	10	14	287	6.9	14.9	8.66903431505512	-999.9	4.3	4.17824074074075	12.3014178499582	330
SUMMERSIDE	2021	10	15	288	6	15.5	9.31878116917741	-999.9	0	1.93287037037037	11.4449331321305	330
SUMMERSIDE	2021	10	16	289	8.9	17	8.48753690555093	-999.9	0.4	2.84722222222222	12.8663678650844	330
SUMMERSIDE	2021	10	17	290	12.9	18.4	6.89818130489271	-999.9	9.9	7.74305555555556	15.5992852100576	330
SUMMERSIDE	2021	10	18	291	7.7	13.9	7.22333057220281	-999.9	1.3	3.37962962962964	11.3690670981107	330
SUMMERSIDE	2021	10	19	292	6.7	9.9	5.11777817127146	-999.9	0	4.28240740740742	8.78581799086435	330
SUMMERSIDE	2021	10	20	293	5.6	12.8	7.57035443673984	-999.9	0	1.63194444444444	10.1065721383813	330
SUMMERSIDE	2021	10	21	294	8	14.8	7.2548581222541	-999.9	0	2.91666666666667	10.9908801329012	330
SUMMERSIDE	2021	10	22	295	11.8	20.1	7.90353624845056	-999.9	2.8	5	15.9319459463137	330
SUMMERSIDE	2021	10	23	296	11.6	16.7	6.10887707979996	-999.9	0	2.41898148148148	15.2631205193737	330
SUMMERSIDE	2021	10	24	297	6.3	11.7	6.19805831205322	-999.9	37.6	6.52777777777778	9.78380534658509	330
SUMMERSIDE	2021	10	25	298	2.7	10.4	7.29756429020013	-999.9	0	3.91203703703703	7.92614552251597	330
SUMMERSIDE	2021	10	26	299	2.4	12.7	8.32183510450887	-999.9	0	3.57638888888889	8.73629961325185	330
SUMMERSIDE	2021	10	27	300	8.2	10.6	3.96069234551803	-999.9	0	10.8449074074074	9.12848391351092	330
SUMMERSIDE	2021	10	28	301	8.2	10	3.38194731323612	-999.9	0	10.8449074074074	8.59281085370665	330
SUMMERSIDE	2021	10	29	302	4.3	11.1	6.48116949893619	-999.9	0	7.06018518518519	8.31113823811157	330
SUMMERSIDE	2021	10	30	303	1.2	10.9	7.63237348476149	-999.9	0	2.15277777777778	8.4906746489756	330
SUMMERSIDE	2021	10	31	304	8.8	13.9	5.45686857459226	-999.9	6.8	7.34953703703703	12.039778903922	330
SUMMERSIDE	2021	11	1	305	6.6	16	7.30500104836692	-999.9	0	6.58564814814814	10.1676230341121	330
SUMMERSIDE	2021	11	2	306	5.3	11.9	6.03591512332913	-999.9	0	4.57175925925925	7.10112024207122	330
SUMMERSIDE	2021	11	3	307	2.2	9.5	6.2599073140793	-999.9	0	2.65046296296296	7.7989530824976	330
SUMMERSIDE	2021	11	4	308	-1.1	6.2	6.17344387988362	-999.9	0.2	2.5	5.68094168806812	330
SUMMERSIDE	2021	11	5	309	-0.8	6.8	6.21241741943448	-999.9	0	1.77083333333333	5.27735899506534	330
SUMMERSIDE	2021	11	6	310	-1.5	8.8	7.13333027830174	-999.9	0	4.97685185185186	5.3769864320737	330
SUMMERSIDE	2021	11	7	311	3	10.9	6.1623073465213	-999.9	0	5.20833333333333	7.08979056114202	330
SUMMERSIDE	2021	11	8	312	0	11.6	7.3663994232322	-999.9	0	2.46527777777778	7.05803324487289	330
SUMMERSIDE	2021	11	9	313	-0.1	14	8.01266375794462	-999.9	0	3.28703703703703	8.25546370096573	330
SUMMERSIDE	2021	11	10	314	2.1	7.4	4.84724953575614	-999.9	6.7	1.55092592592593	7.22783118726431	330
SUMMERSIDE	2021	11	11	315	-0.9	6.9	5.80294232401972	-999.9	0	4.375	5.55327860598523	330
SUMMERSIDE	2021	11	12	316	-2.1	8.1	6.54941487864795	-999.9	0.9	2.73148148148148	5.48350583081009	330
SUMMERSIDE	2021	11	13	317	3.3	13	6.30452401721997	-999.9	3.4	6.28472222222222	9.64538506997567	330
SUMMERSIDE	2021	11	14	318	0.4	9	5.86066524191928	-999.9	2.5	4.76851851851853	7.62461123760375	330
SUMMERSIDE	2021	11	15	319	1	8.6	5.44011044415807	-999.9	10.2	4.53703703703703	7.83285536169521	330
SUMMERSIDE	2021	11	16	320	0.7	3.5	3.26106871567789	-999.9	1.6	9.375	5.17915477670993	330
SUMMERSIDE	2021	11	17	321	-2.6	4	4.94554957273165	-999.9	0	6.16898148148147	4.60579762203338	330
SUMMERSIDE	2021	11	18	322	-0.5	11.8	6.67026910809908	-999.9	2.1	6.15740740740742	8.20496584929738	330
SUMMERSIDE	2021	11	19	323	1.3	12.4	6.26169623715647	-999.9	10.9	4.6875	9.17134973939864	330
SUMMERSIDE	2021	11	20	324	-3.2	4	4.98463011450496	-999.9	0	5.18518518518519	4.41745370082786	330
SUMMERSIDE	2021	11	21	325	-2.6	6.2	5.44810769087985	-999.9	1.5	4.35185185185186	5.84960746438221	330
SUMMERSIDE	2021	11	22	326	6.1	11.9	4.37383596901921	-999.9	51.2	8.125	10.6147323593289	330
SUMMERSIDE	2021	11	23	327	0.1	10.2	5.70906296741631	-999.9	16.2	5.56712962962964	8.3697520440801	330
SUMMERSIDE	2021	11	24	328	0.6	3.7	3.12937172720635	-999.9	0	6.34259259259258	5.72259284632371	330
SUMMERSIDE	2021	11	25	329	2.7	6.6	3.47377967955079	-999.9	2.9	8.03240740740742	8.01424209784698	330
SUMMERSIDE	2021	11	26	330	5.5	7.2	2.27046358647856	-999.9	8.7	3.66898148148147	9.49271203989855	330
SUMMERSIDE	2021	11	27	331	-1.6	7.5	5.20190310518633	-999.9	4.9	8.64583333333333	6.35170121160852	330
SUMMERSIDE	2021	11	28	332	-3.1	-0.1	2.95862483602646	-999.9	0	8.33333333333333	3.90382806355293	330
SUMMERSIDE	2021	11	29	333	-5.2	3.5	4.99249484218473	-999.9	19.4	4.27083333333333	5.33397155783888	330
SUMMERSIDE	2021	11	30	334	-3.8	2.3	4.14378651110216	-999.9	1	6.35416666666667	4.9745135017023	330
SUMMERSIDE	2021	12	1	335	-4.1	1.5	3.93687178009901	-999.9	0	4.00462962962964	4.06065084345488	330
SUMMERSIDE	2021	12	2	336	-6	8.7	6.32696718789544	-999.9	7.3	4.94212962962964	5.81723267884051	330
SUMMERSIDE	2021	12	3	337	-4.1	8.8	5.88126397638886	-999.9	16.7	8.00925925925925	6.3700358446679	330
SUMMERSIDE	2021	12	4	338	-7.4	-3.7	3.12664866466915	-999.9	0	6.55092592592592	2.74598111562908	330
SUMMERSIDE	2021	12	5	339	-8.8	-1.6	4.33126226335864	-999.9	0	3.88888888888889	2.85098567763352	330
SUMMERSIDE	2021	12	6	340	-8.8	13.1	7.50432889147242	-999.9	3.2	6.28472222222222	5.70569722098199	330
SUMMERSIDE	2021	12	7	341	-1.7	13.1	6.13108813601808	-999.9	4.9	8.28502415458936	5.42357848579348	330
SUMMERSIDE	2021	12	8	342	-5.8	-2.8	2.74449944205754	-999.9	1.3	3.63425925925925	2.78553664222309	330
SUMMERSIDE	2021	12	9	343	-9.1	-2.3	4.1099363992008	-999.9	2.3	6.88657407407408	3.22498245215788	330
SUMMERSIDE	2021	12	10	344	-10	-0.3	4.88461257826909	-999.9	0	3.73842592592592	3.1949849300062	330
SUMMERSIDE	2021	12	11	345	-1.6	12.2	5.80010496741231	-999.9	14	4.82638888888889	8.34173277726451	330
SUMMERSIDE	2021	12	12	346	1.1	12.8	5.31903025358366	-999.9	0.9	9.39814814814814	7.15957918804761	330
SUMMERSIDE	2021	12	13	347	0.9	5	3.1373886704439	-999.9	1.7	7.71990740740742	4.78345767993721	330
SUMMERSIDE	2021	12	14	348	-4.1	3.2	4.17321314037026	-999.9	0.7	9.50231481481481	4.17055432020672	330
SUMMERSIDE	2021	12	15	349	-6.1	-2.8	2.79831556953567	-999.9	0	6.42361111111111	2.84404869103123	330
SUMMERSIDE	2021	12	16	350	-3.6	5.8	4.71230910019861	-999.9	0	6.00694444444445	5.42728252562961	330
SUMMERSIDE	2021	12	17	351	0.8	7.6	4.00087874547328	-999.9	1.6	7.40740740740742	6.78235560118611	330
SUMMERSIDE	2021	12	18	352	-2.9	0.9	2.98693609396567	-999.9	0	7.04861111111111	3.30936655015691	330
SUMMERSIDE	2021	12	19	353	-4.7	-1.5	2.73870522016567	-999.9	0.7	3.29861111111111	3.86588222338523	330
SUMMERSIDE	2021	12	20	354	-9.8	-4	3.6857341256778	-999.9	0.2	4.05092592592592	2.86404836918963	330
SUMMERSIDE	2021	12	21	355	-7.3	1.8	4.61715259282062	-999.9	0	6.73611111111111	3.61802545888482	330
SUMMERSIDE	2021	12	22	356	-8.8	3.3	5.32713309479514	-999.9	3.4	4.28240740740742	4.08123901248634	330
SUMMERSIDE	2021	12	23	357	-12.5	1.9	5.81745376919198	-999.9	2.1	9.98842592592592	3.05716827911016	330
SUMMERSIDE	2021	12	24	358	-13.3	-8.2	3.4672928313771	-999.9	0	11.3078703703704	1.54251740891168	330
SUMMERSIDE	2021	12	25	359	-9.4	-3.4	3.76822495343597	-999.9	0	5.53240740740742	2.66996120221068	330
SUMMERSIDE	2021	12	26	360	-6.1	1.2	4.16657537991965	-999.9	0	2.93981481481481	4.50977007946787	330
SUMMERSIDE	2021	12	27	361	-3.1	0.7	3.01484948392308	-999.9	0	4.58333333333333	4.73249495221292	330
SUMMERSIDE	2021	12	28	362	-3.8	1.2	3.46986473010464	-999.9	0	1.74768518518519	5.02581126730012	330
SUMMERSIDE	2021	12	29	363	-3.2	2.1	3.58603788416363	-999.9	0.6	2.2337962962963	5.54956932580431	330
SUMMERSIDE	2021	12	30	364	-3.7	0.2	3.08924303342462	-999.9	0.2	1.65509259259259	5.04722837747345	330
SUMMERSIDE	2021	12	31	365	-1.8	1.4	2.81143811675765	-999.9	0	0.925925925925925	5.70868604589463	330
