SUMMERSIDE	2005	1	1	1	-2.5	6.1	4.63259908850411	-999.9	0	9.09722222222222	5.77099153529395	330
SUMMERSIDE	2005	1	2	2	-9.9	0	4.9980459710051	-999.9	1.2	6.18055555555556	2.9774816295077	330
SUMMERSIDE	2005	1	3	3	-9.9	2.5	5.62707432481211	-999.9	1	7.09490740740742	3.9650195214184	330
SUMMERSIDE	2005	1	4	4	-6.3	-4.2	2.33050052935228	-999.9	0	3.04398148148147	3.11410199988366	330
SUMMERSIDE	2005	1	5	5	-10.9	-9.7	1.77367036326595	-999.9	0	5.68287037037036	1.89431564066582	330
SUMMERSIDE	2005	1	6	6	-16.8	-5.7	5.43322491988005	-999.9	2.5	4.29398148148147	1.79380293316191	330
SUMMERSIDE	2005	1	7	7	-13	-4.5	4.79056541662135	-999.9	0.6	3.78472222222222	2.86418249818206	330
SUMMERSIDE	2005	1	8	8	-8.5	-3.7	3.6286253154257	-999.9	0.7	4.22453703703703	3.2075840407679	330
SUMMERSIDE	2005	1	9	9	-7	-5	2.36178032180785	-999.9	0	5.34722222222222	3.11931777200999	330
SUMMERSIDE	2005	1	10	10	-8.6	0.2	4.99715958907644	-999.9	0.7	5.71759259259258	3.89021144414645	330
SUMMERSIDE	2005	1	11	11	-10.7	-8.8	2.3429656367762	-999.9	0	9.94212962962964	1.92195377839916	330
SUMMERSIDE	2005	1	12	12	-14.6	-4.2	5.5329690148976	-999.9	0	3.68055555555556	2.2524281320093	330
SUMMERSIDE	2005	1	13	13	-11.2	9.3	7.84352762288972	-999.9	0.6	5.56712962962964	5.20654651210032	330
SUMMERSIDE	2005	1	14	14	-0.1	11.8	6.035824169078	-999.9	0	7.75462962962964	8.98779333649144	330
SUMMERSIDE	2005	1	15	15	-9.3	-8.2	1.85403883927335	-999.9	0	5.76388888888889	2.06974733424288	330
SUMMERSIDE	2005	1	16	16	-11	-5.1	4.33944040021101	-999.9	0	3.05555555555556	2.11349077214498	330
SUMMERSIDE	2005	1	17	17	-6.9	-4.8	2.61711905187683	-999.9	0	12.2800925925926	3.57670966827713	330
SUMMERSIDE	2005	1	18	18	-15.6	-14.8	1.63335579645518	-999.9	0	5.15046296296297	1.51853852541978	330
SUMMERSIDE	2005	1	19	19	-21	-7.3	6.83642252527754	-999.9	0	2.87037037037036	1.66157723357346	330
SUMMERSIDE	2005	1	20	20	-16.4	-0.9	7.35653100044372	-999.9	0.6	7.31884057971014	2.7877067869178	330
SUMMERSIDE	2005	1	21	21	-17.8	-16.7	1.9830923352274	-999.9	0	7.29166666666667	1.26335631538985	330
SUMMERSIDE	2005	1	22	22	-20.4	-14.6	4.60888325944891	-999.9	0	5.09259259259258	1.15774419281629	330
SUMMERSIDE	2005	1	23	23	-20.9	-7.8	7.01202123026165	-999.9	6.6	8.37962962962964	1.74812435079034	330
SUMMERSIDE	2005	1	24	24	-12.6	-10.4	2.90958170047432	-999.9	27.8	13.3333333333333	2.16225695406337	330
SUMMERSIDE	2005	1	25	25	-15.4	-12.8	3.20330566741247	-999.9	21.3	6.28472222222222	1.69248127691001	330
SUMMERSIDE	2005	1	26	26	-23.1	-16.4	5.20855879847176	-999.9	0	4.29398148148147	1.01591532992656	330
SUMMERSIDE	2005	1	27	27	-23.3	-15.6	5.65672594093691	-999.9	0	5.42824074074075	1.03312093323457	330
SUMMERSIDE	2005	1	28	28	-20.3	-14	5.18437057269395	-999.9	0	6.11111111111111	1.18736025520739	330
SUMMERSIDE	2005	1	29	29	-19.8	-9.5	6.71756759301347	-999.9	0	3.05555555555556	1.51268133769509	330
SUMMERSIDE	2005	1	30	30	-14.8	-5.2	6.57285091397432	-999.9	0	3.80787037037036	2.32944627894327	330
SUMMERSIDE	2005	1	31	31	-14	-10.5	4.02280923052884	-999.9	0	5.52083333333333	1.90098983896292	330
SUMMERSIDE	2005	2	1	32	-17.1	-5	7.58251729251449	-999.9	0	3.85416666666667	2.13908045047778	330
SUMMERSIDE	2005	2	2	33	-17	-3.1	8.23942904161862	-999.9	0	2.97453703703703	2.45741099475275	330
SUMMERSIDE	2005	2	3	34	-15	-2.9	7.79454556086095	-999.9	0	2.93981481481481	2.65108856041902	330
SUMMERSIDE	2005	2	4	35	-6.3	-2.2	4.60080319670038	-999.9	0	3.80787037037036	4.22947547613432	330
SUMMERSIDE	2005	2	5	36	-8.8	-2.2	5.91954648139879	-999.9	0	5.33564814814814	3.72304741605403	330
SUMMERSIDE	2005	2	6	37	-8.7	-3.8	5.17268916904145	-999.9	0	4.6875	3.34272842151669	330
SUMMERSIDE	2005	2	7	38	-15.5	1	9.62687726961226	-999.9	0	4.0625	2.89552206745326	330
SUMMERSIDE	2005	2	8	39	-4.5	4	7.00805508245798	-999.9	0	3.44907407407408	4.52381932328807	330
SUMMERSIDE	2005	2	9	40	-3.2	3.7	6.40431887389212	-999.9	0	2.32638888888889	5.67667914165817	330
SUMMERSIDE	2005	2	10	41	-3.1	4.9	6.99464945428399	-999.9	26.1	5.28935185185186	6.00197392180611	330
SUMMERSIDE	2005	2	11	42	-3.3	4.7	7.09491572275785	-999.9	0	5.64814814814814	5.95901970374062	330
SUMMERSIDE	2005	2	12	43	-6.5	-2.3	5.21451044659838	-999.9	0	7.93981481481481	3.50704445731708	330
SUMMERSIDE	2005	2	13	44	-10.2	-4.1	6.37444774084169	-999.9	0	3.71527777777778	2.84933174527909	330
SUMMERSIDE	2005	2	14	45	-13.5	-3.2	8.40202476857274	-999.9	0	2.87037037037036	2.61929133422886	330
SUMMERSIDE	2005	2	15	46	-10.1	3	9.61135430723019	-999.9	0	8.34490740740742	4.13798037066675	330
SUMMERSIDE	2005	2	16	47	0.3	5.9	6.37410917228967	-999.9	2.6	4.46759259259258	6.87356786144747	330
SUMMERSIDE	2005	2	17	48	-0.4	4.3	5.92299090388282	-999.9	0	6.63194444444445	6.20265338568167	330
SUMMERSIDE	2005	2	18	49	-6.7	-2.9	5.40179321510089	-999.9	0	6.45833333333333	2.89565715524073	330
SUMMERSIDE	2005	2	19	50	-14.4	-9.6	6.15751563401432	-999.9	0	4.14351851851853	1.5845322588097	330
SUMMERSIDE	2005	2	20	51	-14.1	-10.8	5.17800910731391	-999.9	0	5.60185185185186	1.60643560089204	330
SUMMERSIDE	2005	2	21	52	-17.7	-10.2	7.91657176346679	-999.9	0	2.99768518518519	1.51427404947228	330
SUMMERSIDE	2005	2	22	53	-14.2	-8.1	7.24018261502628	-999.9	0	3.125	1.9248059081761	330
SUMMERSIDE	2005	2	23	54	-9.8	-6.4	5.48122073870023	-999.9	0	2.60416666666667	2.82308938557088	330
SUMMERSIDE	2005	2	24	55	-15	-5.9	9.09253020434952	-999.9	0	2.98611111111111	2.22981775273082	330
SUMMERSIDE	2005	2	25	56	-16.5	-8.6	8.58963578121241	-999.9	0.8	5.59027777777778	2.06299912601118	330
SUMMERSIDE	2005	2	26	57	-11.1	-2.9	8.87225926513989	-999.9	0	8.46064814814814	2.54515168598036	330
SUMMERSIDE	2005	2	27	58	-10.1	-5.8	6.5132039437065	-999.9	0	10.6828703703704	2.03182076267285	330
SUMMERSIDE	2005	2	28	59	-10.3	-2.8	8.71945787528087	-999.9	0	5.65217391304347	2.03287096657301	330
SUMMERSIDE	2005	3	1	60	-6.7	2.8	9.94678170920754	-999.9	12.4	6.19949494949494	4.45785427323218	330
SUMMERSIDE	2005	3	2	61	-3.7	1.5	7.45841040138063	-999.9	6.8	3.1280193236715	5.33415203489049	330
SUMMERSIDE	2005	3	3	62	-8.4	-4.5	6.54577473561851	-999.9	0	7.05314009661836	2.94547604686024	330
SUMMERSIDE	2005	3	4	63	-13.1	-7.5	7.94814449272978	-999.9	0	5.84490740740742	2.0418334223246	330
SUMMERSIDE	2005	3	5	64	-11.1	-4.3	8.87414694245565	-999.9	0	6.31944444444445	2.31359939586034	330
SUMMERSIDE	2005	3	6	65	-11.7	-0.6	11.4865646479723	-999.9	0	4.49074074074075	2.65960754502809	330
SUMMERSIDE	2005	3	7	66	-9.9	2.2	12.1487807904063	-999.9	1.3	6.23842592592592	3.36718759844941	330
SUMMERSIDE	2005	3	8	67	-9.2	9.5	15.2976873574882	-999.9	14.6	9.18981481481481	5.70833025510801	330
SUMMERSIDE	2005	3	9	68	-1.9	0.5	5.55044829983445	-999.9	2.1	12.6967592592593	4.34756926044895	330
SUMMERSIDE	2005	3	10	69	-12.2	-4.4	10.1330138085699	-999.9	0	4.81481481481481	2.05346242277131	330
SUMMERSIDE	2005	3	11	70	-12.4	-2.4	11.6174456560784	-999.9	0	3.72685185185186	2.17990451155554	330
SUMMERSIDE	2005	3	12	71	-8.4	-3.2	8.48166505360993	-999.9	0	7.1875	2.75372595587958	330
SUMMERSIDE	2005	3	13	72	-6.2	-1.6	8.0756177263627	-999.9	0	9.20138888888889	3.53976555053394	330
SUMMERSIDE	2005	3	14	73	-4.2	0.7	8.4364557476814	-999.9	0.9	5.85648148148147	5.11552774324086	330
SUMMERSIDE	2005	3	15	74	-1.6	3.3	8.53831513332085	-999.9	0	6.05324074074075	5.74267991427015	330
SUMMERSIDE	2005	3	16	75	-4.1	2.5	10.0277736883717	-999.9	0.6	6.79398148148147	4.40034559995392	330
SUMMERSIDE	2005	3	17	76	-2.9	1.6	8.37804770445616	-999.9	0.6	5.08101851851853	4.60516699192328	330
SUMMERSIDE	2005	3	18	77	-1.6	-0.1	4.89363073899448	-999.9	2.2	4.73379629629631	5.6902526093748	330
SUMMERSIDE	2005	3	19	78	-1.8	1.9	7.77463173303405	-999.9	0.7	6.41203703703703	5.58978921994754	330
SUMMERSIDE	2005	3	20	79	-5.6	1.9	11.1955870699924	-999.9	0	5.79861111111111	3.79176236931751	330
SUMMERSIDE	2005	3	21	80	-2.1	1.6	7.95239184328123	-999.9	0	4.08564814814814	5.14184110030807	330
SUMMERSIDE	2005	3	22	81	-4.3	3	11.2948888219839	-999.9	0	2.62731481481481	4.84332338517315	330
SUMMERSIDE	2005	3	23	82	-5.2	2.8	11.9545077266087	-999.9	0	5.19675925925925	4.71609521723	330
SUMMERSIDE	2005	3	24	83	-7	-0.2	11.1416503220658	-999.9	0	2.7662037037037	4.17524180528412	330
SUMMERSIDE	2005	3	25	84	-4	3.7	11.9836926590331	-999.9	0	5.61342592592592	5.15419998404173	330
SUMMERSIDE	2005	3	26	85	-6.1	-1.6	9.25855838034363	-999.9	0	4.18981481481481	2.94533038224276	330
SUMMERSIDE	2005	3	27	86	-5.8	5.9	15.0856207243259	-999.9	0	5.76388888888889	3.93603591155753	330
SUMMERSIDE	2005	3	28	87	-2.9	7.4	14.3008916800807	-999.9	29	5.54398148148147	5.5704207820676	330
SUMMERSIDE	2005	3	29	88	2.4	7.9	10.5570121960234	-999.9	20.8	7.40740740740742	8.57260190151495	330
SUMMERSIDE	2005	3	30	89	-0.4	0.3	3.80421136420317	-999.9	0.8	13.5532407407407	5.51424798502141	330
SUMMERSIDE	2005	3	31	90	-2.3	-0.7	5.80860961165981	-999.9	0.7	11.7592592592593	4.75998092735778	330
SUMMERSIDE	2005	4	1	91	-2.9	5.5	13.4396809835853	-999.9	1	3.32175925925925	5.97223415562097	330
SUMMERSIDE	2005	4	2	92	0.2	6.9	12.1189307800355	-999.9	0	3.24074074074075	6.70055232304569	330
SUMMERSIDE	2005	4	3	93	2	8.7	12.2343897503839	-999.9	5.9	7.15277777777778	7.18385847095421	330
SUMMERSIDE	2005	4	4	94	6.7	10.7	9.54186592770759	-999.9	0.6	5.91435185185186	9.54974088608157	330
SUMMERSIDE	2005	4	5	95	2	7.9	11.6957512107586	-999.9	0	4.12037037037036	7.62537154179244	330
SUMMERSIDE	2005	4	6	96	1.8	13	16.2611159881547	-999.9	0.6	5.28935185185186	6.57867132021031	330
SUMMERSIDE	2005	4	7	97	-0.5	4.7	11.1795079864587	-999.9	7.4	2.73148148148148	4.81920203232056	330
SUMMERSIDE	2005	4	8	98	0.6	6.4	11.9111919169539	-999.9	0	4.28240740740742	6.96558048899908	330
SUMMERSIDE	2005	4	9	99	-0.9	6.2	13.2932511986587	-999.9	0	4.72222222222222	5.29039250424932	330
SUMMERSIDE	2005	4	10	100	0.1	10.5	16.2263269381256	-999.9	0	6.28472222222222	5.59470102711083	330
SUMMERSIDE	2005	4	11	101	-1.7	0.7	7.86052416446931	-999.9	0.7	7.85879629629631	5.14634836873557	330
SUMMERSIDE	2005	4	12	102	-1.8	5	13.3408538130342	-999.9	0	6.19212962962964	6.0677844825805	330
SUMMERSIDE	2005	4	13	103	-3.2	5.5	15.2129406770045	-999.9	0.7	5.60185185185186	5.59755820493798	330
SUMMERSIDE	2005	4	14	104	-0.8	2.1	8.8535648628706	-999.9	0.7	7.14120370370369	4.10271108271081	330
SUMMERSIDE	2005	4	15	105	-2.6	3.4	12.8351767120164	-999.9	0	5.15046296296297	3.30387627803276	330
SUMMERSIDE	2005	4	16	106	-2.7	14.3	21.7720512197926	-999.9	0.6	4.52546296296297	4.42236528082249	330
SUMMERSIDE	2005	4	17	107	0.4	17	21.6780089356983	-999.9	0	4.73379629629631	6.56574102320541	330
SUMMERSIDE	2005	4	18	108	4.1	11.3	14.3834828631001	-999.9	2.3	6.35416666666667	5.72105335861542	330
SUMMERSIDE	2005	4	19	109	-2	11.2	19.6182136915842	-999.9	0	4.29398148148147	4.48325425597611	330
SUMMERSIDE	2005	4	20	110	6.3	15.1	16.13358769762	-999.9	0	5.28935185185186	8.41907769382629	330
SUMMERSIDE	2005	4	21	111	-0.5	6	13.9638793659103	-999.9	0	4.01620370370369	5.27181380028908	330
SUMMERSIDE	2005	4	22	112	-0.8	11.4	19.2633591792645	-999.9	0	6.64351851851853	4.26404928382065	330
SUMMERSIDE	2005	4	23	113	1.3	9.7	16.0930216238966	-999.9	0	3.13657407407408	6.55741262444465	330
SUMMERSIDE	2005	4	24	114	6	18.6	19.8414069364836	-999.9	0	5.40509259259258	11.8849642306221	330
SUMMERSIDE	2005	4	25	115	9.2	13.4	11.5304093207065	-999.9	18.6	6.40046296296297	12.509257429847	330
SUMMERSIDE	2005	4	26	116	2.7	13.6	18.6943392808092	-999.9	0	3.58796296296297	8.60805120395942	330
SUMMERSIDE	2005	4	27	117	1.2	6	12.4835598016316	-999.9	0	4.40972222222222	7.19027170270533	330
SUMMERSIDE	2005	4	28	118	1	7.4	14.5035126143175	-999.9	7.1	6.22685185185186	6.49242284266212	330
SUMMERSIDE	2005	4	29	119	3.4	12.4	17.3027263303508	-999.9	1.3	7.98611111111111	8.27812026155275	330
SUMMERSIDE	2005	4	30	120	3.6	13	17.78739062457	-999.9	7.2	6.14583333333333	8.23155105817687	330
SUMMERSIDE	2005	5	1	121	8.1	12.2	11.815184311936	-999.9	5.3	9.17824074074075	11.1728774066885	330
SUMMERSIDE	2005	5	2	122	6.1	14.9	17.4074700976651	-999.9	0	6.66666666666667	8.67408939096744	330
SUMMERSIDE	2005	5	3	123	4.4	13.1	17.4038550475578	-999.9	0	5.53240740740742	8.26407245505771	330
SUMMERSIDE	2005	5	4	124	3.4	14	19.314181150729	-999.9	0	3.33333333333333	7.90242234979347	330
SUMMERSIDE	2005	5	5	125	4.8	13.8	17.8907460870174	-999.9	0	3.10185185185186	7.02342724315995	330
SUMMERSIDE	2005	5	6	126	4.4	17.9	22.0244193980778	-999.9	0.6	3.00925925925925	6.93395052191731	330
SUMMERSIDE	2005	5	7	127	6.8	14.4	16.6081625538677	-999.9	34.7	4.14351851851853	8.48080492003989	330
SUMMERSIDE	2005	5	8	128	4.3	6.9	9.76170661159748	-999.9	11.7	6.80555555555556	7.60782624585889	330
SUMMERSIDE	2005	5	9	129	4.2	6.4	9.02239922424544	-999.9	0	4.94212962962964	8.22245867142337	330
SUMMERSIDE	2005	5	10	130	2.8	9.2	15.460370585199	-999.9	0.6	4.36342592592592	8.59631898792598	330
SUMMERSIDE	2005	5	11	131	4.2	13.3	18.5190056057998	-999.9	0	2.52314814814815	10.339567716133	330
SUMMERSIDE	2005	5	12	132	3.6	8.5	13.6492927541139	-999.9	1.4	8.75	6.66630865543228	330
SUMMERSIDE	2005	5	13	133	-1.1	4	13.9849419628973	-999.9	0	9.02777777777778	3.57076766937247	330
SUMMERSIDE	2005	5	14	134	-0.3	8.4	18.3420235238165	-999.9	0	7.11805555555556	5.37764033673052	330
SUMMERSIDE	2005	5	15	135	3.7	8.2	13.2450840064074	-999.9	0	5.15046296296297	8.14243960576876	330
SUMMERSIDE	2005	5	16	136	3.2	6.3	11.0366984553338	-999.9	5.1	3.22916666666667	7.85445330846459	330
SUMMERSIDE	2005	5	17	137	3.8	10.4	16.1655103476872	-999.9	0	2.36111111111111	9.07015103720512	330
SUMMERSIDE	2005	5	18	138	2.7	11.4	18.6288339110887	-999.9	0	3.37962962962964	8.68607298025506	330
SUMMERSIDE	2005	5	19	139	3.7	7.7	12.6769364896996	-999.9	13.2	5.60185185185186	8.76831474226642	330
SUMMERSIDE	2005	5	20	140	4	5.9	8.76736894264312	-999.9	0	8.66898148148147	8.38827372093778	330
SUMMERSIDE	2005	5	21	141	3.7	6.8	11.2365135984123	-999.9	3.8	5.53240740740742	8.37527861953233	330
SUMMERSIDE	2005	5	22	142	4	8.9	14.1728539402621	-999.9	10.4	5.41666666666667	8.95893402953773	330
SUMMERSIDE	2005	5	23	143	5.3	10.8	15.0625889829949	-999.9	0.7	6.08796296296297	8.72145133776505	330
SUMMERSIDE	2005	5	24	144	4.7	9.8	14.5483263048116	-999.9	0	5.19675925925925	8.02285851799808	330
SUMMERSIDE	2005	5	25	145	3.9	10.9	17.0937544510163	-999.9	0	4.51388888888889	7.48340018546517	330
SUMMERSIDE	2005	5	26	146	5.2	9.3	13.1187322018315	-999.9	2.2	5.54398148148147	8.10415681764713	330
SUMMERSIDE	2005	5	27	147	6.9	12.1	14.8137248094937	-999.9	0.6	5.26620370370369	11.0380580683246	330
SUMMERSIDE	2005	5	28	148	5.4	9.6	13.3475400016933	-999.9	0	3.17129629629631	9.83375929654514	330
SUMMERSIDE	2005	5	29	149	6.2	12.4	16.256905810852	-999.9	0.7	2.43055555555556	11.1355385181154	330
SUMMERSIDE	2005	5	30	150	4.9	15.6	21.406763508909	-999.9	0	2.85879629629631	9.95321507781919	330
SUMMERSIDE	2005	5	31	151	8.4	21.3	23.5571535354152	-999.9	0	2.40740740740741	12.1063216401309	330
SUMMERSIDE	2005	6	1	152	9.7	25.5	26.1262588620186	-999.9	0	4.47916666666667	11.4336932214523	330
SUMMERSIDE	2005	6	2	153	14.4	27.7	24.0185753239802	-999.9	0	7.26851851851853	14.4887669303038	330
SUMMERSIDE	2005	6	3	154	9.7	23.9	24.8651149983753	-999.9	0	7.54629629629631	13.6625734921495	330
SUMMERSIDE	2005	6	4	155	11	17.9	17.363927852572	-999.9	0	4.31712962962964	10.844589226838	330
SUMMERSIDE	2005	6	5	156	9.3	12.7	12.2093451642629	-999.9	0	3.75	8.80296813389609	330
SUMMERSIDE	2005	6	6	157	3.5	16.6	24.0032753674771	-999.9	5	4.94212962962964	7.56613733241959	330
SUMMERSIDE	2005	6	7	158	9.2	17.9	19.5897543209017	-999.9	6.4	9.6875	13.4548780685749	330
SUMMERSIDE	2005	6	8	159	12.6	18.8	16.5596959751282	-999.9	0	4.42129629629631	13.6400851459515	330
SUMMERSIDE	2005	6	9	160	10.3	23.5	24.1926456297298	-999.9	0	2.77777777777778	11.8727806718357	330
SUMMERSIDE	2005	6	10	161	14.2	25.4	22.309924770102	-999.9	1.3	6.42361111111111	17.7388786189812	330
SUMMERSIDE	2005	6	11	162	10.2	15.4	15.2172560561956	-999.9	0	4.25925925925925	11.9722834942666	330
SUMMERSIDE	2005	6	12	163	9.4	20.9	22.6507263562207	-999.9	4.6	4.75694444444445	14.8787276126878	330
SUMMERSIDE	2005	6	13	164	11	14.3	12.1434401693892	-999.9	17.7	3.65740740740742	13.7924649330098	330
SUMMERSIDE	2005	6	14	165	10	18.2	19.1556248630359	-999.9	0	4.59490740740742	11.5837227064579	330
SUMMERSIDE	2005	6	15	166	8.2	19.1	22.0983783052864	-999.9	2.5	3.37962962962964	10.5915177031717	330
SUMMERSIDE	2005	6	16	167	9.5	12.8	12.1650825007512	-999.9	22.8	4.03935185185186	11.5250493827374	330
SUMMERSIDE	2005	6	17	168	8.9	13.2	13.8917342942056	-999.9	5	5.41666666666667	12.123246305612	330
SUMMERSIDE	2005	6	18	169	9.3	11.2	9.23669169193803	-999.9	0.6	4.21296296296297	11.9868366945616	330
SUMMERSIDE	2005	6	19	170	9.1	12.9	13.0647811835726	-999.9	0	5.96064814814814	11.3675259121428	330
SUMMERSIDE	2005	6	20	171	5.4	23.4	28.4361374266384	-999.9	0.6	5.64814814814814	11.7286300503554	330
SUMMERSIDE	2005	6	21	172	11.8	23.1	22.5294671881198	-999.9	4.8	7.71990740740742	14.6665407358741	330
SUMMERSIDE	2005	6	22	173	12.9	16.4	12.536503425331	-999.9	1.3	3.78472222222222	13.4765765119466	330
SUMMERSIDE	2005	6	23	174	8.4	19.6	22.4199935053441	-999.9	0	3.87731481481481	10.432173621895	330
SUMMERSIDE	2005	6	24	175	11.6	23	22.610821487666	-999.9	11.3	5.76388888888889	13.5983817068154	330
SUMMERSIDE	2005	6	25	176	13.6	28.7	26.0101712167642	-999.9	0.7	4.30555555555556	18.791260277315	330
SUMMERSIDE	2005	6	26	177	16.6	19.9	12.1522278532007	-999.9	0	4.16666666666667	16.506195455872	330
SUMMERSIDE	2005	6	27	178	14.6	26.1	22.6696814703341	-999.9	0	3.86574074074075	15.3315199401244	330
SUMMERSIDE	2005	6	28	179	15.8	25	20.2600881072256	-999.9	0	8.19444444444445	19.6331694197277	330
SUMMERSIDE	2005	6	29	180	17.9	26.5	19.5704538128206	-999.9	9.3	6.63194444444445	22.8085133246213	330
SUMMERSIDE	2005	6	30	181	13.1	18.9	16.0554778575221	-999.9	0	3.75	13.234967274176	330
SUMMERSIDE	2005	7	1	182	11.8	22.1	21.3716820687786	-999.9	10	5.3125	16.3255661835303	330
SUMMERSIDE	2005	7	2	183	18	22	13.3019157473889	-999.9	3.1	7.31481481481481	20.5034908095158	330
SUMMERSIDE	2005	7	3	184	13.5	21.6	18.9035784085608	-999.9	0.6	3.54166666666667	12.6376830083947	330
SUMMERSIDE	2005	7	4	185	14.2	26.8	23.5427542732786	-999.9	0	4.71064814814814	15.1439283323236	330
SUMMERSIDE	2005	7	5	186	13.8	23.5	20.6244067174816	-999.9	2.6	6.55092592592592	13.9207756497835	330
SUMMERSIDE	2005	7	6	187	14.5	16	8.09688344108346	-999.9	6.1	5.74074074074075	14.683731034495	330
SUMMERSIDE	2005	7	7	188	13.9	17.9	13.1987229379394	-999.9	0	5.49768518518519	13.3169301505715	330
SUMMERSIDE	2005	7	8	189	9.2	23.2	24.6461180197398	-999.9	0	2.87037037037036	14.0367415420585	330
SUMMERSIDE	2005	7	9	190	15.1	22.9	18.3597706973335	-999.9	4.6	3.42592592592592	17.5210774029669	330
SUMMERSIDE	2005	7	10	191	15.6	21.4	15.7987297414605	-999.9	0.6	3.09027777777778	17.9974683482915	330
SUMMERSIDE	2005	7	11	192	17	18.5	8.0166830641691	-999.9	0	5.12731481481481	18.1099338827614	330
SUMMERSIDE	2005	7	12	193	14.7	16.8	9.46350990557882	-999.9	0	6.58564814814814	15.4323643029036	330
SUMMERSIDE	2005	7	13	194	13.5	19.2	15.5534246220402	-999.9	0	2.31481481481481	16.659097149315	330
SUMMERSIDE	2005	7	14	195	13.7	19.9	16.1801612700488	-999.9	5.8	6.50462962962964	17.1842678896573	330
SUMMERSIDE	2005	7	15	196	16.6	23.3	16.7754849632083	-999.9	0	3.94675925925925	18.4785754480798	330
SUMMERSIDE	2005	7	16	197	13.5	17.9	13.5571020537288	-999.9	0	4.13194444444444	14.6026513296647	330
SUMMERSIDE	2005	7	17	198	13.1	27.9	24.7928393931298	-999.9	0.6	4.07407407407408	18.8668527524618	330
SUMMERSIDE	2005	7	18	199	17.2	27.6	20.7213891951404	-999.9	0	5.83333333333333	22.0450019047699	330
SUMMERSIDE	2005	7	19	200	20.8	25.9	14.4659128220648	-999.9	0	6.49305555555556	25.5166358899192	330
SUMMERSIDE	2005	7	20	201	19.5	27	17.486446691588	-999.9	0.6	3.69212962962964	23.8788939471268	330
SUMMERSIDE	2005	7	21	202	18.4	25.4	16.8376551394743	-999.9	0	1.95601851851852	19.7345995048197	330
SUMMERSIDE	2005	7	22	203	17.3	28.8	21.5077252045905	-999.9	7.9	3.56481481481481	21.6408382568664	330
SUMMERSIDE	2005	7	23	204	16.9	19.7	10.575202538587	-999.9	2	4.40972222222222	17.8787788733113	330
SUMMERSIDE	2005	7	24	205	13.9	22.4	18.3583751533128	-999.9	2.8	4.02777777777778	15.1788108663882	330
SUMMERSIDE	2005	7	25	206	12.3	20.2	17.6321075327638	-999.9	1.4	3.86574074074075	15.0026440813196	330
SUMMERSIDE	2005	7	26	207	14.3	27.5	22.7035708206684	-999.9	0.6	3.81944444444444	20.1750679631853	330
SUMMERSIDE	2005	7	27	208	19.8	22.9	10.958598192069	-999.9	16	6.26157407407408	22.3286792038274	330
SUMMERSIDE	2005	7	28	209	15.6	25.6	19.6015920278471	-999.9	0	3.91975308641975	22.2929864134714	330
SUMMERSIDE	2005	7	29	210	14.4	23.4	18.5173921969145	-999.9	0	3.98148148148147	17.345038636428	330
SUMMERSIDE	2005	7	30	211	10.7	23.3	21.815285234505	-999.9	0	3.49537037037036	13.6262545950915	330
SUMMERSIDE	2005	7	31	212	11.3	19	16.9780440283641	-999.9	0	3.13657407407408	11.2150486910595	330
SUMMERSIDE	2005	8	1	213	11.3	19	16.9006623421802	-999.9	9.8	4.38657407407408	14.5390966278425	330
SUMMERSIDE	2005	8	2	214	14.7	22	16.37891165145	-999.9	3.6	4.23611111111111	19.0094783732764	330
SUMMERSIDE	2005	8	3	215	14	19.9	14.6542574026474	-999.9	0	3.59953703703703	17.1442763049486	330
SUMMERSIDE	2005	8	4	216	14.1	20.3	14.9484641912454	-999.9	0	3.94675925925925	16.0164871753765	330
SUMMERSIDE	2005	8	5	217	12.4	22.3	18.7944549525743	-999.9	0	6.19212962962964	16.4281853781042	330
SUMMERSIDE	2005	8	6	218	16.1	24	16.7026484311825	-999.9	0	3.90046296296297	17.3432642411786	330
SUMMERSIDE	2005	8	7	219	12.7	26.1	21.6387344132049	-999.9	0	3.93518518518519	16.1160469675068	330
SUMMERSIDE	2005	8	8	220	16.1	27.4	19.7639663177463	-999.9	0	4.29398148148147	19.0681197136127	330
SUMMERSIDE	2005	8	9	221	16.2	27.3	19.4804647993319	-999.9	0	6.40046296296297	21.4721233451284	330
SUMMERSIDE	2005	8	10	222	18.2	26.4	16.6492609853145	-999.9	0	8.24074074074075	22.497140443753	330
SUMMERSIDE	2005	8	11	223	18.8	26.6	16.144796042839	-999.9	0	5.70601851851853	23.1082109242962	330
SUMMERSIDE	2005	8	12	224	12.9	24.9	19.9076445159012	-999.9	0	3.19444444444444	14.0228059903003	330
SUMMERSIDE	2005	8	13	225	15.6	22.7	15.2212014846312	-999.9	0	5.85648148148147	18.6810689524674	330
SUMMERSIDE	2005	8	14	226	17.5	26.1	16.6496747638696	-999.9	0	2.46527777777778	21.5267597912992	330
SUMMERSIDE	2005	8	15	227	15.2	22.6	15.3481193410078	-999.9	0	1.77083333333333	17.8596649583304	330
SUMMERSIDE	2005	8	16	228	10.5	24.6	21.0512264411296	-999.9	0	3.63425925925925	15.2224722712709	330
SUMMERSIDE	2005	8	17	229	14.6	23.6	16.7094883375823	-999.9	0	4.64120370370369	17.1867155509931	330
SUMMERSIDE	2005	8	18	230	12.9	21.8	16.5065463360173	-999.9	0	3.92361111111111	13.3936268441933	330
SUMMERSIDE	2005	8	19	231	9.5	22	19.4303469326697	-999.9	0	3.51851851851853	11.6775311391801	330
SUMMERSIDE	2005	8	20	232	9.4	22	19.3740287111877	-999.9	0.7	3.75	13.1401476706896	330
SUMMERSIDE	2005	8	21	233	17.8	24.1	13.6037488213018	-999.9	0	5.87962962962964	21.9017926697354	330
SUMMERSIDE	2005	8	22	234	17.4	28.5	17.9286585935315	-999.9	0	3.92361111111111	21.7218988867563	330
SUMMERSIDE	2005	8	23	235	14.4	23.6	16.204002031983	-999.9	0	3.02083333333333	19.3320177221613	330
SUMMERSIDE	2005	8	24	236	15.6	17.2	6.70771040956174	-999.9	2.5	5.05787037037036	16.7371257073915	330
SUMMERSIDE	2005	8	25	237	13.7	17.4	10.1238283305779	-999.9	0.7	4.66435185185186	16.1331010537477	330
SUMMERSIDE	2005	8	26	238	10.7	25.3	19.956914194739	-999.9	0	2.37268518518519	16.4052568683456	330
SUMMERSIDE	2005	8	27	239	9.7	27.5	21.8646875389102	-999.9	0	2.88194444444444	15.8332668664318	330
SUMMERSIDE	2005	8	28	240	14.5	25.8	17.28350750566	-999.9	0	5.83333333333333	18.163962729912	330
SUMMERSIDE	2005	8	29	241	17.6	26.5	15.2156303983791	-999.9	0	4.375	22.1469382128632	330
SUMMERSIDE	2005	8	30	242	19.3	22.3	8.76194648392905	-999.9	6	4.20138888888889	22.1993166632424	330
SUMMERSIDE	2005	8	31	243	18.9	22.8	9.90740413046868	-999.9	5.8	4.78835978835978	23.6363101274778	330
SUMMERSIDE	2005	9	1	244	20.4	24.3	9.82403566414795	-999.9	20.7	7.01690821256039	24.8366624790522	330
SUMMERSIDE	2005	9	2	245	16.2	25.7	15.2016875777455	-999.9	0	4.91898148148147	19.9873366834022	330
SUMMERSIDE	2005	9	3	246	16.5	24.1	13.4788047223542	-999.9	0	5.01157407407408	17.6487558215864	330
SUMMERSIDE	2005	9	4	247	12.3	21.9	15.0153999845984	-999.9	0	2.75462962962963	14.5204630825133	330
SUMMERSIDE	2005	9	5	248	9.6	20.2	15.6369831336539	-999.9	0	3.10185185185186	12.8434747142372	330
SUMMERSIDE	2005	9	6	249	9.1	23.4	17.997359173456	-999.9	0	3.29861111111111	13.6148025874921	330
SUMMERSIDE	2005	9	7	250	13.6	25.9	16.5377337648494	-999.9	0	4.6875	17.8451573035176	330
SUMMERSIDE	2005	9	8	251	15.7	26.9	15.6335300612512	-999.9	0	4.10879629629631	20.0938457362424	330
SUMMERSIDE	2005	9	9	252	14.2	18.3	9.36928608931255	-999.9	3.1	3.32175925925925	16.2664327041905	330
SUMMERSIDE	2005	9	10	253	11.4	18.1	11.8620693111046	-999.9	4.6	5.28935185185186	13.9018330089635	330
SUMMERSIDE	2005	9	11	254	9	18.6	14.0607717830535	-999.9	9.6	5.45138888888889	10.2117392741339	330
SUMMERSIDE	2005	9	12	255	12.8	20.2	12.2231169246324	-999.9	0	9.28240740740742	14.1819487834748	330
SUMMERSIDE	2005	9	13	256	12.5	18.5	10.8962352613997	-999.9	0	3.13657407407408	13.2011833531829	330
SUMMERSIDE	2005	9	14	257	12.4	22.6	14.062999985574	-999.9	0	6.60879629629631	15.8629556390287	330
SUMMERSIDE	2005	9	15	258	17.7	23.4	10.4048260166695	-999.9	5	5	21.9376792529653	330
SUMMERSIDE	2005	9	16	259	15.4	21.6	10.738791006051	-999.9	0	3.71527777777778	17.9974683482915	330
SUMMERSIDE	2005	9	17	260	14.5	16.4	5.88222132651648	-999.9	33.8	4.93055555555556	16.3467778240585	330
SUMMERSIDE	2005	9	18	261	14.2	17	7.06466718134949	-999.9	2.5	5.35879629629631	17.2081468500682	330
SUMMERSIDE	2005	9	19	262	13.6	19.9	10.4827323270365	-999.9	0	3.09027777777778	17.0802178279128	330
SUMMERSIDE	2005	9	20	263	9.2	18.4	12.5294897911917	-999.9	23.1	3.13657407407408	12.9841571766137	330
SUMMERSIDE	2005	9	21	264	14.2	18.3	8.27200392019875	-999.9	0	7.02546296296297	14.5529524241018	330
SUMMERSIDE	2005	9	22	265	12.6	18.7	9.97717355530721	-999.9	0	6.06481481481481	12.7148277290488	330
SUMMERSIDE	2005	9	23	266	15.8	17.4	5.05209281145783	-999.9	0	5.87962962962964	16.9277821533712	330
SUMMERSIDE	2005	9	24	267	8.8	14.8	9.67166101836849	-999.9	0	6.12268518518519	9.87264482634785	330
SUMMERSIDE	2005	9	25	268	4.7	17.3	13.8538583290917	-999.9	1.3	4.81481481481481	9.4125311175907	330
SUMMERSIDE	2005	9	26	269	12.4	18.6	9.60478896567564	-999.9	14.5	8.40277777777778	15.8753069900162	330
SUMMERSIDE	2005	9	27	270	10.4	13.5	6.71160582059789	-999.9	1.3	6.19212962962964	12.7262158276457	330
SUMMERSIDE	2005	9	28	271	7.2	17.6	12.1468492619094	-999.9	0	3.28703703703703	11.3067559491922	330
SUMMERSIDE	2005	9	29	272	9.5	19.7	11.8849378600557	-999.9	6.6	9.32870370370369	12.8336790576024	330
SUMMERSIDE	2005	9	30	273	7.6	12.7	8.30196736824086	-999.9	0	5.54398148148147	9.54328251931964	330
SUMMERSIDE	2005	10	1	274	4.1	16.9	12.9912246442557	-999.9	0	5.35879629629631	9.32212301356268	330
SUMMERSIDE	2005	10	2	275	11.5	19.1	9.88671523735325	-999.9	0	4.22453703703703	12.901901364633	330
SUMMERSIDE	2005	10	3	276	6.6	22.5	14.121986672606	-999.9	0	3.76157407407408	13.3828993422993	330
SUMMERSIDE	2005	10	4	277	13.4	20.1	9.05189532108919	-999.9	0	7.44212962962964	15.8236132360748	330
SUMMERSIDE	2005	10	5	278	13.5	18.8	7.94875081391553	-999.9	0	4.23611111111111	16.371062446144	330
SUMMERSIDE	2005	10	6	279	12	17.3	7.84716475391399	-999.9	1	2.74305555555556	15.9395853033304	330
SUMMERSIDE	2005	10	7	280	14.4	20.4	8.24177209596951	-999.9	26.8	8.09178743961353	18.5044812945765	330
SUMMERSIDE	2005	10	8	281	9.4	11.1	4.33009161546359	-999.9	57.2	7.89351851851853	11.9868366945616	330
SUMMERSIDE	2005	10	9	282	8.8	12.4	6.21885398266442	-999.9	0.6	7.26851851851853	12.063490478947	330
SUMMERSIDE	2005	10	10	283	11	13.6	5.21545862702741	-999.9	10.6	5.28935185185186	13.7281510297316	330
SUMMERSIDE	2005	10	11	284	9.3	10.7	3.7764025342521	-999.9	0	6.94444444444445	10.6493096955723	330
SUMMERSIDE	2005	10	12	285	8.5	11.9	5.80664686333391	-999.9	0	5.70601851851853	9.44956779736233	330
SUMMERSIDE	2005	10	13	286	1	13.2	10.8518168850105	-999.9	0	1.8287037037037	8.75360318807046	330
SUMMERSIDE	2005	10	14	287	3.6	14.5	10.1190321913466	-999.9	0	1.9212962962963	10.1547005024108	330
SUMMERSIDE	2005	10	15	288	7.9	15.4	8.27995435146721	-999.9	9.7	6.06481481481481	12.3041383455323	330
SUMMERSIDE	2005	10	16	289	11.3	14	4.90028171717671	-999.9	1.5	10.4166666666667	12.7173284682986	330
SUMMERSIDE	2005	10	17	290	7.8	11.6	5.73383324420061	-999.9	7	5.89120370370369	10.9809693213957	330
SUMMERSIDE	2005	10	18	291	8.3	13	6.28913004151073	-999.9	0	5.57870370370369	10.5776775373201	330
SUMMERSIDE	2005	10	19	292	7.2	12.6	6.64818886088183	-999.9	2.4	4.81481481481481	9.77194187901261	330
SUMMERSIDE	2005	10	20	293	7.7	9.3	3.56869930546961	-999.9	0	8.03240740740742	8.55759291644061	330
SUMMERSIDE	2005	10	21	294	4.7	10.6	6.75772435599369	-999.9	0	6.03009259259258	7.83181862543741	330
SUMMERSIDE	2005	10	22	295	3.6	10.7	7.30990238704181	-999.9	0	3.73842592592592	8.57581377148433	330
SUMMERSIDE	2005	10	23	296	5.2	8.4	4.83895170472836	-999.9	18	7.83564814814814	8.74058430230752	330
SUMMERSIDE	2005	10	24	297	6.4	8.5	3.86516844449159	-999.9	0	7.92824074074075	8.63219276582482	330
SUMMERSIDE	2005	10	25	298	5.7	8.3	4.24052122318494	-999.9	25.6	8.02083333333333	8.73988443037428	330
SUMMERSIDE	2005	10	26	299	6.6	10.3	4.98771185329607	-999.9	9.3	9.54861111111111	10.6052860668206	330
SUMMERSIDE	2005	10	27	300	4.6	8.3	4.91774890348839	-999.9	0.6	5.72916666666667	9.07233825775972	330
SUMMERSIDE	2005	10	28	301	2.6	8	5.85770457504602	-999.9	0.6	3.22916666666667	7.61117887898754	330
SUMMERSIDE	2005	10	29	302	-0.3	6.8	6.62259348439535	-999.9	0.7	2.26851851851852	6.7933524084013	330
SUMMERSIDE	2005	10	30	303	-2.1	10.4	8.66420568001361	-999.9	0.8	2.17592592592593	7.19654525622037	330
SUMMERSIDE	2005	10	31	304	4.1	12.6	7.04478703727947	-999.9	0	3.49537037037036	9.29761700223731	330
SUMMERSIDE	2005	11	1	305	8.6	14.9	5.98035039529585	-999.9	0	5.60185185185186	10.6311882118326	330
SUMMERSIDE	2005	11	2	306	8.1	11.1	4.0694131459883	-999.9	1.4	6.97916666666667	9.28209380301863	330
SUMMERSIDE	2005	11	3	307	2.2	6.8	4.96918755345036	-999.9	7.8	7.29166666666667	6.02058355534843	330
SUMMERSIDE	2005	11	4	308	2.4	4.9	3.61273476926255	-999.9	0	4.21296296296297	6.6279921339803	330
SUMMERSIDE	2005	11	5	309	0.8	9.6	6.68490390535368	-999.9	0	2.7662037037037	8.09881388623261	330
SUMMERSIDE	2005	11	6	310	5	11.7	5.75322185597204	-999.9	1.9	6.73611111111111	10.0032397211571	330
SUMMERSIDE	2005	11	7	311	5.5	13.5	6.20118664291307	-999.9	0	9.03935185185186	9.5328683317349	330
SUMMERSIDE	2005	11	8	312	2.3	5.2	3.6831997116161	-999.9	2.4	9.23611111111111	4.76534863213229	330
SUMMERSIDE	2005	11	9	313	1.1	7.3	5.313286164354	-999.9	9.9	5.33564814814814	7.13441680796523	330
SUMMERSIDE	2005	11	10	314	1.1	13	7.26324884343073	-999.9	24.6	7.09490740740742	9.48799419806287	330
SUMMERSIDE	2005	11	11	315	2.4	3.8	2.45847032549007	-999.9	0	4.57175925925925	5.91855076545639	330
SUMMERSIDE	2005	11	12	316	-0.4	1.8	3.04168164201269	-999.9	0.6	3.39120370370369	4.77528667004045	330
SUMMERSIDE	2005	11	13	317	-3.1	7.5	6.590515245781	-999.9	0	3.24074074074075	5.74656182159628	330
SUMMERSIDE	2005	11	14	318	3.5	12.1	5.86066524191928	-999.9	0	7.33796296296297	8.66908260238029	330
SUMMERSIDE	2005	11	15	319	1	3.8	3.30202180100922	-999.9	7	3.21759259259258	5.75612971841651	330
SUMMERSIDE	2005	11	16	320	-0.1	15.3	7.64788404894137	-999.9	18.3	5.82175925925925	10.2374590285385	330
SUMMERSIDE	2005	11	17	321	5.6	10.5	4.26128549433818	-999.9	7	5.63657407407408	10.0680795754096	330
SUMMERSIDE	2005	11	18	322	0.2	1.1	1.80431373294995	-999.9	0	4.25925925925925	4.79411878648568	330
SUMMERSIDE	2005	11	19	323	-5.1	2.6	5.21525885100747	-999.9	0	3.06712962962964	3.97227470825942	330
SUMMERSIDE	2005	11	20	324	-3.6	5	5.44773425704179	-999.9	0	5.37037037037036	4.73224183245136	330
SUMMERSIDE	2005	11	21	325	2	7.9	4.46098079217047	-999.9	1.4	5.34722222222222	7.24209532738928	330
SUMMERSIDE	2005	11	22	326	5	14.1	5.47859492846799	-999.9	24.3	9.16666666666667	11.0224863910846	330
SUMMERSIDE	2005	11	23	327	5.3	7.4	2.60323751076797	-999.9	10	6.96759259259258	8.42679310321503	330
SUMMERSIDE	2005	11	24	328	-0.5	9.8	5.70420230753795	-999.9	10.5	7.54629629629631	7.21710740212	330
SUMMERSIDE	2005	11	25	329	-0.2	8.6	5.21808684624016	-999.9	0	8.61111111111111	5.66059195213497	330
SUMMERSIDE	2005	11	26	330	-5.3	1.6	4.57419448343725	-999.9	0.6	2.96296296296297	3.72278077691796	330
SUMMERSIDE	2005	11	27	331	-3.5	1.4	3.81715330308444	-999.9	0	4.39814814814814	4.92545075074596	330
SUMMERSIDE	2005	11	28	332	-5.9	4.1	5.40168520628905	-999.9	0.7	2.11805555555556	4.741877174479	330
SUMMERSIDE	2005	11	29	333	1.2	8.7	4.63541509033341	-999.9	0	5.99537037037036	7.28589832332107	330
SUMMERSIDE	2005	11	30	334	5.2	10.1	3.71390247192679	-999.9	0	7.21064814814814	9.69193051682428	330
SUMMERSIDE	2005	12	1	335	5.5	9	3.1123704202886	-999.9	9.6	5.3125	9.76007481576193	330
SUMMERSIDE	2005	12	2	336	4.3	9.7	3.83472120249055	-999.9	1.4	6.36574074074075	9.32673518349293	330
SUMMERSIDE	2005	12	3	337	0.2	2.8	2.64035602919834	-999.9	0	6.71296296296297	5.42597098362745	330
SUMMERSIDE	2005	12	4	338	-4.2	-0.8	2.99721349715	-999.9	0	7.89351851851853	3.13756921185778	330
SUMMERSIDE	2005	12	5	339	-3.9	-0.5	2.97637530067992	-999.9	0	8.99305555555556	2.8946585041805	330
SUMMERSIDE	2005	12	6	340	-8.3	-3.5	3.51326104957999	-999.9	0	4.39814814814814	2.6025919659952	330
SUMMERSIDE	2005	12	7	341	-6.9	-3.9	2.7603701915228	-999.9	0	7.31481481481481	2.48784265686203	330
SUMMERSIDE	2005	12	8	342	-7.6	-2.8	3.47154770958526	-999.9	0.6	5.08101851851853	2.8579393012375	330
SUMMERSIDE	2005	12	9	343	-10.8	-0.3	5.10711096899523	-999.9	3.5	4.32870370370369	3.40814936307939	330
SUMMERSIDE	2005	12	10	344	-5	1.8	4.08976837836998	-999.9	0	5.04629629629631	4.80016154667639	330
SUMMERSIDE	2005	12	11	345	-9.4	4.9	5.90424443344353	-999.9	3	6.86342592592592	4.81766515068952	330
SUMMERSIDE	2005	12	12	346	-4.2	0.2	3.26186413706657	-999.9	0.7	2.51157407407408	4.76669120441376	330
SUMMERSIDE	2005	12	13	347	-8.4	-2.3	3.82684888468629	-999.9	4	5.12731481481481	3.62303858356507	330
SUMMERSIDE	2005	12	14	348	-6.2	-4	2.29097566739976	-999.9	3.1	12.5115740740741	4.14962680876353	330
SUMMERSIDE	2005	12	15	349	-7.7	-4.5	2.75559068547861	-999.9	0	8.93518518518519	3.48840997146267	330
SUMMERSIDE	2005	12	16	350	-11.9	3	5.93284465991525	-999.9	10	3.34490740740742	3.88944984710403	330
SUMMERSIDE	2005	12	17	351	-5.5	2.3	4.28497442748637	-999.9	0	8.75	4.73418776238558	330
SUMMERSIDE	2005	12	18	352	-3.6	-0.2	2.82535869078594	-999.9	0	6.14583333333333	4.2390301135856	330
SUMMERSIDE	2005	12	19	353	-9	-2.2	3.99231459823693	-999.9	0.6	3.99305555555556	3.37104927105181	330
SUMMERSIDE	2005	12	20	354	-10.3	-2.6	4.24673703439458	-999.9	0	5.86805555555556	2.92192976130252	330
SUMMERSIDE	2005	12	21	355	-11.9	-6.9	3.42246120434832	-999.9	0	3.19444444444444	2.12296379183243	330
SUMMERSIDE	2005	12	22	356	-14	-2.4	5.21590721182042	-999.9	0	4.52546296296297	2.3097300807606	330
SUMMERSIDE	2005	12	23	357	-11.5	-0.4	5.1075565529529	-999.9	2.8	5.06944444444445	3.43501170488777	330
SUMMERSIDE	2005	12	24	358	-11.3	-0.9	4.95133263140176	-999.9	1.4	1.33101851851852	3.79196170001712	330
SUMMERSIDE	2005	12	25	359	-5.1	0.6	3.67281136661177	-999.9	1.9	2.09490740740741	5.12444024100249	330
SUMMERSIDE	2005	12	26	360	-1.8	1	2.58045820265782	-999.9	38.6	11.4814814814815	5.84225358018237	330
SUMMERSIDE	2005	12	27	361	-2.1	-0.1	2.18720169824262	-999.9	2	12.0023148148148	5.66179029757526	330
SUMMERSIDE	2005	12	28	362	-4.9	-1.2	2.98489050409992	-999.9	0	5.79861111111111	4.79418253610965	330
SUMMERSIDE	2005	12	29	363	-5.1	8.7	5.7865069848102	-999.9	0.7	6.52777777777778	6.67944227142499	330
SUMMERSIDE	2005	12	30	364	2.5	9.5	4.13874617570432	-999.9	9.8	7.89351851851853	8.98759431737186	330
SUMMERSIDE	2005	12	31	365	-8.5	-3.3	3.58389445465146	-999.9	0.6	5.42824074074075	3.50089001632287	330
