SUMMERSIDE	2013	1	1	1	-13.4	-4.5	4.71270760324655	-999.9	0	5.97222222222222	2.5239815746455	330
SUMMERSIDE	2013	1	2	2	-15.5	-10.7	3.48019250796555	-999.9	0	8.86574074074075	1.69118589973686	330
SUMMERSIDE	2013	1	3	3	-13.4	-11.1	2.42345928027391	-999.9	0	5.43981481481481	1.86406772660511	330
SUMMERSIDE	2013	1	4	4	-15.3	-2.5	5.75366462027977	-999.9	0.2	5.26620370370369	2.56996498463774	330
SUMMERSIDE	2013	1	5	5	-14.9	-3.2	5.5382839342072	-999.9	0.7	5.75231481481481	2.34084575166351	330
SUMMERSIDE	2013	1	6	6	-16.4	-7.6	4.83768437890633	-999.9	0.4	3.34490740740742	1.92086200922802	330
SUMMERSIDE	2013	1	7	7	-18.4	-9.1	5.010935197459	-999.9	0	4.56018518518519	1.50829440885848	330
SUMMERSIDE	2013	1	8	8	-16.1	0	6.64560379505296	-999.9	0	6.70138888888889	2.51281391342583	330
SUMMERSIDE	2013	1	9	9	-7.5	0.6	4.75299121273532	-999.9	0.9	4.24768518518519	3.87267450835423	330
SUMMERSIDE	2013	1	10	10	-1.8	1.4	3.01340061354421	-999.9	1.1	8.35648148148147	5.03574159810043	330
SUMMERSIDE	2013	1	11	11	-10.8	-1.6	5.15564531521924	-999.9	0	6.21527777777778	2.9463490005187	330
SUMMERSIDE	2013	1	12	12	-7.2	-1.5	4.09617965636364	-999.9	0	1.16898148148148	3.79514289614882	330
SUMMERSIDE	2013	1	13	13	-5.5	3.2	5.10968498130706	-999.9	0	3.95833333333333	5.21043008600075	330
SUMMERSIDE	2013	1	14	14	-0.4	6.9	4.72742371095221	-999.9	0	7.15277777777778	7.1691410967058	330
SUMMERSIDE	2013	1	15	15	-9.8	-0.2	5.47719372143395	-999.9	0	4.25925925925925	2.59448606720588	330
SUMMERSIDE	2013	1	16	16	-9.3	-3.6	4.26525646547054	-999.9	1.4	3.96990740740742	2.95341607338552	330
SUMMERSIDE	2013	1	17	17	-15.5	1.6	7.46813030250841	-999.9	1.1	6.79398148148147	3.01024785716844	330
SUMMERSIDE	2013	1	18	18	-18.7	-14.6	3.69766645112771	-999.9	0	5.21990740740742	1.0929245953645	330
SUMMERSIDE	2013	1	19	19	-15.3	-4.6	6.04171871243223	-999.9	0.4	5.18518518518519	2.12443582413149	330
SUMMERSIDE	2013	1	20	20	-5.4	5.7	6.22542076205364	-999.9	2	7.22222222222222	5.19717522771879	330
SUMMERSIDE	2013	1	21	21	-14.1	-3.3	6.21381717468174	-999.9	0	9.16666666666667	1.63187764549796	330
SUMMERSIDE	2013	1	22	22	-17.7	-13.2	4.05964415899685	-999.9	0	3.44907407407408	1.15247242744792	330
SUMMERSIDE	2013	1	23	23	-21.2	-16.8	4.06381484773144	-999.9	0	7.66203703703703	0.777824910584048	330
SUMMERSIDE	2013	1	24	24	-21.7	-16.6	4.43000589604823	-999.9	0	6.62037037037036	0.77420121014647	330
SUMMERSIDE	2013	1	25	25	-19.9	-10.3	6.15527307115357	-999.9	0	6.78240740740742	1.16264403416234	330
SUMMERSIDE	2013	1	26	26	-15.8	-12.4	3.71039057714485	-999.9	0	3.35648148148147	1.45537870373107	330
SUMMERSIDE	2013	1	27	27	-13.6	-8.9	4.41945488416021	-999.9	0	5.41666666666667	1.77974661120223	330
SUMMERSIDE	2013	1	28	28	-14.2	-5.6	6.0572428745634	-999.9	0	5.17361111111111	1.69658839523614	330
SUMMERSIDE	2013	1	29	29	-12.7	-4.3	6.06642839437743	-999.9	0	2.37268518518519	2.37911130088501	330
SUMMERSIDE	2013	1	30	30	-7.6	8.7	8.5646962933757	-999.9	4.3	7.83564814814814	5.68642074321384	330
SUMMERSIDE	2013	1	31	31	0.6	11.1	6.96770997643302	-999.9	2.4	11.3194444444444	8.24561066149366	330
SUMMERSIDE	2013	2	1	32	-11.3	0.7	7.55111957051488	-999.9	0.2	9.45601851851853	2.20488773177358	330
SUMMERSIDE	2013	2	2	33	-14.4	-9.7	4.79113763228474	-999.9	0.2	4.78009259259258	1.41465894041793	330
SUMMERSIDE	2013	2	3	34	-10.8	-1.9	6.68487234128344	-999.9	2.5	5.33564814814814	3.10464294279637	330
SUMMERSIDE	2013	2	4	35	-9.5	-2	6.22260680631838	-999.9	1.7	8.83101851851853	3.39316171764896	330
SUMMERSIDE	2013	2	5	36	-19.8	-9.4	7.43075832902208	-999.9	0.2	9.21296296296297	1.09650171949246	330
SUMMERSIDE	2013	2	6	37	-19.2	-6	8.48995342360782	-999.9	0	2.62731481481481	1.47663204675777	330
SUMMERSIDE	2013	2	7	38	-19.7	-8.6	7.89596023370588	-999.9	0	8.32175925925925	1.15703242255527	330
SUMMERSIDE	2013	2	8	39	-22	-11.4	7.82602041466129	-999.9	0	2.84722222222222	1.15341088022246	330
SUMMERSIDE	2013	2	9	40	-11.5	-5.1	6.16791512853437	-999.9	5.5	14.6412037037037	2.88909422923595	330
SUMMERSIDE	2013	2	10	41	-9.5	-4.6	5.47417908049628	-999.9	0.2	11.8981481481481	3.00518511562248	330
SUMMERSIDE	2013	2	11	42	-12.7	-1.4	8.43221107552249	-999.9	1.8	3.92361111111111	2.45496112746949	330
SUMMERSIDE	2013	2	12	43	-1.6	2.1	4.89429067362773	-999.9	5	5.87962962962964	5.84394777198328	330
SUMMERSIDE	2013	2	13	44	-2.2	0.8	4.47031652530562	-999.9	0	3.25231481481481	5.05474793836435	330
SUMMERSIDE	2013	2	14	45	-8.4	-1.5	6.87685536807889	-999.9	0	1.72453703703704	3.57933179883913	330
SUMMERSIDE	2013	2	15	46	-7.9	1.8	8.2705579009386	-999.9	0	3.63425925925925	3.7987025954907	330
SUMMERSIDE	2013	2	16	47	-1.1	4.4	6.31694111908986	-999.9	1.1	5.92592592592592	5.42627155131814	330
SUMMERSIDE	2013	2	17	48	-1.3	0.4	3.56218604053549	-999.9	26.7	6.94444444444445	5.63952981279265	330
SUMMERSIDE	2013	2	18	49	-6.4	-0.5	6.73088487649497	-999.9	2.5	10.9837962962963	4.0900184858639	330
SUMMERSIDE	2013	2	19	50	-7	-0.1	7.3826018957242	-999.9	0	6.80555555555556	3.65750397691634	330
SUMMERSIDE	2013	2	20	51	-4.5	1.6	7.03996917443529	-999.9	9.5	5.33564814814814	4.7416468650473	330
SUMMERSIDE	2013	2	21	52	-2.4	0.2	4.66115124640413	-999.9	0.8	6.45833333333333	5.3384617145124	330
SUMMERSIDE	2013	2	22	53	-5.3	-2.2	5.16137542551035	-999.9	0	9.81481481481481	3.79631697548569	330
SUMMERSIDE	2013	2	23	54	-14.4	-3.7	9.72365905489748	-999.9	0	2.4537037037037	2.37816544753939	330
SUMMERSIDE	2013	2	24	55	-14.8	-5.2	9.33898489061705	-999.9	0	2.88194444444444	2.47930772251914	330
SUMMERSIDE	2013	2	25	56	-13	-2	10.135788650554	-999.9	0	4.44444444444444	2.93128697569487	330
SUMMERSIDE	2013	2	26	57	-15	-2.3	11.0415275031429	-999.9	0	0.787037037037036	2.66092986296006	330
SUMMERSIDE	2013	2	27	58	-15.9	0.7	12.7971863292371	-999.9	0	1.18055555555556	2.82191150462612	330
SUMMERSIDE	2013	2	28	59	-7.8	-1.3	8.11737352146357	-999.9	0	5.09259259259258	3.9002399120947	330
SUMMERSIDE	2013	3	1	60	-3.8	-0.4	5.9505929440079	-999.9	0	7.53472222222222	4.82588548913386	330
SUMMERSIDE	2013	3	2	61	-0.4	0.3	2.73648848543572	-999.9	2.3	6.64351851851853	5.81890256982922	330
SUMMERSIDE	2013	3	3	62	-0.8	1.9	5.44641379544061	-999.9	2.3	1.90972222222222	6.1431506385119	330
SUMMERSIDE	2013	3	4	63	-0.9	2.9	6.54731956242101	-999.9	5	3.20601851851853	6.29006195071555	330
SUMMERSIDE	2013	3	5	64	-0.9	0.9	4.5657109349336	-999.9	1.4	7.10648148148147	5.74881976666667	330
SUMMERSIDE	2013	3	6	65	-1.8	0.5	5.22868633741869	-999.9	0	6.84027777777778	4.76555803227523	330
SUMMERSIDE	2013	3	7	66	-5.9	0.2	8.62591011190288	-999.9	0.2	5.87962962962964	4.12638622016147	330
SUMMERSIDE	2013	3	8	67	-4.9	-0.2	7.66926786377718	-999.9	0	8.47222222222222	4.40745775277016	330
SUMMERSIDE	2013	3	9	68	-2.5	-0.8	4.67139833452512	-999.9	0	6.96759259259258	4.68590554060734	330
SUMMERSIDE	2013	3	10	69	-4.7	0.8	8.50888546624351	-999.9	0	2.84722222222222	4.44199073775536	330
SUMMERSIDE	2013	3	11	70	-2.5	3	8.61572828985249	-999.9	0	6.75925925925925	5.17225967833403	330
SUMMERSIDE	2013	3	12	71	0.2	4.7	7.89015805349304	-999.9	0	8.13657407407408	6.39718110348188	330
SUMMERSIDE	2013	3	13	72	3	9.8	9.81863901070789	-999.9	24	9.71064814814814	8.3463463910125	330
SUMMERSIDE	2013	3	14	73	-3	6.3	11.6226046987445	-999.9	3.8	5.47453703703703	5.64598206698153	330
SUMMERSIDE	2013	3	15	74	-3.9	-0.2	7.41950619497748	-999.9	0.8	3.78472222222222	4.32159032216395	330
SUMMERSIDE	2013	3	16	75	-6.7	-0.6	9.64045371264832	-999.9	0	3.99305555555556	3.28569118907917	330
SUMMERSIDE	2013	3	17	76	-11.2	-1.7	12.1730210959624	-999.9	0.2	5.26620370370369	2.40083129632885	330
SUMMERSIDE	2013	3	18	77	-13.1	-4.2	11.9201184028158	-999.9	0	8.47222222222222	1.62789421755939	330
SUMMERSIDE	2013	3	19	78	-11	-3.6	10.994989639313	-999.9	6	4.46859903381642	2.43597668731597	330
SUMMERSIDE	2013	3	20	79	-5.4	1.2	10.5023916067136	-999.9	4.4	9.14351851851853	4.4049086540981	330
SUMMERSIDE	2013	3	21	80	-5.9	3.1	12.4027549714392	-999.9	0.5	5.97222222222222	4.02400741446562	330
SUMMERSIDE	2013	3	22	81	-2.7	1.8	8.86802251863473	-999.9	0.9	7.75462962962964	4.97620077053588	330
SUMMERSIDE	2013	3	23	82	-3.9	1	9.35588216998524	-999.9	0.2	5.25462962962964	4.20995905804345	330
SUMMERSIDE	2013	3	24	83	-4.5	2.6	11.3847694988436	-999.9	0.9	2.78935185185186	4.97355949923008	330
SUMMERSIDE	2013	3	25	84	-2.2	0.8	7.48007456416836	-999.9	0.2	7.28009259259258	5.12765295670614	330
SUMMERSIDE	2013	3	26	85	-3.5	1.4	9.6612907589794	-999.9	5.5	7.19907407407408	5.30070071211089	330
SUMMERSIDE	2013	3	27	86	-0.3	1.4	5.75035576368723	-999.9	0.5	6.41203703703703	5.93214676875432	330
SUMMERSIDE	2013	3	28	87	-1.6	3.8	10.3547921243435	-999.9	0	3.84259259259258	5.5601955670736	330
SUMMERSIDE	2013	3	29	88	-4.6	2.6	12.0788594197413	-999.9	0	3.97342995169083	4.4951815508878	330
SUMMERSIDE	2013	3	30	89	-5.7	2.1	12.698806918512	-999.9	0	2.95138888888889	4.11125235806474	330
SUMMERSIDE	2013	3	31	90	-7.3	7.8	17.8443474746218	-999.9	0	2.51157407407408	3.88638208270981	330
SUMMERSIDE	2013	4	1	91	0	6.2	11.5463617988287	-999.9	1.1	7.46527777777778	6.20920814249715	330
SUMMERSIDE	2013	4	2	92	-4	3.2	12.5629939832145	-999.9	1	7.69675925925925	4.20036173643214	330
SUMMERSIDE	2013	4	3	93	-6.3	-0.3	11.5776531750893	-999.9	0.2	8.63425925925925	2.66544473418985	330
SUMMERSIDE	2013	4	4	94	-3.3	6	14.5493901079721	-999.9	0	7.26851851851853	3.41224835149886	330
SUMMERSIDE	2013	4	5	95	0.5	8.7	13.788246593634	-999.9	0.3	6.74768518518519	6.22260072108166	330
SUMMERSIDE	2013	4	6	96	-3.4	2.9	12.195836991116	-999.9	0.2	7.84722222222222	3.90829965872564	330
SUMMERSIDE	2013	4	7	97	-4.7	4	14.460411272797	-999.9	0	4.71064814814814	2.97080581713355	330
SUMMERSIDE	2013	4	8	98	-0.6	8	14.5040888336618	-999.9	1.4	5.57870370370369	6.49136685620595	330
SUMMERSIDE	2013	4	9	99	-1.5	3.8	11.485237281222	-999.9	0	2.02546296296296	5.99359869577066	330
SUMMERSIDE	2013	4	10	100	-1.1	8.9	15.911222632969	-999.9	0.9	2.52314814814815	7.15457493264989	330
SUMMERSIDE	2013	4	11	101	-0.9	5.4	12.7355047158737	-999.9	0	5.97222222222222	4.05560429636991	330
SUMMERSIDE	2013	4	12	102	-1.6	3.9	11.9980457510068	-999.9	1.4	4.6875	4.84731248638874	330
SUMMERSIDE	2013	4	13	103	-0.3	1.5	6.91974033859143	-999.9	2.7	5.52083333333333	6.12979596321079	330
SUMMERSIDE	2013	4	14	104	-0.4	4	10.9054982563629	-999.9	4.8	3.18287037037036	6.61538484772344	330
SUMMERSIDE	2013	4	15	105	-0.9	8.6	16.1505765205278	-999.9	0.2	2.8125	5.85343589199321	330
SUMMERSIDE	2013	4	16	106	-0.9	11.4	18.5194226121761	-999.9	3.6	6.71296296296297	6.60853092676049	330
SUMMERSIDE	2013	4	17	107	0.3	12.4	18.5079378348797	-999.9	0.2	8.91203703703703	5.93294502493659	330
SUMMERSIDE	2013	4	18	108	-2.5	6.8	16.3470460602034	-999.9	0	3.79629629629631	4.1256598687894	330
SUMMERSIDE	2013	4	19	109	4.2	16.1	18.6271313007502	-999.9	0	9.96527777777778	9.56410801308794	330
SUMMERSIDE	2013	4	20	110	4.9	15.1	17.3695954654289	-999.9	2.4	7.61574074074075	11.0911045020457	330
SUMMERSIDE	2013	4	21	111	-3	6.3	16.7028616645125	-999.9	0	4.69907407407408	4.46937443704734	330
SUMMERSIDE	2013	4	22	112	-4.6	7	18.7836981983561	-999.9	0	3.29861111111111	4.0078182065251	330
SUMMERSIDE	2013	4	23	113	-1.9	12	20.701668598846	-999.9	3.6	4.97685185185186	4.90349109653177	330
SUMMERSIDE	2013	4	24	114	4.5	14.5	17.6761301971146	-999.9	12.3	7.84722222222222	10.814515038138	330
SUMMERSIDE	2013	4	25	115	5	16.1	18.7448327104761	-999.9	1.1	7.43055555555556	11.4538992047449	330
SUMMERSIDE	2013	4	26	116	1.6	6.6	12.6614042068403	-999.9	0.2	7.88194444444445	6.09054613025503	330
SUMMERSIDE	2013	4	27	117	-2	7	17.0938182532958	-999.9	0	5.89120370370369	5.92274901207533	330
SUMMERSIDE	2013	4	28	118	-2.2	11.6	21.2972119599924	-999.9	0	3.22916666666667	5.7979931680231	330
SUMMERSIDE	2013	4	29	119	-1.1	11.7	20.6347052110613	-999.9	0	3.34541062801933	7.23034443778283	330
SUMMERSIDE	2013	4	30	120	2.7	12.7	18.3462926056859	-999.9	0	2.65046296296296	9.34013630568729	330
SUMMERSIDE	2013	5	1	121	2.6	5.4	9.76399589470007	-999.9	0	2.15277777777778	7.81754604842187	330
SUMMERSIDE	2013	5	2	122	3.7	8.2	12.4480286336512	-999.9	0	7.09595959595958	7.21127663501545	330
SUMMERSIDE	2013	5	3	123	0.5	9.7	17.8969796743926	-999.9	0	5.9375	6.97295547985066	330
SUMMERSIDE	2013	5	4	124	-1.1	12.4	21.7966751674421	-999.9	0	2.61574074074074	6.76785132641718	330
SUMMERSIDE	2013	5	5	125	3.8	19.8	23.8543281160232	-999.9	0	5.56712962962964	8.32660601776435	330
SUMMERSIDE	2013	5	6	126	5.7	19.1	21.9426958531813	-999.9	0	7.97453703703703	8.81890820970563	330
SUMMERSIDE	2013	5	7	127	7.7	20.7	21.7213326636451	-999.9	0	8.15972222222222	11.3203170829443	330
SUMMERSIDE	2013	5	8	128	6.7	24.6	25.6133033033108	-999.9	0	4.01620370370369	11.1702447830904	330
SUMMERSIDE	2013	5	9	129	11.3	22.4	20.2661936839125	-999.9	0	6.65509259259258	15.2155242124136	330
SUMMERSIDE	2013	5	10	130	8	20.6	21.6927786758897	-999.9	6.4	5.24305555555556	13.4803589875527	330
SUMMERSIDE	2013	5	11	131	6.8	17.8	20.3607283460261	-999.9	4.3	5.59027777777778	12.8185263756256	330
SUMMERSIDE	2013	5	12	132	11.8	16.9	13.9250639005333	-999.9	8.7	8.24074074074075	15.0502549446632	330
SUMMERSIDE	2013	5	13	133	6.5	14.8	17.8408123999305	-999.9	0.2	8.46064814814814	8.90355147416156	330
SUMMERSIDE	2013	5	14	134	4.9	9.1	12.7441908027301	-999.9	3.8	4.73484848484847	8.048238899913	330
SUMMERSIDE	2013	5	15	135	4.3	14.4	19.8430829168452	-999.9	7.9	7.92824074074075	8.41794246294574	330
SUMMERSIDE	2013	5	16	136	7.3	12.6	14.4309946207642	-999.9	0.7	5.57870370370369	9.84791446522535	330
SUMMERSIDE	2013	5	17	137	3.5	10	16.042576925962	-999.9	0.2	7.59259259259258	8.70337273243015	330
SUMMERSIDE	2013	5	18	138	2.2	4.9	10.3778628388913	-999.9	3	9.1087962962963	6.42591240066901	330
SUMMERSIDE	2013	5	19	139	1.4	10.8	19.4333756484846	-999.9	0	3.55324074074075	6.35899655429533	330
SUMMERSIDE	2013	5	20	140	2.5	12.9	20.5120540303655	-999.9	1.1	4.18981481481481	7.73067778973553	330
SUMMERSIDE	2013	5	21	141	7.2	14.3	17.0051281517291	-999.9	1	4.14351851851853	11.4882851515704	330
SUMMERSIDE	2013	5	22	142	7.6	14.2	16.448687101998	-999.9	0	3.35648148148147	10.7848794187882	330
SUMMERSIDE	2013	5	23	143	9.2	17.8	18.8350816157099	-999.9	0.3	7.61574074074075	12.7849379221563	330
SUMMERSIDE	2013	5	24	144	8.2	22.1	24.0179173150196	-999.9	10	8.44907407407408	15.0160252448592	330
SUMMERSIDE	2013	5	25	145	6	14.1	18.3878499247126	-999.9	8	7.78935185185186	11.7241512868047	330
SUMMERSIDE	2013	5	26	146	8.1	16.8	19.1099506124065	-999.9	0.2	6.73611111111111	11.5510530630212	330
SUMMERSIDE	2013	5	27	147	7.6	12.5	14.3800581026422	-999.9	0.6	5.23148148148147	9.81063740232398	330
SUMMERSIDE	2013	5	28	148	4	12.3	18.7635769257475	-999.9	0	4.44444444444444	7.79820283487657	330
SUMMERSIDE	2013	5	29	149	4.9	21.7	26.7606517047823	-999.9	2.2	5.09259259259258	9.04117546363973	330
SUMMERSIDE	2013	5	30	150	11.8	17.5	15.624155413077	-999.9	7.1	4.75694444444445	14.9529823499636	330
SUMMERSIDE	2013	5	31	151	12.1	27.2	25.486865729243	-999.9	1.3	4.375	18.243679937738	330
SUMMERSIDE	2013	6	1	152	8.7	18.2	20.2586492236383	-999.9	1.1	5.57870370370369	11.8657170690189	330
SUMMERSIDE	2013	6	2	153	9.2	21.5	23.0979788122408	-999.9	0	4.02777777777778	14.6685197078684	330
SUMMERSIDE	2013	6	3	154	14	20	16.1629982212341	-999.9	2.1	7.96296296296297	16.6173836525507	330
SUMMERSIDE	2013	6	4	155	10.4	21.7	22.2209513757617	-999.9	0	6.04166666666667	12.4623877871592	330
SUMMERSIDE	2013	6	5	156	9.8	17.2	18.0122834649744	-999.9	0	4.95370370370369	9.12747466847611	330
SUMMERSIDE	2013	6	6	157	7.4	19.3	22.877488214177	-999.9	0	3.86574074074075	7.65328820884907	330
SUMMERSIDE	2013	6	7	158	10.7	22.5	22.8144690864715	-999.9	0	3.76157407407408	11.1982573815719	330
SUMMERSIDE	2013	6	8	159	8.6	13.8	15.1655507334408	-999.9	29	6.74768518518519	11.7866028935962	330
SUMMERSIDE	2013	6	9	160	8.5	13.2	14.4359486102291	-999.9	0.2	5.39351851851853	11.068548477856	330
SUMMERSIDE	2013	6	10	161	9.4	21	22.7048213525082	-999.9	0.4	3.54166666666667	13.4768465263053	330
SUMMERSIDE	2013	6	11	162	11.7	20.6	19.9080938735712	-999.9	0	4.02777777777778	14.0367415420585	330
SUMMERSIDE	2013	6	12	163	9.8	15	15.2312268003851	-999.9	6.7	5.61342592592592	12.8247647393875	330
SUMMERSIDE	2013	6	13	164	8.3	13.4	15.0962769808504	-999.9	0.6	7.56944444444445	10.9103484256836	330
SUMMERSIDE	2013	6	14	165	6.7	14.9	19.1556248630359	-999.9	0	1.06481481481481	10.6808537895024	330
SUMMERSIDE	2013	6	15	166	5.4	21.9	27.1887428496916	-999.9	0	3.53009259259258	10.8800791761993	330
SUMMERSIDE	2013	6	16	167	10.5	21.1	21.8027372610877	-999.9	1.6	3.61111111111111	9.22187025010492	330
SUMMERSIDE	2013	6	17	168	12.3	18.8	17.0796481027911	-999.9	0	3.11342592592592	14.309230254473	330
SUMMERSIDE	2013	6	18	169	10.5	22.3	23.0186924757916	-999.9	0	4.71064814814814	12.9215292174547	330
SUMMERSIDE	2013	6	19	170	9.9	20.2	21.5094326062257	-999.9	0	2.51157407407408	12.5791328799113	330
SUMMERSIDE	2013	6	20	171	10.9	25	25.1677220039522	-999.9	0	4.32870370370369	11.6390980308052	330
SUMMERSIDE	2013	6	21	172	12.3	23.2	22.1271229078187	-999.9	1.9	5.06944444444445	14.6738211921998	330
SUMMERSIDE	2013	6	22	173	11.4	24.9	24.6212039557082	-999.9	0.2	3.96990740740742	14.1907891913295	330
SUMMERSIDE	2013	6	23	174	14.9	27.9	24.1545052994699	-999.9	7.3	5.16203703703703	18.8311592521295	330
SUMMERSIDE	2013	6	24	175	15.8	25.1	20.422334715466	-999.9	0	4.80324074074075	19.9161322638287	330
SUMMERSIDE	2013	6	25	176	15.1	26	22.0987641219068	-999.9	0	3.62268518518519	19.9276558878162	330
SUMMERSIDE	2013	6	26	177	11.3	15.5	13.7095619754491	-999.9	0	6.81944444444445	12.8670280403166	330
SUMMERSIDE	2013	6	27	178	10.9	15.7	14.6459354748615	-999.9	0.5	4.87268518518519	13.3668827349359	330
SUMMERSIDE	2013	6	28	179	12.4	16.8	14.0111490874046	-999.9	28.4	4.91898148148147	15.0236080408877	330
SUMMERSIDE	2013	6	29	180	16.8	23.3	17.0140752465468	-999.9	0.4	6.93287037037036	21.2016976024396	330
SUMMERSIDE	2013	6	30	181	17.7	23.3	15.7762308537075	-999.9	0	8.29861111111111	21.2378208791081	330
SUMMERSIDE	2013	7	1	182	16.6	25.1	19.414649540444	-999.9	2.9	5.02314814814814	21.498701330324	330
SUMMERSIDE	2013	7	2	183	14.9	20.3	15.4554294486874	-999.9	0	3.64583333333333	12.8229122063858	330
SUMMERSIDE	2013	7	3	184	14.9	22.9	18.7865272620175	-999.9	0	3.44907407407408	16.902100040072	330
SUMMERSIDE	2013	7	4	185	16.5	31.7	25.8579321245276	-999.9	0	4.80324074074075	20.560482755066	330
SUMMERSIDE	2013	7	5	186	19.9	32.8	23.7843042903363	-999.9	0	4.30555555555556	21.818197329592	330
SUMMERSIDE	2013	7	6	187	20.6	32	22.3215672183773	-999.9	0	3.79629629629631	23.2217546066226	330
SUMMERSIDE	2013	7	7	188	17.5	29.8	23.1448554352128	-999.9	0	4.23611111111111	20.4644585855697	330
SUMMERSIDE	2013	7	8	189	11.7	22.3	21.4455623356562	-999.9	0	2.84722222222222	12.8237565552854	330
SUMMERSIDE	2013	7	9	190	12.2	23.5	22.0983156762233	-999.9	0	2.61574074074074	12.5699798007622	330
SUMMERSIDE	2013	7	10	191	13.9	25.8	22.6298488847871	-999.9	0	4.83796296296297	15.0882115046125	330
SUMMERSIDE	2013	7	11	192	18.3	25.9	18.0449582223614	-999.9	13.7	5.97222222222222	23.2709787955261	330
SUMMERSIDE	2013	7	12	193	12.1	21.6	20.1281748452664	-999.9	0	3.59953703703703	12.7426994727572	330
SUMMERSIDE	2013	7	13	194	10.1	27.5	27.1746040628322	-999.9	0	2.68518518518519	14.4529380768243	330
SUMMERSIDE	2013	7	14	195	17.2	31.7	24.7440624077171	-999.9	0	3.26388888888889	18.8851142103546	330
SUMMERSIDE	2013	7	15	196	19.3	33.7	24.5934201211526	-999.9	0	3.88888888888889	21.179403207237	330
SUMMERSIDE	2013	7	16	197	13	23.4	20.8428544949531	-999.9	0	4.90740740740742	13.010409314047	330
SUMMERSIDE	2013	7	17	198	12.2	26.6	24.4555061319295	-999.9	7.2	6.38888888888889	13.7504751611652	330
SUMMERSIDE	2013	7	18	199	13.6	26	22.6262739339357	-999.9	0	5.53240740740742	16.3669174186025	330
SUMMERSIDE	2013	7	19	200	13.4	22.1	18.8938464608918	-999.9	4.7	6.15740740740742	16.0550873358002	330
SUMMERSIDE	2013	7	20	201	18.9	30.8	22.0264454175224	-999.9	1.2	6.35416666666667	24.111373132001	330
SUMMERSIDE	2013	7	21	202	12.1	23.2	21.2028421262478	-999.9	0	4.49074074074075	12.7261065750368	330
SUMMERSIDE	2013	7	22	203	10.4	25.3	24.4815377248546	-999.9	0	2.82407407407408	13.1276922151305	330
SUMMERSIDE	2013	7	23	204	14.9	22.2	17.0754087353778	-999.9	23.6	5.05787037037036	15.9946478424204	330
SUMMERSIDE	2013	7	24	205	17.7	25.3	17.3592746217735	-999.9	1.4	4.79166666666667	21.7577453335653	330
SUMMERSIDE	2013	7	25	206	15.3	19.9	13.4545629821259	-999.9	0	3.18287037037036	16.3591059862164	330
SUMMERSIDE	2013	7	26	207	16.9	24.2	16.8837391163951	-999.9	21.8	4.6875	22.120408649797	330
SUMMERSIDE	2013	7	27	208	17.4	23.7	15.6222804942985	-999.9	0	5.67129629629631	21.003729002492	330
SUMMERSIDE	2013	7	28	209	15.3	18.9	11.7609552167082	-999.9	0	3.39120370370369	16.8045808707738	330
SUMMERSIDE	2013	7	29	210	15.4	23.2	17.2387539748219	-999.9	3.5	3.70370370370369	19.8280628277963	330
SUMMERSIDE	2013	7	30	211	15.9	23.4	16.8308579603134	-999.9	4.9	2.22222222222222	20.5385428351692	330
SUMMERSIDE	2013	7	31	212	15.5	24.4	18.2531278705753	-999.9	0.2	3.99305555555556	17.9796832575811	330
SUMMERSIDE	2013	8	1	213	15.8	26.9	20.2917662990091	-999.9	0	3.63425925925925	19.0977385167407	330
SUMMERSIDE	2013	8	2	214	15.1	24	18.085004184143	-999.9	0.4	3.18287037037036	18.436107907504	330
SUMMERSIDE	2013	8	3	215	14.9	25.8	19.9182444867114	-999.9	0	4.76851851851853	19.3824905456249	330
SUMMERSIDE	2013	8	4	216	13.2	25.2	20.7965528320757	-999.9	0.2	3.55324074074075	17.1452561088416	330
SUMMERSIDE	2013	8	5	217	12.2	22.6	19.2632165948137	-999.9	0.5	1.97916666666667	16.9270169179252	330
SUMMERSIDE	2013	8	6	218	14.2	24.3	18.8856736695225	-999.9	0	4.05092592592592	16.8590047661943	330
SUMMERSIDE	2013	8	7	219	13.8	26.5	21.0659630382479	-999.9	0	2.2463768115942	15.9669939316565	330
SUMMERSIDE	2013	8	8	220	18.7	24.2	13.7884747478335	-999.9	0	4.20138888888889	15.938629770853	330
SUMMERSIDE	2013	8	9	221	18.2	22.7	12.4034951830502	-999.9	12.9	5.67129629629631	20.8443410623455	330
SUMMERSIDE	2013	8	10	222	16.3	25.8	17.9204882334017	-999.9	5.4	7.01388888888889	18.9379908792771	330
SUMMERSIDE	2013	8	11	223	14.3	23.9	17.9110430659582	-999.9	0	5.64814814814814	13.5976705381916	330
SUMMERSIDE	2013	8	12	224	14.3	25.4	19.1465594013293	-999.9	0.3	3.83101851851853	17.0520122287953	330
SUMMERSIDE	2013	8	13	225	16	25.2	17.3266129531829	-999.9	0	4.03935185185186	18.2221815173867	330
SUMMERSIDE	2013	8	14	226	15	24.1	17.126839384014	-999.9	0	3.48379629629631	19.094540332772	330
SUMMERSIDE	2013	8	15	227	14	23.6	17.4813482307374	-999.9	0	6.09953703703703	14.5164874276646	330
SUMMERSIDE	2013	8	16	228	12.4	25.8	20.5220265762959	-999.9	0	3.78472222222222	15.2811916524438	330
SUMMERSIDE	2013	8	17	229	13.5	23.8	17.8755951111164	-999.9	0	2.60416666666667	16.0048321469319	330
SUMMERSIDE	2013	8	18	230	12.6	26.2	20.4047212492928	-999.9	0	4.49074074074075	15.4751749243545	330
SUMMERSIDE	2013	8	19	231	14.2	27.4	19.9669860347436	-999.9	0	5.05787037037036	17.3791872581217	330
SUMMERSIDE	2013	8	20	232	12.1	22.8	17.8536310320734	-999.9	0	3.29861111111111	16.406780595008	330
SUMMERSIDE	2013	8	21	233	15.7	28.3	19.238606082202	-999.9	0	5.68181818181819	19.6331222318028	330
SUMMERSIDE	2013	8	22	234	18.4	27.2	15.9634826261871	-999.9	0	6.77083333333333	20.473296005765	330
SUMMERSIDE	2013	8	23	235	10.2	21.2	17.7184088142984	-999.9	0	4.52546296296297	14.2221019081967	330
SUMMERSIDE	2013	8	24	236	8.6	19.9	17.8259849308098	-999.9	0	3.32175925925925	11.0324839867781	330
SUMMERSIDE	2013	8	25	237	9	25.9	21.6365126276038	-999.9	0	2.30324074074074	13.3613608415236	330
SUMMERSIDE	2013	8	26	238	13.4	21.9	15.2274234535615	-999.9	0	5.55555555555556	16.2931444366151	330
SUMMERSIDE	2013	8	27	239	16.2	25.6	15.8890232675061	-999.9	0	3.53009259259258	20.681771361543	330
SUMMERSIDE	2013	8	28	240	15.8	23.7	14.451276363435	-999.9	0	3.4375	19.8644523097088	330
SUMMERSIDE	2013	8	29	241	14.1	18.2	10.327301955335	-999.9	0.2	8.59953703703703	15.5005071254784	330
SUMMERSIDE	2013	8	30	242	10.6	19.1	14.7485536306843	-999.9	0.3	6.50462962962964	13.8712362117893	330
SUMMERSIDE	2013	8	31	243	12.1	26.3	18.9047852020083	-999.9	4.6	2.97453703703703	16.4936991448791	330
SUMMERSIDE	2013	9	1	244	16.6	21.7	11.2342145814871	-999.9	1.6	4.6875	19.9748749237644	330
SUMMERSIDE	2013	9	2	245	15.4	18.3	8.39902741934105	-999.9	2.1	5.79861111111111	16.5928956472059	330
SUMMERSIDE	2013	9	3	246	17.4	23.8	12.3689995083075	-999.9	18.5	7.25694444444445	22.6482935739776	330
SUMMERSIDE	2013	9	4	247	11.8	24	16.9270471672718	-999.9	1.8	5.41666666666667	17.7438349679019	330
SUMMERSIDE	2013	9	5	248	6.5	15.3	14.247588757914	-999.9	0.6	1.88657407407407	10.3484654817609	330
SUMMERSIDE	2013	9	6	249	4.1	18.5	18.0601773720364	-999.9	0	4.87268518518519	9.28810963667098	330
SUMMERSIDE	2013	9	7	250	13	21.7	13.9085887697741	-999.9	2.5	7.66203703703703	13.8675168070232	330
SUMMERSIDE	2013	9	8	251	9.3	16.4	12.4473590194076	-999.9	36.3	5.625	13.3020939176029	330
SUMMERSIDE	2013	9	9	252	8	17.3	14.1109432793677	-999.9	0	6.63194444444445	10.0264154880499	330
SUMMERSIDE	2013	9	10	253	12.7	17.8	10.3492325084347	-999.9	2.2	5.84541062801933	13.5539213786978	330
SUMMERSIDE	2013	9	11	254	15.7	21.1	10.5455788372901	-999.9	3.1	6.40046296296297	19.0803101510996	330
SUMMERSIDE	2013	9	12	255	18	22.6	9.63707019110205	-999.9	9.5	4.61805555555556	21.4555456148366	330
SUMMERSIDE	2013	9	13	256	19.1	23.4	9.2243351553433	-999.9	17.8	5.48611111111111	22.6161744731758	330
SUMMERSIDE	2013	9	14	257	14.3	24	13.7139877617646	-999.9	0	4.08564814814814	19.7700998779476	330
SUMMERSIDE	2013	9	15	258	11.3	20.2	13.0014681997555	-999.9	0	5.05787037037036	13.9679793690514	330
SUMMERSIDE	2013	9	16	259	5.7	17.1	14.5616963734883	-999.9	2.1	4.64120370370369	10.9401269665615	330
SUMMERSIDE	2013	9	17	260	5.2	15.9	13.959068864195	-999.9	0	3.86574074074075	8.9032409784782	330
SUMMERSIDE	2013	9	18	261	9.3	20.3	14.0026113153379	-999.9	0	4.97685185185186	11.7327526813238	330
SUMMERSIDE	2013	9	19	262	9.4	22.6	15.1736893052431	-999.9	0	3.22916666666667	13.5087941832969	330
SUMMERSIDE	2013	9	20	263	8.8	14.5	9.862270288487	-999.9	0	4.82638888888889	10.9868650023219	330
SUMMERSIDE	2013	9	21	264	9.9	22.7	14.6158402656746	-999.9	0	6.66666666666667	14.1032607668839	330
SUMMERSIDE	2013	9	22	265	14.6	25.2	13.1521133178057	-999.9	16	7.60416666666667	18.3158443780218	330
SUMMERSIDE	2013	9	23	266	8.8	17	11.4371615403415	-999.9	7.6	4.53703703703703	13.3518911807479	330
SUMMERSIDE	2013	9	24	267	8.5	11.9	7.28056192090026	-999.9	0.2	2.87037037037036	10.5897635811763	330
SUMMERSIDE	2013	9	25	268	9.6	13.4	7.6081184932358	-999.9	7.7	4.32367149758453	12.2024433702639	330
SUMMERSIDE	2013	9	26	269	11.9	13.1	4.22554377661578	-999.9	2.6	9.38657407407408	13.1033205612539	330
SUMMERSIDE	2013	9	27	270	4.8	15.3	12.3520842339021	-999.9	0	5.25462962962964	9.92958556271061	330
SUMMERSIDE	2013	9	28	271	5.1	21.3	15.1601842554737	-999.9	0.2	2.98611111111111	11.7373616190928	330
SUMMERSIDE	2013	9	29	272	10.6	24	13.6222619927857	-999.9	0	4.64120370370369	14.3253911783826	330
SUMMERSIDE	2013	9	30	273	9.5	19.9	11.855301508779	-999.9	0	2.7662037037037	12.7558665531042	330
SUMMERSIDE	2013	10	1	274	11.3	19.9	10.648644620013	-999.9	0	2.09490740740741	14.6576933746596	330
SUMMERSIDE	2013	10	2	275	8.8	22.6	13.3224706641897	-999.9	0	3.27546296296297	14.2967194418178	330
SUMMERSIDE	2013	10	3	276	9	19.4	11.4212570182555	-999.9	0	5.53240740740742	9.7486153694535	330
SUMMERSIDE	2013	10	4	277	5.6	15.5	11.003218037758	-999.9	0	4.82638888888889	8.20274574233367	330
SUMMERSIDE	2013	10	5	278	4.4	14.1	10.7534251074199	-999.9	0	2.5462962962963	8.79276236861755	330
SUMMERSIDE	2013	10	6	279	2.9	12.5	10.561131558162	-999.9	0	3.21759259259258	7.8626006189119	330
SUMMERSIDE	2013	10	7	280	4.8	16.9	11.7040902260065	-999.9	0.5	6.44675925925925	10.3975620496765	330
SUMMERSIDE	2013	10	8	281	5.2	19	12.3370739427394	-999.9	5.3	7.00231481481481	10.5896576528048	330
SUMMERSIDE	2013	10	9	282	2.9	15.2	11.4950711871282	-999.9	0	3.01932367149758	8.33063877241252	330
SUMMERSIDE	2013	10	10	283	10	20.3	10.3806474807213	-999.9	0	5.84490740740742	12.0460606752552	330
SUMMERSIDE	2013	10	11	284	6.4	15.4	9.57492800817214	-999.9	0	4.08564814814814	11.0903691747074	330
SUMMERSIDE	2013	10	12	285	-0.9	9.9	10.3489868243939	-999.9	0	3.77314814814814	5.87958628238945	330
SUMMERSIDE	2013	10	13	286	-1.2	11.3	10.9844305661467	-999.9	0	1.78240740740741	6.83327582342771	330
SUMMERSIDE	2013	10	14	287	2.9	17.4	11.671044626319	-999.9	1	4.36342592592592	9.89731591338059	330
SUMMERSIDE	2013	10	15	288	0.9	15.3	11.4730412968738	-999.9	0	3.83101851851853	8.13399606630937	330
SUMMERSIDE	2013	10	16	289	1.3	16.1	11.4728158808019	-999.9	9	4.05092592592592	8.54252326675113	330
SUMMERSIDE	2013	10	17	290	12	20	8.31951968151757	-999.9	0	4.6875	15.9428111532603	330
SUMMERSIDE	2013	10	18	291	10.2	15	6.3556835355545	-999.9	3.3	3.62268518518519	13.3544041362436	330
SUMMERSIDE	2013	10	19	292	6.7	14.3	7.88702585576869	-999.9	0	4.91898148148147	9.91172737510425	330
SUMMERSIDE	2013	10	20	293	7.5	15.1	7.7777998162129	-999.9	1.9	3.84259259259258	11.2264003087386	330
SUMMERSIDE	2013	10	21	294	4.7	11	6.98304341366441	-999.9	0	4.49074074074075	7.80559428001016	330
SUMMERSIDE	2013	10	22	295	2.5	14.8	9.62132663958284	-999.9	12	4.78009259259258	8.69784187160115	330
SUMMERSIDE	2013	10	23	296	4.1	11.7	7.45732541207953	-999.9	0.6	2.35507246376812	7.99146483632654	330
SUMMERSIDE	2013	10	24	297	4.5	9.2	5.78239435454848	-999.9	0	5.60185185185186	5.97407484159648	330
SUMMERSIDE	2013	10	25	298	4.1	9.8	6.2787037917688	-999.9	0	6.11111111111111	6.37152246243112	330
SUMMERSIDE	2013	10	26	299	2.7	8.8	6.40420774141441	-999.9	2.8	4.83796296296297	6.15889615025541	330
SUMMERSIDE	2013	10	27	300	4.5	7.6	4.50138682116967	-999.9	4.2	2.63888888888889	8.35652521168549	330
SUMMERSIDE	2013	10	28	301	1.7	7.8	6.22580483596658	-999.9	0.2	5.63657407407408	6.45418642624977	330
SUMMERSIDE	2013	10	29	302	-3.7	5.5	7.53863708894791	-999.9	0	3.77314814814814	4.51990396294266	330
SUMMERSIDE	2013	10	30	303	-4.3	5.6	7.71065628672031	-999.9	0	3.28703703703703	4.4632115975195	330
SUMMERSIDE	2013	10	31	304	-3.3	10.3	8.91102906745306	-999.9	8.3	5.05787037037036	5.33589750666722	330
SUMMERSIDE	2013	11	1	305	10.3	18.3	6.73909144180221	-999.9	4.5	10.9953703703704	14.1076695727095	330
SUMMERSIDE	2013	11	2	306	4.6	14.9	7.54031985469332	-999.9	0	5.77546296296297	8.45465252422434	330
SUMMERSIDE	2013	11	3	307	-0.5	5	5.43360191964764	-999.9	0	4.88425925925925	4.61083583694437	330
SUMMERSIDE	2013	11	4	308	-0.7	3.7	4.79283427868603	-999.9	0.2	4.76851851851853	4.5225924112483	330
SUMMERSIDE	2013	11	5	309	-0.9	5.4	5.65619153319879	-999.9	0	2.88194444444444	4.87034623090851	330
SUMMERSIDE	2013	11	6	310	4.3	11.2	5.83845941517642	-999.9	0	6.34259259259258	7.58876791648612	330
SUMMERSIDE	2013	11	7	311	7	14	5.8006789523049	-999.9	7.1	8.13492063492064	11.3243403616925	330
SUMMERSIDE	2013	11	8	312	1.4	5.2	4.21616954933994	-999.9	0	5	5.28371853986767	330
SUMMERSIDE	2013	11	9	313	-0.2	3.3	3.99209974916396	-999.9	0.2	6.14583333333333	4.58384665027487	330
SUMMERSIDE	2013	11	10	314	-1.5	4.8	5.28478979410769	-999.9	9.7	3.42592592592592	5.08803299431003	330
SUMMERSIDE	2013	11	11	315	1.9	5.8	4.10329986814877	-999.9	6.8	4.25925925925925	7.32017444691529	330
SUMMERSIDE	2013	11	12	316	-2.7	5	5.69046529202573	-999.9	2.5	6.04166666666667	5.33817957361798	330
SUMMERSIDE	2013	11	13	317	-4.1	-0.1	4.04852133290298	-999.9	0	5.05787037037036	3.41166643393561	330
SUMMERSIDE	2013	11	14	318	-4.5	4.1	5.86066524191928	-999.9	0	5.65972222222222	4.03766668676521	330
SUMMERSIDE	2013	11	15	319	2.7	9.3	5.0695905945805	-999.9	0	4.65277777777778	6.95296260425329	330
SUMMERSIDE	2013	11	16	320	-0.3	10	6.25460009096855	-999.9	0	1.43518518518519	7.42737035943363	330
SUMMERSIDE	2013	11	17	321	-0.3	9.2	5.93341047969027	-999.9	0	1.31944444444444	8.02274483136593	330
SUMMERSIDE	2013	11	18	322	4.2	13.6	5.83115689312075	-999.9	11	8.34490740740742	10.3906150318437	330
SUMMERSIDE	2013	11	19	323	-0.3	9.8	5.97298182313783	-999.9	0	4.95370370370369	6.50458163537833	330
SUMMERSIDE	2013	11	20	324	-2.8	-0.3	2.93722146306095	-999.9	0	9.29398148148147	3.47386098662315	330
SUMMERSIDE	2013	11	21	325	-2.1	5.5	5.06303749477551	-999.9	0	6.37731481481481	3.96635299329169	330
SUMMERSIDE	2013	11	22	326	-2.1	6.4	5.29490238282315	-999.9	0	1.65509259259259	5.93232137995862	330
SUMMERSIDE	2013	11	23	327	-3	2.5	4.21294210375157	-999.9	1.7	5.86805555555556	4.77403056904515	330
SUMMERSIDE	2013	11	24	328	-6	-3	3.07848424271066	-999.9	0	9.64120370370369	2.6430662957229	330
SUMMERSIDE	2013	11	25	329	-7.3	-2.3	3.93328095283353	-999.9	0.2	7.61574074074075	2.59820722469002	330
SUMMERSIDE	2013	11	26	330	-5.9	1.3	4.67257551238392	-999.9	1.4	4.15509259259258	3.70938612723494	330
SUMMERSIDE	2013	11	27	331	-1.8	14.5	6.96202156938645	-999.9	11	7.85879629629631	8.6037758700606	330
SUMMERSIDE	2013	11	28	332	-5	15.5	7.73403622237936	-999.9	1.51	10.3743961352657	6.84918588216006	330
SUMMERSIDE	2013	11	29	333	-6.4	-4.3	2.45283111051564	-999.9	0	5.60185185185186	2.58543868675957	330
SUMMERSIDE	2013	11	30	334	-8.7	-3.4	3.86251687338537	-999.9	0	4.03935185185186	2.71573284423315	330
SUMMERSIDE	2013	12	1	335	-6.9	1.2	4.73477958539657	-999.9	1.8	5.52083333333333	4.06233115114545	330
SUMMERSIDE	2013	12	2	336	-2.3	3.5	3.97421091317177	-999.9	1.5	2.56944444444444	6.13513783333123	330
SUMMERSIDE	2013	12	3	337	2	4.4	2.53677201806197	-999.9	31.5	3.72685185185186	7.46280466256636	330
SUMMERSIDE	2013	12	4	338	-1.1	3	3.29132030832355	-999.9	23.6	10.8217592592593	6.23782804465629	330
SUMMERSIDE	2013	12	5	339	-2.1	2.3	3.38590346333098	-999.9	0.6	3.28703703703703	5.40432155919352	330
SUMMERSIDE	2013	12	6	340	1.8	6.7	3.54966887223976	-999.9	5.7	5.52083333333333	7.78597014669312	330
SUMMERSIDE	2013	12	7	341	-4.5	1.9	4.03177872256505	-999.9	0	5.27777777777778	3.50016009129416	330
SUMMERSIDE	2013	12	8	342	-8.1	-3.7	3.32375388302635	-999.9	0	7.56944444444445	2.31085113130163	330
SUMMERSIDE	2013	12	9	343	-10.7	-2.6	4.48562697047883	-999.9	4.7	3.10185185185186	2.76269532742778	330
SUMMERSIDE	2013	12	10	344	-6.2	0.4	4.02917586751929	-999.9	0.9	4.50231481481481	3.96521540134695	330
SUMMERSIDE	2013	12	11	345	-9.6	-5.1	3.31209333679333	-999.9	0	7.30324074074075	2.12555379260166	330
SUMMERSIDE	2013	12	12	346	-15.8	-7.3	4.53366047205358	-999.9	0	6.43518518518519	1.52959033997682	330
SUMMERSIDE	2013	12	13	347	-17.2	-8.6	4.54386710657546	-999.9	0.2	5.01157407407408	1.6665410690826	330
SUMMERSIDE	2013	12	14	348	-18.2	-14	3.16543777930225	-999.9	0	6.07638888888889	1.22655595757889	330
SUMMERSIDE	2013	12	15	349	-14.3	-1.9	5.42438568875304	-999.9	7.8	7.88194444444445	2.86204774081779	330
SUMMERSIDE	2013	12	16	350	-11.3	-2.2	4.63650293758168	-999.9	1.5	4.88425925925925	3.11077762024415	330
SUMMERSIDE	2013	12	17	351	-13.7	-10.2	2.87035065433009	-999.9	0	3.96990740740742	1.99446608834692	330
SUMMERSIDE	2013	12	18	352	-18.4	-1.7	6.26170160855831	-999.9	8.6	6.44675925925925	2.61322940729516	330
SUMMERSIDE	2013	12	19	353	-11.1	-4.4	3.96285061918225	-999.9	0	5.84490740740742	2.70731876341491	330
SUMMERSIDE	2013	12	20	354	-13.5	-2.8	5.00612737799783	-999.9	5.6	2.98611111111111	2.63416915367079	330
SUMMERSIDE	2013	12	21	355	-2.8	0.5	2.78042062625024	-999.9	5	2.5462962962963	5.31819977303134	330
SUMMERSIDE	2013	12	22	356	-5.7	-1	3.32008950075281	-999.9	6.6	4.49074074074075	4.45712959150951	330
SUMMERSIDE	2013	12	23	357	-4.5	-0.6	3.02749892869826	-999.9	12.9	2.19907407407407	4.80679117332316	330
SUMMERSIDE	2013	12	24	358	-5	-0.5	3.25695449297062	-999.9	0.4	1.89814814814815	4.84832065232609	330
SUMMERSIDE	2013	12	25	359	-24.4	-4.9	6.79326414354814	-999.9	0.2	0.752314814814814	1.6817602066941	330
SUMMERSIDE	2013	12	26	360	-23.5	-2.3	7.10044787712309	-999.9	2.5	0	2.01448974636967	330
SUMMERSIDE	2013	12	27	361	-11.7	-2.7	4.63975545795027	-999.9	1	0	3.26106764145554	330
SUMMERSIDE	2013	12	28	362	-17	-0.6	6.28419230166734	-999.9	0	0	2.76800709690916	330
SUMMERSIDE	2013	12	29	363	-8.7	-1.8	4.09167832834261	-999.9	3.5	0	3.42464956773909	330
SUMMERSIDE	2013	12	30	364	-14.8	0	6.01797847670064	-999.9	9.8	0	3.08917735027042	330
SUMMERSIDE	2013	12	31	365	-22.8	-14.5	4.52785578254797	-999.9	0.2	0	1.05811543401054	330
