SUMMERSIDE	2016	1	1	1	-5.9	-0.1	3.80442914239511	-999.9	0	4.98842592592592	3.64252080792428	330
SUMMERSIDE	2016	1	2	2	-5.9	0	3.8584128896334	-999.9	0	5.67129629629631	3.58919561591638	330
SUMMERSIDE	2016	1	3	3	-4.7	-1.1	3.03195785544289	-999.9	3.3	3.70370370370369	4.20490533701983	330
SUMMERSIDE	2016	1	4	4	-12.6	-1.7	5.30949219683202	-999.9	0.9	5.35879629629631	3.07011766062009	330
SUMMERSIDE	2016	1	5	5	-14.7	-8.1	4.15962839531506	-999.9	0	5.05787037037036	1.91253242349454	330
SUMMERSIDE	2016	1	6	6	-9.3	-3.5	3.92744936457552	-999.9	0	7.84722222222222	2.45579319133816	330
SUMMERSIDE	2016	1	7	7	-6.9	-0.6	4.12427993497618	-999.9	0	3.64583333333333	3.45242668457655	330
SUMMERSIDE	2016	1	8	8	-9.9	-2.5	4.5054490538475	-999.9	0	2.84722222222222	2.85774911258621	330
SUMMERSIDE	2016	1	9	9	-5	-1.7	3.03376807761988	-999.9	0	2.52314814814815	3.66683015076396	330
SUMMERSIDE	2016	1	10	10	-2.3	5.4	4.67442679232682	-999.9	0	5.54398148148147	5.46215414869948	330
SUMMERSIDE	2016	1	11	11	-5.7	7.6	6.19892367475412	-999.9	5.8	10.9259259259259	4.92923124022421	330
SUMMERSIDE	2016	1	12	12	-9.6	-3.3	4.30639089113923	-999.9	0	5.37037037037036	1.99780650166643	330
SUMMERSIDE	2016	1	13	13	-7.1	-0.4	4.48408444496802	-999.9	3.8	9.375	3.81563665475025	330
SUMMERSIDE	2016	1	14	14	-12.1	-6.8	4.02812754424393	-999.9	0	9.0625	2.1025950383564	330
SUMMERSIDE	2016	1	15	15	-13.3	-7.9	4.10791892584344	-999.9	0	8.47222222222222	1.77775395480225	330
SUMMERSIDE	2016	1	16	16	-13.9	-2.7	5.97887635942049	-999.9	0	4.97685185185186	2.61374669956481	330
SUMMERSIDE	2016	1	17	17	-6.7	-1.4	4.15771739691535	-999.9	0	3.98148148148147	3.6097829463975	330
SUMMERSIDE	2016	1	18	18	-10.5	-5	4.28273035393356	-999.9	0	2.95138888888889	2.47518148911895	330
SUMMERSIDE	2016	1	19	19	-12.4	-6.8	4.37085713064984	-999.9	0.2	6.94444444444445	2.12941910992778	330
SUMMERSIDE	2016	1	20	20	-9.5	-2.5	4.94379720585838	-999.9	0	8.82850241545894	2.83557755216179	330
SUMMERSIDE	2016	1	21	21	-8.7	-6.1	3.0488644578176	-999.9	0	6.35416666666667	2.34442560676728	330
SUMMERSIDE	2016	1	22	22	-10.1	-6.2	3.77936926839746	-999.9	0	5.40509259259258	2.30696889716137	330
SUMMERSIDE	2016	1	23	23	-11.9	-5.3	4.97720280519543	-999.9	0	4.39814814814814	2.46366228457169	330
SUMMERSIDE	2016	1	24	24	-9.5	-2.6	5.15288034681195	-999.9	0	6.05324074074075	2.9348744664516	330
SUMMERSIDE	2016	1	25	25	-9.6	-3.2	5.02583830494043	-999.9	0	3.42592592592592	2.89840708047469	330
SUMMERSIDE	2016	1	26	26	-7.3	5.5	7.1993371247812	-999.9	0	7.43055555555556	4.52394241544991	330
SUMMERSIDE	2016	1	27	27	-6.2	4.6	6.69945643584397	-999.9	0	5.85648148148147	4.27489715083243	330
SUMMERSIDE	2016	1	28	28	-7.7	-0.3	5.61888458632641	-999.9	0	4.46759259259258	2.87191912475759	330
SUMMERSIDE	2016	1	29	29	-2.1	0.2	3.17443496470357	-999.9	2.2	6.52777777777778	5.08292075016917	330
SUMMERSIDE	2016	1	30	30	-8.7	-2.1	5.45004172714407	-999.9	0.4	5	3.53400360892169	330
SUMMERSIDE	2016	1	31	31	-2.6	2.3	4.75996521001551	-999.9	0.9	6.18055555555556	5.31550502021712	330
SUMMERSIDE	2016	2	1	32	0.2	6.9	5.64246785276815	-999.9	0	7.37268518518519	6.48216395103531	330
SUMMERSIDE	2016	2	2	33	-9.7	0.3	6.98877963953498	-999.9	0	4.60648148148147	2.68832787929877	330
SUMMERSIDE	2016	2	3	34	-11.6	3	8.56222920822468	-999.9	5.1	3.93518518518519	3.5242527724586	330
SUMMERSIDE	2016	2	4	35	0.6	6.9	5.70328406170167	-999.9	3.7	5.76388888888889	7.43662856958109	330
SUMMERSIDE	2016	2	5	36	-6.2	1.5	6.394042794825	-999.9	9.6	6.64351851851853	4.63629239743677	330
SUMMERSIDE	2016	2	6	37	-11.3	-3.5	6.52649599213717	-999.9	0	6.36574074074075	2.72634957779453	330
SUMMERSIDE	2016	2	7	38	-12.2	1.4	8.74033517696797	-999.9	0	7.51157407407408	2.90733436431639	330
SUMMERSIDE	2016	2	8	39	-11.3	-4.2	6.40520656896922	-999.9	0	11.1458333333333	2.67456319710321	330
SUMMERSIDE	2016	2	9	40	-4.9	-3.1	3.27115665231079	-999.9	1.7	9.4212962962963	4.04809276233227	330
SUMMERSIDE	2016	2	10	41	-11.1	-4	6.58972971238202	-999.9	0	4.49074074074075	2.87398162977555	330
SUMMERSIDE	2016	2	11	42	-14.9	-3.8	8.35760795821557	-999.9	1.9	2.37268518518519	2.64710582924754	330
SUMMERSIDE	2016	2	12	43	-18.2	-8.6	7.88394480878221	-999.9	0.2	5.19675925925925	1.52449062427186	330
SUMMERSIDE	2016	2	13	44	-20.5	-8.4	8.97821932907728	-999.9	0	4.40972222222222	1.53942320879358	330
SUMMERSIDE	2016	2	14	45	-18.8	-12.8	6.41300642868629	-999.9	0.2	6.72453703703703	1.14363137644779	330
SUMMERSIDE	2016	2	15	46	-19.6	-9	8.6461629220962	-999.9	0	6.72453703703703	1.21629228951771	330
SUMMERSIDE	2016	2	16	47	-9	8.8	11.364697395828	-999.9	2.7	9.03935185185186	5.01156792008852	330
SUMMERSIDE	2016	2	17	48	-2	8.6	8.89545810650792	-999.9	3.9	5.40509259259258	6.48883398856833	330
SUMMERSIDE	2016	2	18	49	-4.9	-0.9	5.54243067017149	-999.9	0	4.52546296296297	3.92182325781997	330
SUMMERSIDE	2016	2	19	50	-7.9	-1.5	7.11049580837663	-999.9	0	3.46064814814814	2.90317745460875	330
SUMMERSIDE	2016	2	20	51	-6	3.1	8.59908841045474	-999.9	1.5	6.80555555555556	4.31996343190632	330
SUMMERSIDE	2016	2	21	52	0.3	4.1	5.63540444261324	-999.9	2.8	4.73379629629631	6.61244105331751	330
SUMMERSIDE	2016	2	22	53	-10.5	0.3	9.63438840522102	-999.9	0	5.17361111111111	2.78510199490672	330
SUMMERSIDE	2016	2	23	54	-12.2	-6.1	7.34228651523059	-999.9	0.2	2.75462962962963	2.00335029423121	330
SUMMERSIDE	2016	2	24	55	-7.9	4.7	10.6998778043495	-999.9	8.6	3.80787037037036	4.50669195448622	330
SUMMERSIDE	2016	2	25	56	4.4	12.7	8.80502629074972	-999.9	9.2	8.00925925925925	10.2847034447378	330
SUMMERSIDE	2016	2	26	57	-6	5.5	10.5076971877626	-999.9	0.3	8.68055555555556	4.42373482498524	330
SUMMERSIDE	2016	2	27	58	-9.8	-2.1	8.71641842508412	-999.9	0	6.88657407407408	2.31617932101004	330
SUMMERSIDE	2016	2	28	59	-5.7	2.3	9.00610560693909	-999.9	0	6.41203703703703	3.33094490235943	330
SUMMERSIDE	2016	2	29	60	-6.2	11	13.3850233211359	-999.9	1.6	5.78703703703703	5.56466394636781	330
SUMMERSIDE	2016	3	1	61	-7.3	3.1	10.5486367288123	-999.9	0.2	6.37731481481481	3.41166643393561	330
SUMMERSIDE	2016	3	2	62	-7.1	7.7	12.752508186952	-999.9	10.6	7.61574074074075	4.71488451728884	330
SUMMERSIDE	2016	3	3	63	-14.4	-4.4	10.622058343402	-999.9	0.2	9.0625	1.89294462433371	330
SUMMERSIDE	2016	3	4	64	-14.8	-5.4	10.434555907624	-999.9	0	4.79166666666667	1.64263532611498	330
SUMMERSIDE	2016	3	5	65	-9.8	-4.7	7.78668463992658	-999.9	0	8.79629629629631	2.57577116429891	330
SUMMERSIDE	2016	3	6	66	-10.1	-2.3	9.75499565104311	-999.9	0	3.69212962962964	2.68699296493449	330
SUMMERSIDE	2016	3	7	67	-6.8	3.9	11.5727767533977	-999.9	0	5.75231481481481	4.21912608919869	330
SUMMERSIDE	2016	3	8	68	-5.4	1.7	9.54757906096905	-999.9	0	5.32407407407408	3.55588982756419	330
SUMMERSIDE	2016	3	9	69	-5.7	4	11.3010757335072	-999.9	11.7	4.78009259259258	4.71792829986042	330
SUMMERSIDE	2016	3	10	70	-3	3.6	9.43900327012853	-999.9	0.7	5.06944444444445	5.38134546624042	330
SUMMERSIDE	2016	3	11	71	-3.1	-0.7	5.7627465139527	-999.9	0	3.70370370370369	4.17894937181824	330
SUMMERSIDE	2016	3	12	72	-3.9	2.6	9.60061140092983	-999.9	0	5.3125	4.26494357299492	330
SUMMERSIDE	2016	3	13	73	-3.7	3.7	10.3686962133491	-999.9	1.4	9.18981481481481	4.1658484875	330
SUMMERSIDE	2016	3	14	74	-5.6	-2.7	6.56931902177048	-999.9	0	5.69444444444445	3.03717712747819	330
SUMMERSIDE	2016	3	15	75	-5.6	2.3	10.9722129054281	-999.9	0.3	5.38194444444445	3.94971026049265	330
SUMMERSIDE	2016	3	16	76	-1.4	5.9	10.6720298092607	-999.9	5	2.96296296296297	6.62355017152675	330
SUMMERSIDE	2016	3	17	77	-4	-1.1	6.80509963991579	-999.9	2.8	4.90740740740742	4.21096035535519	330
SUMMERSIDE	2016	3	18	78	-11.3	-2.9	11.7157317477587	-999.9	3.3	5.86805555555556	3.21114327512237	330
SUMMERSIDE	2016	3	19	79	-11.2	-6	9.3232987960535	-999.9	0.2	4.49074074074075	2.37935444973844	330
SUMMERSIDE	2016	3	20	80	-10.5	-3	11.323484804515	-999.9	0	4.42129629629631	2.21231365870974	330
SUMMERSIDE	2016	3	21	81	-7.5	-2.5	9.34886639361371	-999.9	9	6.18055555555556	3.66051979822108	330
SUMMERSIDE	2016	3	22	82	-8.3	-2.4	10.267553615841	-999.9	0	9.12037037037036	2.61797069672542	330
SUMMERSIDE	2016	3	23	83	-8.8	-0.7	12.1616551648667	-999.9	0.3	4.73379629629631	2.70392738072913	330
SUMMERSIDE	2016	3	24	84	-10.6	-2.9	11.9852361696861	-999.9	0.2	5.05787037037036	1.93231290357401	330
SUMMERSIDE	2016	3	25	85	-4.6	-1	8.28218849016221	-999.9	1.4	2.56944444444444	4.21756017243995	330
SUMMERSIDE	2016	3	26	86	-9.4	-1.9	12.0797635339943	-999.9	4.5	1.01851851851852	3.33878567309547	330
SUMMERSIDE	2016	3	27	87	-9.8	1.9	15.2438887004847	-999.9	0.8	2.11805555555556	3.68838917414196	330
SUMMERSIDE	2016	3	28	88	-2	4.8	11.7401390303972	-999.9	21.6	4.87268518518519	5.6220045393269	330
SUMMERSIDE	2016	3	29	89	-3.1	2.5	10.7614178204994	-999.9	7.8	10.8101851851852	5.37203544640458	330
SUMMERSIDE	2016	3	30	90	-4.7	4.7	14.081104662957	-999.9	0	5.61342592592592	4.0737855375	330
SUMMERSIDE	2016	3	31	91	1.6	9	12.6161400898369	-999.9	1.2	6.49305555555556	7.51426866799162	330
SUMMERSIDE	2016	4	1	92	7.2	13.8	12.0298691643921	-999.9	4.2	9.93055555555556	11.4043294074753	330
SUMMERSIDE	2016	4	2	93	1.9	8.4	12.0521439536477	-999.9	8.4	3.86574074074075	7.52138474260725	330
SUMMERSIDE	2016	4	3	94	-8.3	6	18.0440792289764	-999.9	1.2	5.97222222222222	4.3763864211553	330
SUMMERSIDE	2016	4	4	95	-10.4	-2	13.9574410577556	-999.9	0	7.88194444444445	1.80421589971621	330
SUMMERSIDE	2016	4	5	96	-8.8	-4.8	9.719322829109	-999.9	0	4.16666666666667	2.18308281064612	330
SUMMERSIDE	2016	4	6	97	-9	0.3	14.9529809544611	-999.9	0	6.41203703703703	2.29370680146805	330
SUMMERSIDE	2016	4	7	98	-2.2	11.9	18.5744797926456	-999.9	0	9.07407407407408	6.64802207867315	330
SUMMERSIDE	2016	4	8	99	6.4	11	10.7015676172848	-999.9	9.1	10.0925925925926	9.55444751047096	330
SUMMERSIDE	2016	4	9	100	1.6	9	13.6894628075848	-999.9	0	4.96527777777778	7.01480834978186	330
SUMMERSIDE	2016	4	10	101	-3.2	3.4	13.0372313431546	-999.9	1.2	7.68518518518519	3.77890358786315	330
SUMMERSIDE	2016	4	11	102	-4.5	6.6	17.0474206343129	-999.9	4.2	5.41666666666667	3.68833690007073	330
SUMMERSIDE	2016	4	12	103	5.3	12.3	13.6480643449595	-999.9	5	10.0578703703704	9.87518749790152	330
SUMMERSIDE	2016	4	13	104	-1.2	9.2	16.7689084027663	-999.9	2.4	4.95370370370369	6.33719122814766	330
SUMMERSIDE	2016	4	14	105	-2.2	6	15.0072987871188	-999.9	0.2	5.20833333333333	5.11446552761855	330
SUMMERSIDE	2016	4	15	106	-0.7	3.7	11.0782459457514	-999.9	0	9.78009259259258	5.47156737844785	330
SUMMERSIDE	2016	4	16	107	-2.5	0.9	9.81239356128984	-999.9	0	8.33333333333333	5.11202430170086	330
SUMMERSIDE	2016	4	17	108	-3.2	12.5	21.2431120827739	-999.9	0	3.80787037037036	6.43784568163355	330
SUMMERSIDE	2016	4	18	109	-4.3	6.3	17.5831326209727	-999.9	0	6.11111111111111	4.53060406240352	330
SUMMERSIDE	2016	4	19	110	-4.2	4.9	16.4089741967062	-999.9	0	3.40277777777778	4.62542678924585	330
SUMMERSIDE	2016	4	20	111	-1.3	5.6	14.3894879154792	-999.9	0	5.40509259259258	4.96457400332901	330
SUMMERSIDE	2016	4	21	112	-0.7	17	23.2065382251756	-999.9	0	4.93055555555556	6.23765232591352	330
SUMMERSIDE	2016	4	22	113	-1.1	13.3	21.0741965192519	-999.9	0	2.28009259259259	6.2604990859822	330
SUMMERSIDE	2016	4	23	114	2.9	12.7	17.5013776012422	-999.9	8.6	2.63888888888889	8.59381477590406	330
SUMMERSIDE	2016	4	24	115	-1.6	6.8	16.3091705884481	-999.9	0.2	5.625	4.85833890920997	330
SUMMERSIDE	2016	4	25	116	-2.5	6.1	16.6080394008179	-999.9	0	4.42129629629631	3.69786036822569	330
SUMMERSIDE	2016	4	26	117	-3.2	6.6	17.8403438318098	-999.9	0	2.93981481481481	4.07620825112338	330
SUMMERSIDE	2016	4	27	118	-3.9	9.9	21.3007630833558	-999.9	0	4.10879629629631	5.16952834252195	330
SUMMERSIDE	2016	4	28	119	-3	3.3	14.4789140255565	-999.9	0.5	5.57870370370369	3.70263057910869	330
SUMMERSIDE	2016	4	29	120	-2.5	10.1	20.5970967106112	-999.9	0	4.25925925925925	3.7854318711586	330
SUMMERSIDE	2016	4	30	121	-1.6	11.7	21.2836823748094	-999.9	0	3.24074074074075	4.37785449472964	330
SUMMERSIDE	2016	5	1	122	-1.7	12.4	22.0382029093924	-999.9	0	3.07870370370369	5.08950474744718	330
SUMMERSIDE	2016	5	2	123	5	14.6	18.2849440783128	-999.9	0	3.00925925925925	6.46770780630112	330
SUMMERSIDE	2016	5	3	124	2.3	6.6	12.3035273703925	-999.9	4.2	6.62037037037036	7.56450369424926	330
SUMMERSIDE	2016	5	4	125	2	7	13.3371816038355	-999.9	0	4.86111111111111	7.48343026229784	330
SUMMERSIDE	2016	5	5	126	2.7	4.5	8.04350781897216	-999.9	12.1	6.72453703703703	7.35902635380426	330
SUMMERSIDE	2016	5	6	127	1.1	5	11.8992200822551	-999.9	10.4	7.61574074074075	7.20894175803296	330
SUMMERSIDE	2016	5	7	128	0.2	12	20.7994187833031	-999.9	0.2	3.28703703703703	8.08467219914127	330
SUMMERSIDE	2016	5	8	129	7.4	19.1	20.8101125707003	-999.9	0	4.75694444444445	12.8109942081962	330
SUMMERSIDE	2016	5	9	130	3.1	9.4	15.3415991451767	-999.9	0.5	10.8912037037037	6.61121032310793	330
SUMMERSIDE	2016	5	10	131	4	12.6	18.0059584823539	-999.9	0.2	5.92592592592592	7.49405538741089	330
SUMMERSIDE	2016	5	11	132	3.9	10	15.2316394138006	-999.9	0	3.50694444444444	6.26672768508851	330
SUMMERSIDE	2016	5	12	133	-1	12.6	22.8409515929387	-999.9	0	4.31712962962964	5.73826978410388	330
SUMMERSIDE	2016	5	13	134	-1	17.4	26.6787322538314	-999.9	0	3.44907407407408	6.05111421842814	330
SUMMERSIDE	2016	5	14	135	4.3	15.1	20.5224145715306	-999.9	6.1	5.35087719298244	9.79407384634733	330
SUMMERSIDE	2016	5	15	136	4.6	15	20.2182025111822	-999.9	5.5	4.13194444444444	11.2019077209447	330
SUMMERSIDE	2016	5	16	137	3.6	7.5	12.4284418571712	-999.9	0.8	9.81481481481481	7.32239004353802	330
SUMMERSIDE	2016	5	17	138	5.5	12.1	16.2279735283636	-999.9	0	5.23611111111111	8.62714653534233	330
SUMMERSIDE	2016	5	18	139	6.5	17.3	20.8334783951705	-999.9	0	4.03935185185186	9.11616789163132	330
SUMMERSIDE	2016	5	19	140	6	20.5	24.2237483960282	-999.9	0	3.85416666666667	8.93255356761014	330
SUMMERSIDE	2016	5	20	141	9.7	20.7	21.1695280948525	-999.9	0	5.28935185185186	10.9910367648849	330
SUMMERSIDE	2016	5	21	142	9.6	27	26.7114333520274	-999.9	0	5.13888888888889	11.0070631744648	330
SUMMERSIDE	2016	5	22	143	10.8	21.1	20.6157600463909	-999.9	0	5.76388888888889	11.0367456981778	330
SUMMERSIDE	2016	5	23	144	9	17.1	18.337158300922	-999.9	0	5.61342592592592	11.9258126203342	330
SUMMERSIDE	2016	5	24	145	10.3	22.3	22.3841046487934	-999.9	0	3.34490740740742	14.917357732537	330
SUMMERSIDE	2016	5	25	146	12.1	24.2	22.5399180565177	-999.9	0	4.90740740740742	16.7176764841787	330
SUMMERSIDE	2016	5	26	147	5.4	13.8	18.8304613761029	-999.9	1.9	6.89814814814814	10.7974356253864	330
SUMMERSIDE	2016	5	27	148	5.6	12	16.4787498074263	-999.9	14	4.39814814814814	9.66195168340749	330
SUMMERSIDE	2016	5	28	149	4.1	13.3	19.8058085912053	-999.9	0	6.38888888888889	9.98275032990587	330
SUMMERSIDE	2016	5	29	150	4.2	15.8	22.2917226148151	-999.9	0	2.89351851851853	9.12871361747807	330
SUMMERSIDE	2016	5	30	151	9.9	16.5	16.8521103725792	-999.9	5.7	6.37731481481481	13.2735657898989	330
SUMMERSIDE	2016	5	31	152	10.7	24.7	24.5960795225011	-999.9	0.6	5.30092592592592	16.6659464934071	330
SUMMERSIDE	2016	6	1	153	3.3	10.9	18.1585091398972	-999.9	0.3	5.85648148148147	7.76175326078185	330
SUMMERSIDE	2016	6	2	154	1.7	17.8	26.4795104631542	-999.9	0	3.50694444444444	7.80078551245879	330
SUMMERSIDE	2016	6	3	155	8.7	19.1	21.3201137621921	-999.9	0	5.91435185185186	12.1917762787767	330
SUMMERSIDE	2016	6	4	156	10.6	16.5	16.0852201630252	-999.9	0	3.88888888888889	12.7186062904883	330
SUMMERSIDE	2016	6	5	157	9.4	14.2	14.5312241533865	-999.9	0	3.88888888888889	12.3567296536225	330
SUMMERSIDE	2016	6	6	158	11	15.1	13.4495146388573	-999.9	6	6.31944444444445	13.6475190430477	330
SUMMERSIDE	2016	6	7	159	12.5	23.1	21.6547576611865	-999.9	0	4.73379629629631	17.7262488428723	330
SUMMERSIDE	2016	6	8	160	11.4	19.6	19.0697820653887	-999.9	4.5	5.96064814814814	15.5290705962664	330
SUMMERSIDE	2016	6	9	161	7	11.9	14.7580177540241	-999.9	12.1	7.23379629629631	10.7052273344913	330
SUMMERSIDE	2016	6	10	162	6.9	13	16.4831018211431	-999.9	1.2	6.68981481481481	10.7571898227344	330
SUMMERSIDE	2016	6	11	163	9.2	21.1	23.0432886219661	-999.9	0.4	4.39814814814814	13.3395488941339	330
SUMMERSIDE	2016	6	12	164	11.7	17.3	15.8203078457776	-999.9	2.5	5.18518518518519	14.2361136283522	330
SUMMERSIDE	2016	6	13	165	10	16.1	16.52299658679	-999.9	7.5	2.83564814814814	14.3980064580766	330
SUMMERSIDE	2016	6	14	166	8	11	11.5941948887567	-999.9	11.4	4.71064814814814	11.7136547817774	330
SUMMERSIDE	2016	6	15	167	8.6	10.7	9.70507356205276	-999.9	1.5	4.74537037037036	11.3535469141437	330
SUMMERSIDE	2016	6	16	168	6.1	11.3	15.2775339096737	-999.9	0	4.62962962962964	9.45560839829367	330
SUMMERSIDE	2016	6	17	169	6.7	15.8	20.2156590240018	-999.9	0	4.14351851851853	9.82590126822732	330
SUMMERSIDE	2016	6	18	170	6.4	24.6	28.5937937497588	-999.9	0	4.16666666666667	10.5196929845676	330
SUMMERSIDE	2016	6	19	171	12.7	23.4	21.9255318621147	-999.9	0	8.41435185185186	11.1737965495663	330
SUMMERSIDE	2016	6	20	172	12	23.6	22.8277291614451	-999.9	0	9.78009259259258	11.5361301993296	330
SUMMERSIDE	2016	6	21	173	11.9	22.8	22.1246168376527	-999.9	0	7.46527777777778	14.0836771409456	330
SUMMERSIDE	2016	6	22	174	12.2	21.7	20.6493526690104	-999.9	0	3.99305555555556	14.2990559819997	330
SUMMERSIDE	2016	6	23	175	12.7	22.5	20.9649172176513	-999.9	1.5	4.01620370370369	16.367525495216	330
SUMMERSIDE	2016	6	24	176	10.7	21	21.482635006404	-999.9	0.2	3.32175925925925	12.6140501823518	330
SUMMERSIDE	2016	6	25	177	10.6	25.4	25.7360543403409	-999.9	0	4.93055555555556	13.0464963831948	330
SUMMERSIDE	2016	6	26	178	13.5	26.4	24.0105147891208	-999.9	0	4.74537037037036	13.5092179427201	330
SUMMERSIDE	2016	6	27	179	14.8	26.4	22.7501595842043	-999.9	0	7.09490740740742	16.2629163180242	330
SUMMERSIDE	2016	6	28	180	14.7	26.2	22.6311445991055	-999.9	0	8.48379629629631	17.4745395546866	330
SUMMERSIDE	2016	6	29	181	18.9	24.4	15.6348737316398	-999.9	7.6	5.77546296296297	22.7640879818173	330
SUMMERSIDE	2016	6	30	182	15.1	25	20.9526676704685	-999.9	2.4	4.62962962962964	19.863057456696	330
SUMMERSIDE	2016	7	1	183	14.3	27.3	23.9803393318906	-999.9	0	3.53009259259258	17.8725054061937	330
SUMMERSIDE	2016	7	2	184	14.9	22.4	18.1898613462634	-999.9	0.3	5.83333333333333	17.4573563722171	330
SUMMERSIDE	2016	7	3	185	13.1	20.3	17.7964450519975	-999.9	0	5.47453703703703	13.3295314236167	330
SUMMERSIDE	2016	7	4	186	12	25.8	24.5995917750978	-999.9	0	4.57175925925925	13.7578800139364	330
SUMMERSIDE	2016	7	5	187	15.5	26.4	21.8260925216837	-999.9	23	3.81944444444444	19.5295319910182	330
SUMMERSIDE	2016	7	6	188	11.1	17.6	16.8246789094908	-999.9	0.2	4.64120370370369	14.5149517592169	330
SUMMERSIDE	2016	7	7	189	10.9	15.8	14.5803658076885	-999.9	16.7	3.03240740740742	12.8755319278284	330
SUMMERSIDE	2016	7	8	190	10.2	16.6	16.6300470533529	-999.9	0.6	4.51388888888889	13.1778046554048	330
SUMMERSIDE	2016	7	9	191	12.6	15.6	11.3618744789476	-999.9	0	3.18287037037036	13.1587320692186	330
SUMMERSIDE	2016	7	10	192	12.2	16.2	13.0905500763109	-999.9	6.1	2.87037037037036	14.5788883078971	330
SUMMERSIDE	2016	7	11	193	9	20.1	21.7560732143117	-999.9	0	5.24305555555556	12.9240570791348	330
SUMMERSIDE	2016	7	12	194	8.1	25.7	27.328699180746	-999.9	0.2	2.24537037037037	15.7310316499967	330
SUMMERSIDE	2016	7	13	195	9.5	24	24.7424447654252	-999.9	0	3.42592592592592	13.8609847434924	330
SUMMERSIDE	2016	7	14	196	16.6	25.4	19.2241963449849	-999.9	0	9.53703703703703	18.9364668213389	330
SUMMERSIDE	2016	7	15	197	17.9	25.6	17.9329863796469	-999.9	0	7.09490740740742	22.0184878068365	330
SUMMERSIDE	2016	7	16	198	12.6	22	19.7571186103339	-999.9	0.3	3.47222222222222	16.2998828113892	330
SUMMERSIDE	2016	7	17	199	11.6	22.8	21.5017105370346	-999.9	5.4	2.02546296296296	16.8538432450272	330
SUMMERSIDE	2016	7	18	200	17.2	25.6	18.5634939084076	-999.9	0	5.3125	21.7848575040208	330
SUMMERSIDE	2016	7	19	201	11.1	23.1	22.1166014192803	-999.9	0	5.52083333333333	13.7699672377991	330
SUMMERSIDE	2016	7	20	202	11.5	22.2	20.8151148928566	-999.9	0	4.23611111111111	13.967029637017	330
SUMMERSIDE	2016	7	21	203	12.9	27.3	24.0645991591624	-999.9	0	4.27083333333333	17.1660912807125	330
SUMMERSIDE	2016	7	22	204	17.4	25.2	17.6484388211233	-999.9	0.3	8.27546296296297	19.9560714775024	330
SUMMERSIDE	2016	7	23	205	14.8	27.7	22.6134293351282	-999.9	0.8	4.95370370370369	20.9734813881982	330
SUMMERSIDE	2016	7	24	206	14.7	25.3	20.4215115694407	-999.9	0	1.73611111111111	20.1611138160363	330
SUMMERSIDE	2016	7	25	207	14.7	26.6	21.5537294954552	-999.9	0	2.25694444444444	20.3163973632875	330
SUMMERSIDE	2016	7	26	208	16.2	24.6	18.03653104444	-999.9	0.4	3.50694444444444	20.7461836207439	330
SUMMERSIDE	2016	7	27	209	15.4	26.4	20.5553260662908	-999.9	0	2.24537037037037	20.8472255324354	330
SUMMERSIDE	2016	7	28	210	18.3	28.9	20.0930401273687	-999.9	6	4.22453703703703	23.7054591329394	330
SUMMERSIDE	2016	7	29	211	17	23.8	16.0236590349762	-999.9	0	2.69675925925926	21.4180030033393	330
SUMMERSIDE	2016	7	30	212	16.2	26.2	19.3451177004909	-999.9	0	2.39583333333333	19.3600540301036	330
SUMMERSIDE	2016	7	31	213	12.6	26.2	22.4571360617981	-999.9	0	2.97453703703703	16.0877732008972	330
SUMMERSIDE	2016	8	1	214	10.9	25.7	23.3173125826181	-999.9	0	2.21064814814815	15.4063689995905	330
SUMMERSIDE	2016	8	2	215	11.1	24.3	21.9152424438588	-999.9	0	3.00925925925925	14.801936209447	330
SUMMERSIDE	2016	8	3	216	10.8	24.7	22.3783013241527	-999.9	0	3.21759259259258	14.31571515497	330
SUMMERSIDE	2016	8	4	217	16.6	25.3	17.6152268183332	-999.9	1	6.37731481481481	19.1861784717302	330
SUMMERSIDE	2016	8	5	218	16.2	26.7	19.2522022181551	-999.9	0	6.37731481481481	18.8931901047379	330
SUMMERSIDE	2016	8	6	219	17.7	27.2	18.2159881445601	-999.9	0	8.18287037037036	21.3013272671503	330
SUMMERSIDE	2016	8	7	220	16	26	18.5884797019658	-999.9	0	3.71527777777778	18.0520713928698	330
SUMMERSIDE	2016	8	8	221	11.2	24.4	21.2388649177251	-999.9	0	4.61805555555556	13.5057134040932	330
SUMMERSIDE	2016	8	9	222	11.4	23.3	20.0523631981027	-999.9	0	3.19444444444444	13.6264148961097	330
SUMMERSIDE	2016	8	10	223	14	28.4	21.9314881395028	-999.9	0	4.90740740740742	17.9907357363531	330
SUMMERSIDE	2016	8	11	224	18.8	25.1	14.4211097805201	-999.9	5.3	5.10416666666667	23.5609533851229	330
SUMMERSIDE	2016	8	12	225	12.8	21.4	16.748106544689	-999.9	2.5	2.31481481481481	17.9629548919631	330
SUMMERSIDE	2016	8	13	226	8.8	22.4	20.9324615508092	-999.9	0.2	2.59259259259259	13.10814460617	330
SUMMERSIDE	2016	8	14	227	14.7	17.3	9.09531840866049	-999.9	13.6	3.78472222222222	16.7490792745607	330
SUMMERSIDE	2016	8	15	228	11.6	21.2	17.3657287444258	-999.9	0	2.74305555555556	15.7071487407828	330
SUMMERSIDE	2016	8	16	229	10.2	25.4	21.709553093265	-999.9	0.4	3.35648148148147	16.2511930228546	330
SUMMERSIDE	2016	8	17	230	15	18	9.58090852895063	-999.9	29.7	4.93055555555556	17.4565183530811	330
SUMMERSIDE	2016	8	18	231	15.3	26.3	18.2223518528018	-999.9	0	3.14814814814814	20.6885298347717	330
SUMMERSIDE	2016	8	19	232	14.4	23.5	16.4602187868529	-999.9	0	4.13194444444444	18.1921365060186	330
SUMMERSIDE	2016	8	20	233	12.8	22.1	16.5237178807274	-999.9	0	1.97916666666667	15.9215214035188	330
SUMMERSIDE	2016	8	21	234	17.2	25.7	15.6845292288345	-999.9	0	5.63657407407408	19.3974376543817	330
SUMMERSIDE	2016	8	22	235	15.7	26.4	17.470034218491	-999.9	5.1	6.36574074074075	20.7176804588664	330
SUMMERSIDE	2016	8	23	236	14.7	24.6	16.6802748267983	-999.9	0	6.53935185185186	15.3823027685559	330
SUMMERSIDE	2016	8	24	237	17.4	26.8	16.1315817894066	-999.9	0	4.89583333333333	19.1754645933484	330
SUMMERSIDE	2016	8	25	238	17.5	25	14.299292988851	-999.9	0	8.03240740740742	20.6237467313965	330
SUMMERSIDE	2016	8	26	239	18.7	22.9	10.6175122872685	-999.9	0.9	6.78240740740742	21.9115477435337	330
SUMMERSIDE	2016	8	27	240	9.1	20.9	17.6561670237502	-999.9	0	4.54861111111111	14.6885158244511	330
SUMMERSIDE	2016	8	28	241	8.2	21.6	18.6641429293975	-999.9	0	2.16435185185185	12.3898420532487	330
SUMMERSIDE	2016	8	29	242	13.9	23.3	15.5046716622361	-999.9	15.5	6.12268518518519	18.3346719942543	330
SUMMERSIDE	2016	8	30	243	12.2	19.3	13.3632911965985	-999.9	0	3.4375	13.2320320689616	330
SUMMERSIDE	2016	8	31	244	13.1	24	16.4182020625076	-999.9	8.6	4.32870370370369	18.3526032138086	330
SUMMERSIDE	2016	9	1	245	16	21.9	11.9759175677968	-999.9	7.8	3.11342592592592	20.1041953201934	330
SUMMERSIDE	2016	9	2	246	11.7	18.3	12.5564667691048	-999.9	0.2	6.60879629629631	13.9822685847131	330
SUMMERSIDE	2016	9	3	247	8	19.6	16.4998244831476	-999.9	0	2.66203703703704	12.3504616560469	330
SUMMERSIDE	2016	9	4	248	7.9	20.7	17.1771947469571	-999.9	0	3.47222222222222	12.0416357976824	330
SUMMERSIDE	2016	9	5	249	13.8	22.9	14.3518173040587	-999.9	0	5.21990740740742	16.0345437047059	330
SUMMERSIDE	2016	9	6	250	14.9	27.2	16.5317826401806	-999.9	0	3.04398148148147	21.5028376263323	330
SUMMERSIDE	2016	9	7	251	19.1	26.7	12.8735054758498	-999.9	0	6.41203703703703	23.1797266781973	330
SUMMERSIDE	2016	9	8	252	18.5	25.1	11.8830208085381	-999.9	0	4.56018518518519	23.0128711271452	330
SUMMERSIDE	2016	9	9	253	16.1	27.3	15.3310097503994	-999.9	0	5.38194444444445	21.7323187269162	330
SUMMERSIDE	2016	9	10	254	13.7	22.4	13.3804363944441	-999.9	0	3.65740740740742	17.1951348146125	330
SUMMERSIDE	2016	9	11	255	13.1	26.1	16.1947165020688	-999.9	0.9	8.37962962962964	18.6365003847594	330
SUMMERSIDE	2016	9	12	256	11.5	21.5	14.0616056931355	-999.9	0	6.70138888888889	11.0801382798909	330
SUMMERSIDE	2016	9	13	257	14.2	24.7	14.2628119081857	-999.9	0	6.23842592592592	15.9320841636159	330
SUMMERSIDE	2016	9	14	258	10.7	21.9	14.5793315228485	-999.9	9.8	7.59259259259258	16.1036133110599	330
SUMMERSIDE	2016	9	15	259	6	16	13.632935724379	-999.9	0	4.97685185185186	9.91775449146371	330
SUMMERSIDE	2016	9	16	260	8.1	19.9	14.653254353425	-999.9	0	4.58333333333333	11.689384289149	330
SUMMERSIDE	2016	9	17	261	13.2	21.3	12.0110908912578	-999.9	0	7.75462962962964	14.7384647417731	330
SUMMERSIDE	2016	9	18	262	15.6	18.8	7.46801600783473	-999.9	5.6	6.875	17.8307586596196	330
SUMMERSIDE	2016	9	19	263	16.3	18.7	6.39690569267479	-999.9	3.1	2.70833333333333	19.3183357439437	330
SUMMERSIDE	2016	9	20	264	15.2	20.3	9.22205311978663	-999.9	0	2.65046296296296	19.2183573313296	330
SUMMERSIDE	2016	9	21	265	13.6	24	13.0221271264655	-999.9	0	4.45601851851853	15.887337710077	330
SUMMERSIDE	2016	9	22	266	11.1	18.9	11.1501383402777	-999.9	0	3.79629629629631	12.2416188221264	330
SUMMERSIDE	2016	9	23	267	4.9	13	11.23281485602	-999.9	16.6	3.22916666666667	10.7348085172399	330
SUMMERSIDE	2016	9	24	268	5.1	14.3	11.8331156535352	-999.9	0	3.53009259259258	9.40003196838417	330
SUMMERSIDE	2016	9	25	269	5.6	12.8	10.3461098320697	-999.9	1.6	5.41666666666667	8.92844571377228	330
SUMMERSIDE	2016	9	26	270	5.5	13.8	10.9774805384958	-999.9	0	4.31712962962964	9.02241954330178	330
SUMMERSIDE	2016	9	27	271	8.2	12.4	7.71594078332484	-999.9	0	5.06944444444445	10.1314190339255	330
SUMMERSIDE	2016	9	28	272	9.9	14.4	7.89077467690059	-999.9	2.1	6.29629629629631	11.0163235672217	330
SUMMERSIDE	2016	9	29	273	4	12.9	10.9624300381574	-999.9	0.8	6.13425925925925	9.34230979266332	330
SUMMERSIDE	2016	9	30	274	2.3	17.5	14.1508391886078	-999.9	0.2	1.68981481481481	9.76173619558805	330
SUMMERSIDE	2016	10	1	275	7.1	18.4	12.0503371101716	-999.9	0	2.22222222222222	12.0032036479191	330
SUMMERSIDE	2016	10	2	276	9	16.6	9.75929136005363	-999.9	0	2.90509259259258	12.5350302907429	330
SUMMERSIDE	2016	10	3	277	0.5	12.9	12.3091136110835	-999.9	0	6.66666666666667	7.46113211363292	330
SUMMERSIDE	2016	10	4	278	0.7	13.7	12.4436004978087	-999.9	0	2.75462962962963	7.6918845026693	330
SUMMERSIDE	2016	10	5	279	6	19.5	12.5185731942178	-999.9	0	4.21296296296297	11.8733390025784	330
SUMMERSIDE	2016	10	6	280	7.6	20.7	12.1728836366668	-999.9	0	2.85879629629631	13.2713950721052	330
SUMMERSIDE	2016	10	7	281	9.7	22.3	11.7833976988566	-999.9	0	3.24074074074075	14.353093819753	330
SUMMERSIDE	2016	10	8	282	9.8	22	11.4433060522477	-999.9	0	5.27777777777778	14.1634092520834	330
SUMMERSIDE	2016	10	9	283	9.6	17	8.79496443166164	-999.9	8.2	5.01157407407408	13.315766548569	330
SUMMERSIDE	2016	10	10	284	7	9.8	5.33833276807221	-999.9	29.9	13.8425925925926	10.1000898982637	330
SUMMERSIDE	2016	10	11	285	5.3	10.9	7.4489037046342	-999.9	0	5.74074074074075	8.04813721894277	330
SUMMERSIDE	2016	10	12	286	7.3	17.1	9.72183072585108	-999.9	0	4.62962962962964	11.3611410345173	330
SUMMERSIDE	2016	10	13	287	9.9	18.4	8.93198144291494	-999.9	0	6.08796296296297	13.0952560869726	330
SUMMERSIDE	2016	10	14	288	5.7	14.2	8.81088634636057	-999.9	1.1	6.05324074074075	9.20577085116528	330
SUMMERSIDE	2016	10	15	289	0.2	10.2	9.42653874236796	-999.9	0	4.10879629629631	5.9926780995478	330
SUMMERSIDE	2016	10	16	290	2	15.1	10.6414871162479	-999.9	4.3	6.45833333333333	8.56435305034527	330
SUMMERSIDE	2016	10	17	291	5.8	16.2	9.3513027353827	-999.9	0	4.20138888888889	10.9995914985614	330
SUMMERSIDE	2016	10	18	292	4.6	14	8.76767903586681	-999.9	0	4.34027777777778	9.76320102468571	330
SUMMERSIDE	2016	10	19	293	8.6	20.7	9.80973792382031	-999.9	1.7	7.29166666666667	12.671900344307	330
SUMMERSIDE	2016	10	20	294	6.6	12.3	6.63937529243549	-999.9	0	3.43434343434344	8.7319083261747	330
SUMMERSIDE	2016	10	21	295	9	16.2	7.3580816593336	-999.9	1.6	5.94907407407408	12.6769183688199	330
SUMMERSIDE	2016	10	22	296	14.7	20.4	6.45550717628441	-999.9	23.8	6.03009259259258	19.0365098480882	330
SUMMERSIDE	2016	10	23	297	5.6	14.8	8.0866767778011	-999.9	0	10.4513888888889	9.10594715018552	330
SUMMERSIDE	2016	10	24	298	4.1	10.3	6.54555712942367	-999.9	0	8.57638888888889	6.36599059944675	330
SUMMERSIDE	2016	10	25	299	1	5.7	5.61912253012044	-999.9	0.7	4.03935185185186	6.66209117976715	330
SUMMERSIDE	2016	10	26	300	4.4	7.5	4.49952169289032	-999.9	9.3	8.14814814814814	8.38111755673075	330
SUMMERSIDE	2016	10	27	301	-0.1	6.5	6.47326764850403	-999.9	0.2	4.95370370370369	6.06996224063048	330
SUMMERSIDE	2016	10	28	302	-0.9	7	6.98287934143787	-999.9	3.5	3.42592592592592	6.30822329291763	330
SUMMERSIDE	2016	10	29	303	6.6	10.4	4.77516885516887	-999.9	13.5	5.27777777777778	10.777087986467	330
SUMMERSIDE	2016	10	30	304	5.9	9	4.25268897468905	-999.9	4.2	4.23611111111111	9.83375929654514	330
SUMMERSIDE	2016	10	31	305	5.6	8.3	3.91348656592568	-999.9	1.6	2.95138888888889	9.39799563208591	330
SUMMERSIDE	2016	11	1	306	3.5	7.2	4.51750799768393	-999.9	0.2	5.26620370370369	7.95328949840751	330
SUMMERSIDE	2016	11	2	307	3.4	9.1	5.52932574054979	-999.9	0	2.12962962962963	8.45675664895437	330
SUMMERSIDE	2016	11	3	308	6.1	8.5	3.53835492605506	-999.9	1.1	2.30324074074074	9.05834212405436	330
SUMMERSIDE	2016	11	4	309	1.3	7	5.37802038082216	-999.9	4.5	3.72685185185186	7.80402341693729	330
SUMMERSIDE	2016	11	5	310	0.3	4.3	4.44361520436474	-999.9	0	3.21759259259258	5.54628028030349	330
SUMMERSIDE	2016	11	6	311	2.1	6.1	4.38322877369479	-999.9	1.5	4.72222222222222	6.80002449207989	330
SUMMERSIDE	2016	11	7	312	0.1	6.5	5.46955828216616	-999.9	0	3.22916666666667	5.60119519033183	330
SUMMERSIDE	2016	11	8	313	1.2	10.9	6.64340842067044	-999.9	0	4.29398148148147	7.4109495158795	330
SUMMERSIDE	2016	11	9	314	1.6	13	7.10639553815606	-999.9	1	3.48379629629631	8.7545432148395	330
SUMMERSIDE	2016	11	10	315	1.7	5.9	4.25664027149455	-999.9	0	4.74537037037036	6.1110562388119	330
SUMMERSIDE	2016	11	11	316	2.7	8.8	5.06303101738009	-999.9	2.6	7.11805555555556	8.03820844673059	330
SUMMERSIDE	2016	11	12	317	-0.7	5.6	5.079043434306	-999.9	0.3	7.89351851851853	5.17284022243272	330
SUMMERSIDE	2016	11	13	318	3.1	9.5	5.05399621348517	-999.9	0	6.49305555555556	6.52732185375127	330
SUMMERSIDE	2016	11	14	319	0	12.9	7.08508539264597	-999.9	0	4.46759259259258	7.83704220034155	330
SUMMERSIDE	2016	11	15	320	-0.9	9.6	6.31287271108024	-999.9	0	1.81712962962963	7.97725142291962	330
SUMMERSIDE	2016	11	16	321	6.3	14.1	5.37456765623196	-999.9	10.7	4.30555555555556	11.8705314479262	330
SUMMERSIDE	2016	11	17	322	6.7	11.6	4.20866860865402	-999.9	0	4.16666666666667	11.1289132506453	330
SUMMERSIDE	2016	11	18	323	5.4	6.9	2.30109385407775	-999.9	0	6.93287037037036	8.89448560364331	330
SUMMERSIDE	2016	11	19	324	5.1	8.4	3.37352720982487	-999.9	2.8	7.46527777777778	9.51375803198184	330
SUMMERSIDE	2016	11	20	325	6.9	14.3	4.99439840971276	-999.9	1	4.01620370370369	12.2399511109529	330
SUMMERSIDE	2016	11	21	326	4	11.2	4.87169613717253	-999.9	0.2	4.93055555555556	8.73066578415033	330
SUMMERSIDE	2016	11	22	327	0.6	4.4	3.50077275747844	-999.9	4.2	6.67824074074075	5.96254009070944	330
SUMMERSIDE	2016	11	23	328	0.9	5.2	3.68452148303391	-999.9	6.4	5.61342592592592	7.237688092026	330
SUMMERSIDE	2016	11	24	329	0.2	2.9	2.88951558712018	-999.9	0.8	4.89583333333333	5.93575132922256	330
SUMMERSIDE	2016	11	25	330	0.2	3.9	3.34862737370631	-999.9	0.2	1.77083333333333	5.87823655300334	330
SUMMERSIDE	2016	11	26	331	-0.7	4.8	4.04297939677911	-999.9	0	2.66203703703704	6.45535087045408	330
SUMMERSIDE	2016	11	27	332	-0.6	4.6	3.89414713409351	-999.9	12.8	9.44444444444444	6.58958081116943	330
SUMMERSIDE	2016	11	28	333	-0.4	1.5	2.33248605702166	-999.9	1	6.00694444444445	5.9535142492361	330
SUMMERSIDE	2016	11	29	334	-0.5	1.5	2.37210879870495	-999.9	0.2	3.61111111111111	5.87084479786746	330
SUMMERSIDE	2016	11	30	335	0.1	2.6	2.62976752270106	-999.9	18.5	4.83796296296297	6.35764680416081	330
SUMMERSIDE	2016	12	1	336	0.2	3.8	3.13026608180792	-999.9	15.2	5.83333333333333	6.44780587663957	330
SUMMERSIDE	2016	12	2	337	0.1	3.2	2.88239036625314	-999.9	0.9	5.16203703703703	6.77055299583755	330
SUMMERSIDE	2016	12	3	338	0.3	3.9	3.08339167394044	-999.9	1.6	5.61342592592592	6.65763836316877	330
SUMMERSIDE	2016	12	4	339	-3.2	0.8	3.22760657228623	-999.9	0.4	5.85648148148147	4.55209786740083	330
SUMMERSIDE	2016	12	5	340	-3.1	-1.1	2.26730709491593	-999.9	0	3.33333333333333	4.14179813220076	330
SUMMERSIDE	2016	12	6	341	-3.7	-1.1	2.56922508434804	-999.9	0	3.78472222222222	4.04871417500492	330
SUMMERSIDE	2016	12	7	342	-3.1	0	2.78930124419855	-999.9	0	3.05555555555556	4.586315487251	330
SUMMERSIDE	2016	12	8	343	-1.1	1.4	2.49152944513029	-999.9	0.9	3.4375	5.74206129752455	330
SUMMERSIDE	2016	12	9	344	-5.6	0	3.71070995207101	-999.9	0.2	6.37731481481481	3.97608091281358	330
SUMMERSIDE	2016	12	10	345	-10.3	-5.6	3.38428855688245	-999.9	0.2	6.75925925925925	2.44968314174567	330
SUMMERSIDE	2016	12	11	346	-10	-5.1	3.44162197039435	-999.9	0	6.29629629629631	2.45886702094536	330
SUMMERSIDE	2016	12	12	347	-13.2	-1.2	5.36656143077549	-999.9	7.5	4.34027777777778	3.18200241501586	330
SUMMERSIDE	2016	12	13	348	-6.8	-0.2	3.96747063944246	-999.9	5.3	4.12037037037036	4.50692375181428	330
SUMMERSIDE	2016	12	14	349	-8.9	1	4.84611264182698	-999.9	0.7	4.98842592592592	4.11851092509969	330
SUMMERSIDE	2016	12	15	350	-15.1	-4.4	5.02691486057647	-999.9	3.1	4.81481481481481	2.54798941977886	330
SUMMERSIDE	2016	12	16	351	-16.5	-14	2.42557318354609	-999.9	0.4	11.9097222222222	1.49275810640098	330
SUMMERSIDE	2016	12	17	352	-17.9	0.7	6.60750855514561	-999.9	2.2	5.74074074074075	2.65235124824611	330
SUMMERSIDE	2016	12	18	353	-3.3	9.1	5.39053652135905	-999.9	6.9	8.07870370370369	7.03505230874241	330
SUMMERSIDE	2016	12	19	354	-14.6	-3.3	5.14403404103503	-999.9	0	5.48611111111111	2.12839350667691	330
SUMMERSIDE	2016	12	20	355	-14.3	-3.5	5.02948832434836	-999.9	0	4.93055555555556	2.20525479607521	330
SUMMERSIDE	2016	12	21	356	-3.7	1.4	3.45818456555038	-999.9	0.2	6.12268518518519	4.33187285477311	330
SUMMERSIDE	2016	12	22	357	-5.8	1.3	4.08457563050792	-999.9	3.9	3.00925925925925	4.59730557877458	330
SUMMERSIDE	2016	12	23	358	-5.7	0	3.66532780042672	-999.9	0.7	3.61111111111111	4.62849530954517	330
SUMMERSIDE	2016	12	24	359	-4.1	3.2	4.15620061409398	-999.9	1.3	5.92592592592592	5.50883673011752	330
SUMMERSIDE	2016	12	25	360	-6.7	1.5	4.41573051912245	-999.9	0	9.7337962962963	3.64893554124356	330
SUMMERSIDE	2016	12	26	361	-9.5	-5.5	3.09304065757003	-999.9	1.3	5.04629629629631	2.54210068901634	330
SUMMERSIDE	2016	12	27	362	-5.8	7	5.55160202145591	-999.9	5.8	8.53009259259258	5.65169858743095	330
SUMMERSIDE	2016	12	28	363	-3	0.9	3.07609021217022	-999.9	1.8	3.84259259259258	4.89004981099455	330
SUMMERSIDE	2016	12	29	364	-2.9	0.5	2.88438421162567	-999.9	0.5	4.02777777777778	5.04408991688831	330
SUMMERSIDE	2016	12	30	365	-2.2	4.3	4.00689695069662	-999.9	5.1	11.412037037037	5.37744013508811	330
SUMMERSIDE	2016	12	31	366	-8.1	-2	3.90159750482831	-999.9	0.2	5.49768518518519	2.91822636699031	330
