SUMMERSIDE	2006	1	1	1	-7	-2.3	3.42471487999456	-999.9	0	5.9375	3.82576680741041	330
SUMMERSIDE	2006	1	2	2	-5.6	-4.6	1.58848328422767	-999.9	1.2	3.04398148148147	3.80805769618063	330
SUMMERSIDE	2006	1	3	3	-10.3	-4.8	3.74759933924672	-999.9	0.7	2.04861111111111	2.92605175492498	330
SUMMERSIDE	2006	1	4	4	-15.4	-1.3	6.03877870473858	-999.9	0	1.90972222222222	2.9196874862084	330
SUMMERSIDE	2006	1	5	5	-11.8	-0.7	5.39440781338727	-999.9	0	2.78935185185186	3.39388447579146	330
SUMMERSIDE	2006	1	6	6	-4.6	0.1	3.53545345080304	-999.9	3.8	1.55092592592593	5.00777929116516	330
SUMMERSIDE	2006	1	7	7	-3	-0.9	2.381151123572	-999.9	0	5.52083333333333	4.87271584658793	330
SUMMERSIDE	2006	1	8	8	-10.5	-6	3.51340135406759	-999.9	0.7	3.91203703703703	2.74114630284549	330
SUMMERSIDE	2006	1	9	9	-13.3	-1.1	5.83316709513114	-999.9	6.5	2.12962962962963	3.38637856637881	330
SUMMERSIDE	2006	1	10	10	-5.9	-2.7	3.01340061354421	-999.9	0	6.73611111111111	3.83871883293669	330
SUMMERSIDE	2006	1	11	11	-4.7	5	5.29389088620613	-999.9	3.3	5.13888888888889	5.28539487711591	330
SUMMERSIDE	2006	1	12	12	0	6.2	4.2720606847874	-999.9	2.5	6.55092592592592	7.39419591043256	330
SUMMERSIDE	2006	1	13	13	-0.1	4.7	3.79537872232807	-999.9	0	5.19675925925925	6.53000572719084	330
SUMMERSIDE	2006	1	14	14	1.4	12.4	5.80309181139267	-999.9	2.4	8.58796296296297	9.3503638287287	330
SUMMERSIDE	2006	1	15	15	1.6	12.5	5.83627482304512	-999.9	12.8	7.26608187134503	9.82564523713983	330
SUMMERSIDE	2006	1	16	16	-6.4	-3.7	2.93555082651625	-999.9	1.9	2.06018518518519	4.00949589078081	330
SUMMERSIDE	2006	1	17	17	-5.7	-2.9	3.02198877820477	-999.9	0	1.23931623931624	3.83313659517672	330
SUMMERSIDE	2006	1	18	18	-8.7	7.8	7.41784538325708	-999.9	8.5	13.6111111111111	5.141416554295	330
SUMMERSIDE	2006	1	19	19	-1.3	2.1	3.40571319058101	-999.9	0	10.8333333333333	4.55697995001968	330
SUMMERSIDE	2006	1	20	20	-3.1	2.1	4.26097407820465	-999.9	2.8	4.28240740740742	5.11429157487186	330
SUMMERSIDE	2006	1	21	21	-1	5.9	4.96673671440678	-999.9	0.8	5.25462962962964	6.75530081118876	330
SUMMERSIDE	2006	1	22	22	-9.9	-7.9	2.70642943933123	-999.9	0	10.5555555555556	1.9934875898131	330
SUMMERSIDE	2006	1	23	23	-10.2	-1.9	5.58144462947079	-999.9	1.9	4.12037037037036	2.86669707287253	330
SUMMERSIDE	2006	1	24	24	-5.8	-0.3	4.60045260592233	-999.9	0.6	2.69675925925926	4.6903594748181	330
SUMMERSIDE	2006	1	25	25	-6.4	1.3	5.51260748827183	-999.9	0	3.88888888888889	5.01385294694324	330
SUMMERSIDE	2006	1	26	26	-4.7	-2.5	2.9846369429879	-999.9	0.6	10.2083333333333	4.30075400610056	330
SUMMERSIDE	2006	1	27	27	-9.6	-1.5	5.80179374193023	-999.9	0	7.8125	2.67626572944433	330
SUMMERSIDE	2006	1	28	28	-5.8	4.3	6.56427019570088	-999.9	0	6.21527777777778	4.05777483504523	330
SUMMERSIDE	2006	1	29	29	-5.5	-2.5	3.62538438671921	-999.9	0	6.13425925925925	3.18023648606358	330
SUMMERSIDE	2006	1	30	30	-6.8	-4.3	3.35419393637982	-999.9	0	5.04629629629631	3.21590343166373	330
SUMMERSIDE	2006	1	31	31	-6.3	-0.8	5.04285824788042	-999.9	0.6	6.42361111111111	4.02423493867685	330
SUMMERSIDE	2006	2	1	32	-3.7	-1.9	2.9245360341825	-999.9	0.6	13.5185185185185	4.56520703759172	330
SUMMERSIDE	2006	2	2	33	-3.6	-2.6	2.20998699387215	-999.9	0	4.14351851851853	3.95952655317761	330
SUMMERSIDE	2006	2	3	34	-4.3	4.6	6.68487234128344	-999.9	1.6	4.6875	5.22831157456483	330
SUMMERSIDE	2006	2	4	35	-2.1	7.3	6.96635584678986	-999.9	1.6	4.90740740740742	6.6956295119315	330
SUMMERSIDE	2006	2	5	36	-0.3	9.7	7.2864580231684	-999.9	16.2	7.24537037037036	8.10718156909765	330
SUMMERSIDE	2006	2	6	37	2.1	4.1	3.3047098881296	-999.9	0	7.54629629629631	6.55097011330332	330
SUMMERSIDE	2006	2	7	38	-4	-1.5	3.74725689498286	-999.9	0	5.03472222222222	3.63259748317261	330
SUMMERSIDE	2006	2	8	39	-8.7	-3.3	5.58579410973873	-999.9	0	4.97685185185186	2.81834531786744	330
SUMMERSIDE	2006	2	9	40	-9.6	-5.1	5.17195406506957	-999.9	0.6	3.48379629629631	2.43696872282388	330
SUMMERSIDE	2006	2	10	41	-11.5	-7	5.24598709071299	-999.9	0	3.83101851851853	2.31199966615416	330
SUMMERSIDE	2006	2	11	42	-14.2	-8.4	6.04110305382647	-999.9	0	4.375	1.9635600522134	330
SUMMERSIDE	2006	2	12	43	-16.8	-3.8	9.17403880484654	-999.9	4	5.82175925925925	2.35208907422598	330
SUMMERSIDE	2006	2	13	44	-7.9	-4.9	4.47031652530562	-999.9	0	10.3819444444444	3.5520161210634	330
SUMMERSIDE	2006	2	14	45	-9.7	0.1	8.19555526042472	-999.9	0	5.19675925925925	3.34362391811832	330
SUMMERSIDE	2006	2	15	46	-12.6	2.9	10.4547773516702	-999.9	0	4.01620370370369	3.58696528125169	330
SUMMERSIDE	2006	2	16	47	-2.3	1	4.89308155064158	-999.9	0	4.30555555555556	4.62946866470388	330
SUMMERSIDE	2006	2	17	48	-4.9	9.6	10.4034201422953	-999.9	1.3	8.70370370370369	6.34876186999583	330
SUMMERSIDE	2006	2	18	49	-11.4	-7.3	5.6109717881625	-999.9	0	13.3912037037037	1.65664078012738	330
SUMMERSIDE	2006	2	19	50	-17.8	-12.4	6.53103159011056	-999.9	0	8.49537037037036	1.06337456403236	330
SUMMERSIDE	2006	2	20	51	-15.4	-4.1	9.58175499462724	-999.9	0	3.80787037037036	2.11804665439553	330
SUMMERSIDE	2006	2	21	52	-11.2	-1.5	9.0031065180515	-999.9	2.8	3.56481481481481	2.82543131380702	330
SUMMERSIDE	2006	2	22	53	-6.6	-2.8	5.71447584240506	-999.9	0	2.31481481481481	4.08394738950559	330
SUMMERSIDE	2006	2	23	54	-16.3	-4.2	10.3402376169495	-999.9	0	1.41203703703704	2.66000317403755	330
SUMMERSIDE	2006	2	24	55	-12.5	-3.4	9.09253020434952	-999.9	1.9	2.51157407407408	3.24193899468574	330
SUMMERSIDE	2006	2	25	56	-13.2	-6.6	7.85114812885479	-999.9	0	3.58796296296297	2.49292155225937	330
SUMMERSIDE	2006	2	26	57	-16.3	-8.3	8.7633930653272	-999.9	0	7.28009259259258	1.52777713567046	330
SUMMERSIDE	2006	2	27	58	-16.6	-13.1	5.87617162277069	-999.9	0.7	5.77294685990339	1.39765481895786	330
SUMMERSIDE	2006	2	28	59	-18.2	-10.2	9.00541737037865	-999.9	0.6	4.79166666666667	1.4392354524468	330
SUMMERSIDE	2006	3	1	60	-16.2	-12.6	6.1231096239381	-999.9	0	2.70833333333333	1.4747170293241	330
SUMMERSIDE	2006	3	2	61	-21.9	-10.5	11.0432532236083	-999.9	0	2.00231481481481	1.24537518691589	330
SUMMERSIDE	2006	3	3	62	-18.6	-4.8	12.313125195108	-999.9	0	3.95833333333333	1.96872362250267	330
SUMMERSIDE	2006	3	4	63	-8.1	-0.7	9.13666286464378	-999.9	0.6	4.05092592592592	4.0352249285086	330
SUMMERSIDE	2006	3	5	64	-6.4	3.7	10.8151574460173	-999.9	0	6.15740740740742	4.23409615497989	330
SUMMERSIDE	2006	3	6	65	-3	1.2	7.06566946344935	-999.9	0	4.59490740740742	4.54789129006849	330
SUMMERSIDE	2006	3	7	66	-6.2	4.4	11.3708503347228	-999.9	0	2.28009259259259	4.76343116163572	330
SUMMERSIDE	2006	3	8	67	-3	0.1	6.2285337855904	-999.9	3.6	3.85416666666667	4.96623912835066	330
SUMMERSIDE	2006	3	9	68	-5.1	-0.3	7.84951926287657	-999.9	1.3	3.93518518518519	4.87609491471261	330
SUMMERSIDE	2006	3	10	69	-1.8	5.4	9.73548476188648	-999.9	7.1	8.55324074074075	6.6124731466461	330
SUMMERSIDE	2006	3	11	70	1.4	6.4	8.21477460347926	-999.9	0	6.60879629629631	6.35023443478939	330
SUMMERSIDE	2006	3	12	71	-0.2	10.7	12.2798396278815	-999.9	2.9	5.86805555555556	6.15007108243362	330
SUMMERSIDE	2006	3	13	72	1.1	8.4	10.1732160292209	-999.9	0	5.74074074074075	6.78895460117516	330
SUMMERSIDE	2006	3	14	73	-0.2	3.4	7.23124778372692	-999.9	7.9	5.41666666666667	5.93001075733743	330
SUMMERSIDE	2006	3	15	74	-0.2	2.7	6.56860488116906	-999.9	0	7.87037037037036	5.87110507302344	330
SUMMERSIDE	2006	3	16	75	-2.3	0.2	6.17166807252497	-999.9	0	5.42824074074075	4.46051840867747	330
SUMMERSIDE	2006	3	17	76	-4.9	-1.7	7.06499015776712	-999.9	0.6	3.53009259259258	3.69632403695402	330
SUMMERSIDE	2006	3	18	77	-6.7	-2.5	8.18861044787017	-999.9	0	3.14814814814814	3.25262544907898	330
SUMMERSIDE	2006	3	19	78	-5.4	-1	8.47823212339026	-999.9	0	2.32638888888889	3.85939203482595	330
SUMMERSIDE	2006	3	20	79	-6.9	2.7	12.6663608584897	-999.9	0	5.47453703703703	4.10671672928111	330
SUMMERSIDE	2006	3	21	80	-1.2	2.4	7.8441909941449	-999.9	0	4.10879629629631	5.74518131453874	330
SUMMERSIDE	2006	3	22	81	-0.9	2.4	7.59412078431353	-999.9	2	5.19675925925925	6.13497354515687	330
SUMMERSIDE	2006	3	23	82	-0.8	2.1	7.19756677164311	-999.9	0.6	8.37962962962964	6.32490082324794	330
SUMMERSIDE	2006	3	24	83	-1.1	3.7	9.3608586295158	-999.9	0	4.73379629629631	5.84863194355733	330
SUMMERSIDE	2006	3	25	84	-1.5	5.6	11.5073275198484	-999.9	0	2.69675925925926	5.90798471369668	330
SUMMERSIDE	2006	3	26	85	-2.2	2.8	9.7593774438418	-999.9	0	4.31712962962964	5.58520410944914	330
SUMMERSIDE	2006	3	27	86	-2.4	4.3	11.4158342675247	-999.9	0	5.99537037037036	5.36359740640125	330
SUMMERSIDE	2006	3	28	87	-2.5	6.9	13.6618159916245	-999.9	0	4.16666666666667	4.71289976296713	330
SUMMERSIDE	2006	3	29	88	-2.5	13.3	17.8932084770141	-999.9	0	3.00925925925925	5.69003628106927	330
SUMMERSIDE	2006	3	30	89	0	13.4	16.6443951521799	-999.9	0	3.66898148148147	6.09784325192344	330
SUMMERSIDE	2006	3	31	90	-1	13	17.1820989457293	-999.9	0	4.27083333333333	6.33474758372879	330
SUMMERSIDE	2006	4	1	91	3.8	15.3	15.7252745710614	-999.9	10.5	5.99537037037036	8.86199904038201	330
SUMMERSIDE	2006	4	2	92	2.2	6	9.12680353352355	-999.9	3.5	7.83564814814814	7.49922055880585	330
SUMMERSIDE	2006	4	3	93	1.4	4.9	8.84257867413212	-999.9	0	7.88194444444445	5.55206933085756	330
SUMMERSIDE	2006	4	4	94	-2.3	3.9	11.8795272777429	-999.9	0.6	5.72916666666667	5.52256010822867	330
SUMMERSIDE	2006	4	5	95	0.4	8.6	13.788246593634	-999.9	2.6	5.45138888888889	6.87714198857423	330
SUMMERSIDE	2006	4	6	96	0.2	8.3	13.8287793037608	-999.9	9	4.58333333333333	7.38276812123937	330
SUMMERSIDE	2006	4	7	97	0.5	9.7	14.8701357213913	-999.9	9.4	6.72453703703703	7.46551005776314	330
SUMMERSIDE	2006	4	8	98	3.2	7.8	10.6076734364517	-999.9	0	6.79398148148147	7.48338731781003	330
SUMMERSIDE	2006	4	9	99	0	6.9	13.1046848910825	-999.9	0	3.18287037037036	5.40161053014834	330
SUMMERSIDE	2006	4	10	100	-2.2	7.3	15.5083414778019	-999.9	0	2.62731481481481	6.12224687416941	330
SUMMERSIDE	2006	4	11	101	0.3	11.3	16.8283768471376	-999.9	0	3.78472222222222	5.97752514833686	330
SUMMERSIDE	2006	4	12	102	-1.2	16	21.2174600129402	-999.9	0	4.14351851851853	6.41065024523441	330
SUMMERSIDE	2006	4	13	103	4.2	15.7	17.4905096975726	-999.9	2	8.40277777777778	8.5122557479804	330
SUMMERSIDE	2006	4	14	104	5.5	10.4	11.5084600489825	-999.9	0	4.56018518518519	9.87863340399182	330
SUMMERSIDE	2006	4	15	105	0.5	14.3	19.4655092619223	-999.9	19.9	3.90046296296297	8.80171938912224	330
SUMMERSIDE	2006	4	16	106	2.8	5.9	9.29727621208157	-999.9	20.1	6.63194444444445	8.15226790872304	330
SUMMERSIDE	2006	4	17	107	1.8	3.3	6.51644863701192	-999.9	17.9	12.2916666666667	7.10871162730849	330
SUMMERSIDE	2006	4	18	108	1.4	2.9	6.56513168300741	-999.9	0	12.4768518518519	6.88808426895195	330
SUMMERSIDE	2006	4	19	109	1.9	3.1	5.91511398836346	-999.9	26	11.5509259259259	6.88079575149631	330
SUMMERSIDE	2006	4	20	110	0.1	3	9.26165537671995	-999.9	0.6	9.52546296296297	6.77100453850871	330
SUMMERSIDE	2006	4	21	111	-0.3	3.2	10.2466861007685	-999.9	0	10.8564814814815	5.61120633758532	330
SUMMERSIDE	2006	4	22	112	-1.6	7.8	16.908926405246	-999.9	0	4.75694444444445	5.7428787243878	330
SUMMERSIDE	2006	4	23	113	-2.2	14.4	22.6230937812806	-999.9	0	2.16435185185185	5.32280318764126	330
SUMMERSIDE	2006	4	24	114	2.1	12.1	17.6761301971146	-999.9	7.1	5.61342592592592	7.63935475911645	330
SUMMERSIDE	2006	4	25	115	7.8	11.9	11.3923156047696	-999.9	3	6.99074074074075	11.3283086012574	330
SUMMERSIDE	2006	4	26	116	0	8.7	16.7015392192111	-999.9	0	8.21759259259258	5.24699424438636	330
SUMMERSIDE	2006	4	27	117	3.4	10.9	15.6044497520395	-999.9	0	5.97222222222222	7.15642734944481	330
SUMMERSIDE	2006	4	28	118	-0.1	5.9	14.0429657041902	-999.9	0	4.40972222222222	5.12985685359955	330
SUMMERSIDE	2006	4	29	119	-3.6	7.7	19.38797744489	-999.9	0	2.63888888888889	4.67046122885387	330
SUMMERSIDE	2006	4	30	120	-1.7	16	24.4081547991855	-999.9	0	3.05555555555556	6.59122257659673	330
SUMMERSIDE	2006	5	1	121	3.4	8.8	13.559555480115	-999.9	0	5.40509259259258	6.88300308572115	330
SUMMERSIDE	2006	5	2	122	5.5	10.9	13.636132158242	-999.9	0	3.35648148148147	8.17582875978599	330
SUMMERSIDE	2006	5	3	123	7.1	13.3	14.6920255843199	-999.9	0	4.01620370370369	8.02302147423435	330
SUMMERSIDE	2006	5	4	124	5.6	12.4	15.4695551153773	-999.9	0	2.96296296296297	8.95768138015768	330
SUMMERSIDE	2006	5	5	125	8	19.4	20.1353703971435	-999.9	0	4.02777777777778	13.1164305921631	330
SUMMERSIDE	2006	5	6	126	6.8	18.3	20.3276186376654	-999.9	0	5.28935185185186	12.524331484265	330
SUMMERSIDE	2006	5	7	127	8.7	16.2	16.4985365204953	-999.9	0	6.64351851851853	9.34998625888643	330
SUMMERSIDE	2006	5	8	128	4.2	14.8	19.7102444008928	-999.9	0	3.85416666666667	5.37993559315732	330
SUMMERSIDE	2006	5	9	129	1.9	15.6	22.5149498044663	-999.9	0	5.25462962962964	6.89936324229589	330
SUMMERSIDE	2006	5	10	130	6.7	19.2	21.606524741152	-999.9	0	5.35879629629631	13.0009531214339	330
SUMMERSIDE	2006	5	11	131	9.4	20.4	20.3607283460261	-999.9	0	5.41666666666667	8.00236366025045	330
SUMMERSIDE	2006	5	12	132	2.2	16.6	23.398787578481	-999.9	0	4.45601851851853	5.83236107338914	330
SUMMERSIDE	2006	5	13	133	2	15.4	22.6687712237589	-999.9	0	3.96990740740742	8.88140022278754	330
SUMMERSIDE	2006	5	14	134	4.6	15.9	20.903877010789	-999.9	0	3.21759259259258	11.2687795773098	330
SUMMERSIDE	2006	5	15	135	3.8	25.3	28.9512747070774	-999.9	0	3.69212962962964	9.67740045947046	330
SUMMERSIDE	2006	5	16	136	8	19.9	21.6237897833889	-999.9	11.5	4.0625	11.1009027002216	330
SUMMERSIDE	2006	5	17	137	10.5	17	16.042576925962	-999.9	0	6.77083333333333	13.5188377720919	330
SUMMERSIDE	2006	5	18	138	9.2	18.1	18.841741782889	-999.9	0.9	3.90046296296297	13.4049920651907	330
SUMMERSIDE	2006	5	19	139	11.4	20.3	18.9094685078568	-999.9	5.5	7.52314814814814	15.5842848867641	330
SUMMERSIDE	2006	5	20	140	10.4	19.6	19.2924061311166	-999.9	0	7.52314814814814	12.8265912833235	330
SUMMERSIDE	2006	5	21	141	9.9	17.6	17.7090839768223	-999.9	1.7	3.56481481481481	12.6607084213244	330
SUMMERSIDE	2006	5	22	142	9.2	11.4	9.49665392615445	-999.9	11.4	3.10185185185186	11.5256029258159	330
SUMMERSIDE	2006	5	23	143	6.8	13.5	16.6247713971065	-999.9	0	3.65740740740742	10.641827315597	330
SUMMERSIDE	2006	5	24	144	5.1	12.6	17.64243706785	-999.9	0.6	3.80787037037036	9.60344722640101	330
SUMMERSIDE	2006	5	25	145	3.4	18.1	24.771203575653	-999.9	0	5.19675925925925	10.073925517344	330
SUMMERSIDE	2006	5	26	146	10.3	15.9	15.331828472462	-999.9	0	7.23379629629631	11.6735479430135	330
SUMMERSIDE	2006	5	27	147	12.6	17.6	14.5260522831927	-999.9	0	5.39351851851853	15.3433829705311	330
SUMMERSIDE	2006	5	28	148	8.3	25.2	26.7744117681859	-999.9	0	3.94675925925925	14.102785291838	330
SUMMERSIDE	2006	5	29	149	12.3	16.4	13.2200766482207	-999.9	0	3.11342592592592	13.403168220213	330
SUMMERSIDE	2006	5	30	150	5	16.2	21.9012112240806	-999.9	0	3.53009259259258	7.54502884122087	330
SUMMERSIDE	2006	5	31	151	8.6	18	20.1090652882519	-999.9	0	6.77083333333333	10.2679639364446	330
SUMMERSIDE	2006	6	1	152	13.4	22.1	19.3868972430998	-999.9	0	5.15046296296297	17.5727748269167	330
SUMMERSIDE	2006	6	2	153	12.3	21.9	20.4059603958418	-999.9	0	2.60416666666667	12.4565995095493	330
SUMMERSIDE	2006	6	3	154	12.2	14.6	10.22237763927	-999.9	21.9	4.05092592592592	12.6247098772863	330
SUMMERSIDE	2006	6	4	155	11.2	12.7	8.09597310623063	-999.9	65.5	6.21527777777778	13.3188150893296	330
SUMMERSIDE	2006	6	5	156	11.4	12.6	7.25343186944941	-999.9	0.6	3.93518518518519	13.5124366302758	330
SUMMERSIDE	2006	6	6	157	7.9	20.8	23.8193395123391	-999.9	0	3.95833333333333	14.1374943848637	330
SUMMERSIDE	2006	6	7	158	10.8	21.5	21.7250733781288	-999.9	3.6	4.10879629629631	15.0228573035203	330
SUMMERSIDE	2006	6	8	159	11.4	14	10.7236637640446	-999.9	9.6	7.21064814814814	13.7125976527741	330
SUMMERSIDE	2006	6	9	160	11	18.6	18.3570628375748	-999.9	1.3	6.52777777777778	14.6060798685868	330
SUMMERSIDE	2006	6	10	161	15.3	22	17.2554581938145	-999.9	6.1	6.26157407407408	19.6857631029343	330
SUMMERSIDE	2006	6	11	162	13	15.7	10.9652000321604	-999.9	2.1	4.28240740740742	14.8580948268106	330
SUMMERSIDE	2006	6	12	163	11.7	19	18.0465688719853	-999.9	0	3.19444444444444	15.934814073867	330
SUMMERSIDE	2006	6	13	164	12.6	20.7	19.0251143993297	-999.9	0	2.28260869565217	17.5440257940391	330
SUMMERSIDE	2006	6	14	165	12.3	19.9	18.4414978942626	-999.9	0	2.96296296296297	16.1750770235057	330
SUMMERSIDE	2006	6	15	166	12.4	17.1	14.5109579647627	-999.9	4.3	5.12731481481481	15.2751143852289	330
SUMMERSIDE	2006	6	16	167	11.5	24.6	24.2378300763689	-999.9	0	4.32870370370369	14.1192996835499	330
SUMMERSIDE	2006	6	17	168	14.2	24.4	21.3954943819587	-999.9	0	7.55787037037036	14.4144490750961	330
SUMMERSIDE	2006	6	18	169	14.3	25.9	22.8227851473759	-999.9	0	7.78935185185186	16.1128964601642	330
SUMMERSIDE	2006	6	19	170	15.2	24.7	20.6572328358998	-999.9	0	9.02777777777778	18.6155262454716	330
SUMMERSIDE	2006	6	20	171	16.5	21.4	14.8365318041475	-999.9	0	8.04398148148147	19.1389733226532	330
SUMMERSIDE	2006	6	21	172	16.2	23.5	18.1081102203419	-999.9	0.6	5.625	19.4144061692726	330
SUMMERSIDE	2006	6	22	173	13.1	25.6	23.691764552668	-999.9	0	6.37731481481481	16.3987846336034	330
SUMMERSIDE	2006	6	23	174	18	20.6	10.8022231624987	-999.9	0.7	5.72916666666667	19.4534182774364	330
SUMMERSIDE	2006	6	24	175	14.2	18.6	14.0472157843419	-999.9	0.6	2.83564814814814	16.1987286566642	330
SUMMERSIDE	2006	6	25	176	14.3	24.4	21.2723477625972	-999.9	0	3.90046296296297	20.1214972372088	330
SUMMERSIDE	2006	6	26	177	17	22.3	15.4005726135118	-999.9	1.5	4.47916666666667	21.0282416124454	330
SUMMERSIDE	2006	6	27	178	16.9	26.2	20.3862793993104	-999.9	0	5.86805555555556	22.4634034933299	330
SUMMERSIDE	2006	6	28	179	18.4	27.4	20.0386597307742	-999.9	0	8.44907407407408	22.9110100886819	330
SUMMERSIDE	2006	6	29	180	19.8	23.9	13.5127455595998	-999.9	0	7.40740740740742	23.4836237004428	330
SUMMERSIDE	2006	6	30	181	18.7	24.3	15.7762308537075	-999.9	29.3	5.61342592592592	23.2919453250347	330
SUMMERSIDE	2006	7	1	182	16	22.6	17.1077171122431	-999.9	4.5	6.65509259259258	18.9289159069326	330
SUMMERSIDE	2006	7	2	183	11.1	19.7	19.5044371742396	-999.9	15.1	6.40046296296297	14.8588298437988	330
SUMMERSIDE	2006	7	3	184	14.6	22.5	18.6687422309176	-999.9	0	4.73379629629631	18.1553597987115	330
SUMMERSIDE	2006	7	4	185	14.1	20.9	17.2952344469612	-999.9	1.5	3.72685185185186	17.3521993646337	330
SUMMERSIDE	2006	7	5	186	16.6	23.4	17.2683186361706	-999.9	0	4.66435185185186	20.5426196087706	330
SUMMERSIDE	2006	7	6	187	16.5	23.4	17.3658803033149	-999.9	0	3.77314814814814	19.8676478216253	330
SUMMERSIDE	2006	7	7	188	13.6	24.4	21.6877148501108	-999.9	0	3.10185185185186	17.0982182421398	330
SUMMERSIDE	2006	7	8	189	13.8	26.6	23.56619629298	-999.9	0	3.96990740740742	18.4610831671515	330
SUMMERSIDE	2006	7	9	190	16.9	25	18.7095120414765	-999.9	0	6.26157407407408	18.8740389087411	330
SUMMERSIDE	2006	7	10	191	16.5	24.4	18.4383357456653	-999.9	0	5.57870370370369	19.8858645856162	330
SUMMERSIDE	2006	7	11	192	16.2	25.7	20.1748766181719	-999.9	0	5.87962962962964	20.6844483740779	330
SUMMERSIDE	2006	7	12	193	17.7	22.3	14.006238249127	-999.9	4.6	3.91203703703703	20.4937086097021	330
SUMMERSIDE	2006	7	13	194	15.5	19.8	13.5089883991259	-999.9	3.9	4.17824074074075	19.0383232184473	330
SUMMERSIDE	2006	7	14	195	16.1	25.4	19.816569533781	-999.9	0.7	3.78472222222222	22.2609814317514	330
SUMMERSIDE	2006	7	15	196	13.3	21.8	18.8950108469873	-999.9	0	2.99768518518519	16.0307451352322	330
SUMMERSIDE	2006	7	16	197	16.3	26.7	20.8428544949531	-999.9	0	5.76388888888889	20.0840726155988	330
SUMMERSIDE	2006	7	17	198	18.6	28.5	20.2774344744614	-999.9	0	5.23148148148147	23.9614049641948	330
SUMMERSIDE	2006	7	18	199	19.1	28.5	19.6999954111155	-999.9	0	6.07638888888889	24.6710186112952	330
SUMMERSIDE	2006	7	19	200	17.5	25	17.542496040103	-999.9	0	2.90509259259258	17.3807526410536	330
SUMMERSIDE	2006	7	20	201	14.1	27.9	23.7197703389357	-999.9	0	4.74537037037036	17.1988899206996	330
SUMMERSIDE	2006	7	21	202	17.6	22.9	14.651109866092	-999.9	18.6	5.35879629629631	20.588554222133	330
SUMMERSIDE	2006	7	22	203	17.2	26.5	19.3413610966767	-999.9	35.5	3.39120370370369	24.0223397872039	330
SUMMERSIDE	2006	7	23	204	18.3	21.6	11.4806545174302	-999.9	1.4	4.44444444444444	22.4697129720695	330
SUMMERSIDE	2006	7	24	205	16.6	19.6	10.906500030658	-999.9	1.2	3.80787037037036	19.3325795667068	330
SUMMERSIDE	2006	7	25	206	11.8	25.2	22.9637642324859	-999.9	3.3	5.45138888888889	17.0797756552846	330
SUMMERSIDE	2006	7	26	207	16.8	24.5	17.3401386385839	-999.9	0	5.42824074074075	20.8884025178094	330
SUMMERSIDE	2006	7	27	208	18.1	27.6	19.1838583540918	-999.9	0	4.18981481481481	22.6422934991665	330
SUMMERSIDE	2006	7	28	209	18.5	24.3	14.9281277397794	-999.9	14.6	6.60879629629631	22.9578062683097	330
SUMMERSIDE	2006	7	29	210	19.4	30.2	20.2847868248405	-999.9	0	3.80787037037036	26.128975961897	330
SUMMERSIDE	2006	7	30	211	16.4	23.6	16.4908055744113	-999.9	0	4.01620370370369	15.6808663013615	330
SUMMERSIDE	2006	7	31	212	13.5	24.5	20.2926439532397	-999.9	0.6	3.14814814814814	17.4107663175337	330
SUMMERSIDE	2006	8	1	213	11.1	26.6	23.978621451954	-999.9	1.5	3.63425925925925	16.370598263595	330
SUMMERSIDE	2006	8	2	214	17.8	30.3	21.4327854609013	-999.9	0	5.60185185185186	21.1884755087332	330
SUMMERSIDE	2006	8	3	215	18.4	23.3	13.3547526873834	-999.9	0	3.53009259259258	18.3550720833695	330
SUMMERSIDE	2006	8	4	216	15	20.8	14.4582166265542	-999.9	0.9	4.17824074074075	17.503589620174	330
SUMMERSIDE	2006	8	5	217	16.3	24	16.5751512771726	-999.9	0	4.95370370370369	17.5400098117089	330
SUMMERSIDE	2006	8	6	218	11.2	26.4	23.1682690637962	-999.9	0	4.65277777777778	14.5891152571964	330
SUMMERSIDE	2006	8	7	219	15.2	25.6	19.0632141673987	-999.9	10.7	7.87037037037036	16.8656746496333	330
SUMMERSIDE	2006	8	8	220	18.4	23.1	12.7462905020653	-999.9	0	5.02314814814814	21.1612930600074	330
SUMMERSIDE	2006	8	9	221	11.7	22.7	19.3925164278242	-999.9	0	2.8125	15.1545029860303	330
SUMMERSIDE	2006	8	10	222	14.3	23.7	17.8259203530636	-999.9	19.4	4.73379629629631	17.5670403552307	330
SUMMERSIDE	2006	8	11	223	13	19.9	15.184825551912	-999.9	0	3.20601851851853	14.935806526118	330
SUMMERSIDE	2006	8	12	224	8.7	20.9	20.0728560168789	-999.9	4.9	3.04398148148147	13.6271767337105	330
SUMMERSIDE	2006	8	13	225	9.1	19.6	18.5103405956872	-999.9	2.9	3.68055555555556	13.0531622912674	330
SUMMERSIDE	2006	8	14	226	12.1	23.4	19.0851575963048	-999.9	0	6.20370370370369	14.3583468260688	330
SUMMERSIDE	2006	8	15	227	16.9	19.8	9.60811752231158	-999.9	0.7	6.74768518518519	18.2923066228175	330
SUMMERSIDE	2006	8	16	228	14.9	26.3	18.9286775103545	-999.9	0.6	3.4375	19.7956846567711	330
SUMMERSIDE	2006	8	17	229	13.9	23.3	17.0767737153769	-999.9	0	2.61574074074074	16.9898305276831	330
SUMMERSIDE	2006	8	18	230	10.3	26.1	21.9932674496638	-999.9	0	3.06712962962964	14.4530958307256	330
SUMMERSIDE	2006	8	19	231	16.3	24.9	16.1166499857647	-999.9	4.4	5.94907407407408	19.7652297572991	330
SUMMERSIDE	2006	8	20	232	16.4	18.9	8.62987829033166	-999.9	4.9	3.41435185185186	19.2501425688973	330
SUMMERSIDE	2006	8	21	233	17.1	18.8	7.06663712244745	-999.9	10.5	6.50462962962964	19.6863082420147	330
SUMMERSIDE	2006	8	22	234	15.1	26.2	17.9286585935315	-999.9	0	4.59490740740742	19.2438876985589	330
SUMMERSIDE	2006	8	23	235	13.1	22.1	16.0269037961328	-999.9	0	3.85416666666667	13.445955872356	330
SUMMERSIDE	2006	8	24	236	8.5	21	18.7486205614538	-999.9	0	3.94675925925925	11.0918880390666	330
SUMMERSIDE	2006	8	25	237	8.4	20.3	18.1558836476315	-999.9	0	3.49537037037036	11.5364699325029	330
SUMMERSIDE	2006	8	26	238	7.5	19.5	18.0928751020912	-999.9	0	3.90046296296297	11.9175041593365	330
SUMMERSIDE	2006	8	27	239	6.8	18.6	17.8022246776917	-999.9	0	2.8125	10.8803810228777	330
SUMMERSIDE	2006	8	28	240	10.4	17.7	13.891658257752	-999.9	0.7	2.58101851851852	12.8423840348179	330
SUMMERSIDE	2006	8	29	241	13.7	20.4	13.201775656934	-999.9	0	2.59259259259259	15.8338308107631	330
SUMMERSIDE	2006	8	30	242	9.7	22.1	17.8135637153428	-999.9	0	1.95601851851852	15.4028965078687	330
SUMMERSIDE	2006	8	31	243	9.6	18.1	14.6263862471451	-999.9	0.6	5.17361111111111	12.8096701174286	330
SUMMERSIDE	2006	9	1	244	9.5	19	15.3327279334718	-999.9	0	5.61342592592592	12.6621277895222	330
SUMMERSIDE	2006	9	2	245	6.9	19.8	17.7143350729432	-999.9	0	1.96759259259259	12.1616537839778	330
SUMMERSIDE	2006	9	3	246	9.8	22.8	17.6285365905445	-999.9	0.6	3.51851851851853	13.9869612003621	330
SUMMERSIDE	2006	9	4	247	14.3	18.1	9.44698198859039	-999.9	6.1	4.49074074074075	17.0567210615354	330
SUMMERSIDE	2006	9	5	248	15.2	20.8	11.3656439960821	-999.9	0	4.05092592592592	18.2098351238636	330
SUMMERSIDE	2006	9	6	249	15.9	22.4	12.1338170794456	-999.9	0	3.91203703703703	19.3698577429421	330
SUMMERSIDE	2006	9	7	250	14.6	21.3	12.2056480166101	-999.9	0	3.13657407407408	16.6642872399511	330
SUMMERSIDE	2006	9	8	251	14.8	21.5	12.091646528328	-999.9	0	5.3125	18.5188487413653	330
SUMMERSIDE	2006	9	9	252	14.2	21.4	12.4159747328954	-999.9	4	5.57870370370369	17.5130904873784	330
SUMMERSIDE	2006	9	10	253	11.8	16.8	10.2472671399209	-999.9	0	5.39351851851853	13.0030574553683	330
SUMMERSIDE	2006	9	11	254	5.9	16.6	14.8444951340896	-999.9	0	3.4375	9.10884575948553	330
SUMMERSIDE	2006	9	12	255	2.9	18.3	17.6330105247954	-999.9	0	3.15972222222222	9.98874122990827	330
SUMMERSIDE	2006	9	13	256	8.1	21.8	16.4649770591158	-999.9	0	3.62268518518519	12.976401303874	330
SUMMERSIDE	2006	9	14	257	11.8	19.8	12.4544021225744	-999.9	0	4.79166666666667	14.3960303497159	330
SUMMERSIDE	2006	9	15	258	12.6	23.8	14.5849990809845	-999.9	0	3.58796296296297	17.487109293074	330
SUMMERSIDE	2006	9	16	259	14.1	23	12.8663259363197	-999.9	0.6	3.72685185185186	18.2450158964829	330
SUMMERSIDE	2006	9	17	260	9.1	23.9	16.4170612548277	-999.9	0	3.47222222222222	15.2813246581628	330
SUMMERSIDE	2006	9	18	261	15.2	20.8	9.99094814151655	-999.9	0	3.80787037037036	17.5881622320105	330
SUMMERSIDE	2006	9	19	262	14	24.5	13.5331492417875	-999.9	16.3	6.05324074074075	17.4959005018061	330
SUMMERSIDE	2006	9	20	263	16.9	22.7	9.94840528885405	-999.9	13.6	4.98842592592592	21.8064537271463	330
SUMMERSIDE	2006	9	21	264	10.7	17.1	10.3349597645979	-999.9	0.6	4.75694444444445	12.2582164764812	330
SUMMERSIDE	2006	9	22	265	7.3	15.2	11.3541899394626	-999.9	0	4.71064814814814	8.67189005884601	330
SUMMERSIDE	2006	9	23	266	3.2	14.2	13.2466991060845	-999.9	4.7	4.14351851851853	8.76373461305267	330
SUMMERSIDE	2006	9	24	267	12.2	18.2	9.67166101836849	-999.9	5.8	6.80555555555556	15.9120729495573	330
SUMMERSIDE	2006	9	25	268	10.3	15	8.46124749626275	-999.9	0	6.05324074074075	10.7697955579359	330
SUMMERSIDE	2006	9	26	269	4.4	17.3	13.8543717734524	-999.9	0.6	3.24074074074075	10.7357828508726	330
SUMMERSIDE	2006	9	27	270	5.6	17.2	12.9829860278325	-999.9	0	2.5462962962963	10.8047851896556	330
SUMMERSIDE	2006	9	28	271	3.2	18	14.4903151193204	-999.9	0.7	2.78935185185186	10.1277708187614	330
SUMMERSIDE	2006	9	29	272	11.4	19.4	10.5254778825843	-999.9	6.8	8.03240740740742	15.6054311462951	330
SUMMERSIDE	2006	9	30	273	10.1	15	8.13755569479867	-999.9	0.6	5.64814814814814	10.9374278848942	330
SUMMERSIDE	2006	10	1	274	2.4	15.5	13.1425838243459	-999.9	34.3	3.15972222222222	8.98169661173988	330
SUMMERSIDE	2006	10	2	275	10.4	11.8	4.2433538352147	-999.9	22.3	10.0115740740741	12.471520139289	330
SUMMERSIDE	2006	10	3	276	7.5	16.1	10.3859555787104	-999.9	0	5.16203703703703	11.3897315973174	330
SUMMERSIDE	2006	10	4	277	9.7	17.4	9.70392618310926	-999.9	9.1	3.54166666666667	12.6925435726799	330
SUMMERSIDE	2006	10	5	278	8.6	12.8	7.07596364405098	-999.9	0.6	6.97916666666667	10.4861658232568	330
SUMMERSIDE	2006	10	6	279	3.6	11.8	9.76071792456572	-999.9	0	3.06712962962964	7.88898518474717	330
SUMMERSIDE	2006	10	7	280	1.8	15.3	12.3626581439543	-999.9	0	4.62962962962964	8.14361518215145	330
SUMMERSIDE	2006	10	8	281	7.2	17.7	10.7613628232245	-999.9	0	3.88888888888889	10.6779025952652	330
SUMMERSIDE	2006	10	9	282	11.1	21.4	10.5190791215339	-999.9	0	6.30787037037036	13.064317972622	330
SUMMERSIDE	2006	10	10	283	4.5	12.7	9.26217019053484	-999.9	0	3.10185185185186	7.89117246123516	330
SUMMERSIDE	2006	10	11	284	4.2	12.1	8.97073046856812	-999.9	0	4.71064814814814	7.88464732371125	330
SUMMERSIDE	2006	10	12	285	4.1	17	11.3104741482957	-999.9	6.1	7.76620370370369	11.3148696158918	330
SUMMERSIDE	2006	10	13	286	12.6	19.5	8.16106969729453	-999.9	0	4.08564814814814	16.5042432856973	330
SUMMERSIDE	2006	10	14	287	4.4	12.8	8.88311678147841	-999.9	22.2	2.61574074074074	10.4015750747916	330
SUMMERSIDE	2006	10	15	288	6.3	12.5	7.52823479253723	-999.9	0	5.01157407407408	9.29131632926543	330
SUMMERSIDE	2006	10	16	289	3.1	10.6	8.16713619529452	-999.9	0	2.7662037037037	7.42284002966309	330
SUMMERSIDE	2006	10	17	290	0.2	13.3	10.6460599594297	-999.9	0	2.88194444444444	7.44231397547471	330
SUMMERSIDE	2006	10	18	291	5.9	11	6.55128863502257	-999.9	12.9	3.83101851851853	9.76020635396536	330
SUMMERSIDE	2006	10	19	292	8.5	11.7	5.11777817127146	-999.9	0	3.33333333333333	11.6827780136267	330
SUMMERSIDE	2006	10	20	293	7.8	14	7.02499160781204	-999.9	24.3	5.08101851851853	12.2250454109785	330
SUMMERSIDE	2006	10	21	294	8.9	12.1	4.97679161350486	-999.9	4.1	7.66203703703703	11.6221111986753	330
SUMMERSIDE	2006	10	22	295	6.8	8.2	3.24598434627172	-999.9	0.7	6.90972222222222	9.66892345478568	330
SUMMERSIDE	2006	10	23	296	5.1	11	6.57055877199791	-999.9	0	1.89814814814815	10.0500040285956	330
SUMMERSIDE	2006	10	24	297	3.7	10	6.69466812567141	-999.9	0.6	2.06018518518519	9.2837539350245	330
SUMMERSIDE	2006	10	25	298	4.6	7.5	4.47848955943929	-999.9	9.6	5.11574074074075	8.85689235071617	330
SUMMERSIDE	2006	10	26	299	2.5	7.5	5.79809725680226	-999.9	0	5.71759259259258	7.23479482806731	330
SUMMERSIDE	2006	10	27	300	2.8	7.7	5.65931057688865	-999.9	0.6	4.375	7.24217461404153	330
SUMMERSIDE	2006	10	28	301	-1.8	13.8	9.95618331100713	-999.9	17	4.83796296296297	7.50466081877198	330
SUMMERSIDE	2006	10	29	302	6.2	11	5.44527154234208	-999.9	0	11.5740740740741	9.04118930096493	330
SUMMERSIDE	2006	10	30	303	3.9	6.9	4.24457658851142	-999.9	0.6	11.6898148148148	5.60370987311109	330
SUMMERSIDE	2006	10	31	304	3.1	7.9	5.29394012191943	-999.9	0	6.20370370370369	6.19836121273153	330
SUMMERSIDE	2006	11	1	305	3.3	12.2	7.10806448516972	-999.9	0	3.15972222222222	9.38191319430227	330
SUMMERSIDE	2006	11	2	306	0.7	8.3	6.47706048247306	-999.9	2.5	2.36111111111111	8.10734319514132	330
SUMMERSIDE	2006	11	3	307	0	4.8	5.07606402892765	-999.9	0.7	3.96990740740742	5.40358956670779	330
SUMMERSIDE	2006	11	4	308	-3.3	3.3	5.86999920225052	-999.9	0	3.02083333333333	4.61337671666667	330
SUMMERSIDE	2006	11	5	309	-2.8	2.8	5.33270851841973	-999.9	0.6	2.78935185185186	4.43948003333333	330
SUMMERSIDE	2006	11	6	310	-3.4	3.2	5.71012595436566	-999.9	0.6	1.94444444444444	4.99887397905486	330
SUMMERSIDE	2006	11	7	311	-1.6	8.1	6.82834847408546	-999.9	0	4.56018518518519	7.01364232913152	330
SUMMERSIDE	2006	11	8	312	5.3	11.8	5.51420550289691	-999.9	21.9	4.71064814814814	10.4249494008024	330
SUMMERSIDE	2006	11	9	313	8	13.8	5.13903243706425	-999.9	41.8	6.70138888888889	12.5578110379618	330
SUMMERSIDE	2006	11	10	314	8.8	12.5	4.05003060386728	-999.9	0	6.03009259259258	10.4969319072642	330
SUMMERSIDE	2006	11	11	315	1.3	9.5	5.94987550882881	-999.9	0	3.88888888888889	6.87608605997289	330
SUMMERSIDE	2006	11	12	316	4.6	7.6	3.55191892017354	-999.9	9.6	5.38194444444445	8.80961356592587	330
SUMMERSIDE	2006	11	13	317	5.8	10	4.1484998773194	-999.9	0	5.24305555555556	9.71798716757404	330
SUMMERSIDE	2006	11	14	318	8	15.2	5.36245842354407	-999.9	3.2	8.85416666666667	11.8002033867901	330
SUMMERSIDE	2006	11	15	319	11.9	14.4	3.12011732470858	-999.9	0	6.07638888888889	14.1940187021588	330
SUMMERSIDE	2006	11	16	320	9.9	15.8	4.73376768144878	-999.9	0	3.99305555555556	13.8187405227321	330
SUMMERSIDE	2006	11	17	321	12.4	18.6	4.79334221940445	-999.9	7.8	8.22916666666667	16.0889422116916	330
SUMMERSIDE	2006	11	18	322	9.1	11.8	3.12516305826357	-999.9	0	4.38657407407408	10.889089560002	330
SUMMERSIDE	2006	11	19	323	3.4	6.5	3.30911113614251	-999.9	0	2.70833333333333	7.00482909942541	330
SUMMERSIDE	2006	11	20	324	2.8	5.4	2.99538991117826	-999.9	0	5.77546296296297	6.54639454630675	330
SUMMERSIDE	2006	11	21	325	0.4	2.1	2.39457700761298	-999.9	0.6	5.27777777777778	4.39630595180942	330
SUMMERSIDE	2006	11	22	326	-1.8	4.7	4.6302578137288	-999.9	0.6	3.65740740740742	5.05550027571171	330
SUMMERSIDE	2006	11	23	327	-4.9	7	6.19694478854917	-999.9	1.3	2.48842592592593	5.95062762631532	330
SUMMERSIDE	2006	11	24	328	0.9	6.6	4.24339768840653	-999.9	0	5.99537037037036	6.63457341248277	330
SUMMERSIDE	2006	11	25	329	-0.9	4.2	3.97241904071078	-999.9	0	4.18981481481481	5.34243464402553	330
SUMMERSIDE	2006	11	26	330	-0.9	9.2	5.53414797443502	-999.9	0	5.59027777777778	7.01361149191357	330
SUMMERSIDE	2006	11	27	331	0.1	6.2	4.2589886211859	-999.9	0	3.37962962962964	6.6039387811417	330
SUMMERSIDE	2006	11	28	332	0.2	2.5	2.5905572191333	-999.9	0	5.02314814814814	4.61474051516968	330
SUMMERSIDE	2006	11	29	333	-6.6	8.9	6.66382905368183	-999.9	0.6	3.90046296296297	5.70075185395776	330
SUMMERSIDE	2006	11	30	334	0.8	12	5.61489276243791	-999.9	2	9.18981481481481	9.05427745839477	330
SUMMERSIDE	2006	12	1	335	1.5	4.1	2.68252594427754	-999.9	20.2	5.74074074074075	6.90713919622692	330
SUMMERSIDE	2006	12	2	336	-0.3	4.7	3.68996219754181	-999.9	0.6	7.01388888888889	6.4536465921368	330
SUMMERSIDE	2006	12	3	337	-2.5	-0.6	2.25710944536758	-999.9	2.7	6.85185185185186	3.88790335699998	330
SUMMERSIDE	2006	12	4	338	-6.6	2.4	4.87640172087754	-999.9	8	4.54861111111111	4.87850759351333	330
SUMMERSIDE	2006	12	5	339	-6.6	-4.7	2.22497447889826	-999.9	0	6.11111111111111	3.45928320114704	330
SUMMERSIDE	2006	12	6	340	-12.4	3.5	6.39423162766784	-999.9	1.4	5.64814814814814	3.52836520060096	330
SUMMERSIDE	2006	12	7	341	-6.3	5.9	5.56655644151813	-999.9	5	5.75231481481481	5.65575783089958	330
SUMMERSIDE	2006	12	8	342	-0.9	2.4	2.87845529862799	-999.9	0.6	7.00231481481481	5.81521785684923	330
SUMMERSIDE	2006	12	9	343	-8.9	1.1	4.9840299671987	-999.9	1.3	6.04166666666667	3.53401295213113	330
SUMMERSIDE	2006	12	10	344	-6.8	4.1	5.17794586140832	-999.9	0	6.22685185185186	4.44649356297234	330
SUMMERSIDE	2006	12	11	345	-0.4	2.6	2.70431288520526	-999.9	0	3.44907407407408	5.22237492007012	330
SUMMERSIDE	2006	12	12	346	-3.8	-1.3	2.45872260449232	-999.9	0	5.08101851851853	3.44398664286451	330
SUMMERSIDE	2006	12	13	347	-8.8	6.2	6.00097786831133	-999.9	4.3	5.81018518518519	4.65602691214014	330
SUMMERSIDE	2006	12	14	348	1.8	7.4	3.65513270796633	-999.9	0	4.27083333333333	8.16072963934211	330
SUMMERSIDE	2006	12	15	349	2	6.4	3.23121649469788	-999.9	0	5.33564814814814	7.67286335950978	330
SUMMERSIDE	2006	12	16	350	3.8	6	2.27971828986568	-999.9	0	5.40509259259258	7.76810867753357	330
SUMMERSIDE	2006	12	17	351	-2.1	6	4.36660032252574	-999.9	0	5.97222222222222	5.57057346923601	330
SUMMERSIDE	2006	12	18	352	1.9	5.4	2.86660698493157	-999.9	0	5.04629629629631	5.93486877356406	330
SUMMERSIDE	2006	12	19	353	-5.3	-3.6	1.99615729911847	-999.9	0.6	5.81018518518519	3.37256725667833	330
SUMMERSIDE	2006	12	20	354	-8.4	0.7	4.61668988769778	-999.9	0	4.80324074074075	3.2598057615968	330
SUMMERSIDE	2006	12	21	355	-8.6	4.6	5.56084125250047	-999.9	0	8.35648148148147	3.59821129378592	330
SUMMERSIDE	2006	12	22	356	-4	-0.8	2.73952868044576	-999.9	0	6.85185185185186	3.10944679754085	330
SUMMERSIDE	2006	12	23	357	-6.7	7	5.67429588440641	-999.9	16.2	5.84490740740742	5.34247817966699	330
SUMMERSIDE	2006	12	24	358	0.1	6.5	3.88414487781635	-999.9	0	8.18287037037036	6.39164725883441	330
SUMMERSIDE	2006	12	25	359	-0.1	4.1	3.1527231895281	-999.9	0	7.28009259259258	4.54270519389448	330
SUMMERSIDE	2006	12	26	360	-1.5	0.8	2.33873885673662	-999.9	9.7	3.76157407407408	5.4001102395053	330
SUMMERSIDE	2006	12	27	361	-3.7	-2.2	1.89417223387858	-999.9	0.6	5.625	4.47521419081689	330
SUMMERSIDE	2006	12	28	362	-9.2	-7.6	1.96285190436561	-999.9	0	5.57870370370369	2.63696169611	330
SUMMERSIDE	2006	12	29	363	-11.6	-8.2	2.87221136956182	-999.9	0	8.04398148148147	2.11952709775227	330
SUMMERSIDE	2006	12	30	364	-9.7	-4.6	3.53268456246655	-999.9	0	6.00694444444445	2.76280753521302	330
SUMMERSIDE	2006	12	31	365	-6.9	-3.5	2.89796407881985	-999.9	0.6	4.97685185185186	3.42118281316022	330
