SUMMERSIDE	2007	1	1	1	-12.7	3.9	6.4362000708369	-999.9	22.5	3.39120370370369	3.75636041399839	330
SUMMERSIDE	2007	1	2	2	-4	2.1	3.92326430157994	-999.9	3.6	6.50462962962964	5.16137556062547	330
SUMMERSIDE	2007	1	3	3	-6.1	1.6	4.434219337215	-999.9	0	6.42361111111111	3.88869832791083	330
SUMMERSIDE	2007	1	4	4	-3	5.1	4.57701217838207	-999.9	0	5.60185185185186	5.34144285303036	330
SUMMERSIDE	2007	1	5	5	0.7	6	3.72752204944274	-999.9	2.6	5.74074074074075	7.22977181898335	330
SUMMERSIDE	2007	1	6	6	2.8	9.3	4.15769735187917	-999.9	15.7	5.59027777777778	9.27058171763129	330
SUMMERSIDE	2007	1	7	7	4	6	2.3237655551954	-999.9	0	8.53009259259258	6.11781843180666	330
SUMMERSIDE	2007	1	8	8	-1.9	7	4.9410188505206	-999.9	15.6	5.17361111111111	6.35344955068638	330
SUMMERSIDE	2007	1	9	9	-0.2	3.4	3.16866080849021	-999.9	0	7.09490740740742	5.43058100333127	330
SUMMERSIDE	2007	1	10	10	-2.8	0.8	3.19619401240322	-999.9	0	3.69212962962964	4.46003710351607	330
SUMMERSIDE	2007	1	11	11	-8.7	0.5	5.15564531521924	-999.9	0	6.53935185185186	3.41522112354091	330
SUMMERSIDE	2007	1	12	12	-7.1	2.1	5.20397836258948	-999.9	0.7	4.82638888888889	4.4360205139156	330
SUMMERSIDE	2007	1	13	13	-2.4	2.7	3.91218684034511	-999.9	0	6.70138888888889	4.90916401939288	330
SUMMERSIDE	2007	1	14	14	-7.6	-2.4	3.98992535555097	-999.9	0	3.81944444444444	3.10102858508893	330
SUMMERSIDE	2007	1	15	15	-10.1	-2.9	4.74338890421043	-999.9	10	2.82407407407408	3.00379417271832	330
SUMMERSIDE	2007	1	16	16	-8.1	-2.4	4.26525646547054	-999.9	1.4	6.36574074074075	3.7697024209118	330
SUMMERSIDE	2007	1	17	17	-19.5	-17.2	2.73890992418711	-999.9	0	8.33333333333333	1.09089554331065	330
SUMMERSIDE	2007	1	18	18	-21.5	-1.1	8.24804246620071	-999.9	0	5.11574074074075	1.96680381881948	330
SUMMERSIDE	2007	1	19	19	-11.3	4.9	7.43406099634844	-999.9	19.5	8.53009259259258	4.46355864132489	330
SUMMERSIDE	2007	1	20	20	-5.4	-4.7	1.56335008054648	-999.9	0	10.9953703703704	3.46999185654731	330
SUMMERSIDE	2007	1	21	21	-13.7	-11.3	2.92922150751393	-999.9	0	9.51388888888889	1.60545367204064	330
SUMMERSIDE	2007	1	22	22	-15.7	-9.3	4.84140816212102	-999.9	0	6.18055555555556	1.61625488940605	330
SUMMERSIDE	2007	1	23	23	-14.9	-4.9	6.12643139427293	-999.9	0	1.35265700483092	2.43738786175508	330
SUMMERSIDE	2007	1	24	24	-15.1	-3.3	6.73845325273582	-999.9	0	1.36574074074074	2.60090793457551	330
SUMMERSIDE	2007	1	25	25	-14.4	-9.4	4.44218570570771	-999.9	0	4.87268518518519	1.83639426022023	330
SUMMERSIDE	2007	1	26	26	-21.1	-11.1	6.36326734306439	-999.9	0	5.17361111111111	1.36543893251333	330
SUMMERSIDE	2007	1	27	27	-16.4	-9.2	5.46998359728605	-999.9	0	9.27083333333333	1.56699601054678	330
SUMMERSIDE	2007	1	28	28	-14.3	-6	5.95065549744778	-999.9	0	4.32870370370369	1.90347199438892	330
SUMMERSIDE	2007	1	29	29	-14.9	-6.4	6.10243125285524	-999.9	0	3.62268518518519	2.17313482020205	330
SUMMERSIDE	2007	1	30	30	-17.1	-12.8	4.39898410727944	-999.9	0	5.63657407407408	1.14905647332354	330
SUMMERSIDE	2007	1	31	31	-20.2	-11.8	6.23210926192307	-999.9	0	3.27546296296297	1.12993318111438	330
SUMMERSIDE	2007	2	1	32	-17.7	-3.3	8.27183704637945	-999.9	0.7	4.07407407407408	2.01663104252141	330
SUMMERSIDE	2007	2	2	33	-10.4	-0.2	7.05813244657943	-999.9	2.5	3.69212962962964	3.9353277904347	330
SUMMERSIDE	2007	2	3	34	-3.1	-1.8	2.55487578987494	-999.9	3.5	4.90740740740742	4.64036694833782	330
SUMMERSIDE	2007	2	4	35	-11.4	-6.1	5.23093908675439	-999.9	0	6.72453703703703	2.06447744924162	330
SUMMERSIDE	2007	2	5	36	-16.3	-13.5	3.85563117356298	-999.9	0	6.51620370370369	1.17148719793753	330
SUMMERSIDE	2007	2	6	37	-21.4	-13.4	6.60941977625919	-999.9	0	7.56944444444445	0.904664657908202	330
SUMMERSIDE	2007	2	7	38	-17.5	-10.8	6.13452392245321	-999.9	0	3.94675925925925	1.25623106336563	330
SUMMERSIDE	2007	2	8	39	-19.1	-12.5	6.17532773939355	-999.9	0	4.43287037037036	1.21557673171581	330
SUMMERSIDE	2007	2	9	40	-16.3	-10.4	5.92208188284453	-999.9	0	5.83333333333333	1.34921984591246	330
SUMMERSIDE	2007	2	10	41	-14.9	-7.9	6.542895449629	-999.9	0	4.02777777777778	1.80419491661122	330
SUMMERSIDE	2007	2	11	42	-14.8	-8.7	6.19536881054634	-999.9	0	5.23148148148147	1.56967061725862	330
SUMMERSIDE	2007	2	12	43	-16.4	-4.3	8.85078073354699	-999.9	0	5.94907407407408	1.81664193940494	330
SUMMERSIDE	2007	2	13	44	-16.6	-9.4	6.92538458191379	-999.9	0	6.23842592592592	1.4201689308141	330
SUMMERSIDE	2007	2	14	45	-15.8	3.3	11.4414753361757	-999.9	2.7	3.77314814814814	3.13650557772154	330
SUMMERSIDE	2007	2	15	46	-4.6	2.8	7.22378479165457	-999.9	0.6	12.662037037037	4.81132891087288	330
SUMMERSIDE	2007	2	16	47	-15.6	-9.5	6.65258453019296	-999.9	0	11.25	1.4220862719435	330
SUMMERSIDE	2007	2	17	48	-11.9	-4.3	7.53180266462828	-999.9	0	6.46990740740742	2.30828254837954	330
SUMMERSIDE	2007	2	18	49	-10.6	-1	8.58581987949065	-999.9	0	3.42592592592592	3.29184851903096	330
SUMMERSIDE	2007	2	19	50	-4.9	-4.1	2.51379523109086	-999.9	0.6	7.14120370370369	3.79963691472509	330
SUMMERSIDE	2007	2	20	51	-17.6	-8.6	8.55120060397036	-999.9	0	5.3125	1.60232380876617	330
SUMMERSIDE	2007	2	21	52	-12.2	-5	7.75662453304753	-999.9	0	2.37268518518519	2.40210418294741	330
SUMMERSIDE	2007	2	22	53	-12.9	-4.4	8.54661352300559	-999.9	0	4.71064814814814	2.14042861232116	330
SUMMERSIDE	2007	2	23	54	-13.8	-5.9	8.35509475097159	-999.9	0	3.40277777777778	2.34912239340388	330
SUMMERSIDE	2007	2	24	55	-14.4	-0.5	11.237545324073	-999.9	0.6	5.01157407407408	3.13243943847254	330
SUMMERSIDE	2007	2	25	56	-4.3	0.9	6.9688782203923	-999.9	0	8.62268518518519	3.75549923567711	330
SUMMERSIDE	2007	2	26	57	-7.3	-2.3	6.92807052943968	-999.9	0	4.60648148148147	3.56939916660863	330
SUMMERSIDE	2007	2	27	58	-8.8	-2.2	8.06923599509159	-999.9	0.6	2.8125	3.73324289049325	330
SUMMERSIDE	2007	2	28	59	-6.5	-1.4	7.19024916358135	-999.9	0	1.46990740740741	4.07854385974521	330
SUMMERSIDE	2007	3	1	60	-7.8	-1.9	7.83874957527425	-999.9	0	1.22685185185185	3.86616882570212	330
SUMMERSIDE	2007	3	2	61	-7.6	0.8	9.47947418220376	-999.9	7.2	4.40972222222222	4.18639728939013	330
SUMMERSIDE	2007	3	3	62	-2.7	4.5	8.89395648458971	-999.9	2.3	7.38425925925925	5.3987741779593	330
SUMMERSIDE	2007	3	4	63	-1.3	0.8	4.86722460227505	-999.9	2.7	4.58994708994708	5.55897899144881	330
SUMMERSIDE	2007	3	5	64	-9.6	-2.2	9.25737846639564	-999.9	0	3.85416666666667	3.41023608463843	330
SUMMERSIDE	2007	3	6	65	-11.8	-9.9	4.75231776627066	-999.9	0.6	6.62037037037036	2.07855621559993	330
SUMMERSIDE	2007	3	7	66	-19.4	-13.1	8.76617801019648	-999.9	0	8.33333333333333	1.01002435300225	330
SUMMERSIDE	2007	3	8	67	-21.1	-14.8	8.87922890877861	-999.9	0	4.375	0.921033705833944	330
SUMMERSIDE	2007	3	9	68	-20	-3.4	14.5974328088829	-999.9	0	5.97222222222222	1.52785519427202	330
SUMMERSIDE	2007	3	10	69	-12.6	3.6	14.6032271428297	-999.9	0	5.64814814814814	3.0939638746049	330
SUMMERSIDE	2007	3	11	70	-0.4	3.8	7.52896528748891	-999.9	6.8	5.28935185185186	6.55662433584952	330
SUMMERSIDE	2007	3	12	71	-3.2	1.3	7.89015805349304	-999.9	0	5.64814814814814	3.96553405579147	330
SUMMERSIDE	2007	3	13	72	-3.5	4.8	10.8476554649566	-999.9	0	4.30555555555556	5.32948895400008	330
SUMMERSIDE	2007	3	14	73	-1.6	8.8	12.2907578522827	-999.9	5.4	9.65277777777778	6.60459379595023	330
SUMMERSIDE	2007	3	15	74	5.6	7.4	5.17500045486763	-999.9	3.1	7.63888888888889	9.2545950531165	330
SUMMERSIDE	2007	3	16	75	-7.5	-2.4	8.81490516493202	-999.9	6.3	8.28703703703703	3.20516101907883	330
SUMMERSIDE	2007	3	17	76	-6.3	8.4	15.1424183087753	-999.9	8.4	10.0231481481481	6.1721493620553	330
SUMMERSIDE	2007	3	18	77	2.2	5	6.68597243323505	-999.9	0.6	9.24768518518519	6.77996627650401	330
SUMMERSIDE	2007	3	19	78	-5.7	-0.1	9.56473579511174	-999.9	0	8.75	3.01265453630217	330
SUMMERSIDE	2007	3	20	79	-2.1	3.1	9.32218917906636	-999.9	2	8.125	5.51816983936864	330
SUMMERSIDE	2007	3	21	80	-9.1	-1.7	11.2463803980735	-999.9	0	6.78240740740742	2.52208687787871	330
SUMMERSIDE	2007	3	22	81	-6	6.3	14.661320447653	-999.9	0.7	10.6944444444444	5.17901235872527	330
SUMMERSIDE	2007	3	23	82	2.5	8.9	10.6924367656974	-999.9	0	5.3125	7.80640608828527	330
SUMMERSIDE	2007	3	24	83	-4.1	-1.9	6.33733125054619	-999.9	0	4.57175925925925	3.91529967473393	330
SUMMERSIDE	2007	3	25	84	-8.3	-2	10.8396578598953	-999.9	0.6	3.32175925925925	3.39510672464528	330
SUMMERSIDE	2007	3	26	85	-9	6	16.9037375829757	-999.9	0	3.02083333333333	4.18474972236654	330
SUMMERSIDE	2007	3	27	86	-1.6	8.3	13.8767527763864	-999.9	0	3.81944444444444	6.88720591600806	330
SUMMERSIDE	2007	3	28	87	0.6	3.9	8.09471336161934	-999.9	0.6	10.2662037037037	5.55231540574452	330
SUMMERSIDE	2007	3	29	88	-3.9	1.7	10.6525527153151	-999.9	0	9.87268518518519	4.08054832201235	330
SUMMERSIDE	2007	3	30	89	-2.7	6.2	13.5647133886545	-999.9	0	5.69444444444445	3.9983985576871	330
SUMMERSIDE	2007	3	31	90	-4.8	0.8	10.8669135301765	-999.9	0.6	7.45370370370369	3.0194934552519	330
SUMMERSIDE	2007	4	1	91	-6.6	0.3	12.180745305652	-999.9	0	3.78472222222222	3.53609217850546	330
SUMMERSIDE	2007	4	2	92	-8.6	1.7	15.0260737440767	-999.9	0	3.55324074074075	3.44588997069886	330
SUMMERSIDE	2007	4	3	93	-3.9	1.9	11.3830569096311	-999.9	0	5.15046296296297	4.28648555311273	330
SUMMERSIDE	2007	4	4	94	-4.8	0.4	10.879401040363	-999.9	0	6.09953703703703	4.24404818282104	330
SUMMERSIDE	2007	4	5	95	-1.7	7.5	14.6048139656621	-999.9	7.4	5.84490740740742	7.00041239137617	330
SUMMERSIDE	2007	4	6	96	0.7	4.7	9.7178755243737	-999.9	0	9.09722222222222	6.25905592052032	330
SUMMERSIDE	2007	4	7	97	-1.1	4.1	11.1795079864587	-999.9	7.2	6.13425925925925	5.3746750394545	330
SUMMERSIDE	2007	4	8	98	-2.3	0.2	7.82008060861388	-999.9	1.3	14.3171296296296	5.48714566146831	330
SUMMERSIDE	2007	4	9	99	-1.5	1.8	9.06272928235348	-999.9	0	8.14814814814814	4.85727010798281	330
SUMMERSIDE	2007	4	10	100	-4.3	2.7	13.3122839502894	-999.9	0	3.63425925925925	4.18081081399131	330
SUMMERSIDE	2007	4	11	101	-5.2	5	16.2048857014135	-999.9	0	3.02083333333333	3.90973383836693	330
SUMMERSIDE	2007	4	12	102	-4.9	8.8	18.9360526521744	-999.9	0.7	2.17592592592593	4.3713938146709	330
SUMMERSIDE	2007	4	13	103	-0.7	0.3	5.15766992791262	-999.9	5.7	8.10185185185186	5.24493406689038	330
SUMMERSIDE	2007	4	14	104	-0.5	0.5	5.19899230226254	-999.9	0	9.31712962962964	5.7309186375	330
SUMMERSIDE	2007	4	15	105	-6.8	1.7	15.2769159760942	-999.9	0	3.41435185185186	4.64198690452351	330
SUMMERSIDE	2007	4	16	106	-2.2	3.1	12.1566194407955	-999.9	0	5.85648148148147	5.43066402259826	330
SUMMERSIDE	2007	4	17	107	0.4	2.1	6.93728932777949	-999.9	2.9	10.9027777777778	6.00875299100342	330
SUMMERSIDE	2007	4	18	108	0.2	1.1	5.08532913478927	-999.9	0	11.2615740740741	5.93480698259675	330
SUMMERSIDE	2007	4	19	109	-0.3	1.7	7.63637932261673	-999.9	0	9.27083333333333	5.74648581814445	330
SUMMERSIDE	2007	4	20	110	-2.3	10.9	19.7595287898065	-999.9	0	3.125	6.11407209287197	330
SUMMERSIDE	2007	4	21	111	-1.2	5.2	13.8560485678913	-999.9	0	4.13194444444444	5.62964635862346	330
SUMMERSIDE	2007	4	22	112	-3.8	12	21.9220240863821	-999.9	0	4.30555555555556	5.31251913443741	330
SUMMERSIDE	2007	4	23	113	4.1	18.1	20.7760015798358	-999.9	0	9.44444444444444	8.08769235983147	330
SUMMERSIDE	2007	4	24	114	7.5	15.1	15.4096930484181	-999.9	0	7.56944444444445	8.18451639274807	330
SUMMERSIDE	2007	4	25	115	-1.3	10.2	19.0795883184404	-999.9	0	4.08564814814814	4.58593630299081	330
SUMMERSIDE	2007	4	26	116	-1.3	13	21.4123774382603	-999.9	0	5.56712962962964	4.45309604998668	330
SUMMERSIDE	2007	4	27	117	-1.1	11.9	20.5442127352401	-999.9	6.9	4.79166666666667	5.65250306021789	330
SUMMERSIDE	2007	4	28	118	4.1	9.3	13.0732896013151	-999.9	0	4.64120370370369	8.87369647636805	330
SUMMERSIDE	2007	4	29	119	1.5	5.6	11.6784501811307	-999.9	0	5.59027777777778	7.31270154762024	330
SUMMERSIDE	2007	4	30	120	0.6	6.1	13.6059747466102	-999.9	6.7	2.21064814814815	6.9622441614217	330
SUMMERSIDE	2007	5	1	121	0.1	7.7	16.0862705471053	-999.9	0.6	3.64583333333333	7.26272155421097	330
SUMMERSIDE	2007	5	2	122	1.6	14.2	20.8295359338551	-999.9	0	3.49537037037036	7.68523388848515	330
SUMMERSIDE	2007	5	3	123	5.3	10.9	13.9630355808201	-999.9	0	5.92592592592592	6.93649108988049	330
SUMMERSIDE	2007	5	4	124	3.2	7.1	11.7153608837238	-999.9	0	6.36574074074075	6.48127199030772	330
SUMMERSIDE	2007	5	5	125	3.4	7.4	11.9271640580116	-999.9	0.7	4.53703703703703	6.97742575627161	330
SUMMERSIDE	2007	5	6	126	2.3	10.1	16.7411344998433	-999.9	0	5.239898989899	7.07606064161389	330
SUMMERSIDE	2007	5	7	127	3	20.3	25.057505958903	-999.9	0	6.19212962962964	7.22487038896145	330
SUMMERSIDE	2007	5	8	128	6.4	18.2	20.7960130096787	-999.9	0	7.74305555555556	8.6713560776291	330
SUMMERSIDE	2007	5	9	129	6.8	24.8	25.8075603766694	-999.9	0	4.57175925925925	8.98907059395406	330
SUMMERSIDE	2007	5	10	130	8.7	17.6	18.2316055494213	-999.9	0	5.38194444444445	10.2646369594771	330
SUMMERSIDE	2007	5	11	131	7.9	22.2	23.2148020972584	-999.9	7.9	8.53009259259258	12.8878673056169	330
SUMMERSIDE	2007	5	12	132	6.3	8.6	9.35138692301475	-999.9	0	6.58564814814814	7.22675032555987	330
SUMMERSIDE	2007	5	13	133	-1.1	10.7	21.2724045679647	-999.9	0	2.2337962962963	5.36349011439607	330
SUMMERSIDE	2007	5	14	134	-0.5	10.9	20.9961683072732	-999.9	0	3.78472222222222	5.62253121260847	330
SUMMERSIDE	2007	5	15	135	4.4	13.7	19.0410079572843	-999.9	0.6	6.15740740740742	8.43323698866876	330
SUMMERSIDE	2007	5	16	136	3	7	12.5368469974462	-999.9	6.7	5	5.64693622553992	330
SUMMERSIDE	2007	5	17	137	0.2	4.8	13.4957295944189	-999.9	1.3	7.60416666666667	6.55022371361303	330
SUMMERSIDE	2007	5	18	138	3	11.3	18.1955459339547	-999.9	10.2	4.03935185185186	9.02202806583807	330
SUMMERSIDE	2007	5	19	139	4.8	15.2	20.4409458877539	-999.9	33.4	4.58333333333333	11.7435224139307	330
SUMMERSIDE	2007	5	20	140	5.8	7.5	8.29310077556289	-999.9	9.3	3.22916666666667	9.53891574021424	330
SUMMERSIDE	2007	5	21	141	2.8	9.1	16.0184691632767	-999.9	1.3	4.88425925925925	7.86072136856772	330
SUMMERSIDE	2007	5	22	142	2.1	5.7	12.1481605202247	-999.9	0	7.28009259259258	6.71184970063424	330
SUMMERSIDE	2007	5	23	143	-1.4	9.8	21.4944972786955	-999.9	0	3.35648148148147	6.28532801514499	330
SUMMERSIDE	2007	5	24	144	4.3	17.8	23.6698131434848	-999.9	0	6.77083333333333	9.86775862084701	330
SUMMERSIDE	2007	5	25	145	9.5	23.8	24.4318559894146	-999.9	2.5	5.87962962962964	13.0670764492853	330
SUMMERSIDE	2007	5	26	146	11.3	24.5	23.5389401117699	-999.9	0	5.59027777777778	13.479480045732	330
SUMMERSIDE	2007	5	27	147	5.5	15.5	20.5429401466317	-999.9	2.3	4.98842592592592	7.37271039477207	330
SUMMERSIDE	2007	5	28	148	8.5	13.7	14.8517714616278	-999.9	4.6	6.875	11.1558189898427	330
SUMMERSIDE	2007	5	29	149	8.5	13.5	14.5991323908945	-999.9	0	5.21990740740742	12.097903180894	330
SUMMERSIDE	2007	5	30	150	5.7	15.2	20.1706979044679	-999.9	0	2.66203703703704	9.55052830677248	330
SUMMERSIDE	2007	5	31	151	7.2	11	12.7855600303177	-999.9	0	4.50231481481481	9.7968681989925	330
SUMMERSIDE	2007	6	1	152	1.3	20.7	28.9500652600093	-999.9	0	5.19675925925925	10.3296213723384	330
SUMMERSIDE	2007	6	2	153	6.6	13.2	16.9197285299648	-999.9	0	5.24305555555556	7.49607447533656	330
SUMMERSIDE	2007	6	3	154	4.6	15.6	21.8848030472281	-999.9	0	4.39814814814814	6.99725482622263	330
SUMMERSIDE	2007	6	4	155	5.4	17.2	22.707244223439	-999.9	2.1	5.75757575757575	8.80022669819469	330
SUMMERSIDE	2007	6	5	156	12	23.5	22.4544195663601	-999.9	0	7.98611111111111	16.9418260946548	330
SUMMERSIDE	2007	6	6	157	15.5	26.5	21.9953664656211	-999.9	5.6	5.79861111111111	18.5514946936524	330
SUMMERSIDE	2007	6	7	158	9.2	17.1	18.6673602520703	-999.9	0	4.79166666666667	11.7056218634976	330
SUMMERSIDE	2007	6	8	159	7.8	19.7	22.9419323664616	-999.9	0	3.18287037037036	9.96090146390952	330
SUMMERSIDE	2007	6	9	160	8	25.7	28.0145100598761	-999.9	0	3.27546296296297	12.9440695655631	330
SUMMERSIDE	2007	6	10	161	11.5	23.7	23.2846122310822	-999.9	0	4.01620370370369	15.4161209782616	330
SUMMERSIDE	2007	6	11	162	12	17.6	15.7916929143567	-999.9	0	6.15740740740742	14.8948210810324	330
SUMMERSIDE	2007	6	12	163	11.4	14.6	11.9483573340186	-999.9	0	6.5625	13.2891670219573	330
SUMMERSIDE	2007	6	13	164	8.8	14.3	15.6771138472368	-999.9	0	5.21990740740742	11.6402006290031	330
SUMMERSIDE	2007	6	14	165	7.4	14.6	17.9496359771234	-999.9	0.6	2.8125	10.7909122789182	330
SUMMERSIDE	2007	6	15	166	4	23	29.1758794286573	-999.9	0	2.87037037037036	10.9853365336198	330
SUMMERSIDE	2007	6	16	167	12.9	26.7	24.8769785572265	-999.9	0	4.80324074074075	18.1543316585325	330
SUMMERSIDE	2007	6	17	168	14.6	24	20.5393250041237	-999.9	6.2	6.75925925925925	16.4375296470395	330
SUMMERSIDE	2007	6	18	169	12.6	14	7.92873066022962	-999.9	0	7.28009259259258	12.7598780218294	330
SUMMERSIDE	2007	6	19	170	10.2	14.2	13.4041826690749	-999.9	0.6	6.11111111111111	11.2006225583624	330
SUMMERSIDE	2007	6	20	171	4.7	22.4	28.1981739340964	-999.9	9.7	2.26851851851852	11.6370035014406	330
SUMMERSIDE	2007	6	21	172	13.1	15.3	9.94083898952629	-999.9	6.8	3.50694444444444	14.6127611896534	330
SUMMERSIDE	2007	6	22	173	12.2	20.4	19.1888667773295	-999.9	0.9	2.56944444444444	15.9097807001901	330
SUMMERSIDE	2007	6	23	174	11.5	18	17.0798144934616	-999.9	0	2.43055555555556	15.458218568731	330
SUMMERSIDE	2007	6	24	175	11.8	20.8	20.0902421001452	-999.9	1.2	3.25231481481481	16.1036133110599	330
SUMMERSIDE	2007	6	25	176	12.4	24	22.7973166743507	-999.9	16	4.76851851851853	13.70989368577	330
SUMMERSIDE	2007	6	26	177	14.5	23.2	19.7314299626649	-999.9	0	4.84953703703703	18.1611324486756	330
SUMMERSIDE	2007	6	27	178	16.3	24.6	19.2590803002256	-999.9	23.6	4.59490740740742	14.7403592894902	330
SUMMERSIDE	2007	6	28	179	11.7	19.1	18.1703492908473	-999.9	0	4.14351851851853	15.0418203591165	330
SUMMERSIDE	2007	6	29	180	12.8	20.4	18.3974854024347	-999.9	0	4.02777777777778	14.0590683710772	330
SUMMERSIDE	2007	6	30	181	11.4	19.6	19.0904499852754	-999.9	0	3.95833333333333	13.4221853066402	330
SUMMERSIDE	2007	7	1	182	10.2	20.2	21.0581440659864	-999.9	0	3.70370370370369	12.6530607332765	330
SUMMERSIDE	2007	7	2	183	11.3	16.5	15.166517441912	-999.9	0.6	3.15972222222222	13.2016672838852	330
SUMMERSIDE	2007	7	3	184	7.3	19.4	23.1043736104633	-999.9	0	2.30324074074074	11.9494197412114	330
SUMMERSIDE	2007	7	4	185	10.6	24	24.2786422823634	-999.9	0	4.61805555555556	14.5897582589526	330
SUMMERSIDE	2007	7	5	186	14.5	19.7	15.1007065879949	-999.9	8.9	7.01388888888889	15.6217341589961	330
SUMMERSIDE	2007	7	6	187	14.4	21.6	17.7393828246858	-999.9	0	3.85416666666667	18.5206715697902	330
SUMMERSIDE	2007	7	7	188	15.5	22	16.8251364537644	-999.9	0.6	3.72685185185186	18.2931345633172	330
SUMMERSIDE	2007	7	8	189	13.6	19.4	15.8634813643724	-999.9	2.6	4.05092592592592	15.3048827126204	330
SUMMERSIDE	2007	7	9	190	11.7	17.5	15.8319331810348	-999.9	0	4.25925925925925	13.139573899712	330
SUMMERSIDE	2007	7	10	191	12.2	19.5	17.7243208543548	-999.9	0	3.42592592592592	14.700016539649	330
SUMMERSIDE	2007	7	11	192	13	25.1	22.7688853328566	-999.9	0	5.85648148148147	18.860986549233	330
SUMMERSIDE	2007	7	12	193	19.2	23.3	13.2231377463764	-999.9	4.4	6.33101851851853	23.0400952692991	330
SUMMERSIDE	2007	7	13	194	16.9	25.7	19.3254643110136	-999.9	0	3.47222222222222	20.2846100944979	330
SUMMERSIDE	2007	7	14	195	14.9	25.2	20.85478003869	-999.9	0	4.51388888888889	16.0243099799312	330
SUMMERSIDE	2007	7	15	196	15.5	26.3	21.2985265908615	-999.9	0	6.28472222222222	19.234047366235	330
SUMMERSIDE	2007	7	16	197	18.1	26.1	18.2803926800482	-999.9	0	5.27777777777778	20.3328925200508	330
SUMMERSIDE	2007	7	17	198	15.2	27.1	22.2315063342439	-999.9	0	3.94675925925925	17.8432706893338	330
SUMMERSIDE	2007	7	18	199	15.3	26.1	21.1161177911065	-999.9	5.3	3.87731481481481	18.2939505669422	330
SUMMERSIDE	2007	7	19	200	17.2	22.9	15.2931934912542	-999.9	19.1	1.95601851851852	20.6800216632895	330
SUMMERSIDE	2007	7	20	201	19.1	22.5	11.7736303144065	-999.9	11.4	3.64583333333333	23.3503923420772	330
SUMMERSIDE	2007	7	21	202	18.4	22.4	12.728070903005	-999.9	0	4.64120370370369	21.5082473980163	330
SUMMERSIDE	2007	7	22	203	16.1	23.5	17.2528727330028	-999.9	0	2.93981481481481	17.1205299089514	330
SUMMERSIDE	2007	7	23	204	13.4	24.8	21.3384123752244	-999.9	0	3.91203703703703	15.3459424645305	330
SUMMERSIDE	2007	7	24	205	18.6	27.4	18.6795372684027	-999.9	0	5.32407407407408	22.603469458459	330
SUMMERSIDE	2007	7	25	206	16.9	28	20.9002831369626	-999.9	0	3.94675925925925	22.0881535955408	330
SUMMERSIDE	2007	7	26	207	19.1	31	21.5566208687942	-999.9	0	4.35185185185186	24.5738393441523	330
SUMMERSIDE	2007	7	27	208	18.9	31.4	22.0053947138644	-999.9	0	4.50231481481481	22.4939749192772	330
SUMMERSIDE	2007	7	28	209	19	28.2	18.8011865908529	-999.9	8.1	5.76388888888889	23.0229369162584	330
SUMMERSIDE	2007	7	29	210	19.6	26.8	16.56245908733	-999.9	0.6	4.03935185185186	25.2341580661267	330
SUMMERSIDE	2007	7	30	211	18.9	25.3	15.5476805985269	-999.9	0	3.53009259259258	23.5269484331623	330
SUMMERSIDE	2007	7	31	212	18.1	28	19.2512923917243	-999.9	0	2.48842592592593	23.000781644593	330
SUMMERSIDE	2007	8	1	213	17.5	23.7	15.1654117878297	-999.9	0	4.17824074074075	17.2780796337561	330
SUMMERSIDE	2007	8	2	214	17.5	26.8	18.4869422486275	-999.9	0	6.30050505050506	18.1637484609516	330
SUMMERSIDE	2007	8	3	215	18.4	28.9	19.5493561827407	-999.9	9.4	4.53703703703703	23.3091286825452	330
SUMMERSIDE	2007	8	4	216	15.8	26.4	19.5458095739034	-999.9	7.9	6.01851851851853	21.6912753465241	330
SUMMERSIDE	2007	8	5	217	10.4	22.3	20.6056167930443	-999.9	0	3.25231481481481	14.5289175138289	330
SUMMERSIDE	2007	8	6	218	9.6	24.5	22.9384954280571	-999.9	3.7	3.59953703703703	14.2594210495692	330
SUMMERSIDE	2007	8	7	219	15.3	24.6	18.0268951042778	-999.9	0	3.15972222222222	19.2807158328032	330
SUMMERSIDE	2007	8	8	220	13	24.2	19.6763208024376	-999.9	18.4	4.51388888888889	18.50501858002	330
SUMMERSIDE	2007	8	9	221	12.7	20.6	16.4343060751453	-999.9	9.9	8.33333333333333	14.4350235882245	330
SUMMERSIDE	2007	8	10	222	10.9	24.5	21.4416147759922	-999.9	0	3.32175925925925	13.7597850052329	330
SUMMERSIDE	2007	8	11	223	14.9	26.7	19.8575774574247	-999.9	0	3.98148148148147	17.7388984077576	330
SUMMERSIDE	2007	8	12	224	15.4	24.7	17.5255125569242	-999.9	0	3.27546296296297	17.3629501256748	330
SUMMERSIDE	2007	8	13	225	15.7	21.3	13.5180414551486	-999.9	3.5	4.72222222222222	18.7726068365595	330
SUMMERSIDE	2007	8	14	226	10.8	24.2	20.7830330355589	-999.9	0.6	2.82407407407408	17.2685339867907	330
SUMMERSIDE	2007	8	15	227	9.8	20.4	18.3692844887125	-999.9	0.8	3.86574074074075	13.9576679900386	330
SUMMERSIDE	2007	8	16	228	15.4	24	16.4405776291751	-999.9	0	5.54398148148147	16.0832441556374	330
SUMMERSIDE	2007	8	17	229	13.7	21.1	15.1515741893123	-999.9	0	4.24768518518519	14.1751295899128	330
SUMMERSIDE	2007	8	18	230	12	16.4	11.606133193368	-999.9	2.8	5	13.7794882984492	330
SUMMERSIDE	2007	8	19	231	10.7	18.3	15.1506876480817	-999.9	1.1	4.96527777777778	12.3296762865642	330
SUMMERSIDE	2007	8	20	232	10.5	19.8	16.6447064683667	-999.9	0.6	4.07407407407408	12.7614536007803	330
SUMMERSIDE	2007	8	21	233	8	21.2	19.6913411085215	-999.9	0	2.97979797979797	12.2484339671197	330
SUMMERSIDE	2007	8	22	234	6	20.2	20.2782503316176	-999.9	0	2.43055555555556	11.5537222212862	330
SUMMERSIDE	2007	8	23	235	5.1	21.2	21.4358798103061	-999.9	0	3.20601851851853	10.5947304176668	330
SUMMERSIDE	2007	8	24	236	13.8	18.1	10.9963496623804	-999.9	33.3	6.72453703703703	16.2318506684435	330
SUMMERSIDE	2007	8	25	237	17.2	27	16.4761959386845	-999.9	0	4.39814814814814	24.0500168231143	330
SUMMERSIDE	2007	8	26	238	16.8	25.5	15.405528029198	-999.9	1.9	5.68287037037036	22.1302902705374	330
SUMMERSIDE	2007	8	27	239	12.3	22.1	16.2235657067724	-999.9	0	3.22916666666667	15.047781134016	330
SUMMERSIDE	2007	8	28	240	10.5	24.3	19.0999488426208	-999.9	0.6	2.8125	13.9839108329814	330
SUMMERSIDE	2007	8	29	241	13.4	23.9	16.5268313962846	-999.9	0	5.82175925925925	15.5717814462257	330
SUMMERSIDE	2007	8	30	242	15	23	14.3081986927996	-999.9	3.9	5.20833333333333	18.9367363326924	330
SUMMERSIDE	2007	8	31	243	16	22.6	12.888415923723	-999.9	2.5	2.5462962962963	20.4743246771671	330
SUMMERSIDE	2007	9	1	244	9.7	19.3	15.413215247299	-999.9	3.8	6.70138888888889	13.890744544695	330
SUMMERSIDE	2007	9	2	245	9.4	19.2	15.4398486189454	-999.9	0	3.77314814814814	11.993905644464	330
SUMMERSIDE	2007	9	3	246	13.5	20.8	13.2100972656013	-999.9	0	8.20601851851853	15.2776435845083	330
SUMMERSIDE	2007	9	4	247	10.5	17.5	12.8218386977808	-999.9	0	5.90277777777778	10.6996652532257	330
SUMMERSIDE	2007	9	5	248	2.7	13.2	15.5630489930684	-999.9	1.5	5.17361111111111	8.09231078028045	330
SUMMERSIDE	2007	9	6	249	1.8	17.5	18.8577811550804	-999.9	3.1	4.32870370370369	8.77571275891462	330
SUMMERSIDE	2007	9	7	250	13.6	22.8	14.3026777591475	-999.9	0	5.17361111111111	17.5483141755997	330
SUMMERSIDE	2007	9	8	251	14.5	23.9	14.3222736886305	-999.9	0	6.28472222222222	19.0254633477048	330
SUMMERSIDE	2007	9	9	252	11.4	17	10.9498604759009	-999.9	0	4.95370370370369	12.0655204815821	330
SUMMERSIDE	2007	9	10	253	6.9	17.9	15.1991534119893	-999.9	0	2.29166666666667	10.9453252848601	330
SUMMERSIDE	2007	9	11	254	12.6	18	10.5455788372901	-999.9	22.9	3.81944444444444	15.4255539990905	330
SUMMERSIDE	2007	9	12	255	12.2	20.6	13.022841335708	-999.9	0	8.79629629629631	14.3494518302531	330
SUMMERSIDE	2007	9	13	256	3.3	15.8	15.7273609033066	-999.9	0	5.45138888888889	6.86154778973145	330
SUMMERSIDE	2007	9	14	257	2.1	18.4	17.777541152258	-999.9	0	3.91203703703703	8.2602774948094	330
SUMMERSIDE	2007	9	15	258	12	19.1	11.6125225171451	-999.9	14.4	8.13657407407408	15.1989233272899	330
SUMMERSIDE	2007	9	16	259	6.3	15	12.7209390551834	-999.9	0	4.15509259259258	9.23191703638879	330
SUMMERSIDE	2007	9	17	260	3.8	17.3	15.6794724067169	-999.9	0	2.07175925925926	8.98879764854166	330
SUMMERSIDE	2007	9	18	261	4.5	19.3	16.2421511954005	-999.9	0	2.66203703703704	10.4392945613246	330
SUMMERSIDE	2007	9	19	262	9.5	20	13.5331492417875	-999.9	0	5.74074074074075	12.9018024682985	330
SUMMERSIDE	2007	9	20	263	9.3	20.6	13.8860490398897	-999.9	0	5.82175925925925	13.9037966691866	330
SUMMERSIDE	2007	9	21	264	5.7	19.2	15.0101726445042	-999.9	0	1.95601851851852	11.0780965596534	330
SUMMERSIDE	2007	9	22	265	9.7	21.3	13.758516343071	-999.9	0	5.55555555555556	14.7923974180754	330
SUMMERSIDE	2007	9	23	266	11.9	21.4	12.3104274110418	-999.9	0	6.75925925925925	13.1625146217695	330
SUMMERSIDE	2007	9	24	267	5.7	13.8	11.2374546162914	-999.9	0	7.37268518518519	6.77183199781998	330
SUMMERSIDE	2007	9	25	268	5.5	16.2	12.7666619403424	-999.9	0	3.96990740740742	9.77021701519964	330
SUMMERSIDE	2007	9	26	269	13.2	25.7	13.6378838962528	-999.9	0	5.11574074074075	17.6580599480076	330
SUMMERSIDE	2007	9	27	270	9.1	18.4	11.6248422816506	-999.9	1.2	2.70833333333333	13.0567681216786	330
SUMMERSIDE	2007	9	28	271	10.8	19.7	11.2367825270438	-999.9	23.9	6.55092592592592	16.2255591569877	330
SUMMERSIDE	2007	9	29	272	6	15	11.1639551790066	-999.9	0	5.43981481481481	9.86923336706522	330
SUMMERSIDE	2007	9	30	273	2.2	12.6	11.855301508779	-999.9	0	3.57638888888889	7.19044036243026	330
SUMMERSIDE	2007	10	1	274	3.4	15.4	12.5786991735105	-999.9	0	6.15740740740742	8.24524141593338	330
SUMMERSIDE	2007	10	2	275	9.9	18.7	10.6386510820322	-999.9	0	6.46990740740742	12.3825654635285	330
SUMMERSIDE	2007	10	3	276	10.9	20.8	11.1433259069085	-999.9	0.04	4.96527777777778	15.3424337149036	330
SUMMERSIDE	2007	10	4	277	8.9	22.2	12.7534575845762	-999.9	0.7	5.26620370370369	13.1674574776912	330
SUMMERSIDE	2007	10	5	278	7.3	22.4	13.4168146859167	-999.9	0	4.59490740740742	11.5038407622555	330
SUMMERSIDE	2007	10	6	279	5	15.4	10.9923742402574	-999.9	0.01	4.22453703703703	7.46073314249047	330
SUMMERSIDE	2007	10	7	280	5	11.4	8.51206561891384	-999.9	0	5.87962962962964	7.04295098505771	330
SUMMERSIDE	2007	10	8	281	1	12.3	11.1637948271049	-999.9	0	3.02083333333333	7.29688044354744	330
SUMMERSIDE	2007	10	9	282	0.4	12.6	11.4482478919502	-999.9	0.07	4.02777777777778	7.98284763662697	330
SUMMERSIDE	2007	10	10	283	0.1	12	11.1578189799763	-999.9	0.59	2.00231481481481	8.1358908826641	330
SUMMERSIDE	2007	10	11	284	7	14	8.44429277699017	-999.9	0.35	2.90509259259258	11.0271950861288	330
SUMMERSIDE	2007	10	12	285	10.4	13.3	5.36271794036355	-999.9	18.18	7.14120370370369	12.9340003526406	330
SUMMERSIDE	2007	10	13	286	8.4	14.1	7.41754123529483	-999.9	0.65	4.50231481481481	11.3664502127898	330
SUMMERSIDE	2007	10	14	287	5.3	11.1	7.38141673852739	-999.9	2.06	2.70833333333333	9.04027364813287	330
SUMMERSIDE	2007	10	15	288	5.3	8.2	5.14868485189379	-999.9	1.3	4.08564814814814	8.39327631678537	330
SUMMERSIDE	2007	10	16	289	5.3	11.1	7.18212836670246	-999.9	0.34	4.94212962962964	8.08028485107396	330
SUMMERSIDE	2007	10	17	290	2.1	10.8	8.67586701186887	-999.9	0	3.1280193236715	7.16771072290085	330
SUMMERSIDE	2007	10	18	291	2.4	13.9	9.83763184841084	-999.9	0	2.84722222222222	8.12578195046065	330
SUMMERSIDE	2007	10	19	292	2	16.2	10.7807913442565	-999.9	2.27	4.73379629629631	8.7765625770836	330
SUMMERSIDE	2007	10	20	293	12	17.6	6.67642505874269	-999.9	8.07	7.98611111111111	15.6554076894255	330
SUMMERSIDE	2007	10	21	294	11.5	16.9	6.46504194995484	-999.9	0.13	6.46990740740742	12.0384221761771	330
SUMMERSIDE	2007	10	22	295	9	20.2	9.18103017149646	-999.9	0.01	3.87731481481481	12.0619897968256	330
SUMMERSIDE	2007	10	23	296	10.8	16.8	6.62600750839451	-999.9	0.91	8.99305555555556	13.5254387670978	330
SUMMERSIDE	2007	10	24	297	5.3	15.4	8.47655657157588	-999.9	1.31	4.51388888888889	10.1307232029848	330
SUMMERSIDE	2007	10	25	298	1	11	8.31634633262476	-999.9	0.04	2.37268518518519	7.32858692052133	330
SUMMERSIDE	2007	10	26	299	-0.4	11.8	9.05691744416303	-999.9	0	3.73842592592592	6.50342225420722	330
SUMMERSIDE	2007	10	27	300	6.7	15.5	7.58414843416399	-999.9	2.2	6.72453703703703	10.9568053705988	330
SUMMERSIDE	2007	10	28	301	3.1	16.7	9.29608399516426	-999.9	0.6	8.69212962962964	8.66462522744826	330
SUMMERSIDE	2007	10	29	302	-0.7	4.6	5.72185513149936	-999.9	0.01	5.15046296296297	4.61654630562879	330
SUMMERSIDE	2007	10	30	303	-1.1	6.3	6.66637295377505	-999.9	0.14	3.95833333333333	5.41630803520425	330
SUMMERSIDE	2007	10	31	304	-1.8	9.2	8.01409984235013	-999.9	0	4.72222222222222	5.56498082641885	330
SUMMERSIDE	2007	11	1	305	6.1	16.5	7.68374644943879	-999.9	1.04	10.0462962962963	9.75867731428278	330
SUMMERSIDE	2007	11	2	306	-3.3	7.2	7.61317487876106	-999.9	0	4.43287037037036	4.56928799411883	330
SUMMERSIDE	2007	11	3	307	-2.5	15.3	9.77499342773397	-999.9	36.2	5.45138888888889	8.08891691196441	330
SUMMERSIDE	2007	11	4	308	-0.3	17.3	9.58566855737206	-999.9	9.3	10.7291666666667	8.87798028010551	330
SUMMERSIDE	2007	11	5	309	-2.5	8.7	7.54158871093172	-999.9	0	1.36473429951691	6.34919029063718	330
SUMMERSIDE	2007	11	6	310	-2.7	9.2	7.66738376555912	-999.9	1.7	3.39120370370369	6.48883398856833	330
SUMMERSIDE	2007	11	7	311	0.7	10.6	6.89838464990546	-999.9	9.2	5.19675925925925	7.36952327332969	330
SUMMERSIDE	2007	11	8	312	0.1	7	5.68134044400456	-999.9	0	3.17129629629631	6.54172441612906	330
SUMMERSIDE	2007	11	9	313	-0.8	5.5	5.35596384725429	-999.9	2.3	2.93981481481481	6.17249179414147	330
SUMMERSIDE	2007	11	10	314	0.1	4.2	4.26333413359406	-999.9	7.4	8.24074074074075	5.51885655650696	330
SUMMERSIDE	2007	11	11	315	-0.4	3.4	4.05035184512214	-999.9	10.4	11.6666666666667	6.31225090794895	330
SUMMERSIDE	2007	11	12	316	-5.2	0.9	5.06485869807735	-999.9	0.6	5.11574074074075	4.12434425971583	330
SUMMERSIDE	2007	11	13	317	-5.3	2.5	5.65345237149766	-999.9	9.6	3.50694444444444	4.94747440573714	330
SUMMERSIDE	2007	11	14	318	-1.1	8.5	6.19203362870269	-999.9	0	6.5625	6.70130325863971	330
SUMMERSIDE	2007	11	15	319	7.5	14.7	5.29501468415775	-999.9	0	8.68055555555556	11.6809938184032	330
SUMMERSIDE	2007	11	16	320	1.5	17.2	7.72201712969057	-999.9	8.3	10.9027777777778	10.0610695673777	330
SUMMERSIDE	2007	11	17	321	-0.9	1.9	3.22122905241879	-999.9	0	9.67592592592592	4.38059422135368	330
SUMMERSIDE	2007	11	18	322	-3.2	1.9	4.29512579549968	-999.9	0	5.49768518518519	3.89312797945177	330
SUMMERSIDE	2007	11	19	323	-1.4	1	2.91162960840199	-999.9	0	4.42129629629631	3.7755460029802	330
SUMMERSIDE	2007	11	20	324	-3.6	2.9	4.73612729980638	-999.9	0	1.95601851851852	4.36181857431984	330
SUMMERSIDE	2007	11	21	325	-0.9	3	3.62690893161722	-999.9	0	1.73611111111111	5.29160046248886	330
SUMMERSIDE	2007	11	22	326	0.2	9.6	5.56816917519032	-999.9	2.3	3.65740740740742	7.66661215724848	330
SUMMERSIDE	2007	11	23	327	-3.6	10.4	6.72153035028453	-999.9	0.6	7.44212962962964	6.67514130940431	330
SUMMERSIDE	2007	11	24	328	-7.8	-3.5	3.68561982576684	-999.9	0	6.85185185185186	2.7480130702871	330
SUMMERSIDE	2007	11	25	329	-8	3	5.83399845034525	-999.9	0	6.22685185185186	3.54413347201031	330
SUMMERSIDE	2007	11	26	330	0.9	7.4	4.43962980928347	-999.9	4.4	5.40509259259258	6.51658390587245	330
SUMMERSIDE	2007	11	27	331	2.1	9.7	4.75388157147074	-999.9	11.5	5.76388888888889	8.47098550521027	330
SUMMERSIDE	2007	11	28	332	-6.9	2.9	5.34739553488286	-999.9	0	7.15277777777778	3.78375441759072	330
SUMMERSIDE	2007	11	29	333	-8.8	4.9	6.2649597063643	-999.9	3.8	5.625	4.45082612460321	330
SUMMERSIDE	2007	11	30	334	-5.1	3	4.77501746390588	-999.9	0	7.31481481481481	3.89882349795512	330
SUMMERSIDE	2007	12	1	335	-6.8	-3.4	3.06758577723811	-999.9	5.4	6.93287037037036	3.44371730942554	330
SUMMERSIDE	2007	12	2	336	-6.9	-2.9	3.3004025232432	-999.9	0	7.26851851851853	3.18861117961541	330
SUMMERSIDE	2007	12	3	337	-3.6	0.1	3.14975431614661	-999.9	2.5	5.23148148148147	4.40267155465602	330
SUMMERSIDE	2007	12	4	338	-3.5	-0.1	2.99721349715	-999.9	3.7	16.1226851851852	5.31727949472713	330
SUMMERSIDE	2007	12	5	339	-11.6	-3.5	4.59399737627743	-999.9	0.7	4.13194444444444	3.34116636375517	330
SUMMERSIDE	2007	12	6	340	-9.3	-4.4	3.54966887223976	-999.9	0	2.70833333333333	3.4884597673765	330
SUMMERSIDE	2007	12	7	341	-12	-1.9	5.06485933670755	-999.9	0	4.28240740740742	3.41929009241529	330
SUMMERSIDE	2007	12	8	342	-9.3	-0.4	4.72712974817849	-999.9	1.2	6.99074074074075	4.20939356505838	330
SUMMERSIDE	2007	12	9	343	-17.8	-9.3	4.59504858590685	-999.9	0	5.26620370370369	1.97407779652928	330
SUMMERSIDE	2007	12	10	344	-19.4	-9.5	4.93471247967901	-999.9	0	3.00925925925925	1.8047546886832	330
SUMMERSIDE	2007	12	11	345	-11.5	-5.1	3.94990178607679	-999.9	0	3.92361111111111	3.09457746033381	330
SUMMERSIDE	2007	12	12	346	-10.8	-1.1	4.84312186114133	-999.9	1.3	6.71296296296297	3.80468439312807	330
SUMMERSIDE	2007	12	13	347	-12.5	-10.7	2.07879971260232	-999.9	0	5.87962962962964	2.23263186269909	330
SUMMERSIDE	2007	12	14	348	-15.7	-5.2	5.00499658707026	-999.9	2.5	2.30324074074074	2.52943150761972	330
SUMMERSIDE	2007	12	15	349	-13.9	-7.9	3.77324794421939	-999.9	0	8.15972222222222	2.31967766703365	330
SUMMERSIDE	2007	12	16	350	-13.1	-0.1	5.54168095826058	-999.9	6.7	4.80324074074075	3.38390690365992	330
SUMMERSIDE	2007	12	17	351	-8.5	3.6	5.33695594975368	-999.9	0	12.9976851851852	4.04861373199015	330
SUMMERSIDE	2007	12	18	352	-12.2	-7.2	3.42625068010802	-999.9	0	7.17592592592592	2.04028383754663	330
SUMMERSIDE	2007	12	19	353	-17.9	-9.5	4.43720959531743	-999.9	0	1.72453703703704	1.77988362178609	330
SUMMERSIDE	2007	12	20	354	-13.6	-5.5	4.3556454046089	-999.9	0	5.13888888888889	2.44369711917918	330
SUMMERSIDE	2007	12	21	355	-9.2	-6	2.73796896347865	-999.9	0	5.94907407407408	2.58325676435789	330
SUMMERSIDE	2007	12	22	356	-14.3	-1.5	5.47905736089152	-999.9	0	4.00462962962964	2.6680290997011	330
SUMMERSIDE	2007	12	23	357	-2.8	3.1	3.7237258568876	-999.9	0	7.55787037037036	5.14787601187922	330
SUMMERSIDE	2007	12	24	358	-1.5	6.6	4.3696629875434	-999.9	1.3	9.71064814814814	6.03284850591618	330
SUMMERSIDE	2007	12	25	359	-7.1	0.9	4.35117138246664	-999.9	0	6.86342592592592	3.40580355962269	330
SUMMERSIDE	2007	12	26	360	-7.6	0.1	4.27920582270542	-999.9	0	3.88888888888889	3.57993656772264	330
SUMMERSIDE	2007	12	27	361	-6.1	-0.8	3.56050640531763	-999.9	1.9	6.48148148148147	4.14731826175282	330
SUMMERSIDE	2007	12	28	362	-9.9	-3	4.0761681170444	-999.9	1.2	5.39351851851853	3.36273813046454	330
SUMMERSIDE	2007	12	29	363	-10.5	-0.8	4.85135220898044	-999.9	11	3.47222222222222	3.75048556060499	330
SUMMERSIDE	2007	12	30	364	-13	-1.2	5.37354358875173	-999.9	0	4.97685185185186	3.12545265401658	330
SUMMERSIDE	2007	12	31	365	-10.8	-1.8	4.71492505770308	-999.9	11.7	4.69907407407408	3.63847436029268	330
