SUMMERSIDE	2012	1	1	1	-1.4	2.5	3.11966389348083	-999.9	0	5.76388888888889	5.96686892453721	330
SUMMERSIDE	2012	1	2	2	-1.3	7.8	4.79185193393195	-999.9	2.2	7.65046296296297	6.96828852192236	330
SUMMERSIDE	2012	1	3	3	-12.8	0	5.71711455961463	-999.9	0	5.27777777777778	2.60174472467351	330
SUMMERSIDE	2012	1	4	4	-12.8	-6.5	4.03654699089522	-999.9	0.2	5.67129629629631	2.27966732029127	330
SUMMERSIDE	2012	1	5	5	-9.7	-1.4	4.66467738357997	-999.9	0	4.81481481481481	2.98149830476218	330
SUMMERSIDE	2012	1	6	6	-12.5	-6.4	4.02774080850668	-999.9	0	3.95833333333333	2.01031032137041	330
SUMMERSIDE	2012	1	7	7	-7.2	0	4.4090407096649	-999.9	2.1	1.67824074074074	4.20661985548823	330
SUMMERSIDE	2012	1	8	8	-5.2	0	3.77679919750874	-999.9	0.4	3.53009259259258	4.44760238234956	330
SUMMERSIDE	2012	1	9	9	-7.3	-5.2	2.42010971279287	-999.9	0.4	3.75	3.07415913657417	330
SUMMERSIDE	2012	1	10	10	-5.8	1.1	4.42494162077679	-999.9	0.6	5.76086956521739	4.34558010014345	330
SUMMERSIDE	2012	1	11	11	-15.5	-5.2	5.45517994625361	-999.9	0	5.76388888888889	2.14651809719969	330
SUMMERSIDE	2012	1	12	12	-17	-2.9	6.44247481966543	-999.9	8.5	2.95138888888889	2.25151832828382	330
SUMMERSIDE	2012	1	13	13	-3	8	5.74556475804618	-999.9	3.5	7.26851851851853	6.68796206273107	330
SUMMERSIDE	2012	1	14	14	-11.6	1.2	6.25994133679363	-999.9	0	9.65277777777778	3.07350163296101	330
SUMMERSIDE	2012	1	15	15	-14	-10.7	3.2113079449755	-999.9	0	6.18055555555556	1.69566982426576	330
SUMMERSIDE	2012	1	16	16	-14.3	-5.1	5.41881687794768	-999.9	0.4	5.24305555555556	2.01450407786644	330
SUMMERSIDE	2012	1	17	17	-5.1	-0.6	3.83109824115099	-999.9	1.7	4.56018518518519	3.66353668920696	330
SUMMERSIDE	2012	1	18	18	-10.3	5.2	7.18960839633792	-999.9	2.4	7.85879629629631	4.14968697336558	330
SUMMERSIDE	2012	1	19	19	-13.4	-8.8	3.96142568717694	-999.9	0	4.75694444444445	1.76883385992256	330
SUMMERSIDE	2012	1	20	20	-9	-1.6	5.08308635172475	-999.9	1.1	4.40972222222222	3.28835369073587	330
SUMMERSIDE	2012	1	21	21	-14.1	-5.3	5.60909479337805	-999.9	0.2	6.07638888888889	2.24529430738435	330
SUMMERSIDE	2012	1	22	22	-15.9	-9.8	4.72663363722503	-999.9	0	3.73842592592592	1.59999350785283	330
SUMMERSIDE	2012	1	23	23	-13.5	0.6	7.27483128486068	-999.9	0	5.30092592592592	2.94554449536477	330
SUMMERSIDE	2012	1	24	24	0.6	7.2	5.03961639804985	-999.9	9.4	6.70138888888889	7.45197814194285	330
SUMMERSIDE	2012	1	25	25	-6	3.9	6.25080746793119	-999.9	0	4.72222222222222	4.448718095427	330
SUMMERSIDE	2012	1	26	26	-10.7	-5.5	4.58869506052404	-999.9	0	4.66435185185186	2.3903733683641	330
SUMMERSIDE	2012	1	27	27	-11.2	0.7	7.03236122017927	-999.9	25.5	3.90046296296297	3.33493582591419	330
SUMMERSIDE	2012	1	28	28	-8.8	0.8	6.39985107878662	-999.9	2.7	6.42361111111111	3.91106282397406	330
SUMMERSIDE	2012	1	29	29	-6.3	1.3	5.77044508203533	-999.9	0.7	7.33796296296297	4.01455599291978	330
SUMMERSIDE	2012	1	30	30	-11.8	0.1	7.31815056170093	-999.9	0.2	5.21990740740742	2.63720528536563	330
SUMMERSIDE	2012	1	31	31	-13.9	-8.2	5.1338498933237	-999.9	0	4.02777777777778	1.74246615020943	330
SUMMERSIDE	2012	2	1	32	-13.1	-3.4	6.78918368968561	-999.9	7.1	4.78009259259258	2.82744925990659	330
SUMMERSIDE	2012	2	2	33	-16	-3.5	7.81369317688334	-999.9	0.4	6.00694444444445	2.49805272464935	330
SUMMERSIDE	2012	2	3	34	-20.1	-8.4	7.66484457064734	-999.9	0	3.125	1.70738938549453	330
SUMMERSIDE	2012	2	4	35	-19.5	-8.7	7.4673516921666	-999.9	0	3.28703703703703	1.70972510041393	330
SUMMERSIDE	2012	2	5	36	-21.3	-10.7	7.50210448896483	-999.9	0	3.90046296296297	1.36948196380334	330
SUMMERSIDE	2012	2	6	37	-12.5	0.5	8.42567009554557	-999.9	0	6.58564814814814	3.04898181805276	330
SUMMERSIDE	2012	2	7	38	-13.5	0.2	8.77240990925983	-999.9	0	5.15046296296297	2.48673586150065	330
SUMMERSIDE	2012	2	8	39	-15.7	-5.2	7.78930331466053	-999.9	0	5.17361111111111	1.84723403494962	330
SUMMERSIDE	2012	2	9	40	-14.4	0.5	9.41148651250048	-999.9	0	3.15972222222222	3.05115208069313	330
SUMMERSIDE	2012	2	10	41	-15.9	0	9.86136399693112	-999.9	0	4.0625	2.67403878151631	330
SUMMERSIDE	2012	2	11	42	-6.8	2.2	7.52561090902053	-999.9	7.4	6.64351851851853	4.67291915737284	330
SUMMERSIDE	2012	2	12	43	-18	-6.8	8.51563366437937	-999.9	2.5	9.05092592592592	1.82336474973586	330
SUMMERSIDE	2012	2	13	44	-20.2	-12.7	7.06851456339037	-999.9	0	8.39120370370369	0.984106687314228	330
SUMMERSIDE	2012	2	14	45	-17.6	-1.9	10.3737523573812	-999.9	0	5.11574074074075	1.67227030275161	330
SUMMERSIDE	2012	2	15	46	-8.4	0.9	8.09863743175886	-999.9	0	2.92824074074075	4.20589417589432	330
SUMMERSIDE	2012	2	16	47	-4.8	-1.8	4.66561074615308	-999.9	0	2.84722222222222	4.5848056150173	330
SUMMERSIDE	2012	2	17	48	-5.4	-0.3	6.17021751333403	-999.9	2.2	2.33796296296296	4.56444024052915	330
SUMMERSIDE	2012	2	18	49	-2.8	-0.3	4.38167617282884	-999.9	1.2	4.27083333333333	5.01400760610178	330
SUMMERSIDE	2012	2	19	50	-9.4	-1.5	7.89993364354488	-999.9	0	6.75925925925925	2.99577023938989	330
SUMMERSIDE	2012	2	20	51	-13.1	-6.9	7.09786218583653	-999.9	0	3.61111111111111	2.10285577625656	330
SUMMERSIDE	2012	2	21	52	-13.6	-3.8	9.04995312101679	-999.9	0.2	3.88888888888889	2.31437163230508	330
SUMMERSIDE	2012	2	22	53	-7.6	2.2	9.17751939089147	-999.9	1.8	5.70601851851853	4.45454864466649	330
SUMMERSIDE	2012	2	23	54	-2.2	4.4	7.63727410809689	-999.9	10.3	6.23842592592592	5.91463034425757	330
SUMMERSIDE	2012	2	24	55	-4.1	2.2	7.56595615332297	-999.9	3.6	5.82175925925925	5.04250463569168	330
SUMMERSIDE	2012	2	25	56	-1.7	3.2	6.76534036495738	-999.9	8.4	11.0416666666667	5.24345132945166	330
SUMMERSIDE	2012	2	26	57	-9	-0.6	8.98045356457732	-999.9	0	9.52546296296297	2.8723628835711	330
SUMMERSIDE	2012	2	27	58	-12.4	-7.2	7.16299056784662	-999.9	0.9	4.34027777777778	2.04253262761432	330
SUMMERSIDE	2012	2	28	59	-14.9	-5.6	9.71031941603274	-999.9	2.6	7.1875	2.42818951714519	330
SUMMERSIDE	2012	2	29	60	-16.5	-5.2	10.8491104478691	-999.9	0	2.93981481481481	1.99483348940767	330
SUMMERSIDE	2012	3	1	61	-20.5	-9.2	10.9955988846406	-999.9	0	6.00241545893719	1.48190164348818	330
SUMMERSIDE	2012	3	2	62	-16.2	-5.2	10.9941357699047	-999.9	0	4.01620370370369	2.2105635514477	330
SUMMERSIDE	2012	3	3	63	-16.9	3.9	15.3193504032424	-999.9	5.8	5.99537037037036	3.29661687509023	330
SUMMERSIDE	2012	3	4	64	-1.2	2.8	6.80675374838877	-999.9	0	5.02314814814814	5.28138844501358	330
SUMMERSIDE	2012	3	5	65	-6	-0.5	8.08628125646531	-999.9	0	5.11574074074075	4.14357322862018	330
SUMMERSIDE	2012	3	6	66	-12.1	-4.9	9.37229666386913	-999.9	0.2	5.38194444444445	2.59490370912855	330
SUMMERSIDE	2012	3	7	67	-14	2.6	14.4145049143754	-999.9	0	5.05787037037036	3.10615850088481	330
SUMMERSIDE	2012	3	8	68	1.8	7.3	8.4032141955024	-999.9	4	11.6666666666667	7.12283212578091	330
SUMMERSIDE	2012	3	9	69	-4.1	8.6	12.9311091834458	-999.9	9.6	9.20138888888889	5.18115519112139	330
SUMMERSIDE	2012	3	10	70	-8.4	-2.2	9.14850255131773	-999.9	0	3.41435185185186	2.97435559434871	330
SUMMERSIDE	2012	3	11	71	-9	1.4	11.9961134816373	-999.9	0	3.88888888888889	3.74994974525075	330
SUMMERSIDE	2012	3	12	72	-3.3	7.8	12.5459543336026	-999.9	0	3.21759259259258	5.67905304000608	330
SUMMERSIDE	2012	3	13	73	-4.1	-0.1	7.62321706810296	-999.9	1.9	5.82175925925925	3.92473195163544	330
SUMMERSIDE	2012	3	14	74	-3	-1.2	5.17556308239722	-999.9	2.3	7.51157407407408	4.7228338680574	330
SUMMERSIDE	2012	3	15	75	-2.9	-1.4	4.78108329527286	-999.9	1.2	8.32175925925925	4.71633457034523	330
SUMMERSIDE	2012	3	16	76	-3.1	2.1	9.00714743053749	-999.9	1	3.31018518518519	4.50274658424109	330
SUMMERSIDE	2012	3	17	77	-0.4	7.9	11.5126296945963	-999.9	0	3.65740740740742	6.24529141154802	330
SUMMERSIDE	2012	3	18	78	0	8.1	11.5046201905504	-999.9	0	6.80555555555556	6.57724143160348	330
SUMMERSIDE	2012	3	19	79	-2.9	7	12.864281306429	-999.9	0	4.61805555555556	5.44688822294996	330
SUMMERSIDE	2012	3	20	80	-0.5	14.3	15.9067086901412	-999.9	0	6.05324074074075	7.21468411183742	330
SUMMERSIDE	2012	3	21	81	-0.7	21.3	19.6103475879653	-999.9	0	3.35648148148147	9.57060070147332	330
SUMMERSIDE	2012	3	22	82	6.6	25.2	18.2304523820864	-999.9	0	5.92592592592592	10.5734309197784	330
SUMMERSIDE	2012	3	23	83	-3.5	8.5	14.8026952675482	-999.9	0	8.41435185185186	3.61486645129766	330
SUMMERSIDE	2012	3	24	84	-3.5	5.1	12.6663201021967	-999.9	0	6.04166666666667	3.10813368210907	330
SUMMERSIDE	2012	3	25	85	-5	3.2	12.4997344275113	-999.9	0.7	3.99305555555556	3.30973447228787	330
SUMMERSIDE	2012	3	26	86	-3.8	3.6	11.9989615332629	-999.9	2.9	6.62037037037036	5.26036916434823	330
SUMMERSIDE	2012	3	27	87	-6.5	-3.3	7.97219343044187	-999.9	1.5	11.712962962963	3.21528667749284	330
SUMMERSIDE	2012	3	28	88	-8.1	-1.8	11.3002761942707	-999.9	0	4.375	3.06749441143117	330
SUMMERSIDE	2012	3	29	89	-5.5	1.8	12.2867468422262	-999.9	0	3.10185185185186	4.17894937181824	330
SUMMERSIDE	2012	3	30	90	-5.7	4.2	14.4507503097501	-999.9	0	3.10185185185186	3.7803407648727	330
SUMMERSIDE	2012	3	31	91	-5.6	2.3	13.0353947838002	-999.9	0	3.78472222222222	3.99035907964008	330
SUMMERSIDE	2012	4	1	92	-6.3	6.2	16.5555625615083	-999.9	0	3.14814814814814	4.3870260212325	330
SUMMERSIDE	2012	4	2	93	-4.2	4.9	14.2602890374362	-999.9	0	3.10185185185186	4.61226393554852	330
SUMMERSIDE	2012	4	3	94	-6.1	2.2	13.7469309997477	-999.9	0	5.92592592592592	4.10845488424912	330
SUMMERSIDE	2012	4	4	95	-2.1	5.8	13.5356683607111	-999.9	0	3.86574074074075	5.28162409130792	330
SUMMERSIDE	2012	4	5	96	0.4	7.9	13.3087308929448	-999.9	0	5.13888888888889	5.2636601993938	330
SUMMERSIDE	2012	4	6	97	-2.4	8.9	16.4825927255581	-999.9	0	4.58333333333333	4.60341143173021	330
SUMMERSIDE	2012	4	7	98	-3.4	4.4	13.8151118219979	-999.9	1.8	6.36574074074075	5.25034900622293	330
SUMMERSIDE	2012	4	8	99	-1.9	1.7	9.46716038049826	-999.9	10.6	10.7060185185185	5.69196315949264	330
SUMMERSIDE	2012	4	9	100	1.1	8.3	13.5032029339278	-999.9	0.9	8.19444444444445	7.15633928630225	330
SUMMERSIDE	2012	4	10	101	1.7	14.1	17.869987424226	-999.9	0	5.57870370370369	7.54704232784535	330
SUMMERSIDE	2012	4	11	102	-0.7	14.3	19.8172239541153	-999.9	0	4.12037037037036	7.66144877586369	330
SUMMERSIDE	2012	4	12	103	0.4	2.1	6.72583953993915	-999.9	0	7.78935185185186	6.1464009089834	330
SUMMERSIDE	2012	4	13	104	-2	7	15.599453273159	-999.9	0	3.99305555555556	5.28303090172715	330
SUMMERSIDE	2012	4	14	105	-2.4	12.2	20.024977228249	-999.9	0	4.03935185185186	4.88995735230648	330
SUMMERSIDE	2012	4	15	106	-2.4	18.7	24.2597260310598	-999.9	0	3.98148148148147	5.71443568296672	330
SUMMERSIDE	2012	4	16	107	5.7	18.8	19.260659256336	-999.9	0	7.78935185185186	10.4187929131486	330
SUMMERSIDE	2012	4	17	108	8.7	23.1	20.344618966245	-999.9	0	8.21759259259258	13.4454135856224	330
SUMMERSIDE	2012	4	18	109	-1.4	8.8	17.2481851334614	-999.9	0	5.33564814814814	5.71160307573768	330
SUMMERSIDE	2012	4	19	110	-3.4	8.3	18.6060278546402	-999.9	0	3.59953703703703	5.07183209974617	330
SUMMERSIDE	2012	4	20	111	2.7	17.4	21.0029094889425	-999.9	0	5.64814814814814	9.39173301139712	330
SUMMERSIDE	2012	4	21	112	4.8	17.6	19.734617452124	-999.9	0	6.33101851851853	9.13767797511093	330
SUMMERSIDE	2012	4	22	113	0.6	7.1	14.1588003480421	-999.9	12.5	7.46527777777778	7.45873730579041	330
SUMMERSIDE	2012	4	23	114	0.5	15.9	21.939137883029	-999.9	0.5	8.00925925925925	9.78187636813571	330
SUMMERSIDE	2012	4	24	115	6.8	18.3	19.0827584258036	-999.9	5.4	9.38657407407408	12.1215021090401	330
SUMMERSIDE	2012	4	25	116	3.7	13.7	17.9089094606216	-999.9	5.2	3.39120370370369	8.95199958862846	330
SUMMERSIDE	2012	4	26	117	6.5	15.5	17.0966663785267	-999.9	2.5	5.45138888888889	9.42351423441403	330
SUMMERSIDE	2012	4	27	118	3.1	14.2	19.1036832287084	-999.9	17.1	7.33796296296297	9.44148852512549	330
SUMMERSIDE	2012	4	28	119	0.1	3.6	10.7919453338398	-999.9	0	8.92361111111111	4.28160531555222	330
SUMMERSIDE	2012	4	29	120	-1.4	9	18.7127409405981	-999.9	0	5.69444444444445	3.79885538843222	330
SUMMERSIDE	2012	4	30	121	-2.9	6.3	17.701695356495	-999.9	0.2	3.36805555555556	4.50695649893712	330
SUMMERSIDE	2012	5	1	122	-4.3	12	23.6952024288778	-999.9	0	2.71990740740741	5.41746982382512	330
SUMMERSIDE	2012	5	2	123	-2.2	12.6	22.7032942342075	-999.9	0	3.55324074074075	6.73297187342647	330
SUMMERSIDE	2012	5	3	124	-2.3	12.5	22.8258137691312	-999.9	0	3.42592592592592	6.26352985643939	330
SUMMERSIDE	2012	5	4	125	0	12.1	20.7477854187749	-999.9	0	4.24768518518519	7.45034850320475	330
SUMMERSIDE	2012	5	5	126	-0.7	12.7	21.9463163405338	-999.9	0	2.89351851851853	7.34815068699362	330
SUMMERSIDE	2012	5	6	127	3.6	10.5	15.8274423003376	-999.9	0	6.65509259259258	7.77863581273571	330
SUMMERSIDE	2012	5	7	128	0.2	11.4	20.2637214513852	-999.9	0	4.57175925925925	6.71458602847394	330
SUMMERSIDE	2012	5	8	129	0	19	26.5190705753315	-999.9	3.1	4.57175925925925	8.19161015061535	330
SUMMERSIDE	2012	5	9	130	7	12.1	13.8033800098656	-999.9	9.2	6.12268518518519	10.8824548035391	330
SUMMERSIDE	2012	5	10	131	10.9	16.5	14.5298467031327	-999.9	11.3	8.62433862433861	13.6220116807666	330
SUMMERSIDE	2012	5	11	132	7	17.5	19.9837221132045	-999.9	0.3	7.36111111111111	10.7479334129896	330
SUMMERSIDE	2012	5	12	133	5.5	10.4	13.7101680852413	-999.9	0.4	4.18981481481481	8.39751163056279	330
SUMMERSIDE	2012	5	13	134	3.9	16.6	22.1645101461303	-999.9	0.4	2.19907407407407	9.93224990651257	330
SUMMERSIDE	2012	5	14	135	7.6	17.7	19.8461955222561	-999.9	0.9	3.26388888888889	11.2059937807616	330
SUMMERSIDE	2012	5	15	136	11.4	18.9	17.1694547813221	-999.9	2.7	5.50925925925925	14.2211442164981	330
SUMMERSIDE	2012	5	16	137	13.3	18.3	14.0724392850764	-999.9	10.9	6.97916666666667	15.0493713202038	330
SUMMERSIDE	2012	5	17	138	5.3	18.3	22.775294372859	-999.9	0	6.15740740740742	10.6659306569693	330
SUMMERSIDE	2012	5	18	139	5.4	19	23.3786464372538	-999.9	0	5.99537037037036	7.88324071782834	330
SUMMERSIDE	2012	5	19	140	4.8	21.1	25.6833191237392	-999.9	0	4.28240740740742	8.83438260299847	330
SUMMERSIDE	2012	5	20	141	3.9	19	24.8029483004763	-999.9	0	3.10185185185186	7.60110534939356	330
SUMMERSIDE	2012	5	21	142	11.9	24.9	23.0884216546584	-999.9	0	7.82407407407408	11.3153765072414	330
SUMMERSIDE	2012	5	22	143	10.9	21.5	20.9138346933406	-999.9	0	5.86805555555556	14.4142389819931	330
SUMMERSIDE	2012	5	23	144	3.9	17	23.3198188551644	-999.9	0	4.66435185185186	11.2715356323533	330
SUMMERSIDE	2012	5	24	145	3	21.8	28.0174128139521	-999.9	0	3.47222222222222	9.24057731809319	330
SUMMERSIDE	2012	5	25	146	11	22.5	21.9739720543657	-999.9	0	7.84722222222222	12.4379843039252	330
SUMMERSIDE	2012	5	26	147	8.3	23.1	24.9949444398409	-999.9	0	7.41898148148147	13.2744592312077	330
SUMMERSIDE	2012	5	27	148	5.9	17.3	21.9931126486921	-999.9	0	3.76157407407408	8.29157148388978	330
SUMMERSIDE	2012	5	28	149	5.9	16	20.7519709512074	-999.9	0	4.73379629629631	8.83591748436607	330
SUMMERSIDE	2012	5	29	150	4.3	10	15.6261526848598	-999.9	0.9	4.39814814814814	6.67196611557503	330
SUMMERSIDE	2012	5	30	151	5.8	10.5	14.2210366627896	-999.9	8.1	4.03935185185186	9.67723303954635	330
SUMMERSIDE	2012	5	31	152	7.9	13	14.8452309614274	-999.9	0.4	2.34953703703704	11.1281183552215	330
SUMMERSIDE	2012	6	1	153	4.4	14.1	20.5144208122193	-999.9	0	3.31018518518519	9.76320102468571	330
SUMMERSIDE	2012	6	2	154	4.2	18.7	25.1293360997891	-999.9	0	3.81944444444444	10.1726518193527	330
SUMMERSIDE	2012	6	3	155	8.8	16.6	18.4637601296326	-999.9	0	7.03703703703703	10.6960719146414	330
SUMMERSIDE	2012	6	4	156	8.7	12.5	12.9090059827735	-999.9	0	9.27083333333333	10.1758964456721	330
SUMMERSIDE	2012	6	5	157	8.1	10	9.14236137498965	-999.9	0.7	9.00462962962964	9.8645662023419	330
SUMMERSIDE	2012	6	6	158	6.5	9	10.5023064836311	-999.9	3.7	8.125	9.40405079032469	330
SUMMERSIDE	2012	6	7	159	6.5	15	19.3914309503423	-999.9	0	3.73842592592592	9.75962337640483	330
SUMMERSIDE	2012	6	8	160	7.7	23	26.0486079323003	-999.9	0	5.01157407407408	11.3966492939875	330
SUMMERSIDE	2012	6	9	161	10.4	15.1	14.4536960440251	-999.9	9.4	5.02314814814814	12.7391033048497	330
SUMMERSIDE	2012	6	10	162	7.5	15.5	18.8763932942248	-999.9	0.3	5.21990740740742	12.1197609566507	330
SUMMERSIDE	2012	6	11	163	4.5	20	26.2988542310189	-999.9	0	3.00925925925925	10.7838396493358	330
SUMMERSIDE	2012	6	12	164	11	24.2	24.2889019793295	-999.9	0	5.91435185185186	13.2523071653652	330
SUMMERSIDE	2012	6	13	165	11.4	23.7	23.462617002676	-999.9	0	5.48611111111111	12.7218780983906	330
SUMMERSIDE	2012	6	14	166	12.2	15.9	12.8759959347921	-999.9	0	4.27083333333333	13.7846973287773	330
SUMMERSIDE	2012	6	15	167	10.1	14.3	13.7250466552836	-999.9	0	7.14120370370369	11.9021477504467	330
SUMMERSIDE	2012	6	16	168	6.5	17.1	21.8124534340655	-999.9	0	4.16666666666667	10.7933196224706	330
SUMMERSIDE	2012	6	17	169	5.8	20.9	26.0408814978794	-999.9	0	2.7662037037037	10.1229207064945	330
SUMMERSIDE	2012	6	18	170	10.2	22.8	23.7914745057224	-999.9	0	4.22453703703703	12.2423356331325	330
SUMMERSIDE	2012	6	19	171	10.4	21.1	21.9255318621147	-999.9	0	5.65972222222222	13.0292710781205	330
SUMMERSIDE	2012	6	20	172	12.8	25.8	24.1660345902656	-999.9	0	5.84490740740742	17.1868187477592	330
SUMMERSIDE	2012	6	21	173	11.6	20.4	19.879426223131	-999.9	0	4.39814814814814	14.299849698535	330
SUMMERSIDE	2012	6	22	174	11	20.3	20.4308348504933	-999.9	9.7	3.63425925925925	15.6099880335506	330
SUMMERSIDE	2012	6	23	175	12.7	17.1	14.0477397315807	-999.9	22.1	5.49768518518519	14.9627898022929	330
SUMMERSIDE	2012	6	24	176	13	17.7	14.5116857900976	-999.9	20	3.49537037037036	16.0226495212195	330
SUMMERSIDE	2012	6	25	177	11.9	24.2	23.4619261208027	-999.9	0	3.80787037037036	16.1698564375916	330
SUMMERSIDE	2012	6	26	178	15.9	20.3	14.0227423528828	-999.9	6.8	7.37268518518519	17.9945043966965	330
SUMMERSIDE	2012	6	27	179	14.9	21.9	17.6727637900306	-999.9	1.1	7.19907407407408	16.5480740939235	330
SUMMERSIDE	2012	6	28	180	14.4	22.1	18.518378732598	-999.9	4.5	5.61342592592592	17.3156677276952	330
SUMMERSIDE	2012	6	29	181	14.2	25.3	22.2113278646401	-999.9	0	6.74768518518519	17.6809084274159	330
SUMMERSIDE	2012	6	30	182	16.5	27.7	22.2859288035422	-999.9	0	5.67129629629631	20.5666039283273	330
SUMMERSIDE	2012	7	1	183	16.3	27.6	22.3574809740078	-999.9	0	4.38657407407408	17.9195983492484	330
SUMMERSIDE	2012	7	2	184	15.4	26.5	22.1289214056742	-999.9	0	2.91666666666667	15.554954888957	330
SUMMERSIDE	2012	7	3	185	14.1	26.4	23.260527827953	-999.9	0	2.75462962962963	16.0642543107834	330
SUMMERSIDE	2012	7	4	186	16	26.5	21.457691963566	-999.9	0.5	3.68055555555556	17.0734100638642	330
SUMMERSIDE	2012	7	5	187	17.7	21.4	12.7163831502849	-999.9	5.6	3.44907407407408	19.6384627710368	330
SUMMERSIDE	2012	7	6	188	13.5	24.3	21.687125072443	-999.9	0	3.50694444444444	18.142861691685	330
SUMMERSIDE	2012	7	7	189	14	25.3	22.1416306483914	-999.9	8.2	3.19444444444444	19.8856111321344	330
SUMMERSIDE	2012	7	8	190	14.7	23.5	19.5004586964129	-999.9	0	4.40972222222222	14.9296872439736	330
SUMMERSIDE	2012	7	9	191	14.2	22.2	18.5538633299814	-999.9	0	5.03472222222222	12.3896169341429	330
SUMMERSIDE	2012	7	10	192	12.8	26.3	24.0488761044848	-999.9	0	4.83796296296297	12.6819810605967	330
SUMMERSIDE	2012	7	11	193	11.3	25.4	24.5204580444217	-999.9	0	3.41435185185186	11.9971323687888	330
SUMMERSIDE	2012	7	12	194	16.6	27.2	21.2087737371933	-999.9	0	7.82407407407408	15.2929403405037	330
SUMMERSIDE	2012	7	13	195	16.8	22.9	16.0480964498376	-999.9	0.6	4.375	16.5075922260515	330
SUMMERSIDE	2012	7	14	196	16.1	25.7	20.0790182242024	-999.9	0	4.94212962962964	20.7231349042661	330
SUMMERSIDE	2012	7	15	197	15.4	25.6	20.6398882667887	-999.9	0	4.03935185185186	16.6875799211614	330
SUMMERSIDE	2012	7	16	198	17.9	23.6	15.3849860978162	-999.9	0	6.33101851851853	20.0102173811726	330
SUMMERSIDE	2012	7	17	199	18.3	25.8	17.5952171619626	-999.9	9.7	3.27546296296297	20.1103102264542	330
SUMMERSIDE	2012	7	18	200	16.4	24.4	18.1161150593946	-999.9	0.2	5.38194444444445	18.9713771920964	330
SUMMERSIDE	2012	7	19	201	14.4	22.4	18.0581294405837	-999.9	0.4	3.95833333333333	14.0778158423426	330
SUMMERSIDE	2012	7	20	202	9.6	18.7	19.1958620268971	-999.9	0.2	4.375	11.9706764126646	330
SUMMERSIDE	2012	7	21	203	9.1	24	24.4788223338878	-999.9	0	2.90509259259258	12.5891489123811	330
SUMMERSIDE	2012	7	22	204	14	27	22.7840365469237	-999.9	0	5.45138888888889	16.5564199822406	330
SUMMERSIDE	2012	7	23	205	17.1	26.4	19.2005225069043	-999.9	0	6.85185185185186	17.8988997655574	330
SUMMERSIDE	2012	7	24	206	17	22.1	14.1651128953472	-999.9	8.4	7.47685185185186	19.3044753089444	330
SUMMERSIDE	2012	7	25	207	11	22.3	21.0033306349271	-999.9	0.2	4.40972222222222	14.5861340279911	330
SUMMERSIDE	2012	7	26	208	10.5	26.8	25.1250637751095	-999.9	0	4.36342592592592	14.3808920192838	330
SUMMERSIDE	2012	7	27	209	14.7	25.8	20.6485479779529	-999.9	0	3.18287037037036	17.0906923963979	330
SUMMERSIDE	2012	7	28	210	13.6	23.6	19.5160858074904	-999.9	0	3.53009259259258	16.2187880868489	330
SUMMERSIDE	2012	7	29	211	13.4	23.9	19.9114041854467	-999.9	0	2.53472222222222	16.1221167117065	330
SUMMERSIDE	2012	7	30	212	16.2	25.8	18.9542669521143	-999.9	0	1.90972222222222	16.813917793013	330
SUMMERSIDE	2012	7	31	213	16.5	29.4	21.871560545176	-999.9	0	5.02314814814814	20.252614600585	330
SUMMERSIDE	2012	8	1	214	15.3	20.6	13.9535775955929	-999.9	10.8	4.15509259259258	17.0787358345198	330
SUMMERSIDE	2012	8	2	215	16.4	22.6	15.019489052645	-999.9	0	4.29398148148147	19.5357698672909	330
SUMMERSIDE	2012	8	3	216	17.9	27	18.1067461659985	-999.9	0	5.53240740740742	22.7495438425937	330
SUMMERSIDE	2012	8	4	217	13.5	25.4	20.601654237647	-999.9	0	3.03240740740742	17.4399421291009	330
SUMMERSIDE	2012	8	5	218	12.2	29.7	24.8544861895774	-999.9	0	4.52546296296297	18.5723039978516	330
SUMMERSIDE	2012	8	6	219	16.2	27.1	19.5121075570017	-999.9	0	6.92129629629631	20.4181705180422	330
SUMMERSIDE	2012	8	7	220	14.8	25.3	19.0475236320083	-999.9	0	2.47685185185185	16.7428447640436	330
SUMMERSIDE	2012	8	8	221	16.4	28.8	20.5852042134376	-999.9	0	4.15509259259258	19.4807070884463	330
SUMMERSIDE	2012	8	9	222	17.9	29.3	19.6265744988399	-999.9	1.2	2.61574074074074	21.2313160974707	330
SUMMERSIDE	2012	8	10	223	18.2	24.9	14.9597472694973	-999.9	0	2.93981481481481	21.0924990033477	330
SUMMERSIDE	2012	8	11	224	17.6	22.9	13.2271519610208	-999.9	1.2	3.20601851851853	20.8177588431926	330
SUMMERSIDE	2012	8	12	225	18.4	25.5	15.217582460526	-999.9	10.6	3.37962962962964	24.1582733300979	330
SUMMERSIDE	2012	8	13	226	18.8	27.2	16.4509313862005	-999.9	0	5.19675925925925	24.1315251160772	330
SUMMERSIDE	2012	8	14	227	18.1	28.3	18.0148777503929	-999.9	0	3.31018518518519	22.8309049169718	330
SUMMERSIDE	2012	8	15	228	19	27.8	16.6264194458567	-999.9	0	2.97453703703703	22.4700531243932	330
SUMMERSIDE	2012	8	16	229	18	25.9	15.6510195870232	-999.9	26.7	3.92361111111111	21.5367024604856	330
SUMMERSIDE	2012	8	17	230	18.2	24.7	14.1027155016421	-999.9	0.5	4.20138888888889	22.176163513057	330
SUMMERSIDE	2012	8	18	231	18.6	25.5	14.4322030657026	-999.9	0	2.63888888888889	22.5475863413372	330
SUMMERSIDE	2012	8	19	232	18.4	23	11.7029088689353	-999.9	27.2	1.75925925925926	20.4389698963994	330
SUMMERSIDE	2012	8	20	233	13.9	23.3	16.6123175393349	-999.9	0	3.21759259259258	18.3167407747	330
SUMMERSIDE	2012	8	21	234	13.7	26.8	19.4714221614355	-999.9	0	2.29166666666667	18.51574721429	330
SUMMERSIDE	2012	8	22	235	14.3	24.8	17.305992705651	-999.9	0	3.41435185185186	14.6954483320684	330
SUMMERSIDE	2012	8	23	236	15.2	26.1	17.5024503174685	-999.9	0	5.19675925925925	16.6085782366544	330
SUMMERSIDE	2012	8	24	237	10.1	22	18.1504128645292	-999.9	0	3.98148148148147	14.3684900961288	330
SUMMERSIDE	2012	8	25	238	9.3	23.7	19.8136815752027	-999.9	0	2.60416666666667	12.7920235704764	330
SUMMERSIDE	2012	8	26	239	16.4	26	16.0521697453057	-999.9	0	6.66666666666667	16.7794157072661	330
SUMMERSIDE	2012	8	27	240	17.9	28	16.3348861443136	-999.9	0	6.33101851851853	20.1938432291381	330
SUMMERSIDE	2012	8	28	241	12.3	23.7	17.2150416628832	-999.9	3.4	5.74074074074075	17.1909823288822	330
SUMMERSIDE	2012	8	29	242	11.8	20.5	14.9162025897929	-999.9	0	5.28935185185186	11.848797196315	330
SUMMERSIDE	2012	8	30	243	12.9	25.8	18.0127123173875	-999.9	0	5.46296296296297	15.5034486909642	330
SUMMERSIDE	2012	8	31	244	16.2	27.8	16.9371893187196	-999.9	0.3	6.38888888888889	18.1408279584984	330
SUMMERSIDE	2012	9	1	245	5.6	18.3	17.5705215390091	-999.9	0.2	6.13425925925925	8.90659088352523	330
SUMMERSIDE	2012	9	2	246	4.7	19.5	18.8029651687665	-999.9	0	2.59661835748792	9.41074646960381	330
SUMMERSIDE	2012	9	3	247	12	22	15.3197024363004	-999.9	0	3.14814814814814	14.6638278182752	330
SUMMERSIDE	2012	9	4	248	12.7	23.8	15.99590234409	-999.9	0	4.43287037037036	16.8581399218821	330
SUMMERSIDE	2012	9	5	249	14	16.9	8.10186868821848	-999.9	26.2	6.26157407407408	15.4259363513197	330
SUMMERSIDE	2012	9	6	250	15.3	18.1	7.88762303234204	-999.9	0.7	6.58564814814814	17.2822624006677	330
SUMMERSIDE	2012	9	7	251	14.3	20.2	11.3426891890347	-999.9	0.2	3.22916666666667	16.5642498919592	330
SUMMERSIDE	2012	9	8	252	15.8	24.4	13.5645101689247	-999.9	0	5.49768518518519	19.3905962287865	330
SUMMERSIDE	2012	9	9	253	15.2	22	11.9458265566986	-999.9	10.4	6.27314814814814	18.9622646786542	330
SUMMERSIDE	2012	9	10	254	13.2	16.7	8.4868137974951	-999.9	14.8	4.60648148148147	14.4102972148574	330
SUMMERSIDE	2012	9	11	255	11.3	20.7	13.7710038745696	-999.9	0	5.85648148148147	12.2385415770973	330
SUMMERSIDE	2012	9	12	256	10.7	22.4	15.2099521025869	-999.9	0.2	3.69212962962964	13.2292751282649	330
SUMMERSIDE	2012	9	13	257	14	23.4	13.4950479565332	-999.9	0	6.13526570048308	16.3335427331563	330
SUMMERSIDE	2012	9	14	258	15.3	23.8	12.7010043017259	-999.9	0	5.04629629629631	18.2548004280823	330
SUMMERSIDE	2012	9	15	259	14.5	23.5	12.9333384251145	-999.9	4.3	6.13425925925925	16.8316331190096	330
SUMMERSIDE	2012	9	16	260	9.3	16	11.0415612499878	-999.9	0	4.82638888888889	10.1431445899328	330
SUMMERSIDE	2012	9	17	261	9.6	20.4	13.8692131186575	-999.9	0	4.74537037037036	10.772053858631	330
SUMMERSIDE	2012	9	18	262	9.4	21.7	14.6414067805925	-999.9	0	5.54398148148147	12.7151968323425	330
SUMMERSIDE	2012	9	19	263	10.9	22.1	13.8188956887981	-999.9	3.6	8.27546296296297	15.053596798406	330
SUMMERSIDE	2012	9	20	264	8	15.8	11.4048566985564	-999.9	0.6	4.57175925925925	10.6374721241862	330
SUMMERSIDE	2012	9	21	265	14.1	19.8	9.64056947985568	-999.9	8.8	2.89351851851853	18.0683649568465	330
SUMMERSIDE	2012	9	22	266	16.6	21.6	8.92725533549997	-999.9	38.7	4.59490740740742	20.2947545311512	330
SUMMERSIDE	2012	9	23	267	11	22	13.0900840120565	-999.9	0.7	5	16.1058565641788	330
SUMMERSIDE	2012	9	24	268	6.7	18.3	13.2872219689973	-999.9	0.5	1.80555555555556	10.1139929181729	330
SUMMERSIDE	2012	9	25	269	7.9	18.5	12.5534694173388	-999.9	0	5.96064814814814	10.2773328617151	330
SUMMERSIDE	2012	9	26	270	12	19.2	10.2242127490614	-999.9	0.6	6.59722222222222	13.7828285197229	330
SUMMERSIDE	2012	9	27	271	6.4	16.5	11.9653368003752	-999.9	0.3	5.23148148148147	9.78663601370761	330
SUMMERSIDE	2012	9	28	272	5.2	15.4	11.8799187709202	-999.9	0	2.44212962962963	8.68482221376852	330
SUMMERSIDE	2012	9	29	273	6.7	16	11.2060693465434	-999.9	28.4	4.27083333333333	11.4589371113675	330
SUMMERSIDE	2012	9	30	274	15.8	20.9	8.19682172714145	-999.9	14	5.47453703703703	18.9386465954533	330
SUMMERSIDE	2012	10	1	275	11.1	19.3	10.2651878440153	-999.9	5.2	6.19212962962964	14.1994656429973	330
SUMMERSIDE	2012	10	2	276	11.1	19.3	10.13720931424	-999.9	0	4.65277777777778	13.8381560846513	330
SUMMERSIDE	2012	10	3	277	7.8	18.9	11.6460171946812	-999.9	0	4.02777777777778	10.9589942083015	330
SUMMERSIDE	2012	10	4	278	5.7	16.2	11.1832757350676	-999.9	0	2.96296296296297	10.6206739681566	330
SUMMERSIDE	2012	10	5	279	10.9	17.6	8.81912199076204	-999.9	0	1.95601851851852	13.3780800877989	330
SUMMERSIDE	2012	10	6	280	13.7	18.3	7.21334557135508	-999.9	0	7.46527777777778	14.7638341834343	330
SUMMERSIDE	2012	10	7	281	9.7	15.5	7.99464640169567	-999.9	2.5	3.90046296296297	11.1510495232711	330
SUMMERSIDE	2012	10	8	282	3.6	11.8	9.38163482347362	-999.9	4.5	3.37962962962964	8.26276653408024	330
SUMMERSIDE	2012	10	9	283	2.7	12.3	10.0173729752046	-999.9	0	2.02546296296296	7.32218160236798	330
SUMMERSIDE	2012	10	10	284	7.6	13.8	7.9436933611463	-999.9	0	4.51388888888889	10.7607009654468	330
SUMMERSIDE	2012	10	11	285	5.4	15.6	10.0530636525222	-999.9	4	10.0810185185185	8.64221888493817	330
SUMMERSIDE	2012	10	12	286	2.6	8.8	7.73269466526566	-999.9	8.9	5.03472222222222	6.85599435048717	330
SUMMERSIDE	2012	10	13	287	0.6	7.6	8.10564108199482	-999.9	0	6.41203703703703	4.85667071838569	330
SUMMERSIDE	2012	10	14	288	0	6.7	7.82253540963044	-999.9	2.9	3.54166666666667	6.09114800814167	330
SUMMERSIDE	2012	10	15	289	6.6	17.5	9.84159537884417	-999.9	3.7	5.08101851851853	12.6686088484475	330
SUMMERSIDE	2012	10	16	290	5.6	17.8	10.2694359617974	-999.9	1.9	7.63888888888889	11.953248939699	330
SUMMERSIDE	2012	10	17	291	2.7	11	8.35400043303092	-999.9	0	5.25462962962964	7.19803163841137	330
SUMMERSIDE	2012	10	18	292	4.2	11.7	7.8316153300352	-999.9	0	2.51157407407408	7.8768748859635	330
SUMMERSIDE	2012	10	19	293	4.6	16.6	9.76911771652778	-999.9	0	3.37962962962964	9.50213766892238	330
SUMMERSIDE	2012	10	20	294	10.4	17.8	7.56494282426581	-999.9	2.7	7.32638888888889	13.7577740918071	330
SUMMERSIDE	2012	10	21	295	9.6	17.5	7.70747102449621	-999.9	0	5.11574074074075	12.9140766740511	330
SUMMERSIDE	2012	10	22	296	6.5	14	7.40497458176983	-999.9	0.4	6.55092592592592	8.46468791504898	330
SUMMERSIDE	2012	10	23	297	4.6	9.5	5.90166034497252	-999.9	0	6.03009259259258	6.3520601726355	330
SUMMERSIDE	2012	10	24	298	2	6.1	5.32283129170404	-999.9	0.2	4.61805555555556	5.60385082890656	330
SUMMERSIDE	2012	10	25	299	-0.3	8.6	7.73240471081628	-999.9	0	3.69212962962964	5.76413936589353	330
SUMMERSIDE	2012	10	26	300	-0.6	11.6	8.92617543846232	-999.9	0	2.37268518518519	7.00339227267776	330
SUMMERSIDE	2012	10	27	301	0.9	12.2	8.47014447262935	-999.9	0	4.01620370370369	8.45397612101051	330
SUMMERSIDE	2012	10	28	302	7.6	11.5	4.90629091386454	-999.9	0	5.67129629629631	11.3475597193153	330
SUMMERSIDE	2012	10	29	303	10.9	18.4	6.70853309648695	-999.9	0	5.25462962962964	14.1343118141912	330
SUMMERSIDE	2012	10	30	304	12.5	16.6	4.89074143113593	-999.9	0	8.06712962962964	13.2021432992345	330
SUMMERSIDE	2012	10	31	305	13.1	16	4.0558414021733	-999.9	1.6	7.40277777777778	14.1374785030787	330
SUMMERSIDE	2012	11	1	306	11.9	17.1	5.35549650075507	-999.9	5.4	3.87731481481481	14.2637431550448	330
SUMMERSIDE	2012	11	2	307	8.8	12.4	4.3942625136665	-999.9	0.6	3.84259259259258	11.0581996057015	330
SUMMERSIDE	2012	11	3	308	8.3	12.7	4.79095521808402	-999.9	0	2.61574074074074	10.8359720499532	330
SUMMERSIDE	2012	11	4	309	3.6	8.5	4.98635340794796	-999.9	2.5	3.66898148148147	8.4195635914059	330
SUMMERSIDE	2012	11	5	310	0.6	3.7	3.91189595534667	-999.9	0.4	3.77314814814814	5.72259284632371	330
SUMMERSIDE	2012	11	6	311	-3.3	2.9	5.45707581475154	-999.9	0.2	5.28935185185186	3.30675324159548	330
SUMMERSIDE	2012	11	7	312	-5.6	5.4	7.17065140239775	-999.9	5.7	4.69907407407408	4.26262539910265	330
SUMMERSIDE	2012	11	8	313	3.5	7.4	4.21247550980621	-999.9	16.5	9.51388888888889	8.19393116414754	330
SUMMERSIDE	2012	11	9	314	2.3	7	4.56295178450718	-999.9	0.2	6.01851851851853	7.58886528712271	330
SUMMERSIDE	2012	11	10	315	-0.5	3.8	4.30701646607325	-999.9	0	7.89351851851853	4.02706247788289	330
SUMMERSIDE	2012	11	11	316	-2.7	6.5	6.21784059773807	-999.9	0.2	3.66898148148147	4.39890957077283	330
SUMMERSIDE	2012	11	12	317	6.5	14.1	5.57851298354149	-999.9	0	6.63194444444445	9.67542655800644	330
SUMMERSIDE	2012	11	13	318	5	17.9	7.17529531910098	-999.9	12	7.1875	10.9333300245945	330
SUMMERSIDE	2012	11	14	319	3.6	5.9	2.99167320569124	-999.9	0.3	5.20833333333333	6.76015733881599	330
SUMMERSIDE	2012	11	15	320	4.1	6.3	2.88963988703591	-999.9	0	6.74768518518519	6.36282498648713	330
SUMMERSIDE	2012	11	16	321	-1.4	5.2	4.94388318574316	-999.9	0.2	3.51851851851853	5.34907403805977	330
SUMMERSIDE	2012	11	17	322	-4.7	3.8	5.54314390621411	-999.9	0	3.34490740740742	4.46329206871653	330
SUMMERSIDE	2012	11	18	323	-4.7	3.1	5.24730132653222	-999.9	0	1.9212962962963	4.34485878591942	330
SUMMERSIDE	2012	11	19	324	-4.4	6.5	6.13112960095356	-999.9	0	3.18287037037036	5.08946187862613	330
SUMMERSIDE	2012	11	20	325	-2.9	7.3	5.86364149659534	-999.9	0	2.75462962962963	5.95629035523118	330
SUMMERSIDE	2012	11	21	326	-3	8.6	6.18362207023661	-999.9	0	1.9212962962963	6.19109805727899	330
SUMMERSIDE	2012	11	22	327	1.4	9.3	5.04760855846543	-999.9	0	4.61805555555556	7.40905779606249	330
SUMMERSIDE	2012	11	23	328	4.3	11.4	4.73452091750022	-999.9	0	6.49305555555556	8.93341572652219	330
SUMMERSIDE	2012	11	24	329	3.5	8.7	4.01000423509033	-999.9	7	2.41898148148148	8.74657518620547	330
SUMMERSIDE	2012	11	25	330	-2.4	3.5	4.228554835837	-999.9	0	9.71064814814814	4.56996988804081	330
SUMMERSIDE	2012	11	26	331	-3.1	0.2	3.13167837455704	-999.9	0	8.51851851851853	3.10991531941479	330
SUMMERSIDE	2012	11	27	332	-9.9	-1.6	4.91982586047241	-999.9	0	3.69212962962964	2.53449083755865	330
SUMMERSIDE	2012	11	28	333	-10.3	1	5.6882867011756	-999.9	0	2.31481481481481	3.33107114661265	330
SUMMERSIDE	2012	11	29	334	-7.8	0.1	4.71447299323361	-999.9	0	5.24305555555556	3.13133106393387	330
SUMMERSIDE	2012	11	30	335	-10.8	-4.6	4.14136203611374	-999.9	0	8.72685185185186	2.00071808798345	330
SUMMERSIDE	2012	12	1	336	-11.9	-2.6	5.03119881365623	-999.9	0	3.68055555555556	2.52099901885118	330
SUMMERSIDE	2012	12	2	337	-9.6	6	6.46597840527297	-999.9	1.4	7.63888888888889	3.85345845338783	330
SUMMERSIDE	2012	12	3	338	1.8	8.8	4.29958426622326	-999.9	3.3	6.08796296296297	8.13300309204252	330
SUMMERSIDE	2012	12	4	339	1.2	3.7	2.55164703983834	-999.9	0	3.36805555555556	6.59307564444975	330
SUMMERSIDE	2012	12	5	340	0	8.7	4.72884387166188	-999.9	2.4	7.67361111111111	7.36469372260767	330
SUMMERSIDE	2012	12	6	341	-2.5	0	2.51933246921206	-999.9	0.2	7.19907407407408	3.98157745933262	330
SUMMERSIDE	2012	12	7	342	-4.9	0.9	3.81529892707648	-999.9	0	3.51851851851853	4.20564413957544	330
SUMMERSIDE	2012	12	8	343	0.8	4.8	3.1515631615949	-999.9	4.9	2.98611111111111	7.05409960465728	330
SUMMERSIDE	2012	12	9	344	-4.8	5.9	5.12926201402772	-999.9	0	5.83333333333333	4.93321705623108	330
SUMMERSIDE	2012	12	10	345	-5.9	6.9	5.58500339366251	-999.9	28.9	3.42592592592592	5.43596740543284	330
SUMMERSIDE	2012	12	11	346	-5.7	6.6	5.45277630055989	-999.9	4.1	4.60648148148147	5.46778770244025	330
SUMMERSIDE	2012	12	12	347	-7.9	-2.8	3.49857001871794	-999.9	0.2	3.85416666666667	3.10081421306065	330
SUMMERSIDE	2012	12	13	348	-6.4	-1	3.58871222121329	-999.9	0	3.34490740740742	3.64384710068495	330
SUMMERSIDE	2012	12	14	349	-3.3	3.7	4.07497479896684	-999.9	0	4.59490740740742	4.7067777648936	330
SUMMERSIDE	2012	12	15	350	-9.7	-1.5	4.40064734752596	-999.9	0.2	8.10185185185186	3.16193966144179	330
SUMMERSIDE	2012	12	16	351	-11.7	-1.1	4.99456087553739	-999.9	0	4.84953703703703	3.0269078869982	330
SUMMERSIDE	2012	12	17	352	-1.4	1.8	2.74066687768161	-999.9	0.5	3.39120370370369	5.76541355765908	330
SUMMERSIDE	2012	12	18	353	0	2.2	2.27055742718562	-999.9	0.5	5.21990740740742	5.77617925942008	330
SUMMERSIDE	2012	12	19	354	-0.4	1.5	2.10931486190373	-999.9	1.8	9.375	5.48610061369715	330
SUMMERSIDE	2012	12	20	355	-1.2	1.9	2.69459049480596	-999.9	0.6	4.52546296296297	5.62580367024382	330
SUMMERSIDE	2012	12	21	356	-1.6	3.6	3.49192375051337	-999.9	2.4	3.48379629629631	5.82820425503364	330
SUMMERSIDE	2012	12	22	357	0.6	8.6	4.33573530730718	-999.9	8.9	5.90277777777778	7.79156222634012	330
SUMMERSIDE	2012	12	23	358	-7.7	3.6	5.16077131280942	-999.9	0.4	7.38425925925925	4.56716014260147	330
SUMMERSIDE	2012	12	24	359	-9.3	-6.6	2.52765009636318	-999.9	0	10.8333333333333	2.2225230564779	330
SUMMERSIDE	2012	12	25	360	-10.3	-4.9	3.58337711157028	-999.9	0	5.24305555555556	2.5904887261842	330
SUMMERSIDE	2012	12	26	361	-10.8	-2.7	4.4014740180418	-999.9	0	3.27546296296297	3.13077767418242	330
SUMMERSIDE	2012	12	27	362	-4.6	0.5	3.50427700196968	-999.9	9.4	5.61342592592592	4.6241674223459	330
SUMMERSIDE	2012	12	28	363	-2.5	1.5	3.11527765456553	-999.9	2.7	8.17129629629631	5.70857521496064	330
SUMMERSIDE	2012	12	29	364	-5.6	-2.5	2.75419381120191	-999.9	0	4.38657407407408	3.99323974290126	330
SUMMERSIDE	2012	12	30	365	-3.4	0.2	2.98196639883578	-999.9	6.6	11.7939814814815	5.23240358168516	330
SUMMERSIDE	2012	12	31	366	-9.6	-2.9	4.08897964547718	-999.9	0	10.6712962962963	3.23082455279064	330
