SUMMERSIDE	2004	1	1	1	-5.3	-3.2	2.28920744864337	-999.9	0	6.37731481481481	2.82275156062286	330
SUMMERSIDE	2004	1	2	2	-9.1	-7.2	2.18957332934785	-999.9	0	3.65740740740742	2.61760205207537	330
SUMMERSIDE	2004	1	3	3	-10.8	1.7	5.64971989140398	-999.9	2	3.44907407407408	3.6364643583383	330
SUMMERSIDE	2004	1	4	4	-4	4.1	4.57701406857208	-999.9	1.3	6.64351851851853	5.26779675336069	330
SUMMERSIDE	2004	1	5	5	-7.4	-3.8	3.0720891665958	-999.9	0	4.375	2.87188439649886	330
SUMMERSIDE	2004	1	6	6	-6.5	-2.3	3.34211387132093	-999.9	0	2.32638888888889	3.76190076859131	330
SUMMERSIDE	2004	1	7	7	-12.2	-9.3	2.79818780494376	-999.9	0	7.65046296296297	1.57643565269861	330
SUMMERSIDE	2004	1	8	8	-21.1	-16.2	3.66623469793242	-999.9	0	6.43518518518519	1.01701217075819	330
SUMMERSIDE	2004	1	9	9	-20.3	-14.4	4.0564993722321	-999.9	0	5.19675925925925	1.12099751088625	330
SUMMERSIDE	2004	1	10	10	-18.8	-15.6	3.01340836232996	-999.9	0	3.91203703703703	1.17869339203069	330
SUMMERSIDE	2004	1	11	11	-20.9	-13.7	4.56096476094775	-999.9	0.7	4.34027777777778	1.02536140511233	330
SUMMERSIDE	2004	1	12	12	-18.4	-8.3	5.4526027762429	-999.9	0	0.879629629629631	1.81752145684149	330
SUMMERSIDE	2004	1	13	13	-17.2	-7.9	5.28296648602237	-999.9	1.9	1.48148148148148	1.95390757638264	330
SUMMERSIDE	2004	1	14	14	-22.6	-20.7	2.41180437714344	-999.9	0.6	11.6203703703704	0.847459034935896	330
SUMMERSIDE	2004	1	15	15	-25.2	-18.2	4.67707144263015	-999.9	0	8.25231481481481	0.621318896736424	330
SUMMERSIDE	2004	1	16	16	-25.6	-1.1	8.84287738890495	-999.9	0.7	6.68981481481481	1.6650723944143	330
SUMMERSIDE	2004	1	17	17	-19.8	0	8.03617946705654	-999.9	0	11.2962962962963	2.29836974910195	330
SUMMERSIDE	2004	1	18	18	-7.1	-0.7	4.61986594494265	-999.9	16.8	3.53009259259258	3.81972533947108	330
SUMMERSIDE	2004	1	19	19	-3.3	-2.4	1.75224105743888	-999.9	10.2	7.55787037037036	4.81652793149544	330
SUMMERSIDE	2004	1	20	20	-6	-2.7	3.39444360434931	-999.9	1.6	9.01620370370369	4.32332336734033	330
SUMMERSIDE	2004	1	21	21	-6.8	-6.2	1.46462711049684	-999.9	0	4.49074074074075	3.43043370144299	330
SUMMERSIDE	2004	1	22	22	-12.4	-0.8	6.51802494814549	-999.9	0.9	3.48379629629631	3.27610931531619	330
SUMMERSIDE	2004	1	23	23	-10.6	-7.1	3.62449405401634	-999.9	0	8.32175925925925	2.636632438461	330
SUMMERSIDE	2004	1	24	24	-20.5	-15.8	4.25279493063834	-999.9	0	6.78240740740742	1.01767482639774	330
SUMMERSIDE	2004	1	25	25	-23.4	-18.4	4.4422554332131	-999.9	0	6.36574074074075	0.741525348098655	330
SUMMERSIDE	2004	1	26	26	-24.9	-17.4	5.51084451312178	-999.9	0	7.87037037037036	0.759821272253668	330
SUMMERSIDE	2004	1	27	27	-19.5	-10.9	5.97828913194663	-999.9	0	5.37037037037036	1.31611923027824	330
SUMMERSIDE	2004	1	28	28	-13.2	-7.2	5.05952652371286	-999.9	0	2.60416666666667	2.41798767297142	330
SUMMERSIDE	2004	1	29	29	-11.1	-6.6	4.44026380204837	-999.9	0	6.27314814814814	2.61310274887632	330
SUMMERSIDE	2004	1	30	30	-12.9	-9.5	3.9117160152446	-999.9	0	5.74074074074075	1.89319811013697	330
SUMMERSIDE	2004	1	31	31	-18.1	-1.2	8.83993539002881	-999.9	1.5	2.33796296296296	2.37051028297385	330
SUMMERSIDE	2004	2	1	32	-12.7	0.4	7.88982444473684	-999.9	0	8.46064814814814	3.41190113892761	330
SUMMERSIDE	2004	2	2	33	-4.1	-1.1	3.82791225800613	-999.9	0	4.30555555555556	3.94685095022754	330
SUMMERSIDE	2004	2	3	34	-9.7	0.6	7.19165812822665	-999.9	0	2.24537037037037	3.72560230409046	330
SUMMERSIDE	2004	2	4	35	-7.1	3.2	7.29244799200201	-999.9	0.6	7.51157407407408	4.66287540895155	330
SUMMERSIDE	2004	2	5	36	-11.7	-6.7	5.152466517031	-999.9	0	10.7175925925926	1.90758785186834	330
SUMMERSIDE	2004	2	6	37	-10.4	-4.6	5.62790517143082	-999.9	5.9	7.06018518518519	2.31033806885946	330
SUMMERSIDE	2004	2	7	38	-6.7	-2.9	4.62008995505297	-999.9	17.3	5.63657407407408	4.06037073872247	330
SUMMERSIDE	2004	2	8	39	-8.8	-5	4.68592965097255	-999.9	0.6	5.41666666666667	3.34189865679963	330
SUMMERSIDE	2004	2	9	40	-15.6	-3.4	8.51618339451675	-999.9	0	5.46296296296297	2.34453064775209	330
SUMMERSIDE	2004	2	10	41	-8.7	3.2	8.53123505761499	-999.9	0	4.22453703703703	4.16343551079956	330
SUMMERSIDE	2004	2	11	42	-8.2	2.3	8.12858881641192	-999.9	0	1.80555555555556	4.34395217972051	330
SUMMERSIDE	2004	2	12	43	-10.5	-6.5	5.08906449113865	-999.9	0	4.71064814814814	2.4640795616309	330
SUMMERSIDE	2004	2	13	44	-14.2	-1.1	9.34185610065786	-999.9	0	5.32407407407408	2.47291052051326	330
SUMMERSIDE	2004	2	14	45	-4.9	2.6	7.16995915734285	-999.9	0	6.31944444444445	4.04136326364717	330
SUMMERSIDE	2004	2	15	46	-20	-16.4	5.03873748592177	-999.9	0	4.72222222222222	0.884108834733258	330
SUMMERSIDE	2004	2	16	47	-24.1	-11.8	9.44714173186464	-999.9	0	5.20833333333333	0.847500568291046	330
SUMMERSIDE	2004	2	17	48	-20.6	-6.6	10.2230245540417	-999.9	0	3.85416666666667	1.4387955550682	330
SUMMERSIDE	2004	2	18	49	-13.1	-1.6	9.3976484284243	-999.9	3.3	3.71527777777778	2.90262217980711	330
SUMMERSIDE	2004	2	19	50	-6.7	-4.1	4.53206960977902	-999.9	21.3	15.2199074074074	3.82679169861433	330
SUMMERSIDE	2004	2	20	51	-5.9	-0.9	6.37406840815797	-999.9	0.9	10.0231481481481	3.42993938640951	330
SUMMERSIDE	2004	2	21	52	-13	-3.6	8.86333610678751	-999.9	0	3.19444444444444	2.70963887407715	330
SUMMERSIDE	2004	2	22	53	-6.8	-1.4	6.81254137391683	-999.9	0	8.00925925925925	4.19346841496727	330
SUMMERSIDE	2004	2	23	54	-4.8	-2.8	4.20418102867621	-999.9	28.5	6.04166666666667	4.45125410255421	330
SUMMERSIDE	2004	2	24	55	-4.7	-1.4	5.47583704257716	-999.9	0	3.95833333333333	3.98395550877562	330
SUMMERSIDE	2004	2	25	56	-6.2	-1.3	6.76534036495738	-999.9	0	2.21064814814815	3.89291537180848	330
SUMMERSIDE	2004	2	26	57	-7.9	-5.9	4.38201264439096	-999.9	0	10.0925925925926	2.87473511683586	330
SUMMERSIDE	2004	2	27	58	-8.5	-4.7	6.12328545430076	-999.9	0.7	9.34027777777778	3.25579962475867	330
SUMMERSIDE	2004	2	28	59	-6.2	-5.6	2.46642359809715	-999.9	0	6.42361111111111	3.36902975205459	330
SUMMERSIDE	2004	2	29	60	-14.1	-2.4	11.0394602394173	-999.9	0	2.00231481481481	2.40552369205231	330
SUMMERSIDE	2004	3	1	61	-12.4	4.7	13.526259716336	-999.9	6.6	2.38425925925926	3.40745578726913	330
SUMMERSIDE	2004	3	2	62	-4.6	4.7	10.1089541691872	-999.9	5.7	6.18055555555556	5.42492907705507	330
SUMMERSIDE	2004	3	3	63	1.3	4.2	5.72015347702177	-999.9	0	6.04166666666667	6.49439932574165	330
SUMMERSIDE	2004	3	4	64	-2.8	2.5	7.83516196280243	-999.9	0	3.79629629629631	4.43336810363296	330
SUMMERSIDE	2004	3	5	65	-5.9	4.1	10.903539421896	-999.9	5	2.71990740740741	4.41856736712816	330
SUMMERSIDE	2004	3	6	66	-2.1	1.2	6.34507483640952	-999.9	17.7	3.84259259259258	5.74556382326492	330
SUMMERSIDE	2004	3	7	67	-4.3	-2.6	4.61285865340936	-999.9	0	7.93981481481481	4.39232420003645	330
SUMMERSIDE	2004	3	8	68	-8.7	-3.4	8.24901367902538	-999.9	0	6.09953703703703	3.3764042534399	330
SUMMERSIDE	2004	3	9	69	-7.4	-2.6	7.94976950405298	-999.9	0	5.96064814814814	3.48578910389905	330
SUMMERSIDE	2004	3	10	70	-9.4	2.6	12.7275494130215	-999.9	0	4.07407407407408	3.48965974717113	330
SUMMERSIDE	2004	3	11	71	-8.9	0.4	11.3439778566994	-999.9	4.6	4.86111111111111	3.71032736445747	330
SUMMERSIDE	2004	3	12	72	-2.9	-1.3	4.76323714803384	-999.9	0	7.59259259259258	5.18766245674272	330
SUMMERSIDE	2004	3	13	73	-3.2	-0.4	6.37804099447404	-999.9	0.6	5.61342592592592	4.92722610852034	330
SUMMERSIDE	2004	3	14	74	-7.5	0.8	11.1137442866666	-999.9	0	5.15046296296297	3.79622426574749	330
SUMMERSIDE	2004	3	15	75	-5.3	2.8	11.1102335876533	-999.9	0.6	7.01388888888889	4.94441219540955	330
SUMMERSIDE	2004	3	16	76	-4.5	-0.8	7.5977755840256	-999.9	0	5.81018518518519	3.30945280663075	330
SUMMERSIDE	2004	3	17	77	-7.9	-7	3.79102583688809	-999.9	0	8.73842592592592	2.79718533384309	330
SUMMERSIDE	2004	3	18	78	-9.7	-3.9	9.73517522670804	-999.9	1	6.92129629629631	3.10923915455659	330
SUMMERSIDE	2004	3	19	79	-11.4	-1.1	13.1215924114025	-999.9	0	2.67361111111111	3.33153803464409	330
SUMMERSIDE	2004	3	20	80	-9.5	-0.3	12.5413238784766	-999.9	0	5.71256038647342	3.86168424924736	330
SUMMERSIDE	2004	3	21	81	-2.8	0.3	7.36130475963987	-999.9	8.9	2.83564814814814	5.37699012031368	330
SUMMERSIDE	2004	3	22	82	-5.7	0.5	10.5253565902462	-999.9	0.7	4.50231481481481	4.38632900035995	330
SUMMERSIDE	2004	3	23	83	-15.6	-4.9	13.9779043579133	-999.9	0	5.82175925925925	1.8381183905101	330
SUMMERSIDE	2004	3	24	84	-10.1	0.8	14.2598344185864	-999.9	0	4.74537037037036	3.74813208692025	330
SUMMERSIDE	2004	3	25	85	-7.3	3.7	14.4773876178252	-999.9	0	5.55555555555556	4.21885329219076	330
SUMMERSIDE	2004	3	26	86	-1.5	5.5	11.6701602917328	-999.9	0	7.61574074074075	5.48491777962422	330
SUMMERSIDE	2004	3	27	87	2.8	4.4	5.63719203559629	-999.9	27.2	6.25	7.55425232272263	330
SUMMERSIDE	2004	3	28	88	-3.1	-1.3	6.0402516992684	-999.9	0	9.29398148148147	4.21357809330335	330
SUMMERSIDE	2004	3	29	89	-8.5	3	15.4214212411009	-999.9	0	1.50462962962963	3.738765088698	330
SUMMERSIDE	2004	3	30	90	-4.1	6.4	14.8822107127084	-999.9	0	5.21990740740742	4.29508701325585	330
SUMMERSIDE	2004	3	31	91	-2.8	4.3	12.3577617279388	-999.9	0	6.12268518518519	5.63908124888315	330
SUMMERSIDE	2004	4	1	92	-2.3	2.2	9.93333753690497	-999.9	0	5.34722222222222	5.65388133639166	330
SUMMERSIDE	2004	4	2	93	-2.3	4.5	12.3271331895896	-999.9	7.7	4.39814814814814	5.76510317263308	330
SUMMERSIDE	2004	4	3	94	-0.6	1.8	7.39217649436897	-999.9	6.6	3.04398148148147	6.31943235248659	330
SUMMERSIDE	2004	4	4	95	0	0.8	4.30735982422027	-999.9	1.2	3.85416666666667	6.31816977472399	330
SUMMERSIDE	2004	4	5	96	-0.3	2.6	8.2757051836033	-999.9	9.5	3.13657407407408	6.60997157234828	330
SUMMERSIDE	2004	4	6	97	-1.8	1.6	9.04119350554158	-999.9	0.6	3.70370370370369	5.76812680569459	330
SUMMERSIDE	2004	4	7	98	-0.9	3.2	10.016108756697	-999.9	0.6	2.1875	6.28923455512463	330
SUMMERSIDE	2004	4	8	99	-1.5	6.6	14.2007405707474	-999.9	0.7	3.26388888888889	6.30720901538299	330
SUMMERSIDE	2004	4	9	100	0.7	12.1	16.9911577495029	-999.9	0	4.10879629629631	5.36579570390876	330
SUMMERSIDE	2004	4	10	101	-1.1	5.3	12.8381779541711	-999.9	0	4.40972222222222	5.39036671763262	330
SUMMERSIDE	2004	4	11	102	-1.6	7.4	15.3503556684703	-999.9	0	6.21527777777778	4.63859984367841	330
SUMMERSIDE	2004	4	12	103	-2.4	10.4	18.4555514399217	-999.9	0	2.97453703703703	5.14598986947329	330
SUMMERSIDE	2004	4	13	104	-1.7	9.1	17.0883448849139	-999.9	5.3	3.20601851851853	7.36776802827071	330
SUMMERSIDE	2004	4	14	105	2.3	11.6	15.9822189957803	-999.9	14.8	8.20601851851853	9.78364041270674	330
SUMMERSIDE	2004	4	15	106	1	2.8	7.08566991479351	-999.9	10.4	6.92129629629631	6.75672510070707	330
SUMMERSIDE	2004	4	16	107	-0.7	0.1	4.75971001097984	-999.9	2.1	9.65277777777778	5.58221289284053	330
SUMMERSIDE	2004	4	17	108	-1.2	6	14.3858180316883	-999.9	4.4	4.32870370370369	6.93835488233627	330
SUMMERSIDE	2004	4	18	109	1.2	10.8	16.7331974483458	-999.9	2.5	5.13888888888889	6.53038524845174	330
SUMMERSIDE	2004	4	19	110	1.4	11.1	16.9412949270406	-999.9	1.6	8.06712962962964	7.52998879701417	330
SUMMERSIDE	2004	4	20	111	5.2	11.1	13.3059779448304	-999.9	0	8.68055555555556	6.65622564027095	330
SUMMERSIDE	2004	4	21	112	-1.6	10.1	18.8675999028129	-999.9	0	3.17129629629631	4.59163685883108	330
SUMMERSIDE	2004	4	22	113	2.4	11.7	16.9360159416832	-999.9	0	7.31481481481481	8.06985983393959	330
SUMMERSIDE	2004	4	23	114	2.1	4.8	9.18630962546102	-999.9	0	3.13131313131314	5.11190180923591	330
SUMMERSIDE	2004	4	24	115	-3.1	5.6	16.5978508862808	-999.9	0	2.5	5.1323009418248	330
SUMMERSIDE	2004	4	25	116	-3.1	6.3	17.3633319321096	-999.9	0	5.78042328042328	5.08901697616615	330
SUMMERSIDE	2004	4	26	117	-0.8	5.2	13.9593696433291	-999.9	0	3.54166666666667	6.09111584113933	330
SUMMERSIDE	2004	4	27	118	2.3	5.9	10.8794482109109	-999.9	0	1.63398692810458	8.00990788205177	330
SUMMERSIDE	2004	4	28	119	3.1	7.4	11.9618938011017	-999.9	0	2.40079365079365	8.48337077795086	330
SUMMERSIDE	2004	4	29	120	-0.8	11.6	20.43297380255	-999.9	0	5.03623188405797	5.31095075047032	330
SUMMERSIDE	2004	4	30	121	5	23.1	24.8290576060115	-999.9	0.7	3.48765432098767	10.4596775629492	330
SUMMERSIDE	2004	5	1	122	7.7	23.4	23.2550055366203	-999.9	0	3.12169312169311	11.7142921254234	330
SUMMERSIDE	2004	5	2	123	7.3	17.9	19.2136976622975	-999.9	0	7.17592592592592	12.2374681413018	330
SUMMERSIDE	2004	5	3	124	11.7	18.8	15.8097348495291	-999.9	0	8.77314814814814	15.04736974263	330
SUMMERSIDE	2004	5	4	125	11.2	13.4	8.84688542815058	-999.9	0.8	9.98842592592592	12.9860888119083	330
SUMMERSIDE	2004	5	5	126	3.6	15.8	20.9406014454267	-999.9	0	6.92129629629631	7.28036755558838	330
SUMMERSIDE	2004	5	6	127	4.9	15.3	19.4313450257357	-999.9	1	6.74768518518519	8.32637122706462	330
SUMMERSIDE	2004	5	7	128	8.1	15.6	16.5821495379416	-999.9	1	6.50462962962964	9.81561811349561	330
SUMMERSIDE	2004	5	8	129	0.6	10.7	19.3349113648045	-999.9	0	8.29861111111111	3.2306334474347	330
SUMMERSIDE	2004	5	9	130	3.2	15.6	21.5234159592946	-999.9	0.6	6.68981481481481	5.3093236167231	330
SUMMERSIDE	2004	5	10	131	2	14.8	21.9670634082176	-999.9	0.8	4.65277777777778	5.03620920954521	330
SUMMERSIDE	2004	5	11	132	5.8	15.8	19.5021158680595	-999.9	0.7	5.47101449275361	10.4369986801531	330
SUMMERSIDE	2004	5	12	133	3.2	11.7	18.0573577398344	-999.9	0	4.18981481481481	5.75190332034357	330
SUMMERSIDE	2004	5	13	134	-0.2	11.1	20.9071819465243	-999.9	0	2.65151515151515	5.10986851195916	330
SUMMERSIDE	2004	5	14	135	5.3	11.3	15.2965046814582	-999.9	1.5	5.49768518518519	7.70934915465313	330
SUMMERSIDE	2004	5	15	136	8.4	19.1	20.5077380489095	-999.9	0.6	7.8125	12.9577531965901	330
SUMMERSIDE	2004	5	16	137	6.1	8.3	9.33460019873109	-999.9	0	5.49768518518519	7.66213688304572	330
SUMMERSIDE	2004	5	17	138	0	14.5	24.0533917161713	-999.9	0	2.43055555555556	6.03318960553455	330
SUMMERSIDE	2004	5	18	139	7	16.8	19.8455411915697	-999.9	4.1	8.81944444444445	10.7657046648613	330
SUMMERSIDE	2004	5	19	140	9.1	16.4	17.1877400179049	-999.9	0	4.6875	11.2178317451444	330
SUMMERSIDE	2004	5	20	141	5.3	21.4	25.6110729037902	-999.9	0	5.76388888888889	8.78520310360323	330
SUMMERSIDE	2004	5	21	142	9.7	16.7	16.9422696270943	-999.9	0	7.31481481481481	9.70601726100211	330
SUMMERSIDE	2004	5	22	143	1.8	14.6	22.9818890224554	-999.9	0	3.07870370370369	5.71898539290539	330
SUMMERSIDE	2004	5	23	144	5.9	16.2	20.677981245332	-999.9	0	3.125	9.0606478316909	330
SUMMERSIDE	2004	5	24	145	6.5	11.5	14.4488774207568	-999.9	0	5.72916666666667	6.33521809138229	330
SUMMERSIDE	2004	5	25	146	5.2	9.4	13.2795785716048	-999.9	0	4.73379629629631	6.47391196678992	330
SUMMERSIDE	2004	5	26	147	0.7	13	22.7863032959911	-999.9	0.6	2.90509259259258	6.04901097201372	330
SUMMERSIDE	2004	5	27	148	7.1	12.3	14.8537443465545	-999.9	2.2	3.77314814814814	10.5983220639789	330
SUMMERSIDE	2004	5	28	149	8.3	12.8	13.8517588067897	-999.9	2.3	2.15277777777778	11.3897317021973	330
SUMMERSIDE	2004	5	29	150	9	11.2	9.70791524593813	-999.9	5.5	5.01157407407408	11.7241512868047	330
SUMMERSIDE	2004	5	30	151	5	7.8	10.9764358295041	-999.9	2.3	6.99074074074075	8.80489265056692	330
SUMMERSIDE	2004	5	31	152	4.3	11.6	17.7608317724777	-999.9	0	6.09953703703703	7.5492327966898	330
SUMMERSIDE	2004	6	1	153	5.3	11.4	16.2681553256692	-999.9	0	3.70772946859903	7.97419843307828	330
SUMMERSIDE	2004	6	2	154	6	15.1	19.9075451795979	-999.9	4.7	2.62731481481481	9.68929288468619	330
SUMMERSIDE	2004	6	3	155	7.8	10.3	10.4530457793688	-999.9	6.6	3.62268518518519	10.9380631125968	330
SUMMERSIDE	2004	6	4	156	6	17.5	22.4569061457468	-999.9	0	5.86805555555556	10.3011349830339	330
SUMMERSIDE	2004	6	5	157	5.8	14.1	19.1082374568018	-999.9	0	4.52546296296297	8.11155813280691	330
SUMMERSIDE	2004	6	6	158	6	20.9	25.6393976371847	-999.9	0	4.56018518518519	9.39288350635378	330
SUMMERSIDE	2004	6	7	159	8.2	12.3	13.4676655762991	-999.9	2.7	5.27777777777778	10.2729339402452	330
SUMMERSIDE	2004	6	8	160	9.5	16.6	17.7446720789447	-999.9	1.3	4.10879629629631	13.3637212810619	330
SUMMERSIDE	2004	6	9	161	11.7	29.8	28.3641175060971	-999.9	1	6.04166666666667	16.3822735005594	330
SUMMERSIDE	2004	6	10	162	10	19.6	20.6780528231724	-999.9	0	6.28472222222222	7.58473867814272	330
SUMMERSIDE	2004	6	11	163	6.8	15.6	19.8158321486219	-999.9	0	5.96064814814814	6.67239701105846	330
SUMMERSIDE	2004	6	12	164	9.6	13.3	12.8594317751056	-999.9	0	5.61342592592592	8.64561870584494	330
SUMMERSIDE	2004	6	13	165	7.7	22.4	25.6497161274164	-999.9	0	4.21296296296297	10.6262081405643	330
SUMMERSIDE	2004	6	14	166	11.2	21.6	21.5872160721117	-999.9	8	8.95833333333333	11.891552250846	330
SUMMERSIDE	2004	6	15	167	13.3	19.9	17.205256516487	-999.9	0	7.87037037037036	17.1727687298205	330
SUMMERSIDE	2004	6	16	168	12.8	23.2	21.6056956546754	-999.9	0	5.45138888888889	12.9774216174334	330
SUMMERSIDE	2004	6	17	169	11.9	24.4	23.6931178215977	-999.9	0	3.59953703703703	11.1392886196881	330
SUMMERSIDE	2004	6	18	170	7.5	17.9	21.6148763719242	-999.9	0	2.67361111111111	8.44750079415968	330
SUMMERSIDE	2004	6	19	171	12.2	15.4	11.990388018778	-999.9	6	4.0625	12.0072099157398	330
SUMMERSIDE	2004	6	20	172	8.1	15.6	18.3554209319007	-999.9	0.7	5.76388888888889	9.44257799516798	330
SUMMERSIDE	2004	6	21	173	10.6	22.2	22.8239866068636	-999.9	1	4.72222222222222	13.1946291707221	330
SUMMERSIDE	2004	6	22	174	10.3	16.2	16.2731131732848	-999.9	6.9	4.20138888888889	12.5362447064743	330
SUMMERSIDE	2004	6	23	175	9.2	13.4	13.7247600126243	-999.9	1.3	3.84259259259258	11.9938737829388	330
SUMMERSIDE	2004	6	24	176	10.5	17	17.0657592923722	-999.9	0	1.45833333333333	12.9577531965901	330
SUMMERSIDE	2004	6	25	177	11.8	21.1	20.4010528758893	-999.9	9.1	6.07638888888889	15.0771548528636	330
SUMMERSIDE	2004	6	26	178	14.1	17	11.3842812183417	-999.9	16.5	3.29861111111111	16.7929567494203	330
SUMMERSIDE	2004	6	27	179	13	23.3	21.437496434904	-999.9	2.1	3.4375	16.1318583228607	330
SUMMERSIDE	2004	6	28	180	11.2	21.3	21.2089069255733	-999.9	0	4.84953703703703	12.7154192730564	330
SUMMERSIDE	2004	6	29	181	11.4	21.3	20.9763842901435	-999.9	0	2.24537037037037	13.1400091800686	330
SUMMERSIDE	2004	6	30	182	12.1	23	21.9854306196221	-999.9	42.3	3.24074074074075	15.8118379012426	330
SUMMERSIDE	2004	7	1	183	11.3	24.7	24.346472557536	-999.9	0	2.78935185185186	16.0339800023778	330
SUMMERSIDE	2004	7	2	184	15.4	20.6	15.1460863598079	-999.9	4.4	4.36342592592592	17.3464005518454	330
SUMMERSIDE	2004	7	3	185	15.2	20.1	14.6813181401614	-999.9	0.6	4.01620370370369	17.4708600251172	330
SUMMERSIDE	2004	7	4	186	14.7	20.2	15.5299372770881	-999.9	0	1.90972222222222	17.1263028444577	330
SUMMERSIDE	2004	7	5	187	13.3	23.2	20.8008144604446	-999.9	0.9	3.88888888888889	17.4740427373997	330
SUMMERSIDE	2004	7	6	188	14.6	19.4	14.4580833816287	-999.9	0	4.97685185185186	16.8929890399588	330
SUMMERSIDE	2004	7	7	189	11.4	22.4	21.8457380980875	-999.9	0.7	1.9212962962963	13.7817691516356	330
SUMMERSIDE	2004	7	8	190	10.6	24.4	24.4198523777111	-999.9	0.7	2.61574074074074	13.3864604548765	330
SUMMERSIDE	2004	7	9	191	15.6	19.9	13.6026519988328	-999.9	15.3	1.58564814814815	18.2463552302775	330
SUMMERSIDE	2004	7	10	192	13.8	15.5	8.53399455429118	-999.9	2.2	3.37962962962964	15.8206331742011	330
SUMMERSIDE	2004	7	11	193	11.9	17.2	15.0333911378338	-999.9	0.7	3.90046296296297	14.1615407585785	330
SUMMERSIDE	2004	7	12	194	11.2	25.6	24.7197385066439	-999.9	0	1.5162037037037	15.5121593432605	330
SUMMERSIDE	2004	7	13	195	15.4	25.4	20.5474819829939	-999.9	0	2.74305555555556	16.1236651822891	330
SUMMERSIDE	2004	7	14	196	14.4	24.4	20.4930621605584	-999.9	0.7	4.58333333333333	15.352655269046	330
SUMMERSIDE	2004	7	15	197	14.9	20.3	15.017724604397	-999.9	4.3	5.30092592592592	18.017749259137	330
SUMMERSIDE	2004	7	16	198	17.7	24.9	17.2912316287155	-999.9	0	6.07142857142858	20.8710338624684	330
SUMMERSIDE	2004	7	17	199	16.5	25.8	19.5932046141261	-999.9	0	5.05787037037036	20.3080436180848	330
SUMMERSIDE	2004	7	18	200	16.7	25.2	18.6736639789317	-999.9	0	2.95138888888889	20.9653739807681	330
SUMMERSIDE	2004	7	19	201	19.1	22	10.8724336787431	-999.9	7.7	3.26388888888889	22.6279903076629	330
SUMMERSIDE	2004	7	20	202	18.7	25	15.9719226495483	-999.9	0	4.81481481481481	23.5605831414086	330
SUMMERSIDE	2004	7	21	203	17.3	26.1	18.8121625249948	-999.9	0	4.78260869565217	22.6772021498256	330
SUMMERSIDE	2004	7	22	204	17.3	27.7	20.3786618083044	-999.9	0	4.93055555555556	22.1223634359056	330
SUMMERSIDE	2004	7	23	205	18.6	28	19.3034751082183	-999.9	0.6	6.66666666666667	23.0051299079587	330
SUMMERSIDE	2004	7	24	206	16.6	24.1	17.1777225489163	-999.9	2.8	5.09259259259258	21.4380573132675	330
SUMMERSIDE	2004	7	25	207	14.6	20.1	14.6531262715243	-999.9	0	2.31481481481481	13.9340276789993	330
SUMMERSIDE	2004	7	26	208	13.3	23.5	19.8752891910494	-999.9	0	2.17592592592593	14.3434350091792	330
SUMMERSIDE	2004	7	27	209	16.7	24	16.7451660236299	-999.9	0	2.53472222222222	17.5776026520851	330
SUMMERSIDE	2004	7	28	210	18	21.8	12.0305232634838	-999.9	1.3	2.85879629629631	18.7241593800797	330
SUMMERSIDE	2004	7	29	211	16	24.3	17.7029761772277	-999.9	0.6	3.31018518518519	20.3329419217608	330
SUMMERSIDE	2004	7	30	212	17.1	29.1	21.1915146843026	-999.9	0	4.89583333333333	22.8233977244548	330
SUMMERSIDE	2004	7	31	213	16.8	25.1	17.54381189885	-999.9	0	7.52314814814814	21.0069925891666	330
SUMMERSIDE	2004	8	1	214	18.8	24.6	14.5969336451327	-999.9	0	7.44212962962964	23.0247454777923	330
SUMMERSIDE	2004	8	2	215	17.4	28	19.6386778711524	-999.9	0	3.07870370370369	19.2414523530478	330
SUMMERSIDE	2004	8	3	216	17.7	28.3	19.5421638302476	-999.9	0	4.93055555555556	20.9461167836578	330
SUMMERSIDE	2004	8	4	217	18.8	25.5	15.4584524595746	-999.9	0	3.68357487922706	18.9396683609969	330
SUMMERSIDE	2004	8	5	218	14.9	24.1	18.0210328711134	-999.9	0	3.13657407407408	14.6897609341911	330
SUMMERSIDE	2004	8	6	219	15.7	22.1	14.9513675985268	-999.9	3.9	2.15277777777778	16.7177426464167	330
SUMMERSIDE	2004	8	7	220	17.7	19.9	8.71876981452584	-999.9	3.4	5.16203703703703	19.8183189834846	330
SUMMERSIDE	2004	8	8	221	14.5	20.4	14.1994114252245	-999.9	7.2	4.40821256038647	17.1986915844174	330
SUMMERSIDE	2004	8	9	222	14.4	21.3	15.2692120663615	-999.9	0.8	4.44444444444444	16.5683488022333	330
SUMMERSIDE	2004	8	10	223	13.8	26.2	20.3515596811589	-999.9	0	3.22916666666667	17.3242758700632	330
SUMMERSIDE	2004	8	11	224	17.1	26.3	17.426987587568	-999.9	0.7	5.94907407407408	18.9845542901797	330
SUMMERSIDE	2004	8	12	225	19.4	27.4	16.1533083322432	-999.9	0	6.14583333333333	21.8318361814174	330
SUMMERSIDE	2004	8	13	226	19.7	27.1	15.4406901435003	-999.9	0	6.875	21.1815774093288	330
SUMMERSIDE	2004	8	14	227	21.2	25.8	12.0979044274463	-999.9	4.4	6.20370370370369	25.428693702926	330
SUMMERSIDE	2004	8	15	228	16.6	23.2	14.3989016140875	-999.9	0	2.73148148148148	15.6229097215929	330
SUMMERSIDE	2004	8	16	229	14.9	22.9	15.7497651696661	-999.9	0	1.86342592592593	14.3151381021503	330
SUMMERSIDE	2004	8	17	230	16.6	23.4	14.4244918574024	-999.9	0	1.97916666666667	18.0677230559044	330
SUMMERSIDE	2004	8	18	231	15.9	27.1	18.387263375722	-999.9	0	4.31712962962964	19.3008796129606	330
SUMMERSIDE	2004	8	19	232	16	25.9	17.168506001869	-999.9	0	6.16898148148147	18.9780854297375	330
SUMMERSIDE	2004	8	20	233	19.8	25.4	12.8221339817632	-999.9	0	6.04166666666667	20.7082899261752	330
SUMMERSIDE	2004	8	21	234	18.8	21.7	9.16138267035301	-999.9	33.2	4.6875	22.2527790793916	330
SUMMERSIDE	2004	8	22	235	14.9	20.9	13.0821008257858	-999.9	0.6	3.58796296296297	14.5176831555561	330
SUMMERSIDE	2004	8	23	236	13.5	23.8	17.0139133600913	-999.9	0	4.67592592592592	15.2650371998922	330
SUMMERSIDE	2004	8	24	237	13	20.3	14.2159032032331	-999.9	0	4.98842592592592	12.8852824477132	330
SUMMERSIDE	2004	8	25	238	12.2	18.6	13.2091210501351	-999.9	0	4.25925925925925	12.5830154355085	330
SUMMERSIDE	2004	8	26	239	9.4	23	19.1059035598203	-999.9	0	3.14814814814814	13.2355224858707	330
SUMMERSIDE	2004	8	27	240	15.2	22.8	14.1697510778475	-999.9	0	5.64814814814814	17.0982182421398	330
SUMMERSIDE	2004	8	28	241	16.6	26.3	15.8796717030219	-999.9	0	5.50925925925925	21.0711103723483	330
SUMMERSIDE	2004	8	29	242	16.2	20.3	10.239778804908	-999.9	36.9	3.83101851851853	15.3623759413393	330
SUMMERSIDE	2004	8	30	243	16.9	22.2	11.5457511452492	-999.9	18.7	3.95833333333333	20.3446076908895	330
SUMMERSIDE	2004	8	31	244	19	23.3	10.3120871607146	-999.9	15.3	4.15509259259258	23.9525369229901	330
SUMMERSIDE	2004	9	1	245	15.1	22.2	13.1374769350615	-999.9	1.4	4.47916666666667	17.2678966906582	330
SUMMERSIDE	2004	9	2	246	10.4	16.7	12.2677737703974	-999.9	0	4.08564814814814	10.1970383425277	330
SUMMERSIDE	2004	9	3	247	10	15.8	11.6671377804215	-999.9	16.9	3.02083333333333	11.1857102339413	330
SUMMERSIDE	2004	9	4	248	12.2	16.5	9.95592193163206	-999.9	0.8	6.88657407407408	12.7923735598961	330
SUMMERSIDE	2004	9	5	249	8.9	15.5	12.2224471728708	-999.9	0	4.0625	9.37546803319403	330
SUMMERSIDE	2004	9	6	250	10.6	19.8	14.2975309222439	-999.9	0	6.50462962962964	11.5835844405724	330
SUMMERSIDE	2004	9	7	251	13.2	21.7	13.6144307992825	-999.9	0	7.83564814814814	15.1768995407162	330
SUMMERSIDE	2004	9	8	252	16.7	21.3	9.92050557932596	-999.9	0.7	3.79629629629631	18.1277883728493	330
SUMMERSIDE	2004	9	9	253	13.8	21.3	12.5456272609484	-999.9	0	2.84722222222222	17.4283836291652	330
SUMMERSIDE	2004	9	10	254	15.3	23.5	12.990252050271	-999.9	0	8.24074074074075	20.02725134851	330
SUMMERSIDE	2004	9	11	255	12.9	17	9.09480940125804	-999.9	0	5.67129629629631	12.8907955778452	330
SUMMERSIDE	2004	9	12	256	9.7	21.6	15.3394008375938	-999.9	0	4.80324074074075	13.3640002715531	330
SUMMERSIDE	2004	9	13	257	11.9	13.6	5.73898336772774	-999.9	0	5.9375	9.94392141465942	330
SUMMERSIDE	2004	9	14	258	8.6	14.8	10.8473697743861	-999.9	0	3.95833333333333	9.163390549057	330
SUMMERSIDE	2004	9	15	259	11.3	21.5	13.7685901672738	-999.9	0	8.40277777777778	12.8513035151859	330
SUMMERSIDE	2004	9	16	260	13.1	22	12.7258877416719	-999.9	0	6.99074074074075	15.9633890632354	330
SUMMERSIDE	2004	9	17	261	16.4	23.7	11.4025339511395	-999.9	0	6.58564814814814	20.7981369702669	330
SUMMERSIDE	2004	9	18	262	10.6	13.7	7.35040210611712	-999.9	1.2	3.83101851851853	12.1042821278269	330
SUMMERSIDE	2004	9	19	263	9.4	13.8	8.66145125302073	-999.9	0.7	10.0694444444444	11.1944786608822	330
SUMMERSIDE	2004	9	20	264	9.1	13.2	8.26864715386466	-999.9	0	10.3009259259259	8.15267858315317	330
SUMMERSIDE	2004	9	21	265	7.3	11.1	7.87149201849835	-999.9	0	7.75462962962964	7.7211095430986	330
SUMMERSIDE	2004	9	22	266	3.9	14.9	13.2412595026103	-999.9	0.8	4.61805555555556	8.98045444464317	330
SUMMERSIDE	2004	9	23	267	10.6	12.2	4.99236215823111	-999.9	0	7.15277777777778	10.1224370644216	330
SUMMERSIDE	2004	9	24	268	5.3	19.8	14.8555657774032	-999.9	0	3.18287037037036	11.3341537847369	330
SUMMERSIDE	2004	9	25	269	12.4	20.3	10.8373820023838	-999.9	0	6.44675925925925	15.3560202294389	330
SUMMERSIDE	2004	9	26	270	12.3	17.3	8.52017729088453	-999.9	0	4.60648148148147	12.2327679516564	330
SUMMERSIDE	2004	9	27	271	9.2	21.1	12.9878636742164	-999.9	0	4.79166666666667	12.6241559686088	330
SUMMERSIDE	2004	9	28	272	12.8	19.1	9.3364905078012	-999.9	0	7.32638888888889	15.030054789524	330
SUMMERSIDE	2004	9	29	273	7.3	14.5	9.86002644239886	-999.9	0	2.37268518518519	10.1193481648215	330
SUMMERSIDE	2004	9	30	274	8.2	15.8	10.0061543497449	-999.9	0	3.15972222222222	10.8134696958742	330
SUMMERSIDE	2004	10	1	275	6.4	15.7	10.9320459653067	-999.9	0	2.85879629629631	11.5814870087812	330
SUMMERSIDE	2004	10	2	276	4.6	16.8	12.3649226260965	-999.9	0	3.69212962962964	10.1362680930146	330
SUMMERSIDE	2004	10	3	277	11.7	14	5.30126916596617	-999.9	4.6	3.80787037037036	13.5697542070072	330
SUMMERSIDE	2004	10	4	278	13.2	17.6	7.23936913281963	-999.9	13.2	5.82175925925925	15.3492444248503	330
SUMMERSIDE	2004	10	5	279	9.5	12.2	5.59847612871554	-999.9	0.8	5.27777777777778	10.446658617592	330
SUMMERSIDE	2004	10	6	280	1.7	9.9	9.63085288471899	-999.9	0	4.82638888888889	6.05856325557706	330
SUMMERSIDE	2004	10	7	281	5.8	14.1	9.56366399299803	-999.9	0	3.79629629629631	9.1184393196531	330
SUMMERSIDE	2004	10	8	282	10.2	18.5	9.43866656351006	-999.9	0	6.73611111111111	13.3619910521018	330
SUMMERSIDE	2004	10	9	283	11.8	18.2	8.17915078413233	-999.9	0.7	7.80092592592592	13.5542399545688	330
SUMMERSIDE	2004	10	10	284	13.4	18.4	7.13364722668384	-999.9	0	5.60185185185186	15.7807889639008	330
SUMMERSIDE	2004	10	11	285	10.9	13.5	5.07557232245034	-999.9	26.9	10.3356481481481	13.4062653233054	330
SUMMERSIDE	2004	10	12	286	10.3	16.1	7.47909438368174	-999.9	9.9	7.54629629629631	14.1368871420875	330
SUMMERSIDE	2004	10	13	287	10.8	12.1	3.49309201046782	-999.9	0.8	5.69444444444445	12.749874992336	330
SUMMERSIDE	2004	10	14	288	6.4	14.1	8.38601237499487	-999.9	0	2.58101851851852	10.6765134878977	330
SUMMERSIDE	2004	10	15	289	8.8	17.5	8.79249000086931	-999.9	7.8	4.44444444444444	14.4415887958011	330
SUMMERSIDE	2004	10	16	290	13.2	20.3	7.83422156736206	-999.9	2.4	6.53935185185186	17.4804103730841	330
SUMMERSIDE	2004	10	17	291	11.2	16.5	6.67564728277999	-999.9	9.8	6.05324074074075	12.9890586512307	330
SUMMERSIDE	2004	10	18	292	8.1	13.5	6.64534596901489	-999.9	0	4.38657407407408	9.46699724518558	330
SUMMERSIDE	2004	10	19	293	3.7	10.2	7.18987596228168	-999.9	0	3.26388888888889	8.09434860194375	330
SUMMERSIDE	2004	10	20	294	3.2	8.2	6.21834469666114	-999.9	0	4.50231481481481	7.14724956045755	330
SUMMERSIDE	2004	10	21	295	5.4	10.6	6.2531669939252	-999.9	1.5	5.92995169082125	8.43010021240241	330
SUMMERSIDE	2004	10	22	296	6.7	9.7	4.68331713880908	-999.9	0.7	5.01157407407408	8.4988581654314	330
SUMMERSIDE	2004	10	23	297	7.5	10.3	4.46123588433399	-999.9	0	4.61805555555556	8.78288442315164	330
SUMMERSIDE	2004	10	24	298	6.4	9.6	4.70246706065459	-999.9	0	3.33333333333333	8.11475201927179	330
SUMMERSIDE	2004	10	25	299	7.9	11.8	5.11860806863063	-999.9	0	3.88888888888889	10.3332544673632	330
SUMMERSIDE	2004	10	26	300	6.3	14	7.0913817544071	-999.9	0	1.99074074074074	10.714716543786	330
SUMMERSIDE	2004	10	27	301	6.6	11.1	5.34512484222575	-999.9	0	4.28240740740742	9.93262649049523	330
SUMMERSIDE	2004	10	28	302	5	11.9	6.52597698093375	-999.9	0.6	8.59903381642511	7.3937408990946	330
SUMMERSIDE	2004	10	29	303	-0.5	5.9	6.19707742259881	-999.9	0	3.20601851851853	5.57912871486856	330
SUMMERSIDE	2004	10	30	304	-0.8	8.7	7.44465500829172	-999.9	3.7	3.65740740740742	5.8845347118514	330
SUMMERSIDE	2004	10	31	305	5	13.7	7.02492337600555	-999.9	4.1	6.23842592592592	10.4706177645785	330
SUMMERSIDE	2004	11	1	306	5.4	9.3	4.63799601953255	-999.9	0.6	9.03935185185186	9.30147438135825	330
SUMMERSIDE	2004	11	2	307	4.3	6.1	3.10721282172743	-999.9	5.2	7.1875	7.55469796243179	330
SUMMERSIDE	2004	11	3	308	3.5	6.4	3.88950892304867	-999.9	9.8	6.85185185185186	7.78233227721468	330
SUMMERSIDE	2004	11	4	309	2.3	4.8	3.56168100567711	-999.9	0	6.71296296296297	5.10565542442445	330
SUMMERSIDE	2004	11	5	310	0.5	9.8	6.77560254858363	-999.9	10.5	8.92361111111111	6.97726881880643	330
SUMMERSIDE	2004	11	6	311	3.3	8.4	4.9493621271075	-999.9	2.3	11.087962962963	6.326038716735	330
SUMMERSIDE	2004	11	7	312	1.7	9.1	5.88136492628003	-999.9	8.1	6.79398148148147	6.23802130549942	330
SUMMERSIDE	2004	11	8	313	0.1	6.7	5.47995577084746	-999.9	2.3	6.29629629629631	6.41413871666123	330
SUMMERSIDE	2004	11	9	314	-2.5	1.2	4.04853420426607	-999.9	0	5.34722222222222	3.68413359353863	330
SUMMERSIDE	2004	11	10	315	-4.5	1.8	5.21329834187185	-999.9	0	4.42129629629631	3.6015212659589	330
SUMMERSIDE	2004	11	11	316	-3.1	8	6.82978700458486	-999.9	0.7	7.71990740740742	5.24017897089042	330
SUMMERSIDE	2004	11	12	317	-2.2	3.1	4.65853740416972	-999.9	0	4.34027777777778	4.44688650678579	330
SUMMERSIDE	2004	11	13	318	-1.7	2.2	3.945274529641	-999.9	10.6	5.86805555555556	5.20100897417116	330
SUMMERSIDE	2004	11	14	319	0.2	2.9	3.2413961791888	-999.9	3.6	10.4166666666667	6.20842849376615	330
SUMMERSIDE	2004	11	15	320	1.6	2.7	2.04328395931022	-999.9	0	9.57175925925925	5.30613190096299	330
SUMMERSIDE	2004	11	16	321	-0.1	0.6	1.61007183483598	-999.9	0	10.8217592592593	4.3960286907316	330
SUMMERSIDE	2004	11	17	322	-1.1	1.7	3.18145442548079	-999.9	0	8.02083333333333	4.91090244345107	330
SUMMERSIDE	2004	11	18	323	-1.5	4.2	4.48565771275993	-999.9	0	3.78472222222222	5.4409233664447	330
SUMMERSIDE	2004	11	19	324	-0.4	7.4	5.18650198917736	-999.9	0	5.03472222222222	5.92402906682327	330
SUMMERSIDE	2004	11	20	325	2.8	4.7	2.53072015715612	-999.9	0	7.55787037037036	6.16810618722474	330
SUMMERSIDE	2004	11	21	326	-0.4	5.9	4.55705445944242	-999.9	0	2.22222222222222	6.47563842253778	330
SUMMERSIDE	2004	11	22	327	1.6	5.4	3.50077275747844	-999.9	0	4.50231481481481	7.01815090778398	330
SUMMERSIDE	2004	11	23	328	-0.8	3	3.46368719128356	-999.9	0	4.28240740740742	4.61042112508841	330
SUMMERSIDE	2004	11	24	329	-1	8.8	5.50498572731567	-999.9	5.5	6.77083333333333	6.10690453627698	330
SUMMERSIDE	2004	11	25	330	4.4	14.3	5.47751478344456	-999.9	10.8	8.62268518518519	10.8406914367478	330
SUMMERSIDE	2004	11	26	331	-0.5	1.4	2.37627655894613	-999.9	0	10.3009259259259	4.35672899859812	330
SUMMERSIDE	2004	11	27	332	-3.6	0.3	3.37243034419935	-999.9	0	6.5625	3.34901104420274	330
SUMMERSIDE	2004	11	28	333	-4.1	8.6	6.03037217664164	-999.9	3.3	4.56018518518519	5.16606737751881	330
SUMMERSIDE	2004	11	29	334	3.1	10.6	4.59356893638817	-999.9	0.8	7.8125	8.70091736511264	330
SUMMERSIDE	2004	11	30	335	-0.6	4.2	3.64391276913022	-999.9	0	2.31481481481481	5.55552565557057	330
SUMMERSIDE	2004	12	1	336	-1.6	7.2	4.89408312085087	-999.9	10	5.76388888888889	6.81020786300689	330
SUMMERSIDE	2004	12	2	337	0.5	3.2	2.69000961764476	-999.9	0	12.6851851851852	4.63058547483354	330
SUMMERSIDE	2004	12	3	338	-8.4	-6.3	2.35497929050478	-999.9	0	5.41666666666667	2.15493255960376	330
SUMMERSIDE	2004	12	4	339	-9.7	2.1	5.54359633695695	-999.9	0	4.02777777777778	3.44083487701782	330
SUMMERSIDE	2004	12	5	340	-7.4	4.5	5.5305564550779	-999.9	0	9.17824074074075	3.81348496057937	330
SUMMERSIDE	2004	12	6	341	-11	-7.7	2.8944926393692	-999.9	0	9.03935185185186	1.55105821143944	330
SUMMERSIDE	2004	12	7	342	-12.4	-3	4.85711627741902	-999.9	1.2	3.48379629629631	2.58916458444917	330
SUMMERSIDE	2004	12	8	343	-10.1	0.6	5.15451619621778	-999.9	8.7	4.01620370370369	3.9277725769107	330
SUMMERSIDE	2004	12	9	344	-2.1	-1.3	1.40251653152461	-999.9	0	6.19212962962964	4.74010396613726	330
SUMMERSIDE	2004	12	10	345	-6.3	0.6	4.1005584038548	-999.9	3.2	2.16435185185185	4.36194357073654	330
SUMMERSIDE	2004	12	11	346	-2.6	6.9	4.79211165114427	-999.9	9.7	4.73379629629631	6.86711141558846	330
SUMMERSIDE	2004	12	12	347	1.6	4.5	2.63818034845726	-999.9	2.4	3.35648148148147	7.50918124640473	330
SUMMERSIDE	2004	12	13	348	-2.1	2.6	3.34804034477833	-999.9	8.1	4.09722222222222	5.71326915454179	330
SUMMERSIDE	2004	12	14	349	-1.2	-0.3	1.46115793861255	-999.9	0	7.19907407407408	4.75256624556427	330
SUMMERSIDE	2004	12	15	350	-7.8	-4.8	2.66176842077533	-999.9	0	4.62962962962964	2.93987449410291	330
SUMMERSIDE	2004	12	16	351	-8.9	1.6	4.97094579820574	-999.9	0	4.13194444444444	3.48228764055843	330
SUMMERSIDE	2004	12	17	352	-4.4	5	4.69726637203618	-999.9	0.9	8.20601851851853	5.2219175529618	330
SUMMERSIDE	2004	12	18	353	-10	-1.8	4.383571315264	-999.9	3.9	4.73379629629631	2.92235310684579	330
SUMMERSIDE	2004	12	19	354	-8.6	1.7	4.91115028987334	-999.9	24.4	3.05555555555556	4.52273058654226	330
SUMMERSIDE	2004	12	20	355	-0.5	1.4	2.10954467460875	-999.9	0	4.15509259259258	6.1174520996749	330
SUMMERSIDE	2004	12	21	356	-5.1	-3.9	1.67746591019352	-999.9	0	7.21064814814814	3.8876169301167	330
SUMMERSIDE	2004	12	22	357	-7.3	2.2	4.72475801262332	-999.9	0	6.25	3.69753167178705	330
SUMMERSIDE	2004	12	23	358	-1.1	11.1	5.3623518699843	-999.9	3.1	7.11805555555556	7.60712029348752	330
SUMMERSIDE	2004	12	24	359	1.4	10.4	4.61483658419407	-999.9	2.6	8.37962962962964	7.7443459228826	330
SUMMERSIDE	2004	12	25	360	-7.9	-6.7	1.68922017009334	-999.9	0	3.95833333333333	2.24565796335715	330
SUMMERSIDE	2004	12	26	361	-10.3	-5.6	3.35277617781488	-999.9	9.2	4.53703703703703	2.41182312753438	330
SUMMERSIDE	2004	12	27	362	-7.4	-5.5	2.13889832749836	-999.9	9.4	15.2662037037037	3.48710906319239	330
SUMMERSIDE	2004	12	28	363	-16.2	-4.2	5.3958191773915	-999.9	0.7	8.17129629629631	2.09582533294155	330
SUMMERSIDE	2004	12	29	364	-14.9	-3	5.39618874586166	-999.9	1.1	6.92129629629631	2.56289187641291	330
SUMMERSIDE	2004	12	30	365	-14.1	-7.9	3.91333781741194	-999.9	0	3.03240740740742	1.98011599423374	330
SUMMERSIDE	2004	12	31	366	-13.1	4.4	6.60840379116787	-999.9	4.3	6.96759259259258	3.56060121838196	330
