SUMMERSIDE	2018	1	1	1	-17.2	-12.5	3.42471487999456	-999.9	0	4.22453703703703	1.56063732158046	330
SUMMERSIDE	2018	1	2	2	-17.9	-11.6	3.98706140019258	-999.9	0	4.93055555555556	1.54342671545336	330
SUMMERSIDE	2018	1	3	3	-16.3	-5	5.37169110201389	-999.9	0	4.65277777777778	1.96444128840811	330
SUMMERSIDE	2018	1	4	4	-5.7	7.2	5.7760961463652	-999.9	5.6	9.16666666666667	5.8992214698792	330
SUMMERSIDE	2018	1	5	5	-16.3	6.7	7.76508482584828	-999.9	0	12.7430555555556	3.3561669874789	330
SUMMERSIDE	2018	1	6	6	-18.4	-16.1	2.47320498141404	-999.9	0.2	11.4583333333333	1.0187504353824	330
SUMMERSIDE	2018	1	7	7	-20.3	-13.1	4.40903514159791	-999.9	0	8.71527777777778	1.04286698030964	330
SUMMERSIDE	2018	1	8	8	-13.1	-5.2	4.65516472296298	-999.9	3.1	4.30555555555556	2.51791381786103	330
SUMMERSIDE	2018	1	9	9	-8.1	-3	3.77146072969359	-999.9	0.5	4.38657407407408	3.65604543253642	330
SUMMERSIDE	2018	1	10	10	-12.8	-5.5	4.55138226878909	-999.9	0	5.78703703703703	2.27403879797692	330
SUMMERSIDE	2018	1	11	11	-7	5	5.88816188374112	-999.9	0.2	7.28009259259258	5.05439172818505	330
SUMMERSIDE	2018	1	12	12	4.2	11.5	4.63556845193378	-999.9	1.1	9.82638888888889	9.74473392124626	330
SUMMERSIDE	2018	1	13	13	-5.6	13.8	7.63019021620792	-999.9	9.3	6.51620370370369	7.88652034086483	330
SUMMERSIDE	2018	1	14	14	-10.7	-5.3	4.06593076323742	-999.9	0	2.53472222222222	2.94046110374394	330
SUMMERSIDE	2018	1	15	15	-10	-5.4	3.79141567235736	-999.9	0	6.49305555555556	2.90922206911223	330
SUMMERSIDE	2018	1	16	16	-9.1	-4	4.0345287090319	-999.9	0.2	5.61342592592592	3.38859375532704	330
SUMMERSIDE	2018	1	17	17	-8.6	-3.3	4.15768675942767	-999.9	9.3	2.75462962962963	3.62475520858633	330
SUMMERSIDE	2018	1	18	18	-13.8	-2.9	6.02905233226684	-999.9	0.7	3.07870370370369	3.08143926035123	330
SUMMERSIDE	2018	1	19	19	-18.9	-6.8	6.42482492944405	-999.9	0	2.8125	2.05441828310753	330
SUMMERSIDE	2018	1	20	20	-10.2	2.6	6.68516614513185	-999.9	0.2	7.74305555555556	4.12668349090963	330
SUMMERSIDE	2018	1	21	21	-10.5	-0.6	5.9492770056822	-999.9	0	5.76388888888889	2.78756600552708	330
SUMMERSIDE	2018	1	22	22	-19.1	-8.6	6.20120888439613	-999.9	0	5.05787037037036	1.37157747833891	330
SUMMERSIDE	2018	1	23	23	-12.3	6.9	8.4890323551726	-999.9	12.9	5.71759259259258	4.58038335214295	330
SUMMERSIDE	2018	1	24	24	-9.1	7.6	8.0163644196213	-999.9	0.2	9.24768518518519	4.83941517187915	330
SUMMERSIDE	2018	1	25	25	-13.1	-8.5	4.26079484796844	-999.9	0	7.06018518518519	1.87349419110863	330
SUMMERSIDE	2018	1	26	26	-15.3	-8.5	5.24728467589959	-999.9	0	4.46759259259258	1.7539523181228	330
SUMMERSIDE	2018	1	27	27	-14.6	4.2	8.83890976832043	-999.9	0	6.07638888888889	3.41596759545723	330
SUMMERSIDE	2018	1	28	28	-4.1	6	6.56427019570088	-999.9	2.3	5.92592592592592	5.73748220766755	330
SUMMERSIDE	2018	1	29	29	-8.3	-4.1	4.2896126552469	-999.9	0	6.64351851851853	2.94473809346538	330
SUMMERSIDE	2018	1	30	30	-10.3	-5.2	4.79074718642178	-999.9	2.8	13.0439814814815	3.03629858158895	330
SUMMERSIDE	2018	1	31	31	-12.6	-8	4.61184106045202	-999.9	0.2	9.16666666666667	2.13432472987256	330
SUMMERSIDE	2018	2	1	32	-9	2.4	7.35992095268708	-999.9	1.7	4.88425925925925	4.29599896210283	330
SUMMERSIDE	2018	2	2	33	-15.3	2.6	9.35009951734229	-999.9	7.1	6.21527777777778	3.54884326164307	330
SUMMERSIDE	2018	2	3	34	-18.2	-15	4.00841892534711	-999.9	0	7.11805555555556	1.20937501958052	330
SUMMERSIDE	2018	2	4	35	-16.4	3.4	10.1105393342959	-999.9	1.5	8.28703703703703	3.29346824388193	330
SUMMERSIDE	2018	2	5	36	-7.5	8.3	9.15893571475225	-999.9	12.1	8.69212962962964	5.68635279725159	330
SUMMERSIDE	2018	2	6	37	-10.6	-4.6	5.72392543051572	-999.9	0	4.72222222222222	2.35183398591597	330
SUMMERSIDE	2018	2	7	38	-9.5	-1.9	6.53356564828651	-999.9	10.4	2.95138888888889	3.5262262722868	330
SUMMERSIDE	2018	2	8	39	-14	-0.6	8.79914436294436	-999.9	0.9	3.93518518518519	3.1545795121385	330
SUMMERSIDE	2018	2	9	40	-17	-5.8	8.15938476892746	-999.9	0	3.24074074074075	2.07021176519599	330
SUMMERSIDE	2018	2	10	41	-12.3	1.4	9.15337477067829	-999.9	11.9	3.32175925925925	3.77912252546972	330
SUMMERSIDE	2018	2	11	42	-5.8	0.6	6.34588554028744	-999.9	2.4	5.90277777777778	4.79622679711806	330
SUMMERSIDE	2018	2	12	43	-8.7	3.2	8.77732900109349	-999.9	3.1	6.40046296296297	4.07600336507277	330
SUMMERSIDE	2018	2	13	44	-16.2	-8.5	7.16181354454391	-999.9	0	6.05324074074075	1.39672511502568	330
SUMMERSIDE	2018	2	14	45	-11.2	2.5	9.69004131415053	-999.9	0	7.02546296296297	3.60123048539669	330
SUMMERSIDE	2018	2	15	46	-6.3	4.1	8.56378211034668	-999.9	0	3.21759259259258	4.86880924714371	330
SUMMERSIDE	2018	2	16	47	0.9	5.1	5.52014046969826	-999.9	21.5	5.13285024154589	5.80348895645234	330
SUMMERSIDE	2018	2	17	48	-12.8	-7	6.57970062106522	-999.9	0	6.45833333333333	1.67483726196388	330
SUMMERSIDE	2018	2	18	49	-11	-1.3	8.6304218413319	-999.9	0	2.77777777777778	3.22020319958277	330
SUMMERSIDE	2018	2	19	50	-11.8	2.1	10.4783356173336	-999.9	0	4.72222222222222	3.56918161600007	330
SUMMERSIDE	2018	2	20	51	-3.2	2	6.49991252249327	-999.9	0	5.52083333333333	5.39045066405871	330
SUMMERSIDE	2018	2	21	52	-3.3	4.5	8.07335078053496	-999.9	0	6.59722222222222	6.15917624887324	330
SUMMERSIDE	2018	2	22	53	-6.6	-4.9	3.82216176297189	-999.9	0	2.00617283950617	2.82410397494819	330
SUMMERSIDE	2018	2	23	54	-10.4	-3.3	7.92076280460445	-999.9	0.5	3.72685185185186	2.48390548863088	330
SUMMERSIDE	2018	2	24	55	-3.8	2.9	7.80191936770785	-999.9	0	6.20370370370369	4.58412152251051	330
SUMMERSIDE	2018	2	25	56	-7.3	-3.6	5.878439672413	-999.9	1.8	4.93055555555556	2.82754491114281	330
SUMMERSIDE	2018	2	26	57	-4	1.7	7.39715511784194	-999.9	2.3	4.58333333333333	5.26665774879932	330
SUMMERSIDE	2018	2	27	58	-4.8	2.7	8.60183447298002	-999.9	0	4.15509259259258	4.20327157981723	330
SUMMERSIDE	2018	2	28	59	-5.7	0.1	7.66783658933014	-999.9	0.2	3.41435185185186	4.43614053675693	330
SUMMERSIDE	2018	3	1	60	-5.7	0.4	7.97050249265058	-999.9	2.5	4.75694444444445	4.28047729932406	330
SUMMERSIDE	2018	3	2	61	-2.2	1.9	6.6227221255723	-999.9	0	6.93287037037036	5.48185083877299	330
SUMMERSIDE	2018	3	3	62	-2.6	1.7	6.87326327946875	-999.9	0	10.6481481481481	5.35595048245983	330
SUMMERSIDE	2018	3	4	63	-2.8	0.3	5.91360874109854	-999.9	0	9.22453703703703	5.17465528447143	330
SUMMERSIDE	2018	3	5	64	-3.1	0.6	6.54595508959868	-999.9	0	9.52546296296297	5.09790758811747	330
SUMMERSIDE	2018	3	6	65	-2.3	-0.1	5.11375611945218	-999.9	0	9.40972222222222	5.00426198907266	330
SUMMERSIDE	2018	3	7	66	-1.7	0.1	4.68571924366099	-999.9	0	6.45833333333333	5.05412501749094	330
SUMMERSIDE	2018	3	8	67	-1.6	1.6	6.32819665435966	-999.9	1.3	9.88425925925925	5.57492308333333	330
SUMMERSIDE	2018	3	9	68	-1.4	1.8	6.40910564006505	-999.9	3	6.23842592592592	5.93666346531232	330
SUMMERSIDE	2018	3	10	69	-1.9	1.2	6.38810697270134	-999.9	1.9	6.06481481481481	5.85715728829508	330
SUMMERSIDE	2018	3	11	70	-2.1	-0.1	5.1954796423802	-999.9	1.1	5.24305555555556	5.52018653856963	330
SUMMERSIDE	2018	3	12	71	-6.3	-0.1	9.26137119049306	-999.9	0	5.20833333333333	4.42112553518282	330
SUMMERSIDE	2018	3	13	72	-2.6	0.9	7.04418671545679	-999.9	0	9.91898148148147	5.30946550293936	330
SUMMERSIDE	2018	3	14	73	-0.6	1.9	6.02603981977243	-999.9	0.7	14.0393518518519	5.92404577319948	330
SUMMERSIDE	2018	3	15	74	-2.1	2.5	8.27281010487061	-999.9	0.7	6.51620370370369	5.31653122396196	330
SUMMERSIDE	2018	3	16	75	-5.6	1	10.0277736883717	-999.9	0	7.1875	3.90382104363048	330
SUMMERSIDE	2018	3	17	76	-9.3	-5.6	7.59691791819594	-999.9	0	6.95601851851853	2.49399901313472	330
SUMMERSIDE	2018	3	18	77	-10.2	-5.7	8.47601707341926	-999.9	0	5.53240740740742	2.2309363929693	330
SUMMERSIDE	2018	3	19	78	-11.1	-3.5	11.1425799967497	-999.9	0	5.48611111111111	2.3478006129759	330
SUMMERSIDE	2018	3	20	79	-6.6	-0.7	9.92983989173717	-999.9	0	5.49768518518519	3.30320968475554	330
SUMMERSIDE	2018	3	21	80	-10	0	13.0736516569082	-999.9	0	5.40509259259258	3.55462240772288	330
SUMMERSIDE	2018	3	22	81	-3.1	-0.7	6.4762879652267	-999.9	1.9	12.3263888888889	4.97335029074216	330
SUMMERSIDE	2018	3	23	82	-1.7	0	5.51075577252602	-999.9	0	9.78009259259258	5.37173257694767	330
SUMMERSIDE	2018	3	24	83	-1.5	-0.6	4.05337068719773	-999.9	0	9.15458937198067	5.10042208786909	330
SUMMERSIDE	2018	3	25	84	-13.1	-1.9	14.452877146527	-999.9	0	9.12037037037036	2.85403276897591	330
SUMMERSIDE	2018	3	26	85	-14.3	-0.6	16.1546441548661	-999.9	0	2.46527777777778	3.07996488296532	330
SUMMERSIDE	2018	3	27	86	-11.8	-0.2	15.0210139147103	-999.9	0	3.50694444444444	3.46281894249876	330
SUMMERSIDE	2018	3	28	87	-0.6	2.9	8.33639965568534	-999.9	2.5	3.53009259259258	5.86809290642227	330
SUMMERSIDE	2018	3	29	88	-1.5	4.9	11.3880578729308	-999.9	0	3.51851851851853	5.75294639697555	330
SUMMERSIDE	2018	3	30	89	-0.6	5	10.7599346107799	-999.9	3.7	5.85648148148147	6.63041778477193	330
SUMMERSIDE	2018	3	31	90	-2.2	3.8	11.2483241452894	-999.9	0	5.625	4.70420232967859	330
SUMMERSIDE	2018	4	1	91	-1	5.1	11.4528674520179	-999.9	0.9	6.63194444444445	5.85146320837934	330
SUMMERSIDE	2018	4	2	92	-6.2	1.3	12.8220520418877	-999.9	0	4.57175925925925	3.08648260325222	330
SUMMERSIDE	2018	4	3	93	-7.1	4.3	15.9586935800224	-999.9	0	2.97453703703703	3.87163536090582	330
SUMMERSIDE	2018	4	4	94	0.3	7.2	12.5322156574386	-999.9	15.6	4.82638888888889	7.51045791458596	330
SUMMERSIDE	2018	4	5	95	-6.9	1.2	13.7039140190818	-999.9	0	9.08564814814814	3.79577941233682	330
SUMMERSIDE	2018	4	6	96	-8.4	1.1	14.9762519903897	-999.9	0.5	8.17129629629631	2.86524729284629	330
SUMMERSIDE	2018	4	7	97	-3	3.4	12.4025505475803	-999.9	3	4.16666666666667	5.84065972920369	330
SUMMERSIDE	2018	4	8	98	-3	1.5	10.4917390982331	-999.9	0	3.85416666666667	5.46665741748662	330
SUMMERSIDE	2018	4	9	99	-5.1	0	11.2664508195748	-999.9	0	8.50694444444445	2.97704121459883	330
SUMMERSIDE	2018	4	10	100	-5.6	4.7	16.1481273170044	-999.9	0	4.6875	3.51145188168637	330
SUMMERSIDE	2018	4	11	101	-4.8	5.3	16.1252543315354	-999.9	0	2.98611111111111	3.90206351680279	330
SUMMERSIDE	2018	4	12	102	-2.2	7.9	16.258851176104	-999.9	0	4.00462962962964	4.85903568146354	330
SUMMERSIDE	2018	4	13	103	0.8	8	13.8394806771829	-999.9	6.6	6.80555555555556	7.21417954481673	330
SUMMERSIDE	2018	4	14	104	-5.9	4.1	16.4406572128322	-999.9	0	7.40740740740742	3.4103197456859	330
SUMMERSIDE	2018	4	15	105	-6.7	-0.8	12.7277674871994	-999.9	0	4.90740740740742	2.75112232727309	330
SUMMERSIDE	2018	4	16	106	-6.8	3.1	16.6146992356361	-999.9	0	3.39120370370369	4.20565192371485	330
SUMMERSIDE	2018	4	17	107	0.8	7	13.2483316585058	-999.9	7.7	8.35648148148147	7.090362876098	330
SUMMERSIDE	2018	4	18	108	2.2	6.9	11.6210866924905	-999.9	0.2	6.30787037037036	7.35140108006852	330
SUMMERSIDE	2018	4	19	109	0.4	9.2	16.018204403088	-999.9	5.3	3.98148148148147	7.04453030461283	330
SUMMERSIDE	2018	4	20	110	-0.8	0.9	7.09110765481022	-999.9	2.8	5.9375	6.06376213076336	330
SUMMERSIDE	2018	4	21	111	-0.8	6.6	14.8992795871176	-999.9	0	3.72685185185186	5.53293952840663	330
SUMMERSIDE	2018	4	22	112	-1.5	6.7	15.7927962835329	-999.9	0	3.44907407407408	4.67029406564283	330
SUMMERSIDE	2018	4	23	113	-2.1	14.4	22.5548489990007	-999.9	0	3.00925925925925	4.84396383677452	330
SUMMERSIDE	2018	4	24	114	1.8	17	21.7925969010792	-999.9	0	7.25694444444445	7.44588228404756	330
SUMMERSIDE	2018	4	25	115	4.1	15	18.5751927261878	-999.9	0	6.79398148148147	7.96679710571589	330
SUMMERSIDE	2018	4	26	116	7.3	13.8	14.4362219238861	-999.9	4.8	8.44907407407408	11.3523006590446	330
SUMMERSIDE	2018	4	27	117	5.8	18	19.9020467797658	-999.9	0.2	5.91435185185186	10.6957596426748	330
SUMMERSIDE	2018	4	28	118	8	18.1	18.2198122304061	-999.9	8	6.06481481481481	13.2502021762676	330
SUMMERSIDE	2018	4	29	119	3.5	8.8	13.2779558075865	-999.9	0.5	4.73379629629631	9.10871496251786	330
SUMMERSIDE	2018	4	30	120	3	8.7	13.8511471673961	-999.9	12.2	5.25462962962964	8.79350467811507	330
SUMMERSIDE	2018	5	1	121	4.2	10	14.0527904171578	-999.9	0	2.51157407407408	9.22209400478975	330
SUMMERSIDE	2018	5	2	122	2.7	19.5	24.0518763570125	-999.9	8.8	5.84490740740742	10.4869121029394	330
SUMMERSIDE	2018	5	3	123	2.1	5.2	10.3888309200389	-999.9	5.2	5.97222222222222	7.12450838735539	330
SUMMERSIDE	2018	5	4	124	3.1	8.3	13.5277335197431	-999.9	13.3	3.09027777777778	8.46939492150734	330
SUMMERSIDE	2018	5	5	125	4.5	17.5	21.502000791016	-999.9	11.9	8.14814814814814	8.97320644465764	330
SUMMERSIDE	2018	5	6	126	4.1	16.6	21.1930074470424	-999.9	0.9	3.90046296296297	9.10709804601656	330
SUMMERSIDE	2018	5	7	127	0.6	12.4	20.6945408142785	-999.9	3.6	5.90277777777778	7.20116849209677	330
SUMMERSIDE	2018	5	8	128	1.3	17.2	24.1400207438682	-999.9	0	7.74305555555556	7.9301502298903	330
SUMMERSIDE	2018	5	9	129	3.1	10.8	16.8793633519107	-999.9	0	5.39351851851853	5.57089036353353	330
SUMMERSIDE	2018	5	10	130	2.9	18.1	23.8260312316226	-999.9	0	4.94212962962964	7.95169125430389	330
SUMMERSIDE	2018	5	11	131	2.2	12.6	19.7976497487568	-999.9	0	7.25694444444445	6.27278679910034	330
SUMMERSIDE	2018	5	12	132	0.6	12.2	21.0010545662086	-999.9	0	5.54398148148147	5.0078078346075	330
SUMMERSIDE	2018	5	13	133	4.3	15	20.2566427654596	-999.9	0	5.42824074074075	6.74164049580418	330
SUMMERSIDE	2018	5	14	134	5.6	16.9	20.903877010789	-999.9	0	9.15509259259258	9.72506533731051	330
SUMMERSIDE	2018	5	15	135	5.8	20.2	23.6935265648177	-999.9	5	6.55092592592592	12.9946876018573	330
SUMMERSIDE	2018	5	16	136	2.8	11.2	18.1676173049327	-999.9	0	5.86805555555556	6.12839857899626	330
SUMMERSIDE	2018	5	17	137	-1.5	16.1	26.3981678556768	-999.9	0	6.875	7.77040590329841	330
SUMMERSIDE	2018	5	18	138	-2	9.5	21.4178052155873	-999.9	0	3.96990740740742	5.3392039955792	330
SUMMERSIDE	2018	5	19	139	2.6	19	25.6688399997332	-999.9	0	4.80324074074075	6.90380909580219	330
SUMMERSIDE	2018	5	20	140	5	16.7	21.7563187514044	-999.9	13.5	5.85648148148147	11.1176450457716	330
SUMMERSIDE	2018	5	21	141	4.3	20.6	25.7658537284991	-999.9	0	5.87962962962964	7.57799626216508	330
SUMMERSIDE	2018	5	22	142	1.6	19.2	26.8605935590627	-999.9	0	5.68287037037036	6.53748231692614	330
SUMMERSIDE	2018	5	23	143	0.3	12.2	22.1560206624032	-999.9	8.9	6.92129629629631	8.62868251022489	330
SUMMERSIDE	2018	5	24	144	-0.1	12.7	23.0479832722114	-999.9	0.2	4.54861111111111	6.40348649422479	330
SUMMERSIDE	2018	5	25	145	7.4	17.6	20.6342423467218	-999.9	2.2	5.41666666666667	12.0422002011339	330
SUMMERSIDE	2018	5	26	146	4.5	10.7	16.1322811839877	-999.9	0	5.72916666666667	9.17178496584077	330
SUMMERSIDE	2018	5	27	147	1.5	14.1	23.0593931237099	-999.9	0	3.59953703703703	7.27441405296773	330
SUMMERSIDE	2018	5	28	148	5.8	18.4	23.1186174389908	-999.9	1.2	6.70138888888889	8.43983312094708	330
SUMMERSIDE	2018	5	29	149	5.6	17	22.0442064899704	-999.9	3.1	6.16898148148147	11.0919524008495	330
SUMMERSIDE	2018	5	30	150	5.4	14.9	20.1706979044679	-999.9	0	4.80324074074075	7.21603359071305	330
SUMMERSIDE	2018	5	31	151	8.3	25.5	27.2014578700266	-999.9	0	4.80324074074075	11.3250540194037	330
SUMMERSIDE	2018	6	1	152	11.5	26.3	25.285965426701	-999.9	3	5.10416666666667	16.3066506141278	330
SUMMERSIDE	2018	6	2	153	5	15.6	21.4424475062818	-999.9	24.5	9.95370370370369	11.9553889376017	330
SUMMERSIDE	2018	6	3	154	-1.3	6.9	18.8952753984379	-999.9	0	8.37962962962964	5.67830003637306	330
SUMMERSIDE	2018	6	4	155	-1.9	11.4	24.1073374879872	-999.9	0	2.74305555555556	5.80871695316741	330
SUMMERSIDE	2018	6	5	156	5.6	9.6	13.2428941807477	-999.9	0.2	4.25925925925925	7.93141023712707	330
SUMMERSIDE	2018	6	6	157	4.4	12.3	18.6401071813638	-999.9	1.8	3.54166666666667	8.63007356349762	330
SUMMERSIDE	2018	6	7	158	7	20.8	24.6722584825418	-999.9	0	5.41666666666667	11.0622929178001	330
SUMMERSIDE	2018	6	8	159	8	16.4	19.2750785891243	-999.9	4.3	7.22222222222222	11.5513851544046	330
SUMMERSIDE	2018	6	9	160	7.5	19.2	22.7766227842485	-999.9	0	2.58101851851852	11.3989095598115	330
SUMMERSIDE	2018	6	10	161	5.3	12.7	18.1344736325998	-999.9	0	4.42129629629631	7.96825383897137	330
SUMMERSIDE	2018	6	11	162	2.1	12.7	21.7263919086995	-999.9	0	3.47222222222222	7.50924958161531	330
SUMMERSIDE	2018	6	12	163	3.1	21	28.2591912557169	-999.9	0	7.69675925925925	9.86320595660015	330
SUMMERSIDE	2018	6	13	164	9	20.1	22.2713353244168	-999.9	0	5.85648148148147	11.4015350240888	330
SUMMERSIDE	2018	6	14	165	6.5	9.5	11.5864402016474	-999.9	26	7.40740740740742	9.15602550847039	330
SUMMERSIDE	2018	6	15	166	5.6	19.8	25.2226856475055	-999.9	0	5.30092592592592	10.1308573160504	330
SUMMERSIDE	2018	6	16	167	6.7	20.6	24.9669498402609	-999.9	0	4.89583333333333	12.9010453151469	330
SUMMERSIDE	2018	6	17	168	5.8	17.9	23.3031658123745	-999.9	0	4.62962962962964	8.4887374284023	330
SUMMERSIDE	2018	6	18	169	11.5	15.6	13.5684917710667	-999.9	3.4	9.07407407407408	13.1927612584073	330
SUMMERSIDE	2018	6	19	170	12.1	20.3	19.1918688955284	-999.9	11	6.30787037037036	13.6053158964189	330
SUMMERSIDE	2018	6	20	171	11.2	24.7	24.6264173969743	-999.9	3.4	6.03009259259258	12.9989893502763	330
SUMMERSIDE	2018	6	21	172	6.4	17.5	22.3292012839497	-999.9	0.5	4.34027777777778	10.0953982022413	330
SUMMERSIDE	2018	6	22	173	5.6	21.3	26.5516935951275	-999.9	0	3.55324074074075	9.61297864020356	330
SUMMERSIDE	2018	6	23	174	12	22.4	21.6044463249975	-999.9	0	6.86342592592592	12.4372004462816	330
SUMMERSIDE	2018	6	24	175	10.5	20.8	21.4922818826697	-999.9	8.9	3.63425925925925	15.5876027734642	330
SUMMERSIDE	2018	6	25	176	7.4	10.6	11.9737373251299	-999.9	12.3	8.68055555555556	10.5138683866837	330
SUMMERSIDE	2018	6	26	177	8	17.2	20.2905046050742	-999.9	0	4.94212962962964	10.0096996268005	330
SUMMERSIDE	2018	6	27	178	12.5	27.1	25.5430601249862	-999.9	0	7.30324074074075	14.5215329871072	330
SUMMERSIDE	2018	6	28	179	13.8	21.8	18.8926295753603	-999.9	8.2	8.11342592592592	16.7798257444794	330
SUMMERSIDE	2018	6	29	180	16.3	23.8	18.2760485281174	-999.9	15.5	5.82175925925925	20.5914351830565	330
SUMMERSIDE	2018	6	30	181	15.2	25.4	21.2916503230585	-999.9	0.8	3.28703703703703	17.4494474554477	330
SUMMERSIDE	2018	7	1	182	11.6	19.9	19.1848822813221	-999.9	0	5.40509259259258	14.9235067242357	330
SUMMERSIDE	2018	7	2	183	11.7	23	22.3575092352779	-999.9	0	3.42592592592592	16.9855849266175	330
SUMMERSIDE	2018	7	3	184	16.9	27.3	21.4199367071073	-999.9	0	7.67361111111111	22.0022597220254	330
SUMMERSIDE	2018	7	4	185	17.2	30.1	23.8213764481736	-999.9	0	3.04398148148147	21.0039649832719	330
SUMMERSIDE	2018	7	5	186	15.3	29.6	25.0416889108136	-999.9	0	4.74537037037036	17.7946802007654	330
SUMMERSIDE	2018	7	6	187	13.5	21.5	18.6989513372262	-999.9	8.5	7.74305555555556	17.7370601027114	330
SUMMERSIDE	2018	7	7	188	12.6	22.5	20.7644061027858	-999.9	0	5.81018518518519	11.8715076894314	330
SUMMERSIDE	2018	7	8	189	15.1	27.3	23.0072346199499	-999.9	0	7.26851851851853	15.9367582957273	330
SUMMERSIDE	2018	7	9	190	15.7	25.8	20.8920298831891	-999.9	0	8.31018518518519	17.0605859541585	330
SUMMERSIDE	2018	7	10	191	14.6	27.2	23.2859223943786	-999.9	0.2	5.41666666666667	18.830752824685	330
SUMMERSIDE	2018	7	11	192	11.1	21.2	20.8022241478885	-999.9	0	3.51851851851853	13.3963013682608	330
SUMMERSIDE	2018	7	12	193	10.5	20.1	20.2338352817242	-999.9	0	4.22453703703703	12.8437191713314	330
SUMMERSIDE	2018	7	13	194	10.5	22.9	22.940318512416	-999.9	0	2.43055555555556	13.4806418633832	330
SUMMERSIDE	2018	7	14	195	13.1	24.2	21.6495309039738	-999.9	0	3.66898148148147	14.7753249127292	330
SUMMERSIDE	2018	7	15	196	15.8	25	19.6576499138495	-999.9	0	3.36805555555556	17.8282815261878	330
SUMMERSIDE	2018	7	16	197	15.6	27	21.8219196695635	-999.9	0	2.55787037037037	19.0234457260312	330
SUMMERSIDE	2018	7	17	198	16.5	27.3	21.179089572657	-999.9	6.3	4.84953703703703	21.0539042070917	330
SUMMERSIDE	2018	7	18	199	16.3	23.4	17.1210885152611	-999.9	2.2	3.81944444444444	20.2799053492601	330
SUMMERSIDE	2018	7	19	200	13.3	22.6	19.5344968574344	-999.9	0	2.96296296296297	15.0839757609146	330
SUMMERSIDE	2018	7	20	201	14.9	27.7	22.8441982980104	-999.9	0	4.07407407407408	16.26796055123	330
SUMMERSIDE	2018	7	21	202	14.4	25	20.7197982764456	-999.9	0	2.85879629629631	18.6181554733021	330
SUMMERSIDE	2018	7	22	203	18.8	28.2	19.4450688701052	-999.9	0	4.28240740740742	22.9936449014548	330
SUMMERSIDE	2018	7	23	204	20.1	29.6	19.4792163320964	-999.9	0.5	5.72916666666667	25.5265033332016	330
SUMMERSIDE	2018	7	24	205	20	29.1	18.9952701179404	-999.9	0	5.52287581699347	22.8119471780055	330
SUMMERSIDE	2018	7	25	206	20.8	29	17.9637749816967	-999.9	0	7.08333333333333	22.4098965292923	330
SUMMERSIDE	2018	7	26	207	20.9	24.9	12.497904406268	-999.9	11.5	6.93287037037036	25.0490594748261	330
SUMMERSIDE	2018	7	27	208	19.6	27.7	17.7140010426895	-999.9	0	5.625	24.4976724201585	330
SUMMERSIDE	2018	7	28	209	19.1	28.4	18.9030907876021	-999.9	0	5.59027777777778	24.5352795864139	330
SUMMERSIDE	2018	7	29	210	19.1	27.1	17.4583647897722	-999.9	10.4	4.16666666666667	25.6851916360185	330
SUMMERSIDE	2018	7	30	211	17.2	27.7	19.9145397022463	-999.9	0	3.94675925925925	19.9821791044263	330
SUMMERSIDE	2018	7	31	212	17.9	29	20.38467455669	-999.9	0	3.87731481481481	21.2177028966671	330
SUMMERSIDE	2018	8	1	213	18.1	30.4	21.3604756000787	-999.9	0	4.27083333333333	21.3424244841295	330
SUMMERSIDE	2018	8	2	214	18.7	26.6	17.0387274446019	-999.9	3.4	6.77083333333333	22.8536917080006	330
SUMMERSIDE	2018	8	3	215	19.5	28.5	18.0991868915941	-999.9	0	3.29861111111111	22.4849097481828	330
SUMMERSIDE	2018	8	4	216	20.3	25.7	13.9507517490561	-999.9	3	3.36805555555556	23.6731084187917	330
SUMMERSIDE	2018	8	5	217	16.8	22.3	14.0085596246712	-999.9	20.7	3.83101851851853	20.7167651486496	330
SUMMERSIDE	2018	8	6	218	17.1	29.7	21.0939089359267	-999.9	0	3.66898148148147	22.915600801565	330
SUMMERSIDE	2018	8	7	219	19.6	28.9	18.0268951042778	-999.9	9	3.80787037037036	26.249021179111	330
SUMMERSIDE	2018	8	8	220	18.8	25.4	15.1045173059576	-999.9	0	3.44907407407408	22.0467761807448	330
SUMMERSIDE	2018	8	9	221	19.7	23.5	11.398025486632	-999.9	49.3	5.56712962962964	24.158143689607	330
SUMMERSIDE	2018	8	10	222	14.3	24.2	18.2938718395634	-999.9	4.6	4.31712962962964	17.936107848479	330
SUMMERSIDE	2018	8	11	223	14.5	26	19.60352549254	-999.9	0	4.05092592592592	15.5889189405024	330
SUMMERSIDE	2018	8	12	224	16.2	27.5	19.3182808606638	-999.9	0	2.66203703703704	18.9320224776041	330
SUMMERSIDE	2018	8	13	225	17.5	27.8	18.3332040749745	-999.9	0	4.07407407407408	19.3107077304433	330
SUMMERSIDE	2018	8	14	226	18.4	25.7	15.3397385939389	-999.9	0	4.56018518518519	20.9836284373607	330
SUMMERSIDE	2018	8	15	227	20	27	14.9275428869134	-999.9	0	5.9375	24.4716347212532	330
SUMMERSIDE	2018	8	16	228	15.2	21	13.501494482866	-999.9	1.3	4.72222222222222	18.6722307815069	330
SUMMERSIDE	2018	8	17	229	13	21.6	16.3339462617399	-999.9	0.2	3.00925925925925	14.308868235847	330
SUMMERSIDE	2018	8	18	230	14.7	18.4	10.6429512791986	-999.9	37.5	5.13888888888889	16.6869552407995	330
SUMMERSIDE	2018	8	19	231	10.5	21.5	18.2272810943662	-999.9	0	6.33101851851853	14.80186569859	330
SUMMERSIDE	2018	8	20	232	9.9	22.9	19.6791502964654	-999.9	0	1.6087962962963	15.1921602574784	330
SUMMERSIDE	2018	8	21	233	12.6	22.3	16.8800681999148	-999.9	0	2.8125	15.5469163244205	330
SUMMERSIDE	2018	8	22	234	16.6	22.7	13.2908031389751	-999.9	0.5	5.81018518518519	20.1736692364145	330
SUMMERSIDE	2018	8	23	235	15	23.3	15.3910206719197	-999.9	0	6.33101851851853	17.5474700754758	330
SUMMERSIDE	2018	8	24	236	13.1	23.7	17.265026367424	-999.9	0	4.50231481481481	16.6011979272908	330
SUMMERSIDE	2018	8	25	237	16.6	25.7	15.8768596749415	-999.9	0	4.98842592592592	19.8278356690718	330
SUMMERSIDE	2018	8	26	238	15.8	23.4	14.3987157526143	-999.9	0	5.38194444444445	15.1821157768317	330
SUMMERSIDE	2018	8	27	239	15.3	25.8	16.792985915957	-999.9	0	3.55324074074075	19.8253292291912	330
SUMMERSIDE	2018	8	28	240	16.8	27.4	16.7396199404975	-999.9	0	5.70601851851853	21.902097689907	330
SUMMERSIDE	2018	8	29	241	19.7	23.9	10.452485943568	-999.9	0	4.87268518518519	18.947919532037	330
SUMMERSIDE	2018	8	30	242	12.1	22.2	16.076838749073	-999.9	0	4.51388888888889	16.2661816778267	330
SUMMERSIDE	2018	8	31	243	11.2	20.3	15.1338097894636	-999.9	0	3.94675925925925	14.1101756077649	330
SUMMERSIDE	2018	9	1	244	8	22	18.6132257515601	-999.9	0	2.73148148148148	12.1132102330831	330
SUMMERSIDE	2018	9	2	245	15.5	23.5	13.9500252468779	-999.9	0	6.07638888888889	17.402008595378	330
SUMMERSIDE	2018	9	3	246	16.5	24.9	14.1704691294227	-999.9	4.5	6.43518518518519	20.204039207935	330
SUMMERSIDE	2018	9	4	247	11.6	23.5	16.7176323355387	-999.9	0	4.28240740740742	14.6415261502987	330
SUMMERSIDE	2018	9	5	248	10.7	23.5	17.1832385735587	-999.9	0	3.21759259259258	13.6965491660336	330
SUMMERSIDE	2018	9	6	249	11.1	27.6	19.3322648963128	-999.9	0	6.37731481481481	16.6155501776108	330
SUMMERSIDE	2018	9	7	250	9.8	20.1	15.1335930966751	-999.9	0	2.78935185185186	11.9858254645558	330
SUMMERSIDE	2018	9	8	251	6.7	16.3	14.4738363611048	-999.9	0	4.08564814814814	9.08840154173195	330
SUMMERSIDE	2018	9	9	252	3.6	16.7	16.7475089948701	-999.9	0	2.47685185185185	8.84870880093639	330
SUMMERSIDE	2018	9	10	253	2.7	18.2	18.0421755865084	-999.9	0	1.79398148148148	9.08071595434211	330
SUMMERSIDE	2018	9	11	254	13.5	18.7	10.3484478319949	-999.9	4.9	6.38888888888889	14.9196522095659	330
SUMMERSIDE	2018	9	12	255	9.7	18.4	13.2533519981007	-999.9	0	3.71527777777778	14.1168708434746	330
SUMMERSIDE	2018	9	13	256	10.7	23.7	16.0388240286553	-999.9	0.4	2.1875	16.4433745834337	330
SUMMERSIDE	2018	9	14	257	10.6	25.5	16.9969510877639	-999.9	0	2.02546296296296	16.4397942512263	330
SUMMERSIDE	2018	9	15	258	16.7	27.1	14.0544567829673	-999.9	0	5.64814814814814	19.8005647399333	330
SUMMERSIDE	2018	9	16	259	14	20.3	10.8250477411697	-999.9	0	3.76157407407408	16.0575340415359	330
SUMMERSIDE	2018	9	17	260	15.4	26.1	13.959068864195	-999.9	0	6.58564814814814	19.8560554599001	330
SUMMERSIDE	2018	9	18	261	12	20.4	12.2363624966617	-999.9	3.9	7.11805555555556	16.9411606207391	330
SUMMERSIDE	2018	9	19	262	11.1	13.9	6.98848821802433	-999.9	1.8	8.06712962962964	12.666745327376	330
SUMMERSIDE	2018	9	20	263	5.2	15.4	13.19287837846	-999.9	0	3.87731481481481	8.64813316398192	330
SUMMERSIDE	2018	9	21	264	4.1	17.9	15.1760359409314	-999.9	0	5.05787037037036	9.61571877882223	330
SUMMERSIDE	2018	9	22	265	4.6	19.7	15.6975213742833	-999.9	0.5	8.25231481481481	9.41113880567289	330
SUMMERSIDE	2018	9	23	266	1.2	17.8	16.2729156398502	-999.9	0.2	4.25925925925925	7.80413556495859	330
SUMMERSIDE	2018	9	24	267	1.7	11	12.0411208624469	-999.9	0.2	3.26388888888889	5.85263617798254	330
SUMMERSIDE	2018	9	25	268	-0.8	14.4	15.2162369864716	-999.9	0.2	4.62962962962964	6.30942840365245	330
SUMMERSIDE	2018	9	26	269	11.3	21.1	12.0754971615853	-999.9	13.2	9.4212962962963	16.3017261816662	330
SUMMERSIDE	2018	9	27	270	7.9	20.8	13.6911664447459	-999.9	4.2	5.11574074074075	13.1904195183049	330
SUMMERSIDE	2018	9	28	271	8.6	12.4	7.34241234834072	-999.9	20.2	4.31159420289856	12.0871478528343	330
SUMMERSIDE	2018	9	29	272	3.5	16	13.1568473532304	-999.9	0.2	2.96296296296297	10.6083917286478	330
SUMMERSIDE	2018	9	30	273	1.2	15.2	13.7549796370987	-999.9	0	2.41898148148148	7.82550109450857	330
SUMMERSIDE	2018	10	1	274	4.8	13.8	10.8934730308224	-999.9	1.1	3.28703703703703	9.09173589397188	330
SUMMERSIDE	2018	10	2	275	4.6	14.3	11.1694322076263	-999.9	1.3	2.03703703703704	9.16795843854232	330
SUMMERSIDE	2018	10	3	276	9	16.5	9.69902026712513	-999.9	30.9	5.41666666666667	13.7433158374801	330
SUMMERSIDE	2018	10	4	277	13.7	17.9	7.16682445339383	-999.9	2.3	5.125	16.4585791715724	330
SUMMERSIDE	2018	10	5	278	2.6	11.6	10.3581501546158	-999.9	0.2	4.05092592592592	7.50851498147413	330
SUMMERSIDE	2018	10	6	279	3.4	11.9	9.93766377330904	-999.9	0	2.62731481481481	7.91830768717587	330
SUMMERSIDE	2018	10	7	280	4.4	11.4	8.90213130822531	-999.9	0	4.29398148148147	8.42076961447126	330
SUMMERSIDE	2018	10	8	281	3.5	11	9.0950115767255	-999.9	0	2.43055555555556	7.10290407460097	330
SUMMERSIDE	2018	10	9	282	8.8	15.6	8.54699728027283	-999.9	5.5	5.50925925925925	12.9722709248126	330
SUMMERSIDE	2018	10	10	283	5.8	10.6	7.08641283109732	-999.9	3.9	3.85416666666667	9.19496378604756	330
SUMMERSIDE	2018	10	11	284	4.5	7.4	5.43517161590312	-999.9	16.7	5.63657407407408	7.8142898398981	330
SUMMERSIDE	2018	10	12	285	6.6	12.3	7.51836462259449	-999.9	4.8	3.32175925925925	11.1120787963387	330
SUMMERSIDE	2018	10	13	286	3.9	9.7	7.48232448482416	-999.9	0.6	4.40972222222222	7.59529487385948	330
SUMMERSIDE	2018	10	14	287	2.7	9	7.69300479754416	-999.9	0.3	5.50925925925925	5.92580408047966	330
SUMMERSIDE	2018	10	15	288	1.9	13.9	10.4734058691435	-999.9	5.4	5	7.90812350242035	330
SUMMERSIDE	2018	10	16	289	4	13.9	9.38332510333553	-999.9	2.9	9.79166666666667	7.6608588747193	330
SUMMERSIDE	2018	10	17	290	1.6	9.3	8.1620381916063	-999.9	0.9	5.87962962962964	6.55330036065102	330
SUMMERSIDE	2018	10	18	291	0.5	4.6	5.87399502285437	-999.9	0.7	8.53009259259258	5.00449335128846	330
SUMMERSIDE	2018	10	19	292	-0.2	7.4	7.88702585576869	-999.9	0	6.53935185185186	4.51335968821448	330
SUMMERSIDE	2018	10	20	293	7.3	15.4	8.02957343730661	-999.9	0	8.47222222222222	10.4533248383764	330
SUMMERSIDE	2018	10	21	294	2.6	10.1	7.61912500578094	-999.9	0	3.70370370370369	6.94657359868847	330
SUMMERSIDE	2018	10	22	295	-0.7	5.2	6.66359216831187	-999.9	0	6.03009259259258	3.75114463015565	330
SUMMERSIDE	2018	10	23	296	-2.4	6.5	8.06995850837716	-999.9	0	3.61111111111111	4.26588624342449	330
SUMMERSIDE	2018	10	24	297	3.9	9.7	6.42351547440758	-999.9	19.7	5.91435185185186	8.95971910269651	330
SUMMERSIDE	2018	10	25	298	-0.1	4.8	5.82144243283733	-999.9	16.9	6.66666666666667	6.50586522542673	330
SUMMERSIDE	2018	10	26	299	-2.9	4.2	6.90923028672947	-999.9	0	8.125	3.58617303164165	330
SUMMERSIDE	2018	10	27	300	-6.1	3.4	7.88001947519084	-999.9	14.6	2.75462962962963	3.52806834451378	330
SUMMERSIDE	2018	10	28	301	2.3	14.8	8.91221369709422	-999.9	20.8	5.60185185185186	10.7615396953574	330
SUMMERSIDE	2018	10	29	302	5.5	11.8	6.23834225559288	-999.9	2.1	3.62268518518519	10.5090969744411	330
SUMMERSIDE	2018	10	30	303	4.6	9.6	5.47972481300221	-999.9	1	2.80092592592592	9.74123247737059	330
SUMMERSIDE	2018	10	31	304	4.3	7.5	4.32248400918332	-999.9	1	2.53472222222222	8.23006756882355	330
SUMMERSIDE	2018	11	1	305	4.9	9	4.82445526963905	-999.9	0.4	3.28703703703703	9.16718662104212	330
SUMMERSIDE	2018	11	2	306	4.8	6.4	2.97187916782114	-999.9	24.5	4.01620370370369	8.61636749405929	330
SUMMERSIDE	2018	11	3	307	6.4	16.5	7.3632095422149	-999.9	34.6	6.73611111111111	12.7839352104812	330
SUMMERSIDE	2018	11	4	308	0.9	8.7	6.38136191111899	-999.9	0	11.1689814814815	5.14391098890738	330
SUMMERSIDE	2018	11	5	309	-1.3	6.3	6.21241741943448	-999.9	0	2.21064814814815	5.60135953079993	330
SUMMERSIDE	2018	11	6	310	4.4	13.4	6.66799053975447	-999.9	27.5	5.18518518518519	10.5432778789599	330
SUMMERSIDE	2018	11	7	311	7.8	13.9	5.41495344231468	-999.9	2.3	7.39583333333333	10.9518039110017	330
SUMMERSIDE	2018	11	8	312	5.2	10	4.73856549496148	-999.9	0	7.76620370370369	6.79585590802297	330
SUMMERSIDE	2018	11	9	313	1.5	6.2	4.62611357757529	-999.9	0	3.68055555555556	5.46337153036011	330
SUMMERSIDE	2018	11	10	314	0.8	11.4	6.85504603367302	-999.9	23.3	8.03240740740742	8.11225149026895	330
SUMMERSIDE	2018	11	11	315	-1.8	2.1	4.10329986814877	-999.9	0	12.6273148148148	3.43537693534682	330
SUMMERSIDE	2018	11	12	316	-4	1	4.58550760830372	-999.9	0	7.19907407407408	3.29783945809718	330
SUMMERSIDE	2018	11	13	317	-5.4	3	5.86686479000821	-999.9	13.5	4.43287037037036	4.47244201176953	330
SUMMERSIDE	2018	11	14	318	-8.1	2.6	6.5371669841181	-999.9	0	11.8686868686869	3.29332922843419	330
SUMMERSIDE	2018	11	15	319	-9.9	-4.1	4.75242112173112	-999.9	0	6.70138888888889	2.52394208859719	330
SUMMERSIDE	2018	11	16	320	-7.9	0.3	5.58068951131166	-999.9	5.2	6.34259259259258	3.96826212094026	330
SUMMERSIDE	2018	11	17	321	-3.5	-0.3	3.44363870813531	-999.9	0.6	5.42824074074075	4.68407264519563	330
SUMMERSIDE	2018	11	18	322	-12.9	-2.1	6.25032611652715	-999.9	0	4.21296296296297	2.5523040748094	330
SUMMERSIDE	2018	11	19	323	-15.7	-0.6	7.3032972960135	-999.9	0	2.40740740740741	2.69786610084866	330
SUMMERSIDE	2018	11	20	324	-2.3	1.5	3.62124982334278	-999.9	1.8	3.31018518518519	5.64850537471714	330
SUMMERSIDE	2018	11	21	325	-6.1	0.1	4.57298937376792	-999.9	3.4	5.15046296296297	4.52443744497802	330
SUMMERSIDE	2018	11	22	326	-12.4	-5.4	4.80504561654767	-999.9	0.4	7.46527777777778	2.5582001398454	330
SUMMERSIDE	2018	11	23	327	-10.9	-6.1	3.93572517550107	-999.9	0	9.74537037037036	2.24289234318127	330
SUMMERSIDE	2018	11	24	328	-10.2	-0.4	5.56402849500417	-999.9	0	5.47453703703703	2.90189449518244	330
SUMMERSIDE	2018	11	25	329	-11.3	0.4	6.0167628992823	-999.9	0	3.14814814814814	3.65214617142925	330
SUMMERSIDE	2018	11	26	330	-1.2	1	2.58286329653002	-999.9	0	5.39351851851853	5.48378252654063	330
SUMMERSIDE	2018	11	27	331	0.2	2.5	2.61520344860709	-999.9	8	5.52083333333333	6.33784105087682	330
SUMMERSIDE	2018	11	28	332	-0.1	3.1	3.05565459136163	-999.9	4.6	6.42361111111111	6.47753783917289	330
SUMMERSIDE	2018	11	29	333	-0.1	1.6	2.2068990069469	-999.9	1	16.7476851851852	5.93986837940983	330
SUMMERSIDE	2018	11	30	334	-0.4	1.7	2.4313198858983	-999.9	0	6.96759259259258	5.14654839424641	330
SUMMERSIDE	2018	12	1	335	-1.5	0.4	2.29315841474256	-999.9	0	2.32638888888889	4.99346212107788	330
SUMMERSIDE	2018	12	2	336	-2.4	3.1	3.87006500219523	-999.9	9.9	3.88888888888889	5.19055468477584	330
SUMMERSIDE	2018	12	3	337	-0.8	4.3	3.69794890137724	-999.9	4.2	4.50231481481481	6.5710789750379	330
SUMMERSIDE	2018	12	4	338	-5.1	-0.8	3.37064061000812	-999.9	0	6.81712962962964	3.87222932734293	330
SUMMERSIDE	2018	12	5	339	-12.1	-4.9	4.33126226335864	-999.9	0	4.0625	2.39934183915784	330
SUMMERSIDE	2018	12	6	340	-9.5	-4	3.76072127428502	-999.9	0	2.1412037037037	2.86501737659177	330
SUMMERSIDE	2018	12	7	341	-9.2	-1.5	4.4223393385442	-999.9	0	2.44212962962963	3.37990461434662	330
SUMMERSIDE	2018	12	8	342	-11.8	-5.4	4.00859800926736	-999.9	0	5.25462962962964	2.32047278731522	330
SUMMERSIDE	2018	12	9	343	-12.1	-5.7	3.98722397375896	-999.9	1.4	5.39351851851853	2.1307441123904	330
SUMMERSIDE	2018	12	10	344	-13.1	-5.5	4.32365519647157	-999.9	1.1	3.78472222222222	2.41081389846102	330
SUMMERSIDE	2018	12	11	345	-18.7	-7.1	5.31771802250462	-999.9	0	3.10185185185186	1.83671268994157	330
SUMMERSIDE	2018	12	12	346	-19.6	-4.4	6.06263362101953	-999.9	0.4	5.46296296296297	2.01491166587995	330
SUMMERSIDE	2018	12	13	347	-11.5	-7.5	3.09889164599054	-999.9	0	4.39814814814814	2.01654577522082	330
SUMMERSIDE	2018	12	14	348	-9.7	1.5	5.16913824787948	-999.9	0	5.49768518518519	3.1016554672866	330
SUMMERSIDE	2018	12	15	349	-1.2	4.2	3.57961730408437	-999.9	1.8	5.82175925925925	5.68245070449219	330
SUMMERSIDE	2018	12	16	350	-5	1.5	3.91856018475842	-999.9	0	2.5462962962963	4.36232120435877	330
SUMMERSIDE	2018	12	17	351	-2.8	0.2	2.65742832917409	-999.9	5.4	5.76388888888889	4.96766907309257	330
SUMMERSIDE	2018	12	18	352	-3.9	0	3.02598266748071	-999.9	1.9	10.3472222222222	4.84841853275635	330
SUMMERSIDE	2018	12	19	353	-6.1	-3.4	2.51566137948846	-999.9	0	7.63888888888889	2.89744902229224	330
SUMMERSIDE	2018	12	20	354	-9.2	-1	4.38244962932133	-999.9	0	3.86574074074075	3.31234457381674	330
SUMMERSIDE	2018	12	21	355	-8.4	7.6	6.12228472262291	-999.9	8.1	5.30092592592592	5.36533492057565	330
SUMMERSIDE	2018	12	22	356	4.3	12.1	4.2770877814847	-999.9	6.8	8.75	10.5052802483839	330
SUMMERSIDE	2018	12	23	357	-7.9	4.3	5.35465642346018	-999.9	0	6.74768518518519	3.69878211058169	330
SUMMERSIDE	2018	12	24	358	-12	-6.3	3.6655813437648	-999.9	0	2.39583333333333	2.24467164898564	330
SUMMERSIDE	2018	12	25	359	-11.8	-8.6	2.75192241166764	-999.9	0	4.89583333333333	1.98725780443332	330
SUMMERSIDE	2018	12	26	360	-12	-4.8	4.13793878367258	-999.9	0	4.39814814814814	2.09597677082558	330
SUMMERSIDE	2018	12	27	361	-12.4	-8.8	2.93443900666409	-999.9	0	7.5	1.58340143241229	330
SUMMERSIDE	2018	12	28	362	-13.5	0.4	5.78542066419747	-999.9	10	5.18518518518519	2.94869312657307	330
SUMMERSIDE	2018	12	29	363	-7.1	1.5	4.56800072442515	-999.9	4.3	5.55555555555556	4.54647157779312	330
SUMMERSIDE	2018	12	30	364	-13.8	-7.1	4.04908761109529	-999.9	0	5.21990740740742	2.08263363002113	330
SUMMERSIDE	2018	12	31	365	-14.2	-5.1	4.7410467260556	-999.9	0	2.24537037037037	2.22688019332707	330
