SUMMERSIDE	2024	1	1	1	-6.2	-3.2	2.73612623531995	-999.9	0	4.08564814814814	3.43217682911146	330
SUMMERSIDE	2024	1	2	2	-6.7	-2.6	3.21643383716425	-999.9	0	5.63657407407408	3.32384931214844	330
SUMMERSIDE	2024	1	3	3	-7.6	-0.1	4.37625421002888	-999.9	0	2.52314814814815	3.91609898692595	330
SUMMERSIDE	2024	1	4	4	-8	0.2	4.60518057484372	-999.9	0.3	2.80092592592592	4.46209882778574	330
SUMMERSIDE	2024	1	5	5	-9.8	-3	4.22218270839674	-999.9	0.2	6.62037037037036	3.10305651308621	330
SUMMERSIDE	2024	1	6	6	-14.4	-8	4.12559493039676	-999.9	0	5.09259259259258	1.94987416179335	330
SUMMERSIDE	2024	1	7	7	-12	-3.5	4.79057146651397	-999.9	0	4.56018518518519	2.65320087124776	330
SUMMERSIDE	2024	1	8	8	-6.3	-3.3	2.86868492166532	-999.9	0	6.68981481481481	2.97449930550719	330
SUMMERSIDE	2024	1	9	9	-12.7	-5.9	4.35491681344692	-999.9	0	4.90740740740742	2.17011256335456	330
SUMMERSIDE	2024	1	10	10	-7.7	4.9	5.97954684405562	-999.9	12.2	9.53703703703703	4.90130105617356	330
SUMMERSIDE	2024	1	11	11	-0.8	4.2	3.80080396745646	-999.9	0	5.65972222222222	5.96398412912591	330
SUMMERSIDE	2024	1	12	12	-8.3	-0.8	4.69865767397949	-999.9	0	5.79861111111111	2.78786673772159	330
SUMMERSIDE	2024	1	13	13	-9.6	4.7	6.55095174043993	-999.9	1.3	5.77546296296297	4.05712816675775	330
SUMMERSIDE	2024	1	14	14	-1.7	6.2	4.91789015488644	-999.9	0.5	6.82870370370369	6.19598010795678	330
SUMMERSIDE	2024	1	15	15	-11.6	-1.5	5.61805091421026	-999.9	0.2	5.56712962962964	2.64338434025512	330
SUMMERSIDE	2024	1	16	16	-5.8	4.1	5.6211886211288	-999.9	10.8	4.74537037037036	5.03165855736383	330
SUMMERSIDE	2024	1	17	17	-7.9	5.2	6.53661159091005	-999.9	0.3	8.86574074074075	4.73276833026651	330
SUMMERSIDE	2024	1	18	18	-9.9	-6.6	3.31738866741633	-999.9	0	9.56018518518519	2.11373750389335	330
SUMMERSIDE	2024	1	19	19	-11.6	-7.4	3.78527331145512	-999.9	0	8.79629629629631	1.85317688434022	330
SUMMERSIDE	2024	1	20	20	-8.3	-0.6	5.18509825306314	-999.9	1.9	4.74537037037036	4.34548478571201	330
SUMMERSIDE	2024	1	21	21	-8	-0.8	5.07361713904665	-999.9	0	6.04166666666667	4.02599100418707	330
SUMMERSIDE	2024	1	22	22	-12.9	0.2	6.92664087893729	-999.9	0.2	6.50462962962964	2.68265263989201	330
SUMMERSIDE	2024	1	23	23	-12.1	0.3	6.82219630806547	-999.9	0	7.10648148148147	2.28447907844797	330
SUMMERSIDE	2024	1	24	24	-13.7	-2.3	6.62335355424869	-999.9	0	3.84259259259258	2.43005202326574	330
SUMMERSIDE	2024	1	25	25	-8.6	1.1	6.18734585002228	-999.9	2.9	6.71296296296297	4.00784251084953	330
SUMMERSIDE	2024	1	26	26	-14.6	-3.7	6.64355867489775	-999.9	2.5	1.77083333333333	2.7951165324976	330
SUMMERSIDE	2024	1	27	27	-6.9	-1.2	4.86704226341618	-999.9	0.2	1.72453703703704	4.2916938012638	330
SUMMERSIDE	2024	1	28	28	-2.6	-0.7	2.84715461539799	-999.9	0	3.53009259259258	4.99754648740436	330
SUMMERSIDE	2024	1	29	29	-8.1	-1.1	5.53798195138641	-999.9	0	10.1388888888889	3.86567621884387	330
SUMMERSIDE	2024	1	30	30	-8.1	-5.9	3.14658305826132	-999.9	0	7.12962962962964	2.678469155246	330
SUMMERSIDE	2024	1	31	31	-9.7	-3.7	5.26721885340479	-999.9	0	4.07407407407408	2.82005768832275	330
SUMMERSIDE	2024	2	1	32	-4.1	-0.7	4.01949183311447	-999.9	2.6	2.7662037037037	4.46044781992067	330
SUMMERSIDE	2024	2	2	33	-3.7	-0.1	4.19326778372099	-999.9	2.1	3.95833333333333	5.31825825273994	330
SUMMERSIDE	2024	2	3	34	-4.8	-3.6	2.45471482060141	-999.9	0.2	12.5	3.94458066432971	330
SUMMERSIDE	2024	2	4	35	-5.2	-2.4	3.80218937446778	-999.9	2	14.212962962963	4.44932213462775	330
SUMMERSIDE	2024	2	5	36	-2.5	-0.8	3.00437844006089	-999.9	0.6	11.2847222222222	5.45989938958452	330
SUMMERSIDE	2024	2	6	37	-2.9	-0.9	3.30481971017554	-999.9	0	8.13657407407408	5.17139421730863	330
SUMMERSIDE	2024	2	7	38	-9.9	-1.3	6.95036894624495	-999.9	0	3.79629629629631	3.49078138623173	330
SUMMERSIDE	2024	2	8	39	-10.7	-1.1	7.44799853477239	-999.9	0	2.48842592592593	3.78438958449968	330
SUMMERSIDE	2024	2	9	40	-6.4	-1.5	5.39713311940237	-999.9	0	2.31481481481481	4.44776341587707	330
SUMMERSIDE	2024	2	10	41	-3.7	3.3	6.54315860081797	-999.9	2.9	5.91435185185186	5.46924888282179	330
SUMMERSIDE	2024	2	11	42	0.2	6	6.04135703494412	-999.9	0.2	3.63425925925925	6.86398575011645	330
SUMMERSIDE	2024	2	12	43	-2.6	3.5	6.28453105070909	-999.9	0	3.92361111111111	4.59646851111171	330
SUMMERSIDE	2024	2	13	44	-3.9	-0.7	4.61713437859686	-999.9	0	3.94675925925925	3.97511384630884	330
SUMMERSIDE	2024	2	14	45	-7.8	-2.6	5.97018407816058	-999.9	0.2	7.78935185185186	3.24038859945663	330
SUMMERSIDE	2024	2	15	46	-7.3	-0.8	6.77060005625252	-999.9	0	8.24074074074075	3.26788304409611	330
SUMMERSIDE	2024	2	16	47	-10	-3.7	6.76111230735744	-999.9	0	3.46064814814814	2.67231489928985	330
SUMMERSIDE	2024	2	17	48	-9.1	-2.6	6.96581705653457	-999.9	0	4.62962962962964	2.54113432599262	330
SUMMERSIDE	2024	2	18	49	-10.2	-6.5	5.33053912879676	-999.9	0.8	6.30787037037036	2.25757576566185	330
SUMMERSIDE	2024	2	19	50	-9.2	-1.7	7.69733750444616	-999.9	0	5.55555555555556	3.07684325834897	330
SUMMERSIDE	2024	2	20	51	-12.7	-6.6	7.04038867163529	-999.9	0	5.63657407407408	1.64315431608605	330
SUMMERSIDE	2024	2	21	52	-15.5	-5	9.3675914437148	-999.9	0.3	3.03240740740742	1.84564798463997	330
SUMMERSIDE	2024	2	22	53	-10.2	-1.5	8.64712822967682	-999.9	0	2.56944444444444	3.40146607819142	330
SUMMERSIDE	2024	2	23	54	-8.4	2.6	9.85967847702679	-999.9	7.3	4.89583333333333	4.9467043620764	330
SUMMERSIDE	2024	2	24	55	-11.6	2.4	11.278661515742	-999.9	16.6	4.95370370370369	4.25679169510336	330
SUMMERSIDE	2024	2	25	56	-13.9	-6	8.59023720900771	-999.9	0	5.06944444444445	2.11124801709681	330
SUMMERSIDE	2024	2	26	57	-11	1	10.7336950251818	-999.9	0.6	5.72916666666667	3.89702397033373	330
SUMMERSIDE	2024	2	27	58	-6.3	4.4	10.2750654355313	-999.9	0	5.04629629629631	4.73229762463156	330
SUMMERSIDE	2024	2	28	59	3.4	9.1	7.60202808268159	-999.9	4.2	9.88425925925925	9.57127488469281	330
SUMMERSIDE	2024	2	29	60	-11.7	9.6	14.8951441483587	-999.9	7.3	10.6712962962963	4.67162734989823	330
SUMMERSIDE	2024	3	1	61	-13.7	-6.6	8.71583181265111	-999.9	0	8.92361111111111	1.49870392614627	330
SUMMERSIDE	2024	3	2	62	-10	5.4	13.0084368721971	-999.9	0	6.23842592592592	3.61864983291702	330
SUMMERSIDE	2024	3	3	63	0.2	7.6	9.13744008754477	-999.9	9.4	4.82638888888889	8.02650706898606	330
SUMMERSIDE	2024	3	4	64	-4.2	0.6	7.45642514275075	-999.9	0	5.92592592592592	4.49906405814391	330
SUMMERSIDE	2024	3	5	65	-4.4	5.7	10.9579215020043	-999.9	4.8	5.59027777777778	5.27242580887935	330
SUMMERSIDE	2024	3	6	66	0.3	6.2	8.4841001131682	-999.9	20.5	3.55324074074075	7.69440894519773	330
SUMMERSIDE	2024	3	7	67	-2.2	0.3	5.59391278354448	-999.9	16.4	1.62037037037037	5.6820302118355	330
SUMMERSIDE	2024	3	8	68	-2.9	-1.1	4.80729021889742	-999.9	0.2	5.57870370370369	4.9036397005554	330
SUMMERSIDE	2024	3	9	69	-2.8	0.3	6.38873339395659	-999.9	0.2	4.12037037037036	4.98786225408975	330
SUMMERSIDE	2024	3	10	70	-1.9	1.9	7.16219213085534	-999.9	12.2	8.35648148148147	5.64397029583333	330
SUMMERSIDE	2024	3	11	71	-0.5	5.8	9.33671646689532	-999.9	0.5	5.69444444444445	7.16562552805601	330
SUMMERSIDE	2024	3	12	72	-1	0.3	4.29352394360772	-999.9	2.1	8.56481481481481	5.96148324508405	330
SUMMERSIDE	2024	3	13	73	-0.1	1.4	4.66824800383196	-999.9	0.2	8.51851851851853	6.30073580706504	330
SUMMERSIDE	2024	3	14	74	-0.6	2.7	7.00774554116852	-999.9	0	3.37962962962964	6.303807715468	330
SUMMERSIDE	2024	3	15	75	-1.4	6.8	11.1786049012079	-999.9	0	2.60416666666667	7.05385667233243	330
SUMMERSIDE	2024	3	16	76	-2.6	6.6	11.9806260630527	-999.9	0.7	2.46527777777778	5.7743749376227	330
SUMMERSIDE	2024	3	17	77	1.2	5.2	7.99218420874156	-999.9	2.8	6.88657407407408	7.3212687120694	330
SUMMERSIDE	2024	3	18	78	0	7.8	11.2895615978742	-999.9	0	6.05324074074075	7.17823200611637	330
SUMMERSIDE	2024	3	19	79	-1.6	2.5	8.27865642905831	-999.9	1.7	3.29861111111111	6.13388982296121	330
SUMMERSIDE	2024	3	20	80	-1.4	5.5	10.8611050758491	-999.9	0	4.34027777777778	5.52331515772606	330
SUMMERSIDE	2024	3	21	81	-4	3.8	11.6767303830823	-999.9	7.5	10	5.04711095498276	330
SUMMERSIDE	2024	3	22	82	-6.2	0.4	10.8595778071126	-999.9	0	11.9675925925926	3.10357140845395	330
SUMMERSIDE	2024	3	23	83	-7	3.2	13.647410710692	-999.9	7.8	5.48611111111111	3.6315470579379	330
SUMMERSIDE	2024	3	24	84	-2.6	8.3	14.2598344185864	-999.9	20	8.06712962962964	6.058836455694	330
SUMMERSIDE	2024	3	25	85	-3.3	1.7	9.76065274076479	-999.9	0	4.64120370370369	3.62594267364624	330
SUMMERSIDE	2024	3	26	86	-1.4	3.4	9.66381082719543	-999.9	19.9	5.77546296296297	5.39383808885661	330
SUMMERSIDE	2024	3	27	87	2.5	10.8	12.8393159032953	-999.9	3.1	5.81018518518519	9.78344848736333	330
SUMMERSIDE	2024	3	28	88	2.7	11.8	13.5812417484494	-999.9	44.1	3.11342592592592	10.2692589030375	330
SUMMERSIDE	2024	3	29	89	1.8	7.4	10.7614178204994	-999.9	12.9	4.01620370370369	8.51924799235366	330
SUMMERSIDE	2024	3	30	90	-0.6	5.4	11.2498938584822	-999.9	1.4	8.53009259259258	6.436896907923	330
SUMMERSIDE	2024	3	31	91	-2.1	5.2	12.5306059504624	-999.9	0	5.61342592592592	4.18200661831589	330
SUMMERSIDE	2024	4	1	92	-2.9	6.2	14.1256887427833	-999.9	0	4.00462962962964	4.48961093191107	330
SUMMERSIDE	2024	4	2	93	-3.3	4.5	13.2024622194247	-999.9	0	4.91898148148147	5.7398394444183	330
SUMMERSIDE	2024	4	3	94	-0.3	4.1	10.0090542890168	-999.9	0	7.76620370370369	6.30803632448824	330
SUMMERSIDE	2024	4	4	95	-0.3	3	8.74828915863786	-999.9	6.9	9.27083333333333	6.27281226223031	330
SUMMERSIDE	2024	4	5	96	0.6	7	12.2940789817824	-999.9	4.7	8.48379629629631	7.88296051892869	330
SUMMERSIDE	2024	4	6	97	0.9	2.5	6.20220757680008	-999.9	1.9	7.40740740740742	6.93244495474742	330
SUMMERSIDE	2024	4	7	98	-0.1	3.2	8.98595155955495	-999.9	0	8.76157407407408	6.3863450495321	330
SUMMERSIDE	2024	4	8	99	-2	12.5	18.9999511857275	-999.9	0.2	3.95833333333333	6.50789339995703	330
SUMMERSIDE	2024	4	9	100	-3	2.5	11.8018989297839	-999.9	0	6.97916666666667	4.71565191693989	330
SUMMERSIDE	2024	4	10	101	-3.3	9.6	18.2267089822029	-999.9	0	3.22916666666667	5.1807281929683	330
SUMMERSIDE	2024	4	11	102	0.1	10.3	16.3417015138676	-999.9	0	5.10416666666667	6.11482657223778	330
SUMMERSIDE	2024	4	12	103	4.1	15.6	17.4932684775266	-999.9	1	9.35185185185186	11.4097259184826	330
SUMMERSIDE	2024	4	13	104	6.1	18.9	18.6034335629947	-999.9	1	8.73842592592592	13.8248824061356	330
SUMMERSIDE	2024	4	14	105	4.5	9.6	11.8353387027789	-999.9	0	6.92129629629631	8.78180234131132	330
SUMMERSIDE	2024	4	15	106	4.1	13.1	15.8440395956034	-999.9	0	4.25925925925925	9.48062662996736	330
SUMMERSIDE	2024	4	16	107	2.2	14.7	18.8144057957517	-999.9	0.5	3.34490740740742	8.88726687035666	330
SUMMERSIDE	2024	4	17	108	2.1	6.8	11.622973384112	-999.9	0	5.06944444444445	7.36710751210668	330
SUMMERSIDE	2024	4	18	109	-1.1	6.7	15.0831003506185	-999.9	0	5.21990740740742	6.34431210011065	330
SUMMERSIDE	2024	4	19	110	-0.9	8.5	16.6772585875668	-999.9	0	3.68055555555556	5.76875654833479	330
SUMMERSIDE	2024	4	20	111	3.8	7.3	10.2483704511952	-999.9	11.3	6.36574074074075	7.54693318936377	330
SUMMERSIDE	2024	4	21	112	3.2	12.7	17.0014330664955	-999.9	0	4.05092592592592	8.12209753179812	330
SUMMERSIDE	2024	4	22	113	-1.9	8.7	18.0810110733911	-999.9	0	5.92592592592592	4.95252419729997	330
SUMMERSIDE	2024	4	23	114	-2.4	12.6	21.6523394341425	-999.9	0	6.28472222222222	4.43666698164457	330
SUMMERSIDE	2024	4	24	115	0	11.8	19.330061507861	-999.9	1.6	4.73379629629631	6.55918510678666	330
SUMMERSIDE	2024	4	25	116	-2.9	5.5	16.4137866434819	-999.9	0	8.33333333333333	4.06201815100091	330
SUMMERSIDE	2024	4	26	117	-3.6	7.3	18.8149657150284	-999.9	0	3.19444444444444	3.85509222640222	330
SUMMERSIDE	2024	4	27	118	-3.4	8	19.3601199811363	-999.9	0	3.04398148148147	4.49918601628537	330
SUMMERSIDE	2024	4	28	119	-4	14.7	24.9451728651719	-999.9	0	3.55324074074075	4.83805591818111	330
SUMMERSIDE	2024	4	29	120	2.5	9.5	15.3521694613546	-999.9	3.6	5.70601851851853	7.94288918775136	330
SUMMERSIDE	2024	4	30	121	2	5.5	10.9182986846054	-999.9	0	9.14351851851853	6.25143953913879	330
SUMMERSIDE	2024	5	1	122	2.6	7.3	12.7237623821933	-999.9	0.2	4.81481481481481	8.19221913729625	330
SUMMERSIDE	2024	5	2	123	3.6	5.2	7.46479716119854	-999.9	0.2	5.59027777777778	8.40079131856388	330
SUMMERSIDE	2024	5	3	124	3.3	4.5	6.49959109455852	-999.9	1.1	8.88888888888889	8.11099661708065	330
SUMMERSIDE	2024	5	4	125	2	7.5	13.9881540757549	-999.9	0	4.81481481481481	8.41240026667358	330
SUMMERSIDE	2024	5	5	126	-0.5	14.3	23.0642901822664	-999.9	0	2.93981481481481	7.93906670587072	330
SUMMERSIDE	2024	5	6	127	6.1	14	16.9355669181373	-999.9	4.8	7.09490740740742	11.5896881489763	330
SUMMERSIDE	2024	5	7	128	5.8	17.2	20.4438469622026	-999.9	0	4.53703703703703	9.82637293487696	330
SUMMERSIDE	2024	5	8	129	4.2	8.8	13.0484947291275	-999.9	2.8	4.45601851851853	8.3716621333881	330
SUMMERSIDE	2024	5	9	130	3.2	6.3	10.7617079796473	-999.9	8.2	7.56944444444445	8.42532052837882	330
SUMMERSIDE	2024	5	10	131	0.9	7.9	16.2448624654279	-999.9	0	4.86111111111111	7.75323032109125	330
SUMMERSIDE	2024	5	11	132	-0.1	9.9	19.5021158680595	-999.9	0	4.09722222222222	7.80073255905378	330
SUMMERSIDE	2024	5	12	133	0.7	10.1	18.9892873338905	-999.9	0	5.82175925925925	8.04336922845083	330
SUMMERSIDE	2024	5	13	134	0.2	15.5	24.3277527001345	-999.9	0	3.27546296296297	7.82342544912497	330
SUMMERSIDE	2024	5	14	135	2.8	19.3	25.3663833161558	-999.9	0	3.13657407407408	8.56311378358097	330
SUMMERSIDE	2024	5	15	136	7.1	21.2	23.5415703315898	-999.9	0	3.40277777777778	10.5344662261989	330
SUMMERSIDE	2024	5	16	137	7.4	16.5	18.9847585269482	-999.9	0	4.08564814814814	12.162953163075	330
SUMMERSIDE	2024	5	17	138	7.1	14.9	17.6416671622109	-999.9	0	4.87268518518519	11.4883401971994	330
SUMMERSIDE	2024	5	18	139	7.3	19.4	22.0517263259479	-999.9	0	4.09722222222222	12.8237732547879	330
SUMMERSIDE	2024	5	19	140	8.4	17.6	19.2952877478656	-999.9	0	4.16666666666667	12.011001028332	330
SUMMERSIDE	2024	5	20	141	9.9	20.7	20.9761950215314	-999.9	0	4.15509259259258	13.047356847887	330
SUMMERSIDE	2024	5	21	142	10.3	22	21.9036000021222	-999.9	0	7.26851851851853	15.0344776498652	330
SUMMERSIDE	2024	5	22	143	11.2	22.9	21.9722063596357	-999.9	0	4.0625	16.6822174178313	330
SUMMERSIDE	2024	5	23	144	10.8	25.7	24.8703936260796	-999.9	0	3.78472222222222	19.2425636791003	330
SUMMERSIDE	2024	5	24	145	11.4	27.2	25.6848863255296	-999.9	1.1	5.71759259259258	16.3719668507265	330
SUMMERSIDE	2024	5	25	146	6.9	14.9	18.3275596296904	-999.9	0	4.09722222222222	11.7122590349713	330
SUMMERSIDE	2024	5	26	147	5.4	13.8	18.8304613761029	-999.9	0	3.84259259259258	10.3573363502433	330
SUMMERSIDE	2024	5	27	148	3.8	17.2	23.8444150165816	-999.9	0	4.30555555555556	10.2888616964507	330
SUMMERSIDE	2024	5	28	149	10.9	18.1	17.5212429715007	-999.9	0	8.72685185185186	16.1080140617746	330
SUMMERSIDE	2024	5	29	150	7.8	22.6	25.1794067430501	-999.9	0	5.77546296296297	13.6936322613129	330
SUMMERSIDE	2024	5	30	151	7.6	19	22.1480121336231	-999.9	0	2.85879629629631	9.75680207277588	330
SUMMERSIDE	2024	5	31	152	6.1	14.7	19.2775170669726	-999.9	0	3.65740740740742	9.72443899119845	330
SUMMERSIDE	2024	6	1	153	4	12	18.630237283675	-999.9	1.2	6.60879629629631	9.58240904930602	330
SUMMERSIDE	2024	6	2	154	8.7	13.7	14.7564542607769	-999.9	6.4	7.26851851851853	12.9441163033545	330
SUMMERSIDE	2024	6	3	155	8.7	13.2	14.0242325607516	-999.9	0	4.98842592592592	13.1797401879916	330
SUMMERSIDE	2024	6	4	156	9.2	15.5	16.621540743539	-999.9	0	4.96527777777778	14.2704873967163	330
SUMMERSIDE	2024	6	5	157	9.8	18.3	19.3370867811145	-999.9	0	4.34027777777778	13.7846973287773	330
SUMMERSIDE	2024	6	6	158	7.5	17	20.4727642884212	-999.9	0	3.55324074074075	13.4597714820236	330
SUMMERSIDE	2024	6	7	159	7.2	18.1	21.9590548866874	-999.9	0	3.33333333333333	13.897613445259	330
SUMMERSIDE	2024	6	8	160	12.2	20.3	18.9531462185605	-999.9	9.7	3.26388888888889	18.0496927241923	330
SUMMERSIDE	2024	6	9	161	13.8	20.4	17.1278147157131	-999.9	2.8	5.19675925925925	18.0934759084351	330
SUMMERSIDE	2024	6	10	162	13	19.6	17.145335652403	-999.9	0.6	5.89120370370369	17.5612345448005	330
SUMMERSIDE	2024	6	11	163	10.3	18.9	19.5893580576763	-999.9	0	3.71527777777778	15.8161537681719	330
SUMMERSIDE	2024	6	12	164	10.3	18.4	19.0266980503472	-999.9	0	2.98611111111111	16.0305128880812	330
SUMMERSIDE	2024	6	13	165	12.7	24.4	22.8832036964575	-999.9	0	5.59027777777778	18.1756611042152	330
SUMMERSIDE	2024	6	14	166	14.2	25.8	22.7986411830054	-999.9	0	7.90509259259258	19.583964027028	330
SUMMERSIDE	2024	6	15	167	9.6	17.3	18.5838010221574	-999.9	9.3	3.93518518518519	15.4843400049609	330
SUMMERSIDE	2024	6	16	168	10.1	19.6	20.6496829107322	-999.9	0	4.82638888888889	11.0003359473156	330
SUMMERSIDE	2024	6	17	169	12.5	23.2	21.9209361178884	-999.9	0	6.59722222222222	14.2774378078282	330
SUMMERSIDE	2024	6	18	170	13.9	24.9	22.229639963669	-999.9	0	5.83333333333333	16.740091592274	330
SUMMERSIDE	2024	6	19	171	17.5	28.3	22.0277493479902	-999.9	0	6.85763888888889	23.1429021535667	330
SUMMERSIDE	2024	6	20	172	18.5	30.8	23.5064081314671	-999.9	1.9	4.39814814814814	26.715512493252	330
SUMMERSIDE	2024	6	21	173	14.2	23.4	20.3262106875256	-999.9	0	3.44907407407408	14.444415801614	330
SUMMERSIDE	2024	6	22	174	12	25.2	24.3406182219827	-999.9	0	3.56280193236714	14.0705500224217	330
SUMMERSIDE	2024	6	23	175	14.1	19.6	15.7058504850196	-999.9	23.2	4.96527777777778	18.2327723580062	330
SUMMERSIDE	2024	6	24	176	15	19.7	14.5116857900976	-999.9	4.2	4.94212962962964	19.8275310427441	330
SUMMERSIDE	2024	6	25	177	10.6	16.3	15.9716040465892	-999.9	102.5	5.16203703703703	15.5361270952785	330
SUMMERSIDE	2024	6	26	178	11	24.4	24.4714112489983	-999.9	0	6.03009259259258	18.5384295513852	330
SUMMERSIDE	2024	6	27	179	14.7	21.5	17.4184661611581	-999.9	22.8	5.37037037037036	20.8531195326276	330
SUMMERSIDE	2024	6	28	180	11.7	18.5	17.4025165593601	-999.9	0.3	3.63425925925925	15.4367212852793	330
SUMMERSIDE	2024	6	29	181	12.8	21.8	20.0001976782908	-999.9	0.5	5.86805555555556	15.9694239606769	330
SUMMERSIDE	2024	6	30	182	14.5	20.8	16.7144466026567	-999.9	3.6	8.41787439613528	19.3774366445174	330
SUMMERSIDE	2024	7	1	183	12.4	19.8	18.0925386046662	-999.9	0	2.87037037037036	17.4228468080923	330
SUMMERSIDE	2024	7	2	184	10.4	25	25.3790396840274	-999.9	0	1.28472222222222	15.174738266239	330
SUMMERSIDE	2024	7	3	185	11	26.1	25.7724368080524	-999.9	0	2.90509259259258	14.9058240330157	330
SUMMERSIDE	2024	7	4	186	15.8	22.9	17.6448321458054	-999.9	0	5.25462962962964	15.5034486909642	330
SUMMERSIDE	2024	7	5	187	15.8	24.7	19.722308426515	-999.9	0	5.85648148148147	20.8277242614995	330
SUMMERSIDE	2024	7	6	188	17.4	19.8	10.2234088021102	-999.9	2.1	5.59027777777778	21.5174634651395	330
SUMMERSIDE	2024	7	7	189	18.5	24.1	15.5870666932012	-999.9	1.8	2.84722222222222	25.0113269712722	330
SUMMERSIDE	2024	7	8	190	17.7	27.9	20.9944052925664	-999.9	0	3.4375	25.8848421990075	330
SUMMERSIDE	2024	7	9	191	17.9	25.8	18.4375370212994	-999.9	0	5.19323671497583	24.3707008393251	330
SUMMERSIDE	2024	7	10	192	18.5	28.6	20.8012094788625	-999.9	4.6	4.15509259259258	26.6427422440131	330
SUMMERSIDE	2024	7	11	193	18.9	24.4	15.3144134234131	-999.9	34.2	2.73148148148148	25.9068565036	330
SUMMERSIDE	2024	7	12	194	18.2	22.1	12.8645597912436	-999.9	1.3	2.31481481481481	23.769634979165	330
SUMMERSIDE	2024	7	13	195	17.9	28.5	21.15492748255	-999.9	0	4.97685185185186	26.5785521545154	330
SUMMERSIDE	2024	7	14	196	18.3	29.6	21.7844238916171	-999.9	0	3.70370370370369	26.9169713587352	330
SUMMERSIDE	2024	7	15	197	19	28.9	20.3340952393946	-999.9	0	4.50231481481481	25.5311718129005	330
SUMMERSIDE	2024	7	16	198	19.9	28.1	18.4529840561489	-999.9	32.5	4.90740740740742	29.5262696026942	330
SUMMERSIDE	2024	7	17	199	19.1	27.3	18.398013186966	-999.9	0.3	4.60648148148147	27.9348435357216	330
SUMMERSIDE	2024	7	18	200	19	23.7	13.8857392527935	-999.9	0.8	5.87962962962964	25.5916094026676	330
SUMMERSIDE	2024	7	19	201	16.7	26.7	20.1896024878177	-999.9	0	4.12037037037036	21.27616810896	330
SUMMERSIDE	2024	7	20	202	16.7	26.6	20.021864635424	-999.9	0	4.74537037037036	20.7222709300131	330
SUMMERSIDE	2024	7	21	203	14.5	24.7	20.2533781706387	-999.9	0	3.59953703703703	18.0448654519099	330
SUMMERSIDE	2024	7	22	204	14.2	24.9	20.6704952094965	-999.9	0	4.62962962962964	15.8372503293086	330
SUMMERSIDE	2024	7	23	205	14.3	22.3	17.8080582107401	-999.9	0	2.1412037037037	18.952209494642	330
SUMMERSIDE	2024	7	24	206	16.7	23.5	16.3564634864603	-999.9	0	2.63888888888889	19.2527950373129	330
SUMMERSIDE	2024	7	25	207	18.3	24.8	15.9296276960433	-999.9	3.4	4.375	22.2367184989233	330
SUMMERSIDE	2024	7	26	208	13.3	23.8	20.1654547468266	-999.9	0	4.56018518518519	19.3746827284027	330
SUMMERSIDE	2024	7	27	209	11	24.9	23.1065670962575	-999.9	0	2.03703703703704	16.2584729911025	330
SUMMERSIDE	2024	7	28	210	16.9	28.1	20.6538838448067	-999.9	0	5.75231481481481	21.3013272671503	330
SUMMERSIDE	2024	7	29	211	16.1	29.4	22.4095460553284	-999.9	0	5.23148148148147	22.9119756207455	330
SUMMERSIDE	2024	7	30	212	16.5	26.3	19.1506894724166	-999.9	0	6.07638888888889	21.7102153099296	330
SUMMERSIDE	2024	7	31	213	19.1	28.5	18.6701945248898	-999.9	0	6.07638888888889	25.6578593557471	330
SUMMERSIDE	2024	8	1	214	20.8	27.8	16.0360225036766	-999.9	6.7	5.54398148148147	29.2489093138666	330
SUMMERSIDE	2024	8	2	215	20.4	30.4	19.0747701716388	-999.9	0	2.99768518518519	27.1745437023735	330
SUMMERSIDE	2024	8	3	216	20.2	27.7	16.4380519600613	-999.9	0	4.6875	27.6492555249185	330
SUMMERSIDE	2024	8	4	217	20.2	27.3	15.9132097682462	-999.9	0	4.23611111111111	28.8280852472985	330
SUMMERSIDE	2024	8	5	218	16.9	28.2	19.9721577149665	-999.9	0	3.25231481481481	23.5191104424705	330
SUMMERSIDE	2024	8	6	219	14.2	22.3	16.8202885483426	-999.9	2.6	3.76157407407408	16.6029801840248	330
SUMMERSIDE	2024	8	7	220	12.1	25.6	21.5978616951085	-999.9	0	2.88194444444444	15.9781224969917	330
SUMMERSIDE	2024	8	8	221	11.3	25.3	21.8730001023596	-999.9	0	2.87037037037036	13.8314175141955	330
SUMMERSIDE	2024	8	9	222	14.5	21.2	15.0462918959947	-999.9	1.6	4.23611111111111	18.6129876017269	330
SUMMERSIDE	2024	8	10	223	18.9	26.1	15.5079039849548	-999.9	0.6	7.53472222222222	27.1626132496532	330
SUMMERSIDE	2024	8	11	224	16.7	29	20.1502743681832	-999.9	0	4.94212962962964	21.8319889341113	330
SUMMERSIDE	2024	8	12	225	15.7	25.6	17.9694211222758	-999.9	0	3.81944444444444	20.8717577714468	330
SUMMERSIDE	2024	8	13	226	15.5	25.9	18.3049066155842	-999.9	1	3.06712962962964	21.8383396494262	330
SUMMERSIDE	2024	8	14	227	9.8	22	19.7020378372977	-999.9	0	4.02777777777778	14.9947726553541	330
SUMMERSIDE	2024	8	15	228	8.5	24.6	22.4890098406471	-999.9	0	1.53935185185185	13.6479662157692	330
SUMMERSIDE	2024	8	16	229	12.7	26.5	20.6856242956759	-999.9	0	2.88194444444444	17.4246030223096	330
SUMMERSIDE	2024	8	17	230	15.6	27.1	18.7583651985043	-999.9	0	4.60648148148147	19.6308970459629	330
SUMMERSIDE	2024	8	18	231	15.3	25	17.1117313250798	-999.9	0	5.32407407407408	21.1721687756953	330
SUMMERSIDE	2024	8	19	232	17.6	27.9	17.5119101256484	-999.9	0	3.17129629629631	25.3243830009519	330
SUMMERSIDE	2024	8	20	233	19.3	26.9	14.9373340446954	-999.9	0.9	5.28935185185186	26.3947273165715	330
SUMMERSIDE	2024	8	21	234	18.2	20	7.2176908710416	-999.9	2.9	5.54398148148147	22.2002784297005	330
SUMMERSIDE	2024	8	22	235	16.7	24.3	14.7234187114825	-999.9	0.8	4.20138888888889	19.4318494124286	330
SUMMERSIDE	2024	8	23	236	14.3	22.5	15.180725618594	-999.9	0.4	3.76157407407408	18.0709573171203	330
SUMMERSIDE	2024	8	24	237	15.8	28.2	18.5278006891746	-999.9	0	4.73379629629631	19.9106648324983	330
SUMMERSIDE	2024	8	25	238	17.7	29.6	18.0118123529124	-999.9	0	3.35648148148147	23.4373254049576	330
SUMMERSIDE	2024	8	26	239	16.8	26.1	15.7993638711889	-999.9	0	2.99768518518519	21.7528679922674	330
SUMMERSIDE	2024	8	27	240	16.4	27.4	17.047149405514	-999.9	0	5.12731481481481	22.219290027432	330
SUMMERSIDE	2024	8	28	241	13	22.1	15.3807087562797	-999.9	2.8	6.35416666666667	19.3769015084338	330
SUMMERSIDE	2024	8	29	242	7.6	18.9	16.9995673596304	-999.9	0	5.11574074074075	11.4308571762908	330
SUMMERSIDE	2024	8	30	243	7.2	23.5	20.2478101447231	-999.9	0	3.54166666666667	12.0773740109695	330
SUMMERSIDE	2024	8	31	244	13.4	23.5	15.8042188234424	-999.9	0	7.41898148148147	16.7233901434372	330
SUMMERSIDE	2024	9	1	245	16.6	22.8	12.2766150158672	-999.9	0.3	7.01388888888889	22.5741534387484	330
SUMMERSIDE	2024	9	2	246	12.4	22.4	15.4559421604156	-999.9	0	4.25925925925925	15.9875508512623	330
SUMMERSIDE	2024	9	3	247	12	19.8	13.5299948460706	-999.9	0	5.41666666666667	10.580988768899	330
SUMMERSIDE	2024	9	4	248	12.5	24.1	16.3522022235078	-999.9	0	3.87731481481481	13.532264718087	330
SUMMERSIDE	2024	9	5	249	15.2	26.2	15.7791114501429	-999.9	0	6.13425925925925	19.0702432766505	330
SUMMERSIDE	2024	9	6	250	14.8	22	12.6483355641647	-999.9	0	4.03935185185186	16.8933790108111	330
SUMMERSIDE	2024	9	7	251	15.9	19.3	8.6105220744959	-999.9	16.6	5.78703703703703	20.1142070000366	330
SUMMERSIDE	2024	9	8	252	10	20.9	15.2710232662248	-999.9	1.2	6.29629629629631	17.2450261635419	330
SUMMERSIDE	2024	9	9	253	7.8	19.5	15.6694834266551	-999.9	0.2	4.73379629629631	12.835888520626	330
SUMMERSIDE	2024	9	10	254	12.3	21.8	13.9821016212754	-999.9	0	4.40821256038647	13.8412645548994	330
SUMMERSIDE	2024	9	11	255	10.8	20.5	13.9890280441194	-999.9	0	2.77777777777778	13.990787553971	330
SUMMERSIDE	2024	9	12	256	11	22.2	14.8814046793147	-999.9	0	2.59259259259259	15.1417509831275	330
SUMMERSIDE	2024	9	13	257	15.1	25.4	14.1263225300495	-999.9	16.4	3.93518518518519	21.1067559740938	330
SUMMERSIDE	2024	9	14	258	7.4	17.5	13.8448829100984	-999.9	0	5.42824074074075	11.4573520593307	330
SUMMERSIDE	2024	9	15	259	6.4	20.9	16.4162284911706	-999.9	0	2.61574074074074	13.2919860822726	330
SUMMERSIDE	2024	9	16	260	15.4	27.3	14.7152134219721	-999.9	0	5.84490740740742	21.5076150688252	330
SUMMERSIDE	2024	9	17	261	17.8	29	14.1237153212717	-999.9	0	5.41666666666667	24.0957000546145	330
SUMMERSIDE	2024	9	18	262	16.3	28.9	14.8188848578351	-999.9	0	3.26388888888889	22.8192734975969	330
SUMMERSIDE	2024	9	19	263	14.5	19.5	9.2331380591161	-999.9	0	5.15046296296297	19.227528792122	330
SUMMERSIDE	2024	9	20	264	12.4	19.6	10.9574318853085	-999.9	0	7.43055555555556	13.6457076378573	330
SUMMERSIDE	2024	9	21	265	11	19.1	11.4923215949423	-999.9	0	4.03935185185186	14.0750081212443	330
SUMMERSIDE	2024	9	22	266	8.5	18.4	12.5617617352791	-999.9	0.6	4.28240740740742	13.6588450712657	330
SUMMERSIDE	2024	9	23	267	9	17.2	11.3019405229614	-999.9	0	2.70833333333333	11.6672413260805	330
SUMMERSIDE	2024	9	24	268	8.2	16.9	11.5070717708743	-999.9	0	4.49074074074075	11.7754042248751	330
SUMMERSIDE	2024	9	25	269	12.6	17.2	8.26969994604922	-999.9	0	2.80092592592592	14.176020655891	330
SUMMERSIDE	2024	9	26	270	12.3	17.1	8.34803475228633	-999.9	6.1	3.125	15.7996416220018	330
SUMMERSIDE	2024	9	27	271	12.6	15	5.83270298387955	-999.9	12.4	3.92361111111111	15.8423880141702	330
SUMMERSIDE	2024	9	28	272	8.7	17.7	11.159240565703	-999.9	0.7	5.28935185185186	14.232106408873	330
SUMMERSIDE	2024	9	29	273	8	18.8	12.0760168171135	-999.9	0	1.93287037037037	13.3000000133612	330
SUMMERSIDE	2024	9	30	274	12.3	17.3	8.11606289334693	-999.9	0	5.37037037037036	15.2751143852289	330
SUMMERSIDE	2024	10	1	275	12.3	16.6	7.43351466565983	-999.9	0	6.27314814814814	12.0395662562921	330
SUMMERSIDE	2024	10	2	276	5.8	15.6	11.0821627955995	-999.9	0	2.83564814814814	9.93709553887681	330
SUMMERSIDE	2024	10	3	277	6.2	17.7	11.853998222124	-999.9	4.9	2.93055555555556	12.6164463060332	330
SUMMERSIDE	2024	10	4	278	12.1	20	9.70036171989163	-999.9	0	3.85416666666667	16.8946497827152	330
SUMMERSIDE	2024	10	5	279	11.9	16.1	6.98252652056203	-999.9	0.5	1.43518518518519	16.0494978798385	330
SUMMERSIDE	2024	10	6	280	11.7	18.2	8.57461246629208	-999.9	0.6	3.18287037037036	16.3364260505066	330
SUMMERSIDE	2024	10	7	281	10.7	16.4	7.92542738108379	-999.9	0	3.28703703703703	14.3084320767993	330
SUMMERSIDE	2024	10	8	282	10.9	16	7.39872160184484	-999.9	17	6.18055555555556	14.965715682346	330
SUMMERSIDE	2024	10	9	283	5.9	14.3	9.37039439718596	-999.9	1	3.48379629629631	10.2243701341036	330
SUMMERSIDE	2024	10	10	284	6.5	13.8	8.61961873994262	-999.9	5.6	3.19444444444444	11.2069853720802	330
SUMMERSIDE	2024	10	11	285	8.1	13.8	7.51511748417344	-999.9	0	6.84027777777778	9.34471342659799	330
SUMMERSIDE	2024	10	12	286	8.3	12.8	6.58781316863516	-999.9	12	7.31481481481481	11.1015596001971	330
SUMMERSIDE	2024	10	13	287	6.8	13	7.62841293708459	-999.9	0	5.92592592592592	8.77688774511838	330
SUMMERSIDE	2024	10	14	288	6.9	16.6	9.41230525380776	-999.9	22.9	4.44444444444444	13.7939802489885	330
SUMMERSIDE	2024	10	15	289	6.6	14.9	8.58798550935737	-999.9	0	7.73148148148147	10.3892710671897	330
SUMMERSIDE	2024	10	16	290	3.6	7.7	5.95331145893996	-999.9	1.7	5.72916666666667	8.19346893311434	330
SUMMERSIDE	2024	10	17	291	3.4	12	8.50363621600667	-999.9	0	3.77314814814814	8.15283084309992	330
SUMMERSIDE	2024	10	18	292	1.3	12.2	9.44134711847345	-999.9	0	2.33796296296296	8.23202618065009	330
SUMMERSIDE	2024	10	19	293	5.8	17.7	9.72832790281637	-999.9	0	4.88425925925925	10.8917565503579	330
SUMMERSIDE	2024	10	20	294	7.8	18.3	9.01123757369857	-999.9	0	4.96527777777778	11.0461110135364	330
SUMMERSIDE	2024	10	21	295	10.4	19.3	8.18075447126985	-999.9	0	4.35185185185186	12.2116405458677	330
SUMMERSIDE	2024	10	22	296	4.1	12.7	7.92943358706242	-999.9	0	3.39120370370369	8.49053219301532	330
SUMMERSIDE	2024	10	23	297	10.1	18.7	7.81853521846725	-999.9	0	6.82870370370369	14.6041689567913	330
SUMMERSIDE	2024	10	24	298	9.2	16.8	7.24698844929989	-999.9	0	6.74768518518519	13.076139356353	330
SUMMERSIDE	2024	10	25	299	2.3	10.3	7.33102274464929	-999.9	0	9.97685185185186	7.15848271843469	330
SUMMERSIDE	2024	10	26	300	0.2	13	9.14303722299492	-999.9	0	4.45601851851853	7.68728653550642	330
SUMMERSIDE	2024	10	27	301	1.2	7.2	6.17201853302238	-999.9	0	6.49305555555556	4.66653678005273	330
SUMMERSIDE	2024	10	28	302	0.6	6	5.77321687134422	-999.9	0	5.79861111111111	4.88201339030079	330
SUMMERSIDE	2024	10	29	303	-4	7.5	8.30703145956564	-999.9	0	2.87037037037036	5.09381484998539	330
SUMMERSIDE	2024	10	30	304	-2.2	10	8.436507358831	-999.9	0.2	5.94907407407408	6.11028411820075	330
SUMMERSIDE	2024	10	31	305	10	17.5	6.52247760987613	-999.9	0	6.90972222222222	15.0700715984794	330
SUMMERSIDE	2024	11	1	306	3.8	13.4	7.27668683309605	-999.9	8.8	5.40509259259258	11.2196764851685	330
SUMMERSIDE	2024	11	2	307	1.5	6.2	5.02092433619794	-999.9	0.3	3.96990740740742	6.43472398288398	330
SUMMERSIDE	2024	11	3	308	-0.5	4.7	5.2083174278519	-999.9	0	4.52546296296297	4.72995755024055	330
SUMMERSIDE	2024	11	4	309	-1.5	7.6	6.79525426851506	-999.9	0	2.83564814814814	5.69816220484306	330
SUMMERSIDE	2024	11	5	310	3	11	6.28422088797991	-999.9	5.4	5.70601851851853	9.62435235114597	330
SUMMERSIDE	2024	11	6	311	5.1	18	7.87152715209765	-999.9	0.9	5.76388888888889	13.5202330330001	330
SUMMERSIDE	2024	11	7	312	3	8.2	4.9301932101222	-999.9	0	4.94212962962964	6.83905140760802	330
SUMMERSIDE	2024	11	8	313	0.7	9.3	6.25538884233113	-999.9	0.7	5.63657407407408	7.12893758789882	330
SUMMERSIDE	2024	11	9	314	1.5	5.1	3.99344953951466	-999.9	2.6	8.35648148148147	5.75669395790611	330
SUMMERSIDE	2024	11	10	315	-1.3	7.9	6.29993716688933	-999.9	0	5.18518518518519	4.91116940922097	330
SUMMERSIDE	2024	11	11	316	4.3	11.3	5.42368789875124	-999.9	8.1	4.80324074074075	9.59886163532199	330
SUMMERSIDE	2024	11	12	317	0.9	9.4	5.89958027514735	-999.9	19.7	6.75925925925925	8.82187303723858	330
SUMMERSIDE	2024	11	13	318	0.2	1.9	2.60477002745888	-999.9	0	12.4537037037037	4.49689123552167	330
SUMMERSIDE	2024	11	14	319	0.7	2.7	2.78974964899079	-999.9	1.9	11.4236111111111	5.61707278860477	330
SUMMERSIDE	2024	11	15	320	1.4	6.3	4.31251305748061	-999.9	10.7	9.93055555555556	8.11099661708065	330
SUMMERSIDE	2024	11	16	321	5.6	8	2.98127373353764	-999.9	4.8	5.46296296296297	9.92308530063295	330
SUMMERSIDE	2024	11	17	322	4.3	7.1	3.18145442548079	-999.9	0	6.45833333333333	9.18603603025027	330
SUMMERSIDE	2024	11	18	323	4.2	5.5	2.14220179610554	-999.9	3.3	6.53935185185186	8.69970173872168	330
SUMMERSIDE	2024	11	19	324	5	7.6	2.99442831960408	-999.9	7.4	9.02777777777778	9.58725364076075	330
SUMMERSIDE	2024	11	20	325	5.3	6	1.536088874842	-999.9	3.7	10.150462962963	9.1339584742678	330
SUMMERSIDE	2024	11	21	326	5.1	6	1.7224046872375	-999.9	2.7	9.12037037037036	9.1339584742678	330
SUMMERSIDE	2024	11	22	327	5.6	6.9	2.04759376556421	-999.9	4.2	8.00925925925925	9.58725364076075	330
SUMMERSIDE	2024	11	23	328	5.7	8.2	2.80942129261219	-999.9	36	9.98842592592592	9.99148405563174	330
SUMMERSIDE	2024	11	24	329	3	7.4	3.68866740185778	-999.9	10.9	5.46296296296297	8.88352528654399	330
SUMMERSIDE	2024	11	25	330	2.7	6.1	3.21000286178957	-999.9	4.2	7.48842592592592	8.40079131856388	330
SUMMERSIDE	2024	11	26	331	2.8	5.7	2.93575076252189	-999.9	0.8	4.27083333333333	8.28379310068532	330
SUMMERSIDE	2024	11	27	332	0.2	6.3	4.2176991905451	-999.9	0.5	2.77777777777778	7.59147370847267	330
SUMMERSIDE	2024	11	28	333	-0.9	5.3	4.21345248350559	-999.9	5.1	3.59953703703703	6.38773191013726	330
SUMMERSIDE	2024	11	29	334	0.3	3.7	3.09285147718393	-999.9	10.6	7.31481481481481	7.08874672649334	330
SUMMERSIDE	2024	11	30	335	-1.4	4.2	3.93587563072505	-999.9	0	4.52546296296297	5.84269721877707	330
SUMMERSIDE	2024	12	1	336	-3.5	2.8	4.14095279496216	-999.9	0.7	4.87268518518519	4.71702361767276	330
SUMMERSIDE	2024	12	2	337	-6.4	1.3	4.54273406096112	-999.9	0.3	1.875	4.33384729670449	330
SUMMERSIDE	2024	12	3	338	-7.6	0.8	4.70995858100956	-999.9	1.3	2.63888888888889	4.44916687674129	330
SUMMERSIDE	2024	12	4	339	-11.1	-2.1	4.84140985842934	-999.9	0	2.26851851851852	3.1151940747451	330
SUMMERSIDE	2024	12	5	340	-6	5.1	5.34142135744236	-999.9	7.9	5.90277777777778	5.6162140071396	330
SUMMERSIDE	2024	12	6	341	-6.6	0.8	4.33442347119675	-999.9	0.3	9.09722222222222	4.14498285310161	330
SUMMERSIDE	2024	12	7	342	-9.1	-6	2.78930124419855	-999.9	0	6.27314814814814	2.40968968052645	330
SUMMERSIDE	2024	12	8	343	-12.4	1.5	5.87493978746072	-999.9	5.7	5.48611111111111	3.61769418018212	330
SUMMERSIDE	2024	12	9	344	-9.5	-1.5	4.43514669565713	-999.9	0	5.48611111111111	3.42058167435726	330
SUMMERSIDE	2024	12	10	345	-6.5	1	4.27512766443299	-999.9	1.2	2.01388888888889	4.55102192039844	330
SUMMERSIDE	2024	12	11	346	0.4	13	5.51887297200407	-999.9	8.3	5.32407407407408	9.85510020512879	330
SUMMERSIDE	2024	12	12	347	0.8	14.1	5.64977695098679	-999.9	1.3	9.44444444444444	9.12052860830728	330
SUMMERSIDE	2024	12	13	348	-6.1	1	4.11501031427238	-999.9	0	6.55092592592592	2.73617343712241	330
SUMMERSIDE	2024	12	14	349	-8.1	-3	3.47825161379958	-999.9	0	5.24305555555556	2.68132483290264	330
SUMMERSIDE	2024	12	15	350	-6.9	-1.3	3.63666799440945	-999.9	0	4.13194444444444	3.15643500964428	330
SUMMERSIDE	2024	12	16	351	-6.1	2.3	4.44614908690199	-999.9	0	4.53703703703703	3.91859949082637	330
SUMMERSIDE	2024	12	17	352	-0.2	8.1	4.41387782863942	-999.9	0.5	7.1875	8.15462415823941	330
SUMMERSIDE	2024	12	18	353	1.5	6.2	3.31871592375552	-999.9	0	5.03472222222222	7.09097299978558	330
SUMMERSIDE	2024	12	19	354	-5.3	3.2	4.46142991513209	-999.9	7.1	4.95370370370369	5.29451099655133	330
SUMMERSIDE	2024	12	20	355	-5.9	-0.3	3.62164551953017	-999.9	0.5	3.40277777777778	4.05113513667015	330
SUMMERSIDE	2024	12	21	356	-7.9	-0.6	4.13737142025668	-999.9	4.5	10.6481481481481	4.37461365789343	330
SUMMERSIDE	2024	12	22	357	-10.1	-7.3	2.56505559964312	-999.9	0	6.26157407407408	2.59055596937878	330
SUMMERSIDE	2024	12	23	358	-17.4	-7.6	4.80605161774584	-999.9	0	4.65277777777778	1.98447820868143	330
SUMMERSIDE	2024	12	24	359	-13.7	-1.6	5.35091136635904	-999.9	5.6	5.04629629629631	3.2938651448508	330
SUMMERSIDE	2024	12	25	360	-11	-0.5	4.99678064874664	-999.9	0	4.10879629629631	3.81502323320591	330
SUMMERSIDE	2024	12	26	361	-8.3	-1.1	4.14974950049834	-999.9	0	3.39120370370369	4.15436027553154	330
SUMMERSIDE	2024	12	27	362	-12.8	-1.7	5.16981294656349	-999.9	0	1.79398148148148	3.44008324848878	330
SUMMERSIDE	2024	12	28	363	-10	0.6	5.07130460457105	-999.9	0.2	1.71296296296296	4.1814421547723	330
SUMMERSIDE	2024	12	29	364	-5.5	1.9	4.25529341194893	-999.9	0	2.5	5.38004670630064	330
SUMMERSIDE	2024	12	30	365	1.3	8.3	4.15815347728945	-999.9	4.3	6.34259259259258	8.63917870775207	330
SUMMERSIDE	2024	12	31	366	-2.3	8.2	5.11884756564143	-999.9	0.3	5.60185185185186	7.35940789862624	330
