SUMMERSIDE	2008	1	1	1	-12.3	-4.5	4.41187098820624	-999.9	0	5.06944444444445	2.79055791861538	330
SUMMERSIDE	2008	1	2	2	-13	-1.9	5.29229669310746	-999.9	5.7	10.7407407407407	3.26508345378245	330
SUMMERSIDE	2008	1	3	3	-15.9	-10.9	3.57319659975915	-999.9	0	6.53935185185186	1.85038472778387	330
SUMMERSIDE	2008	1	4	4	-20	-7.8	5.61719697423596	-999.9	0	5.76388888888889	1.67481441604196	330
SUMMERSIDE	2008	1	5	5	-10.7	-3.9	4.22218270839674	-999.9	0	4.375	2.97842044975253	330
SUMMERSIDE	2008	1	6	6	-4.5	-0.3	3.34211387132093	-999.9	0	3.70370370370369	4.64487018170585	330
SUMMERSIDE	2008	1	7	7	-0.5	3.1	3.1176625843316	-999.9	0	6.04166666666667	6.21101115619849	330
SUMMERSIDE	2008	1	8	8	0.7	4.1	3.05394830840809	-999.9	0.6	3.99305555555556	7.10550754047403	330
SUMMERSIDE	2008	1	9	9	1.9	7.4	3.91657774695916	-999.9	1.1	7.54629629629631	8.37885079275349	330
SUMMERSIDE	2008	1	10	10	-1.2	4.6	4.05692516558603	-999.9	0	7.31481481481481	4.81917670540615	330
SUMMERSIDE	2008	1	11	11	-6.1	3.3	5.21139984094308	-999.9	8.5	3.77314814814814	4.51344491983952	330
SUMMERSIDE	2008	1	12	12	-1.2	4.6	4.13197010050539	-999.9	0	5.75231481481481	6.44387815018015	330
SUMMERSIDE	2008	1	13	13	-8.2	-1.1	4.61599740193332	-999.9	0	5.23148148148147	3.23718729857803	330
SUMMERSIDE	2008	1	14	14	-9.6	-2.4	4.69495600259522	-999.9	2.6	6.12268518518519	3.39084726868207	330
SUMMERSIDE	2008	1	15	15	-3	-1.4	2.23606783845298	-999.9	2.6	8.83101851851853	4.99274181096998	330
SUMMERSIDE	2008	1	16	16	-4.7	-2.5	2.64985372821922	-999.9	0	7.77777777777778	4.20858098362599	330
SUMMERSIDE	2008	1	17	17	-14.1	-4.5	5.59567713785804	-999.9	0	4.02777777777778	2.48935854465365	330
SUMMERSIDE	2008	1	18	18	-7.4	2.8	5.83229486568988	-999.9	9.8	8.26388888888889	4.65779644165319	330
SUMMERSIDE	2008	1	19	19	-6.7	-2.2	3.91813011739945	-999.9	0	7.00231481481481	3.09762970857955	330
SUMMERSIDE	2008	1	20	20	-19.4	-4.8	7.13983302990779	-999.9	0.6	5.10416666666667	1.98964934845876	330
SUMMERSIDE	2008	1	21	21	-22.2	-16.8	4.39388133149052	-999.9	0	7.15277777777778	0.781969453711521	330
SUMMERSIDE	2008	1	22	22	-20.1	-1.6	8.23138448705869	-999.9	1.2	6.37731481481481	1.96357700496256	330
SUMMERSIDE	2008	1	23	23	-15.6	-5	6.30763133637247	-999.9	0	2.84722222222222	2.4504342619985	330
SUMMERSIDE	2008	1	24	24	-21.3	-8	7.15403948982731	-999.9	0	3.63425925925925	1.37397100341919	330
SUMMERSIDE	2008	1	25	25	-21.5	-14.6	5.21846854937324	-999.9	0	3.63425925925925	1.07886251990614	330
SUMMERSIDE	2008	1	26	26	-24.6	-13.8	6.61301341574614	-999.9	0	3.59953703703703	1.00038499392473	330
SUMMERSIDE	2008	1	27	27	-24.6	-10.1	7.7626801271442	-999.9	0	1.57407407407407	1.24161946527401	330
SUMMERSIDE	2008	1	28	28	-10.1	-0.4	6.43309728213262	-999.9	27.8	5.49768518518519	3.82663614168529	330
SUMMERSIDE	2008	1	29	29	-2	-0.6	2.47666082029339	-999.9	3.6	1.35416666666667	5.40722406130161	330
SUMMERSIDE	2008	1	30	30	-2.9	5.4	6.1117686408741	-999.9	16	4.82638888888889	6.47507042742538	330
SUMMERSIDE	2008	1	31	31	-9.3	-0.5	6.378918810648	-999.9	0	8.68055555555556	2.62664735766423	330
SUMMERSIDE	2008	2	1	32	-11.3	-4.6	5.64246785276816	-999.9	2.7	3.28703703703703	2.38237644981448	330
SUMMERSIDE	2008	2	2	33	-7.1	4.8	7.62385851203146	-999.9	15.2	8.4375	4.90820639845844	330
SUMMERSIDE	2008	2	3	34	-11.7	-5.6	5.5344610990238	-999.9	0	3.40277777777778	2.46308627534476	330
SUMMERSIDE	2008	2	4	35	-13.6	-6.1	6.2227930768055	-999.9	0	2.2337962962963	2.45062768200775	330
SUMMERSIDE	2008	2	5	36	-15.2	-2.3	8.27608669115688	-999.9	3.9	3.95833333333333	2.79040410816449	330
SUMMERSIDE	2008	2	6	37	-8.3	-2.2	5.77161949682517	-999.9	0.6	2.85879629629631	3.81628455609011	330
SUMMERSIDE	2008	2	7	38	-12.3	-5.7	6.08878446672233	-999.9	0	5.60185185185186	2.69388989236316	330
SUMMERSIDE	2008	2	8	39	-16.8	-5.8	7.9726061187257	-999.9	0	1.62037037037037	2.37119338904404	330
SUMMERSIDE	2008	2	9	40	-13.5	-3.9	7.55441269509228	-999.9	0.6	1.75925925925926	2.90391896721239	330
SUMMERSIDE	2008	2	10	41	-7.7	-1.3	6.25645628408803	-999.9	10	4.91898148148147	4.09290363269712	330
SUMMERSIDE	2008	2	11	42	-9.2	-3.3	6.09321512803304	-999.9	2.5	7.51157407407408	3.44504053006622	330
SUMMERSIDE	2008	2	12	43	-13.5	-6.8	6.58635841239845	-999.9	0	6.43518518518519	2.20675302511301	330
SUMMERSIDE	2008	2	13	44	-15.6	5.4	11.8278871643254	-999.9	23	5.23148148148147	3.8010511502815	330
SUMMERSIDE	2008	2	14	45	-8	5.8	9.725805794126	-999.9	2.1	6.77083333333333	4.89712999894484	330
SUMMERSIDE	2008	2	15	46	-9.6	-1.3	7.65084719803913	-999.9	0.6	5.53240740740742	3.42737865731674	330
SUMMERSIDE	2008	2	16	47	-18.1	-9.6	7.85339312854138	-999.9	0	5.92592592592592	1.43906084308786	330
SUMMERSIDE	2008	2	17	48	-20.5	-2.7	11.527241376035	-999.9	0.6	4.13194444444444	1.97294985881068	330
SUMMERSIDE	2008	2	18	49	-3	6.7	8.63090111194189	-999.9	12.4	9.18981481481481	6.69807297309677	330
SUMMERSIDE	2008	2	19	50	-1.6	6.3	7.89993364354488	-999.9	2.7	6.74768518518519	6.06004364230334	330
SUMMERSIDE	2008	2	20	51	-11.4	-0.6	9.36792911134875	-999.9	0	7.52314814814814	2.5778944985253	330
SUMMERSIDE	2008	2	21	52	-14.2	-8.9	6.65535500908999	-999.9	0	4.80324074074075	1.4662532658577	330
SUMMERSIDE	2008	2	22	53	-14.9	-5.2	9.13057524983733	-999.9	0.6	4.36342592592592	1.84246351929914	330
SUMMERSIDE	2008	2	23	54	-15	-5.8	9.01696375509253	-999.9	0.6	3.07870370370369	2.46013275425809	330
SUMMERSIDE	2008	2	24	55	-13.4	-1.7	10.3106602440808	-999.9	0	4.65277777777778	2.65991555971677	330
SUMMERSIDE	2008	2	25	56	-8	1.5	9.42005445855348	-999.9	0	3.94675925925925	3.63816158601985	330
SUMMERSIDE	2008	2	26	57	-7.6	-0.3	8.37182340215967	-999.9	0.7	3.34490740740742	4.10328537639322	330
SUMMERSIDE	2008	2	27	58	-6.1	2	8.93995261547397	-999.9	11.1	5.37037037037036	5.0012925037321	330
SUMMERSIDE	2008	2	28	59	-14	-6	9.00610560693909	-999.9	1.2	4.72222222222222	2.45772767464422	330
SUMMERSIDE	2008	2	29	60	-22	-11.2	10.6063703228553	-999.9	0	2.93981481481481	1.16730980150816	330
SUMMERSIDE	2008	3	1	61	-23	-0.5	15.5156839967352	-999.9	4.4	5.96064814814814	2.1046675516651	330
SUMMERSIDE	2008	3	2	62	-8.2	-0.1	9.4342474419218	-999.9	5.6	9.78009259259258	4.0833159158318	330
SUMMERSIDE	2008	3	3	63	-11	-0.3	10.9875425865923	-999.9	0	6.36574074074075	2.71119438116023	330
SUMMERSIDE	2008	3	4	64	-8.1	6	12.7796688331113	-999.9	0	8.81944444444445	4.49827941107897	330
SUMMERSIDE	2008	3	5	65	-9.8	5.6	13.5309365811925	-999.9	8.7	7.88194444444445	4.43999005701775	330
SUMMERSIDE	2008	3	6	66	-6	1.5	9.56556022686184	-999.9	0	6.09953703703703	3.86493406035137	330
SUMMERSIDE	2008	3	7	67	-7.1	3.6	11.5727767533977	-999.9	0.8	3.75	4.10901067193712	330
SUMMERSIDE	2008	3	8	68	-3	1.7	7.76806798763452	-999.9	35.1	3.54166666666667	5.52134005575183	330
SUMMERSIDE	2008	3	9	69	-10.3	1.6	12.5172059789556	-999.9	12.8	3.59722222222222	4.08693490470917	330
SUMMERSIDE	2008	3	10	70	-12.4	-6.2	9.14850255131773	-999.9	0	3.13657407407408	2.33733664879694	330
SUMMERSIDE	2008	3	11	71	-12.6	-2.3	11.9383005500497	-999.9	0	4.80324074074075	2.56833796676994	330
SUMMERSIDE	2008	3	12	72	-6.3	1.2	10.3127109361176	-999.9	0	4.79166666666667	3.87712606727385	330
SUMMERSIDE	2008	3	13	73	-13.3	-1.7	12.981870880405	-999.9	0	7.24537037037036	2.60915150994222	330
SUMMERSIDE	2008	3	14	74	-13.3	-7.4	9.3701676137401	-999.9	0	2.58101851851852	2.06172598621724	330
SUMMERSIDE	2008	3	15	75	-9.9	-5.7	8.00028255336923	-999.9	0	5	2.62329361505012	330
SUMMERSIDE	2008	3	16	76	-10.1	-5.3	8.65378733461321	-999.9	0	5.04629629629631	2.79153276981908	330
SUMMERSIDE	2008	3	17	77	-8.6	-2.9	9.54053913611293	-999.9	0	11.7824074074074	3.09586561022891	330
SUMMERSIDE	2008	3	18	78	-11	-6.8	8.28427336540273	-999.9	0	10.6481481481481	2.15950262188278	330
SUMMERSIDE	2008	3	19	79	-10.5	-3.8	10.5829155949877	-999.9	0	4.07407407407408	2.78965987626801	330
SUMMERSIDE	2008	3	20	80	-5.6	3.8	12.6769096986606	-999.9	16.7	4.15509259259258	5.28791151578264	330
SUMMERSIDE	2008	3	21	81	-8.7	-0.3	12.117515784214	-999.9	0.6	9.53703703703703	3.92794110383785	330
SUMMERSIDE	2008	3	22	82	-8.9	-6.3	6.81596964340392	-999.9	0	7.92824074074075	2.74091353217144	330
SUMMERSIDE	2008	3	23	83	-11.2	-5.6	10.1121659740046	-999.9	0	8.29861111111111	2.03888790936341	330
SUMMERSIDE	2008	3	24	84	-13.7	-4	13.4520075005413	-999.9	0	3.41435185185186	1.78172038355099	330
SUMMERSIDE	2008	3	25	85	-10.9	-7.2	8.39643096947098	-999.9	0	4.46759259259258	1.93933729948153	330
SUMMERSIDE	2008	3	26	86	-9.8	1.5	14.8274689389685	-999.9	0	7.30324074074075	3.71023057733293	330
SUMMERSIDE	2008	3	27	87	-4.6	1.4	10.9163754366188	-999.9	0	6.42361111111111	3.36693795691046	330
SUMMERSIDE	2008	3	28	88	-4.7	-0.8	8.89100976339483	-999.9	0	4.40972222222222	4.51732752921752	330
SUMMERSIDE	2008	3	29	89	-8	-1.9	11.2315681737658	-999.9	0.6	3.77314814814814	2.99160128157412	330
SUMMERSIDE	2008	3	30	90	-9.2	-2.5	11.8880384507683	-999.9	0	5.71759259259258	3.34100944589758	330
SUMMERSIDE	2008	3	31	91	-9.6	2	15.7957276677182	-999.9	0	4.45601851851853	3.54709311297289	330
SUMMERSIDE	2008	4	1	92	-0.9	3.9	10.2591068940507	-999.9	9.9	5.94907407407408	6.62857589701547	330
SUMMERSIDE	2008	4	2	93	-3.6	4.3	13.2868238587512	-999.9	3.2	10.1157407407407	4.38323028121477	330
SUMMERSIDE	2008	4	3	94	-5.4	3.4	14.1549403220561	-999.9	0	10.7291666666667	2.6579538815197	330
SUMMERSIDE	2008	4	4	95	-1.5	7	14.040275263065	-999.9	0.6	5.38194444444445	4.80279122019219	330
SUMMERSIDE	2008	4	5	96	-0.3	1.4	6.33622327644684	-999.9	2.7	4.82638888888889	6.09774474248812	330
SUMMERSIDE	2008	4	6	97	-3.3	1.5	10.7425386421064	-999.9	0	4.27083333333333	5.2448035414692	330
SUMMERSIDE	2008	4	7	98	-3.7	1.9	11.7058004582	-999.9	0	3.63425925925925	4.86401643503376	330
SUMMERSIDE	2008	4	8	99	-2.7	3.3	12.2220514965148	-999.9	0	2.8125	5.080784646125	330
SUMMERSIDE	2008	4	9	100	-3.2	12.2	19.7483541434909	-999.9	0	3.27546296296297	5.50241857722418	330
SUMMERSIDE	2008	4	10	101	0.1	6.3	12.6359892873886	-999.9	0.8	5.89120370370369	5.90912593324759	330
SUMMERSIDE	2008	4	11	102	0.4	8.1	14.1985027670907	-999.9	0	4.52546296296297	6.00979570697876	330
SUMMERSIDE	2008	4	12	103	-0.1	3.1	9.22777571996085	-999.9	6.6	3.32070707070708	6.31406440092476	330
SUMMERSIDE	2008	4	13	104	-1.4	0.2	6.57730701287347	-999.9	0.6	2.93981481481481	5.77723141107109	330
SUMMERSIDE	2008	4	14	105	-1.3	3.6	11.600952351259	-999.9	0	4.6875	5.40790501214486	330
SUMMERSIDE	2008	4	15	106	-2.3	8.1	17.0318307992004	-999.9	0	4.16666666666667	4.295349753413	330
SUMMERSIDE	2008	4	16	107	-2.5	12.3	20.4722868456238	-999.9	0	4.57175925925925	4.97695436969369	330
SUMMERSIDE	2008	4	17	108	1.1	15.9	20.6252476568449	-999.9	0	6.78240740740742	5.64624687270309	330
SUMMERSIDE	2008	4	18	109	0.3	11.3	17.9118177507273	-999.9	0	3.92361111111111	6.58724043138219	330
SUMMERSIDE	2008	4	19	110	-2.5	4.5	14.3916224078233	-999.9	0	5.46296296296297	5.55878726588586	330
SUMMERSIDE	2008	4	20	111	-2.2	7.1	16.7056072811827	-999.9	0	1.99074074074074	5.52483822573435	330
SUMMERSIDE	2008	4	21	112	0.5	11.5	18.2944800114817	-999.9	0	2.1875	7.39901647982159	330
SUMMERSIDE	2008	4	22	113	-0.3	15.4	22.0049104608765	-999.9	0	2.52314814814815	8.24587143595589	330
SUMMERSIDE	2008	4	23	114	0.2	7.3	14.8966416821519	-999.9	2.8	3.84259259259258	6.78894386112931	330
SUMMERSIDE	2008	4	24	115	-1.1	1.9	9.74659364091413	-999.9	13.2	5.03472222222222	5.95750758341683	330
SUMMERSIDE	2008	4	25	116	-1.1	3.6	12.2777297531876	-999.9	1.1	6.92129629629631	5.79525826107529	330
SUMMERSIDE	2008	4	26	117	-0.6	7	15.7107521906556	-999.9	0	5.49768518518519	6.5878551504034	330
SUMMERSIDE	2008	4	27	118	-0.9	7.2	16.3191723163664	-999.9	0	4.10879629629631	6.63288931647062	330
SUMMERSIDE	2008	4	28	119	-0.9	6.8	16.0070417315284	-999.9	0	4.47916666666667	7.00264943575979	330
SUMMERSIDE	2008	4	29	120	1.2	15	21.5556080835063	-999.9	1	4.84126984126983	9.5015037377346	330
SUMMERSIDE	2008	4	30	121	5.7	9.6	11.5350512406863	-999.9	11.06	5.04629629629631	10.0796938155615	330
SUMMERSIDE	2008	5	1	122	-0.1	5.7	14.1460096940079	-999.9	18.36	3.50694444444444	6.95365968693594	330
SUMMERSIDE	2008	5	2	123	3.7	5.2	7.22775877203459	-999.9	0.2	2.53086419753086	7.91223529132993	330
SUMMERSIDE	2008	5	3	124	-0.2	8.1	17.0936362547259	-999.9	0	3.29861111111111	7.35141409924755	330
SUMMERSIDE	2008	5	4	125	-1.5	13.9	23.4066587203676	-999.9	0	1.93287037037037	7.58133897794932	330
SUMMERSIDE	2008	5	5	126	6.7	15.3	17.5816026808841	-999.9	0	2.1412037037037	9.6212103372339	330
SUMMERSIDE	2008	5	6	127	5.4	16.5	20.0746361724669	-999.9	0	2.11805555555556	9.61571877882223	330
SUMMERSIDE	2008	5	7	128	4.1	20.4	24.445785561164	-999.9	0	2.60416666666667	10.3170585768341	330
SUMMERSIDE	2008	5	8	129	4.3	11.9	16.7721328897599	-999.9	8.1	3.93518518518519	9.75627639286773	330
SUMMERSIDE	2008	5	9	130	4	10.3	15.3415991451767	-999.9	0.2	5.98379629629631	8.73730084944093	330
SUMMERSIDE	2008	5	10	131	3.7	8.2	13.0248663516204	-999.9	0	7.78935185185186	8.4045940764975	330
SUMMERSIDE	2008	5	11	132	3.8	6.9	10.8583185729964	-999.9	0	9.67592592592592	7.61924383283022	330
SUMMERSIDE	2008	5	12	133	3.3	7.8	13.1386576378062	-999.9	0	8.22916666666667	7.600214613797	330
SUMMERSIDE	2008	5	13	134	3.6	7.4	12.1240599540393	-999.9	0	8.28703703703703	6.75394602875076	330
SUMMERSIDE	2008	5	14	135	2.8	10	16.7564813300361	-999.9	0	6.34259259259258	6.99886396162012	330
SUMMERSIDE	2008	5	15	136	3.7	10.8	16.7053295294799	-999.9	0	5.26620370370369	8.38656143748066	330
SUMMERSIDE	2008	5	16	137	3.8	11.7	17.6887818953939	-999.9	0	3.51851851851853	9.44832598236953	330
SUMMERSIDE	2008	5	17	138	4.4	9.2	13.839262324988	-999.9	16	5.11574074074075	9.27808475609181	330
SUMMERSIDE	2008	5	18	139	5.3	16.6	21.3102787515768	-999.9	2.5	5.13888888888889	10.8787772135048	330
SUMMERSIDE	2008	5	19	140	6.5	13.8	17.1877400179049	-999.9	13	6.55092592592592	10.4179532575879	330
SUMMERSIDE	2008	5	20	141	6	13.4	17.3632370416629	-999.9	0.2	7.15277777777778	9.64170392043689	330
SUMMERSIDE	2008	5	21	142	4	9	14.3188312600964	-999.9	6.8	4.84953703703703	8.60657089184795	330
SUMMERSIDE	2008	5	22	143	3.1	17.5	24.3759743583823	-999.9	0	3.59953703703703	10.1104538626189	330
SUMMERSIDE	2008	5	23	144	4.6	9.6	14.4070322025257	-999.9	3.5	4.86111111111111	9.33298167557752	330
SUMMERSIDE	2008	5	24	145	5.9	9.7	12.5962393049371	-999.9	0.3	3.81944444444444	8.89488608180899	330
SUMMERSIDE	2008	5	25	146	4	17.1	23.452832158228	-999.9	0	4.05092592592592	8.30969157991299	330
SUMMERSIDE	2008	5	26	147	9.1	17.8	19.163769754288	-999.9	0.9	9.59490740740742	10.2150035651456	330
SUMMERSIDE	2008	5	27	148	8.9	19.1	20.8034018822669	-999.9	6.2	8.53009259259258	12.7058524882055	330
SUMMERSIDE	2008	5	28	149	6.2	14.8	19.1490789424957	-999.9	0	5.87962962962964	7.96762650731853	330
SUMMERSIDE	2008	5	29	150	6.5	16.3	20.4893260519484	-999.9	2	6.35416666666667	9.21451931101106	330
SUMMERSIDE	2008	5	30	151	4.8	17.4	23.284536624904	-999.9	0	4.79166666666667	7.52934859473033	330
SUMMERSIDE	2008	5	31	152	5.9	14.6	19.3892717253117	-999.9	14.6	6.36574074074075	9.59156587277995	330
SUMMERSIDE	2008	6	1	153	11	19.9	19.6502643019429	-999.9	0	5.75231481481481	15.403836155974	330
SUMMERSIDE	2008	6	2	154	8.4	14.2	15.8931876326452	-999.9	0	2.07175925925926	12.391615510444	330
SUMMERSIDE	2008	6	3	155	7.6	21.2	24.3804828376461	-999.9	6.3	4.12037037037036	13.348265329398	330
SUMMERSIDE	2008	6	4	156	9.7	12.5	11.0810271623593	-999.9	7.8	2.37268518518519	12.2503938956846	330
SUMMERSIDE	2008	6	5	157	3.9	13.9	20.9740154415313	-999.9	0	5.03472222222222	8.76380156726212	330
SUMMERSIDE	2008	6	6	158	3.6	18.6	25.7252920072197	-999.9	0.2	3.48379629629631	8.60181087621173	330
SUMMERSIDE	2008	6	7	159	10.5	21.3	21.8580931800086	-999.9	0	5.37037037037036	13.0221740348665	330
SUMMERSIDE	2008	6	8	160	12.8	21.1	19.1857088600006	-999.9	0.3	5.63657407407408	16.8200346727037	330
SUMMERSIDE	2008	6	9	161	10.9	17.3	16.866306004599	-999.9	0.2	4.94212962962964	14.2827772127273	330
SUMMERSIDE	2008	6	10	162	10.6	17.3	17.2747362477995	-999.9	0	3.47222222222222	13.6420731978627	330
SUMMERSIDE	2008	6	11	163	11.5	22.4	22.0538404220828	-999.9	2.8	5.54398148148147	15.7662493679078	330
SUMMERSIDE	2008	6	12	164	11.8	20	19.1437865281047	-999.9	0	5.96064814814814	12.6442815788343	330
SUMMERSIDE	2008	6	13	165	10.8	14.6	13.0411441064197	-999.9	0	8.51851851851853	8.3860644247476	330
SUMMERSIDE	2008	6	14	166	8.6	13.4	14.6656253937415	-999.9	0	7.39583333333333	10.2692142298102	330
SUMMERSIDE	2008	6	15	167	9.2	13.7	14.2067729957673	-999.9	0	5.11574074074075	12.2219416110861	330
SUMMERSIDE	2008	6	16	168	9.8	14.7	14.8302893506838	-999.9	0	3.51851851851853	12.621042075721	330
SUMMERSIDE	2008	6	17	169	9.4	16.4	17.7303058625773	-999.9	0	2.96296296296297	13.4639350228241	330
SUMMERSIDE	2008	6	18	170	10.3	20.4	21.3008421054938	-999.9	2.4	4.21296296296297	15.2467697362724	330
SUMMERSIDE	2008	6	19	171	12.3	20.3	18.9584680842661	-999.9	0	3.29861111111111	16.134626528799	330
SUMMERSIDE	2008	6	20	172	11	23.3	23.5064081314671	-999.9	0	3.125	14.5387999936401	330
SUMMERSIDE	2008	6	21	173	11.5	20.4	19.992058434516	-999.9	0.7	3.83101851851853	15.5548896986724	330
SUMMERSIDE	2008	6	22	174	11.7	24.5	23.9689839064205	-999.9	0	4.98842592592592	15.8223044453812	330
SUMMERSIDE	2008	6	23	175	15.5	25	20.6415315008315	-999.9	0.2	5.27777777777778	20.3194879278457	330
SUMMERSIDE	2008	6	24	176	16.7	24.4	18.5743788786677	-999.9	2.7	4.91898148148147	19.9378075209735	330
SUMMERSIDE	2008	6	25	177	15	23.6	19.6182530834363	-999.9	1.3	4.71064814814814	14.3020557099882	330
SUMMERSIDE	2008	6	26	178	13.5	19.4	16.2380031818071	-999.9	2.1	3.46064814814814	16.4356693265851	330
SUMMERSIDE	2008	6	27	179	12.1	14.7	10.7706552920647	-999.9	12.7	5.625	14.5926982738475	330
SUMMERSIDE	2008	6	28	180	11.4	16	14.3131925979583	-999.9	0	5.01157407407408	13.3262934816378	330
SUMMERSIDE	2008	6	29	181	11.2	13.7	10.5410297195017	-999.9	22.9	3.96990740740742	13.5035145256421	330
SUMMERSIDE	2008	6	30	182	13.4	22.3	19.8662881658345	-999.9	1.8	5.25462962962964	18.816358841687	330
SUMMERSIDE	2008	7	1	183	15.5	25.3	20.8207651707314	-999.9	0	5.67129629629631	20.2749073374307	330
SUMMERSIDE	2008	7	2	184	15.6	25.7	21.1086006595811	-999.9	0	5.35879629629631	20.4083267631214	330
SUMMERSIDE	2008	7	3	185	16.5	23.7	17.7964450519975	-999.9	0	8.51851851851853	18.5145743687042	330
SUMMERSIDE	2008	7	4	186	14.5	22.6	18.8465068372961	-999.9	0	3.55324074074075	14.5332534487463	330
SUMMERSIDE	2008	7	5	187	11.8	24.2	23.2794966351505	-999.9	0	3.66898148148147	13.4868480149241	330
SUMMERSIDE	2008	7	6	188	14	25.2	22.0850871667655	-999.9	0	4.78009259259258	15.8787181977674	330
SUMMERSIDE	2008	7	7	189	14.1	24.8	21.545782379173	-999.9	0	5.78703703703703	17.8572110000528	330
SUMMERSIDE	2008	7	8	190	15	27.3	23.0545179935646	-999.9	0.95	4.88095238095239	18.8575192304795	330
SUMMERSIDE	2008	7	9	191	18.1	24.9	17.10581678253	-999.9	0	7.73148148148147	21.8435747037175	330
SUMMERSIDE	2008	7	10	192	16.5	22.6	16.165636841248	-999.9	0	6.99074074074075	20.0869602201324	330
SUMMERSIDE	2008	7	11	193	12.7	22.2	20.1270824141393	-999.9	0	3.65740740740742	14.5494092068939	330
SUMMERSIDE	2008	7	12	194	12.5	22.8	20.906495468447	-999.9	0	2.75462962962963	14.624007955069	330
SUMMERSIDE	2008	7	13	195	12.1	24.7	23.0644913223821	-999.9	0	6.26157407407408	14.2194793979888	330
SUMMERSIDE	2008	7	14	196	16.1	22.5	16.3944497284468	-999.9	1.9	7.61574074074075	18.8165225418246	330
SUMMERSIDE	2008	7	15	197	15.8	25.5	20.1276523775362	-999.9	0	5.24305555555556	19.3153883428742	330
SUMMERSIDE	2008	7	16	198	14.7	27.8	23.3235862237265	-999.9	0	4.14351851851853	16.6388912478379	330
SUMMERSIDE	2008	7	17	199	15.9	27.1	21.5017105370346	-999.9	0	4.27083333333333	16.1466502598697	330
SUMMERSIDE	2008	7	18	200	16.4	25.3	19.1079932918219	-999.9	1.7	2.00231481481481	17.9310957704578	330
SUMMERSIDE	2008	7	19	201	14.2	21.5	17.2500039272386	-999.9	2.3	1.68981481481481	18.0784624165228	330
SUMMERSIDE	2008	7	20	202	15	24.3	19.4056590995143	-999.9	0	3.13657407407408	18.8005922726795	330
SUMMERSIDE	2008	7	21	203	16.6	21.2	13.6011710340898	-999.9	9.1	4.43287037037036	19.2391071111222	330
SUMMERSIDE	2008	7	22	204	16.2	20.3	12.7953131973071	-999.9	0.2	5.79861111111111	17.2100843878921	330
SUMMERSIDE	2008	7	23	205	14.5	21.3	16.4182184371978	-999.9	0.4	4.375	17.6065519120574	330
SUMMERSIDE	2008	7	24	206	15.1	27.6	22.1763444525748	-999.9	0	3.95833333333333	21.1557304395385	330
SUMMERSIDE	2008	7	25	207	19.7	28.3	18.323067140785	-999.9	5.7	5.63657407407408	24.7321522549417	330
SUMMERSIDE	2008	7	26	208	15.6	24.8	18.8758833267821	-999.9	7.7	4.54861111111111	19.9863014116479	330
SUMMERSIDE	2008	7	27	209	15.4	26.1	20.2730885158792	-999.9	0	5.12731481481481	18.6947023196472	330
SUMMERSIDE	2008	7	28	210	15.9	23.2	16.6745510233136	-999.9	0	4.80324074074075	17.9398979638237	330
SUMMERSIDE	2008	7	29	211	15.5	25.1	19.0389439475732	-999.9	0.8	3.14814814814814	20.4789346207567	330
SUMMERSIDE	2008	7	30	212	13.7	22.3	17.9399241304814	-999.9	12.8	2.17592592592593	18.2875442353453	330
SUMMERSIDE	2008	7	31	213	12.5	24.7	21.2698697989547	-999.9	0	2.34953703703704	18.2270846769286	330
SUMMERSIDE	2008	8	1	214	15.6	25.2	18.7794666373708	-999.9	0	3.87731481481481	19.4225991654814	330
SUMMERSIDE	2008	8	2	215	15.1	18.6	11.2847862179704	-999.9	6.6	4.23611111111111	17.5997461112354	330
SUMMERSIDE	2008	8	3	216	15.6	20.7	13.5551649021449	-999.9	21.1	5.76388888888889	18.9735135829853	330
SUMMERSIDE	2008	8	4	217	12.8	16.6	11.6418074409068	-999.9	12.4	7.89351851851853	15.9045993829983	330
SUMMERSIDE	2008	8	5	218	12.7	17.4	12.8805584919179	-999.9	2.2	7.04861111111111	15.7813550628111	330
SUMMERSIDE	2008	8	6	219	11	17	14.4765994280298	-999.9	0	5.13888888888889	13.9028775384101	330
SUMMERSIDE	2008	8	7	220	10	19.3	17.9260806423565	-999.9	0.5	3.40277777777778	14.603123146642	330
SUMMERSIDE	2008	8	8	221	9.9	21.7	20.081000215268	-999.9	0.6	2.74305555555556	14.2908950211316	330
SUMMERSIDE	2008	8	9	222	12.8	20.5	16.1301142698896	-999.9	3	2.96296296296297	16.9561819780136	330
SUMMERSIDE	2008	8	10	223	13.4	22	16.9486878370199	-999.9	0	2.58101851851852	17.9538081441432	330
SUMMERSIDE	2008	8	11	224	16	22.6	14.7604764419166	-999.9	0	2.58101851851852	18.3482168538748	330
SUMMERSIDE	2008	8	12	225	14.5	19.3	12.5122988313863	-999.9	7.1	2.74305555555556	16.6734436843283	330
SUMMERSIDE	2008	8	13	226	14.1	22.1	16.0544651398644	-999.9	3.5	4.17824074074075	17.4644876085756	330
SUMMERSIDE	2008	8	14	227	13.7	21.3	15.550273419033	-999.9	0	2.63888888888889	16.2980156038122	330
SUMMERSIDE	2008	8	15	228	14.8	23.2	16.2441518083233	-999.9	0	3.44907407407408	17.7141218024749	330
SUMMERSIDE	2008	8	16	229	14	19	12.4512826372333	-999.9	1.7	4.29398148148147	16.9460938398331	330
SUMMERSIDE	2008	8	17	230	10.6	25.2	21.1359851146943	-999.9	0.8	4.94212962962964	16.8085941499612	330
SUMMERSIDE	2008	8	18	231	8.9	24.5	21.7005321885683	-999.9	0	4.87268518518519	13.059123268245	330
SUMMERSIDE	2008	8	19	232	11.3	21.1	17.0815762989857	-999.9	18.7	4.86111111111111	16.2555020053476	330
SUMMERSIDE	2008	8	20	233	11	16.5	12.7071349414595	-999.9	1.2	4.89583333333333	12.1062248408284	330
SUMMERSIDE	2008	8	21	234	10.5	23.7	19.5455992763775	-999.9	0.2	3.86574074074075	13.6557613483861	330
SUMMERSIDE	2008	8	22	235	13.3	27.5	20.1254703490692	-999.9	0	3.15972222222222	17.7079556666185	330
SUMMERSIDE	2008	8	23	236	15.1	26.1	17.5825534834178	-999.9	0	5.10416666666667	18.4150625473758	330
SUMMERSIDE	2008	8	24	237	14.1	23.9	16.4712312839157	-999.9	0	6.21527777777778	14.5334855058188	330
SUMMERSIDE	2008	8	25	238	14.4	24.4	16.5114013126689	-999.9	18.2	3.69212962962964	19.7256645046736	330
SUMMERSIDE	2008	8	26	239	12	18.9	13.6088890197254	-999.9	0.2	3.54166666666667	13.761054968608	330
SUMMERSIDE	2008	8	27	240	12.6	20	13.9820639688495	-999.9	0	6.85185185185186	13.1418510169699	330
SUMMERSIDE	2008	8	28	241	14.8	21.5	13.1975420304119	-999.9	0.3	6.46990740740742	16.6389844923599	330
SUMMERSIDE	2008	8	29	242	14	19.3	11.6422409088759	-999.9	0.2	5.78703703703703	16.6141951932788	330
SUMMERSIDE	2008	8	30	243	14.7	20.6	12.1817663007893	-999.9	0	3.72685185185186	17.4030778329731	330
SUMMERSIDE	2008	8	31	244	14.4	22.1	13.7993207652048	-999.9	0.4	4.22453703703703	16.5325912908228	330
SUMMERSIDE	2008	9	1	245	13	16	8.53971583669643	-999.9	41.9	10.0231481481481	15.1686101542268	330
SUMMERSIDE	2008	9	2	246	11.6	19.7	13.910347944374	-999.9	0	4.65277777777778	15.3488266658764	330
SUMMERSIDE	2008	9	3	247	11.6	19.8	13.8725805762363	-999.9	0	3.54166666666667	15.7890701142414	330
SUMMERSIDE	2008	9	4	248	15.1	22.4	12.9720521140544	-999.9	13.02	3.99691358024692	17.2121563281102	330
SUMMERSIDE	2008	9	5	249	10.9	19.8	14.1932288196253	-999.9	0.2	2.86111111111111	13.3467309273938	330
SUMMERSIDE	2008	9	6	250	16.9	23.9	12.4714270535024	-999.9	1.2	7.74305555555556	20.6559392260669	330
SUMMERSIDE	2008	9	7	251	16.2	20.4	9.57006023185608	-999.9	58.8	4.91898148148147	20.1312234557757	330
SUMMERSIDE	2008	9	8	252	13.4	21	12.7515120605168	-999.9	1.1	4.40972222222222	16.4105370905063	330
SUMMERSIDE	2008	9	9	253	14.2	23.3	13.8191854399258	-999.9	0.3	5.72916666666667	16.9404412382878	330
SUMMERSIDE	2008	9	10	254	7.2	18.1	14.9769679548637	-999.9	0	5.67129629629631	10.3520282459338	330
SUMMERSIDE	2008	9	11	255	7.7	19.5	15.4291740206464	-999.9	0	2.73148148148148	11.0636237096563	330
SUMMERSIDE	2008	9	12	256	9.1	18.5	13.6332325363088	-999.9	0	5.24305555555556	12.1656337958815	330
SUMMERSIDE	2008	9	13	257	13.6	17.1	8.23463829459204	-999.9	0	3.87731481481481	14.6612000872557	330
SUMMERSIDE	2008	9	14	258	14.2	19.4	9.93413990721359	-999.9	0.2	4.81481481481481	16.7200445372586	330
SUMMERSIDE	2008	9	15	259	11	24.1	15.6036081330317	-999.9	0.2	8.79629629629631	16.451720585212	330
SUMMERSIDE	2008	9	16	260	9.7	13.8	8.63743939074271	-999.9	0.03	2.79513888888889	11.1241496896248	330
SUMMERSIDE	2008	9	17	261	5.8	20	15.9031851862511	-999.9	0.01	3.54166666666667	11.803155291447	330
SUMMERSIDE	2008	9	18	262	4.8	14.9	13.2675562609756	-999.9	1.5	4.67592592592592	8.90956162963761	330
SUMMERSIDE	2008	9	19	263	3.1	14.1	13.6949569010324	-999.9	0	3.34490740740742	6.995224382492	330
SUMMERSIDE	2008	9	20	264	9.2	18.7	12.5864812754001	-999.9	0	7.37268518518519	11.361707040769	330
SUMMERSIDE	2008	9	21	265	3	14.6	13.7528990678567	-999.9	0	4.0625	9.29708151193992	330
SUMMERSIDE	2008	9	22	266	2.3	14.9	14.1715785048644	-999.9	0	2.00231481481481	7.94259597845886	330
SUMMERSIDE	2008	9	23	267	2.8	14	13.2085487254492	-999.9	0	3.41435185185186	6.73339326550916	330
SUMMERSIDE	2008	9	24	268	3.7	15.3	13.2872219689973	-999.9	0	2.87037037037036	8.87714210985423	330
SUMMERSIDE	2008	9	25	269	5.7	20.6	14.8834622567811	-999.9	0	5.70601851851853	10.6962976355713	330
SUMMERSIDE	2008	9	26	270	10.4	20.2	11.9282482072383	-999.9	0	5.40509259259258	11.2000722105608	330
SUMMERSIDE	2008	9	27	271	13.3	18.2	8.33416857683305	-999.9	4.5	5.57870370370369	15.7327509560015	330
SUMMERSIDE	2008	9	28	272	16.3	20.5	7.62321257748385	-999.9	9.3	6.33101851851853	18.4251162062358	330
SUMMERSIDE	2008	9	29	273	11.3	17.6	9.22321019299702	-999.9	8	7.16435185185186	14.9544813223593	330
SUMMERSIDE	2008	9	30	274	6	13	9.60305512033895	-999.9	0.9	3.63425925925925	10.94864085625	330
SUMMERSIDE	2008	10	1	275	7.3	16	10.5735202436662	-999.9	0	2.33796296296296	11.8439555182099	330
SUMMERSIDE	2008	10	2	276	9.8	15.8	8.67135792727766	-999.9	5.5	7.44212962962964	13.0112006569922	330
SUMMERSIDE	2008	10	3	277	7.9	16.3	10.131076170747	-999.9	3.2	9.07407407407408	9.68602261606242	330
SUMMERSIDE	2008	10	4	278	7.6	13.7	8.52391874229981	-999.9	0	8.07870370370369	8.93584972618391	330
SUMMERSIDE	2008	10	5	279	7	13.4	8.61941786657496	-999.9	0.7	3.57638888888889	9.57972713341416	330
SUMMERSIDE	2008	10	6	280	3.6	12.3	9.92013195352451	-999.9	0	3.09027777777778	8.15514624945622	330
SUMMERSIDE	2008	10	7	281	5.2	11.4	8.26572796246023	-999.9	0	4.66435185185186	7.71851059155705	330
SUMMERSIDE	2008	10	8	282	5.7	13.4	9.09111100363774	-999.9	0	4.71064814814814	8.61194263405069	330
SUMMERSIDE	2008	10	9	283	7.5	14.2	8.36865431780754	-999.9	3.9	5.49768518518519	11.8704590871437	330
SUMMERSIDE	2008	10	10	284	10.1	17.5	8.67845641096765	-999.9	0	5.83333333333333	11.4527263352439	330
SUMMERSIDE	2008	10	11	285	3	15.2	10.9945703327592	-999.9	0	3.55324074074075	9.24077745719381	330
SUMMERSIDE	2008	10	12	286	4.1	14.7	10.11085657274	-999.9	0	1.71296296296296	9.97225188605706	330
SUMMERSIDE	2008	10	13	287	1.6	12.5	10.1146672081144	-999.9	1.3	5.06944444444445	8.301994923305	330
SUMMERSIDE	2008	10	14	288	0	14	11.3076967796732	-999.9	1.5	5.11574074074075	7.90152621163334	330
SUMMERSIDE	2008	10	15	289	7.3	14.1	7.77332298375203	-999.9	0	4.36342592592592	9.97477683290287	330
SUMMERSIDE	2008	10	16	290	6.6	14	7.99802091710558	-999.9	6.2	3.83101851851853	10.9962323503237	330
SUMMERSIDE	2008	10	17	291	2.8	12.3	8.93752459417473	-999.9	0.5	4.24768518518519	8.25460646925669	330
SUMMERSIDE	2008	10	18	292	-1.6	9.1	9.35432823777865	-999.9	0.2	2.71990740740741	5.8929240831157	330
SUMMERSIDE	2008	10	19	293	-2.7	9.4	9.80973792382031	-999.9	0	2.43055555555556	5.74531957275708	330
SUMMERSIDE	2008	10	20	294	-3.6	9.6	10.1036142257879	-999.9	0	3.24074074074075	6.13683272563188	330
SUMMERSIDE	2008	10	21	295	5.7	10.2	5.81707431325133	-999.9	2.5	7.32638888888889	8.40648812615934	330
SUMMERSIDE	2008	10	22	296	2.9	6.7	5.27089953759062	-999.9	4.3	11.5625	7.24611114112705	330
SUMMERSIDE	2008	10	23	297	-0.2	6.8	7.05383328688545	-999.9	0.2	6.26157407407408	5.11526154166221	330
SUMMERSIDE	2008	10	24	298	-0.2	11.3	8.91455550017475	-999.9	0	3.68055555555556	6.13116962585226	330
SUMMERSIDE	2008	10	25	299	-1.4	14	10.1713812670128	-999.9	0	4.24768518518519	7.44610032765752	330
SUMMERSIDE	2008	10	26	300	7.8	15.2	6.95186552914443	-999.9	0.3	8.79629629629631	9.93423029233661	330
SUMMERSIDE	2008	10	27	301	13.4	17	4.78082499817584	-999.9	9.8	5.99537037037036	15.9987872435603	330
SUMMERSIDE	2008	10	28	302	13	16.7	4.7788330022286	-999.9	0.4	9.75694444444444	15.1825181224592	330
SUMMERSIDE	2008	10	29	303	4.4	13.6	7.43003481392722	-999.9	0.9	8.61111111111111	8.21801224742617	330
SUMMERSIDE	2008	10	30	304	2.7	7.4	5.2363866057332	-999.9	0.2	6.21527777777778	6.11649863915208	330
SUMMERSIDE	2008	10	31	305	2.9	7.7	5.21798208790091	-999.9	0	5.10416666666667	6.45571097865154	330
SUMMERSIDE	2008	11	1	306	0.7	6.9	5.84781887629118	-999.9	0	5.86805555555556	4.51365768325206	330
SUMMERSIDE	2008	11	2	307	-1.7	4	5.52932574054979	-999.9	0.4	5.43981481481481	3.77911876815693	330
SUMMERSIDE	2008	11	3	308	-2.2	8.2	7.36567314361232	-999.9	0	6.06481481481481	4.69063338563801	330
SUMMERSIDE	2008	11	4	309	5.3	9.2	4.44853815027743	-999.9	0.6	3.75	7.77040590329841	330
SUMMERSIDE	2008	11	5	310	8.5	12.8	4.60723830410324	-999.9	0	7.28009259259258	11.3366864598454	330
SUMMERSIDE	2008	11	6	311	9	15.8	5.7150311128049	-999.9	0	4.6875	12.7042878512768	330
SUMMERSIDE	2008	11	7	312	9.6	15.5	5.25155929272251	-999.9	15.3	3.31018518518519	14.1722698374578	330
SUMMERSIDE	2008	11	8	313	7.7	10.4	3.50499148782522	-999.9	0.2	2.46527777777778	11.2475396993369	330
SUMMERSIDE	2008	11	9	314	8.6	16	5.72549197940444	-999.9	2.4	4.79166666666667	13.6922447933854	330
SUMMERSIDE	2008	11	10	315	3.1	9.1	5.08765823213521	-999.9	0.4	4.67592592592592	8.1358908826641	330
SUMMERSIDE	2008	11	11	316	1.5	6.3	4.49124026826016	-999.9	1.6	6.33101851851853	7.18499116996394	330
SUMMERSIDE	2008	11	12	317	0.7	5.7	4.52477151993256	-999.9	0	3.66898148148147	5.9766771823484	330
SUMMERSIDE	2008	11	13	318	-0.3	6.8	5.32321613098653	-999.9	0	2.31481481481481	5.54288315249148	330
SUMMERSIDE	2008	11	14	319	4.7	9.7	4.41098149623308	-999.9	0.2	5.99537037037036	7.81512464110985	330
SUMMERSIDE	2008	11	15	320	9.5	16	4.9669416874731	-999.9	11.9	6.63194444444445	13.8398607748805	330
SUMMERSIDE	2008	11	16	321	5.3	17.4	6.69404947816857	-999.9	12	11.0300925925926	11.8987978863117	330
SUMMERSIDE	2008	11	17	322	-1.6	7.3	5.67207146358871	-999.9	0.2	7.84722222222222	4.55042550856436	330
SUMMERSIDE	2008	11	18	323	-2.1	3.7	4.52483450648319	-999.9	0.2	3.07870370370369	4.59039098299282	330
SUMMERSIDE	2008	11	19	324	-1.2	4.3	4.3552049005431	-999.9	8.8	12.1875	6.4036079378605	330
SUMMERSIDE	2008	11	20	325	-5.2	-1.2	3.67195473938288	-999.9	0.2	6.79398148148147	4.22310437318651	330
SUMMERSIDE	2008	11	21	326	-8.6	-2	4.66429394248082	-999.9	0.7	5.27777777777778	3.08649777162984	330
SUMMERSIDE	2008	11	22	327	-7.2	0.2	4.88526337318146	-999.9	7.8	10.6712962962963	4.44764812158437	330
SUMMERSIDE	2008	11	23	328	-7.5	-4.8	2.91963625120209	-999.9	0.9	9.0625	3.27014131823562	330
SUMMERSIDE	2008	11	24	329	-15.6	-4.3	5.91129157124637	-999.9	0	4.62962962962964	2.22873938886029	330
SUMMERSIDE	2008	11	25	330	-16	-0.3	6.89788242125472	-999.9	5.5	2.99768518518519	2.85920561700849	330
SUMMERSIDE	2008	11	26	331	-1.5	4.6	4.25779846350329	-999.9	1.52	5.91787439613528	5.89431937561685	330
SUMMERSIDE	2008	11	27	332	-0.7	3.1	3.32891329078913	-999.9	1.1	2.1875	6.59602648464291	330
SUMMERSIDE	2008	11	28	333	0.9	3.8	2.88165015755148	-999.9	1	4.35185185185186	6.90188521146985	330
SUMMERSIDE	2008	11	29	334	0	6.1	4.14270991819666	-999.9	5.8	6.18055555555556	6.64040315239279	330
SUMMERSIDE	2008	11	30	335	-1.7	2.4	3.36774563268418	-999.9	0	3.32175925925925	5.00978211720824	330
SUMMERSIDE	2008	12	1	336	-0.3	12.2	5.83290645548702	-999.9	22.6	5.87962962962964	8.88194997842147	330
SUMMERSIDE	2008	12	2	337	0.7	7.7	4.33132698001813	-999.9	0	7.14120370370369	6.57180919321035	330
SUMMERSIDE	2008	12	3	338	-2.1	4.3	4.11118889858725	-999.9	0	2.73148148148148	5.39959230866211	330
SUMMERSIDE	2008	12	4	339	-1.7	8.3	5.10329407967669	-999.9	0.2	6.88657407407408	6.35277256694084	330
SUMMERSIDE	2008	12	5	340	-6.4	4.7	5.34142135744236	-999.9	0.2	5.56712962962964	3.84858415120593	330
SUMMERSIDE	2008	12	6	341	-9	-0.9	4.5347984445817	-999.9	0	3.26388888888889	2.74980223993657	330
SUMMERSIDE	2008	12	7	342	-4	3.3	4.28031768663749	-999.9	10	5.33564814814814	5.15419905564559	330
SUMMERSIDE	2008	12	8	343	-9.2	0.4	4.88238065575113	-999.9	0.7	9.56018518518519	3.79329611128451	330
SUMMERSIDE	2008	12	9	344	-11.4	3.5	6.05279729297511	-999.9	1.3	7.53472222222222	3.68077639978872	330
SUMMERSIDE	2008	12	10	345	-1.1	11	5.43014143733688	-999.9	22.9	9.29398148148147	8.16560849161785	330
SUMMERSIDE	2008	12	11	346	-2	-0.3	2.02716727248318	-999.9	2.9	4.25925925925925	4.84729309709332	330
SUMMERSIDE	2008	12	12	347	-0.6	14.4	5.99999808232127	-999.9	22.4	6.20370370370369	9.58349845669345	330
SUMMERSIDE	2008	12	13	348	-8.6	2.8	5.21427796990603	-999.9	0.2	6.25	4.14291656055271	330
SUMMERSIDE	2008	12	14	349	-9.6	0.9	4.99080448608461	-999.9	0	5.74074074074075	3.44610055679499	330
SUMMERSIDE	2008	12	15	350	0.8	11.3	4.97971273673781	-999.9	0	9.12037037037036	8.20680905984955	330
SUMMERSIDE	2008	12	16	351	-6.9	10.7	6.43577292109619	-999.9	0.2	7.90509259259258	4.59246159188684	330
SUMMERSIDE	2008	12	17	352	-7.4	-1.4	3.75281267878368	-999.9	9.1	4.16666666666667	3.45718126598082	330
SUMMERSIDE	2008	12	18	353	-11.1	-2.2	4.56684375632545	-999.9	0.2	4.84953703703703	3.13322517212769	330
SUMMERSIDE	2008	12	19	354	-16.3	-7.5	4.53947834021892	-999.9	0.2	5.71759259259258	1.79311224061908	330
SUMMERSIDE	2008	12	20	355	-15.2	-8.1	4.07794252899592	-999.9	0.2	6.44675925925925	1.88704253603713	330
SUMMERSIDE	2008	12	21	356	-20.6	-4.2	6.2013323050862	-999.9	1.6	3.36805555555556	1.88077797204024	330
SUMMERSIDE	2008	12	22	357	-8.9	-0.5	4.44280662282094	-999.9	2.2	13.3217592592593	3.83659955910671	330
SUMMERSIDE	2008	12	23	358	-12.6	-8.7	3.03184989993996	-999.9	0	7.46527777777778	1.8532892986483	330
SUMMERSIDE	2008	12	24	359	-11.5	2.9	5.83735785420986	-999.9	3.8	4.78009259259258	3.91687016157621	330
SUMMERSIDE	2008	12	25	360	-9.7	7.5	6.39528434789147	-999.9	14.6	10.3587962962963	4.15371026416526	330
SUMMERSIDE	2008	12	26	361	-13.4	-9.7	2.9747912483362	-999.9	0	4.96527777777778	1.78610549015927	330
SUMMERSIDE	2008	12	27	362	-14.4	-0.1	5.86788182853181	-999.9	0.6	3.96990740740742	2.61574002719321	330
SUMMERSIDE	2008	12	28	363	-0.1	7.7	4.35024849713425	-999.9	4.8	9.09722222222222	7.73530182891896	330
SUMMERSIDE	2008	12	29	364	-4.5	4.8	4.77040361489347	-999.9	0	7.07175925925925	4.25270604005546	330
SUMMERSIDE	2008	12	30	365	-4.9	-1.4	2.94025852100579	-999.9	0	3.53009259259258	3.91394888558004	330
SUMMERSIDE	2008	12	31	366	-8.7	-4	3.42473108963503	-999.9	1.4	3.35648148148147	3.10147008337604	330
